04-07-2017-16:01:11:709 0 800 1
04-07-2017-16:01:11:761 800 1600 1
04-07-2017-16:01:11:813 1600 2374 1
04-07-2017-16:01:11:858 2374 3148 1
04-07-2017-16:01:11:906 3148 3922 1
04-07-2017-16:01:11:958 3922 4694 1
04-07-2017-16:01:12:001 4694 5466 1
04-07-2017-16:01:12:049 5466 6238 1
04-07-2017-16:01:12:101 6238 6987 1
04-07-2017-16:01:12:153 6987 7736 1
04-07-2017-16:01:12:201 7736 8485 1
04-07-2017-16:01:12:246 8485 9234 1
04-07-2017-16:01:12:298 9234 9983 1
04-07-2017-16:01:12:334 9983 10732 1
04-07-2017-16:01:12:379 10732 11481 1
04-07-2017-16:01:12:427 11481 12230 1
04-07-2017-16:01:12:473 12230 12979 1
04-07-2017-16:01:12:521 12979 13728 1
04-07-2017-16:01:12:568 13728 14477 1
04-07-2017-16:01:12:614 14477 15226 1
04-07-2017-16:01:12:660 15226 15975 1
04-07-2017-16:01:12:708 15975 16724 1
04-07-2017-16:01:12:759 16724 17454 1
04-07-2017-16:01:12:800 17454 18184 1
04-07-2017-16:01:12:847 18184 18914 1
04-07-2017-16:01:12:895 18914 19644 1
04-07-2017-16:01:12:945 19644 20374 1
04-07-2017-16:01:12:980 20374 21104 1
04-07-2017-16:01:13:026 21104 21834 1
04-07-2017-16:01:13:074 21834 22564 1
04-07-2017-16:01:13:119 22564 23294 1
04-07-2017-16:01:13:167 23294 24024 1
04-07-2017-16:01:13:213 24024 24754 1
04-07-2017-16:01:13:261 24754 25484 1
04-07-2017-16:01:13:306 25484 26214 1
04-07-2017-16:01:13:354 26214 26944 1
04-07-2017-16:01:13:387 26944 27674 1
04-07-2017-16:01:13:435 27674 28404 1
04-07-2017-16:01:13:483 28404 29134 1
04-07-2017-16:01:13:529 29134 29864 1
04-07-2017-16:01:13:575 29864 30594 1
04-07-2017-16:01:13:623 30594 31324 1
04-07-2017-16:01:13:668 31324 32054 1
04-07-2017-16:01:13:716 32054 32784 1
04-07-2017-16:01:13:762 32784 33514 1
04-07-2017-16:01:13:808 33514 34244 1
04-07-2017-16:01:13:855 34244 34974 1
04-07-2017-16:01:13:891 34974 35704 1
04-07-2017-16:01:13:937 35704 36434 1
04-07-2017-16:01:13:983 36434 37164 1
04-07-2017-16:01:14:031 37164 37894 1
04-07-2017-16:01:14:076 37894 38624 1
04-07-2017-16:01:14:124 38624 39354 1
04-07-2017-16:01:14:170 39354 40084 1
04-07-2017-16:01:14:218 40084 40814 1
04-07-2017-16:01:14:263 40814 41544 1
04-07-2017-16:01:14:311 41544 42274 1
04-07-2017-16:01:14:357 42274 43004 1
04-07-2017-16:01:14:392 43004 43734 1
04-07-2017-16:01:14:438 43734 44464 1
04-07-2017-16:01:14:486 44464 45194 1
04-07-2017-16:01:14:532 45194 45924 1
04-07-2017-16:01:14:579 45924 46654 1
04-07-2017-16:01:14:625 46654 47384 1
04-07-2017-16:01:14:672 47384 48114 1
04-07-2017-16:01:14:718 48114 48844 1
04-07-2017-16:01:14:765 48844 49574 1
04-07-2017-16:01:14:948 49574 50304 1
04-07-2017-16:01:14:949 50304 51034 1
04-07-2017-16:01:14:950 51034 51764 1
04-07-2017-16:01:14:950 51764 52494 1
04-07-2017-16:01:14:987 52494 53224 1
04-07-2017-16:01:15:033 53224 53954 1
04-07-2017-16:01:15:081 53954 54684 1
04-07-2017-16:01:15:126 54684 55414 1
04-07-2017-16:01:15:174 55414 56144 1
04-07-2017-16:01:15:220 56144 56874 1
04-07-2017-16:01:15:268 56874 57604 1
04-07-2017-16:01:15:313 57604 58334 1
04-07-2017-16:01:15:361 58334 59064 1
04-07-2017-16:01:15:407 59064 59794 1
04-07-2017-16:01:15:442 59794 60524 1
04-07-2017-16:01:15:488 60524 61254 1
04-07-2017-16:01:15:535 61254 61984 1
04-07-2017-16:01:15:581 61984 62714 1
04-07-2017-16:01:15:629 62714 63444 1
04-07-2017-16:01:15:675 63444 64174 1
04-07-2017-16:01:15:727 64174 64904 1
04-07-2017-16:01:15:762 64904 65634 1
04-07-2017-16:01:15:808 65634 66364 1
04-07-2017-16:01:15:853 66364 67094 1
04-07-2017-16:01:15:901 67094 67824 1
04-07-2017-16:01:15:947 67824 68554 1
04-07-2017-16:01:15:995 68554 69284 1
04-07-2017-16:01:16:040 69284 70014 1
04-07-2017-16:01:16:088 70014 70744 1
04-07-2017-16:01:16:134 70744 71474 1
04-07-2017-16:01:16:181 71474 72204 1
04-07-2017-16:01:16:227 72204 72934 1
04-07-2017-16:01:16:262 72934 73664 1
04-07-2017-16:01:16:310 73664 74394 1
04-07-2017-16:01:16:356 74394 75124 1
04-07-2017-16:01:16:402 75124 75854 1
04-07-2017-16:01:16:449 75854 76584 1
04-07-2017-16:01:16:495 76584 77314 1
04-07-2017-16:01:16:543 77314 78044 1
04-07-2017-16:01:16:590 78044 78774 1
04-07-2017-16:01:16:636 78774 79504 1
04-07-2017-16:01:16:683 79504 80234 1
04-07-2017-16:01:16:729 80234 80964 1
04-07-2017-16:01:16:765 80964 81694 1
04-07-2017-16:01:16:811 81694 82424 1
04-07-2017-16:01:16:858 82424 83154 1
04-07-2017-16:01:16:904 83154 83884 1
04-07-2017-16:01:16:952 83884 84614 1
04-07-2017-16:01:16:998 84614 85344 1
04-07-2017-16:01:17:045 85344 86074 1
04-07-2017-16:01:17:091 86074 86804 1
04-07-2017-16:01:17:139 86804 87534 1
04-07-2017-16:01:17:185 87534 88264 1
04-07-2017-16:01:17:230 88264 88994 1
04-07-2017-16:01:17:278 88994 89724 1
04-07-2017-16:01:17:311 89724 90454 1
04-07-2017-16:01:17:359 90454 91184 1
04-07-2017-16:01:17:405 91184 91914 1
04-07-2017-16:01:17:453 91914 92644 1
04-07-2017-16:01:17:499 92644 93374 1
04-07-2017-16:01:17:546 93374 94104 1
04-07-2017-16:01:17:593 94104 94834 1
04-07-2017-16:01:17:639 94834 95564 1
04-07-2017-16:01:17:685 95564 96294 1
04-07-2017-16:01:17:733 96294 97024 1
04-07-2017-16:01:17:779 97024 97754 1
04-07-2017-16:01:17:814 97754 98484 1
04-07-2017-16:01:17:860 98484 99214 1
04-07-2017-16:01:17:908 99214 99944 1
04-07-2017-16:01:18:092 99944 100674 1
04-07-2017-16:01:18:093 100674 101404 1
04-07-2017-16:01:18:093 101404 102134 1
04-07-2017-16:01:18:093 102134 102864 1
04-07-2017-16:01:18:142 102864 103594 1
04-07-2017-16:01:18:187 103594 104324 1
04-07-2017-16:01:18:235 104324 105054 1
04-07-2017-16:01:18:281 105054 105784 1
04-07-2017-16:01:18:316 105784 106514 1
04-07-2017-16:01:18:362 106514 107244 1
04-07-2017-16:01:18:409 107244 107974 1
04-07-2017-16:01:18:455 107974 108704 1
04-07-2017-16:01:18:503 108704 109434 1
04-07-2017-16:01:18:549 109434 110164 1
04-07-2017-16:01:18:596 110164 110894 1
04-07-2017-16:01:18:642 110894 111624 1
04-07-2017-16:01:18:690 111624 112354 1
04-07-2017-16:01:18:727 112354 113084 1
04-07-2017-16:01:18:773 113084 113814 1
04-07-2017-16:01:18:821 113814 114544 1
04-07-2017-16:01:18:866 114544 115274 1
04-07-2017-16:01:18:914 115274 116004 1
04-07-2017-16:01:18:960 116004 116734 1
04-07-2017-16:01:19:008 116734 117464 1
04-07-2017-16:01:19:053 117464 118194 1
04-07-2017-16:01:19:101 118194 118924 1
04-07-2017-16:01:19:147 118924 119654 1
04-07-2017-16:01:19:182 119654 120384 1
04-07-2017-16:01:19:230 120384 121114 1
04-07-2017-16:01:19:276 121114 121844 1
04-07-2017-16:01:19:321 121844 122574 1
04-07-2017-16:01:19:369 122574 123304 1
04-07-2017-16:01:19:415 123304 124034 1
04-07-2017-16:01:19:463 124034 124764 1
04-07-2017-16:01:19:508 124764 125494 1
04-07-2017-16:01:19:556 125494 126224 1
04-07-2017-16:01:19:603 126224 126954 1
04-07-2017-16:01:19:649 126954 127684 1
04-07-2017-16:01:19:684 127684 128414 1
04-07-2017-16:01:19:730 128414 129144 1
04-07-2017-16:01:19:778 129144 129874 1
04-07-2017-16:01:19:823 129874 130604 1
04-07-2017-16:01:19:871 130604 131334 1
04-07-2017-16:01:19:921 131334 132064 1
04-07-2017-16:01:19:967 132064 132794 1
04-07-2017-16:01:20:014 132794 133524 1
04-07-2017-16:01:20:060 133524 134254 1
04-07-2017-16:01:20:096 134254 134984 1
04-07-2017-16:01:20:141 134984 135714 1
04-07-2017-16:01:20:189 135714 136444 1
04-07-2017-16:01:20:239 136444 137174 1
04-07-2017-16:01:20:287 137174 137904 1
04-07-2017-16:01:20:332 137904 138634 1
04-07-2017-16:01:20:378 138634 139364 1
04-07-2017-16:01:20:413 139364 140094 1
04-07-2017-16:01:20:461 140094 140824 1
04-07-2017-16:01:20:507 140824 141554 1
04-07-2017-16:01:20:559 141554 142284 1
04-07-2017-16:01:20:598 142284 143014 1
04-07-2017-16:01:20:648 143014 143744 1
04-07-2017-16:01:20:688 143744 144474 1
04-07-2017-16:01:20:736 144474 145204 1
04-07-2017-16:01:20:781 145204 145934 1
04-07-2017-16:01:20:829 145934 146664 1
04-07-2017-16:01:20:875 146664 147394 1
04-07-2017-16:01:20:923 147394 148124 1
04-07-2017-16:01:20:969 148124 148854 1
04-07-2017-16:01:21:015 148854 149584 1
04-07-2017-16:01:21:063 149584 150314 1
04-07-2017-16:01:21:214 150314 151044 1
04-07-2017-16:01:21:215 151044 151774 1
04-07-2017-16:01:21:215 151774 152504 1
04-07-2017-16:01:21:235 152504 153234 1
04-07-2017-16:01:21:283 153234 153964 1
04-07-2017-16:01:21:330 153964 154694 1
04-07-2017-16:01:21:382 154694 155424 1
04-07-2017-16:01:21:421 155424 156154 1
04-07-2017-16:01:21:469 156154 156884 1
04-07-2017-16:01:21:514 156884 157614 1
04-07-2017-16:01:21:562 157614 158344 1
04-07-2017-16:01:21:608 158344 159074 1
04-07-2017-16:01:21:653 159074 159804 1
04-07-2017-16:01:21:701 159804 160534 1
04-07-2017-16:01:21:740 160534 161264 1
04-07-2017-16:01:21:786 161264 161994 1
04-07-2017-16:01:21:834 161994 162724 1
04-07-2017-16:01:21:880 162724 163454 1
04-07-2017-16:01:21:927 163454 164184 1
04-07-2017-16:01:21:967 164184 164914 1
04-07-2017-16:01:22:019 164914 165614 1
04-07-2017-16:01:22:056 165614 166314 1
04-07-2017-16:01:22:102 166314 167014 1
04-07-2017-16:01:22:150 167014 167714 1
04-07-2017-16:01:22:185 167714 168414 1
04-07-2017-16:01:22:231 168414 169114 1
04-07-2017-16:01:22:278 169114 169814 1
04-07-2017-16:01:22:324 169814 170514 1
04-07-2017-16:01:22:359 170514 171214 1
04-07-2017-16:01:22:405 171214 171914 1
04-07-2017-16:01:22:457 171914 172587 1
04-07-2017-16:01:22:494 172587 173260 1
04-07-2017-16:01:22:540 173260 173933 1
04-07-2017-16:01:22:576 173933 174606 1
04-07-2017-16:01:22:621 174606 175279 1
04-07-2017-16:01:22:657 175279 175952 1
04-07-2017-16:01:22:702 175952 176625 1
04-07-2017-16:01:22:750 176625 177298 1
04-07-2017-16:01:22:785 177298 177971 1
04-07-2017-16:01:22:831 177971 178644 1
04-07-2017-16:01:22:867 178644 179317 1
04-07-2017-16:01:22:912 179317 179990 1
04-07-2017-16:01:22:959 179990 180663 1
04-07-2017-16:01:22:994 180663 181336 1
04-07-2017-16:01:23:042 181336 182009 1
04-07-2017-16:01:23:090 182009 182682 1
04-07-2017-16:01:23:125 182682 183355 1
04-07-2017-16:01:23:171 183355 184028 1
04-07-2017-16:01:23:206 184028 184701 1
04-07-2017-16:01:23:250 184701 185374 1
04-07-2017-16:01:23:295 185374 186047 1
04-07-2017-16:01:23:331 186047 186720 1
04-07-2017-16:01:23:378 186720 187393 1
04-07-2017-16:01:23:455 187393 188066 1
04-07-2017-16:01:23:459 188066 188739 1
04-07-2017-16:01:23:505 188739 189412 1
04-07-2017-16:01:23:540 189412 190085 1
04-07-2017-16:01:23:588 190085 190758 1
04-07-2017-16:01:23:635 190758 191431 1
04-07-2017-16:01:23:668 191431 192104 1
04-07-2017-16:01:23:716 192104 192777 1
04-07-2017-16:01:23:764 192777 193450 1
04-07-2017-16:01:23:795 193450 194123 1
04-07-2017-16:01:23:835 194123 194796 1
04-07-2017-16:01:23:885 194796 195469 1
04-07-2017-16:01:23:920 195469 196142 1
04-07-2017-16:01:23:966 196142 196815 1
04-07-2017-16:01:24:013 196815 197488 1
04-07-2017-16:01:24:047 197488 198161 1
04-07-2017-16:01:24:094 198161 198834 1
04-07-2017-16:01:24:130 198834 199507 1
04-07-2017-16:01:24:175 199507 200180 1
04-07-2017-16:01:24:223 200180 200853 1
04-07-2017-16:01:24:258 200853 201526 1
04-07-2017-16:01:24:304 201526 202199 1
04-07-2017-16:01:24:339 202199 202872 1
04-07-2017-16:01:24:385 202872 203545 1
04-07-2017-16:01:24:433 203545 204218 1
04-07-2017-16:01:24:468 204218 204891 1
04-07-2017-16:01:24:514 204891 205564 1
04-07-2017-16:01:24:550 205564 206237 1
04-07-2017-16:01:24:597 206237 206910 1
04-07-2017-16:01:24:643 206910 207583 1
04-07-2017-16:01:24:678 207583 208256 1
04-07-2017-16:01:24:730 208256 208929 1
04-07-2017-16:01:24:763 208929 209602 1
04-07-2017-16:01:24:811 209602 210275 1
04-07-2017-16:01:24:846 210275 210948 1
04-07-2017-16:01:24:892 210948 211621 1
04-07-2017-16:01:24:927 211621 212294 1
04-07-2017-16:01:24:974 212294 212967 1
04-07-2017-16:01:25:020 212967 213640 1
04-07-2017-16:01:25:055 213640 214313 1
04-07-2017-16:01:25:134 214313 214986 1
04-07-2017-16:01:25:139 214986 215659 1
04-07-2017-16:01:25:184 215659 216332 1
04-07-2017-16:01:25:224 216332 217005 1
04-07-2017-16:01:25:267 217005 217678 1
04-07-2017-16:01:25:315 217678 218351 1
04-07-2017-16:01:25:350 218351 219024 1
04-07-2017-16:01:25:396 219024 219697 1
04-07-2017-16:01:25:442 219697 220370 1
04-07-2017-16:01:25:477 220370 221043 1
04-07-2017-16:01:25:525 221043 221716 1
04-07-2017-16:01:25:560 221716 222389 1
04-07-2017-16:01:25:606 222389 223062 1
04-07-2017-16:01:25:652 223062 223735 1
04-07-2017-16:01:25:687 223735 224408 1
04-07-2017-16:01:25:735 224408 225081 1
04-07-2017-16:01:25:768 225081 225754 1
04-07-2017-16:01:25:816 225754 226427 1
04-07-2017-16:01:25:862 226427 227100 1
04-07-2017-16:01:25:897 227100 227773 1
04-07-2017-16:01:25:943 227773 228446 1
04-07-2017-16:01:25:979 228446 229119 1
04-07-2017-16:01:26:026 229119 229792 1
04-07-2017-16:01:26:072 229792 230465 1
04-07-2017-16:01:26:107 230465 231138 1
04-07-2017-16:01:26:153 231138 231811 1
04-07-2017-16:01:26:188 231811 232484 1
04-07-2017-16:01:26:236 232484 233157 1
04-07-2017-16:01:26:282 233157 233830 1
04-07-2017-16:01:26:325 233830 234503 1
04-07-2017-16:01:26:361 234503 235176 1
04-07-2017-16:01:26:408 235176 235849 1
04-07-2017-16:01:26:442 235849 236522 1
04-07-2017-16:01:26:489 236522 237195 1
04-07-2017-16:01:26:535 237195 237868 1
04-07-2017-16:01:26:571 237868 238541 1
04-07-2017-16:01:26:617 238541 239214 1
04-07-2017-16:01:26:652 239214 239887 1
04-07-2017-16:01:26:700 239887 240560 1
04-07-2017-16:01:26:746 240560 241233 1
04-07-2017-16:01:26:781 241233 241906 1
04-07-2017-16:01:26:827 241906 242579 1
04-07-2017-16:01:26:862 242579 243252 1
04-07-2017-16:01:26:910 243252 243925 1
04-07-2017-16:01:26:956 243925 244598 1
04-07-2017-16:01:26:990 244598 245271 1
04-07-2017-16:01:27:037 245271 245944 1
04-07-2017-16:01:27:073 245944 246617 1
04-07-2017-16:01:27:118 246617 247290 1
04-07-2017-16:01:27:158 247290 247963 1
04-07-2017-16:01:27:201 247963 248636 1
04-07-2017-16:01:27:249 248636 249309 1
04-07-2017-16:01:27:283 249309 249982 1
04-07-2017-16:01:27:330 249982 250655 1
04-07-2017-16:01:27:376 250655 251328 1
04-07-2017-16:01:27:412 251328 252001 1
04-07-2017-16:01:27:457 252001 252674 1
04-07-2017-16:01:27:493 252674 253347 1
04-07-2017-16:01:27:540 253347 254020 1
04-07-2017-16:01:27:586 254020 254693 1
04-07-2017-16:01:27:622 254693 255366 1
04-07-2017-16:01:27:667 255366 256039 1
04-07-2017-16:01:27:704 256039 256712 1
04-07-2017-16:01:27:754 256712 257385 1
04-07-2017-16:01:27:789 257385 258058 1
04-07-2017-16:01:27:835 258058 258731 1
04-07-2017-16:01:27:882 258731 259404 1
04-07-2017-16:01:27:917 259404 260077 1
04-07-2017-16:01:27:969 260077 260750 1
04-07-2017-16:01:27:998 260750 261423 1
04-07-2017-16:01:28:048 261423 262096 1
04-07-2017-16:01:28:087 262096 262769 1
04-07-2017-16:01:28:135 262769 263442 1
04-07-2017-16:01:28:168 263442 264115 1
04-07-2017-16:01:28:216 264115 264788 1
04-07-2017-16:01:28:350 264788 265461 1
04-07-2017-16:01:28:351 265461 266134 1
04-07-2017-16:01:28:351 266134 266807 1
04-07-2017-16:01:28:380 266807 267480 1
04-07-2017-16:01:28:425 267480 268153 1
04-07-2017-16:01:28:461 268153 268826 1
04-07-2017-16:01:28:506 268826 269499 1
04-07-2017-16:01:28:554 269499 270172 1
04-07-2017-16:01:28:588 270172 270845 1
04-07-2017-16:01:28:636 270845 271518 1
04-07-2017-16:01:28:671 271518 272191 1
04-07-2017-16:01:28:717 272191 272864 1
04-07-2017-16:01:28:765 272864 273537 1
04-07-2017-16:01:28:798 273537 274210 1
04-07-2017-16:01:28:846 274210 274883 1
04-07-2017-16:01:28:881 274883 275556 1
04-07-2017-16:01:28:931 275556 276229 1
04-07-2017-16:01:28:970 276229 276902 1
04-07-2017-16:01:29:018 276902 277575 1
04-07-2017-16:01:29:053 277575 278248 1
04-07-2017-16:01:29:099 278248 278921 1
04-07-2017-16:01:29:134 278921 279594 1
04-07-2017-16:01:29:180 279594 280267 1
04-07-2017-16:01:29:232 280267 280940 1
04-07-2017-16:01:29:267 280940 281613 1
04-07-2017-16:01:29:301 281613 282286 1
04-07-2017-16:01:29:348 282286 282959 1
04-07-2017-16:01:29:394 282959 283632 1
04-07-2017-16:01:29:429 283632 284305 1
04-07-2017-16:01:29:476 284305 284978 1
04-07-2017-16:01:29:511 284978 285651 1
04-07-2017-16:01:29:559 285651 286324 1
04-07-2017-16:01:29:676 286324 286997 1
04-07-2017-16:01:29:677 286997 287670 1
04-07-2017-16:01:29:685 287670 288343 1
04-07-2017-16:01:29:733 288343 289016 1
04-07-2017-16:01:29:769 289016 289689 1
04-07-2017-16:01:29:814 289689 290362 1
04-07-2017-16:01:29:850 290362 291035 1
04-07-2017-16:01:29:895 291035 291708 1
04-07-2017-16:01:29:947 291708 292381 1
04-07-2017-16:01:29:982 292381 293054 1
04-07-2017-16:01:30:015 293054 293727 1
04-07-2017-16:01:30:063 293727 294400 1
04-07-2017-16:01:30:109 294400 295073 1
04-07-2017-16:01:30:144 295073 295746 1
04-07-2017-16:01:30:192 295746 296419 1
04-07-2017-16:01:30:229 296419 297092 1
