04-07-2017-16:09:41:986 0 800 1
04-07-2017-16:09:42:038 800 1600 1
04-07-2017-16:09:42:089 1600 2374 1
04-07-2017-16:09:42:139 2374 3148 1
04-07-2017-16:09:42:187 3148 3922 1
04-07-2017-16:09:42:233 3922 4696 1
04-07-2017-16:09:42:285 4696 5470 1
04-07-2017-16:09:42:330 5470 6244 1
04-07-2017-16:09:42:378 6244 7018 1
04-07-2017-16:09:42:422 7018 7792 1
04-07-2017-16:09:42:474 7792 8560 1
04-07-2017-16:09:42:525 8560 9307 1
04-07-2017-16:09:42:561 9307 10054 1
04-07-2017-16:09:42:613 10054 10800 1
04-07-2017-16:09:42:654 10800 11546 1
04-07-2017-16:09:42:702 11546 12292 1
04-07-2017-16:09:42:755 12292 12907 1
04-07-2017-16:09:42:780 12907 13522 1
04-07-2017-16:09:42:827 13522 14137 1
04-07-2017-16:09:42:863 14137 14752 1
04-07-2017-16:09:42:898 14752 15367 1
04-07-2017-16:09:42:943 15367 15982 1
04-07-2017-16:09:42:982 15982 16597 1
04-07-2017-16:09:43:018 16597 17212 1
04-07-2017-16:09:43:053 17212 17827 1
04-07-2017-16:09:43:088 17827 18442 1
04-07-2017-16:09:43:133 18442 19057 1
04-07-2017-16:09:43:169 19057 19672 1
04-07-2017-16:09:43:208 19672 20287 1
04-07-2017-16:09:43:243 20287 20902 1
04-07-2017-16:09:43:279 20902 21517 1
04-07-2017-16:09:43:326 21517 22132 1
04-07-2017-16:09:43:364 22132 22747 1
04-07-2017-16:09:43:399 22747 23362 1
04-07-2017-16:09:43:434 23362 23977 1
04-07-2017-16:09:43:482 23977 24592 1
04-07-2017-16:09:43:517 24592 25207 1
04-07-2017-16:09:43:553 25207 25822 1
04-07-2017-16:09:43:586 25822 26437 1
04-07-2017-16:09:43:634 26437 27052 1
04-07-2017-16:09:43:669 27052 27667 1
04-07-2017-16:09:43:708 27667 28282 1
04-07-2017-16:09:43:744 28282 28897 1
04-07-2017-16:09:43:779 28897 29512 1
04-07-2017-16:09:43:825 29512 30127 1
04-07-2017-16:09:43:860 30127 30742 1
04-07-2017-16:09:43:895 30742 31357 1
04-07-2017-16:09:43:941 31357 31972 1
04-07-2017-16:09:43:977 31972 32587 1
04-07-2017-16:09:44:016 32587 33202 1
04-07-2017-16:09:44:056 33202 33817 1
04-07-2017-16:09:44:091 33817 34432 1
04-07-2017-16:09:44:126 34432 35047 1
04-07-2017-16:09:44:172 35047 35662 1
04-07-2017-16:09:44:207 35662 36277 1
04-07-2017-16:09:44:243 36277 36892 1
04-07-2017-16:09:44:278 36892 37507 1
04-07-2017-16:09:44:324 37507 38122 1
04-07-2017-16:09:44:363 38122 38737 1
04-07-2017-16:09:44:398 38737 39352 1
04-07-2017-16:09:44:434 39352 39967 1
04-07-2017-16:09:44:480 39967 40582 1
04-07-2017-16:09:44:509 40582 41197 1
04-07-2017-16:09:44:554 41197 41812 1
04-07-2017-16:09:44:594 41812 42427 1
04-07-2017-16:09:44:629 42427 43042 1
04-07-2017-16:09:44:664 43042 43657 1
04-07-2017-16:09:44:712 43657 44272 1
04-07-2017-16:09:44:748 44272 44887 1
04-07-2017-16:09:44:781 44887 45502 1
04-07-2017-16:09:44:816 45502 46117 1
04-07-2017-16:09:44:864 46117 46732 1
04-07-2017-16:09:44:901 46732 47347 1
04-07-2017-16:09:44:937 47347 47962 1
04-07-2017-16:09:44:972 47962 48577 1
04-07-2017-16:09:45:018 48577 49192 1
04-07-2017-16:09:45:053 49192 49807 1
04-07-2017-16:09:45:202 49807 50422 1
04-07-2017-16:09:45:203 50422 51037 1
04-07-2017-16:09:45:203 51037 51652 1
04-07-2017-16:09:45:206 51652 52267 1
04-07-2017-16:09:45:241 52267 52882 1
04-07-2017-16:09:45:281 52882 53497 1
04-07-2017-16:09:45:326 53497 54112 1
04-07-2017-16:09:45:361 54112 54727 1
04-07-2017-16:09:45:396 54727 55342 1
04-07-2017-16:09:45:431 55342 55957 1
04-07-2017-16:09:45:479 55957 56572 1
04-07-2017-16:09:45:515 56572 57187 1
04-07-2017-16:09:45:548 57187 57802 1
04-07-2017-16:09:45:588 57802 58417 1
04-07-2017-16:09:45:633 58417 59032 1
04-07-2017-16:09:45:669 59032 59647 1
04-07-2017-16:09:45:704 59647 60262 1
04-07-2017-16:09:45:739 60262 60877 1
04-07-2017-16:09:45:785 60877 61492 1
04-07-2017-16:09:45:820 61492 62107 1
04-07-2017-16:09:45:860 62107 62722 1
04-07-2017-16:09:45:895 62722 63337 1
04-07-2017-16:09:45:941 63337 63952 1
04-07-2017-16:09:45:976 63952 64567 1
04-07-2017-16:09:46:016 64567 65182 1
04-07-2017-16:09:46:049 65182 65797 1
04-07-2017-16:09:46:084 65797 66412 1
04-07-2017-16:09:46:132 66412 67027 1
04-07-2017-16:09:46:167 67027 67642 1
04-07-2017-16:09:46:203 67642 68257 1
04-07-2017-16:09:46:240 68257 68872 1
04-07-2017-16:09:46:286 68872 69487 1
04-07-2017-16:09:46:321 69487 70102 1
04-07-2017-16:09:46:356 70102 70717 1
04-07-2017-16:09:46:392 70717 71332 1
04-07-2017-16:09:46:437 71332 71947 1
04-07-2017-16:09:46:473 71947 72562 1
04-07-2017-16:09:46:509 72562 73177 1
04-07-2017-16:09:46:548 73177 73792 1
04-07-2017-16:09:46:588 73792 74407 1
04-07-2017-16:09:46:623 74407 75022 1
04-07-2017-16:09:46:669 75022 75637 1
04-07-2017-16:09:46:704 75637 76252 1
04-07-2017-16:09:46:739 76252 76867 1
04-07-2017-16:09:46:785 76867 77482 1
04-07-2017-16:09:46:825 77482 78097 1
04-07-2017-16:09:46:860 78097 78712 1
04-07-2017-16:09:46:895 78712 79327 1
04-07-2017-16:09:46:931 79327 79942 1
04-07-2017-16:09:46:976 79942 80557 1
04-07-2017-16:09:47:012 80557 81172 1
04-07-2017-16:09:47:047 81172 81787 1
04-07-2017-16:09:47:095 81787 82402 1
04-07-2017-16:09:47:130 82402 83017 1
04-07-2017-16:09:47:168 83017 83632 1
04-07-2017-16:09:47:203 83632 84247 1
04-07-2017-16:09:47:238 84247 84862 1
04-07-2017-16:09:47:284 84862 85477 1
04-07-2017-16:09:47:319 85477 86092 1
04-07-2017-16:09:47:355 86092 86707 1
04-07-2017-16:09:47:403 86707 87322 1
04-07-2017-16:09:47:436 87322 87937 1
04-07-2017-16:09:47:471 87937 88552 1
04-07-2017-16:09:47:521 88552 89167 1
04-07-2017-16:09:47:546 89167 89782 1
04-07-2017-16:09:47:594 89782 90397 1
04-07-2017-16:09:47:629 90397 91012 1
04-07-2017-16:09:47:665 91012 91627 1
04-07-2017-16:09:47:700 91627 92242 1
04-07-2017-16:09:47:746 92242 92857 1
04-07-2017-16:09:47:781 92857 93472 1
04-07-2017-16:09:47:821 93472 94087 1
04-07-2017-16:09:47:856 94087 94702 1
04-07-2017-16:09:47:891 94702 95317 1
04-07-2017-16:09:47:937 95317 95932 1
04-07-2017-16:09:47:973 95932 96547 1
04-07-2017-16:09:48:008 96547 97162 1
04-07-2017-16:09:48:058 97162 97777 1
04-07-2017-16:09:48:085 97777 98392 1
04-07-2017-16:09:48:131 98392 99007 1
04-07-2017-16:09:48:166 99007 99622 1
04-07-2017-16:09:48:201 99622 100237 1
04-07-2017-16:09:48:365 100237 100852 1
04-07-2017-16:09:48:366 100852 101467 1
04-07-2017-16:09:48:367 101467 102082 1
04-07-2017-16:09:48:367 102082 102697 1
04-07-2017-16:09:48:392 102697 103312 1
04-07-2017-16:09:48:440 103312 103927 1
04-07-2017-16:09:48:475 103927 104542 1
04-07-2017-16:09:48:510 104542 105157 1
04-07-2017-16:09:48:546 105157 105772 1
04-07-2017-16:09:48:592 105772 106387 1
04-07-2017-16:09:48:631 106387 107002 1
04-07-2017-16:09:48:667 107002 107617 1
04-07-2017-16:09:48:702 107617 108232 1
04-07-2017-16:09:48:737 108232 108847 1
04-07-2017-16:09:48:783 108847 109462 1
04-07-2017-16:09:48:818 109462 110077 1
04-07-2017-16:09:48:854 110077 110692 1
04-07-2017-16:09:48:899 110692 111307 1
04-07-2017-16:09:48:943 111307 111922 1
04-07-2017-16:09:48:976 111922 112537 1
04-07-2017-16:09:49:016 112537 113152 1
04-07-2017-16:09:49:051 113152 113767 1
04-07-2017-16:09:49:086 113767 114382 1
04-07-2017-16:09:49:122 114382 114997 1
04-07-2017-16:09:49:167 114997 115612 1
04-07-2017-16:09:49:203 115612 116227 1
04-07-2017-16:09:49:238 116227 116842 1
04-07-2017-16:09:49:275 116842 117457 1
04-07-2017-16:09:49:323 117457 118072 1
04-07-2017-16:09:49:358 118072 118687 1
04-07-2017-16:09:49:394 118687 119302 1
04-07-2017-16:09:49:427 119302 119917 1
04-07-2017-16:09:49:475 119917 120532 1
04-07-2017-16:09:49:511 120532 121147 1
04-07-2017-16:09:49:544 121147 121762 1
04-07-2017-16:09:49:592 121762 122377 1
04-07-2017-16:09:49:629 122377 122992 1
04-07-2017-16:09:49:665 122992 123607 1
04-07-2017-16:09:49:700 123607 124222 1
04-07-2017-16:09:49:746 124222 124837 1
04-07-2017-16:09:49:781 124837 125452 1
04-07-2017-16:09:49:816 125452 126067 1
04-07-2017-16:09:49:852 126067 126682 1
04-07-2017-16:09:49:899 126682 127297 1
04-07-2017-16:09:49:937 127297 127912 1
04-07-2017-16:09:49:972 127912 128527 1
04-07-2017-16:09:50:008 128527 129142 1
04-07-2017-16:09:50:053 129142 129757 1
04-07-2017-16:09:50:089 129757 130372 1
04-07-2017-16:09:50:124 130372 130987 1
04-07-2017-16:09:50:159 130987 131602 1
04-07-2017-16:09:50:205 131602 132217 1
04-07-2017-16:09:50:241 132217 132832 1
04-07-2017-16:09:50:280 132832 133447 1
04-07-2017-16:09:50:315 133447 134062 1
04-07-2017-16:09:50:351 134062 134677 1
04-07-2017-16:09:50:396 134677 135292 1
04-07-2017-16:09:50:433 135292 135907 1
04-07-2017-16:09:50:468 135907 136522 1
04-07-2017-16:09:50:514 136522 137137 1
04-07-2017-16:09:50:549 137137 137752 1
04-07-2017-16:09:50:585 137752 138367 1
04-07-2017-16:09:50:630 138367 138982 1
04-07-2017-16:09:50:660 138982 139597 1
04-07-2017-16:09:50:705 139597 140212 1
04-07-2017-16:09:50:741 140212 140827 1
04-07-2017-16:09:50:776 140827 141442 1
04-07-2017-16:09:50:822 141442 142057 1
04-07-2017-16:09:50:857 142057 142672 1
04-07-2017-16:09:50:893 142672 143287 1
04-07-2017-16:09:50:936 143287 143902 1
04-07-2017-16:09:50:969 143902 144517 1
04-07-2017-16:09:51:005 144517 145132 1
04-07-2017-16:09:51:053 145132 145747 1
04-07-2017-16:09:51:088 145747 146362 1
04-07-2017-16:09:51:121 146362 146977 1
04-07-2017-16:09:51:169 146977 147592 1
04-07-2017-16:09:51:205 147592 148207 1
04-07-2017-16:09:51:240 148207 148822 1
04-07-2017-16:09:51:277 148822 149437 1
04-07-2017-16:09:51:317 149437 150052 1
04-07-2017-16:09:51:352 150052 150667 1
04-07-2017-16:09:51:521 150667 151282 1
04-07-2017-16:09:51:522 151282 151897 1
04-07-2017-16:09:51:523 151897 152512 1
04-07-2017-16:09:51:523 152512 153127 1
04-07-2017-16:09:51:550 153127 153742 1
04-07-2017-16:09:51:585 153742 154357 1
04-07-2017-16:09:51:625 154357 154972 1
04-07-2017-16:09:51:660 154972 155587 1
04-07-2017-16:09:51:706 155587 156202 1
04-07-2017-16:09:51:741 156202 156817 1
04-07-2017-16:09:51:776 156817 157432 1
04-07-2017-16:09:51:812 157432 158047 1
04-07-2017-16:09:51:857 158047 158662 1
04-07-2017-16:09:51:893 158662 159277 1
04-07-2017-16:09:51:928 159277 159892 1
04-07-2017-16:09:51:970 159892 160507 1
04-07-2017-16:09:52:005 160507 161122 1
04-07-2017-16:09:52:051 161122 161737 1
04-07-2017-16:09:52:086 161737 162352 1
04-07-2017-16:09:52:121 162352 162967 1
04-07-2017-16:09:52:161 162967 163582 1
04-07-2017-16:09:52:196 163582 164197 1
04-07-2017-16:09:52:242 164197 164812 1
04-07-2017-16:09:52:277 164812 165427 1
04-07-2017-16:09:52:312 165427 166042 1
04-07-2017-16:09:52:358 166042 166657 1
04-07-2017-16:09:52:393 166657 167272 1
04-07-2017-16:09:52:429 167272 167887 1
04-07-2017-16:09:52:481 167887 168502 1
04-07-2017-16:09:52:508 168502 169117 1
04-07-2017-16:09:52:543 169117 169732 1
04-07-2017-16:09:52:590 169732 170347 1
04-07-2017-16:09:52:623 170347 170962 1
04-07-2017-16:09:52:658 170962 171577 1
04-07-2017-16:09:52:706 171577 172192 1
04-07-2017-16:09:52:741 172192 172807 1
04-07-2017-16:09:52:779 172807 173422 1
04-07-2017-16:09:52:814 173422 174037 1
04-07-2017-16:09:52:850 174037 174652 1
04-07-2017-16:09:52:897 174652 175267 1
04-07-2017-16:09:52:931 175267 175882 1
04-07-2017-16:09:52:966 175882 176497 1
04-07-2017-16:09:53:014 176497 177112 1
04-07-2017-16:09:53:053 177112 177727 1
04-07-2017-16:09:53:080 177727 178342 1
04-07-2017-16:09:53:126 178342 178957 1
04-07-2017-16:09:53:161 178957 179572 1
04-07-2017-16:09:53:197 179572 180187 1
04-07-2017-16:09:53:245 180187 180802 1
04-07-2017-16:09:53:278 180802 181417 1
04-07-2017-16:09:53:313 181417 182032 1
04-07-2017-16:09:53:350 182032 182647 1
04-07-2017-16:09:53:396 182647 183262 1
04-07-2017-16:09:53:431 183262 183877 1
04-07-2017-16:09:53:466 183877 184492 1
04-07-2017-16:09:53:505 184492 185107 1
04-07-2017-16:09:53:553 185107 185722 1
04-07-2017-16:09:53:591 185722 186337 1
04-07-2017-16:09:53:626 186337 186952 1
04-07-2017-16:09:53:661 186952 187567 1
04-07-2017-16:09:53:696 187567 188182 1
04-07-2017-16:09:53:741 188182 188797 1
04-07-2017-16:09:53:777 188797 189412 1
04-07-2017-16:09:53:812 189412 190027 1
04-07-2017-16:09:53:859 190027 190642 1
04-07-2017-16:09:53:899 190642 191257 1
04-07-2017-16:09:53:934 191257 191872 1
04-07-2017-16:09:53:967 191872 192487 1
04-07-2017-16:09:54:002 192487 193102 1
04-07-2017-16:09:54:050 193102 193717 1
04-07-2017-16:09:54:085 193717 194332 1
04-07-2017-16:09:54:120 194332 194947 1
04-07-2017-16:09:54:167 194947 195562 1
04-07-2017-16:09:54:211 195562 196177 1
04-07-2017-16:09:54:234 196177 196792 1
04-07-2017-16:09:54:281 196792 197407 1
04-07-2017-16:09:54:316 197407 198022 1
04-07-2017-16:09:54:351 198022 198637 1
04-07-2017-16:09:54:397 198637 199252 1
04-07-2017-16:09:54:432 199252 199867 1
04-07-2017-16:09:54:467 199867 200482 1
04-07-2017-16:09:54:502 200482 201097 1
04-07-2017-16:09:54:733 201097 201712 1
04-07-2017-16:09:54:734 201712 202327 1
04-07-2017-16:09:54:735 202327 202942 1
04-07-2017-16:09:54:735 202942 203557 1
04-07-2017-16:09:54:735 203557 204172 1
04-07-2017-16:09:54:735 204172 204787 1
04-07-2017-16:09:54:778 204787 205402 1
04-07-2017-16:09:54:814 205402 206017 1
04-07-2017-16:09:54:849 206017 206632 1
04-07-2017-16:09:54:895 206632 207247 1
04-07-2017-16:09:54:930 207247 207862 1
04-07-2017-16:09:54:965 207862 208477 1
04-07-2017-16:09:55:011 208477 209092 1
04-07-2017-16:09:55:046 209092 209707 1
04-07-2017-16:09:55:082 209707 210322 1
04-07-2017-16:09:55:121 210322 210937 1
04-07-2017-16:09:55:157 210937 211552 1
04-07-2017-16:09:55:202 211552 212167 1
04-07-2017-16:09:55:238 212167 212782 1
04-07-2017-16:09:55:273 212782 213397 1
04-07-2017-16:09:55:319 213397 214012 1
04-07-2017-16:09:55:354 214012 214627 1
04-07-2017-16:09:55:389 214627 215242 1
04-07-2017-16:09:55:435 215242 215857 1
04-07-2017-16:09:55:470 215857 216472 1
04-07-2017-16:09:55:516 216472 217087 1
04-07-2017-16:09:55:550 217087 217702 1
04-07-2017-16:09:55:585 217702 218317 1
04-07-2017-16:09:55:620 218317 218932 1
04-07-2017-16:09:55:656 218932 219547 1
04-07-2017-16:09:55:701 219547 220162 1
04-07-2017-16:09:55:737 220162 220777 1
04-07-2017-16:09:55:772 220777 221392 1
04-07-2017-16:09:55:818 221392 222007 1
04-07-2017-16:09:55:853 222007 222622 1
04-07-2017-16:09:55:889 222622 223237 1
04-07-2017-16:09:55:926 223237 223852 1
04-07-2017-16:09:55:972 223852 224467 1
04-07-2017-16:09:56:005 224467 225082 1
04-07-2017-16:09:56:040 225082 225697 1
04-07-2017-16:09:56:088 225697 226312 1
04-07-2017-16:09:56:121 226312 226927 1
04-07-2017-16:09:56:156 226927 227542 1
04-07-2017-16:09:56:204 227542 228157 1
04-07-2017-16:09:56:238 228157 228772 1
04-07-2017-16:09:56:273 228772 229387 1
04-07-2017-16:09:56:308 229387 230002 1
04-07-2017-16:09:56:352 230002 230617 1
04-07-2017-16:09:56:387 230617 231232 1
04-07-2017-16:09:56:435 231232 231847 1
04-07-2017-16:09:56:468 231847 232462 1
04-07-2017-16:09:56:508 232462 233077 1
04-07-2017-16:09:56:541 233077 233692 1
04-07-2017-16:09:56:577 233692 234307 1
04-07-2017-16:09:56:622 234307 234922 1
04-07-2017-16:09:56:655 234922 235537 1
04-07-2017-16:09:56:695 235537 236152 1
04-07-2017-16:09:56:742 236152 236767 1
04-07-2017-16:09:56:777 236767 237382 1
04-07-2017-16:09:56:812 237382 237997 1
04-07-2017-16:09:56:848 237997 238612 1
04-07-2017-16:09:56:893 238612 239227 1
04-07-2017-16:09:56:928 239227 239842 1
04-07-2017-16:09:56:963 239842 240457 1
04-07-2017-16:09:57:011 240457 241072 1
04-07-2017-16:09:57:046 241072 241687 1
04-07-2017-16:09:57:089 241687 242302 1
04-07-2017-16:09:57:125 242302 242917 1
04-07-2017-16:09:57:160 242917 243532 1
04-07-2017-16:09:57:195 243532 244147 1
04-07-2017-16:09:57:241 244147 244762 1
04-07-2017-16:09:57:280 244762 245377 1
04-07-2017-16:09:57:315 245377 245992 1
04-07-2017-16:09:57:351 245992 246607 1
04-07-2017-16:09:57:386 246607 247222 1
04-07-2017-16:09:57:432 247222 247837 1
04-07-2017-16:09:57:467 247837 248452 1
04-07-2017-16:09:57:511 248452 249067 1
04-07-2017-16:09:57:544 249067 249682 1
04-07-2017-16:09:57:580 249682 250297 1
04-07-2017-16:09:57:627 250297 250912 1
04-07-2017-16:09:57:661 250912 251527 1
04-07-2017-16:09:57:794 251527 252142 1
04-07-2017-16:09:57:795 252142 252757 1
04-07-2017-16:09:57:795 252757 253372 1
04-07-2017-16:09:57:818 253372 253987 1
04-07-2017-16:09:57:852 253987 254602 1
04-07-2017-16:09:57:887 254602 255217 1
04-07-2017-16:09:57:923 255217 255832 1
04-07-2017-16:09:57:962 255832 256447 1
04-07-2017-16:09:58:002 256447 257062 1
04-07-2017-16:09:58:049 257062 257677 1
04-07-2017-16:09:58:085 257677 258292 1
04-07-2017-16:09:58:120 258292 258907 1
04-07-2017-16:09:58:157 258907 259522 1
04-07-2017-16:09:58:193 259522 260137 1
04-07-2017-16:09:58:240 260137 260752 1
04-07-2017-16:09:58:274 260752 261367 1
04-07-2017-16:09:58:309 261367 261982 1
04-07-2017-16:09:58:361 261982 262597 1
04-07-2017-16:09:58:384 262597 263212 1
04-07-2017-16:09:58:430 263212 263827 1
04-07-2017-16:09:58:465 263827 264442 1
04-07-2017-16:09:58:500 264442 265057 1
04-07-2017-16:09:58:548 265057 265672 1
04-07-2017-16:09:58:585 265672 266287 1
04-07-2017-16:09:58:621 266287 266902 1
04-07-2017-16:09:58:656 266902 267517 1
04-07-2017-16:09:58:691 267517 268132 1
04-07-2017-16:09:58:731 268132 268747 1
04-07-2017-16:09:58:777 268747 269362 1
04-07-2017-16:09:58:812 269362 269977 1
04-07-2017-16:09:58:845 269977 270592 1
04-07-2017-16:09:58:893 270592 271207 1
04-07-2017-16:09:58:928 271207 271822 1
04-07-2017-16:09:58:966 271822 272437 1
04-07-2017-16:09:59:001 272437 273052 1
04-07-2017-16:09:59:036 273052 273667 1
04-07-2017-16:09:59:084 273667 274282 1
04-07-2017-16:09:59:120 274282 274897 1
04-07-2017-16:09:59:159 274897 275512 1
04-07-2017-16:09:59:199 275512 276127 1
04-07-2017-16:09:59:232 276127 276742 1
04-07-2017-16:09:59:267 276742 277357 1
04-07-2017-16:09:59:315 277357 277972 1
04-07-2017-16:09:59:350 277972 278587 1
04-07-2017-16:09:59:390 278587 279202 1
04-07-2017-16:09:59:425 279202 279817 1
04-07-2017-16:09:59:471 279817 280432 1
04-07-2017-16:09:59:506 280432 281047 1
04-07-2017-16:09:59:541 281047 281662 1
04-07-2017-16:09:59:577 281662 282277 1
04-07-2017-16:09:59:614 282277 282892 1
04-07-2017-16:09:59:662 282892 283507 1
04-07-2017-16:09:59:697 283507 284122 1
04-07-2017-16:09:59:733 284122 284737 1
04-07-2017-16:09:59:778 284737 285352 1
04-07-2017-16:09:59:805 285352 285967 1
04-07-2017-16:09:59:853 285967 286582 1
04-07-2017-16:09:59:889 286582 287197 1
04-07-2017-16:09:59:922 287197 287812 1
04-07-2017-16:09:59:970 287812 288427 1
04-07-2017-16:10:00:009 288427 289042 1
04-07-2017-16:10:00:045 289042 289657 1
04-07-2017-16:10:00:080 289657 290272 1
04-07-2017-16:10:00:113 290272 290887 1
04-07-2017-16:10:00:155 290887 291502 1
04-07-2017-16:10:00:199 291502 292117 1
04-07-2017-16:10:00:230 292117 292732 1
04-07-2017-16:10:00:276 292732 293347 1
04-07-2017-16:10:00:311 293347 293962 1
04-07-2017-16:10:00:355 293962 294577 1
04-07-2017-16:10:00:390 294577 295192 1
04-07-2017-16:10:00:425 295192 295807 1
04-07-2017-16:10:00:461 295807 296422 1
04-07-2017-16:10:00:506 296422 297037 1
04-07-2017-16:10:00:542 297037 297652 1
04-07-2017-16:10:00:576 297652 298267 1
04-07-2017-16:10:00:623 298267 298882 1
04-07-2017-16:10:00:657 298882 299497 1
04-07-2017-16:10:00:692 299497 300112 1
04-07-2017-16:10:00:740 300112 300727 1
04-07-2017-16:10:00:773 300727 301342 1
04-07-2017-16:10:00:809 301342 301957 1
04-07-2017-16:10:00:982 301957 302572 1
04-07-2017-16:10:00:983 302572 303187 1
04-07-2017-16:10:00:984 303187 303802 1
04-07-2017-16:10:00:984 303802 304417 1
04-07-2017-16:10:01:008 304417 305032 1
04-07-2017-16:10:01:046 305032 305647 1
04-07-2017-16:10:01:082 305647 306262 1
04-07-2017-16:10:01:117 306262 306877 1
04-07-2017-16:10:01:150 306877 307492 1
04-07-2017-16:10:01:198 307492 308107 1
04-07-2017-16:10:01:233 308107 308722 1
04-07-2017-16:10:01:267 308722 309337 1
04-07-2017-16:10:01:314 309337 309952 1
04-07-2017-16:10:01:350 309952 310567 1
04-07-2017-16:10:01:384 310567 311182 1
04-07-2017-16:10:01:432 311182 311797 1
04-07-2017-16:10:01:465 311797 312412 1
04-07-2017-16:10:01:500 312412 313027 1
04-07-2017-16:10:01:536 313027 313642 1
04-07-2017-16:10:01:575 313642 314257 1
04-07-2017-16:10:01:615 314257 314872 1
04-07-2017-16:10:01:660 314872 315487 1
04-07-2017-16:10:01:696 315487 316102 1
04-07-2017-16:10:01:731 316102 316717 1
04-07-2017-16:10:01:766 316717 317332 1
04-07-2017-16:10:01:812 317332 317947 1
04-07-2017-16:10:01:847 317947 318562 1
04-07-2017-16:10:01:883 318562 319177 1
04-07-2017-16:10:01:922 319177 319792 1
04-07-2017-16:10:01:962 319792 320407 1
04-07-2017-16:10:01:997 320407 321022 1
04-07-2017-16:10:02:045 321022 321637 1
04-07-2017-16:10:02:078 321637 322252 1
04-07-2017-16:10:02:113 322252 322867 1
04-07-2017-16:10:02:161 322867 323482 1
04-07-2017-16:10:02:194 323482 324097 1
04-07-2017-16:10:02:230 324097 324712 1
04-07-2017-16:10:02:282 324712 325327 1
04-07-2017-16:10:02:315 325327 325942 1
04-07-2017-16:10:02:350 325942 326557 1
04-07-2017-16:10:02:386 326557 327172 1
04-07-2017-16:10:02:421 327172 327787 1
04-07-2017-16:10:02:467 327787 328402 1
04-07-2017-16:10:02:502 328402 329017 1
04-07-2017-16:10:02:537 329017 329632 1
04-07-2017-16:10:02:584 329632 330247 1
04-07-2017-16:10:02:620 330247 330862 1
04-07-2017-16:10:02:653 330862 331477 1
04-07-2017-16:10:02:688 331477 332092 1
04-07-2017-16:10:02:736 332092 332707 1
04-07-2017-16:10:02:769 332707 333322 1
04-07-2017-16:10:02:805 333322 333937 1
04-07-2017-16:10:02:852 333937 334552 1
04-07-2017-16:10:02:890 334552 335167 1
04-07-2017-16:10:02:925 335167 335782 1
04-07-2017-16:10:02:961 335782 336397 1
04-07-2017-16:10:03:006 336397 337012 1
04-07-2017-16:10:03:042 337012 337627 1
04-07-2017-16:10:03:077 337627 338242 1
04-07-2017-16:10:03:112 338242 338857 1
04-07-2017-16:10:03:158 338857 339472 1
04-07-2017-16:10:03:193 339472 340087 1
04-07-2017-16:10:03:228 340087 340702 1
04-07-2017-16:10:03:267 340702 341317 1
04-07-2017-16:10:03:313 341317 341932 1
04-07-2017-16:10:03:348 341932 342547 1
04-07-2017-16:10:03:384 342547 343162 1
04-07-2017-16:10:03:429 343162 343777 1
04-07-2017-16:10:03:465 343777 344392 1
04-07-2017-16:10:03:500 344392 345007 1
04-07-2017-16:10:03:535 345007 345622 1
04-07-2017-16:10:03:582 345622 346237 1
04-07-2017-16:10:03:617 346237 346852 1
04-07-2017-16:10:03:653 346852 347467 1
04-07-2017-16:10:03:698 347467 348082 1
04-07-2017-16:10:03:738 348082 348697 1
04-07-2017-16:10:03:769 348697 349312 1
04-07-2017-16:10:03:811 349312 349927 1
04-07-2017-16:10:03:844 349927 350542 1
04-07-2017-16:10:03:892 350542 351157 1
04-07-2017-16:10:03:927 351157 351772 1
04-07-2017-16:10:03:960 351772 352387 1
04-07-2017-16:10:04:107 352387 353002 1
04-07-2017-16:10:04:108 353002 353617 1
04-07-2017-16:10:04:108 353617 354232 1
04-07-2017-16:10:04:115 354232 354847 1
04-07-2017-16:10:04:150 354847 355462 1
04-07-2017-16:10:04:202 355462 356077 1
04-07-2017-16:10:04:229 356077 356692 1
04-07-2017-16:10:04:275 356692 357307 1
04-07-2017-16:10:04:310 357307 357922 1
04-07-2017-16:10:04:345 357922 358537 1
04-07-2017-16:10:04:380 358537 359152 1
04-07-2017-16:10:04:426 359152 359767 1
04-07-2017-16:10:04:461 359767 360382 1
04-07-2017-16:10:04:497 360382 360997 1
04-07-2017-16:10:04:542 360997 361612 1
04-07-2017-16:10:04:578 361612 362227 1
04-07-2017-16:10:04:613 362227 362842 1
04-07-2017-16:10:04:661 362842 363457 1
04-07-2017-16:10:04:700 363457 364072 1
04-07-2017-16:10:04:731 364072 364687 1
04-07-2017-16:10:04:769 364687 365302 1
04-07-2017-16:10:04:808 365302 365917 1
04-07-2017-16:10:04:844 365917 366532 1
04-07-2017-16:10:04:889 366532 367147 1
04-07-2017-16:10:04:925 367147 367762 1
04-07-2017-16:10:04:960 367762 368377 1
04-07-2017-16:10:04:999 368377 368992 1
04-07-2017-16:10:05:033 368992 369607 1
04-07-2017-16:10:05:080 369607 370222 1
04-07-2017-16:10:05:116 370222 370837 1
04-07-2017-16:10:05:151 370837 371452 1
04-07-2017-16:10:05:197 371452 372067 1
04-07-2017-16:10:05:236 372067 372682 1
04-07-2017-16:10:05:272 372682 373297 1
04-07-2017-16:10:05:307 373297 373912 1
04-07-2017-16:10:05:342 373912 374527 1
04-07-2017-16:10:05:381 374527 375142 1
04-07-2017-16:10:05:427 375142 375757 1
04-07-2017-16:10:05:462 375757 376372 1
04-07-2017-16:10:05:497 376372 376987 1
04-07-2017-16:10:05:545 376987 377602 1
04-07-2017-16:10:05:580 377602 378217 1
04-07-2017-16:10:05:615 378217 378832 1
04-07-2017-16:10:05:654 378832 379447 1
04-07-2017-16:10:05:694 379447 380062 1
04-07-2017-16:10:05:729 380062 380677 1
04-07-2017-16:10:05:764 380677 381292 1
04-07-2017-16:10:05:811 381292 381907 1
04-07-2017-16:10:05:849 381907 382522 1
04-07-2017-16:10:05:884 382522 383137 1
04-07-2017-16:10:05:919 383137 383752 1
04-07-2017-16:10:05:965 383752 384367 1
04-07-2017-16:10:06:001 384367 384982 1
04-07-2017-16:10:06:040 384982 385597 1
04-07-2017-16:10:06:073 385597 386212 1
04-07-2017-16:10:06:109 386212 386827 1
04-07-2017-16:10:06:157 386827 387442 1
04-07-2017-16:10:06:192 387442 388057 1
04-07-2017-16:10:06:227 388057 388672 1
04-07-2017-16:10:06:265 388672 389287 1
04-07-2017-16:10:06:310 389287 389902 1
04-07-2017-16:10:06:344 389902 390517 1
04-07-2017-16:10:06:379 390517 391132 1
04-07-2017-16:10:06:425 391132 391747 1
04-07-2017-16:10:06:460 391747 392362 1
04-07-2017-16:10:06:495 392362 392977 1
04-07-2017-16:10:06:541 392977 393592 1
04-07-2017-16:10:06:577 393592 394207 1
04-07-2017-16:10:06:611 394207 394822 1
04-07-2017-16:10:06:658 394822 395437 1
04-07-2017-16:10:06:694 395437 396052 1
04-07-2017-16:10:06:727 396052 396667 1
04-07-2017-16:10:06:767 396667 397282 1
04-07-2017-16:10:06:802 397282 397897 1
04-07-2017-16:10:06:848 397897 398512 1
04-07-2017-16:10:06:883 398512 399127 1
04-07-2017-16:10:06:918 399127 399742 1
04-07-2017-16:10:06:964 399742 400357 1
04-07-2017-16:10:07:000 400357 400972 1
04-07-2017-16:10:07:035 400972 401587 1
04-07-2017-16:10:07:081 401587 402202 1
04-07-2017-16:10:07:116 402202 402817 1
04-07-2017-16:10:07:266 402817 403432 1
04-07-2017-16:10:07:267 403432 404047 1
04-07-2017-16:10:07:267 404047 404662 1
04-07-2017-16:10:07:272 404662 405277 1
04-07-2017-16:10:07:307 405277 405892 1
04-07-2017-16:10:07:342 405892 406507 1
04-07-2017-16:10:07:388 406507 407122 1
04-07-2017-16:10:07:423 407122 407737 1
04-07-2017-16:10:07:463 407737 408352 1
04-07-2017-16:10:07:496 408352 408967 1
04-07-2017-16:10:07:542 408967 409582 1
04-07-2017-16:10:07:577 409582 410197 1
04-07-2017-16:10:07:612 410197 410812 1
04-07-2017-16:10:07:648 410812 411427 1
04-07-2017-16:10:07:693 411427 412042 1
04-07-2017-16:10:07:729 412042 412657 1
04-07-2017-16:10:07:764 412657 413272 1
04-07-2017-16:10:07:810 413272 413887 1
04-07-2017-16:10:07:845 413887 414502 1
04-07-2017-16:10:07:889 414502 415117 1
04-07-2017-16:10:07:924 415117 415732 1
04-07-2017-16:10:07:960 415732 416347 1
04-07-2017-16:10:07:993 416347 416962 1
04-07-2017-16:10:08:039 416962 417577 1
04-07-2017-16:10:08:075 417577 418192 1
04-07-2017-16:10:08:110 418192 418807 1
04-07-2017-16:10:08:156 418807 419422 1
04-07-2017-16:10:08:191 419422 420037 1
04-07-2017-16:10:08:237 420037 420652 1
04-07-2017-16:10:08:272 420652 421267 1
04-07-2017-16:10:08:305 421267 421882 1
04-07-2017-16:10:08:341 421882 422497 1
04-07-2017-16:10:08:388 422497 423112 1
04-07-2017-16:10:08:422 423112 423727 1
04-07-2017-16:10:08:457 423727 424342 1
04-07-2017-16:10:08:492 424342 424957 1
04-07-2017-16:10:08:540 424957 425572 1
04-07-2017-16:10:08:575 425572 426187 1
04-07-2017-16:10:08:608 426187 426802 1
04-07-2017-16:10:08:656 426802 427417 1
04-07-2017-16:10:08:691 427417 428032 1
04-07-2017-16:10:08:726 428032 428647 1
04-07-2017-16:10:08:771 428647 429262 1
04-07-2017-16:10:08:807 429262 429877 1
04-07-2017-16:10:08:842 429877 430492 1
04-07-2017-16:10:08:877 430492 431107 1
04-07-2017-16:10:08:916 431107 431722 1
04-07-2017-16:10:08:955 431722 432337 1
04-07-2017-16:10:09:003 432337 432952 1
04-07-2017-16:10:09:036 432952 433567 1
04-07-2017-16:10:09:071 433567 434182 1
04-07-2017-16:10:09:119 434182 434797 1
04-07-2017-16:10:09:154 434797 435412 1
04-07-2017-16:10:09:189 435412 436027 1
04-07-2017-16:10:09:224 436027 436642 1
04-07-2017-16:10:09:269 436642 437257 1
04-07-2017-16:10:09:305 437257 437872 1
04-07-2017-16:10:09:340 437872 438487 1
04-07-2017-16:10:09:383 438487 439102 1
04-07-2017-16:10:09:418 439102 439717 1
04-07-2017-16:10:09:464 439717 440332 1
04-07-2017-16:10:09:499 440332 440947 1
04-07-2017-16:10:09:534 440947 441562 1
04-07-2017-16:10:09:569 441562 442177 1
04-07-2017-16:10:09:617 442177 442792 1
04-07-2017-16:10:09:650 442792 443407 1
04-07-2017-16:10:09:685 443407 444022 1
04-07-2017-16:10:09:733 444022 444637 1
04-07-2017-16:10:09:772 444637 445252 1
04-07-2017-16:10:09:803 445252 445867 1
04-07-2017-16:10:09:838 445867 446482 1
04-07-2017-16:10:09:885 446482 447097 1
04-07-2017-16:10:09:921 447097 447712 1
04-07-2017-16:10:09:956 447712 448327 1
04-07-2017-16:10:10:007 448327 448942 1
04-07-2017-16:10:10:030 448942 449557 1
04-07-2017-16:10:10:078 449557 450172 1
04-07-2017-16:10:10:111 450172 450787 1
04-07-2017-16:10:10:146 450787 451402 1
04-07-2017-16:10:10:193 451402 452017 1
04-07-2017-16:10:10:229 452017 452632 1
04-07-2017-16:10:10:264 452632 453247 1
04-07-2017-16:10:10:416 453247 453862 1
04-07-2017-16:10:10:417 453862 454477 1
04-07-2017-16:10:10:417 454477 455092 1
04-07-2017-16:10:10:419 455092 455707 1
04-07-2017-16:10:10:454 455707 456322 1
04-07-2017-16:10:10:500 456322 456937 1
04-07-2017-16:10:10:535 456937 457552 1
04-07-2017-16:10:10:571 457552 458167 1
04-07-2017-16:10:10:617 458167 458782 1
04-07-2017-16:10:10:652 458782 459397 1
04-07-2017-16:10:10:692 459397 460012 1
04-07-2017-16:10:10:731 460012 460627 1
04-07-2017-16:10:10:766 460627 461242 1
04-07-2017-16:10:10:802 461242 461857 1
04-07-2017-16:10:10:848 461857 462472 1
04-07-2017-16:10:10:883 462472 463087 1
04-07-2017-16:10:10:916 463087 463702 1
04-07-2017-16:10:10:951 463702 464317 1
04-07-2017-16:10:10:999 464317 464932 1
04-07-2017-16:10:11:034 464932 465547 1
04-07-2017-16:10:11:069 465547 466162 1
04-07-2017-16:10:11:112 466162 466777 1
04-07-2017-16:10:11:148 466777 467392 1
04-07-2017-16:10:11:193 467392 468007 1
04-07-2017-16:10:11:228 468007 468622 1
04-07-2017-16:10:11:263 468622 469237 1
04-07-2017-16:10:11:298 469237 469852 1
04-07-2017-16:10:11:344 469852 470467 1
04-07-2017-16:10:11:379 470467 471082 1
04-07-2017-16:10:11:414 471082 471697 1
04-07-2017-16:10:11:453 471697 472312 1
04-07-2017-16:10:11:501 472312 472927 1
04-07-2017-16:10:11:534 472927 473542 1
04-07-2017-16:10:11:569 473542 474157 1
04-07-2017-16:10:11:621 474157 474772 1
04-07-2017-16:10:11:656 474772 475387 1
04-07-2017-16:10:11:691 475387 476002 1
04-07-2017-16:10:11:724 476002 476617 1
04-07-2017-16:10:11:760 476617 477232 1
04-07-2017-16:10:11:807 477232 477847 1
04-07-2017-16:10:11:841 477847 478462 1
04-07-2017-16:10:11:876 478462 479077 1
04-07-2017-16:10:11:924 479077 479692 1
04-07-2017-16:10:11:959 479692 480307 1
04-07-2017-16:10:11:992 480307 480922 1
04-07-2017-16:10:12:039 480922 481537 1
04-07-2017-16:10:12:074 481537 482152 1
04-07-2017-16:10:12:109 482152 482767 1
04-07-2017-16:10:12:144 482767 483382 1
04-07-2017-16:10:12:192 483382 483997 1
04-07-2017-16:10:12:231 483997 484612 1
04-07-2017-16:10:12:262 484612 485227 1
04-07-2017-16:10:12:308 485227 485842 1
04-07-2017-16:10:12:343 485842 486457 1
04-07-2017-16:10:12:378 486457 487072 1
04-07-2017-16:10:12:413 487072 487687 1
04-07-2017-16:10:12:461 487687 488302 1
04-07-2017-16:10:12:496 488302 488917 1
04-07-2017-16:10:12:529 488917 489532 1
04-07-2017-16:10:12:576 489532 490147 1
04-07-2017-16:10:12:612 490147 490762 1
04-07-2017-16:10:12:647 490762 491377 1
04-07-2017-16:10:12:693 491377 491992 1
04-07-2017-16:10:12:729 491992 492607 1
04-07-2017-16:10:12:768 492607 493222 1
04-07-2017-16:10:12:808 493222 493837 1
04-07-2017-16:10:12:843 493837 494452 1
04-07-2017-16:10:12:878 494452 495067 1
04-07-2017-16:10:12:924 495067 495682 1
04-07-2017-16:10:12:959 495682 496297 1
04-07-2017-16:10:12:995 496297 496912 1
04-07-2017-16:10:13:030 496912 497527 1
04-07-2017-16:10:13:076 497527 498142 1
04-07-2017-16:10:13:111 498142 498757 1
04-07-2017-16:10:13:145 498757 499372 1
04-07-2017-16:10:13:193 499372 499987 1
04-07-2017-16:10:13:226 499987 500602 1
04-07-2017-16:10:13:262 500602 501217 1
04-07-2017-16:10:13:297 501217 501832 1
04-07-2017-16:10:13:343 501832 502447 1
04-07-2017-16:10:13:376 502447 503062 1
04-07-2017-16:10:13:422 503062 503677 1
04-07-2017-16:10:13:615 503677 504292 1
04-07-2017-16:10:13:616 504292 504907 1
04-07-2017-16:10:13:616 504907 505522 1
04-07-2017-16:10:13:617 505522 506137 1
04-07-2017-16:10:13:617 506137 506752 1
04-07-2017-16:10:13:644 506752 507367 1
04-07-2017-16:10:13:689 507367 507982 1
04-07-2017-16:10:13:724 507982 508597 1
04-07-2017-16:10:13:759 508597 509212 1
04-07-2017-16:10:13:803 509212 509827 1
04-07-2017-16:10:13:838 509827 510442 1
04-07-2017-16:10:13:884 510442 511057 1
04-07-2017-16:10:13:919 511057 511672 1
04-07-2017-16:10:13:955 511672 512287 1
04-07-2017-16:10:13:990 512287 512902 1
04-07-2017-16:10:14:037 512902 513517 1
04-07-2017-16:10:14:072 513517 514132 1
04-07-2017-16:10:14:105 514132 514747 1
04-07-2017-16:10:14:147 514747 515362 1
04-07-2017-16:10:14:186 515362 515977 1
04-07-2017-16:10:14:222 515977 516592 1
04-07-2017-16:10:14:267 516592 517207 1
04-07-2017-16:10:14:302 517207 517822 1
04-07-2017-16:10:14:338 517822 518437 1
04-07-2017-16:10:14:384 518437 519052 1
04-07-2017-16:10:14:419 519052 519667 1
04-07-2017-16:10:14:454 519667 520282 1
04-07-2017-16:10:14:490 520282 520897 1
04-07-2017-16:10:14:535 520897 521512 1
04-07-2017-16:10:14:570 521512 522127 1
04-07-2017-16:10:14:605 522127 522742 1
04-07-2017-16:10:14:653 522742 523357 1
04-07-2017-16:10:14:686 523357 523972 1
04-07-2017-16:10:14:722 523972 524587 1
04-07-2017-16:10:14:774 524587 525202 1
04-07-2017-16:10:14:801 525202 525817 1
04-07-2017-16:10:14:836 525817 526432 1
04-07-2017-16:10:14:882 526432 527047 1
04-07-2017-16:10:14:917 527047 527662 1
04-07-2017-16:10:14:953 527662 528277 1
04-07-2017-16:10:14:998 528277 528892 1
04-07-2017-16:10:15:034 528892 529507 1
04-07-2017-16:10:15:069 529507 530122 1
04-07-2017-16:10:15:115 530122 530737 1
04-07-2017-16:10:15:150 530737 531352 1
04-07-2017-16:10:15:186 531352 531967 1
04-07-2017-16:10:15:219 531967 532582 1
04-07-2017-16:10:15:267 532582 533197 1
04-07-2017-16:10:15:306 533197 533812 1
04-07-2017-16:10:15:337 533812 534427 1
04-07-2017-16:10:15:385 534427 535042 1
04-07-2017-16:10:15:418 535042 535657 1
04-07-2017-16:10:15:454 535657 536272 1
04-07-2017-16:10:15:489 536272 536887 1
04-07-2017-16:10:15:535 536887 537502 1
04-07-2017-16:10:15:571 537502 538117 1
04-07-2017-16:10:15:606 538117 538732 1
04-07-2017-16:10:15:651 538732 539347 1
04-07-2017-16:10:15:686 539347 539962 1
04-07-2017-16:10:15:721 539962 540577 1
04-07-2017-16:10:15:757 540577 541192 1
04-07-2017-16:10:15:804 541192 541807 1
04-07-2017-16:10:15:835 541807 542422 1
04-07-2017-16:10:15:882 542422 543037 1
04-07-2017-16:10:15:917 543037 543652 1
04-07-2017-16:10:15:953 543652 544267 1
04-07-2017-16:10:15:998 544267 544882 1
04-07-2017-16:10:16:027 544882 545497 1
04-07-2017-16:10:16:072 545497 546112 1
04-07-2017-16:10:16:145 546112 546727 1
04-07-2017-16:10:16:146 546727 547342 1
04-07-2017-16:10:16:189 547342 547957 1
04-07-2017-16:10:16:225 547957 548572 1
04-07-2017-16:10:16:260 548572 549187 1
04-07-2017-16:10:16:299 549187 549802 1
04-07-2017-16:10:16:343 549802 550417 1
04-07-2017-16:10:16:378 550417 551032 1
04-07-2017-16:10:16:412 551032 551647 1
04-07-2017-16:10:16:459 551647 552262 1
04-07-2017-16:10:16:495 552262 552877 1
04-07-2017-16:10:16:528 552877 553492 1
04-07-2017-16:10:16:563 553492 554107 1
04-07-2017-16:10:16:611 554107 554722 1
04-07-2017-16:10:16:644 554722 555337 1
04-07-2017-16:10:16:680 555337 555952 1
04-07-2017-16:10:16:732 555952 556567 1
04-07-2017-16:10:16:767 556567 557182 1
04-07-2017-16:10:16:800 557182 557797 1
04-07-2017-16:10:16:836 557797 558412 1
04-07-2017-16:10:16:883 558412 559027 1
04-07-2017-16:10:16:917 559027 559642 1
04-07-2017-16:10:16:952 559642 560257 1
04-07-2017-16:10:16:987 560257 560872 1
04-07-2017-16:10:17:033 560872 561487 1
04-07-2017-16:10:17:068 561487 562102 1
04-07-2017-16:10:17:104 562102 562717 1
04-07-2017-16:10:17:151 562717 563332 1
04-07-2017-16:10:17:191 563332 563947 1
04-07-2017-16:10:17:228 563947 564562 1
04-07-2017-16:10:17:264 564562 565177 1
04-07-2017-16:10:17:299 565177 565792 1
04-07-2017-16:10:17:334 565792 566407 1
04-07-2017-16:10:17:380 566407 567022 1
04-07-2017-16:10:17:415 567022 567637 1
04-07-2017-16:10:17:451 567637 568252 1
04-07-2017-16:10:17:496 568252 568867 1
04-07-2017-16:10:17:532 568867 569482 1
04-07-2017-16:10:17:567 569482 570097 1
04-07-2017-16:10:17:602 570097 570712 1
04-07-2017-16:10:17:648 570712 571327 1
04-07-2017-16:10:17:683 571327 571942 1
04-07-2017-16:10:17:719 571942 572557 1
04-07-2017-16:10:17:762 572557 573172 1
04-07-2017-16:10:17:798 573172 573787 1
04-07-2017-16:10:17:843 573787 574402 1
04-07-2017-16:10:17:879 574402 575017 1
04-07-2017-16:10:17:914 575017 575632 1
04-07-2017-16:10:17:949 575632 576247 1
04-07-2017-16:10:17:995 576247 576862 1
04-07-2017-16:10:18:030 576862 577477 1
04-07-2017-16:10:18:066 577477 578092 1
04-07-2017-16:10:18:112 578092 578707 1
04-07-2017-16:10:18:147 578707 579322 1
04-07-2017-16:10:18:187 579322 579937 1
04-07-2017-16:10:18:224 579937 580552 1
04-07-2017-16:10:18:259 580552 581167 1
04-07-2017-16:10:18:295 581167 581782 1
04-07-2017-16:10:18:340 581782 582397 1
04-07-2017-16:10:18:376 582397 583012 1
04-07-2017-16:10:18:411 583012 583627 1
04-07-2017-16:10:18:457 583627 584242 1
04-07-2017-16:10:18:492 584242 584857 1
04-07-2017-16:10:18:536 584857 585472 1
04-07-2017-16:10:18:571 585472 586087 1
04-07-2017-16:10:18:604 586087 586702 1
04-07-2017-16:10:18:640 586702 587317 1
04-07-2017-16:10:18:687 587317 587932 1
04-07-2017-16:10:18:721 587932 588547 1
04-07-2017-16:10:18:756 588547 589162 1
04-07-2017-16:10:18:804 589162 589777 1
04-07-2017-16:10:18:837 589777 590392 1
04-07-2017-16:10:18:873 590392 591007 1
04-07-2017-16:10:18:924 591007 591622 1
04-07-2017-16:10:18:947 591622 592237 1
04-07-2017-16:10:18:995 592237 592852 1
04-07-2017-16:10:19:033 592852 593467 1
04-07-2017-16:10:19:068 593467 594082 1
04-07-2017-16:10:19:103 594082 594697 1
04-07-2017-16:10:19:149 594697 595312 1
04-07-2017-16:10:19:184 595312 595927 1
04-07-2017-16:10:19:220 595927 596542 1
04-07-2017-16:10:19:355 596542 597157 1
04-07-2017-16:10:19:356 597157 597772 1
04-07-2017-16:10:19:356 597772 598387 1
04-07-2017-16:10:19:375 598387 599002 1
04-07-2017-16:10:19:411 599002 599617 1
04-07-2017-16:10:19:456 599617 600232 1
04-07-2017-16:10:19:492 600232 600847 1
04-07-2017-16:10:19:527 600847 601462 1
04-07-2017-16:10:19:562 601462 602077 1
04-07-2017-16:10:19:609 602077 602692 1
04-07-2017-16:10:19:644 602692 603307 1
04-07-2017-16:10:19:683 603307 603922 1
04-07-2017-16:10:19:717 603922 604537 1
04-07-2017-16:10:19:764 604537 605152 1
04-07-2017-16:10:19:800 605152 605767 1
04-07-2017-16:10:19:833 605767 606382 1
04-07-2017-16:10:19:881 606382 606997 1
04-07-2017-16:10:19:916 606997 607612 1
04-07-2017-16:10:19:954 607612 608227 1
04-07-2017-16:10:19:989 608227 608842 1
04-07-2017-16:10:20:024 608842 609457 1
04-07-2017-16:10:20:070 609457 610072 1
04-07-2017-16:10:20:105 610072 610687 1
04-07-2017-16:10:20:141 610687 611302 1
04-07-2017-16:10:20:186 611302 611917 1
04-07-2017-16:10:20:222 611917 612532 1
04-07-2017-16:10:20:261 612532 613147 1
04-07-2017-16:10:20:296 613147 613762 1
04-07-2017-16:10:20:342 613762 614377 1
04-07-2017-16:10:20:378 614377 614992 1
04-07-2017-16:10:20:413 614992 615607 1
04-07-2017-16:10:20:446 615607 616222 1
04-07-2017-16:10:20:494 616222 616837 1
04-07-2017-16:10:20:534 616837 617452 1
04-07-2017-16:10:20:568 617452 618067 1
04-07-2017-16:10:20:603 618067 618682 1
04-07-2017-16:10:20:639 618682 619297 1
04-07-2017-16:10:20:678 619297 619912 1
04-07-2017-16:10:20:724 619912 620527 1
04-07-2017-16:10:20:759 620527 621142 1
04-07-2017-16:10:20:795 621142 621757 1
04-07-2017-16:10:20:841 621757 622372 1
04-07-2017-16:10:20:876 622372 622987 1
04-07-2017-16:10:20:911 622987 623602 1
04-07-2017-16:10:20:957 623602 624217 1
04-07-2017-16:10:20:990 624217 624832 1
04-07-2017-16:10:21:100 624832 625447 1
04-07-2017-16:10:21:100 625447 626062 1
04-07-2017-16:10:21:107 626062 626677 1
04-07-2017-16:10:21:142 626677 627292 1
04-07-2017-16:10:21:177 627292 627907 1
04-07-2017-16:10:21:223 627907 628522 1
04-07-2017-16:10:21:262 628522 629137 1
04-07-2017-16:10:21:298 629137 629752 1
04-07-2017-16:10:21:333 629752 630367 1
04-07-2017-16:10:21:379 630367 630982 1
