04-07-2017-17:15:39:747 0 800 1
04-07-2017-17:15:39:799 800 1600 1
04-07-2017-17:15:39:845 1600 2400 1
04-07-2017-17:15:39:895 2400 3200 1
04-07-2017-17:15:39:947 3200 4000 1
04-07-2017-17:15:39:994 4000 4800 1
04-07-2017-17:15:40:046 4800 5600 1
04-07-2017-17:15:40:096 5600 6400 1
04-07-2017-17:15:40:148 6400 7187 1
04-07-2017-17:15:40:194 7187 7974 1
04-07-2017-17:15:40:246 7974 8760 1
04-07-2017-17:15:40:298 8760 9507 1
04-07-2017-17:15:40:343 9507 10254 1
04-07-2017-17:15:40:389 10254 11001 1
04-07-2017-17:15:40:430 11001 11748 1
04-07-2017-17:15:40:476 11748 12495 1
04-07-2017-17:15:40:524 12495 13242 1
04-07-2017-17:15:40:573 13242 13989 1
04-07-2017-17:15:40:621 13989 14736 1
04-07-2017-17:15:40:673 14736 15483 1
04-07-2017-17:15:40:718 15483 16230 1
04-07-2017-17:15:40:769 16230 16960 1
04-07-2017-17:15:40:807 16960 17690 1
04-07-2017-17:15:40:852 17690 18420 1
04-07-2017-17:15:40:891 18420 19150 1
04-07-2017-17:15:40:939 19150 19880 1
04-07-2017-17:15:40:990 19880 20610 1
04-07-2017-17:15:41:036 20610 21340 1
04-07-2017-17:15:41:078 21340 22070 1
04-07-2017-17:15:41:123 22070 22800 1
04-07-2017-17:15:41:175 22800 23530 1
04-07-2017-17:15:41:221 23530 24260 1
04-07-2017-17:15:41:267 24260 24990 1
04-07-2017-17:15:41:308 24990 25720 1
04-07-2017-17:15:41:354 25720 26450 1
04-07-2017-17:15:41:399 26450 27180 1
04-07-2017-17:15:41:441 27180 27910 1
04-07-2017-17:15:41:487 27910 28640 1
04-07-2017-17:15:41:534 28640 29370 1
04-07-2017-17:15:41:585 29370 30100 1
04-07-2017-17:15:41:633 30100 30830 1
04-07-2017-17:15:41:666 30830 31560 1
04-07-2017-17:15:41:718 31560 32290 1
04-07-2017-17:15:41:766 32290 33020 1
04-07-2017-17:15:41:816 33020 33750 1
04-07-2017-17:15:41:851 33750 34480 1
04-07-2017-17:15:41:898 34480 35210 1
04-07-2017-17:15:41:945 35210 35940 1
04-07-2017-17:15:41:995 35940 36670 1
04-07-2017-17:15:42:043 36670 37400 1
04-07-2017-17:15:42:078 37400 38130 1
04-07-2017-17:15:42:124 38130 38860 1
04-07-2017-17:15:42:176 38860 39590 1
04-07-2017-17:15:42:222 39590 40320 1
04-07-2017-17:15:42:269 40320 41050 1
04-07-2017-17:15:42:315 41050 41780 1
04-07-2017-17:15:42:434 41780 42510 1
04-07-2017-17:15:42:435 42510 43240 1
04-07-2017-17:15:42:447 43240 43970 1
04-07-2017-17:15:42:493 43970 44700 1
04-07-2017-17:15:42:534 44700 45430 1
04-07-2017-17:15:42:580 45430 46160 1
04-07-2017-17:15:42:632 46160 46890 1
04-07-2017-17:15:42:680 46890 47620 1
04-07-2017-17:15:42:725 47620 48350 1
04-07-2017-17:15:42:766 48350 49080 1
04-07-2017-17:15:42:812 49080 49810 1
04-07-2017-17:15:42:860 49810 50540 1
04-07-2017-17:15:42:899 50540 51270 1
04-07-2017-17:15:42:945 51270 52000 1
04-07-2017-17:15:42:992 52000 52730 1
04-07-2017-17:15:43:044 52730 53460 1
04-07-2017-17:15:43:090 53460 54190 1
04-07-2017-17:15:43:131 54190 54920 1
04-07-2017-17:15:43:178 54920 55650 1
04-07-2017-17:15:43:230 55650 56380 1
04-07-2017-17:15:43:263 56380 57110 1
04-07-2017-17:15:43:315 57110 57680 1
04-07-2017-17:15:43:340 57680 58250 1
04-07-2017-17:15:43:374 58250 58820 1
04-07-2017-17:15:43:409 58820 59390 1
04-07-2017-17:15:43:448 59390 59960 1
04-07-2017-17:15:43:484 59960 60530 1
04-07-2017-17:15:43:523 60530 61100 1
04-07-2017-17:15:43:558 61100 61670 1
04-07-2017-17:15:43:594 61670 62240 1
04-07-2017-17:15:43:634 62240 62810 1
04-07-2017-17:15:43:657 62810 63380 1
04-07-2017-17:15:43:692 63380 63950 1
04-07-2017-17:15:43:732 63950 64520 1
04-07-2017-17:15:43:771 64520 65090 1
04-07-2017-17:15:43:804 65090 65660 1
04-07-2017-17:15:43:833 65660 66230 1
04-07-2017-17:15:43:869 66230 66800 1
04-07-2017-17:15:43:914 66800 67370 1
04-07-2017-17:15:43:944 67370 67940 1
04-07-2017-17:15:43:979 67940 68510 1
04-07-2017-17:15:44:014 68510 69080 1
04-07-2017-17:15:44:054 69080 69650 1
04-07-2017-17:15:44:089 69650 70220 1
04-07-2017-17:15:44:124 70220 70790 1
04-07-2017-17:15:44:164 70790 71360 1
04-07-2017-17:15:44:197 71360 71930 1
04-07-2017-17:15:44:232 71930 72500 1
04-07-2017-17:15:44:261 72500 73070 1
04-07-2017-17:15:44:297 73070 73640 1
04-07-2017-17:15:44:342 73640 74210 1
04-07-2017-17:15:44:371 74210 74780 1
04-07-2017-17:15:44:407 74780 75350 1
04-07-2017-17:15:44:442 75350 75920 1
04-07-2017-17:15:44:482 75920 76490 1
04-07-2017-17:15:44:517 76490 77060 1
04-07-2017-17:15:44:550 77060 77630 1
04-07-2017-17:15:44:592 77630 78200 1
04-07-2017-17:15:44:627 78200 78770 1
04-07-2017-17:15:44:660 78770 79340 1
04-07-2017-17:15:44:689 79340 79910 1
04-07-2017-17:15:44:725 79910 80480 1
04-07-2017-17:15:44:760 80480 81050 1
04-07-2017-17:15:44:800 81050 81620 1
04-07-2017-17:15:44:835 81620 82190 1
04-07-2017-17:15:44:870 82190 82760 1
04-07-2017-17:15:44:910 82760 83330 1
04-07-2017-17:15:44:945 83330 83900 1
04-07-2017-17:15:44:978 83900 84470 1
04-07-2017-17:15:45:020 84470 85040 1
04-07-2017-17:15:45:055 85040 85610 1
04-07-2017-17:15:45:089 85610 86180 1
04-07-2017-17:15:45:130 86180 86750 1
04-07-2017-17:15:45:153 86750 87320 1
04-07-2017-17:15:45:188 87320 87890 1
04-07-2017-17:15:45:228 87890 88460 1
04-07-2017-17:15:45:265 88460 89030 1
04-07-2017-17:15:45:300 89030 89600 1
04-07-2017-17:15:45:340 89600 90170 1
04-07-2017-17:15:45:375 90170 90740 1
04-07-2017-17:15:45:411 90740 91310 1
04-07-2017-17:15:45:450 91310 91880 1
04-07-2017-17:15:45:590 91880 92450 1
04-07-2017-17:15:45:591 92450 93020 1
04-07-2017-17:15:45:591 93020 93590 1
04-07-2017-17:15:45:591 93590 94160 1
04-07-2017-17:15:45:618 94160 94730 1
04-07-2017-17:15:45:653 94730 95300 1
04-07-2017-17:15:45:695 95300 95870 1
04-07-2017-17:15:45:728 95870 96440 1
04-07-2017-17:15:45:763 96440 97010 1
04-07-2017-17:15:45:805 97010 97580 1
04-07-2017-17:15:45:838 97580 98150 1
04-07-2017-17:15:45:873 98150 98720 1
04-07-2017-17:15:45:902 98720 99290 1
04-07-2017-17:15:45:938 99290 99860 1
04-07-2017-17:15:45:971 99860 100430 1
04-07-2017-17:15:46:012 100430 101000 1
04-07-2017-17:15:46:048 101000 101570 1
04-07-2017-17:15:46:081 101570 102140 1
04-07-2017-17:15:46:122 102140 102710 1
04-07-2017-17:15:46:158 102710 103280 1
04-07-2017-17:15:46:191 103280 103850 1
04-07-2017-17:15:46:220 103850 104420 1
04-07-2017-17:15:46:268 104420 104990 1
04-07-2017-17:15:46:307 104990 105560 1
04-07-2017-17:15:46:330 105560 106130 1
04-07-2017-17:15:46:365 106130 106700 1
04-07-2017-17:15:46:401 106700 107270 1
04-07-2017-17:15:46:440 107270 107840 1
04-07-2017-17:15:46:475 107840 108410 1
04-07-2017-17:15:46:511 108410 108980 1
04-07-2017-17:15:46:550 108980 109550 1
04-07-2017-17:15:46:586 109550 110120 1
04-07-2017-17:15:46:621 110120 110690 1
04-07-2017-17:15:46:660 110690 111260 1
04-07-2017-17:15:46:683 111260 111830 1
04-07-2017-17:15:46:718 111830 112400 1
04-07-2017-17:15:46:766 112400 112970 1
04-07-2017-17:15:46:801 112970 113540 1
04-07-2017-17:15:46:830 113540 114110 1
04-07-2017-17:15:46:865 114110 114680 1
04-07-2017-17:15:46:898 114680 115250 1
04-07-2017-17:15:46:939 115250 115820 1
04-07-2017-17:15:46:974 115820 116390 1
04-07-2017-17:15:47:009 116390 116960 1
04-07-2017-17:15:47:044 116960 117530 1
04-07-2017-17:15:47:084 117530 118100 1
04-07-2017-17:15:47:119 118100 118670 1
04-07-2017-17:15:47:154 118670 119240 1
04-07-2017-17:15:47:194 119240 119810 1
04-07-2017-17:15:47:229 119810 120380 1
04-07-2017-17:15:47:264 120380 120950 1
04-07-2017-17:15:47:293 120950 121520 1
04-07-2017-17:15:47:326 121520 122090 1
04-07-2017-17:15:47:362 122090 122660 1
04-07-2017-17:15:47:403 122660 123230 1
04-07-2017-17:15:47:436 123230 123800 1
04-07-2017-17:15:47:472 123800 124370 1
04-07-2017-17:15:47:513 124370 124940 1
04-07-2017-17:15:47:547 124940 125510 1
04-07-2017-17:15:47:582 125510 126080 1
04-07-2017-17:15:47:621 126080 126650 1
04-07-2017-17:15:47:657 126650 127220 1
04-07-2017-17:15:47:692 127220 127790 1
04-07-2017-17:15:47:719 127790 128360 1
04-07-2017-17:15:47:754 128360 128930 1
04-07-2017-17:15:47:790 128930 129500 1
04-07-2017-17:15:47:825 129500 130070 1
04-07-2017-17:15:47:865 130070 130640 1
04-07-2017-17:15:47:900 130640 131210 1
04-07-2017-17:15:47:935 131210 131780 1
04-07-2017-17:15:47:976 131780 132350 1
04-07-2017-17:15:48:009 132350 132920 1
04-07-2017-17:15:48:044 132920 133490 1
04-07-2017-17:15:48:073 133490 134060 1
04-07-2017-17:15:48:119 134060 134630 1
04-07-2017-17:15:48:154 134630 135200 1
04-07-2017-17:15:48:183 135200 135770 1
04-07-2017-17:15:48:219 135770 136340 1
04-07-2017-17:15:48:252 136340 136910 1
04-07-2017-17:15:48:287 136910 137480 1
04-07-2017-17:15:48:323 137480 138050 1
04-07-2017-17:15:48:364 138050 138620 1
04-07-2017-17:15:48:399 138620 139190 1
04-07-2017-17:15:48:432 139190 139760 1
04-07-2017-17:15:48:468 139760 140330 1
04-07-2017-17:15:48:507 140330 140900 1
04-07-2017-17:15:48:542 140900 141470 1
04-07-2017-17:15:48:578 141470 142040 1
04-07-2017-17:15:48:723 142040 142610 1
04-07-2017-17:15:48:724 142610 143180 1
04-07-2017-17:15:48:724 143180 143750 1
04-07-2017-17:15:48:725 143750 144320 1
04-07-2017-17:15:48:750 144320 144890 1
04-07-2017-17:15:48:785 144890 145460 1
04-07-2017-17:15:48:837 145460 146030 1
04-07-2017-17:15:48:860 146030 146600 1
04-07-2017-17:15:48:895 146600 147170 1
04-07-2017-17:15:48:936 147170 147740 1
04-07-2017-17:15:48:970 147740 148310 1
04-07-2017-17:15:49:005 148310 148880 1
04-07-2017-17:15:49:046 148880 149450 1
04-07-2017-17:15:49:080 149450 150020 1
04-07-2017-17:15:49:115 150020 150590 1
04-07-2017-17:15:49:156 150590 151160 1
04-07-2017-17:15:49:179 151160 151730 1
04-07-2017-17:15:49:215 151730 152300 1
04-07-2017-17:15:49:248 152300 152870 1
04-07-2017-17:15:49:289 152870 153440 1
04-07-2017-17:15:49:323 153440 154010 1
04-07-2017-17:15:49:364 154010 154580 1
04-07-2017-17:15:49:397 154580 155150 1
04-07-2017-17:15:49:433 155150 155720 1
04-07-2017-17:15:49:468 155720 156290 1
04-07-2017-17:15:49:507 156290 156860 1
04-07-2017-17:15:49:543 156860 157430 1
04-07-2017-17:15:49:578 157430 158000 1
04-07-2017-17:15:49:607 158000 158570 1
04-07-2017-17:15:49:640 158570 159140 1
04-07-2017-17:15:49:676 159140 159710 1
04-07-2017-17:15:49:717 159710 160280 1
04-07-2017-17:15:49:751 160280 160850 1
04-07-2017-17:15:49:790 160850 161420 1
04-07-2017-17:15:49:826 161420 161990 1
04-07-2017-17:15:49:865 161990 162560 1
04-07-2017-17:15:49:900 162560 163130 1
04-07-2017-17:15:49:940 163130 163700 1
04-07-2017-17:15:49:963 163700 164270 1
04-07-2017-17:15:49:998 164270 164840 1
04-07-2017-17:15:50:033 164840 165410 1
04-07-2017-17:15:50:073 165410 165980 1
04-07-2017-17:15:50:106 165980 166550 1
04-07-2017-17:15:50:141 166550 167120 1
04-07-2017-17:15:50:183 167120 167690 1
04-07-2017-17:15:50:216 167690 168260 1
04-07-2017-17:15:50:251 168260 168830 1
04-07-2017-17:15:50:293 168830 169400 1
04-07-2017-17:15:50:326 169400 169970 1
04-07-2017-17:15:50:361 169970 170540 1
04-07-2017-17:15:50:390 170540 171110 1
04-07-2017-17:15:50:426 171110 171680 1
04-07-2017-17:15:50:461 171680 172250 1
04-07-2017-17:15:50:500 172250 172820 1
04-07-2017-17:15:50:536 172820 173390 1
04-07-2017-17:15:50:571 173390 173960 1
04-07-2017-17:15:50:611 173960 174530 1
04-07-2017-17:15:50:646 174530 175100 1
04-07-2017-17:15:50:679 175100 175670 1
04-07-2017-17:15:50:721 175670 176240 1
04-07-2017-17:15:50:756 176240 176810 1
04-07-2017-17:15:50:789 176810 177380 1
04-07-2017-17:15:50:831 177380 177950 1
04-07-2017-17:15:50:854 177950 178520 1
04-07-2017-17:15:50:889 178520 179090 1
04-07-2017-17:15:50:928 179090 179660 1
04-07-2017-17:15:50:964 179660 180230 1
04-07-2017-17:15:50:999 180230 180800 1
04-07-2017-17:15:51:039 180800 181370 1
04-07-2017-17:15:51:074 181370 181940 1
04-07-2017-17:15:51:109 181940 182510 1
04-07-2017-17:15:51:149 182510 183080 1
04-07-2017-17:15:51:172 183080 183650 1
04-07-2017-17:15:51:219 183650 184220 1
04-07-2017-17:15:51:246 184220 184790 1
04-07-2017-17:15:51:286 184790 185360 1
04-07-2017-17:15:51:319 185360 185930 1
04-07-2017-17:15:51:361 185930 186500 1
04-07-2017-17:15:51:396 186500 187070 1
04-07-2017-17:15:51:429 187070 187640 1
04-07-2017-17:15:51:458 187640 188210 1
04-07-2017-17:15:51:494 188210 188780 1
04-07-2017-17:15:51:539 188780 189350 1
04-07-2017-17:15:51:569 189350 189920 1
04-07-2017-17:15:51:602 189920 190490 1
04-07-2017-17:15:51:637 190490 191060 1
04-07-2017-17:15:51:677 191060 191630 1
04-07-2017-17:15:51:712 191630 192200 1
04-07-2017-17:15:51:834 192200 192770 1
04-07-2017-17:15:51:835 192770 193340 1
04-07-2017-17:15:51:836 193340 193910 1
04-07-2017-17:15:51:856 193910 194480 1
04-07-2017-17:15:51:897 194480 195050 1
04-07-2017-17:15:51:932 195050 195620 1
04-07-2017-17:15:51:965 195620 196190 1
04-07-2017-17:15:52:000 196190 196760 1
04-07-2017-17:15:52:030 196760 197330 1
04-07-2017-17:15:52:065 197330 197900 1
04-07-2017-17:15:52:098 197900 198470 1
04-07-2017-17:15:52:140 198470 199040 1
04-07-2017-17:15:52:175 199040 199610 1
04-07-2017-17:15:52:208 199610 200180 1
04-07-2017-17:15:52:250 200180 200750 1
04-07-2017-17:15:52:285 200750 201320 1
04-07-2017-17:15:52:318 201320 201890 1
04-07-2017-17:15:52:347 201890 202460 1
04-07-2017-17:15:52:395 202460 203030 1
04-07-2017-17:15:52:428 203030 203600 1
04-07-2017-17:15:52:457 203600 204170 1
04-07-2017-17:15:52:493 204170 204740 1
04-07-2017-17:15:52:528 204740 205310 1
04-07-2017-17:15:52:569 205310 205880 1
04-07-2017-17:15:52:603 205880 206450 1
04-07-2017-17:15:52:636 206450 207020 1
04-07-2017-17:15:52:677 207020 207590 1
04-07-2017-17:15:52:713 207590 208160 1
04-07-2017-17:15:52:746 208160 208730 1
04-07-2017-17:15:52:779 208730 209300 1
04-07-2017-17:15:52:814 209300 209870 1
04-07-2017-17:15:52:850 209870 210440 1
04-07-2017-17:15:52:889 210440 211010 1
04-07-2017-17:15:52:924 211010 211580 1
04-07-2017-17:15:52:960 211580 212150 1
04-07-2017-17:15:52:999 212150 212720 1
04-07-2017-17:15:53:035 212720 213290 1
04-07-2017-17:15:53:070 213290 213860 1
04-07-2017-17:15:53:099 213860 214430 1
04-07-2017-17:15:53:132 214430 215000 1
04-07-2017-17:15:53:168 215000 215570 1
04-07-2017-17:15:53:209 215570 216140 1
04-07-2017-17:15:53:242 216140 216710 1
04-07-2017-17:15:53:278 216710 217280 1
04-07-2017-17:15:53:317 217280 217850 1
04-07-2017-17:15:53:352 217850 218420 1
04-07-2017-17:15:53:387 218420 218990 1
04-07-2017-17:15:53:423 218990 219560 1
04-07-2017-17:15:53:463 219560 220130 1
04-07-2017-17:15:53:498 220130 220700 1
04-07-2017-17:15:53:537 220700 221270 1
04-07-2017-17:15:53:560 221270 221840 1
04-07-2017-17:15:53:596 221840 222410 1
04-07-2017-17:15:53:631 222410 222980 1
04-07-2017-17:15:53:671 222980 223550 1
04-07-2017-17:15:53:706 223550 224120 1
04-07-2017-17:15:53:741 224120 224690 1
04-07-2017-17:15:53:781 224690 225260 1
04-07-2017-17:15:53:816 225260 225830 1
04-07-2017-17:15:53:851 225830 226400 1
04-07-2017-17:15:53:881 226400 226970 1
04-07-2017-17:15:53:926 226970 227540 1
04-07-2017-17:15:53:962 227540 228110 1
04-07-2017-17:15:53:991 228110 228680 1
04-07-2017-17:15:54:024 228680 229250 1
04-07-2017-17:15:54:059 229250 229820 1
04-07-2017-17:15:54:099 229820 230390 1
04-07-2017-17:15:54:134 230390 230960 1
04-07-2017-17:15:54:169 230960 231530 1
04-07-2017-17:15:54:205 231530 232100 1
