04-07-2017-17:14:20:068 0 800 1
04-07-2017-17:14:20:120 800 1547 1
04-07-2017-17:14:20:159 1547 2294 1
04-07-2017-17:14:20:211 2294 3041 1
04-07-2017-17:14:20:263 3041 3788 1
04-07-2017-17:14:20:310 3788 4535 1
04-07-2017-17:14:20:348 4535 5282 1
04-07-2017-17:14:20:395 5282 6029 1
04-07-2017-17:14:20:447 6029 6776 1
04-07-2017-17:14:20:493 6776 7523 1
04-07-2017-17:14:20:538 7523 8270 1
04-07-2017-17:14:20:586 8270 9017 1
04-07-2017-17:14:20:632 9017 9764 1
04-07-2017-17:14:20:684 9764 10511 1
04-07-2017-17:14:20:731 10511 11258 1
04-07-2017-17:14:20:771 11258 12005 1
04-07-2017-17:14:20:817 12005 12752 1
04-07-2017-17:14:20:864 12752 13499 1
04-07-2017-17:14:20:910 13499 14246 1
04-07-2017-17:14:20:962 14246 14993 1
04-07-2017-17:14:21:007 14993 15740 1
04-07-2017-17:14:21:053 15740 16487 1
04-07-2017-17:14:21:101 16487 17234 1
04-07-2017-17:14:21:153 17234 17981 1
04-07-2017-17:14:21:198 17981 18728 1
04-07-2017-17:14:21:244 18728 19475 1
04-07-2017-17:14:21:291 19475 20222 1
04-07-2017-17:14:21:338 20222 20969 1
04-07-2017-17:14:21:384 20969 21716 1
04-07-2017-17:14:21:424 21716 22463 1
04-07-2017-17:14:21:472 22463 23210 1
04-07-2017-17:14:21:517 23210 23957 1
04-07-2017-17:14:21:563 23957 24704 1
04-07-2017-17:14:21:611 24704 25451 1
04-07-2017-17:14:21:654 25451 26198 1
04-07-2017-17:14:21:702 26198 26945 1
04-07-2017-17:14:21:748 26945 27692 1
04-07-2017-17:14:21:796 27692 28439 1
04-07-2017-17:14:21:845 28439 29186 1
04-07-2017-17:14:21:893 29186 29933 1
04-07-2017-17:14:21:939 29933 30680 1
04-07-2017-17:14:21:984 30680 31427 1
04-07-2017-17:14:22:036 31427 32174 1
04-07-2017-17:14:22:084 32174 32921 1
04-07-2017-17:14:22:130 32921 33668 1
04-07-2017-17:14:22:182 33668 34415 1
04-07-2017-17:14:22:216 34415 35162 1
04-07-2017-17:14:22:262 35162 35909 1
04-07-2017-17:14:22:309 35909 36656 1
04-07-2017-17:14:22:361 36656 37403 1
04-07-2017-17:14:22:407 37403 38150 1
04-07-2017-17:14:22:453 38150 38897 1
04-07-2017-17:14:22:504 38897 39644 1
04-07-2017-17:14:22:550 39644 40391 1
04-07-2017-17:14:22:592 40391 41138 1
04-07-2017-17:14:22:637 41138 41885 1
04-07-2017-17:14:22:689 41885 42632 1
04-07-2017-17:14:22:735 42632 43379 1
04-07-2017-17:14:22:782 43379 44126 1
04-07-2017-17:14:22:833 44126 44873 1
04-07-2017-17:14:22:869 44873 45620 1
04-07-2017-17:14:22:915 45620 46367 1
04-07-2017-17:14:22:960 46367 47114 1
04-07-2017-17:14:23:012 47114 47861 1
04-07-2017-17:14:23:074 47861 48608 1
04-07-2017-17:14:23:111 48608 49355 1
04-07-2017-17:14:23:157 49355 50102 1
04-07-2017-17:14:23:305 50102 50849 1
04-07-2017-17:14:23:306 50849 51596 1
04-07-2017-17:14:23:306 51596 52343 1
04-07-2017-17:14:23:337 52343 53090 1
04-07-2017-17:14:23:382 53090 53837 1
04-07-2017-17:14:23:434 53837 54584 1
04-07-2017-17:14:23:482 54584 55331 1
04-07-2017-17:14:23:528 55331 56078 1
04-07-2017-17:14:23:580 56078 56825 1
04-07-2017-17:14:23:626 56825 57572 1
04-07-2017-17:14:23:671 57572 58319 1
04-07-2017-17:14:23:711 58319 59066 1
04-07-2017-17:14:23:758 59066 59813 1
04-07-2017-17:14:23:804 59813 60560 1
04-07-2017-17:14:23:856 60560 61307 1
04-07-2017-17:14:23:904 61307 62054 1
04-07-2017-17:14:23:949 62054 62801 1
04-07-2017-17:14:23:989 62801 63548 1
04-07-2017-17:14:24:037 63548 64295 1
04-07-2017-17:14:24:085 64295 65042 1
04-07-2017-17:14:24:132 65042 65789 1
04-07-2017-17:14:24:178 65789 66536 1
04-07-2017-17:14:24:230 66536 67283 1
04-07-2017-17:14:24:276 67283 68030 1
04-07-2017-17:14:24:322 68030 68777 1
04-07-2017-17:14:24:373 68777 69524 1
04-07-2017-17:14:24:419 69524 70271 1
04-07-2017-17:14:24:467 70271 71018 1
04-07-2017-17:14:24:506 71018 71765 1
04-07-2017-17:14:24:554 71765 72512 1
04-07-2017-17:14:24:601 72512 73259 1
04-07-2017-17:14:24:646 73259 74006 1
04-07-2017-17:14:24:694 74006 74753 1
04-07-2017-17:14:24:745 74753 75500 1
04-07-2017-17:14:24:791 75500 76247 1
04-07-2017-17:14:24:838 76247 76994 1
04-07-2017-17:14:24:877 76994 77741 1
04-07-2017-17:14:24:925 77741 78488 1
04-07-2017-17:14:24:970 78488 79235 1
04-07-2017-17:14:25:022 79235 79982 1
04-07-2017-17:14:25:067 79982 80729 1
04-07-2017-17:14:25:119 80729 81476 1
04-07-2017-17:14:25:167 81476 82223 1
04-07-2017-17:14:25:213 82223 82970 1
04-07-2017-17:14:25:254 82970 83717 1
04-07-2017-17:14:25:300 83717 84464 1
04-07-2017-17:14:25:346 84464 85211 1
04-07-2017-17:14:25:398 85211 85958 1
04-07-2017-17:14:25:444 85958 86705 1
04-07-2017-17:14:25:496 86705 87414 1
04-07-2017-17:14:25:531 87414 88123 1
04-07-2017-17:14:25:584 88123 88832 1
04-07-2017-17:14:25:619 88832 89541 1
04-07-2017-17:14:25:665 89541 90250 1
04-07-2017-17:14:25:717 90250 90959 1
04-07-2017-17:14:25:750 90959 91668 1
04-07-2017-17:14:25:798 91668 92377 1
04-07-2017-17:14:25:850 92377 93086 1
04-07-2017-17:14:25:885 93086 93795 1
04-07-2017-17:14:25:931 93795 94504 1
04-07-2017-17:14:25:978 94504 95213 1
04-07-2017-17:14:26:017 95213 95922 1
04-07-2017-17:14:26:063 95922 96631 1
04-07-2017-17:14:26:115 96631 97340 1
04-07-2017-17:14:26:150 97340 98049 1
04-07-2017-17:14:26:196 98049 98758 1
04-07-2017-17:14:26:244 98758 99467 1
04-07-2017-17:14:26:281 99467 100176 1
04-07-2017-17:14:26:329 100176 100885 1
04-07-2017-17:14:26:482 100885 101594 1
04-07-2017-17:14:26:483 101594 102303 1
04-07-2017-17:14:26:483 102303 103012 1
04-07-2017-17:14:26:506 103012 103721 1
04-07-2017-17:14:26:554 103721 104430 1
04-07-2017-17:14:26:594 104430 105139 1
04-07-2017-17:14:26:639 105139 105848 1
04-07-2017-17:14:26:685 105848 106557 1
04-07-2017-17:14:26:727 106557 107266 1
04-07-2017-17:14:26:773 107266 107975 1
04-07-2017-17:14:26:820 107975 108684 1
04-07-2017-17:14:26:854 108684 109393 1
04-07-2017-17:14:26:906 109393 110102 1
04-07-2017-17:14:26:951 110102 110811 1
04-07-2017-17:14:26:987 110811 111520 1
04-07-2017-17:14:27:038 111520 112229 1
04-07-2017-17:14:27:086 112229 112938 1
04-07-2017-17:14:27:120 112938 113647 1
04-07-2017-17:14:27:168 113647 114356 1
04-07-2017-17:14:27:214 114356 115065 1
04-07-2017-17:14:27:253 115065 115774 1
04-07-2017-17:14:27:299 115774 116483 1
04-07-2017-17:14:27:346 116483 117192 1
04-07-2017-17:14:27:386 117192 117901 1
04-07-2017-17:14:27:432 117901 118610 1
04-07-2017-17:14:27:478 118610 119319 1
04-07-2017-17:14:27:519 119319 120028 1
04-07-2017-17:14:27:565 120028 120737 1
04-07-2017-17:14:27:612 120737 121446 1
04-07-2017-17:14:27:654 121446 122155 1
04-07-2017-17:14:27:699 122155 122864 1
04-07-2017-17:14:27:745 122864 123573 1
04-07-2017-17:14:27:786 123573 124282 1
04-07-2017-17:14:27:832 124282 124991 1
04-07-2017-17:14:27:879 124991 125700 1
04-07-2017-17:14:27:918 125700 126409 1
04-07-2017-17:14:27:966 126409 127118 1
04-07-2017-17:14:28:011 127118 127827 1
04-07-2017-17:14:28:051 127827 128536 1
04-07-2017-17:14:28:097 128536 129245 1
04-07-2017-17:14:28:144 129245 129954 1
04-07-2017-17:14:28:184 129954 130663 1
04-07-2017-17:14:28:230 130663 131372 1
04-07-2017-17:14:28:275 131372 132081 1
04-07-2017-17:14:28:323 132081 132790 1
04-07-2017-17:14:28:369 132790 133499 1
04-07-2017-17:14:28:404 133499 134208 1
04-07-2017-17:14:28:450 134208 134917 1
04-07-2017-17:14:28:498 134917 135626 1
04-07-2017-17:14:28:546 135626 136335 1
04-07-2017-17:14:28:592 136335 137044 1
04-07-2017-17:14:28:626 137044 137753 1
04-07-2017-17:14:28:672 137753 138462 1
04-07-2017-17:14:28:720 138462 139171 1
04-07-2017-17:14:28:759 139171 139880 1
04-07-2017-17:14:28:811 139880 140555 1
04-07-2017-17:14:28:848 140555 141230 1
04-07-2017-17:14:28:899 141230 141905 1
04-07-2017-17:14:28:928 141905 142580 1
04-07-2017-17:14:28:980 142580 143255 1
04-07-2017-17:14:29:021 143255 143930 1
04-07-2017-17:14:29:063 143930 144605 1
04-07-2017-17:14:29:102 144605 145280 1
04-07-2017-17:14:29:148 145280 145955 1
04-07-2017-17:14:29:190 145955 146630 1
04-07-2017-17:14:29:235 146630 147305 1
04-07-2017-17:14:29:277 147305 147980 1
04-07-2017-17:14:29:316 147980 148655 1
04-07-2017-17:14:29:364 148655 149330 1
04-07-2017-17:14:29:393 149330 150005 1
04-07-2017-17:14:29:439 150005 150680 1
04-07-2017-17:14:29:485 150680 151355 1
04-07-2017-17:14:29:623 151355 152030 1
04-07-2017-17:14:29:624 152030 152705 1
04-07-2017-17:14:29:624 152705 153380 1
04-07-2017-17:14:29:653 153380 154055 1
04-07-2017-17:14:29:692 154055 154730 1
04-07-2017-17:14:29:739 154730 155405 1
04-07-2017-17:14:29:780 155405 156080 1
04-07-2017-17:14:29:826 156080 156755 1
04-07-2017-17:14:29:868 156755 157430 1
04-07-2017-17:14:29:907 157430 158105 1
04-07-2017-17:14:29:942 158105 158780 1
04-07-2017-17:14:29:988 158780 159455 1
04-07-2017-17:14:30:034 159455 160130 1
04-07-2017-17:14:30:075 160130 160805 1
04-07-2017-17:14:30:111 160805 161480 1
04-07-2017-17:14:30:150 161480 162155 1
04-07-2017-17:14:30:198 162155 162830 1
04-07-2017-17:14:30:243 162830 163505 1
04-07-2017-17:14:30:279 163505 164180 1
04-07-2017-17:14:30:324 164180 164855 1
04-07-2017-17:14:30:370 164855 165530 1
04-07-2017-17:14:30:416 165530 166205 1
04-07-2017-17:14:30:451 166205 166880 1
04-07-2017-17:14:30:496 166880 167555 1
04-07-2017-17:14:30:538 167555 168230 1
04-07-2017-17:14:30:583 168230 168905 1
04-07-2017-17:14:30:623 168905 169580 1
04-07-2017-17:14:30:659 169580 170255 1
04-07-2017-17:14:30:710 170255 170920 1
04-07-2017-17:14:30:746 170920 171585 1
04-07-2017-17:14:30:796 171585 172250 1
04-07-2017-17:14:30:831 172250 172915 1
04-07-2017-17:14:30:870 172915 173580 1
04-07-2017-17:14:30:916 173580 174245 1
