04-07-2017-15:43:48:943 0 694 1
04-07-2017-15:43:48:980 694 1388 1
04-07-2017-15:43:49:032 1388 2082 1
04-07-2017-15:43:49:067 2082 2776 1
04-07-2017-15:43:49:119 2776 3470 1
04-07-2017-15:43:49:152 3470 4164 1
04-07-2017-15:43:49:200 4164 4858 1
04-07-2017-15:43:49:240 4858 5552 1
04-07-2017-15:43:49:292 5552 6246 1
04-07-2017-15:43:49:327 6246 6940 1
04-07-2017-15:43:49:372 6940 7634 1
04-07-2017-15:43:49:420 7634 8328 1
04-07-2017-15:43:49:458 8328 9022 1
04-07-2017-15:43:49:505 9022 9716 1
04-07-2017-15:43:49:543 9716 10410 1
04-07-2017-15:43:49:595 10410 11104 1
04-07-2017-15:43:49:630 11104 11798 1
04-07-2017-15:43:49:676 11798 12492 1
04-07-2017-15:43:49:715 12492 13186 1
04-07-2017-15:43:49:761 13186 13880 1
04-07-2017-15:43:49:808 13880 14574 1
04-07-2017-15:43:49:854 14574 15268 1
04-07-2017-15:43:49:894 15268 15962 1
04-07-2017-15:43:49:941 15962 16656 1
04-07-2017-15:43:49:975 16656 17350 1
04-07-2017-15:43:50:027 17350 18044 1
04-07-2017-15:43:50:074 18044 18738 1
04-07-2017-15:43:50:108 18738 19432 1
04-07-2017-15:43:50:155 19432 20126 1
04-07-2017-15:43:50:195 20126 20820 1
04-07-2017-15:43:50:247 20820 21514 1
04-07-2017-15:43:50:282 21514 22208 1
04-07-2017-15:43:50:328 22208 22902 1
04-07-2017-15:43:50:375 22902 23596 1
04-07-2017-15:43:50:415 23596 24290 1
04-07-2017-15:43:50:461 24290 24984 1
04-07-2017-15:43:50:496 24984 25678 1
04-07-2017-15:43:50:548 25678 26372 1
04-07-2017-15:43:50:593 26372 27066 1
04-07-2017-15:43:50:629 27066 27760 1
04-07-2017-15:43:50:674 27760 28454 1
04-07-2017-15:43:50:716 28454 29148 1
04-07-2017-15:43:50:761 29148 29842 1
04-07-2017-15:43:50:808 29842 30536 1
04-07-2017-15:43:50:844 30536 31230 1
04-07-2017-15:43:50:893 31230 31924 1
04-07-2017-15:43:50:941 31924 32618 1
04-07-2017-15:43:50:976 32618 33312 1
04-07-2017-15:43:51:026 33312 34006 1
04-07-2017-15:43:51:062 34006 34700 1
04-07-2017-15:43:51:107 34700 35394 1
04-07-2017-15:43:51:149 35394 36088 1
04-07-2017-15:43:51:195 36088 36782 1
04-07-2017-15:43:51:240 36782 37476 1
04-07-2017-15:43:51:292 37476 38170 1
04-07-2017-15:43:51:327 38170 38864 1
04-07-2017-15:43:51:373 38864 39558 1
04-07-2017-15:43:51:409 39558 40252 1
04-07-2017-15:43:51:452 40252 40946 1
04-07-2017-15:43:51:500 40946 41640 1
04-07-2017-15:43:51:550 41640 42334 1
04-07-2017-15:43:51:585 42334 43028 1
04-07-2017-15:43:51:631 43028 43722 1
04-07-2017-15:43:51:679 43722 44416 1
04-07-2017-15:43:51:719 44416 45110 1
04-07-2017-15:43:51:765 45110 45804 1
04-07-2017-15:43:51:800 45804 46498 1
04-07-2017-15:43:51:852 46498 47192 1
04-07-2017-15:43:51:887 47192 47886 1
04-07-2017-15:43:51:933 47886 48580 1
04-07-2017-15:43:51:979 48580 49274 1
04-07-2017-15:43:52:020 49274 49968 1
04-07-2017-15:43:52:201 49968 50662 1
04-07-2017-15:43:52:202 50662 51356 1
04-07-2017-15:43:52:202 51356 52050 1
04-07-2017-15:43:52:203 52050 52744 1
04-07-2017-15:43:52:235 52744 53438 1
04-07-2017-15:43:52:281 53438 54132 1
04-07-2017-15:43:52:320 54132 54826 1
04-07-2017-15:43:52:367 54826 55520 1
04-07-2017-15:43:52:412 55520 56214 1
04-07-2017-15:43:52:448 56214 56908 1
04-07-2017-15:43:52:500 56908 57602 1
04-07-2017-15:43:52:545 57602 58296 1
04-07-2017-15:43:52:581 58296 58990 1
04-07-2017-15:43:52:632 58990 59684 1
04-07-2017-15:43:52:666 59684 60378 1
04-07-2017-15:43:52:713 60378 61072 1
04-07-2017-15:43:52:765 61072 61766 1
04-07-2017-15:43:52:799 61766 62460 1
04-07-2017-15:43:52:846 62460 63154 1
04-07-2017-15:43:52:891 63154 63848 1
04-07-2017-15:43:52:933 63848 64542 1
04-07-2017-15:43:52:972 64542 65236 1
04-07-2017-15:43:53:017 65236 65930 1
04-07-2017-15:43:53:065 65930 66624 1
04-07-2017-15:43:53:104 66624 67318 1
04-07-2017-15:43:53:151 67318 68012 1
04-07-2017-15:43:53:186 68012 68706 1
04-07-2017-15:43:53:232 68706 69400 1
04-07-2017-15:43:53:271 69400 70094 1
04-07-2017-15:43:53:320 70094 70788 1
04-07-2017-15:43:53:365 70788 71482 1
04-07-2017-15:43:53:411 71482 72176 1
04-07-2017-15:43:53:446 72176 72870 1
04-07-2017-15:43:53:492 72870 73564 1
04-07-2017-15:43:53:540 73564 74258 1
04-07-2017-15:43:53:585 74258 74952 1
04-07-2017-15:43:53:627 74952 75646 1
04-07-2017-15:43:53:673 75646 76340 1
04-07-2017-15:43:53:708 76340 77034 1
04-07-2017-15:43:53:754 77034 77728 1
04-07-2017-15:43:53:801 77728 78422 1
04-07-2017-15:43:53:837 78422 79116 1
04-07-2017-15:43:53:882 79116 79810 1
04-07-2017-15:43:53:928 79810 80504 1
04-07-2017-15:43:53:976 80504 81198 1
04-07-2017-15:43:54:015 81198 81892 1
04-07-2017-15:43:54:061 81892 82586 1
04-07-2017-15:43:54:096 82586 83280 1
04-07-2017-15:43:54:144 83280 83974 1
04-07-2017-15:43:54:190 83974 84668 1
04-07-2017-15:43:54:229 84668 85362 1
04-07-2017-15:43:54:277 85362 86056 1
04-07-2017-15:43:54:322 86056 86750 1
04-07-2017-15:43:54:358 86750 87444 1
04-07-2017-15:43:54:403 87444 88138 1
04-07-2017-15:43:54:449 88138 88832 1
04-07-2017-15:43:54:495 88832 89526 1
04-07-2017-15:43:54:530 89526 90220 1
04-07-2017-15:43:54:576 90220 90914 1
04-07-2017-15:43:54:624 90914 91608 1
04-07-2017-15:43:54:663 91608 92302 1
04-07-2017-15:43:54:711 92302 92996 1
04-07-2017-15:43:54:757 92996 93690 1
04-07-2017-15:43:54:792 93690 94384 1
04-07-2017-15:43:54:842 94384 95078 1
04-07-2017-15:43:54:877 95078 95772 1
04-07-2017-15:43:54:923 95772 96466 1
04-07-2017-15:43:54:965 96466 97160 1
04-07-2017-15:43:55:010 97160 97854 1
04-07-2017-15:43:55:058 97854 98548 1
04-07-2017-15:43:55:110 98548 99242 1
04-07-2017-15:43:55:145 99242 99936 1
04-07-2017-15:43:55:191 99936 100630 1
04-07-2017-15:43:55:300 100630 101324 1
04-07-2017-15:43:55:301 101324 102018 1
04-07-2017-15:43:55:311 102018 102712 1
04-07-2017-15:43:55:357 102712 103406 1
04-07-2017-15:43:55:398 103406 104100 1
04-07-2017-15:43:55:444 104100 104794 1
04-07-2017-15:43:55:490 104794 105488 1
04-07-2017-15:43:55:531 105488 106182 1
04-07-2017-15:43:55:577 106182 106876 1
04-07-2017-15:43:55:625 106876 107570 1
04-07-2017-15:43:55:658 107570 108264 1
04-07-2017-15:43:55:710 108264 108958 1
04-07-2017-15:43:55:745 108958 109652 1
04-07-2017-15:43:55:791 109652 110346 1
04-07-2017-15:43:55:832 110346 111040 1
04-07-2017-15:43:55:878 111040 111734 1
04-07-2017-15:43:55:924 111734 112428 1
04-07-2017-15:43:55:971 112428 113122 1
04-07-2017-15:43:56:007 113122 113816 1
04-07-2017-15:43:56:057 113816 114510 1
04-07-2017-15:43:56:092 114510 115204 1
04-07-2017-15:43:56:138 115204 115898 1
04-07-2017-15:43:56:180 115898 116592 1
04-07-2017-15:43:56:225 116592 117286 1
04-07-2017-15:43:56:273 117286 117980 1
04-07-2017-15:43:56:325 117980 118674 1
04-07-2017-15:43:56:417 118674 119368 1
04-07-2017-15:43:56:418 119368 120062 1
04-07-2017-15:43:56:441 120062 120756 1
04-07-2017-15:43:56:492 120756 121450 1
04-07-2017-15:43:56:528 121450 122144 1
04-07-2017-15:43:56:573 122144 122838 1
04-07-2017-15:43:56:621 122838 123532 1
04-07-2017-15:43:56:661 123532 124226 1
04-07-2017-15:43:56:706 124226 124920 1
04-07-2017-15:43:56:742 124920 125614 1
04-07-2017-15:43:56:793 125614 126308 1
04-07-2017-15:43:56:839 126308 127002 1
04-07-2017-15:43:56:874 127002 127696 1
04-07-2017-15:43:56:926 127696 128390 1
04-07-2017-15:43:56:962 128390 129084 1
04-07-2017-15:43:57:007 129084 129778 1
04-07-2017-15:43:57:053 129778 130472 1
04-07-2017-15:43:57:094 130472 131166 1
04-07-2017-15:43:57:140 131166 131860 1
04-07-2017-15:43:57:175 131860 132554 1
04-07-2017-15:43:57:227 132554 133248 1
04-07-2017-15:43:57:262 133248 133942 1
04-07-2017-15:43:57:308 133942 134636 1
04-07-2017-15:43:57:350 134636 135330 1
04-07-2017-15:43:57:395 135330 136024 1
04-07-2017-15:43:57:443 136024 136718 1
04-07-2017-15:43:57:489 136718 137412 1
04-07-2017-15:43:57:524 137412 138106 1
04-07-2017-15:43:57:576 138106 138800 1
04-07-2017-15:43:57:609 138800 139494 1
04-07-2017-15:43:57:657 139494 140188 1
04-07-2017-15:43:57:696 140188 140882 1
04-07-2017-15:43:57:744 140882 141576 1
04-07-2017-15:43:57:790 141576 142270 1
04-07-2017-15:43:57:829 142270 142964 1
04-07-2017-15:43:57:875 142964 143658 1
04-07-2017-15:43:57:923 143658 144352 1
04-07-2017-15:43:57:956 144352 145046 1
04-07-2017-15:43:58:008 145046 145707 1
04-07-2017-15:43:58:043 145707 146368 1
04-07-2017-15:43:58:091 146368 147029 1
04-07-2017-15:43:58:130 147029 147690 1
04-07-2017-15:43:58:166 147690 148351 1
04-07-2017-15:43:58:211 148351 149012 1
04-07-2017-15:43:58:251 149012 149673 1
04-07-2017-15:43:58:286 149673 150334 1
04-07-2017-15:43:58:334 150334 150995 1
04-07-2017-15:43:58:386 150995 151656 1
04-07-2017-15:43:58:419 151656 152317 1
04-07-2017-15:43:58:454 152317 152978 1
04-07-2017-15:43:58:502 152978 153639 1
04-07-2017-15:43:58:542 153639 154300 1
04-07-2017-15:43:58:587 154300 154961 1
04-07-2017-15:43:58:623 154961 155622 1
04-07-2017-15:43:58:662 155622 156283 1
04-07-2017-15:43:58:708 156283 156944 1
04-07-2017-15:43:58:743 156944 157605 1
04-07-2017-15:43:58:795 157605 158266 1
04-07-2017-15:43:58:828 158266 158927 1
04-07-2017-15:43:58:876 158927 159588 1
04-07-2017-15:43:58:911 159588 160249 1
04-07-2017-15:43:58:949 160249 160910 1
04-07-2017-15:43:58:988 160910 161571 1
04-07-2017-15:43:59:036 161571 162232 1
04-07-2017-15:43:59:082 162232 162893 1
04-07-2017-15:43:59:122 162893 163554 1
04-07-2017-15:43:59:157 163554 164215 1
04-07-2017-15:43:59:203 164215 164876 1
04-07-2017-15:43:59:239 164876 165537 1
04-07-2017-15:43:59:288 165537 166198 1
04-07-2017-15:43:59:324 166198 166859 1
04-07-2017-15:43:59:369 166859 167520 1
04-07-2017-15:43:59:409 167520 168181 1
04-07-2017-15:43:59:444 168181 168842 1
04-07-2017-15:43:59:554 168842 169503 1
04-07-2017-15:43:59:554 169503 170164 1
04-07-2017-15:43:59:577 170164 170825 1
04-07-2017-15:43:59:612 170825 171486 1
04-07-2017-15:43:59:658 171486 172147 1
04-07-2017-15:43:59:693 172147 172808 1
04-07-2017-15:43:59:733 172808 173469 1
04-07-2017-15:43:59:781 173469 174130 1
04-07-2017-15:43:59:826 174130 174791 1
04-07-2017-15:43:59:866 174791 175452 1
04-07-2017-15:43:59:901 175452 176113 1
04-07-2017-15:43:59:949 176113 176774 1
04-07-2017-15:43:59:982 176774 177435 1
04-07-2017-15:44:00:030 177435 178096 1
04-07-2017-15:44:00:069 178096 178757 1
04-07-2017-15:44:00:115 178757 179418 1
04-07-2017-15:44:00:150 179418 180079 1
04-07-2017-15:44:00:196 180079 180740 1
04-07-2017-15:44:00:235 180740 181401 1
04-07-2017-15:44:00:270 181401 182062 1
04-07-2017-15:44:00:318 182062 182723 1
04-07-2017-15:44:00:351 182723 183384 1
04-07-2017-15:44:00:399 183384 184045 1
04-07-2017-15:44:00:439 184045 184706 1
04-07-2017-15:44:00:490 184706 185367 1
04-07-2017-15:44:00:526 185367 186028 1
04-07-2017-15:44:00:559 186028 186689 1
04-07-2017-15:44:00:607 186689 187350 1
04-07-2017-15:44:00:749 187350 188011 1
04-07-2017-15:44:00:749 188011 188672 1
04-07-2017-15:44:00:750 188672 189333 1
04-07-2017-15:44:00:774 189333 189994 1
04-07-2017-15:44:00:810 189994 190655 1
04-07-2017-15:44:00:855 190655 191316 1
04-07-2017-15:44:00:891 191316 191977 1
04-07-2017-15:44:00:942 191977 192638 1
04-07-2017-15:44:00:976 192638 193299 1
04-07-2017-15:44:01:024 193299 193960 1
04-07-2017-15:44:01:057 193960 194621 1
04-07-2017-15:44:01:098 194621 195282 1
04-07-2017-15:44:01:144 195282 195943 1
04-07-2017-15:44:01:179 195943 196604 1
04-07-2017-15:44:01:227 196604 197265 1
04-07-2017-15:44:01:260 197265 197926 1
04-07-2017-15:44:01:312 197926 198587 1
04-07-2017-15:44:01:347 198587 199248 1
04-07-2017-15:44:01:393 199248 199909 1
04-07-2017-15:44:01:428 199909 200570 1
04-07-2017-15:44:01:476 200570 201231 1
04-07-2017-15:44:01:515 201231 201892 1
04-07-2017-15:44:01:561 201892 202553 1
04-07-2017-15:44:01:596 202553 203214 1
04-07-2017-15:44:01:642 203214 203875 1
04-07-2017-15:44:01:677 203875 204536 1
04-07-2017-15:44:01:717 204536 205197 1
04-07-2017-15:44:01:765 205197 205858 1
04-07-2017-15:44:01:798 205858 206519 1
04-07-2017-15:44:01:846 206519 207180 1
04-07-2017-15:44:01:897 207180 207841 1
04-07-2017-15:44:01:931 207841 208502 1
04-07-2017-15:44:01:966 208502 209163 1
04-07-2017-15:44:02:018 209163 209824 1
04-07-2017-15:44:02:051 209824 210485 1
04-07-2017-15:44:02:087 210485 211146 1
04-07-2017-15:44:02:134 211146 211807 1
04-07-2017-15:44:02:173 211807 212468 1
04-07-2017-15:44:02:221 212468 213129 1
04-07-2017-15:44:02:254 213129 213790 1
04-07-2017-15:44:02:296 213790 214451 1
04-07-2017-15:44:02:341 214451 215112 1
04-07-2017-15:44:02:377 215112 215773 1
04-07-2017-15:44:02:427 215773 216434 1
04-07-2017-15:44:02:462 216434 217095 1
04-07-2017-15:44:02:510 217095 217756 1
04-07-2017-15:44:02:543 217756 218417 1
04-07-2017-15:44:02:585 218417 219078 1
04-07-2017-15:44:02:630 219078 219739 1
04-07-2017-15:44:02:666 219739 220400 1
04-07-2017-15:44:02:718 220400 221061 1
04-07-2017-15:44:02:753 221061 221722 1
04-07-2017-15:44:02:799 221722 222383 1
04-07-2017-15:44:02:834 222383 223044 1
04-07-2017-15:44:02:873 223044 223705 1
04-07-2017-15:44:02:919 223705 224366 1
04-07-2017-15:44:02:955 224366 225027 1
04-07-2017-15:44:03:007 225027 225688 1
04-07-2017-15:44:03:040 225688 226349 1
04-07-2017-15:44:03:088 226349 227010 1
04-07-2017-15:44:03:126 227010 227671 1
04-07-2017-15:44:03:162 227671 228332 1
04-07-2017-15:44:03:207 228332 228993 1
04-07-2017-15:44:03:259 228993 229654 1
04-07-2017-15:44:03:294 229654 230315 1
04-07-2017-15:44:03:328 230315 230976 1
04-07-2017-15:44:03:376 230976 231637 1
04-07-2017-15:44:03:415 231637 232298 1
04-07-2017-15:44:03:450 232298 232959 1
04-07-2017-15:44:03:502 232959 233620 1
04-07-2017-15:44:03:536 233620 234281 1
04-07-2017-15:44:03:583 234281 234942 1
04-07-2017-15:44:03:623 234942 235603 1
04-07-2017-15:44:03:656 235603 236264 1
04-07-2017-15:44:03:704 236264 236925 1
04-07-2017-15:44:03:744 236925 237586 1
04-07-2017-15:44:03:905 237586 238247 1
04-07-2017-15:44:03:906 238247 238908 1
04-07-2017-15:44:03:906 238908 239569 1
04-07-2017-15:44:03:910 239569 240230 1
04-07-2017-15:44:03:946 240230 240891 1
04-07-2017-15:44:03:993 240891 241552 1
04-07-2017-15:44:04:039 241552 242213 1
04-07-2017-15:44:04:080 242213 242874 1
04-07-2017-15:44:04:113 242874 243535 1
04-07-2017-15:44:04:161 243535 244196 1
04-07-2017-15:44:04:196 244196 244857 1
04-07-2017-15:44:04:242 244857 245518 1
04-07-2017-15:44:04:281 245518 246179 1
04-07-2017-15:44:04:329 246179 246840 1
04-07-2017-15:44:04:362 246840 247501 1
04-07-2017-15:44:04:410 247501 248162 1
04-07-2017-15:44:04:449 248162 248823 1
04-07-2017-15:44:04:484 248823 249484 1
04-07-2017-15:44:04:530 249484 250145 1
04-07-2017-15:44:04:565 250145 250806 1
04-07-2017-15:44:04:618 250806 251467 1
04-07-2017-15:44:04:653 251467 252128 1
04-07-2017-15:44:04:698 252128 252789 1
04-07-2017-15:44:04:740 252789 253450 1
04-07-2017-15:44:04:773 253450 254111 1
04-07-2017-15:44:04:821 254111 254772 1
04-07-2017-15:44:04:860 254772 255433 1
04-07-2017-15:44:04:906 255433 256094 1
04-07-2017-15:44:04:941 256094 256755 1
04-07-2017-15:44:04:981 256755 257416 1
04-07-2017-15:44:05:029 257416 258077 1
04-07-2017-15:44:05:068 258077 258738 1
04-07-2017-15:44:05:114 258738 259399 1
04-07-2017-15:44:05:149 259399 260060 1
04-07-2017-15:44:05:188 260060 260721 1
04-07-2017-15:44:05:250 260721 261382 1
04-07-2017-15:44:05:272 261382 262043 1
04-07-2017-15:44:05:321 262043 262704 1
04-07-2017-15:44:05:357 262704 263365 1
04-07-2017-15:44:05:402 263365 264026 1
04-07-2017-15:44:05:438 264026 264687 1
04-07-2017-15:44:05:477 264687 265348 1
04-07-2017-15:44:05:523 265348 266009 1
04-07-2017-15:44:05:558 266009 266670 1
04-07-2017-15:44:05:606 266670 267331 1
04-07-2017-15:44:05:643 267331 267992 1
04-07-2017-15:44:05:691 267992 268653 1
04-07-2017-15:44:05:724 268653 269314 1
04-07-2017-15:44:05:766 269314 269975 1
04-07-2017-15:44:05:811 269975 270636 1
04-07-2017-15:44:05:857 270636 271297 1
04-07-2017-15:44:05:896 271297 271958 1
04-07-2017-15:44:05:932 271958 272619 1
04-07-2017-15:44:05:979 272619 273280 1
04-07-2017-15:44:06:019 273280 273941 1
04-07-2017-15:44:06:054 273941 274602 1
04-07-2017-15:44:06:100 274602 275263 1
04-07-2017-15:44:06:152 275263 275924 1
04-07-2017-15:44:06:187 275924 276585 1
04-07-2017-15:44:06:222 276585 277246 1
04-07-2017-15:44:06:268 277246 277907 1
04-07-2017-15:44:06:307 277907 278568 1
04-07-2017-15:44:06:343 278568 279229 1
04-07-2017-15:44:06:390 279229 279890 1
04-07-2017-15:44:06:430 279890 280551 1
04-07-2017-15:44:06:475 280551 281212 1
04-07-2017-15:44:06:511 281212 281873 1
04-07-2017-15:44:06:556 281873 282534 1
04-07-2017-15:44:06:596 282534 283195 1
04-07-2017-15:44:06:644 283195 283856 1
04-07-2017-15:44:06:677 283856 284517 1
04-07-2017-15:44:06:718 284517 285178 1
04-07-2017-15:44:06:764 285178 285839 1
04-07-2017-15:44:06:799 285839 286500 1
04-07-2017-15:44:06:849 286500 287161 1
04-07-2017-15:44:06:884 287161 287822 1
04-07-2017-15:44:06:932 287822 288483 1
04-07-2017-15:44:06:965 288483 289144 1
04-07-2017-15:44:07:005 289144 289805 1
04-07-2017-15:44:07:051 289805 290466 1
04-07-2017-15:44:07:086 290466 291127 1
04-07-2017-15:44:07:138 291127 291788 1
04-07-2017-15:44:07:174 291788 292449 1
04-07-2017-15:44:07:219 292449 293110 1
04-07-2017-15:44:07:261 293110 293771 1
04-07-2017-15:44:07:294 293771 294432 1
04-07-2017-15:44:07:342 294432 295093 1
04-07-2017-15:44:07:381 295093 295754 1
04-07-2017-15:44:07:427 295754 296415 1
04-07-2017-15:44:07:462 296415 297076 1
04-07-2017-15:44:07:514 297076 297737 1
04-07-2017-15:44:07:547 297737 298398 1
04-07-2017-15:44:07:583 298398 299059 1
04-07-2017-15:44:07:629 299059 299720 1
04-07-2017-15:44:07:669 299720 300381 1
04-07-2017-15:44:07:716 300381 301042 1
04-07-2017-15:44:07:749 301042 301703 1
04-07-2017-15:44:07:801 301703 302364 1
04-07-2017-15:44:07:857 302364 303025 1
04-07-2017-15:44:07:873 303025 303686 1
04-07-2017-15:44:07:918 303686 304347 1
04-07-2017-15:44:07:964 304347 305008 1
04-07-2017-15:44:08:005 305008 305669 1
04-07-2017-15:44:08:041 305669 306330 1
04-07-2017-15:44:08:086 306330 306991 1
04-07-2017-15:44:08:121 306991 307652 1
04-07-2017-15:44:08:161 307652 308313 1
04-07-2017-15:44:08:209 308313 308974 1
04-07-2017-15:44:08:242 308974 309635 1
04-07-2017-15:44:08:290 309635 310296 1
04-07-2017-15:44:08:333 310296 310957 1
04-07-2017-15:44:08:368 310957 311618 1
04-07-2017-15:44:08:414 311618 312279 1
04-07-2017-15:44:08:456 312279 312940 1
04-07-2017-15:44:08:501 312940 313601 1
04-07-2017-15:44:08:537 313601 314262 1
04-07-2017-15:44:08:582 314262 314923 1
04-07-2017-15:44:08:624 314923 315584 1
04-07-2017-15:44:08:657 315584 316245 1
04-07-2017-15:44:08:705 316245 316906 1
04-07-2017-15:44:08:744 316906 317567 1
04-07-2017-15:44:08:790 317567 318228 1
04-07-2017-15:44:08:825 318228 318889 1
04-07-2017-15:44:08:865 318889 319550 1
04-07-2017-15:44:08:910 319550 320211 1
04-07-2017-15:44:08:946 320211 320872 1
04-07-2017-15:44:08:998 320872 321533 1
04-07-2017-15:44:09:033 321533 322194 1
04-07-2017-15:44:09:079 322194 322855 1
04-07-2017-15:44:09:114 322855 323516 1
04-07-2017-15:44:09:153 323516 324177 1
04-07-2017-15:44:09:199 324177 324838 1
04-07-2017-15:44:09:234 324838 325499 1
04-07-2017-15:44:09:286 325499 326160 1
04-07-2017-15:44:09:319 326160 326821 1
04-07-2017-15:44:09:367 326821 327482 1
04-07-2017-15:44:09:401 327482 328143 1
04-07-2017-15:44:09:443 328143 328804 1
04-07-2017-15:44:09:492 328804 329465 1
04-07-2017-15:44:09:528 329465 330126 1
04-07-2017-15:44:09:574 330126 330787 1
04-07-2017-15:44:09:613 330787 331448 1
04-07-2017-15:44:09:649 331448 332109 1
04-07-2017-15:44:09:694 332109 332770 1
04-07-2017-15:44:09:729 332770 333431 1
04-07-2017-15:44:09:781 333431 334092 1
04-07-2017-15:44:09:817 334092 334753 1
04-07-2017-15:44:09:862 334753 335414 1
04-07-2017-15:44:09:904 335414 336075 1
04-07-2017-15:44:09:937 336075 336736 1
04-07-2017-15:44:09:985 336736 337397 1
04-07-2017-15:44:10:019 337397 338058 1
04-07-2017-15:44:10:071 338058 338719 1
04-07-2017-15:44:10:106 338719 339380 1
04-07-2017-15:44:10:151 339380 340041 1
04-07-2017-15:44:10:193 340041 340702 1
04-07-2017-15:44:10:226 340702 341363 1
04-07-2017-15:44:10:274 341363 342024 1
04-07-2017-15:44:10:313 342024 342685 1
04-07-2017-15:44:10:361 342685 343346 1
04-07-2017-15:44:10:394 343346 344007 1
04-07-2017-15:44:10:446 344007 344668 1
04-07-2017-15:44:10:481 344668 345329 1
04-07-2017-15:44:10:516 345329 345990 1
04-07-2017-15:44:10:562 345990 346651 1
04-07-2017-15:44:10:602 346651 347312 1
04-07-2017-15:44:10:650 347312 347973 1
04-07-2017-15:44:10:683 347973 348634 1
04-07-2017-15:44:10:722 348634 349295 1
04-07-2017-15:44:10:770 349295 349956 1
04-07-2017-15:44:10:805 349956 350617 1
04-07-2017-15:44:10:855 350617 351278 1
04-07-2017-15:44:10:930 351278 351939 1
04-07-2017-15:44:10:937 351939 352600 1
04-07-2017-15:44:10:976 352600 353261 1
04-07-2017-15:44:11:012 353261 353922 1
04-07-2017-15:44:11:064 353922 354583 1
04-07-2017-15:44:11:097 354583 355244 1
04-07-2017-15:44:11:144 355244 355905 1
04-07-2017-15:44:11:180 355905 356566 1
04-07-2017-15:44:11:219 356566 357227 1
04-07-2017-15:44:11:265 357227 357888 1
04-07-2017-15:44:11:300 357888 358549 1
04-07-2017-15:44:11:352 358549 359210 1
04-07-2017-15:44:11:385 359210 359871 1
04-07-2017-15:44:11:433 359871 360532 1
04-07-2017-15:44:11:472 360532 361193 1
04-07-2017-15:44:11:508 361193 361854 1
04-07-2017-15:44:11:553 361854 362515 1
04-07-2017-15:44:11:600 362515 363176 1
04-07-2017-15:44:11:639 363176 363837 1
04-07-2017-15:44:11:675 363837 364498 1
04-07-2017-15:44:11:720 364498 365159 1
04-07-2017-15:44:11:762 365159 365820 1
04-07-2017-15:44:11:795 365820 366481 1
04-07-2017-15:44:11:843 366481 367142 1
04-07-2017-15:44:11:882 367142 367803 1
04-07-2017-15:44:11:928 367803 368464 1
04-07-2017-15:44:11:963 368464 369125 1
04-07-2017-15:44:12:009 369125 369786 1
04-07-2017-15:44:12:050 369786 370447 1
04-07-2017-15:44:12:086 370447 371108 1
04-07-2017-15:44:12:131 371108 371769 1
04-07-2017-15:44:12:183 371769 372430 1
04-07-2017-15:44:12:219 372430 373091 1
04-07-2017-15:44:12:252 373091 373752 1
04-07-2017-15:44:12:299 373752 374413 1
04-07-2017-15:44:12:339 374413 375074 1
04-07-2017-15:44:12:385 375074 375735 1
04-07-2017-15:44:12:421 375735 376396 1
04-07-2017-15:44:12:460 376396 377057 1
04-07-2017-15:44:12:500 377057 377718 1
04-07-2017-15:44:12:548 377718 378379 1
04-07-2017-15:44:12:581 378379 379040 1
04-07-2017-15:44:12:633 379040 379627 1
04-07-2017-15:44:12:658 379627 380214 1
04-07-2017-15:44:12:691 380214 380801 1
04-07-2017-15:44:12:739 380801 381388 1
04-07-2017-15:44:12:766 381388 381975 1
04-07-2017-15:44:12:802 381975 382562 1
04-07-2017-15:44:12:849 382562 383149 1
04-07-2017-15:44:12:883 383149 383736 1
04-07-2017-15:44:12:912 383736 384323 1
04-07-2017-15:44:12:958 384323 384910 1
04-07-2017-15:44:12:993 384910 385497 1
04-07-2017-15:44:13:028 385497 386084 1
04-07-2017-15:44:13:068 386084 386671 1
04-07-2017-15:44:13:103 386671 387258 1
04-07-2017-15:44:13:136 387258 387845 1
04-07-2017-15:44:13:178 387845 388432 1
04-07-2017-15:44:13:213 388432 389019 1
04-07-2017-15:44:13:249 389019 389606 1
04-07-2017-15:44:13:282 389606 390193 1
04-07-2017-15:44:13:321 390193 390780 1
04-07-2017-15:44:13:356 390780 391367 1
04-07-2017-15:44:13:392 391367 391954 1
04-07-2017-15:44:13:427 391954 392541 1
04-07-2017-15:44:13:466 392541 393128 1
04-07-2017-15:44:13:502 393128 393715 1
04-07-2017-15:44:13:535 393715 394302 1
04-07-2017-15:44:13:571 394302 394889 1
04-07-2017-15:44:13:611 394889 395476 1
04-07-2017-15:44:13:644 395476 396063 1
04-07-2017-15:44:13:692 396063 396650 1
04-07-2017-15:44:13:731 396650 397237 1
04-07-2017-15:44:13:764 397237 397824 1
04-07-2017-15:44:13:799 397824 398411 1
04-07-2017-15:44:13:835 398411 398998 1
04-07-2017-15:44:13:876 398998 399585 1
04-07-2017-15:44:13:909 399585 400172 1
04-07-2017-15:44:13:945 400172 400759 1
04-07-2017-15:44:13:984 400759 401346 1
04-07-2017-15:44:14:024 401346 401933 1
04-07-2017-15:44:14:049 401933 402520 1
04-07-2017-15:44:14:094 402520 403107 1
04-07-2017-15:44:14:130 403107 403694 1
04-07-2017-15:44:14:169 403694 404281 1
04-07-2017-15:44:14:205 404281 404868 1
04-07-2017-15:44:14:238 404868 405455 1
04-07-2017-15:44:14:273 405455 406042 1
04-07-2017-15:44:14:315 406042 406629 1
04-07-2017-15:44:14:348 406629 407216 1
04-07-2017-15:44:14:383 407216 407803 1
04-07-2017-15:44:14:418 407803 408390 1
04-07-2017-15:44:14:458 408390 408977 1
04-07-2017-15:44:14:493 408977 409564 1
04-07-2017-15:44:14:528 409564 410151 1
04-07-2017-15:44:14:585 410151 410738 1
04-07-2017-15:44:14:603 410738 411325 1
04-07-2017-15:44:14:638 411325 411912 1
04-07-2017-15:44:14:673 411912 412499 1
04-07-2017-15:44:14:719 412499 413086 1
04-07-2017-15:44:14:754 413086 413673 1
04-07-2017-15:44:14:789 413673 414260 1
04-07-2017-15:44:14:825 414260 414847 1
04-07-2017-15:44:14:860 414847 415434 1
04-07-2017-15:44:14:893 415434 416021 1
04-07-2017-15:44:14:928 416021 416608 1
04-07-2017-15:44:14:968 416608 417195 1
04-07-2017-15:44:15:003 417195 417782 1
04-07-2017-15:44:15:038 417782 418369 1
04-07-2017-15:44:15:084 418369 418956 1
04-07-2017-15:44:15:119 418956 419543 1
04-07-2017-15:44:15:155 419543 420130 1
04-07-2017-15:44:15:190 420130 420717 1
04-07-2017-15:44:15:225 420717 421304 1
04-07-2017-15:44:15:261 421304 421891 1
04-07-2017-15:44:15:294 421891 422478 1
04-07-2017-15:44:15:342 422478 423065 1
04-07-2017-15:44:15:377 423065 423652 1
04-07-2017-15:44:15:421 423652 424239 1
04-07-2017-15:44:15:446 424239 424826 1
04-07-2017-15:44:15:479 424826 425413 1
04-07-2017-15:44:15:524 425413 426000 1
04-07-2017-15:44:15:554 426000 426587 1
04-07-2017-15:44:15:589 426587 427174 1
04-07-2017-15:44:15:635 427174 427761 1
04-07-2017-15:44:15:670 427761 428348 1
04-07-2017-15:44:15:705 428348 428935 1
04-07-2017-15:44:15:741 428935 429522 1
04-07-2017-15:44:15:776 429522 430109 1
04-07-2017-15:44:15:809 430109 430696 1
04-07-2017-15:44:15:857 430696 431283 1
04-07-2017-15:44:15:892 431283 431870 1
04-07-2017-15:44:15:927 431870 432457 1
04-07-2017-15:44:15:961 432457 433044 1
04-07-2017-15:44:15:996 433044 433631 1
04-07-2017-15:44:16:036 433631 434218 1
04-07-2017-15:44:16:071 434218 434805 1
04-07-2017-15:44:16:106 434805 435392 1
04-07-2017-15:44:16:142 435392 435979 1
04-07-2017-15:44:16:177 435979 436566 1
04-07-2017-15:44:16:223 436566 437153 1
04-07-2017-15:44:16:258 437153 437740 1
04-07-2017-15:44:16:292 437740 438327 1
04-07-2017-15:44:16:327 438327 438914 1
04-07-2017-15:44:16:362 438914 439501 1
04-07-2017-15:44:16:398 439501 440088 1
04-07-2017-15:44:16:433 440088 440675 1
04-07-2017-15:44:16:473 440675 441262 1
04-07-2017-15:44:16:508 441262 441849 1
04-07-2017-15:44:16:543 441849 442436 1
04-07-2017-15:44:16:589 442436 443023 1
04-07-2017-15:44:16:624 443023 443610 1
04-07-2017-15:44:16:660 443610 444197 1
04-07-2017-15:44:16:695 444197 444784 1
04-07-2017-15:44:16:730 444784 445371 1
04-07-2017-15:44:16:770 445371 445958 1
04-07-2017-15:44:16:805 445958 446545 1
04-07-2017-15:44:16:838 446545 447132 1
04-07-2017-15:44:16:874 447132 447719 1
04-07-2017-15:44:16:915 447719 448306 1
04-07-2017-15:44:16:949 448306 448893 1
04-07-2017-15:44:16:990 448893 449480 1
04-07-2017-15:44:17:024 449480 450067 1
04-07-2017-15:44:17:059 450067 450654 1
04-07-2017-15:44:17:094 450654 451241 1
04-07-2017-15:44:17:135 451241 451828 1
04-07-2017-15:44:17:170 451828 452415 1
04-07-2017-15:44:17:298 452415 453002 1
04-07-2017-15:44:17:299 453002 453589 1
04-07-2017-15:44:17:299 453589 454176 1
04-07-2017-15:44:17:313 454176 454763 1
04-07-2017-15:44:17:361 454763 455350 1
04-07-2017-15:44:17:394 455350 455937 1
04-07-2017-15:44:17:429 455937 456524 1
04-07-2017-15:44:17:464 456524 457111 1
04-07-2017-15:44:17:500 457111 457698 1
04-07-2017-15:44:17:539 457698 458285 1
04-07-2017-15:44:17:574 458285 458872 1
04-07-2017-15:44:17:609 458872 459459 1
04-07-2017-15:44:17:644 459459 460046 1
