04-07-2017-13:58:10:873 0 720 1
04-07-2017-13:58:10:914 720 1440 1
04-07-2017-13:58:10:954 1440 2160 1
04-07-2017-13:58:11:001 2160 2880 1
04-07-2017-13:58:11:053 2880 3600 1
04-07-2017-13:58:11:099 3600 4320 1
04-07-2017-13:58:11:138 4320 5040 1
04-07-2017-13:58:11:190 5040 5760 1
04-07-2017-13:58:11:226 5760 6480 1
04-07-2017-13:58:11:273 6480 7200 1
04-07-2017-13:58:11:317 7200 7920 1
04-07-2017-13:58:11:365 7920 8640 1
04-07-2017-13:58:11:416 8640 9360 1
04-07-2017-13:58:11:452 9360 10080 1
04-07-2017-13:58:11:504 10080 10787 1
04-07-2017-13:58:11:541 10787 11494 1
04-07-2017-13:58:11:593 11494 12184 1
04-07-2017-13:58:11:632 12184 12874 1
04-07-2017-13:58:11:668 12874 13564 1
04-07-2017-13:58:11:720 13564 14254 1
04-07-2017-13:58:11:753 14254 14944 1
04-07-2017-13:58:11:805 14944 15518 1
04-07-2017-13:58:11:830 15518 16092 1
04-07-2017-13:58:11:865 16092 16666 1
04-07-2017-13:58:11:900 16666 17240 1
04-07-2017-13:58:11:939 17240 17814 1
04-07-2017-13:58:11:974 17814 18388 1
04-07-2017-13:58:12:009 18388 18962 1
04-07-2017-13:58:12:049 18962 19536 1
04-07-2017-13:58:12:084 19536 20110 1
04-07-2017-13:58:12:123 20110 20684 1
04-07-2017-13:58:12:152 20684 21258 1
04-07-2017-13:58:12:187 21258 21832 1
04-07-2017-13:58:12:222 21832 22406 1
04-07-2017-13:58:12:263 22406 22980 1
04-07-2017-13:58:12:296 22980 23554 1
04-07-2017-13:58:12:331 23554 24128 1
04-07-2017-13:58:12:371 24128 24702 1
04-07-2017-13:58:12:406 24702 25276 1
04-07-2017-13:58:12:441 25276 25850 1
04-07-2017-13:58:12:476 25850 26424 1
04-07-2017-13:58:12:516 26424 26998 1
04-07-2017-13:58:12:551 26998 27572 1
04-07-2017-13:58:12:586 27572 28146 1
04-07-2017-13:58:12:626 28146 28720 1
04-07-2017-13:58:12:661 28720 29294 1
04-07-2017-13:58:12:696 29294 29868 1
04-07-2017-13:58:12:725 29868 30442 1
04-07-2017-13:58:12:758 30442 31016 1
04-07-2017-13:58:12:805 31016 31590 1
04-07-2017-13:58:12:834 31590 32164 1
04-07-2017-13:58:12:869 32164 32738 1
04-07-2017-13:58:12:902 32738 33312 1
04-07-2017-13:58:12:944 33312 33886 1
04-07-2017-13:58:12:979 33886 34460 1
04-07-2017-13:58:13:014 34460 35034 1
04-07-2017-13:58:13:049 35034 35608 1
04-07-2017-13:58:13:088 35608 36182 1
04-07-2017-13:58:13:123 36182 36756 1
04-07-2017-13:58:13:158 36756 37330 1
04-07-2017-13:58:13:198 37330 37904 1
04-07-2017-13:58:13:233 37904 38478 1
04-07-2017-13:58:13:268 38478 39052 1
04-07-2017-13:58:13:297 39052 39626 1
04-07-2017-13:58:13:343 39626 40200 1
04-07-2017-13:58:13:378 40200 40774 1
04-07-2017-13:58:13:414 40774 41348 1
04-07-2017-13:58:13:449 41348 41922 1
04-07-2017-13:58:13:489 41922 42496 1
04-07-2017-13:58:13:511 42496 43070 1
04-07-2017-13:58:13:559 43070 43644 1
04-07-2017-13:58:13:592 43644 44218 1
04-07-2017-13:58:13:622 44218 44792 1
04-07-2017-13:58:13:657 44792 45366 1
04-07-2017-13:58:13:692 45366 45940 1
04-07-2017-13:58:13:732 45940 46514 1
04-07-2017-13:58:13:767 46514 47088 1
04-07-2017-13:58:13:802 47088 47662 1
04-07-2017-13:58:13:842 47662 48236 1
04-07-2017-13:58:13:877 48236 48810 1
04-07-2017-13:58:13:911 48810 49384 1
04-07-2017-13:58:14:075 49384 49958 1
04-07-2017-13:58:14:075 49958 50532 1
04-07-2017-13:58:14:075 50532 51106 1
04-07-2017-13:58:14:075 51106 51680 1
04-07-2017-13:58:14:096 51680 52254 1
04-07-2017-13:58:14:131 52254 52828 1
04-07-2017-13:58:14:167 52828 53402 1
04-07-2017-13:58:14:194 53402 53976 1
04-07-2017-13:58:14:229 53976 54550 1
04-07-2017-13:58:14:275 54550 55124 1
04-07-2017-13:58:14:304 55124 55698 1
04-07-2017-13:58:14:339 55698 56272 1
04-07-2017-13:58:14:374 56272 56846 1
04-07-2017-13:58:14:414 56846 57420 1
04-07-2017-13:58:14:449 57420 57994 1
04-07-2017-13:58:14:484 57994 58568 1
04-07-2017-13:58:14:524 58568 59142 1
04-07-2017-13:58:14:559 59142 59716 1
04-07-2017-13:58:14:599 59716 60290 1
04-07-2017-13:58:14:634 60290 60864 1
04-07-2017-13:58:14:668 60864 61438 1
04-07-2017-13:58:14:697 61438 62012 1
04-07-2017-13:58:14:742 62012 62586 1
04-07-2017-13:58:14:778 62586 63160 1
04-07-2017-13:58:14:805 63160 63734 1
04-07-2017-13:58:14:840 63734 64308 1
04-07-2017-13:58:14:875 64308 64882 1
04-07-2017-13:58:14:915 64882 65456 1
04-07-2017-13:58:14:950 65456 66030 1
04-07-2017-13:58:14:985 66030 66604 1
04-07-2017-13:58:15:025 66604 67178 1
04-07-2017-13:58:15:060 67178 67752 1
04-07-2017-13:58:15:100 67752 68326 1
04-07-2017-13:58:15:135 68326 68900 1
04-07-2017-13:58:15:168 68900 69474 1
04-07-2017-13:58:15:210 69474 70048 1
04-07-2017-13:58:15:245 70048 70622 1
04-07-2017-13:58:15:278 70622 71196 1
04-07-2017-13:58:15:307 71196 71770 1
04-07-2017-13:58:15:343 71770 72344 1
04-07-2017-13:58:15:378 72344 72918 1
04-07-2017-13:58:15:417 72918 73492 1
04-07-2017-13:58:15:453 73492 74066 1
04-07-2017-13:58:15:488 74066 74640 1
04-07-2017-13:58:15:527 74640 75214 1
04-07-2017-13:58:15:563 75214 75788 1
04-07-2017-13:58:15:598 75788 76362 1
04-07-2017-13:58:15:637 76362 76936 1
04-07-2017-13:58:15:673 76936 77510 1
04-07-2017-13:58:15:708 77510 78084 1
04-07-2017-13:58:15:748 78084 78658 1
04-07-2017-13:58:15:781 78658 79232 1
04-07-2017-13:58:15:822 79232 79806 1
04-07-2017-13:58:15:845 79806 80380 1
04-07-2017-13:58:15:880 80380 80954 1
04-07-2017-13:58:15:920 80954 81528 1
04-07-2017-13:58:15:955 81528 82102 1
04-07-2017-13:58:15:991 82102 82676 1
04-07-2017-13:58:16:030 82676 83250 1
04-07-2017-13:58:16:063 83250 83824 1
04-07-2017-13:58:16:099 83824 84398 1
04-07-2017-13:58:16:140 84398 84972 1
04-07-2017-13:58:16:173 84972 85546 1
04-07-2017-13:58:16:209 85546 86120 1
04-07-2017-13:58:16:250 86120 86694 1
04-07-2017-13:58:16:284 86694 87268 1
04-07-2017-13:58:16:319 87268 87842 1
04-07-2017-13:58:16:348 87842 88416 1
04-07-2017-13:58:16:388 88416 88990 1
04-07-2017-13:58:16:421 88990 89564 1
04-07-2017-13:58:16:462 89564 90138 1
04-07-2017-13:58:16:498 90138 90712 1
04-07-2017-13:58:16:531 90712 91286 1
04-07-2017-13:58:16:571 91286 91860 1
04-07-2017-13:58:16:606 91860 92434 1
04-07-2017-13:58:16:642 92434 93008 1
04-07-2017-13:58:16:681 93008 93582 1
04-07-2017-13:58:16:706 93582 94156 1
04-07-2017-13:58:16:739 94156 94730 1
04-07-2017-13:58:16:779 94730 95304 1
04-07-2017-13:58:16:814 95304 95878 1
04-07-2017-13:58:16:850 95878 96452 1
04-07-2017-13:58:16:889 96452 97026 1
04-07-2017-13:58:16:925 97026 97600 1
04-07-2017-13:58:16:960 97600 98174 1
04-07-2017-13:58:16:999 98174 98748 1
04-07-2017-13:58:17:035 98748 99322 1
04-07-2017-13:58:17:195 99322 99896 1
04-07-2017-13:58:17:196 99896 100470 1
04-07-2017-13:58:17:196 100470 101044 1
04-07-2017-13:58:17:196 101044 101618 1
04-07-2017-13:58:17:207 101618 102192 1
04-07-2017-13:58:17:242 102192 102766 1
04-07-2017-13:58:17:294 102766 103340 1
04-07-2017-13:58:17:317 103340 103914 1
04-07-2017-13:58:17:352 103914 104488 1
04-07-2017-13:58:17:394 104488 105062 1
04-07-2017-13:58:17:427 105062 105636 1
04-07-2017-13:58:17:462 105636 106210 1
04-07-2017-13:58:17:504 106210 106784 1
04-07-2017-13:58:17:537 106784 107358 1
04-07-2017-13:58:17:573 107358 107932 1
04-07-2017-13:58:17:612 107932 108506 1
04-07-2017-13:58:17:647 108506 109080 1
04-07-2017-13:58:17:687 109080 109654 1
04-07-2017-13:58:17:710 109654 110228 1
04-07-2017-13:58:17:745 110228 110802 1
04-07-2017-13:58:17:786 110802 111376 1
04-07-2017-13:58:17:820 111376 111950 1
04-07-2017-13:58:17:855 111950 112524 1
04-07-2017-13:58:17:893 112524 113098 1
04-07-2017-13:58:17:928 113098 113672 1
04-07-2017-13:58:17:963 113672 114246 1
04-07-2017-13:58:17:996 114246 114820 1
04-07-2017-13:58:18:036 114820 115394 1
04-07-2017-13:58:18:071 115394 115968 1
04-07-2017-13:58:18:106 115968 116542 1
04-07-2017-13:58:18:146 116542 117116 1
04-07-2017-13:58:18:181 117116 117690 1
04-07-2017-13:58:18:217 117690 118264 1
04-07-2017-13:58:18:256 118264 118838 1
04-07-2017-13:58:18:289 118838 119412 1
04-07-2017-13:58:18:325 119412 119986 1
04-07-2017-13:58:18:360 119986 120560 1
04-07-2017-13:58:18:399 120560 121134 1
04-07-2017-13:58:18:435 121134 121708 1
04-07-2017-13:58:18:470 121708 122282 1
04-07-2017-13:58:18:509 122282 122856 1
04-07-2017-13:58:18:544 122856 123430 1
04-07-2017-13:58:18:580 123430 124004 1
04-07-2017-13:58:18:613 124004 124578 1
04-07-2017-13:58:18:642 124578 125152 1
04-07-2017-13:58:18:678 125152 125726 1
04-07-2017-13:58:18:723 125726 126300 1
04-07-2017-13:58:18:765 126300 126874 1
04-07-2017-13:58:18:788 126874 127448 1
04-07-2017-13:58:18:823 127448 128022 1
04-07-2017-13:58:18:858 128022 128596 1
04-07-2017-13:58:18:898 128596 129170 1
04-07-2017-13:58:18:931 129170 129744 1
04-07-2017-13:58:18:966 129744 130318 1
04-07-2017-13:58:19:002 130318 130892 1
04-07-2017-13:58:19:043 130892 131466 1
04-07-2017-13:58:19:076 131466 132040 1
04-07-2017-13:58:19:112 132040 132614 1
04-07-2017-13:58:19:147 132614 133188 1
04-07-2017-13:58:19:186 133188 133762 1
04-07-2017-13:58:19:222 133762 134336 1
04-07-2017-13:58:19:257 134336 134910 1
04-07-2017-13:58:19:292 134910 135484 1
04-07-2017-13:58:19:332 135484 136058 1
04-07-2017-13:58:19:367 136058 136632 1
04-07-2017-13:58:19:404 136632 137206 1
04-07-2017-13:58:19:433 137206 137780 1
04-07-2017-13:58:19:467 137780 138354 1
04-07-2017-13:58:19:502 138354 138928 1
04-07-2017-13:58:19:554 138928 139502 1
04-07-2017-13:58:19:577 139502 140076 1
04-07-2017-13:58:19:612 140076 140650 1
04-07-2017-13:58:19:647 140650 141224 1
04-07-2017-13:58:19:680 141224 141798 1
04-07-2017-13:58:19:722 141798 142372 1
04-07-2017-13:58:19:757 142372 142946 1
04-07-2017-13:58:19:792 142946 143520 1
04-07-2017-13:58:19:825 143520 144094 1
04-07-2017-13:58:19:889 144094 144668 1
04-07-2017-13:58:19:903 144668 145242 1
04-07-2017-13:58:19:936 145242 145816 1
04-07-2017-13:58:19:971 145816 146390 1
04-07-2017-13:58:20:011 146390 146964 1
04-07-2017-13:58:20:046 146964 147538 1
04-07-2017-13:58:20:082 147538 148112 1
04-07-2017-13:58:20:117 148112 148686 1
04-07-2017-13:58:20:156 148686 149260 1
04-07-2017-13:58:20:192 149260 149834 1
04-07-2017-13:58:20:227 149834 150408 1
04-07-2017-13:58:20:260 150408 150982 1
04-07-2017-13:58:20:295 150982 151556 1
04-07-2017-13:58:20:331 151556 152130 1
04-07-2017-13:58:20:370 152130 152704 1
04-07-2017-13:58:20:405 152704 153278 1
04-07-2017-13:58:20:441 153278 153852 1
04-07-2017-13:58:20:476 153852 154426 1
04-07-2017-13:58:20:509 154426 155000 1
04-07-2017-13:58:20:544 155000 155574 1
04-07-2017-13:58:20:580 155574 156148 1
04-07-2017-13:58:20:621 156148 156722 1
04-07-2017-13:58:20:654 156722 157296 1
04-07-2017-13:58:20:690 157296 157870 1
04-07-2017-13:58:20:725 157870 158444 1
04-07-2017-13:58:20:760 158444 159018 1
04-07-2017-13:58:20:794 159018 159592 1
04-07-2017-13:58:20:835 159592 160166 1
04-07-2017-13:58:20:870 160166 160740 1
04-07-2017-13:58:20:910 160740 161314 1
04-07-2017-13:58:20:945 161314 161888 1
04-07-2017-13:58:20:978 161888 162462 1
04-07-2017-13:58:21:013 162462 163036 1
04-07-2017-13:58:21:055 163036 163610 1
04-07-2017-13:58:21:090 163610 164184 1
04-07-2017-13:58:21:123 164184 164758 1
04-07-2017-13:58:21:164 164758 165332 1
04-07-2017-13:58:21:199 165332 165906 1
04-07-2017-13:58:21:235 165906 166480 1
04-07-2017-13:58:21:262 166480 167054 1
04-07-2017-13:58:21:297 167054 167628 1
04-07-2017-13:58:21:342 167628 168202 1
04-07-2017-13:58:21:372 168202 168776 1
04-07-2017-13:58:21:407 168776 169350 1
04-07-2017-13:58:21:442 169350 169924 1
04-07-2017-13:58:21:482 169924 170498 1
04-07-2017-13:58:21:515 170498 171072 1
04-07-2017-13:58:21:550 171072 171646 1
04-07-2017-13:58:21:592 171646 172220 1
04-07-2017-13:58:21:625 172220 172794 1
04-07-2017-13:58:21:660 172794 173368 1
04-07-2017-13:58:21:700 173368 173942 1
04-07-2017-13:58:21:735 173942 174516 1
04-07-2017-13:58:21:770 174516 175090 1
04-07-2017-13:58:21:799 175090 175664 1
04-07-2017-13:58:21:845 175664 176238 1
04-07-2017-13:58:21:880 176238 176812 1
04-07-2017-13:58:21:907 176812 177386 1
04-07-2017-13:58:21:943 177386 177960 1
04-07-2017-13:58:21:988 177960 178534 1
04-07-2017-13:58:22:017 178534 179108 1
04-07-2017-13:58:22:053 179108 179682 1
04-07-2017-13:58:22:088 179682 180256 1
04-07-2017-13:58:22:127 180256 180830 1
04-07-2017-13:58:22:161 180830 181404 1
04-07-2017-13:58:22:196 181404 181978 1
04-07-2017-13:58:22:238 181978 182552 1
04-07-2017-13:58:22:271 182552 183126 1
04-07-2017-13:58:22:306 183126 183700 1
04-07-2017-13:58:22:348 183700 184274 1
04-07-2017-13:58:22:381 184274 184848 1
04-07-2017-13:58:22:416 184848 185422 1
04-07-2017-13:58:22:451 185422 185996 1
04-07-2017-13:58:22:481 185996 186570 1
04-07-2017-13:58:22:526 186570 187144 1
04-07-2017-13:58:22:561 187144 187718 1
04-07-2017-13:58:22:591 187718 188292 1
04-07-2017-13:58:22:624 188292 188866 1
04-07-2017-13:58:22:678 188866 189440 1
04-07-2017-13:58:22:701 189440 190014 1
04-07-2017-13:58:22:734 190014 190588 1
04-07-2017-13:58:22:770 190588 191162 1
04-07-2017-13:58:22:811 191162 191736 1
04-07-2017-13:58:22:844 191736 192310 1
04-07-2017-13:58:22:879 192310 192884 1
04-07-2017-13:58:22:921 192884 193458 1
04-07-2017-13:58:22:954 193458 194032 1
04-07-2017-13:58:22:989 194032 194606 1
04-07-2017-13:58:23:019 194606 195180 1
04-07-2017-13:58:23:064 195180 195754 1
04-07-2017-13:58:23:100 195754 196328 1
04-07-2017-13:58:23:129 196328 196902 1
04-07-2017-13:58:23:164 196902 197476 1
04-07-2017-13:58:23:197 197476 198050 1
04-07-2017-13:58:23:239 198050 198624 1
04-07-2017-13:58:23:274 198624 199198 1
04-07-2017-13:58:23:307 199198 199772 1
04-07-2017-13:58:23:349 199772 200346 1
04-07-2017-13:58:23:384 200346 200920 1
04-07-2017-13:58:23:417 200920 201494 1
04-07-2017-13:58:23:459 201494 202068 1
04-07-2017-13:58:23:494 202068 202642 1
04-07-2017-13:58:23:527 202642 203216 1
04-07-2017-13:58:23:556 203216 203790 1
04-07-2017-13:58:23:604 203790 204364 1
04-07-2017-13:58:23:638 204364 204938 1
04-07-2017-13:58:23:667 204938 205512 1
04-07-2017-13:58:23:702 205512 206086 1
04-07-2017-13:58:23:735 206086 206660 1
04-07-2017-13:58:23:777 206660 207234 1
04-07-2017-13:58:23:812 207234 207808 1
04-07-2017-13:58:23:845 207808 208382 1
04-07-2017-13:58:23:887 208382 208956 1
04-07-2017-13:58:23:921 208956 209530 1
04-07-2017-13:58:23:960 209530 210104 1
04-07-2017-13:58:23:996 210104 210678 1
04-07-2017-13:58:24:035 210678 211252 1
04-07-2017-13:58:24:060 211252 211826 1
04-07-2017-13:58:24:106 211826 212400 1
04-07-2017-13:58:24:145 212400 212974 1
04-07-2017-13:58:24:168 212974 213548 1
04-07-2017-13:58:24:203 213548 214122 1
04-07-2017-13:58:24:239 214122 214696 1
04-07-2017-13:58:24:278 214696 215270 1
04-07-2017-13:58:24:311 215270 215844 1
04-07-2017-13:58:24:347 215844 216418 1
04-07-2017-13:58:24:388 216418 216992 1
04-07-2017-13:58:24:421 216992 217566 1
04-07-2017-13:58:24:456 217566 218140 1
04-07-2017-13:58:24:492 218140 218714 1
04-07-2017-13:58:24:526 218714 219288 1
04-07-2017-13:58:24:568 219288 219862 1
04-07-2017-13:58:24:603 219862 220436 1
04-07-2017-13:58:24:636 220436 221010 1
04-07-2017-13:58:24:677 221010 221584 1
04-07-2017-13:58:24:713 221584 222158 1
04-07-2017-13:58:24:746 222158 222732 1
04-07-2017-13:58:24:787 222732 223306 1
04-07-2017-13:58:24:823 223306 223880 1
04-07-2017-13:58:24:856 223880 224454 1
04-07-2017-13:58:24:891 224454 225028 1
04-07-2017-13:58:24:920 225028 225602 1
04-07-2017-13:58:24:966 225602 226176 1
04-07-2017-13:58:25:002 226176 226750 1
04-07-2017-13:58:25:041 226750 227324 1
04-07-2017-13:58:25:064 227324 227898 1
04-07-2017-13:58:25:100 227898 228472 1
04-07-2017-13:58:25:135 228472 229046 1
04-07-2017-13:58:25:187 229046 229620 1
04-07-2017-13:58:25:210 229620 230194 1
04-07-2017-13:58:25:245 230194 230768 1
04-07-2017-13:58:25:281 230768 231342 1
04-07-2017-13:58:25:320 231342 231916 1
04-07-2017-13:58:25:355 231916 232490 1
04-07-2017-13:58:25:395 232490 233064 1
04-07-2017-13:58:25:430 233064 233638 1
04-07-2017-13:58:25:464 233638 234212 1
04-07-2017-13:58:25:505 234212 234786 1
04-07-2017-13:58:25:541 234786 235360 1
04-07-2017-13:58:25:579 235360 235934 1
04-07-2017-13:58:25:611 235934 236508 1
04-07-2017-13:58:25:638 236508 237082 1
04-07-2017-13:58:25:673 237082 237656 1
04-07-2017-13:58:25:719 237656 238230 1
04-07-2017-13:58:25:748 238230 238804 1
04-07-2017-13:58:25:902 238804 239378 1
04-07-2017-13:58:25:903 239378 239952 1
04-07-2017-13:58:25:903 239952 240526 1
04-07-2017-13:58:25:903 240526 241100 1
04-07-2017-13:58:25:928 241100 241674 1
04-07-2017-13:58:25:968 241674 242248 1
