04-07-2017-16:00:03:148 0 694 1
04-07-2017-16:00:03:191 694 1388 1
04-07-2017-16:00:03:239 1388 2082 1
04-07-2017-16:00:03:279 2082 2776 1
04-07-2017-16:00:03:324 2776 3470 1
04-07-2017-16:00:03:360 3470 4164 1
04-07-2017-16:00:03:407 4164 4858 1
04-07-2017-16:00:03:445 4858 5552 1
04-07-2017-16:00:03:490 5552 6246 1
04-07-2017-16:00:03:538 6246 6940 1
04-07-2017-16:00:03:584 6940 7634 1
04-07-2017-16:00:03:619 7634 8328 1
04-07-2017-16:00:03:665 8328 9022 1
04-07-2017-16:00:03:711 9022 9716 1
04-07-2017-16:00:03:757 9716 10410 1
04-07-2017-16:00:03:792 10410 11104 1
04-07-2017-16:00:03:838 11104 11798 1
04-07-2017-16:00:03:885 11798 12492 1
04-07-2017-16:00:03:931 12492 13186 1
04-07-2017-16:00:03:966 13186 13880 1
04-07-2017-16:00:04:012 13880 14574 1
04-07-2017-16:00:04:058 14574 15268 1
04-07-2017-16:00:04:104 15268 15962 1
04-07-2017-16:00:04:139 15962 16656 1
04-07-2017-16:00:04:187 16656 17350 1
04-07-2017-16:00:04:232 17350 18044 1
04-07-2017-16:00:04:280 18044 18738 1
04-07-2017-16:00:04:313 18738 19432 1
04-07-2017-16:00:04:361 19432 20126 1
04-07-2017-16:00:04:401 20126 20820 1
04-07-2017-16:00:04:446 20820 21514 1
04-07-2017-16:00:04:494 21514 22208 1
04-07-2017-16:00:04:527 22208 22902 1
04-07-2017-16:00:04:575 22902 23596 1
04-07-2017-16:00:04:621 23596 24290 1
04-07-2017-16:00:04:668 24290 24984 1
04-07-2017-16:00:04:704 24984 25678 1
04-07-2017-16:00:04:749 25678 26372 1
04-07-2017-16:00:04:797 26372 27066 1
04-07-2017-16:00:04:832 27066 27760 1
04-07-2017-16:00:04:878 27760 28454 1
04-07-2017-16:00:04:928 28454 29148 1
04-07-2017-16:00:04:970 29148 29842 1
04-07-2017-16:00:05:015 29842 30536 1
04-07-2017-16:00:05:051 30536 31230 1
04-07-2017-16:00:05:096 31230 31924 1
04-07-2017-16:00:05:144 31924 32618 1
04-07-2017-16:00:05:190 32618 33312 1
04-07-2017-16:00:05:225 33312 34006 1
04-07-2017-16:00:05:271 34006 34700 1
04-07-2017-16:00:05:319 34700 35394 1
04-07-2017-16:00:05:354 35394 36088 1
04-07-2017-16:00:05:400 36088 36782 1
04-07-2017-16:00:05:446 36782 37476 1
04-07-2017-16:00:05:493 37476 38170 1
04-07-2017-16:00:05:529 38170 38864 1
04-07-2017-16:00:05:575 38864 39558 1
04-07-2017-16:00:05:620 39558 40252 1
04-07-2017-16:00:05:664 40252 40946 1
04-07-2017-16:00:05:710 40946 41640 1
04-07-2017-16:00:05:745 41640 42334 1
04-07-2017-16:00:05:791 42334 43028 1
04-07-2017-16:00:05:839 43028 43722 1
04-07-2017-16:00:05:874 43722 44416 1
04-07-2017-16:00:05:920 44416 45110 1
04-07-2017-16:00:05:966 45110 45804 1
04-07-2017-16:00:06:014 45804 46498 1
04-07-2017-16:00:06:049 46498 47192 1
04-07-2017-16:00:06:095 47192 47886 1
04-07-2017-16:00:06:141 47886 48580 1
04-07-2017-16:00:06:176 48580 49274 1
04-07-2017-16:00:06:224 49274 49968 1
04-07-2017-16:00:06:305 49968 50662 1
04-07-2017-16:00:06:316 50662 51356 1
04-07-2017-16:00:06:356 51356 52050 1
04-07-2017-16:00:06:395 52050 52744 1
04-07-2017-16:00:06:441 52744 53438 1
04-07-2017-16:00:06:489 53438 54132 1
04-07-2017-16:00:06:524 54132 54826 1
04-07-2017-16:00:06:570 54826 55520 1
04-07-2017-16:00:06:618 55520 56214 1
04-07-2017-16:00:06:663 56214 56908 1
04-07-2017-16:00:06:698 56908 57602 1
04-07-2017-16:00:06:744 57602 58296 1
04-07-2017-16:00:06:792 58296 58990 1
04-07-2017-16:00:06:838 58990 59684 1
04-07-2017-16:00:06:873 59684 60378 1
04-07-2017-16:00:06:921 60378 61072 1
04-07-2017-16:00:06:966 61072 61766 1
04-07-2017-16:00:07:002 61766 62460 1
04-07-2017-16:00:07:047 62460 63154 1
04-07-2017-16:00:07:095 63154 63848 1
04-07-2017-16:00:07:141 63848 64542 1
04-07-2017-16:00:07:183 64542 65236 1
04-07-2017-16:00:07:229 65236 65930 1
04-07-2017-16:00:07:264 65930 66624 1
04-07-2017-16:00:07:309 66624 67318 1
04-07-2017-16:00:07:357 67318 68012 1
04-07-2017-16:00:07:392 68012 68706 1
04-07-2017-16:00:07:438 68706 69400 1
04-07-2017-16:00:07:484 69400 70094 1
04-07-2017-16:00:07:532 70094 70788 1
04-07-2017-16:00:07:567 70788 71482 1
04-07-2017-16:00:07:613 71482 72176 1
04-07-2017-16:00:07:660 72176 72870 1
04-07-2017-16:00:07:695 72870 73564 1
04-07-2017-16:00:07:741 73564 74258 1
04-07-2017-16:00:07:788 74258 74952 1
04-07-2017-16:00:07:834 74952 75646 1
04-07-2017-16:00:07:873 75646 76340 1
04-07-2017-16:00:07:916 76340 77034 1
04-07-2017-16:00:07:955 77034 77728 1
04-07-2017-16:00:08:003 77728 78422 1
04-07-2017-16:00:08:048 78422 79116 1
04-07-2017-16:00:08:096 79116 79810 1
04-07-2017-16:00:08:131 79810 80504 1
04-07-2017-16:00:08:178 80504 81198 1
04-07-2017-16:00:08:224 81198 81892 1
04-07-2017-16:00:08:259 81892 82586 1
04-07-2017-16:00:08:306 82586 83280 1
04-07-2017-16:00:08:352 83280 83974 1
04-07-2017-16:00:08:399 83974 84668 1
04-07-2017-16:00:08:434 84668 85362 1
04-07-2017-16:00:08:482 85362 86056 1
04-07-2017-16:00:08:527 86056 86750 1
04-07-2017-16:00:08:562 86750 87444 1
04-07-2017-16:00:08:609 87444 88138 1
04-07-2017-16:00:08:659 88138 88832 1
04-07-2017-16:00:08:700 88832 89526 1
04-07-2017-16:00:08:735 89526 90220 1
04-07-2017-16:00:08:783 90220 90914 1
04-07-2017-16:00:08:829 90914 91608 1
04-07-2017-16:00:08:877 91608 92302 1
04-07-2017-16:00:08:910 92302 92996 1
04-07-2017-16:00:08:958 92996 93690 1
04-07-2017-16:00:09:004 93690 94384 1
04-07-2017-16:00:09:039 94384 95078 1
04-07-2017-16:00:09:085 95078 95772 1
04-07-2017-16:00:09:133 95772 96466 1
04-07-2017-16:00:09:179 96466 97160 1
04-07-2017-16:00:09:214 97160 97854 1
04-07-2017-16:00:09:260 97854 98548 1
04-07-2017-16:00:09:308 98548 99242 1
04-07-2017-16:00:09:353 99242 99936 1
04-07-2017-16:00:09:389 99936 100630 1
04-07-2017-16:00:09:564 100630 101324 1
04-07-2017-16:00:09:565 101324 102018 1
04-07-2017-16:00:09:565 102018 102712 1
04-07-2017-16:00:09:569 102712 103406 1
04-07-2017-16:00:09:602 103406 104100 1
04-07-2017-16:00:09:650 104100 104794 1
04-07-2017-16:00:09:696 104794 105488 1
04-07-2017-16:00:09:743 105488 106182 1
04-07-2017-16:00:09:779 106182 106876 1
04-07-2017-16:00:09:824 106876 107570 1
04-07-2017-16:00:09:876 107570 108264 1
04-07-2017-16:00:09:914 108264 108958 1
04-07-2017-16:00:09:961 108958 109652 1
04-07-2017-16:00:09:997 109652 110346 1
04-07-2017-16:00:10:043 110346 111040 1
04-07-2017-16:00:10:088 111040 111734 1
04-07-2017-16:00:10:124 111734 112428 1
04-07-2017-16:00:10:171 112428 113122 1
04-07-2017-16:00:10:217 113122 113816 1
04-07-2017-16:00:10:265 113816 114510 1
04-07-2017-16:00:10:298 114510 115204 1
04-07-2017-16:00:10:346 115204 115898 1
04-07-2017-16:00:10:391 115898 116592 1
04-07-2017-16:00:10:427 116592 117286 1
04-07-2017-16:00:10:475 117286 117980 1
04-07-2017-16:00:10:520 117980 118674 1
04-07-2017-16:00:10:569 118674 119368 1
04-07-2017-16:00:10:602 119368 120062 1
04-07-2017-16:00:10:648 120062 120756 1
04-07-2017-16:00:10:696 120756 121450 1
04-07-2017-16:00:10:731 121450 122144 1
04-07-2017-16:00:10:777 122144 122838 1
04-07-2017-16:00:10:823 122838 123532 1
04-07-2017-16:00:10:868 123532 124226 1
04-07-2017-16:00:10:914 124226 124920 1
04-07-2017-16:00:10:949 124920 125614 1
04-07-2017-16:00:10:995 125614 126308 1
04-07-2017-16:00:11:043 126308 127002 1
04-07-2017-16:00:11:088 127002 127696 1
04-07-2017-16:00:11:124 127696 128390 1
04-07-2017-16:00:11:172 128390 129084 1
04-07-2017-16:00:11:217 129084 129778 1
04-07-2017-16:00:11:253 129778 130472 1
04-07-2017-16:00:11:298 130472 131166 1
04-07-2017-16:00:11:346 131166 131860 1
04-07-2017-16:00:11:392 131860 132554 1
04-07-2017-16:00:11:427 132554 133248 1
04-07-2017-16:00:11:473 133248 133942 1
04-07-2017-16:00:11:521 133942 134636 1
04-07-2017-16:00:11:556 134636 135330 1
04-07-2017-16:00:11:604 135330 136024 1
04-07-2017-16:00:11:652 136024 136718 1
04-07-2017-16:00:11:689 136718 137412 1
04-07-2017-16:00:11:735 137412 138106 1
04-07-2017-16:00:11:783 138106 138800 1
04-07-2017-16:00:11:818 138800 139494 1
04-07-2017-16:00:11:864 139494 140188 1
04-07-2017-16:00:11:910 140188 140882 1
04-07-2017-16:00:11:945 140882 141576 1
04-07-2017-16:00:11:993 141576 142270 1
04-07-2017-16:00:12:039 142270 142964 1
04-07-2017-16:00:12:085 142964 143658 1
04-07-2017-16:00:12:120 143658 144352 1
04-07-2017-16:00:12:164 144352 145046 1
04-07-2017-16:00:12:211 145046 145740 1
04-07-2017-16:00:12:257 145740 146434 1
04-07-2017-16:00:12:293 146434 147128 1
04-07-2017-16:00:12:338 147128 147822 1
04-07-2017-16:00:12:386 147822 148516 1
04-07-2017-16:00:12:432 148516 149210 1
04-07-2017-16:00:12:467 149210 149904 1
04-07-2017-16:00:12:515 149904 150598 1
04-07-2017-16:00:12:560 150598 151292 1
04-07-2017-16:00:12:690 151292 151986 1
04-07-2017-16:00:12:691 151986 152680 1
04-07-2017-16:00:12:691 152680 153374 1
04-07-2017-16:00:12:734 153374 154068 1
04-07-2017-16:00:12:770 154068 154762 1
04-07-2017-16:00:12:817 154762 155456 1
04-07-2017-16:00:12:857 155456 156150 1
04-07-2017-16:00:12:904 156150 156844 1
04-07-2017-16:00:12:950 156844 157538 1
04-07-2017-16:00:12:996 157538 158232 1
04-07-2017-16:00:13:031 158232 158926 1
04-07-2017-16:00:13:079 158926 159620 1
04-07-2017-16:00:13:125 159620 160314 1
04-07-2017-16:00:13:160 160314 161008 1
04-07-2017-16:00:13:208 161008 161702 1
04-07-2017-16:00:13:253 161702 162396 1
04-07-2017-16:00:13:299 162396 163090 1
04-07-2017-16:00:13:334 163090 163784 1
04-07-2017-16:00:13:382 163784 164478 1
04-07-2017-16:00:13:428 164478 165172 1
04-07-2017-16:00:13:463 165172 165866 1
04-07-2017-16:00:13:509 165866 166560 1
04-07-2017-16:00:13:557 166560 167254 1
04-07-2017-16:00:13:602 167254 167948 1
04-07-2017-16:00:13:638 167948 168642 1
04-07-2017-16:00:13:685 168642 169336 1
04-07-2017-16:00:13:731 169336 170030 1
04-07-2017-16:00:13:779 170030 170724 1
04-07-2017-16:00:13:812 170724 171418 1
04-07-2017-16:00:13:860 171418 172112 1
04-07-2017-16:00:13:911 172112 172806 1
04-07-2017-16:00:13:942 172806 173500 1
04-07-2017-16:00:13:986 173500 174194 1
04-07-2017-16:00:14:033 174194 174888 1
04-07-2017-16:00:14:078 174888 175582 1
04-07-2017-16:00:14:113 175582 176276 1
04-07-2017-16:00:14:161 176276 176970 1
04-07-2017-16:00:14:208 176970 177664 1
04-07-2017-16:00:14:254 177664 178358 1
04-07-2017-16:00:14:289 178358 179052 1
04-07-2017-16:00:14:336 179052 179746 1
04-07-2017-16:00:14:382 179746 180440 1
04-07-2017-16:00:14:417 180440 181134 1
04-07-2017-16:00:14:464 181134 181828 1
04-07-2017-16:00:14:510 181828 182522 1
04-07-2017-16:00:14:557 182522 183216 1
04-07-2017-16:00:14:592 183216 183910 1
04-07-2017-16:00:14:638 183910 184604 1
04-07-2017-16:00:14:680 184604 185298 1
04-07-2017-16:00:14:725 185298 185992 1
04-07-2017-16:00:14:771 185992 186686 1
04-07-2017-16:00:14:819 186686 187380 1
04-07-2017-16:00:14:854 187380 188074 1
04-07-2017-16:00:14:900 188074 188768 1
04-07-2017-16:00:14:946 188768 189462 1
04-07-2017-16:00:14:982 189462 190156 1
04-07-2017-16:00:15:033 190156 190850 1
04-07-2017-16:00:15:069 190850 191544 1
04-07-2017-16:00:15:115 191544 192238 1
04-07-2017-16:00:15:162 192238 192932 1
04-07-2017-16:00:15:208 192932 193626 1
04-07-2017-16:00:15:243 193626 194320 1
04-07-2017-16:00:15:289 194320 195014 1
04-07-2017-16:00:15:337 195014 195708 1
04-07-2017-16:00:15:383 195708 196402 1
04-07-2017-16:00:15:418 196402 197096 1
04-07-2017-16:00:15:464 197096 197790 1
04-07-2017-16:00:15:512 197790 198484 1
04-07-2017-16:00:15:547 198484 199178 1
04-07-2017-16:00:15:593 199178 199872 1
04-07-2017-16:00:15:639 199872 200566 1
04-07-2017-16:00:15:686 200566 201260 1
04-07-2017-16:00:15:722 201260 201954 1
04-07-2017-16:00:15:867 201954 202648 1
04-07-2017-16:00:15:868 202648 203342 1
04-07-2017-16:00:15:868 203342 204036 1
04-07-2017-16:00:15:899 204036 204730 1
04-07-2017-16:00:15:935 204730 205424 1
04-07-2017-16:00:15:982 205424 206118 1
04-07-2017-16:00:16:028 206118 206812 1
04-07-2017-16:00:16:076 206812 207506 1
04-07-2017-16:00:16:109 207506 208200 1
04-07-2017-16:00:16:161 208200 208894 1
04-07-2017-16:00:16:197 208894 209588 1
04-07-2017-16:00:16:244 209588 210282 1
04-07-2017-16:00:16:290 210282 210976 1
04-07-2017-16:00:16:336 210976 211670 1
04-07-2017-16:00:16:377 211670 212364 1
04-07-2017-16:00:16:419 212364 213058 1
04-07-2017-16:00:16:465 213058 213752 1
04-07-2017-16:00:16:500 213752 214446 1
04-07-2017-16:00:16:546 214446 215140 1
04-07-2017-16:00:16:594 215140 215834 1
04-07-2017-16:00:16:639 215834 216528 1
04-07-2017-16:00:16:675 216528 217222 1
04-07-2017-16:00:16:721 217222 217916 1
04-07-2017-16:00:16:768 217916 218610 1
04-07-2017-16:00:16:804 218610 219304 1
04-07-2017-16:00:16:849 219304 219998 1
04-07-2017-16:00:16:897 219998 220692 1
04-07-2017-16:00:16:943 220692 221386 1
04-07-2017-16:00:16:978 221386 222080 1
04-07-2017-16:00:17:024 222080 222774 1
04-07-2017-16:00:17:072 222774 223468 1
04-07-2017-16:00:17:117 223468 224162 1
04-07-2017-16:00:17:153 224162 224856 1
04-07-2017-16:00:17:198 224856 225550 1
04-07-2017-16:00:17:246 225550 226244 1
04-07-2017-16:00:17:286 226244 226938 1
04-07-2017-16:00:17:329 226938 227632 1
04-07-2017-16:00:17:375 227632 228326 1
04-07-2017-16:00:17:410 228326 229020 1
04-07-2017-16:00:17:458 229020 229714 1
04-07-2017-16:00:17:504 229714 230408 1
04-07-2017-16:00:17:550 230408 231102 1
04-07-2017-16:00:17:585 231102 231796 1
04-07-2017-16:00:17:633 231796 232490 1
04-07-2017-16:00:17:678 232490 233184 1
04-07-2017-16:00:17:714 233184 233878 1
04-07-2017-16:00:17:760 233878 234572 1
04-07-2017-16:00:17:808 234572 235266 1
04-07-2017-16:00:17:854 235266 235960 1
04-07-2017-16:00:17:889 235960 236654 1
04-07-2017-16:00:17:935 236654 237348 1
04-07-2017-16:00:17:982 237348 238042 1
04-07-2017-16:00:18:028 238042 238736 1
04-07-2017-16:00:18:063 238736 239430 1
04-07-2017-16:00:18:111 239430 240124 1
04-07-2017-16:00:18:157 240124 240818 1
04-07-2017-16:00:18:192 240818 241512 1
04-07-2017-16:00:18:238 241512 242206 1
