04-07-2017-16:30:53:756 0 720 1
04-07-2017-16:30:53:798 720 1440 1
04-07-2017-16:30:53:846 1440 2160 1
04-07-2017-16:30:53:885 2160 2880 1
04-07-2017-16:30:53:933 2880 3600 1
04-07-2017-16:30:53:983 3600 4320 1
04-07-2017-16:30:54:022 4320 5040 1
04-07-2017-16:30:54:070 5040 5760 1
04-07-2017-16:30:54:120 5760 6480 1
04-07-2017-16:30:54:155 6480 7200 1
04-07-2017-16:30:54:203 7200 7920 1
04-07-2017-16:30:54:248 7920 8640 1
04-07-2017-16:30:54:294 8640 9360 1
04-07-2017-16:30:54:346 9360 10080 1
04-07-2017-16:30:54:381 10080 10800 1
04-07-2017-16:30:54:429 10800 11520 1
04-07-2017-16:30:54:479 11520 12240 1
04-07-2017-16:30:54:514 12240 12960 1
04-07-2017-16:30:54:562 12960 13680 1
04-07-2017-16:30:54:608 13680 14400 1
04-07-2017-16:30:54:655 14400 15120 1
04-07-2017-16:30:54:701 15120 15840 1
04-07-2017-16:30:54:740 15840 16560 1
04-07-2017-16:30:54:788 16560 17280 1
04-07-2017-16:30:54:836 17280 18000 1
04-07-2017-16:30:54:881 18000 18720 1
04-07-2017-16:30:54:927 18720 19440 1
04-07-2017-16:30:54:962 19440 20160 1
04-07-2017-16:30:55:014 20160 20880 1
04-07-2017-16:30:55:060 20880 21600 1
04-07-2017-16:30:55:108 21600 22320 1
04-07-2017-16:30:55:141 22320 23040 1
04-07-2017-16:30:55:193 23040 23760 1
04-07-2017-16:30:55:241 23760 24480 1
04-07-2017-16:30:55:291 24480 25200 1
04-07-2017-16:30:55:326 25200 25920 1
04-07-2017-16:30:55:374 25920 26640 1
04-07-2017-16:30:55:411 26640 27360 1
04-07-2017-16:30:55:459 27360 28080 1
04-07-2017-16:30:55:507 28080 28800 1
04-07-2017-16:30:55:557 28800 29520 1
04-07-2017-16:30:55:592 29520 30240 1
04-07-2017-16:30:55:640 30240 30960 1
04-07-2017-16:30:55:686 30960 31680 1
04-07-2017-16:30:55:734 31680 32400 1
04-07-2017-16:30:55:773 32400 33120 1
04-07-2017-16:30:55:819 33120 33840 1
04-07-2017-16:30:55:867 33840 34560 1
04-07-2017-16:30:55:917 34560 35280 1
04-07-2017-16:30:55:952 35280 36000 1
04-07-2017-16:30:56:000 36000 36720 1
04-07-2017-16:30:56:046 36720 37440 1
04-07-2017-16:30:56:094 37440 38160 1
04-07-2017-16:30:56:131 38160 38880 1
04-07-2017-16:30:56:179 38880 39600 1
04-07-2017-16:30:56:225 39600 40320 1
04-07-2017-16:30:56:277 40320 41040 1
04-07-2017-16:30:56:312 41040 41760 1
04-07-2017-16:30:56:364 41760 42480 1
04-07-2017-16:30:56:410 42480 43200 1
04-07-2017-16:30:56:449 43200 43920 1
04-07-2017-16:30:56:497 43920 44640 1
04-07-2017-16:30:56:545 44640 45360 1
04-07-2017-16:30:56:584 45360 46080 1
04-07-2017-16:30:56:630 46080 46800 1
04-07-2017-16:30:56:682 46800 47520 1
04-07-2017-16:30:56:718 47520 48240 1
04-07-2017-16:30:56:763 48240 48960 1
04-07-2017-16:30:56:815 48960 49680 1
04-07-2017-16:30:56:971 49680 50400 1
04-07-2017-16:30:56:972 50400 51120 1
04-07-2017-16:30:56:972 51120 51840 1
04-07-2017-16:30:56:993 51840 52560 1
04-07-2017-16:30:57:041 52560 53280 1
04-07-2017-16:30:57:087 53280 54000 1
04-07-2017-16:30:57:122 54000 54720 1
04-07-2017-16:30:57:170 54720 55440 1
04-07-2017-16:30:57:215 55440 56160 1
04-07-2017-16:30:57:261 56160 56880 1
04-07-2017-16:30:57:301 56880 57600 1
04-07-2017-16:30:57:348 57600 58320 1
04-07-2017-16:30:57:396 58320 59040 1
04-07-2017-16:30:57:442 59040 59760 1
04-07-2017-16:30:57:490 59760 60480 1
04-07-2017-16:30:57:535 60480 61200 1
04-07-2017-16:30:57:581 61200 61920 1
04-07-2017-16:30:57:616 61920 62640 1
04-07-2017-16:30:57:668 62640 63360 1
04-07-2017-16:30:57:716 63360 64080 1
04-07-2017-16:30:57:766 64080 64800 1
04-07-2017-16:30:57:801 64800 65520 1
04-07-2017-16:30:57:849 65520 66240 1
04-07-2017-16:30:57:888 66240 66960 1
04-07-2017-16:30:57:934 66960 67680 1
04-07-2017-16:30:57:986 67680 68400 1
04-07-2017-16:30:58:032 68400 69120 1
04-07-2017-16:30:58:067 69120 69840 1
04-07-2017-16:30:58:119 69840 70560 1
04-07-2017-16:30:58:167 70560 71280 1
04-07-2017-16:30:58:212 71280 72000 1
04-07-2017-16:30:58:248 72000 72720 1
04-07-2017-16:30:58:294 72720 73440 1
04-07-2017-16:30:58:346 73440 74160 1
04-07-2017-16:30:58:395 74160 74880 1
04-07-2017-16:30:58:429 74880 75600 1
04-07-2017-16:30:58:478 75600 76320 1
04-07-2017-16:30:58:526 76320 77040 1
04-07-2017-16:30:58:578 77040 77760 1
04-07-2017-16:30:58:613 77760 78480 1
04-07-2017-16:30:58:659 78480 79200 1
04-07-2017-16:30:58:698 79200 79920 1
04-07-2017-16:30:58:746 79920 80640 1
04-07-2017-16:30:58:793 80640 81360 1
04-07-2017-16:30:58:832 81360 82080 1
04-07-2017-16:30:58:880 82080 82800 1
04-07-2017-16:30:58:930 82800 83520 1
04-07-2017-16:30:58:978 83520 84240 1
04-07-2017-16:30:59:013 84240 84960 1
04-07-2017-16:30:59:063 84960 85680 1
04-07-2017-16:30:59:111 85680 86400 1
04-07-2017-16:30:59:158 86400 87120 1
04-07-2017-16:30:59:193 87120 87840 1
04-07-2017-16:30:59:239 87840 88560 1
04-07-2017-16:30:59:291 88560 89280 1
04-07-2017-16:30:59:337 89280 90000 1
04-07-2017-16:30:59:376 90000 90720 1
04-07-2017-16:30:59:424 90720 91440 1
04-07-2017-16:30:59:470 91440 92160 1
04-07-2017-16:30:59:517 92160 92880 1
04-07-2017-16:30:59:553 92880 93600 1
04-07-2017-16:30:59:603 93600 94320 1
04-07-2017-16:30:59:651 94320 95040 1
04-07-2017-16:30:59:697 95040 95760 1
04-07-2017-16:30:59:732 95760 96480 1
04-07-2017-16:30:59:778 96480 97200 1
04-07-2017-16:30:59:830 97200 97920 1
04-07-2017-16:30:59:877 97920 98640 1
04-07-2017-16:30:59:913 98640 99360 1
04-07-2017-16:30:59:963 99360 100080 1
04-07-2017-16:31:00:136 100080 100800 1
04-07-2017-16:31:00:137 100800 101520 1
04-07-2017-16:31:00:137 101520 102240 1
04-07-2017-16:31:00:145 102240 102960 1
04-07-2017-16:31:00:193 102960 103680 1
04-07-2017-16:31:00:233 103680 104400 1
04-07-2017-16:31:00:278 104400 105120 1
04-07-2017-16:31:00:330 105120 105840 1
04-07-2017-16:31:00:365 105840 106560 1
04-07-2017-16:31:00:411 106560 107280 1
04-07-2017-16:31:00:463 107280 108000 1
04-07-2017-16:31:00:498 108000 108720 1
04-07-2017-16:31:00:544 108720 109440 1
04-07-2017-16:31:00:596 109440 110160 1
04-07-2017-16:31:00:644 110160 110880 1
04-07-2017-16:31:00:677 110880 111600 1
04-07-2017-16:31:00:725 111600 112320 1
04-07-2017-16:31:00:770 112320 113040 1
04-07-2017-16:31:00:818 113040 113760 1
04-07-2017-16:31:00:864 113760 114480 1
04-07-2017-16:31:00:903 114480 115200 1
04-07-2017-16:31:00:951 115200 115920 1
04-07-2017-16:31:01:003 115920 116640 1
04-07-2017-16:31:01:036 116640 117360 1
04-07-2017-16:31:01:084 117360 118080 1
04-07-2017-16:31:01:134 118080 118800 1
04-07-2017-16:31:01:173 118800 119520 1
04-07-2017-16:31:01:221 119520 120240 1
04-07-2017-16:31:01:271 120240 120960 1
04-07-2017-16:31:01:306 120960 121680 1
04-07-2017-16:31:01:354 121680 122400 1
04-07-2017-16:31:01:404 122400 123120 1
04-07-2017-16:31:01:452 123120 123840 1
04-07-2017-16:31:01:487 123840 124560 1
04-07-2017-16:31:01:533 124560 125280 1
04-07-2017-16:31:01:580 125280 126000 1
04-07-2017-16:31:01:628 126000 126720 1
04-07-2017-16:31:01:674 126720 127440 1
04-07-2017-16:31:01:719 127440 128160 1
04-07-2017-16:31:01:771 128160 128880 1
04-07-2017-16:31:01:807 128880 129600 1
04-07-2017-16:31:01:853 129600 130320 1
04-07-2017-16:31:01:892 130320 131040 1
04-07-2017-16:31:01:940 131040 131760 1
04-07-2017-16:31:01:988 131760 132480 1
04-07-2017-16:31:02:034 132480 133200 1
04-07-2017-16:31:02:079 133200 133920 1
04-07-2017-16:31:02:119 133920 134640 1
04-07-2017-16:31:02:167 134640 135360 1
04-07-2017-16:31:02:214 135360 136080 1
04-07-2017-16:31:02:260 136080 136800 1
04-07-2017-16:31:02:300 136800 137520 1
04-07-2017-16:31:02:345 137520 138240 1
04-07-2017-16:31:02:397 138240 138960 1
04-07-2017-16:31:02:433 138960 139680 1
04-07-2017-16:31:02:480 139680 140400 1
04-07-2017-16:31:02:530 140400 141120 1
04-07-2017-16:31:02:578 141120 141840 1
04-07-2017-16:31:02:618 141840 142560 1
04-07-2017-16:31:02:663 142560 143280 1
04-07-2017-16:31:02:711 143280 144000 1
04-07-2017-16:31:02:757 144000 144720 1
04-07-2017-16:31:02:792 144720 145440 1
04-07-2017-16:31:02:838 145440 146160 1
04-07-2017-16:31:02:890 146160 146880 1
04-07-2017-16:31:02:938 146880 147600 1
04-07-2017-16:31:02:977 147600 148320 1
04-07-2017-16:31:03:023 148320 149040 1
04-07-2017-16:31:03:069 149040 149760 1
04-07-2017-16:31:03:117 149760 150480 1
04-07-2017-16:31:03:277 150480 151200 1
04-07-2017-16:31:03:278 151200 151920 1
04-07-2017-16:31:03:278 151920 152640 1
04-07-2017-16:31:03:296 152640 153360 1
04-07-2017-16:31:03:342 153360 154080 1
04-07-2017-16:31:03:378 154080 154800 1
04-07-2017-16:31:03:425 154800 155520 1
04-07-2017-16:31:03:475 155520 156240 1
04-07-2017-16:31:03:523 156240 156960 1
04-07-2017-16:31:03:562 156960 157680 1
04-07-2017-16:31:03:608 157680 158400 1
