04-07-2017-16:32:55:590 0 800 1
04-07-2017-16:32:55:642 800 1520 1
04-07-2017-16:32:55:681 1520 2240 1
04-07-2017-16:32:55:727 2240 2960 1
04-07-2017-16:32:55:779 2960 3680 1
04-07-2017-16:32:55:824 3680 4400 1
04-07-2017-16:32:55:864 4400 5120 1
04-07-2017-16:32:55:909 5120 5840 1
04-07-2017-16:32:55:957 5840 6560 1
04-07-2017-16:32:56:009 6560 7280 1
04-07-2017-16:32:56:042 7280 8000 1
04-07-2017-16:32:56:090 8000 8720 1
04-07-2017-16:32:56:142 8720 9440 1
04-07-2017-16:32:56:186 9440 10160 1
04-07-2017-16:32:56:221 10160 10880 1
04-07-2017-16:32:56:267 10880 11600 1
04-07-2017-16:32:56:312 11600 12320 1
04-07-2017-16:32:56:360 12320 13040 1
04-07-2017-16:32:56:410 13040 13760 1
04-07-2017-16:32:56:445 13760 14480 1
04-07-2017-16:32:56:491 14480 15200 1
04-07-2017-16:32:56:543 15200 15920 1
04-07-2017-16:32:56:588 15920 16640 1
04-07-2017-16:32:56:624 16640 17360 1
04-07-2017-16:32:56:676 17360 18080 1
04-07-2017-16:32:56:723 18080 18800 1
04-07-2017-16:32:56:761 18800 19520 1
04-07-2017-16:32:56:808 19520 20240 1
04-07-2017-16:32:56:860 20240 20947 1
04-07-2017-16:32:56:900 20947 21654 1
04-07-2017-16:32:56:946 21654 22361 1
04-07-2017-16:32:56:985 22361 23068 1
04-07-2017-16:32:57:031 23068 23775 1
04-07-2017-16:32:57:079 23775 24482 1
04-07-2017-16:32:57:116 24482 25189 1
04-07-2017-16:32:57:164 25189 25896 1
04-07-2017-16:32:57:212 25896 26603 1
04-07-2017-16:32:57:249 26603 27310 1
04-07-2017-16:32:57:294 27310 28017 1
04-07-2017-16:32:57:343 28017 28724 1
04-07-2017-16:32:57:389 28724 29431 1
04-07-2017-16:32:57:424 29431 30138 1
04-07-2017-16:32:57:470 30138 30845 1
04-07-2017-16:32:57:517 30845 31552 1
04-07-2017-16:32:57:563 31552 32259 1
04-07-2017-16:32:57:611 32259 32966 1
04-07-2017-16:32:57:646 32966 33673 1
04-07-2017-16:32:57:692 33673 34380 1
04-07-2017-16:32:57:740 34380 35087 1
04-07-2017-16:32:57:786 35087 35794 1
04-07-2017-16:32:57:821 35794 36501 1
04-07-2017-16:32:57:869 36501 37208 1
04-07-2017-16:32:57:910 37208 37915 1
04-07-2017-16:32:57:960 37915 38622 1
04-07-2017-16:32:58:008 38622 39329 1
04-07-2017-16:32:58:041 39329 40036 1
04-07-2017-16:32:58:089 40036 40743 1
04-07-2017-16:32:58:141 40743 41450 1
04-07-2017-16:32:58:176 41450 42157 1
04-07-2017-16:32:58:222 42157 42864 1
04-07-2017-16:32:58:274 42864 43571 1
04-07-2017-16:32:58:319 43571 44278 1
04-07-2017-16:32:58:365 44278 44985 1
04-07-2017-16:32:58:409 44985 45692 1
04-07-2017-16:32:58:448 45692 46399 1
04-07-2017-16:32:58:484 46399 47106 1
04-07-2017-16:32:58:530 47106 47813 1
04-07-2017-16:32:58:578 47813 48520 1
04-07-2017-16:32:58:624 48520 49227 1
04-07-2017-16:32:58:671 49227 49934 1
04-07-2017-16:32:58:769 49934 50641 1
04-07-2017-16:32:58:770 50641 51348 1
04-07-2017-16:32:58:803 51348 52055 1
04-07-2017-16:32:58:838 52055 52762 1
04-07-2017-16:32:58:886 52762 53469 1
04-07-2017-16:32:58:932 53469 54176 1
04-07-2017-16:32:58:980 54176 54883 1
04-07-2017-16:32:59:013 54883 55590 1
04-07-2017-16:32:59:061 55590 56297 1
04-07-2017-16:32:59:113 56297 57004 1
04-07-2017-16:32:59:146 57004 57711 1
04-07-2017-16:32:59:194 57711 58418 1
04-07-2017-16:32:59:240 58418 59125 1
04-07-2017-16:32:59:287 59125 59832 1
04-07-2017-16:32:59:333 59832 60539 1
04-07-2017-16:32:59:368 60539 61246 1
04-07-2017-16:32:59:418 61246 61953 1
04-07-2017-16:32:59:466 61953 62660 1
04-07-2017-16:32:59:502 62660 63367 1
04-07-2017-16:32:59:547 63367 64074 1
04-07-2017-16:32:59:599 64074 64781 1
04-07-2017-16:32:59:639 64781 65488 1
04-07-2017-16:32:59:687 65488 66195 1
04-07-2017-16:32:59:726 66195 66902 1
04-07-2017-16:32:59:774 66902 67609 1
04-07-2017-16:32:59:824 67609 68316 1
04-07-2017-16:32:59:859 68316 69023 1
04-07-2017-16:32:59:907 69023 69730 1
04-07-2017-16:32:59:946 69730 70437 1
04-07-2017-16:32:59:994 70437 71144 1
04-07-2017-16:33:00:040 71144 71851 1
04-07-2017-16:33:00:075 71851 72558 1
04-07-2017-16:33:00:121 72558 73265 1
04-07-2017-16:33:00:169 73265 73972 1
04-07-2017-16:33:00:214 73972 74679 1
04-07-2017-16:33:00:254 74679 75386 1
04-07-2017-16:33:00:301 75386 76093 1
04-07-2017-16:33:00:340 76093 76800 1
04-07-2017-16:33:00:388 76800 77507 1
04-07-2017-16:33:00:436 77507 78214 1
04-07-2017-16:33:00:475 78214 78921 1
04-07-2017-16:33:00:521 78921 79628 1
04-07-2017-16:33:00:560 79628 80335 1
04-07-2017-16:33:00:609 80335 81042 1
04-07-2017-16:33:00:654 81042 81749 1
04-07-2017-16:33:00:702 81749 82456 1
04-07-2017-16:33:00:748 82456 83163 1
04-07-2017-16:33:00:794 83163 83870 1
04-07-2017-16:33:00:833 83870 84577 1
04-07-2017-16:33:00:879 84577 85284 1
04-07-2017-16:33:00:914 85284 85991 1
04-07-2017-16:33:00:962 85991 86698 1
04-07-2017-16:33:01:008 86698 87405 1
04-07-2017-16:33:01:054 87405 88112 1
04-07-2017-16:33:01:106 88112 88819 1
04-07-2017-16:33:01:141 88819 89526 1
04-07-2017-16:33:01:183 89526 90233 1
04-07-2017-16:33:01:234 90233 90940 1
04-07-2017-16:33:01:268 90940 91647 1
04-07-2017-16:33:01:315 91647 92354 1
04-07-2017-16:33:01:361 92354 93061 1
04-07-2017-16:33:01:409 93061 93768 1
04-07-2017-16:33:01:445 93768 94475 1
04-07-2017-16:33:01:490 94475 95182 1
04-07-2017-16:33:01:538 95182 95889 1
04-07-2017-16:33:01:588 95889 96596 1
04-07-2017-16:33:01:623 96596 97303 1
04-07-2017-16:33:01:669 97303 98010 1
04-07-2017-16:33:01:717 98010 98717 1
04-07-2017-16:33:01:762 98717 99424 1
04-07-2017-16:33:01:798 99424 100131 1
04-07-2017-16:33:01:965 100131 100838 1
04-07-2017-16:33:01:966 100838 101545 1
04-07-2017-16:33:01:967 101545 102252 1
04-07-2017-16:33:01:987 102252 102959 1
04-07-2017-16:33:02:023 102959 103666 1
04-07-2017-16:33:02:070 103666 104373 1
04-07-2017-16:33:02:116 104373 105080 1
04-07-2017-16:33:02:151 105080 105787 1
04-07-2017-16:33:02:197 105787 106494 1
04-07-2017-16:33:02:245 106494 107201 1
04-07-2017-16:33:02:291 107201 107908 1
04-07-2017-16:33:02:330 107908 108615 1
04-07-2017-16:33:02:378 108615 109322 1
04-07-2017-16:33:02:423 109322 110029 1
04-07-2017-16:33:02:471 110029 110736 1
04-07-2017-16:33:02:504 110736 111443 1
04-07-2017-16:33:02:552 111443 112150 1
04-07-2017-16:33:02:599 112150 112857 1
04-07-2017-16:33:02:646 112857 113564 1
04-07-2017-16:33:02:685 113564 114271 1
04-07-2017-16:33:02:733 114271 114978 1
04-07-2017-16:33:02:778 114978 115685 1
04-07-2017-16:33:02:817 115685 116392 1
04-07-2017-16:33:02:865 116392 117099 1
04-07-2017-16:33:02:912 117099 117806 1
04-07-2017-16:33:02:949 117806 118513 1
04-07-2017-16:33:02:997 118513 119220 1
04-07-2017-16:33:03:044 119220 119927 1
04-07-2017-16:33:03:083 119927 120634 1
04-07-2017-16:33:03:131 120634 121341 1
04-07-2017-16:33:03:177 121341 122048 1
04-07-2017-16:33:03:213 122048 122755 1
04-07-2017-16:33:03:260 122755 123462 1
04-07-2017-16:33:03:306 123462 124169 1
04-07-2017-16:33:03:352 124169 124876 1
04-07-2017-16:33:03:400 124876 125583 1
04-07-2017-16:33:03:433 125583 126290 1
04-07-2017-16:33:03:481 126290 126997 1
04-07-2017-16:33:03:527 126997 127704 1
04-07-2017-16:33:03:575 127704 128411 1
04-07-2017-16:33:03:617 128411 129118 1
04-07-2017-16:33:03:665 129118 129825 1
04-07-2017-16:33:03:710 129825 130532 1
04-07-2017-16:33:03:750 130532 131239 1
04-07-2017-16:33:03:797 131239 131946 1
04-07-2017-16:33:03:832 131946 132653 1
04-07-2017-16:33:03:878 132653 133360 1
04-07-2017-16:33:03:925 133360 134067 1
04-07-2017-16:33:03:972 134067 134774 1
04-07-2017-16:33:04:018 134774 135481 1
04-07-2017-16:33:04:053 135481 136188 1
04-07-2017-16:33:04:099 136188 136895 1
04-07-2017-16:33:04:147 136895 137602 1
04-07-2017-16:33:04:193 137602 138309 1
04-07-2017-16:33:04:228 138309 139016 1
04-07-2017-16:33:04:276 139016 139723 1
04-07-2017-16:33:04:321 139723 140430 1
04-07-2017-16:33:04:367 140430 141137 1
04-07-2017-16:33:04:415 141137 141844 1
04-07-2017-16:33:04:450 141844 142551 1
04-07-2017-16:33:04:496 142551 143258 1
04-07-2017-16:33:04:544 143258 143965 1
04-07-2017-16:33:04:583 143965 144672 1
04-07-2017-16:33:04:629 144672 145379 1
04-07-2017-16:33:04:675 145379 146086 1
04-07-2017-16:33:04:715 146086 146793 1
04-07-2017-16:33:04:760 146793 147500 1
04-07-2017-16:33:04:808 147500 148207 1
04-07-2017-16:33:04:848 148207 148914 1
04-07-2017-16:33:04:893 148914 149621 1
04-07-2017-16:33:04:941 149621 150328 1
04-07-2017-16:33:05:111 150328 151035 1
04-07-2017-16:33:05:113 151035 151742 1
04-07-2017-16:33:05:113 151742 152449 1
04-07-2017-16:33:05:115 152449 153156 1
04-07-2017-16:33:05:159 153156 153863 1
04-07-2017-16:33:05:206 153863 154570 1
04-07-2017-16:33:05:246 154570 155277 1
04-07-2017-16:33:05:293 155277 155984 1
04-07-2017-16:33:05:339 155984 156691 1
04-07-2017-16:33:05:384 156691 157398 1
04-07-2017-16:33:05:420 157398 158105 1
04-07-2017-16:33:05:472 158105 158812 1
04-07-2017-16:33:05:517 158812 159519 1
04-07-2017-16:33:05:553 159519 160226 1
04-07-2017-16:33:05:604 160226 160854 1
04-07-2017-16:33:05:632 160854 161482 1
04-07-2017-16:33:05:684 161482 162110 1
04-07-2017-16:33:05:717 162110 162738 1
04-07-2017-16:33:05:752 162738 163366 1
04-07-2017-16:33:05:792 163366 163994 1
04-07-2017-16:33:05:839 163994 164622 1
04-07-2017-16:33:05:875 164622 165250 1
04-07-2017-16:33:05:908 165250 165878 1
04-07-2017-16:33:05:950 165878 166506 1
04-07-2017-16:33:05:995 166506 167134 1
04-07-2017-16:33:06:030 167134 167762 1
04-07-2017-16:33:06:069 167762 168390 1
04-07-2017-16:33:06:104 168390 169018 1
04-07-2017-16:33:06:152 169018 169646 1
04-07-2017-16:33:06:192 169646 170274 1
04-07-2017-16:33:06:227 170274 170902 1
04-07-2017-16:33:06:262 170902 171530 1
04-07-2017-16:33:06:302 171530 172158 1
04-07-2017-16:33:06:348 172158 172786 1
04-07-2017-16:33:06:387 172786 173414 1
04-07-2017-16:33:06:422 173414 174042 1
04-07-2017-16:33:06:458 174042 174670 1
04-07-2017-16:33:06:497 174670 175298 1
04-07-2017-16:33:06:545 175298 175926 1
04-07-2017-16:33:06:579 175926 176554 1
04-07-2017-16:33:06:614 176554 177182 1
04-07-2017-16:33:06:664 177182 177810 1
04-07-2017-16:33:06:699 177810 178438 1
04-07-2017-16:33:06:735 178438 179066 1
04-07-2017-16:33:06:774 179066 179694 1
04-07-2017-16:33:06:810 179694 180322 1
04-07-2017-16:33:06:855 180322 180950 1
04-07-2017-16:33:06:891 180950 181578 1
04-07-2017-16:33:06:938 181578 182206 1
04-07-2017-16:33:06:965 182206 182834 1
04-07-2017-16:33:07:013 182834 183462 1
04-07-2017-16:33:07:049 183462 184090 1
04-07-2017-16:33:07:094 184090 184718 1
04-07-2017-16:33:07:134 184718 185346 1
04-07-2017-16:33:07:167 185346 185974 1
04-07-2017-16:33:07:202 185974 186602 1
04-07-2017-16:33:07:246 186602 187230 1
04-07-2017-16:33:07:290 187230 187858 1
04-07-2017-16:33:07:321 187858 188486 1
04-07-2017-16:33:07:367 188486 189114 1
04-07-2017-16:33:07:402 189114 189742 1
04-07-2017-16:33:07:437 189742 190370 1
04-07-2017-16:33:07:477 190370 190998 1
04-07-2017-16:33:07:525 190998 191626 1
04-07-2017-16:33:07:564 191626 192254 1
04-07-2017-16:33:07:599 192254 192882 1
04-07-2017-16:33:07:634 192882 193510 1
04-07-2017-16:33:07:680 193510 194138 1
04-07-2017-16:33:07:715 194138 194766 1
04-07-2017-16:33:07:763 194766 195394 1
04-07-2017-16:33:07:790 195394 196022 1
04-07-2017-16:33:07:836 196022 196650 1
04-07-2017-16:33:07:871 196650 197278 1
04-07-2017-16:33:07:920 197278 197906 1
04-07-2017-16:33:07:955 197906 198534 1
04-07-2017-16:33:07:997 198534 199162 1
04-07-2017-16:33:08:032 199162 199790 1
04-07-2017-16:33:08:067 199790 200418 1
04-07-2017-16:33:08:277 200418 201046 1
04-07-2017-16:33:08:278 201046 201674 1
04-07-2017-16:33:08:278 201674 202302 1
04-07-2017-16:33:08:278 202302 202930 1
04-07-2017-16:33:08:278 202930 203558 1
04-07-2017-16:33:08:301 203558 204186 1
04-07-2017-16:33:08:347 204186 204814 1
04-07-2017-16:33:08:386 204814 205442 1
04-07-2017-16:33:08:422 205442 206070 1
04-07-2017-16:33:08:467 206070 206698 1
04-07-2017-16:33:08:503 206698 207326 1
04-07-2017-16:33:08:538 207326 207954 1
04-07-2017-16:33:08:585 207954 208582 1
04-07-2017-16:33:08:619 208582 209210 1
04-07-2017-16:33:08:654 209210 209838 1
04-07-2017-16:33:08:701 209838 210466 1
04-07-2017-16:33:08:731 210466 211094 1
04-07-2017-16:33:08:779 211094 211722 1
04-07-2017-16:33:08:814 211722 212350 1
