04-07-2017-16:33:19:868 0 800 1
04-07-2017-16:33:19:919 800 1600 1
04-07-2017-16:33:19:969 1600 2400 1
04-07-2017-16:33:20:020 2400 3187 1
04-07-2017-16:33:20:072 3187 3934 1
04-07-2017-16:33:20:121 3934 4681 1
04-07-2017-16:33:20:159 4681 5428 1
04-07-2017-16:33:20:210 5428 6175 1
04-07-2017-16:33:20:258 6175 6922 1
04-07-2017-16:33:20:304 6922 7669 1
04-07-2017-16:33:20:352 7669 8416 1
04-07-2017-16:33:20:389 8416 9163 1
04-07-2017-16:33:20:437 9163 9910 1
04-07-2017-16:33:20:482 9910 10657 1
04-07-2017-16:33:20:530 10657 11404 1
04-07-2017-16:33:20:576 11404 12151 1
04-07-2017-16:33:20:628 12151 12898 1
04-07-2017-16:33:20:673 12898 13645 1
04-07-2017-16:33:20:721 13645 14392 1
04-07-2017-16:33:20:767 14392 15139 1
04-07-2017-16:33:20:819 15139 15886 1
04-07-2017-16:33:20:864 15886 16633 1
04-07-2017-16:33:20:912 16633 17380 1
04-07-2017-16:33:20:958 17380 18127 1
04-07-2017-16:33:20:997 18127 18874 1
04-07-2017-16:33:21:043 18874 19621 1
04-07-2017-16:33:21:091 19621 20368 1
04-07-2017-16:33:21:137 20368 21115 1
04-07-2017-16:33:21:182 21115 21862 1
04-07-2017-16:33:21:230 21862 22609 1
04-07-2017-16:33:21:280 22609 23356 1
04-07-2017-16:33:21:327 23356 24103 1
04-07-2017-16:33:21:375 24103 24850 1
04-07-2017-16:33:21:420 24850 25597 1
04-07-2017-16:33:21:472 25597 26344 1
04-07-2017-16:33:21:520 26344 27091 1
04-07-2017-16:33:21:566 27091 27838 1
04-07-2017-16:33:21:605 27838 28585 1
04-07-2017-16:33:21:651 28585 29332 1
04-07-2017-16:33:21:699 29332 30079 1
04-07-2017-16:33:21:745 30079 30826 1
04-07-2017-16:33:21:796 30826 31573 1
04-07-2017-16:33:21:842 31573 32320 1
04-07-2017-16:33:21:890 32320 33067 1
04-07-2017-16:33:21:938 33067 33814 1
04-07-2017-16:33:21:988 33814 34561 1
04-07-2017-16:33:22:033 34561 35308 1
04-07-2017-16:33:22:081 35308 36055 1
04-07-2017-16:33:22:129 36055 36802 1
04-07-2017-16:33:22:175 36802 37549 1
04-07-2017-16:33:22:220 37549 38296 1
04-07-2017-16:33:22:268 38296 39043 1
04-07-2017-16:33:22:308 39043 39790 1
04-07-2017-16:33:22:353 39790 40537 1
04-07-2017-16:33:22:400 40537 41284 1
04-07-2017-16:33:22:451 41284 42031 1
04-07-2017-16:33:22:497 42031 42778 1
04-07-2017-16:33:22:545 42778 43525 1
04-07-2017-16:33:22:591 43525 44272 1
04-07-2017-16:33:22:639 44272 45019 1
04-07-2017-16:33:22:685 45019 45766 1
04-07-2017-16:33:22:724 45766 46513 1
04-07-2017-16:33:22:770 46513 47260 1
04-07-2017-16:33:22:818 47260 48007 1
04-07-2017-16:33:22:864 48007 48754 1
04-07-2017-16:33:22:916 48754 49501 1
04-07-2017-16:33:23:062 49501 50248 1
04-07-2017-16:33:23:063 50248 50995 1
04-07-2017-16:33:23:064 50995 51742 1
04-07-2017-16:33:23:107 51742 52489 1
04-07-2017-16:33:23:155 52489 53236 1
04-07-2017-16:33:23:200 53236 53983 1
04-07-2017-16:33:23:240 53983 54730 1
04-07-2017-16:33:23:286 54730 55477 1
04-07-2017-16:33:23:333 55477 56224 1
04-07-2017-16:33:23:385 56224 56971 1
04-07-2017-16:33:23:423 56971 57718 1
04-07-2017-16:33:23:471 57718 58465 1
04-07-2017-16:33:23:518 58465 59212 1
04-07-2017-16:33:23:564 59212 59959 1
04-07-2017-16:33:23:616 59959 60706 1
04-07-2017-16:33:23:662 60706 61453 1
04-07-2017-16:33:23:710 61453 62200 1
04-07-2017-16:33:23:760 62200 62947 1
04-07-2017-16:33:23:805 62947 63694 1
04-07-2017-16:33:23:853 63694 64441 1
04-07-2017-16:33:23:901 64441 65188 1
04-07-2017-16:33:23:946 65188 65935 1
04-07-2017-16:33:23:994 65935 66682 1
04-07-2017-16:33:24:034 66682 67429 1
04-07-2017-16:33:24:079 67429 68176 1
04-07-2017-16:33:24:127 68176 68923 1
04-07-2017-16:33:24:173 68923 69670 1
04-07-2017-16:33:24:225 69670 70417 1
04-07-2017-16:33:24:272 70417 71164 1
04-07-2017-16:33:24:317 71164 71911 1
04-07-2017-16:33:24:369 71911 72658 1
04-07-2017-16:33:24:416 72658 73405 1
04-07-2017-16:33:24:462 73405 74152 1
04-07-2017-16:33:24:514 74152 74899 1
04-07-2017-16:33:24:554 74899 75646 1
04-07-2017-16:33:24:600 75646 76393 1
04-07-2017-16:33:24:640 76393 77140 1
04-07-2017-16:33:24:687 77140 77887 1
04-07-2017-16:33:24:735 77887 78634 1
04-07-2017-16:33:24:785 78634 79381 1
04-07-2017-16:33:24:833 79381 80128 1
04-07-2017-16:33:24:879 80128 80875 1
04-07-2017-16:33:24:918 80875 81622 1
04-07-2017-16:33:24:970 81622 82369 1
04-07-2017-16:33:25:016 82369 83116 1
04-07-2017-16:33:25:064 83116 83863 1
04-07-2017-16:33:25:115 83863 84610 1
04-07-2017-16:33:25:161 84610 85357 1
04-07-2017-16:33:25:209 85357 86104 1
04-07-2017-16:33:25:249 86104 86851 1
04-07-2017-16:33:25:294 86851 87598 1
04-07-2017-16:33:25:342 87598 88345 1
04-07-2017-16:33:25:388 88345 89092 1
04-07-2017-16:33:25:436 89092 89839 1
04-07-2017-16:33:25:485 89839 90586 1
04-07-2017-16:33:25:531 90586 91333 1
04-07-2017-16:33:25:579 91333 92080 1
04-07-2017-16:33:25:627 92080 92827 1
04-07-2017-16:33:25:666 92827 93574 1
04-07-2017-16:33:25:712 93574 94321 1
04-07-2017-16:33:25:760 94321 95068 1
04-07-2017-16:33:25:805 95068 95815 1
04-07-2017-16:33:25:857 95815 96562 1
04-07-2017-16:33:25:903 96562 97309 1
04-07-2017-16:33:25:951 97309 98056 1
04-07-2017-16:33:26:001 98056 98803 1
04-07-2017-16:33:26:048 98803 99550 1
04-07-2017-16:33:26:094 99550 100297 1
04-07-2017-16:33:26:274 100297 101044 1
04-07-2017-16:33:26:275 101044 101791 1
04-07-2017-16:33:26:275 101791 102538 1
04-07-2017-16:33:26:275 102538 103285 1
04-07-2017-16:33:26:321 103285 104032 1
04-07-2017-16:33:26:368 104032 104779 1
04-07-2017-16:33:26:416 104779 105526 1
04-07-2017-16:33:26:461 105526 106273 1
04-07-2017-16:33:26:508 106273 107020 1
04-07-2017-16:33:26:560 107020 107767 1
04-07-2017-16:33:26:607 107767 108514 1
04-07-2017-16:33:26:652 108514 109261 1
04-07-2017-16:33:26:704 109261 110008 1
04-07-2017-16:33:26:744 110008 110755 1
04-07-2017-16:33:26:789 110755 111502 1
04-07-2017-16:33:26:837 111502 112249 1
04-07-2017-16:33:26:883 112249 112996 1
04-07-2017-16:33:26:930 112996 113743 1
04-07-2017-16:33:26:976 113743 114490 1
04-07-2017-16:33:27:024 114490 115237 1
04-07-2017-16:33:27:069 115237 115984 1
04-07-2017-16:33:27:117 115984 116731 1
04-07-2017-16:33:27:167 116731 117478 1
04-07-2017-16:33:27:213 117478 118225 1
04-07-2017-16:33:27:260 118225 118972 1
04-07-2017-16:33:27:308 118972 119719 1
04-07-2017-16:33:27:354 119719 120466 1
04-07-2017-16:33:27:401 120466 121213 1
04-07-2017-16:33:27:447 121213 121960 1
04-07-2017-16:33:27:487 121960 122707 1
04-07-2017-16:33:27:536 122707 123454 1
04-07-2017-16:33:27:584 123454 124201 1
04-07-2017-16:33:27:630 124201 124948 1
04-07-2017-16:33:27:678 124948 125695 1
04-07-2017-16:33:27:724 125695 126442 1
04-07-2017-16:33:27:771 126442 127189 1
04-07-2017-16:33:27:818 127189 127936 1
04-07-2017-16:33:27:863 127936 128683 1
04-07-2017-16:33:27:915 128683 129430 1
04-07-2017-16:33:27:961 129430 130177 1
04-07-2017-16:33:28:009 130177 130924 1
04-07-2017-16:33:28:054 130924 131671 1
04-07-2017-16:33:28:094 131671 132418 1
04-07-2017-16:33:28:139 132418 133165 1
04-07-2017-16:33:28:187 133165 133912 1
04-07-2017-16:33:28:235 133912 134659 1
04-07-2017-16:33:28:284 134659 135406 1
04-07-2017-16:33:28:332 135406 136153 1
04-07-2017-16:33:28:379 136153 136900 1
04-07-2017-16:33:28:425 136900 137647 1
04-07-2017-16:33:28:472 137647 138394 1
04-07-2017-16:33:28:520 138394 139141 1
04-07-2017-16:33:28:570 139141 139888 1
