04-07-2017-16:09:15:013 0 800 1
04-07-2017-16:09:15:065 800 1600 1
04-07-2017-16:09:15:117 1600 2374 1
04-07-2017-16:09:15:169 2374 3147 1
04-07-2017-16:09:15:219 3147 3920 1
04-07-2017-16:09:15:262 3920 4693 1
04-07-2017-16:09:15:312 4693 5466 1
04-07-2017-16:09:15:358 5466 6239 1
04-07-2017-16:09:15:410 6239 6947 1
04-07-2017-16:09:15:451 6947 7655 1
04-07-2017-16:09:15:486 7655 8363 1
04-07-2017-16:09:15:534 8363 9071 1
04-07-2017-16:09:15:579 9071 9779 1
04-07-2017-16:09:15:627 9779 10487 1
04-07-2017-16:09:15:673 10487 11195 1
04-07-2017-16:09:15:708 11195 11903 1
04-07-2017-16:09:15:756 11903 12611 1
04-07-2017-16:09:15:802 12611 13319 1
04-07-2017-16:09:15:849 13319 14027 1
04-07-2017-16:09:15:895 14027 14735 1
04-07-2017-16:09:15:930 14735 15443 1
04-07-2017-16:09:15:976 15443 16151 1
04-07-2017-16:09:16:024 16151 16859 1
04-07-2017-16:09:16:070 16859 17567 1
04-07-2017-16:09:16:109 17567 18275 1
04-07-2017-16:09:16:155 18275 18983 1
04-07-2017-16:09:16:203 18983 19691 1
04-07-2017-16:09:16:238 19691 20399 1
04-07-2017-16:09:16:284 20399 21107 1
04-07-2017-16:09:16:332 21107 21815 1
04-07-2017-16:09:16:378 21815 22523 1
04-07-2017-16:09:16:421 22523 23231 1
04-07-2017-16:09:16:467 23231 23939 1
04-07-2017-16:09:16:504 23939 24647 1
04-07-2017-16:09:16:556 24647 25355 1
04-07-2017-16:09:16:592 25355 26063 1
04-07-2017-16:09:16:637 26063 26771 1
04-07-2017-16:09:16:685 26771 27479 1
04-07-2017-16:09:16:731 27479 28187 1
04-07-2017-16:09:16:778 28187 28895 1
04-07-2017-16:09:16:814 28895 29603 1
04-07-2017-16:09:16:859 29603 30311 1
04-07-2017-16:09:16:907 30311 31019 1
04-07-2017-16:09:16:953 31019 31727 1
04-07-2017-16:09:16:999 31727 32435 1
04-07-2017-16:09:17:034 32435 33143 1
04-07-2017-16:09:17:082 33143 33851 1
04-07-2017-16:09:17:128 33851 34559 1
04-07-2017-16:09:17:180 34559 35267 1
04-07-2017-16:09:17:217 35267 35975 1
04-07-2017-16:09:17:263 35975 36683 1
04-07-2017-16:09:17:311 36683 37391 1
04-07-2017-16:09:17:346 37391 38099 1
04-07-2017-16:09:17:392 38099 38807 1
04-07-2017-16:09:17:439 38807 39515 1
04-07-2017-16:09:17:489 39515 40223 1
04-07-2017-16:09:17:531 40223 40931 1
04-07-2017-16:09:17:566 40931 41639 1
04-07-2017-16:09:17:612 41639 42347 1
04-07-2017-16:09:17:660 42347 43055 1
04-07-2017-16:09:17:705 43055 43763 1
04-07-2017-16:09:17:753 43763 44471 1
04-07-2017-16:09:17:789 44471 45179 1
04-07-2017-16:09:17:834 45179 45887 1
04-07-2017-16:09:17:880 45887 46595 1
04-07-2017-16:09:17:928 46595 47303 1
04-07-2017-16:09:17:973 47303 48011 1
04-07-2017-16:09:18:009 48011 48719 1
04-07-2017-16:09:18:057 48719 49427 1
04-07-2017-16:09:18:162 49427 50135 1
04-07-2017-16:09:18:163 50135 50843 1
04-07-2017-16:09:18:197 50843 51551 1
04-07-2017-16:09:18:232 51551 52259 1
04-07-2017-16:09:18:277 52259 52967 1
04-07-2017-16:09:18:325 52967 53675 1
04-07-2017-16:09:18:371 53675 54383 1
04-07-2017-16:09:18:406 54383 55091 1
04-07-2017-16:09:18:454 55091 55799 1
04-07-2017-16:09:18:499 55799 56507 1
04-07-2017-16:09:18:545 56507 57215 1
04-07-2017-16:09:18:593 57215 57923 1
04-07-2017-16:09:18:636 57923 58631 1
04-07-2017-16:09:18:674 58631 59339 1
04-07-2017-16:09:18:719 59339 60047 1
04-07-2017-16:09:18:767 60047 60755 1
04-07-2017-16:09:18:815 60755 61463 1
04-07-2017-16:09:18:850 61463 62171 1
04-07-2017-16:09:18:896 62171 62879 1
04-07-2017-16:09:18:943 62879 63587 1
04-07-2017-16:09:18:989 63587 64295 1
04-07-2017-16:09:19:035 64295 65003 1
04-07-2017-16:09:19:070 65003 65711 1
04-07-2017-16:09:19:118 65711 66419 1
04-07-2017-16:09:19:163 66419 67127 1
04-07-2017-16:09:19:211 67127 67835 1
04-07-2017-16:09:19:257 67835 68543 1
04-07-2017-16:09:19:292 68543 69251 1
04-07-2017-16:09:19:340 69251 69959 1
04-07-2017-16:09:19:386 69959 70667 1
04-07-2017-16:09:19:431 70667 71375 1
04-07-2017-16:09:19:479 71375 72083 1
04-07-2017-16:09:19:514 72083 72791 1
04-07-2017-16:09:19:560 72791 73499 1
04-07-2017-16:09:19:608 73499 74207 1
04-07-2017-16:09:19:654 74207 74915 1
04-07-2017-16:09:19:689 74915 75623 1
04-07-2017-16:09:19:737 75623 76331 1
04-07-2017-16:09:19:783 76331 77039 1
04-07-2017-16:09:19:830 77039 77747 1
04-07-2017-16:09:19:875 77747 78455 1
04-07-2017-16:09:19:914 78455 79163 1
04-07-2017-16:09:19:962 79163 79871 1
04-07-2017-16:09:20:008 79871 80579 1
04-07-2017-16:09:20:043 80579 81287 1
04-07-2017-16:09:20:091 81287 81995 1
04-07-2017-16:09:20:137 81995 82703 1
04-07-2017-16:09:20:183 82703 83411 1
04-07-2017-16:09:20:230 83411 84119 1
04-07-2017-16:09:20:266 84119 84827 1
04-07-2017-16:09:20:312 84827 85535 1
04-07-2017-16:09:20:359 85535 86243 1
04-07-2017-16:09:20:405 86243 86951 1
04-07-2017-16:09:20:445 86951 87659 1
04-07-2017-16:09:20:490 87659 88367 1
04-07-2017-16:09:20:538 88367 89075 1
04-07-2017-16:09:20:584 89075 89783 1
04-07-2017-16:09:20:619 89783 90491 1
04-07-2017-16:09:20:667 90491 91199 1
04-07-2017-16:09:20:713 91199 91907 1
04-07-2017-16:09:20:760 91907 92615 1
04-07-2017-16:09:20:802 92615 93323 1
04-07-2017-16:09:20:850 93323 94031 1
04-07-2017-16:09:20:883 94031 94739 1
04-07-2017-16:09:20:931 94739 95447 1
04-07-2017-16:09:20:977 95447 96155 1
04-07-2017-16:09:21:024 96155 96863 1
04-07-2017-16:09:21:070 96863 97571 1
04-07-2017-16:09:21:105 97571 98279 1
04-07-2017-16:09:21:153 98279 98987 1
04-07-2017-16:09:21:199 98987 99695 1
04-07-2017-16:09:21:323 99695 100403 1
04-07-2017-16:09:21:324 100403 101111 1
04-07-2017-16:09:21:328 101111 101819 1
04-07-2017-16:09:21:374 101819 102527 1
04-07-2017-16:09:21:417 102527 103235 1
04-07-2017-16:09:21:469 103235 103894 1
04-07-2017-16:09:21:498 103894 104553 1
04-07-2017-16:09:21:544 104553 105212 1
04-07-2017-16:09:21:583 105212 105871 1
04-07-2017-16:09:21:629 105871 106530 1
04-07-2017-16:09:21:664 106530 107189 1
04-07-2017-16:09:21:712 107189 107848 1
04-07-2017-16:09:21:747 107848 108507 1
04-07-2017-16:09:21:793 108507 109166 1
04-07-2017-16:09:21:828 109166 109825 1
04-07-2017-16:09:21:874 109825 110484 1
04-07-2017-16:09:21:909 110484 111143 1
04-07-2017-16:09:21:957 111143 111802 1
04-07-2017-16:09:21:992 111802 112461 1
04-07-2017-16:09:22:038 112461 113120 1
04-07-2017-16:09:22:086 113120 113779 1
04-07-2017-16:09:22:119 113779 114438 1
04-07-2017-16:09:22:167 114438 115097 1
04-07-2017-16:09:22:202 115097 115756 1
04-07-2017-16:09:22:248 115756 116415 1
04-07-2017-16:09:22:284 116415 117074 1
04-07-2017-16:09:22:329 117074 117733 1
04-07-2017-16:09:22:365 117733 118392 1
04-07-2017-16:09:22:410 118392 119051 1
04-07-2017-16:09:22:446 119051 119710 1
04-07-2017-16:09:22:493 119710 120369 1
04-07-2017-16:09:22:529 120369 121028 1
04-07-2017-16:09:22:574 121028 121687 1
04-07-2017-16:09:22:610 121687 122346 1
04-07-2017-16:09:22:657 122346 123005 1
04-07-2017-16:09:22:691 123005 123664 1
04-07-2017-16:09:22:739 123664 124323 1
04-07-2017-16:09:22:784 124323 124982 1
04-07-2017-16:09:22:824 124982 125641 1
04-07-2017-16:09:22:863 125641 126300 1
04-07-2017-16:09:22:898 126300 126959 1
04-07-2017-16:09:22:944 126959 127618 1
04-07-2017-16:09:22:980 127618 128277 1
04-07-2017-16:09:23:025 128277 128936 1
04-07-2017-16:09:23:073 128936 129595 1
04-07-2017-16:09:23:108 129595 130254 1
04-07-2017-16:09:23:154 130254 130913 1
04-07-2017-16:09:23:189 130913 131572 1
04-07-2017-16:09:23:236 131572 132231 1
04-07-2017-16:09:23:272 132231 132890 1
04-07-2017-16:09:23:318 132890 133549 1
04-07-2017-16:09:23:357 133549 134208 1
04-07-2017-16:09:23:390 134208 134867 1
04-07-2017-16:09:23:438 134867 135526 1
04-07-2017-16:09:23:484 135526 136185 1
04-07-2017-16:09:23:519 136185 136844 1
04-07-2017-16:09:23:568 136844 137503 1
04-07-2017-16:09:23:601 137503 138162 1
04-07-2017-16:09:23:649 138162 138821 1
04-07-2017-16:09:23:684 138821 139480 1
04-07-2017-16:09:23:726 139480 140139 1
04-07-2017-16:09:23:774 140139 140798 1
04-07-2017-16:09:23:813 140798 141457 1
04-07-2017-16:09:23:848 141457 142116 1
04-07-2017-16:09:23:894 142116 142775 1
04-07-2017-16:09:23:929 142775 143434 1
04-07-2017-16:09:23:977 143434 144093 1
04-07-2017-16:09:24:010 144093 144752 1
04-07-2017-16:09:24:058 144752 145411 1
04-07-2017-16:09:24:094 145411 146070 1
04-07-2017-16:09:24:140 146070 146729 1
04-07-2017-16:09:24:175 146729 147388 1
04-07-2017-16:09:24:216 147388 148047 1
04-07-2017-16:09:24:266 148047 148706 1
04-07-2017-16:09:24:301 148706 149365 1
04-07-2017-16:09:24:349 149365 150024 1
04-07-2017-16:09:24:480 150024 150683 1
04-07-2017-16:09:24:480 150683 151342 1
04-07-2017-16:09:24:480 151342 152001 1
04-07-2017-16:09:24:512 152001 152660 1
04-07-2017-16:09:24:547 152660 153319 1
04-07-2017-16:09:24:587 153319 153978 1
04-07-2017-16:09:24:634 153978 154637 1
04-07-2017-16:09:24:669 154637 155296 1
04-07-2017-16:09:24:715 155296 155955 1
04-07-2017-16:09:24:750 155955 156614 1
04-07-2017-16:09:24:798 156614 157273 1
04-07-2017-16:09:24:844 157273 157932 1
04-07-2017-16:09:24:879 157932 158591 1
04-07-2017-16:09:24:925 158591 159250 1
04-07-2017-16:09:24:960 159250 159909 1
04-07-2017-16:09:25:008 159909 160568 1
04-07-2017-16:09:25:046 160568 161227 1
04-07-2017-16:09:25:081 161227 161886 1
04-07-2017-16:09:25:127 161886 162545 1
04-07-2017-16:09:25:174 162545 163204 1
04-07-2017-16:09:25:208 163204 163863 1
04-07-2017-16:09:25:255 163863 164522 1
04-07-2017-16:09:25:291 164522 165181 1
04-07-2017-16:09:25:336 165181 165840 1
04-07-2017-16:09:25:372 165840 166499 1
04-07-2017-16:09:25:420 166499 167158 1
04-07-2017-16:09:25:453 167158 167817 1
04-07-2017-16:09:25:500 167817 168476 1
04-07-2017-16:09:25:541 168476 169135 1
04-07-2017-16:09:25:585 169135 169794 1
04-07-2017-16:09:25:621 169794 170453 1
04-07-2017-16:09:25:668 170453 171112 1
04-07-2017-16:09:25:707 171112 171771 1
04-07-2017-16:09:25:743 171771 172430 1
04-07-2017-16:09:25:788 172430 173089 1
04-07-2017-16:09:25:824 173089 173748 1
04-07-2017-16:09:25:864 173748 174407 1
04-07-2017-16:09:25:910 174407 175066 1
04-07-2017-16:09:25:946 175066 175725 1
04-07-2017-16:09:25:992 175725 176384 1
04-07-2017-16:09:26:040 176384 177043 1
04-07-2017-16:09:26:079 177043 177702 1
04-07-2017-16:09:26:114 177702 178361 1
04-07-2017-16:09:26:160 178361 179020 1
04-07-2017-16:09:26:196 179020 179679 1
04-07-2017-16:09:26:243 179679 180338 1
04-07-2017-16:09:26:277 180338 180997 1
04-07-2017-16:09:26:316 180997 181656 1
04-07-2017-16:09:26:368 181656 182315 1
04-07-2017-16:09:26:404 182315 182974 1
04-07-2017-16:09:26:449 182974 183633 1
04-07-2017-16:09:26:485 183633 184292 1
04-07-2017-16:09:26:535 184292 184951 1
04-07-2017-16:09:26:570 184951 185610 1
04-07-2017-16:09:26:604 185610 186269 1
04-07-2017-16:09:26:651 186269 186928 1
04-07-2017-16:09:26:687 186928 187587 1
04-07-2017-16:09:26:733 187587 188246 1
04-07-2017-16:09:26:785 188246 188905 1
04-07-2017-16:09:26:820 188905 189564 1
04-07-2017-16:09:26:855 189564 190223 1
04-07-2017-16:09:26:901 190223 190882 1
04-07-2017-16:09:26:937 190882 191541 1
04-07-2017-16:09:26:982 191541 192200 1
04-07-2017-16:09:27:018 192200 192859 1
04-07-2017-16:09:27:065 192859 193518 1
04-07-2017-16:09:27:101 193518 194177 1
04-07-2017-16:09:27:146 194177 194836 1
04-07-2017-16:09:27:182 194836 195495 1
04-07-2017-16:09:27:227 195495 196154 1
04-07-2017-16:09:27:263 196154 196813 1
04-07-2017-16:09:27:315 196813 197472 1
04-07-2017-16:09:27:350 197472 198131 1
04-07-2017-16:09:27:396 198131 198790 1
04-07-2017-16:09:27:431 198790 199449 1
04-07-2017-16:09:27:477 199449 200108 1
04-07-2017-16:09:27:569 200108 200767 1
04-07-2017-16:09:27:569 200767 201426 1
04-07-2017-16:09:27:594 201426 202085 1
04-07-2017-16:09:27:641 202085 202744 1
04-07-2017-16:09:27:677 202744 203403 1
04-07-2017-16:09:27:722 203403 204062 1
04-07-2017-16:09:27:757 204062 204721 1
04-07-2017-16:09:27:805 204721 205380 1
04-07-2017-16:09:27:841 205380 206039 1
04-07-2017-16:09:27:886 206039 206698 1
04-07-2017-16:09:27:934 206698 207357 1
04-07-2017-16:09:27:963 207357 208016 1
04-07-2017-16:09:28:016 208016 208675 1
04-07-2017-16:09:28:055 208675 209334 1
04-07-2017-16:09:28:093 209334 209993 1
04-07-2017-16:09:28:128 209993 210652 1
04-07-2017-16:09:28:175 210652 211311 1
04-07-2017-16:09:28:221 211311 211970 1
04-07-2017-16:09:28:256 211970 212629 1
04-07-2017-16:09:28:303 212629 213288 1
04-07-2017-16:09:28:339 213288 213947 1
04-07-2017-16:09:28:389 213947 214606 1
04-07-2017-16:09:28:422 214606 215265 1
04-07-2017-16:09:28:457 215265 215924 1
04-07-2017-16:09:28:505 215924 216583 1
04-07-2017-16:09:28:551 216583 217242 1
04-07-2017-16:09:28:586 217242 217901 1
04-07-2017-16:09:28:634 217901 218560 1
04-07-2017-16:09:28:667 218560 219219 1
04-07-2017-16:09:28:715 219219 219878 1
04-07-2017-16:09:28:750 219878 220537 1
04-07-2017-16:09:28:796 220537 221196 1
04-07-2017-16:09:28:831 221196 221855 1
04-07-2017-16:09:28:879 221855 222514 1
04-07-2017-16:09:28:912 222514 223173 1
04-07-2017-16:09:28:960 223173 223832 1
04-07-2017-16:09:28:993 223832 224491 1
04-07-2017-16:09:29:041 224491 225150 1
04-07-2017-16:09:29:077 225150 225809 1
04-07-2017-16:09:29:122 225809 226468 1
04-07-2017-16:09:29:158 226468 227127 1
04-07-2017-16:09:29:206 227127 227786 1
04-07-2017-16:09:29:251 227786 228445 1
04-07-2017-16:09:29:287 228445 229104 1
04-07-2017-16:09:29:332 229104 229763 1
04-07-2017-16:09:29:372 229763 230422 1
04-07-2017-16:09:29:408 230422 231081 1
04-07-2017-16:09:29:454 231081 231740 1
04-07-2017-16:09:29:489 231740 232399 1
04-07-2017-16:09:29:530 232399 233058 1
04-07-2017-16:09:29:577 233058 233717 1
04-07-2017-16:09:29:612 233717 234376 1
04-07-2017-16:09:29:662 234376 235035 1
04-07-2017-16:09:29:697 235035 235694 1
04-07-2017-16:09:29:745 235694 236353 1
04-07-2017-16:09:29:779 236353 237012 1
04-07-2017-16:09:29:826 237012 237671 1
04-07-2017-16:09:29:862 237671 238330 1
04-07-2017-16:09:29:908 238330 238989 1
04-07-2017-16:09:29:943 238989 239648 1
04-07-2017-16:09:29:989 239648 240307 1
04-07-2017-16:09:30:024 240307 240966 1
04-07-2017-16:09:30:071 240966 241625 1
04-07-2017-16:09:30:107 241625 242284 1
04-07-2017-16:09:30:153 242284 242943 1
04-07-2017-16:09:30:188 242943 243602 1
04-07-2017-16:09:30:236 243602 244261 1
04-07-2017-16:09:30:269 244261 244920 1
04-07-2017-16:09:30:317 244920 245579 1
04-07-2017-16:09:30:363 245579 246238 1
04-07-2017-16:09:30:398 246238 246897 1
04-07-2017-16:09:30:446 246897 247556 1
04-07-2017-16:09:30:477 247556 248215 1
04-07-2017-16:09:30:517 248215 248874 1
04-07-2017-16:09:30:563 248874 249533 1
04-07-2017-16:09:30:611 249533 250192 1
04-07-2017-16:09:30:784 250192 250851 1
04-07-2017-16:09:30:785 250851 251510 1
04-07-2017-16:09:30:785 251510 252169 1
04-07-2017-16:09:30:786 252169 252828 1
04-07-2017-16:09:30:807 252828 253487 1
04-07-2017-16:09:30:852 253487 254146 1
04-07-2017-16:09:30:888 254146 254805 1
04-07-2017-16:09:30:935 254805 255464 1
04-07-2017-16:09:30:981 255464 256123 1
04-07-2017-16:09:31:016 256123 256782 1
04-07-2017-16:09:31:062 256782 257441 1
04-07-2017-16:09:31:097 257441 258100 1
04-07-2017-16:09:31:145 258100 258759 1
04-07-2017-16:09:31:178 258759 259418 1
04-07-2017-16:09:31:226 259418 260077 1
04-07-2017-16:09:31:261 260077 260736 1
04-07-2017-16:09:31:307 260736 261395 1
04-07-2017-16:09:31:342 261395 262054 1
04-07-2017-16:09:31:390 262054 262713 1
04-07-2017-16:09:31:426 262713 263372 1
04-07-2017-16:09:31:471 263372 264031 1
04-07-2017-16:09:31:507 264031 264690 1
04-07-2017-16:09:31:553 264690 265349 1
04-07-2017-16:09:31:588 265349 266008 1
04-07-2017-16:09:31:636 266008 266667 1
04-07-2017-16:09:31:673 266667 267326 1
04-07-2017-16:09:31:717 267326 267985 1
04-07-2017-16:09:31:752 267985 268644 1
04-07-2017-16:09:31:800 268644 269303 1
04-07-2017-16:09:31:845 269303 269962 1
04-07-2017-16:09:31:881 269962 270621 1
04-07-2017-16:09:31:928 270621 271280 1
04-07-2017-16:09:31:964 271280 271939 1
04-07-2017-16:09:32:009 271939 272598 1
04-07-2017-16:09:32:045 272598 273257 1
04-07-2017-16:09:32:090 273257 273916 1
04-07-2017-16:09:32:126 273916 274575 1
04-07-2017-16:09:32:174 274575 275234 1
04-07-2017-16:09:32:207 275234 275893 1
04-07-2017-16:09:32:255 275893 276552 1
04-07-2017-16:09:32:290 276552 277211 1
04-07-2017-16:09:32:336 277211 277870 1
04-07-2017-16:09:32:371 277870 278529 1
04-07-2017-16:09:32:419 278529 279188 1
04-07-2017-16:09:32:465 279188 279847 1
04-07-2017-16:09:32:496 279847 280506 1
04-07-2017-16:09:32:537 280506 281165 1
04-07-2017-16:09:32:584 281165 281824 1
04-07-2017-16:09:32:619 281824 282483 1
04-07-2017-16:09:32:665 282483 283142 1
04-07-2017-16:09:32:710 283142 283801 1
04-07-2017-16:09:32:746 283801 284460 1
04-07-2017-16:09:32:794 284460 285119 1
04-07-2017-16:09:32:827 285119 285778 1
04-07-2017-16:09:32:875 285778 286437 1
04-07-2017-16:09:32:910 286437 287096 1
04-07-2017-16:09:32:956 287096 287755 1
04-07-2017-16:09:32:992 287755 288414 1
04-07-2017-16:09:33:037 288414 289073 1
04-07-2017-16:09:33:073 289073 289732 1
04-07-2017-16:09:33:120 289732 290391 1
04-07-2017-16:09:33:154 290391 291050 1
04-07-2017-16:09:33:202 291050 291709 1
04-07-2017-16:09:33:237 291709 292368 1
04-07-2017-16:09:33:283 292368 293027 1
04-07-2017-16:09:33:319 293027 293686 1
04-07-2017-16:09:33:368 293686 294345 1
04-07-2017-16:09:33:404 294345 295004 1
04-07-2017-16:09:33:452 295004 295663 1
04-07-2017-16:09:33:485 295663 296322 1
04-07-2017-16:09:33:533 296322 296981 1
04-07-2017-16:09:33:568 296981 297640 1
04-07-2017-16:09:33:614 297640 298299 1
04-07-2017-16:09:33:649 298299 298958 1
04-07-2017-16:09:33:697 298958 299617 1
04-07-2017-16:09:33:732 299617 300276 1
04-07-2017-16:09:33:883 300276 300935 1
04-07-2017-16:09:33:884 300935 301594 1
04-07-2017-16:09:33:884 301594 302253 1
04-07-2017-16:09:33:894 302253 302912 1
04-07-2017-16:09:33:942 302912 303571 1
04-07-2017-16:09:33:986 303571 304230 1
04-07-2017-16:09:34:031 304230 304889 1
04-07-2017-16:09:34:067 304889 305548 1
04-07-2017-16:09:34:100 305548 306207 1
04-07-2017-16:09:34:148 306207 306866 1
04-07-2017-16:09:34:183 306866 307525 1
04-07-2017-16:09:34:229 307525 308184 1
04-07-2017-16:09:34:277 308184 308843 1
04-07-2017-16:09:34:312 308843 309502 1
04-07-2017-16:09:34:358 309502 310161 1
04-07-2017-16:09:34:393 310161 310820 1
04-07-2017-16:09:34:433 310820 311479 1
04-07-2017-16:09:34:478 311479 312138 1
04-07-2017-16:09:34:514 312138 312797 1
04-07-2017-16:09:34:562 312797 313456 1
04-07-2017-16:09:34:596 313456 314115 1
04-07-2017-16:09:34:642 314115 314774 1
04-07-2017-16:09:34:677 314774 315433 1
04-07-2017-16:09:34:725 315433 316092 1
04-07-2017-16:09:34:760 316092 316751 1
04-07-2017-16:09:34:806 316751 317410 1
04-07-2017-16:09:34:854 317410 318069 1
04-07-2017-16:09:34:887 318069 318728 1
04-07-2017-16:09:34:935 318728 319387 1
04-07-2017-16:09:34:970 319387 320046 1
04-07-2017-16:09:35:016 320046 320705 1
04-07-2017-16:09:35:051 320705 321364 1
