19-07-2017-16:19:50:676 0 640 1
19-07-2017-16:19:50:704 640 1280 1
19-07-2017-16:19:50:744 1280 1920 1
19-07-2017-16:19:50:786 1920 2560 1
19-07-2017-16:19:50:832 2560 3200 1
19-07-2017-16:19:50:872 3200 3840 1
19-07-2017-16:19:50:901 3840 4480 1
19-07-2017-16:19:50:951 4480 5120 1
19-07-2017-16:19:50:981 5120 5760 1
19-07-2017-16:19:51:021 5760 6400 1
19-07-2017-16:19:51:062 6400 7040 1
19-07-2017-16:19:51:103 7040 7680 1
19-07-2017-16:19:51:143 7680 8320 1
19-07-2017-16:19:51:195 8320 8960 1
19-07-2017-16:19:51:232 8960 9600 1
19-07-2017-16:19:51:261 9600 10240 1
19-07-2017-16:19:51:301 10240 10880 1
19-07-2017-16:19:51:342 10880 11520 1
19-07-2017-16:19:51:382 11520 12160 1
19-07-2017-16:19:51:422 12160 12800 1
19-07-2017-16:19:51:472 12800 13440 1
19-07-2017-16:19:51:511 13440 14080 1
19-07-2017-16:19:51:551 14080 14720 1
19-07-2017-16:19:51:591 14720 15360 1
19-07-2017-16:19:51:633 15360 16000 1
19-07-2017-16:19:51:664 16000 16640 1
19-07-2017-16:19:51:705 16640 17280 1
19-07-2017-16:19:51:757 17280 17856 1
19-07-2017-16:19:51:775 17856 18432 1
19-07-2017-16:19:51:825 18432 19008 1
19-07-2017-16:19:51:847 19008 19584 1
19-07-2017-16:19:51:892 19584 20160 1
19-07-2017-16:19:51:915 20160 20736 1
19-07-2017-16:19:51:962 20736 21312 1
19-07-2017-16:19:52:002 21312 21888 1
19-07-2017-16:19:52:026 21888 22464 1
19-07-2017-16:19:52:068 22464 23040 1
19-07-2017-16:19:52:097 23040 23616 1
19-07-2017-16:19:52:138 23616 24192 1
19-07-2017-16:19:52:184 24192 24768 1
19-07-2017-16:19:52:207 24768 25344 1
19-07-2017-16:19:52:254 25344 25920 1
19-07-2017-16:19:52:278 25920 26496 1
19-07-2017-16:19:52:323 26496 27072 1
19-07-2017-16:19:52:351 27072 27648 1
19-07-2017-16:19:52:392 27648 28224 1
19-07-2017-16:19:52:423 28224 28800 1
19-07-2017-16:19:52:461 28800 29376 1
19-07-2017-16:19:52:503 29376 29952 1
19-07-2017-16:19:52:532 29952 30528 1
19-07-2017-16:19:52:572 30528 31104 1
19-07-2017-16:19:52:602 31104 31680 1
19-07-2017-16:19:52:640 31680 32256 1
19-07-2017-16:19:52:681 32256 32832 1
19-07-2017-16:19:52:711 32832 33408 1
19-07-2017-16:19:52:751 33408 33984 1
19-07-2017-16:19:52:781 33984 34560 1
19-07-2017-16:19:52:825 34560 35136 1
19-07-2017-16:19:52:866 35136 35712 1
19-07-2017-16:19:52:896 35712 36288 1
19-07-2017-16:19:52:936 36288 36864 1
19-07-2017-16:19:52:966 36864 37440 1
19-07-2017-16:19:53:005 37440 38016 1
19-07-2017-16:19:53:034 38016 38592 1
19-07-2017-16:19:53:075 38592 39168 1
19-07-2017-16:19:53:104 39168 39744 1
19-07-2017-16:19:53:145 39744 40320 1
19-07-2017-16:19:53:190 40320 40896 1
19-07-2017-16:19:53:218 40896 41472 1
19-07-2017-16:19:53:260 41472 42048 1
19-07-2017-16:19:53:289 42048 42624 1
19-07-2017-16:19:53:330 42624 43200 1
19-07-2017-16:19:53:358 43200 43776 1
19-07-2017-16:19:53:397 43776 44352 1
19-07-2017-16:19:53:427 44352 44928 1
19-07-2017-16:19:53:469 44928 45504 1
19-07-2017-16:19:53:508 45504 46080 1
19-07-2017-16:19:53:540 46080 46656 1
19-07-2017-16:19:53:578 46656 47232 1
19-07-2017-16:19:53:606 47232 47808 1
19-07-2017-16:19:53:647 47808 48384 1
19-07-2017-16:19:53:695 48384 48960 1
19-07-2017-16:19:53:723 48960 49536 1
19-07-2017-16:19:53:905 49536 50112 1
19-07-2017-16:19:53:906 50112 50688 1
19-07-2017-16:19:53:906 50688 51264 1
19-07-2017-16:19:53:908 51264 51840 1
19-07-2017-16:19:53:908 51840 52416 1
19-07-2017-16:19:53:931 52416 52992 1
19-07-2017-16:19:53:973 52992 53568 1
19-07-2017-16:19:54:013 53568 54144 1
19-07-2017-16:19:54:040 54144 54720 1
19-07-2017-16:19:54:080 54720 55296 1
19-07-2017-16:19:54:128 55296 55872 1
19-07-2017-16:19:54:151 55872 56448 1
19-07-2017-16:19:54:196 56448 57024 1
19-07-2017-16:19:54:224 57024 57600 1
19-07-2017-16:19:54:265 57600 58176 1
19-07-2017-16:19:54:294 58176 58752 1
19-07-2017-16:19:54:335 58752 59328 1
19-07-2017-16:19:54:364 59328 59904 1
19-07-2017-16:19:54:404 59904 60480 1
19-07-2017-16:19:54:445 60480 61056 1
19-07-2017-16:19:54:474 61056 61632 1
19-07-2017-16:19:54:514 61632 62208 1
19-07-2017-16:19:54:543 62208 62784 1
19-07-2017-16:19:54:583 62784 63360 1
19-07-2017-16:19:54:631 63360 63936 1
19-07-2017-16:19:54:654 63936 64512 1
19-07-2017-16:19:54:696 64512 65088 1
19-07-2017-16:19:54:725 65088 65664 1
19-07-2017-16:19:54:769 65664 66240 1
19-07-2017-16:19:54:810 66240 66816 1
19-07-2017-16:19:54:839 66816 67392 1
19-07-2017-16:19:54:881 67392 67968 1
19-07-2017-16:19:54:910 67968 68544 1
19-07-2017-16:19:54:949 68544 69120 1
19-07-2017-16:19:54:979 69120 69696 1
19-07-2017-16:19:55:020 69696 70272 1
19-07-2017-16:19:55:047 70272 70848 1
19-07-2017-16:19:55:089 70848 71424 1
19-07-2017-16:19:55:128 71424 72000 1
19-07-2017-16:19:55:155 72000 72576 1
19-07-2017-16:19:55:197 72576 73152 1
19-07-2017-16:19:55:237 73152 73728 1
19-07-2017-16:19:55:264 73728 74304 1
19-07-2017-16:19:55:303 74304 74880 1
19-07-2017-16:19:55:351 74880 75456 1
19-07-2017-16:19:55:374 75456 76032 1
19-07-2017-16:19:55:419 76032 76608 1
19-07-2017-16:19:55:444 76608 77184 1
19-07-2017-16:19:55:490 77184 77760 1
19-07-2017-16:19:55:531 77760 78336 1
19-07-2017-16:19:55:561 78336 78912 1
19-07-2017-16:19:55:588 78912 79488 1
19-07-2017-16:19:55:630 79488 80064 1
19-07-2017-16:19:55:671 80064 80640 1
19-07-2017-16:19:55:699 80640 81216 1
19-07-2017-16:19:55:740 81216 81792 1
19-07-2017-16:19:55:769 81792 82368 1
19-07-2017-16:19:55:811 82368 82944 1
19-07-2017-16:19:55:840 82944 83520 1
19-07-2017-16:19:55:879 83520 84096 1
19-07-2017-16:19:55:921 84096 84672 1
19-07-2017-16:19:55:950 84672 85248 1
19-07-2017-16:19:55:990 85248 85824 1
19-07-2017-16:19:56:036 85824 86400 1
19-07-2017-16:19:56:059 86400 86976 1
19-07-2017-16:19:56:105 86976 87552 1
19-07-2017-16:19:56:133 87552 88128 1
19-07-2017-16:19:56:175 88128 88704 1
19-07-2017-16:19:56:203 88704 89280 1
19-07-2017-16:19:56:246 89280 89856 1
19-07-2017-16:19:56:277 89856 90432 1
19-07-2017-16:19:56:313 90432 91008 1
19-07-2017-16:19:56:361 91008 91584 1
19-07-2017-16:19:56:388 91584 92160 1
19-07-2017-16:19:56:429 92160 92736 1
19-07-2017-16:19:56:458 92736 93312 1
19-07-2017-16:19:56:499 93312 93888 1
19-07-2017-16:19:56:529 93888 94464 1
19-07-2017-16:19:56:568 94464 95040 1
19-07-2017-16:19:56:597 95040 95616 1
19-07-2017-16:19:56:638 95616 96192 1
19-07-2017-16:19:56:667 96192 96768 1
19-07-2017-16:19:56:709 96768 97344 1
19-07-2017-16:19:56:748 97344 97920 1
19-07-2017-16:19:56:777 97920 98496 1
19-07-2017-16:19:56:823 98496 99072 1
19-07-2017-16:19:56:846 99072 99648 1
19-07-2017-16:19:57:109 99648 100224 1
19-07-2017-16:19:57:110 100224 100800 1
19-07-2017-16:19:57:110 100800 101376 1
19-07-2017-16:19:57:110 101376 101952 1
19-07-2017-16:19:57:110 101952 102528 1
19-07-2017-16:19:57:110 102528 103104 1
19-07-2017-16:19:57:110 103104 103680 1
19-07-2017-16:19:57:137 103680 104256 1
19-07-2017-16:19:57:178 104256 104832 1
19-07-2017-16:19:57:218 104832 105408 1
19-07-2017-16:19:57:247 105408 105984 1
19-07-2017-16:19:57:287 105984 106560 1
19-07-2017-16:19:57:316 106560 107136 1
19-07-2017-16:19:57:358 107136 107712 1
19-07-2017-16:19:57:402 107712 108288 1
19-07-2017-16:19:57:427 108288 108864 1
19-07-2017-16:19:57:470 108864 109440 1
19-07-2017-16:19:57:511 109440 110016 1
19-07-2017-16:19:57:538 110016 110592 1
19-07-2017-16:19:57:578 110592 111168 1
19-07-2017-16:19:57:607 111168 111744 1
19-07-2017-16:19:57:645 111744 112320 1
19-07-2017-16:19:57:686 112320 112896 1
19-07-2017-16:19:57:715 112896 113472 1
19-07-2017-16:19:57:754 113472 114048 1
19-07-2017-16:19:57:783 114048 114624 1
19-07-2017-16:19:57:823 114624 115200 1
19-07-2017-16:19:57:865 115200 115776 1
19-07-2017-16:19:57:894 115776 116352 1
19-07-2017-16:19:57:933 116352 116928 1
19-07-2017-16:19:57:962 116928 117504 1
19-07-2017-16:19:58:005 117504 118080 1
19-07-2017-16:19:58:043 118080 118656 1
