19-07-2017-16:17:15:660 0 688 1
19-07-2017-16:17:15:698 688 1376 1
19-07-2017-16:17:15:740 1376 2064 1
19-07-2017-16:17:15:785 2064 2752 1
19-07-2017-16:17:15:826 2752 3440 1
19-07-2017-16:17:15:879 3440 4112 1
19-07-2017-16:17:15:913 4112 4784 1
19-07-2017-16:17:15:952 4784 5456 1
19-07-2017-16:17:15:993 5456 6128 1
19-07-2017-16:17:16:040 6128 6800 1
19-07-2017-16:17:16:080 6800 7472 1
19-07-2017-16:17:16:121 7472 8144 1
19-07-2017-16:17:16:161 8144 8816 1
19-07-2017-16:17:16:210 8816 9488 1
19-07-2017-16:17:16:249 9488 10160 1
19-07-2017-16:17:16:301 10160 10816 1
19-07-2017-16:17:16:334 10816 11472 1
19-07-2017-16:17:16:377 11472 12128 1
19-07-2017-16:17:16:415 12128 12784 1
19-07-2017-16:17:16:455 12784 13440 1
19-07-2017-16:17:16:497 13440 14096 1
19-07-2017-16:17:16:534 14096 14752 1
19-07-2017-16:17:16:584 14752 15408 1
19-07-2017-16:17:16:622 15408 16064 1
19-07-2017-16:17:16:663 16064 16720 1
19-07-2017-16:17:16:702 16720 17376 1
19-07-2017-16:17:16:745 17376 18032 1
19-07-2017-16:17:16:788 18032 18688 1
19-07-2017-16:17:16:828 18688 19344 1
19-07-2017-16:17:16:871 19344 20000 1
19-07-2017-16:17:16:909 20000 20656 1
19-07-2017-16:17:16:951 20656 21312 1
19-07-2017-16:17:16:989 21312 21968 1
19-07-2017-16:17:17:031 21968 22624 1
19-07-2017-16:17:17:076 22624 23280 1
19-07-2017-16:17:17:118 23280 23936 1
19-07-2017-16:17:17:148 23936 24592 1
19-07-2017-16:17:17:188 24592 25248 1
19-07-2017-16:17:17:229 25248 25904 1
19-07-2017-16:17:17:269 25904 26560 1
19-07-2017-16:17:17:315 26560 27216 1
19-07-2017-16:17:17:356 27216 27872 1
19-07-2017-16:17:17:396 27872 28528 1
19-07-2017-16:17:17:437 28528 29184 1
19-07-2017-16:17:17:480 29184 29840 1
19-07-2017-16:17:17:524 29840 30496 1
19-07-2017-16:17:17:565 30496 31152 1
19-07-2017-16:17:17:607 31152 31808 1
19-07-2017-16:17:17:649 31808 32464 1
19-07-2017-16:17:17:694 32464 33120 1
19-07-2017-16:17:17:720 33120 33776 1
19-07-2017-16:17:17:760 33776 34432 1
19-07-2017-16:17:17:802 34432 35088 1
19-07-2017-16:17:17:855 35088 35728 1
19-07-2017-16:17:17:888 35728 36368 1
19-07-2017-16:17:17:929 36368 37008 1
19-07-2017-16:17:17:969 37008 37648 1
19-07-2017-16:17:18:010 37648 38288 1
19-07-2017-16:17:18:055 38288 38928 1
19-07-2017-16:17:18:091 38928 39568 1
19-07-2017-16:17:18:133 39568 40208 1
19-07-2017-16:17:18:177 40208 40848 1
19-07-2017-16:17:18:204 40848 41488 1
19-07-2017-16:17:18:245 41488 42128 1
19-07-2017-16:17:18:286 42128 42768 1
19-07-2017-16:17:18:327 42768 43408 1
19-07-2017-16:17:18:373 43408 44048 1
19-07-2017-16:17:18:414 44048 44688 1
19-07-2017-16:17:18:443 44688 45328 1
19-07-2017-16:17:18:483 45328 45968 1
19-07-2017-16:17:18:524 45968 46608 1
19-07-2017-16:17:18:565 46608 47248 1
19-07-2017-16:17:18:612 47248 47888 1
19-07-2017-16:17:18:651 47888 48528 1
19-07-2017-16:17:18:691 48528 49168 1
19-07-2017-16:17:18:733 49168 49808 1
19-07-2017-16:17:18:850 49808 50448 1
19-07-2017-16:17:18:852 50448 51088 1
19-07-2017-16:17:18:852 51088 51728 1
19-07-2017-16:17:18:890 51728 52368 1
19-07-2017-16:17:18:931 52368 53008 1
19-07-2017-16:17:18:978 53008 53648 1
19-07-2017-16:17:19:018 53648 54288 1
19-07-2017-16:17:19:048 54288 54928 1
19-07-2017-16:17:19:088 54928 55568 1
19-07-2017-16:17:19:128 55568 56208 1
19-07-2017-16:17:19:169 56208 56848 1
19-07-2017-16:17:19:216 56848 57488 1
19-07-2017-16:17:19:256 57488 58128 1
19-07-2017-16:17:19:285 58128 58768 1
19-07-2017-16:17:19:324 58768 59408 1
19-07-2017-16:17:19:366 59408 60048 1
19-07-2017-16:17:19:410 60048 60688 1
19-07-2017-16:17:19:452 60688 61328 1
19-07-2017-16:17:19:492 61328 61968 1
19-07-2017-16:17:19:522 61968 62608 1
19-07-2017-16:17:19:563 62608 63248 1
19-07-2017-16:17:19:603 63248 63888 1
19-07-2017-16:17:19:650 63888 64528 1
19-07-2017-16:17:19:693 64528 65168 1
19-07-2017-16:17:19:735 65168 65808 1
19-07-2017-16:17:19:762 65808 66448 1
19-07-2017-16:17:19:804 66448 67088 1
19-07-2017-16:17:19:844 67088 67728 1
19-07-2017-16:17:19:885 67728 68368 1
19-07-2017-16:17:19:931 68368 69008 1
19-07-2017-16:17:19:971 69008 69648 1
19-07-2017-16:17:20:013 69648 70288 1
19-07-2017-16:17:20:043 70288 70928 1
19-07-2017-16:17:20:082 70928 71568 1
19-07-2017-16:17:20:128 71568 72208 1
19-07-2017-16:17:20:169 72208 72848 1
19-07-2017-16:17:20:211 72848 73488 1
19-07-2017-16:17:20:251 73488 74128 1
19-07-2017-16:17:20:297 74128 74768 1
19-07-2017-16:17:20:337 74768 75408 1
19-07-2017-16:17:20:367 75408 76048 1
19-07-2017-16:17:20:409 76048 76688 1
19-07-2017-16:17:20:449 76688 77328 1
19-07-2017-16:17:20:488 77328 77968 1
19-07-2017-16:17:20:536 77968 78608 1
19-07-2017-16:17:20:576 78608 79248 1
19-07-2017-16:17:20:605 79248 79888 1
19-07-2017-16:17:20:646 79888 80528 1
19-07-2017-16:17:20:686 80528 81168 1
19-07-2017-16:17:20:727 81168 81808 1
19-07-2017-16:17:20:773 81808 82448 1
19-07-2017-16:17:20:814 82448 83088 1
19-07-2017-16:17:20:843 83088 83728 1
19-07-2017-16:17:20:883 83728 84368 1
19-07-2017-16:17:20:927 84368 85008 1
19-07-2017-16:17:20:965 85008 85648 1
19-07-2017-16:17:21:011 85648 86288 1
19-07-2017-16:17:21:054 86288 86928 1
19-07-2017-16:17:21:082 86928 87568 1
19-07-2017-16:17:21:122 87568 88208 1
19-07-2017-16:17:21:163 88208 88848 1
19-07-2017-16:17:21:207 88848 89488 1
19-07-2017-16:17:21:247 89488 90128 1
19-07-2017-16:17:21:294 90128 90768 1
19-07-2017-16:17:21:323 90768 91408 1
19-07-2017-16:17:21:363 91408 92048 1
19-07-2017-16:17:21:403 92048 92688 1
19-07-2017-16:17:21:445 92688 93328 1
19-07-2017-16:17:21:490 93328 93968 1
19-07-2017-16:17:21:532 93968 94608 1
19-07-2017-16:17:21:572 94608 95248 1
19-07-2017-16:17:21:612 95248 95888 1
19-07-2017-16:17:21:641 95888 96528 1
19-07-2017-16:17:21:687 96528 97168 1
19-07-2017-16:17:21:729 97168 97808 1
19-07-2017-16:17:21:769 97808 98448 1
19-07-2017-16:17:21:809 98448 99088 1
19-07-2017-16:17:21:850 99088 99728 1
19-07-2017-16:17:21:896 99728 100368 1
19-07-2017-16:17:22:180 100368 101008 1
19-07-2017-16:17:22:182 101008 101648 1
19-07-2017-16:17:22:182 101648 102288 1
19-07-2017-16:17:22:182 102288 102928 1
19-07-2017-16:17:22:182 102928 103568 1
19-07-2017-16:17:22:182 103568 104208 1
19-07-2017-16:17:22:182 104208 104848 1
19-07-2017-16:17:22:202 104848 105488 1
19-07-2017-16:17:22:244 105488 106128 1
19-07-2017-16:17:22:285 106128 106768 1
19-07-2017-16:17:22:331 106768 107408 1
19-07-2017-16:17:22:371 107408 108048 1
19-07-2017-16:17:22:412 108048 108688 1
19-07-2017-16:17:22:452 108688 109328 1
19-07-2017-16:17:22:481 109328 109968 1
19-07-2017-16:17:22:527 109968 110608 1
19-07-2017-16:17:22:567 110608 111248 1
19-07-2017-16:17:22:608 111248 111888 1
19-07-2017-16:17:22:647 111888 112528 1
19-07-2017-16:17:22:689 112528 113168 1
19-07-2017-16:17:22:736 113168 113808 1
19-07-2017-16:17:22:776 113808 114448 1
19-07-2017-16:17:22:805 114448 115088 1
19-07-2017-16:17:22:845 115088 115728 1
19-07-2017-16:17:22:886 115728 116368 1
19-07-2017-16:17:22:932 116368 117008 1
19-07-2017-16:17:22:973 117008 117648 1
19-07-2017-16:17:23:003 117648 118288 1
19-07-2017-16:17:23:043 118288 118928 1
19-07-2017-16:17:23:083 118928 119568 1
19-07-2017-16:17:23:129 119568 120208 1
19-07-2017-16:17:23:170 120208 120848 1
19-07-2017-16:17:23:211 120848 121488 1
19-07-2017-16:17:23:253 121488 122128 1
19-07-2017-16:17:23:282 122128 122768 1
19-07-2017-16:17:23:322 122768 123408 1
19-07-2017-16:17:23:369 123408 124048 1
19-07-2017-16:17:23:409 124048 124688 1
19-07-2017-16:17:23:450 124688 125328 1
19-07-2017-16:17:23:496 125328 125968 1
19-07-2017-16:17:23:536 125968 126608 1
19-07-2017-16:17:23:565 126608 127248 1
19-07-2017-16:17:23:607 127248 127888 1
19-07-2017-16:17:23:646 127888 128528 1
19-07-2017-16:17:23:687 128528 129168 1
19-07-2017-16:17:23:733 129168 129808 1
19-07-2017-16:17:23:774 129808 130448 1
19-07-2017-16:17:23:803 130448 131088 1
19-07-2017-16:17:23:844 131088 131728 1
19-07-2017-16:17:23:885 131728 132368 1
19-07-2017-16:17:23:925 132368 133008 1
19-07-2017-16:17:23:971 133008 133648 1
19-07-2017-16:17:24:012 133648 134288 1
19-07-2017-16:17:24:042 134288 134928 1
19-07-2017-16:17:24:083 134928 135568 1
19-07-2017-16:17:24:124 135568 136208 1
19-07-2017-16:17:24:166 136208 136848 1
19-07-2017-16:17:24:208 136848 137488 1
19-07-2017-16:17:24:254 137488 138128 1
19-07-2017-16:17:24:294 138128 138768 1
19-07-2017-16:17:24:323 138768 139408 1
19-07-2017-16:17:24:364 139408 140048 1
19-07-2017-16:17:24:405 140048 140688 1
19-07-2017-16:17:24:445 140688 141328 1
19-07-2017-16:17:24:490 141328 141968 1
19-07-2017-16:17:24:532 141968 142608 1
19-07-2017-16:17:24:571 142608 143248 1
19-07-2017-16:17:24:618 143248 143888 1
19-07-2017-16:17:24:641 143888 144528 1
19-07-2017-16:17:24:689 144528 145168 1
19-07-2017-16:17:24:730 145168 145808 1
19-07-2017-16:17:24:768 145808 146448 1
19-07-2017-16:17:24:814 146448 147088 1
19-07-2017-16:17:24:855 147088 147728 1
19-07-2017-16:17:24:884 147728 148368 1
19-07-2017-16:17:24:924 148368 149008 1
19-07-2017-16:17:24:966 149008 149648 1
19-07-2017-16:17:25:006 149648 150288 1
19-07-2017-16:17:25:052 150288 150928 1
19-07-2017-16:17:25:258 150928 151568 1
19-07-2017-16:17:25:260 151568 152208 1
19-07-2017-16:17:25:261 152208 152848 1
19-07-2017-16:17:25:261 152848 153488 1
19-07-2017-16:17:25:261 153488 154128 1
19-07-2017-16:17:25:298 154128 154768 1
19-07-2017-16:17:25:331 154768 155408 1
19-07-2017-16:17:25:370 155408 156048 1
19-07-2017-16:17:25:416 156048 156688 1
19-07-2017-16:17:25:457 156688 157328 1
19-07-2017-16:17:25:485 157328 157968 1
19-07-2017-16:17:25:526 157968 158608 1
19-07-2017-16:17:25:566 158608 159248 1
19-07-2017-16:17:25:607 159248 159888 1
19-07-2017-16:17:25:654 159888 160528 1
19-07-2017-16:17:25:690 160528 161168 1
19-07-2017-16:17:25:734 161168 161808 1
19-07-2017-16:17:25:775 161808 162448 1
19-07-2017-16:17:25:803 162448 163088 1
19-07-2017-16:17:25:845 163088 163728 1
19-07-2017-16:17:25:886 163728 164368 1
19-07-2017-16:17:25:926 164368 165008 1
19-07-2017-16:17:25:971 165008 165648 1
19-07-2017-16:17:26:013 165648 166288 1
19-07-2017-16:17:26:042 166288 166928 1
19-07-2017-16:17:26:083 166928 167568 1
19-07-2017-16:17:26:122 167568 168208 1
19-07-2017-16:17:26:164 168208 168848 1
19-07-2017-16:17:26:210 168848 169488 1
19-07-2017-16:17:26:249 169488 170128 1
19-07-2017-16:17:26:291 170128 170768 1
19-07-2017-16:17:26:336 170768 171408 1
19-07-2017-16:17:26:376 171408 172048 1
19-07-2017-16:17:26:404 172048 172688 1
19-07-2017-16:17:26:445 172688 173328 1
19-07-2017-16:17:26:487 173328 173968 1
19-07-2017-16:17:26:531 173968 174608 1
19-07-2017-16:17:26:572 174608 175248 1
19-07-2017-16:17:26:614 175248 175888 1
19-07-2017-16:17:26:641 175888 176528 1
19-07-2017-16:17:26:682 176528 177168 1
19-07-2017-16:17:26:723 177168 177808 1
19-07-2017-16:17:26:769 177808 178448 1
19-07-2017-16:17:26:809 178448 179088 1
19-07-2017-16:17:26:851 179088 179728 1
19-07-2017-16:17:26:891 179728 180368 1
19-07-2017-16:17:26:937 180368 181008 1
19-07-2017-16:17:26:967 181008 181648 1
19-07-2017-16:17:27:006 181648 182288 1
19-07-2017-16:17:27:047 182288 182928 1
19-07-2017-16:17:27:088 182928 183568 1
19-07-2017-16:17:27:135 183568 184208 1
19-07-2017-16:17:27:173 184208 184848 1
19-07-2017-16:17:27:202 184848 185488 1
19-07-2017-16:17:27:244 185488 186128 1
19-07-2017-16:17:27:289 186128 186768 1
19-07-2017-16:17:27:329 186768 187408 1
19-07-2017-16:17:27:368 187408 188048 1
19-07-2017-16:17:27:409 188048 188688 1
19-07-2017-16:17:27:451 188688 189328 1
19-07-2017-16:17:27:496 189328 189968 1
19-07-2017-16:17:27:525 189968 190608 1
19-07-2017-16:17:27:565 190608 191248 1
19-07-2017-16:17:27:605 191248 191888 1
19-07-2017-16:17:27:648 191888 192528 1
19-07-2017-16:17:27:694 192528 193168 1
19-07-2017-16:17:27:734 193168 193808 1
19-07-2017-16:17:27:763 193808 194448 1
19-07-2017-16:17:27:804 194448 195088 1
19-07-2017-16:17:27:844 195088 195728 1
19-07-2017-16:17:27:886 195728 196368 1
19-07-2017-16:17:27:931 196368 197008 1
19-07-2017-16:17:27:972 197008 197648 1
19-07-2017-16:17:28:001 197648 198288 1
19-07-2017-16:17:28:040 198288 198928 1
19-07-2017-16:17:28:082 198928 199568 1
19-07-2017-16:17:28:128 199568 200208 1
19-07-2017-16:17:28:167 200208 200848 1
19-07-2017-16:17:28:209 200848 201488 1
19-07-2017-16:17:28:531 201488 202128 1
19-07-2017-16:17:28:532 202128 202768 1
19-07-2017-16:17:28:532 202768 203408 1
19-07-2017-16:17:28:532 203408 204048 1
19-07-2017-16:17:28:532 204048 204688 1
19-07-2017-16:17:28:532 204688 205328 1
19-07-2017-16:17:28:532 205328 205968 1
19-07-2017-16:17:28:532 205968 206608 1
19-07-2017-16:17:28:561 206608 207248 1
19-07-2017-16:17:28:601 207248 207888 1
19-07-2017-16:17:28:642 207888 208528 1
19-07-2017-16:17:28:682 208528 209168 1
19-07-2017-16:17:28:722 209168 209808 1
19-07-2017-16:17:28:770 209808 210448 1
19-07-2017-16:17:28:810 210448 211088 1
19-07-2017-16:17:28:852 211088 211728 1
19-07-2017-16:17:28:891 211728 212368 1
19-07-2017-16:17:28:939 212368 213008 1
19-07-2017-16:17:28:977 213008 213648 1
19-07-2017-16:17:29:006 213648 214288 1
19-07-2017-16:17:29:046 214288 214928 1
19-07-2017-16:17:29:086 214928 215568 1
19-07-2017-16:17:29:128 215568 216208 1
19-07-2017-16:17:29:174 216208 216848 1
19-07-2017-16:17:29:216 216848 217488 1
19-07-2017-16:17:29:243 217488 218128 1
19-07-2017-16:17:29:284 218128 218768 1
19-07-2017-16:17:29:324 218768 219408 1
19-07-2017-16:17:29:367 219408 220048 1
19-07-2017-16:17:29:412 220048 220688 1
19-07-2017-16:17:29:452 220688 221328 1
19-07-2017-16:17:29:552 221328 221968 1
19-07-2017-16:17:29:553 221968 222608 1
19-07-2017-16:17:29:562 222608 223248 1
19-07-2017-16:17:29:609 223248 223888 1
19-07-2017-16:17:29:649 223888 224528 1
19-07-2017-16:17:29:691 224528 225168 1
19-07-2017-16:17:29:731 225168 225808 1
19-07-2017-16:17:29:776 225808 226448 1
19-07-2017-16:17:29:817 226448 227088 1
19-07-2017-16:17:29:847 227088 227728 1
19-07-2017-16:17:29:888 227728 228368 1
19-07-2017-16:17:29:928 228368 229008 1
19-07-2017-16:17:29:968 229008 229648 1
19-07-2017-16:17:30:014 229648 230288 1
19-07-2017-16:17:30:043 230288 230928 1
19-07-2017-16:17:30:084 230928 231568 1
19-07-2017-16:17:30:124 231568 232208 1
19-07-2017-16:17:30:165 232208 232848 1
19-07-2017-16:17:30:209 232848 233488 1
19-07-2017-16:17:30:250 233488 234128 1
19-07-2017-16:17:30:290 234128 234768 1
19-07-2017-16:17:30:332 234768 235408 1
19-07-2017-16:17:30:360 235408 236048 1
19-07-2017-16:17:30:406 236048 236688 1
19-07-2017-16:17:30:446 236688 237328 1
19-07-2017-16:17:30:487 237328 237968 1
19-07-2017-16:17:30:527 237968 238608 1
19-07-2017-16:17:30:573 238608 239248 1
19-07-2017-16:17:30:614 239248 239888 1
19-07-2017-16:17:30:645 239888 240528 1
19-07-2017-16:17:30:683 240528 241168 1
19-07-2017-16:17:30:725 241168 241808 1
19-07-2017-16:17:30:765 241808 242448 1
19-07-2017-16:17:30:812 242448 243088 1
19-07-2017-16:17:30:851 243088 243728 1
19-07-2017-16:17:30:892 243728 244368 1
19-07-2017-16:17:30:920 244368 245008 1
19-07-2017-16:17:30:962 245008 245648 1
19-07-2017-16:17:31:009 245648 246288 1
19-07-2017-16:17:31:051 246288 246928 1
19-07-2017-16:17:31:089 246928 247568 1
19-07-2017-16:17:31:130 247568 248208 1
19-07-2017-16:17:31:177 248208 248848 1
19-07-2017-16:17:31:207 248848 249488 1
19-07-2017-16:17:31:244 249488 250128 1
19-07-2017-16:17:31:284 250128 250768 1
19-07-2017-16:17:31:327 250768 251408 1
19-07-2017-16:17:31:367 251408 252048 1
19-07-2017-16:17:31:707 252048 252688 1
19-07-2017-16:17:31:708 252688 253328 1
19-07-2017-16:17:31:708 253328 253968 1
19-07-2017-16:17:31:708 253968 254608 1
19-07-2017-16:17:31:710 254608 255248 1
19-07-2017-16:17:31:710 255248 255888 1
19-07-2017-16:17:31:710 255888 256528 1
19-07-2017-16:17:31:710 256528 257168 1
19-07-2017-16:17:31:727 257168 257808 1
19-07-2017-16:17:31:767 257808 258448 1
19-07-2017-16:17:31:807 258448 259088 1
19-07-2017-16:17:31:854 259088 259728 1
19-07-2017-16:17:31:895 259728 260368 1
19-07-2017-16:17:31:924 260368 261008 1
19-07-2017-16:17:31:964 261008 261648 1
19-07-2017-16:17:32:004 261648 262288 1
19-07-2017-16:17:32:047 262288 262928 1
19-07-2017-16:17:32:092 262928 263568 1
19-07-2017-16:17:32:134 263568 264208 1
19-07-2017-16:17:32:163 264208 264848 1
19-07-2017-16:17:32:204 264848 265488 1
19-07-2017-16:17:32:243 265488 266128 1
19-07-2017-16:17:32:284 266128 266768 1
19-07-2017-16:17:32:330 266768 267408 1
19-07-2017-16:17:32:372 267408 268048 1
19-07-2017-16:17:32:411 268048 268688 1
19-07-2017-16:17:32:452 268688 269328 1
19-07-2017-16:17:32:481 269328 269968 1
19-07-2017-16:17:32:521 269968 270608 1
19-07-2017-16:17:32:568 270608 271248 1
19-07-2017-16:17:32:609 271248 271888 1
19-07-2017-16:17:32:650 271888 272528 1
19-07-2017-16:17:32:690 272528 273168 1
19-07-2017-16:17:32:736 273168 273808 1
19-07-2017-16:17:32:777 273808 274448 1
19-07-2017-16:17:32:806 274448 275088 1
19-07-2017-16:17:32:847 275088 275728 1
19-07-2017-16:17:32:887 275728 276368 1
19-07-2017-16:17:32:929 276368 277008 1
19-07-2017-16:17:32:968 277008 277648 1
19-07-2017-16:17:33:015 277648 278288 1
19-07-2017-16:17:33:044 278288 278928 1
19-07-2017-16:17:33:083 278928 279568 1
19-07-2017-16:17:33:123 279568 280208 1
19-07-2017-16:17:33:164 280208 280848 1
19-07-2017-16:17:33:210 280848 281488 1
19-07-2017-16:17:33:250 281488 282128 1
19-07-2017-16:17:33:290 282128 282768 1
19-07-2017-16:17:33:337 282768 283408 1
19-07-2017-16:17:33:361 283408 284048 1
19-07-2017-16:17:33:408 284048 284688 1
19-07-2017-16:17:33:446 284688 285328 1
19-07-2017-16:17:33:488 285328 285968 1
19-07-2017-16:17:33:528 285968 286608 1
19-07-2017-16:17:33:576 286608 287248 1
19-07-2017-16:17:33:667 287248 287888 1
19-07-2017-16:17:33:668 287888 288528 1
19-07-2017-16:17:33:685 288528 289168 1
19-07-2017-16:17:33:726 289168 289808 1
19-07-2017-16:17:33:767 289808 290448 1
19-07-2017-16:17:33:813 290448 291088 1
19-07-2017-16:17:33:855 291088 291728 1
19-07-2017-16:17:33:884 291728 292368 1
19-07-2017-16:17:33:926 292368 293008 1
19-07-2017-16:17:33:966 293008 293648 1
19-07-2017-16:17:34:011 293648 294288 1
19-07-2017-16:17:34:052 294288 294928 1
19-07-2017-16:17:34:082 294928 295568 1
19-07-2017-16:17:34:123 295568 296208 1
19-07-2017-16:17:34:162 296208 296848 1
19-07-2017-16:17:34:203 296848 297488 1
19-07-2017-16:17:34:250 297488 298128 1
19-07-2017-16:17:34:291 298128 298768 1
19-07-2017-16:17:34:332 298768 299408 1
19-07-2017-16:17:34:361 299408 300048 1
19-07-2017-16:17:34:401 300048 300688 1
19-07-2017-16:17:34:447 300688 301328 1
19-07-2017-16:17:34:487 301328 301968 1
19-07-2017-16:17:34:527 301968 302608 1
19-07-2017-16:17:34:569 302608 303248 1
19-07-2017-16:17:34:615 303248 303888 1
19-07-2017-16:17:34:655 303888 304528 1
19-07-2017-16:17:34:683 304528 305168 1
19-07-2017-16:17:34:723 305168 305808 1
19-07-2017-16:17:34:769 305808 306448 1
19-07-2017-16:17:34:810 306448 307088 1
19-07-2017-16:17:34:850 307088 307728 1
19-07-2017-16:17:34:892 307728 308368 1
19-07-2017-16:17:34:931 308368 309008 1
19-07-2017-16:17:34:960 309008 309648 1
19-07-2017-16:17:35:002 309648 310288 1
19-07-2017-16:17:35:047 310288 310928 1
19-07-2017-16:17:35:089 310928 311568 1
19-07-2017-16:17:35:129 311568 312208 1
19-07-2017-16:17:35:171 312208 312848 1
19-07-2017-16:17:35:211 312848 313488 1
19-07-2017-16:17:35:241 313488 314128 1
19-07-2017-16:17:35:287 314128 314768 1
19-07-2017-16:17:35:327 314768 315408 1
19-07-2017-16:17:35:367 315408 316048 1
19-07-2017-16:17:35:407 316048 316688 1
19-07-2017-16:17:35:449 316688 317328 1
19-07-2017-16:17:35:496 317328 317968 1
19-07-2017-16:17:35:523 317968 318608 1
19-07-2017-16:17:35:564 318608 319248 1
19-07-2017-16:17:35:605 319248 319888 1
19-07-2017-16:17:35:646 319888 320528 1
19-07-2017-16:17:35:686 320528 321168 1
19-07-2017-16:17:35:733 321168 321808 1
19-07-2017-16:17:35:773 321808 322448 1
19-07-2017-16:17:35:805 322448 323088 1
19-07-2017-16:17:35:844 323088 323728 1
19-07-2017-16:17:35:885 323728 324368 1
19-07-2017-16:17:35:925 324368 325008 1
19-07-2017-16:17:35:970 325008 325648 1
19-07-2017-16:17:36:011 325648 326288 1
19-07-2017-16:17:36:041 326288 326928 1
19-07-2017-16:17:36:082 326928 327568 1
19-07-2017-16:17:36:122 327568 328208 1
19-07-2017-16:17:36:163 328208 328848 1
19-07-2017-16:17:36:205 328848 329488 1
19-07-2017-16:17:36:245 329488 330128 1
19-07-2017-16:17:36:291 330128 330768 1
19-07-2017-16:17:36:333 330768 331408 1
19-07-2017-16:17:36:362 331408 332048 1
19-07-2017-16:17:36:402 332048 332688 1
19-07-2017-16:17:36:442 332688 333328 1
19-07-2017-16:17:36:483 333328 333968 1
19-07-2017-16:17:36:524 333968 334608 1
19-07-2017-16:17:36:570 334608 335248 1
19-07-2017-16:17:36:612 335248 335888 1
19-07-2017-16:17:36:642 335888 336528 1
19-07-2017-16:17:36:682 336528 337168 1
19-07-2017-16:17:36:722 337168 337808 1
19-07-2017-16:17:37:122 337808 338448 1
19-07-2017-16:17:37:124 338448 339088 1
19-07-2017-16:17:37:124 339088 339728 1
19-07-2017-16:17:37:124 339728 340368 1
19-07-2017-16:17:37:124 340368 341008 1
19-07-2017-16:17:37:124 341008 341648 1
19-07-2017-16:17:37:124 341648 342288 1
19-07-2017-16:17:37:125 342288 342928 1
19-07-2017-16:17:37:125 342928 343568 1
19-07-2017-16:17:37:132 343568 344208 1
19-07-2017-16:17:37:169 344208 344848 1
19-07-2017-16:17:37:210 344848 345488 1
19-07-2017-16:17:37:257 345488 346128 1
19-07-2017-16:17:37:295 346128 346768 1
19-07-2017-16:17:37:325 346768 347408 1
19-07-2017-16:17:37:366 347408 348048 1
19-07-2017-16:17:37:407 348048 348688 1
19-07-2017-16:17:37:448 348688 349328 1
19-07-2017-16:17:37:488 349328 349968 1
19-07-2017-16:17:37:534 349968 350608 1
19-07-2017-16:17:37:563 350608 351248 1
19-07-2017-16:17:37:603 351248 351888 1
19-07-2017-16:17:37:646 351888 352528 1
19-07-2017-16:17:37:690 352528 353168 1
19-07-2017-16:17:37:732 353168 353808 1
19-07-2017-16:17:37:771 353808 354448 1
19-07-2017-16:17:37:811 354448 355088 1
19-07-2017-16:17:37:843 355088 355728 1
19-07-2017-16:17:37:881 355728 356368 1
19-07-2017-16:17:37:929 356368 357008 1
19-07-2017-16:17:37:969 357008 357648 1
19-07-2017-16:17:38:009 357648 358288 1
19-07-2017-16:17:38:050 358288 358928 1
19-07-2017-16:17:38:091 358928 359568 1
19-07-2017-16:17:38:120 359568 360208 1
19-07-2017-16:17:38:167 360208 360848 1
19-07-2017-16:17:38:206 360848 361488 1
19-07-2017-16:17:38:248 361488 362128 1
19-07-2017-16:17:38:288 362128 362768 1
19-07-2017-16:17:38:330 362768 363408 1
19-07-2017-16:17:38:375 363408 364048 1
19-07-2017-16:17:38:416 364048 364688 1
19-07-2017-16:17:38:447 364688 365328 1
19-07-2017-16:17:38:486 365328 365968 1
19-07-2017-16:17:38:527 365968 366608 1
19-07-2017-16:17:38:567 366608 367248 1
19-07-2017-16:17:38:613 367248 367888 1
19-07-2017-16:17:38:654 367888 368528 1
19-07-2017-16:17:38:682 368528 369168 1
19-07-2017-16:17:38:723 369168 369808 1
19-07-2017-16:17:38:763 369808 370448 1
19-07-2017-16:17:38:804 370448 371088 1
19-07-2017-16:17:38:850 371088 371728 1
19-07-2017-16:17:38:892 371728 372368 1
19-07-2017-16:17:38:932 372368 373008 1
19-07-2017-16:17:38:960 373008 373648 1
19-07-2017-16:17:39:002 373648 374288 1
19-07-2017-16:17:39:048 374288 374928 1
19-07-2017-16:17:39:087 374928 375568 1
19-07-2017-16:17:39:129 375568 376208 1
19-07-2017-16:17:39:169 376208 376848 1
19-07-2017-16:17:39:202 376848 377488 1
19-07-2017-16:17:39:242 377488 378128 1
19-07-2017-16:17:39:284 378128 378768 1
19-07-2017-16:17:39:330 378768 379408 1
19-07-2017-16:17:39:371 379408 380048 1
19-07-2017-16:17:39:401 380048 380688 1
19-07-2017-16:17:39:441 380688 381328 1
19-07-2017-16:17:39:481 381328 381968 1
19-07-2017-16:17:39:528 381968 382608 1
19-07-2017-16:17:39:568 382608 383248 1
19-07-2017-16:17:39:608 383248 383888 1
19-07-2017-16:17:39:655 383888 384528 1
19-07-2017-16:17:39:695 384528 385168 1
19-07-2017-16:17:39:725 385168 385808 1
19-07-2017-16:17:39:765 385808 386448 1
19-07-2017-16:17:39:805 386448 387088 1
19-07-2017-16:17:39:847 387088 387728 1
19-07-2017-16:17:39:892 387728 388368 1
19-07-2017-16:17:40:099 388368 389008 1
19-07-2017-16:17:40:100 389008 389648 1
19-07-2017-16:17:40:100 389648 390288 1
19-07-2017-16:17:40:100 390288 390928 1
19-07-2017-16:17:40:100 390928 391568 1
19-07-2017-16:17:40:136 391568 392208 1
19-07-2017-16:17:40:169 392208 392848 1
19-07-2017-16:17:40:211 392848 393488 1
19-07-2017-16:17:40:252 393488 394128 1
19-07-2017-16:17:40:280 394128 394768 1
19-07-2017-16:17:40:325 394768 395408 1
19-07-2017-16:17:40:366 395408 396048 1
19-07-2017-16:17:40:408 396048 396688 1
19-07-2017-16:17:40:448 396688 397328 1
19-07-2017-16:17:40:493 397328 397968 1
19-07-2017-16:17:40:534 397968 398608 1
19-07-2017-16:17:40:564 398608 399248 1
19-07-2017-16:17:40:604 399248 399888 1
19-07-2017-16:17:40:646 399888 400528 1
19-07-2017-16:17:40:690 400528 401168 1
19-07-2017-16:17:40:730 401168 401808 1
19-07-2017-16:17:40:760 401808 402448 1
19-07-2017-16:17:40:801 402448 403088 1
19-07-2017-16:17:40:847 403088 403728 1
19-07-2017-16:17:40:888 403728 404368 1
19-07-2017-16:17:40:928 404368 405008 1
19-07-2017-16:17:40:970 405008 405648 1
19-07-2017-16:17:41:015 405648 406288 1
19-07-2017-16:17:41:055 406288 406928 1
19-07-2017-16:17:41:084 406928 407568 1
19-07-2017-16:17:41:125 407568 408208 1
19-07-2017-16:17:41:167 408208 408848 1
19-07-2017-16:17:41:207 408848 409488 1
19-07-2017-16:17:41:253 409488 410128 1
19-07-2017-16:17:41:294 410128 410768 1
19-07-2017-16:17:41:325 410768 411408 1
19-07-2017-16:17:41:363 411408 412048 1
19-07-2017-16:17:41:404 412048 412688 1
19-07-2017-16:17:41:445 412688 413328 1
19-07-2017-16:17:41:490 413328 413968 1
19-07-2017-16:17:41:531 413968 414608 1
19-07-2017-16:17:41:562 414608 415248 1
19-07-2017-16:17:41:603 415248 415888 1
19-07-2017-16:17:41:642 415888 416528 1
19-07-2017-16:17:41:684 416528 417168 1
19-07-2017-16:17:41:728 417168 417808 1
19-07-2017-16:17:41:769 417808 418448 1
19-07-2017-16:17:41:810 418448 419088 1
19-07-2017-16:17:41:850 419088 419728 1
19-07-2017-16:17:41:895 419728 420368 1
19-07-2017-16:17:41:937 420368 421008 1
19-07-2017-16:17:41:966 421008 421648 1
19-07-2017-16:17:42:006 421648 422288 1
19-07-2017-16:17:42:048 422288 422928 1
19-07-2017-16:17:42:089 422928 423568 1
19-07-2017-16:17:42:133 423568 424208 1
19-07-2017-16:17:42:162 424208 424848 1
19-07-2017-16:17:42:203 424848 425488 1
19-07-2017-16:17:42:244 425488 426128 1
19-07-2017-16:17:42:284 426128 426768 1
19-07-2017-16:17:42:326 426768 427408 1
19-07-2017-16:17:42:373 427408 428048 1
19-07-2017-16:17:42:413 428048 428688 1
19-07-2017-16:17:42:442 428688 429328 1
19-07-2017-16:17:42:483 429328 429968 1
19-07-2017-16:17:42:523 429968 430608 1
19-07-2017-16:17:42:565 430608 431248 1
19-07-2017-16:17:42:611 431248 431888 1
19-07-2017-16:17:42:652 431888 432528 1
19-07-2017-16:17:42:681 432528 433168 1
19-07-2017-16:17:42:721 433168 433808 1
19-07-2017-16:17:42:763 433808 434448 1
19-07-2017-16:17:42:802 434448 435088 1
19-07-2017-16:17:42:849 435088 435728 1
19-07-2017-16:17:42:890 435728 436368 1
19-07-2017-16:17:42:928 436368 437008 1
19-07-2017-16:17:42:970 437008 437648 1
19-07-2017-16:17:43:017 437648 438288 1
19-07-2017-16:17:43:044 438288 438928 1
19-07-2017-16:17:43:086 438928 439568 1
19-07-2017-16:17:43:230 439568 440208 1
19-07-2017-16:17:43:232 440208 440848 1
19-07-2017-16:17:43:232 440848 441488 1
19-07-2017-16:17:43:254 441488 442128 1
19-07-2017-16:17:43:284 442128 442768 1
19-07-2017-16:17:43:323 442768 443408 1
19-07-2017-16:17:43:363 443408 444048 1
19-07-2017-16:17:43:406 444048 444688 1
19-07-2017-16:17:43:449 444688 445328 1
19-07-2017-16:17:43:490 445328 445968 1
19-07-2017-16:17:43:532 445968 446608 1
19-07-2017-16:17:43:561 446608 447248 1
19-07-2017-16:17:43:600 447248 447888 1
19-07-2017-16:17:43:642 447888 448528 1
19-07-2017-16:17:43:686 448528 449168 1
19-07-2017-16:17:43:732 449168 449808 1
19-07-2017-16:17:43:773 449808 450448 1
19-07-2017-16:17:43:802 450448 451088 1
19-07-2017-16:17:43:842 451088 451728 1
19-07-2017-16:17:43:882 451728 452368 1
19-07-2017-16:17:43:930 452368 453008 1
19-07-2017-16:17:43:970 453008 453648 1
19-07-2017-16:17:44:011 453648 454288 1
19-07-2017-16:17:44:042 454288 454928 1
19-07-2017-16:17:44:080 454928 455568 1
19-07-2017-16:17:44:123 455568 456208 1
19-07-2017-16:17:44:168 456208 456848 1
19-07-2017-16:17:44:208 456848 457488 1
19-07-2017-16:17:44:249 457488 458128 1
19-07-2017-16:17:44:295 458128 458768 1
19-07-2017-16:17:44:335 458768 459408 1
19-07-2017-16:17:44:364 459408 460048 1
19-07-2017-16:17:44:404 460048 460688 1
19-07-2017-16:17:44:446 460688 461328 1
19-07-2017-16:17:44:485 461328 461968 1
19-07-2017-16:17:44:531 461968 462608 1
19-07-2017-16:17:44:561 462608 463248 1
19-07-2017-16:17:44:600 463248 463888 1
19-07-2017-16:17:44:643 463888 464528 1
19-07-2017-16:17:44:683 464528 465168 1
19-07-2017-16:17:44:724 465168 465808 1
19-07-2017-16:17:44:770 465808 466448 1
19-07-2017-16:17:44:810 466448 467088 1
19-07-2017-16:17:44:851 467088 467728 1
19-07-2017-16:17:44:881 467728 468368 1
19-07-2017-16:17:44:920 468368 469008 1
19-07-2017-16:17:44:962 469008 469648 1
19-07-2017-16:17:45:013 469648 470288 1
19-07-2017-16:17:45:048 470288 470928 1
19-07-2017-16:17:45:089 470928 471568 1
19-07-2017-16:17:45:129 471568 472208 1
19-07-2017-16:17:45:175 472208 472848 1
19-07-2017-16:17:45:205 472848 473488 1
19-07-2017-16:17:45:247 473488 474128 1
19-07-2017-16:17:45:292 474128 474768 1
19-07-2017-16:17:45:321 474768 475408 1
19-07-2017-16:17:45:363 475408 476048 1
19-07-2017-16:17:45:403 476048 476688 1
19-07-2017-16:17:45:444 476688 477328 1
19-07-2017-16:17:45:485 477328 477968 1
19-07-2017-16:17:45:530 477968 478608 1
19-07-2017-16:17:45:570 478608 479248 1
19-07-2017-16:17:45:600 479248 479888 1
19-07-2017-16:17:45:642 479888 480528 1
19-07-2017-16:17:45:686 480528 481168 1
19-07-2017-16:17:45:728 481168 481808 1
19-07-2017-16:17:45:768 481808 482448 1
19-07-2017-16:17:45:810 482448 483088 1
19-07-2017-16:17:45:848 483088 483728 1
19-07-2017-16:17:45:896 483728 484368 1
19-07-2017-16:17:45:923 484368 485008 1
19-07-2017-16:17:45:965 485008 485648 1
19-07-2017-16:17:46:005 485648 486288 1
19-07-2017-16:17:46:047 486288 486928 1
19-07-2017-16:17:46:086 486928 487568 1
19-07-2017-16:17:46:136 487568 488208 1
19-07-2017-16:17:46:161 488208 488848 1
19-07-2017-16:17:46:202 488848 489488 1
19-07-2017-16:17:46:244 489488 490128 1
19-07-2017-16:17:46:391 490128 490768 1
19-07-2017-16:17:46:392 490768 491408 1
19-07-2017-16:17:46:392 491408 492048 1
19-07-2017-16:17:46:412 492048 492688 1
19-07-2017-16:17:46:440 492688 493328 1
19-07-2017-16:17:46:481 493328 493968 1
19-07-2017-16:17:46:521 493968 494608 1
19-07-2017-16:17:46:562 494608 495248 1
19-07-2017-16:17:46:610 495248 495888 1
19-07-2017-16:17:46:649 495888 496528 1
19-07-2017-16:17:46:696 496528 497168 1
19-07-2017-16:17:46:735 497168 497808 1
19-07-2017-16:17:46:764 497808 498448 1
19-07-2017-16:17:46:804 498448 499088 1
19-07-2017-16:17:46:845 499088 499728 1
19-07-2017-16:17:46:887 499728 500368 1
19-07-2017-16:17:46:933 500368 501008 1
19-07-2017-16:17:46:962 501008 501648 1
19-07-2017-16:17:47:002 501648 502288 1
19-07-2017-16:17:47:042 502288 502928 1
19-07-2017-16:17:47:084 502928 503568 1
19-07-2017-16:17:47:124 503568 504208 1
19-07-2017-16:17:47:169 504208 504848 1
19-07-2017-16:17:47:210 504848 505488 1
19-07-2017-16:17:47:240 505488 506128 1
19-07-2017-16:17:47:281 506128 506768 1
19-07-2017-16:17:47:321 506768 507408 1
19-07-2017-16:17:47:367 507408 508048 1
19-07-2017-16:17:47:408 508048 508688 1
19-07-2017-16:17:47:449 508688 509328 1
19-07-2017-16:17:47:489 509328 509968 1
19-07-2017-16:17:47:537 509968 510608 1
19-07-2017-16:17:47:576 510608 511248 1
19-07-2017-16:17:47:607 511248 511888 1
19-07-2017-16:17:47:645 511888 512528 1
19-07-2017-16:17:47:685 512528 513168 1
19-07-2017-16:17:47:727 513168 513808 1
19-07-2017-16:17:47:772 513808 514448 1
19-07-2017-16:17:47:801 514448 515088 1
19-07-2017-16:17:47:843 515088 515728 1
19-07-2017-16:17:47:884 515728 516368 1
19-07-2017-16:17:47:924 516368 517008 1
19-07-2017-16:17:47:970 517008 517648 1
19-07-2017-16:17:48:009 517648 518288 1
19-07-2017-16:17:48:050 518288 518928 1
19-07-2017-16:17:48:090 518928 519568 1
19-07-2017-16:17:48:119 519568 520208 1
19-07-2017-16:17:48:161 520208 520848 1
19-07-2017-16:17:48:201 520848 521488 1
19-07-2017-16:17:48:242 521488 522128 1
19-07-2017-16:17:48:289 522128 522768 1
19-07-2017-16:17:48:328 522768 523408 1
19-07-2017-16:17:48:370 523408 524048 1
19-07-2017-16:17:48:416 524048 524688 1
19-07-2017-16:17:48:440 524688 525328 1
19-07-2017-16:17:48:485 525328 525968 1
19-07-2017-16:17:48:526 525968 526608 1
19-07-2017-16:17:48:566 526608 527248 1
19-07-2017-16:17:48:607 527248 527888 1
19-07-2017-16:17:48:655 527888 528528 1
19-07-2017-16:17:48:684 528528 529168 1
19-07-2017-16:17:48:725 529168 529808 1
19-07-2017-16:17:48:764 529808 530448 1
19-07-2017-16:17:48:804 530448 531088 1
19-07-2017-16:17:48:850 531088 531728 1
19-07-2017-16:17:48:893 531728 532368 1
19-07-2017-16:17:48:922 532368 533008 1
19-07-2017-16:17:48:961 533008 533648 1
19-07-2017-16:17:49:001 533648 534288 1
19-07-2017-16:17:49:047 534288 534928 1
19-07-2017-16:17:49:089 534928 535568 1
19-07-2017-16:17:49:128 535568 536208 1
19-07-2017-16:17:49:170 536208 536848 1
19-07-2017-16:17:49:216 536848 537488 1
19-07-2017-16:17:49:257 537488 538128 1
19-07-2017-16:17:49:284 538128 538768 1
19-07-2017-16:17:49:326 538768 539408 1
19-07-2017-16:17:49:366 539408 540048 1
19-07-2017-16:17:49:407 540048 540688 1
19-07-2017-16:17:49:529 540688 541328 1
19-07-2017-16:17:49:530 541328 541968 1
19-07-2017-16:17:49:530 541968 542608 1
19-07-2017-16:17:49:563 542608 543248 1
19-07-2017-16:17:49:604 543248 543888 1
19-07-2017-16:17:49:650 543888 544528 1
19-07-2017-16:17:49:689 544528 545168 1
19-07-2017-16:17:49:737 545168 545808 1
19-07-2017-16:17:49:760 545808 546448 1
19-07-2017-16:17:49:806 546448 547088 1
19-07-2017-16:17:49:847 547088 547728 1
19-07-2017-16:17:49:886 547728 548368 1
19-07-2017-16:17:49:927 548368 549008 1
19-07-2017-16:17:49:973 549008 549648 1
19-07-2017-16:17:50:002 549648 550288 1
19-07-2017-16:17:50:044 550288 550928 1
19-07-2017-16:17:50:084 550928 551568 1
19-07-2017-16:17:50:124 551568 552208 1
19-07-2017-16:17:50:170 552208 552848 1
19-07-2017-16:17:50:212 552848 553488 1
19-07-2017-16:17:50:239 553488 554128 1
19-07-2017-16:17:50:281 554128 554768 1
19-07-2017-16:17:50:322 554768 555408 1
19-07-2017-16:17:50:362 555408 556048 1
19-07-2017-16:17:50:410 556048 556688 1
19-07-2017-16:17:50:443 556688 557328 1
19-07-2017-16:17:50:485 557328 557968 1
19-07-2017-16:17:50:525 557968 558608 1
19-07-2017-16:17:50:571 558608 559248 1
19-07-2017-16:17:50:611 559248 559888 1
19-07-2017-16:17:50:640 559888 560528 1
19-07-2017-16:17:50:681 560528 561168 1
19-07-2017-16:17:50:721 561168 561808 1
19-07-2017-16:17:50:767 561808 562448 1
19-07-2017-16:17:50:808 562448 563088 1
19-07-2017-16:17:50:849 563088 563728 1
19-07-2017-16:17:50:888 563728 564368 1
19-07-2017-16:17:50:936 564368 565008 1
19-07-2017-16:17:50:976 565008 565648 1
19-07-2017-16:17:51:005 565648 566288 1
19-07-2017-16:17:51:045 566288 566928 1
19-07-2017-16:17:51:085 566928 567568 1
19-07-2017-16:17:51:131 567568 568208 1
19-07-2017-16:17:51:173 568208 568848 1
19-07-2017-16:17:51:212 568848 569488 1
19-07-2017-16:17:51:242 569488 570128 1
19-07-2017-16:17:51:283 570128 570768 1
19-07-2017-16:17:51:323 570768 571408 1
19-07-2017-16:17:51:364 571408 572048 1
19-07-2017-16:17:51:409 572048 572688 1
19-07-2017-16:17:51:450 572688 573328 1
19-07-2017-16:17:51:480 573328 573968 1
19-07-2017-16:17:51:522 573968 574608 1
19-07-2017-16:17:51:562 574608 575248 1
19-07-2017-16:17:51:609 575248 575888 1
19-07-2017-16:17:51:648 575888 576528 1
19-07-2017-16:17:51:689 576528 577168 1
19-07-2017-16:17:51:729 577168 577808 1
19-07-2017-16:17:51:770 577808 578448 1
19-07-2017-16:17:51:799 578448 579088 1
19-07-2017-16:17:51:845 579088 579728 1
19-07-2017-16:17:51:886 579728 580368 1
19-07-2017-16:17:51:928 580368 581008 1
19-07-2017-16:17:51:967 581008 581648 1
19-07-2017-16:17:52:014 581648 582288 1
19-07-2017-16:17:52:054 582288 582928 1
19-07-2017-16:17:52:082 582928 583568 1
19-07-2017-16:17:52:123 583568 584208 1
19-07-2017-16:17:52:164 584208 584848 1
19-07-2017-16:17:52:206 584848 585488 1
19-07-2017-16:17:52:246 585488 586128 1
19-07-2017-16:17:52:293 586128 586768 1
19-07-2017-16:17:52:321 586768 587408 1
19-07-2017-16:17:52:363 587408 588048 1
19-07-2017-16:17:52:403 588048 588688 1
19-07-2017-16:17:52:445 588688 589328 1
19-07-2017-16:17:52:489 589328 589968 1
19-07-2017-16:17:52:529 589968 590608 1
19-07-2017-16:17:52:570 590608 591248 1
19-07-2017-16:17:52:666 591248 591888 1
19-07-2017-16:17:52:667 591888 592528 1
19-07-2017-16:17:52:685 592528 593168 1
19-07-2017-16:17:52:725 593168 593808 1
19-07-2017-16:17:52:767 593808 594448 1
19-07-2017-16:17:52:807 594448 595088 1
19-07-2017-16:17:52:847 595088 595728 1
19-07-2017-16:17:52:894 595728 596368 1
19-07-2017-16:17:52:933 596368 597008 1
19-07-2017-16:17:52:963 597008 597648 1
19-07-2017-16:17:53:004 597648 598288 1
19-07-2017-16:17:53:045 598288 598928 1
19-07-2017-16:17:53:086 598928 599568 1
19-07-2017-16:17:53:133 599568 600208 1
19-07-2017-16:17:53:173 600208 600848 1
19-07-2017-16:17:53:203 600848 601488 1
19-07-2017-16:17:53:242 601488 602128 1
19-07-2017-16:17:53:283 602128 602768 1
19-07-2017-16:17:53:328 602768 603408 1
19-07-2017-16:17:53:371 603408 604048 1
19-07-2017-16:17:53:411 604048 604688 1
19-07-2017-16:17:53:450 604688 605328 1
19-07-2017-16:17:53:479 605328 605968 1
19-07-2017-16:17:53:520 605968 606608 1
19-07-2017-16:17:53:569 606608 607248 1
19-07-2017-16:17:53:607 607248 607888 1
19-07-2017-16:17:53:648 607888 608528 1
19-07-2017-16:17:53:689 608528 609168 1
19-07-2017-16:17:53:737 609168 609808 1
19-07-2017-16:17:53:763 609808 610448 1
19-07-2017-16:17:53:806 610448 611088 1
19-07-2017-16:17:53:847 611088 611728 1
19-07-2017-16:17:53:887 611728 612368 1
19-07-2017-16:17:53:929 612368 613008 1
19-07-2017-16:17:53:974 613008 613648 1
19-07-2017-16:17:54:003 613648 614288 1
19-07-2017-16:17:54:044 614288 614928 1
19-07-2017-16:17:54:084 614928 615568 1
19-07-2017-16:17:54:124 615568 616208 1
19-07-2017-16:17:54:171 616208 616848 1
19-07-2017-16:17:54:206 616848 617488 1
19-07-2017-16:17:54:253 617488 618128 1
19-07-2017-16:17:54:295 618128 618768 1
19-07-2017-16:17:54:325 618768 619408 1
19-07-2017-16:17:54:364 619408 620048 1
19-07-2017-16:17:54:405 620048 620688 1
19-07-2017-16:17:54:445 620688 621328 1
19-07-2017-16:17:54:491 621328 621968 1
19-07-2017-16:17:54:533 621968 622608 1
19-07-2017-16:17:54:562 622608 623248 1
19-07-2017-16:17:54:602 623248 623888 1
19-07-2017-16:17:54:644 623888 624528 1
19-07-2017-16:17:54:685 624528 625168 1
19-07-2017-16:17:54:730 625168 625808 1
19-07-2017-16:17:54:772 625808 626448 1
19-07-2017-16:17:54:801 626448 627088 1
19-07-2017-16:17:54:842 627088 627728 1
19-07-2017-16:17:54:883 627728 628368 1
19-07-2017-16:17:54:923 628368 629008 1
19-07-2017-16:17:54:969 629008 629648 1
19-07-2017-16:17:55:010 629648 630288 1
19-07-2017-16:17:55:050 630288 630928 1
19-07-2017-16:17:55:090 630928 631568 1
19-07-2017-16:17:55:119 631568 632208 1
19-07-2017-16:17:55:159 632208 632848 1
19-07-2017-16:17:55:201 632848 633488 1
19-07-2017-16:17:55:247 633488 634128 1
19-07-2017-16:17:55:288 634128 634768 1
19-07-2017-16:17:55:329 634768 635408 1
19-07-2017-16:17:55:375 635408 636048 1
19-07-2017-16:17:55:415 636048 636688 1
19-07-2017-16:17:55:444 636688 637328 1
19-07-2017-16:17:55:483 637328 637968 1
19-07-2017-16:17:55:525 637968 638608 1
19-07-2017-16:17:55:564 638608 639248 1
19-07-2017-16:17:55:610 639248 639888 1
19-07-2017-16:17:55:652 639888 640528 1
19-07-2017-16:17:55:680 640528 641168 1
19-07-2017-16:17:55:721 641168 641808 1
19-07-2017-16:17:55:879 641808 642448 1
19-07-2017-16:17:55:881 642448 643088 1
19-07-2017-16:17:55:881 643088 643728 1
19-07-2017-16:17:55:888 643728 644368 1
19-07-2017-16:17:55:928 644368 645008 1
19-07-2017-16:17:55:970 645008 645648 1
19-07-2017-16:17:56:009 645648 646288 1
19-07-2017-16:17:56:038 646288 646928 1
19-07-2017-16:17:56:084 646928 647568 1
19-07-2017-16:17:56:125 647568 648208 1
19-07-2017-16:17:56:166 648208 648848 1
19-07-2017-16:17:56:207 648848 649488 1
19-07-2017-16:17:56:253 649488 650128 1
19-07-2017-16:17:56:293 650128 650768 1
19-07-2017-16:17:56:322 650768 651408 1
19-07-2017-16:17:56:363 651408 652048 1
19-07-2017-16:17:56:404 652048 652688 1
19-07-2017-16:17:56:445 652688 653328 1
19-07-2017-16:17:56:490 653328 653968 1
19-07-2017-16:17:56:531 653968 654608 1
19-07-2017-16:17:56:570 654608 655248 1
19-07-2017-16:17:56:601 655248 655888 1
19-07-2017-16:17:56:641 655888 656528 1
19-07-2017-16:17:56:681 656528 657168 1
19-07-2017-16:17:56:721 657168 657808 1
19-07-2017-16:17:56:770 657808 658448 1
19-07-2017-16:17:56:809 658448 659088 1
19-07-2017-16:17:56:849 659088 659728 1
19-07-2017-16:17:56:889 659728 660368 1
19-07-2017-16:17:56:936 660368 661008 1
19-07-2017-16:17:56:958 661008 661648 1
19-07-2017-16:17:57:005 661648 662288 1
19-07-2017-16:17:57:046 662288 662928 1
19-07-2017-16:17:57:088 662928 663568 1
19-07-2017-16:17:57:128 663568 664208 1
19-07-2017-16:17:57:174 664208 664848 1
19-07-2017-16:17:57:202 664848 665488 1
19-07-2017-16:17:57:243 665488 666128 1
19-07-2017-16:17:57:284 666128 666768 1
19-07-2017-16:17:57:330 666768 667408 1
19-07-2017-16:17:57:371 667408 668048 1
19-07-2017-16:17:57:401 668048 668688 1
19-07-2017-16:17:57:441 668688 669328 1
19-07-2017-16:17:57:482 669328 669968 1
19-07-2017-16:17:57:521 669968 670608 1
19-07-2017-16:17:57:569 670608 671248 1
19-07-2017-16:17:57:609 671248 671888 1
19-07-2017-16:17:57:649 671888 672528 1
19-07-2017-16:17:57:691 672528 673168 1
19-07-2017-16:17:57:719 673168 673808 1
19-07-2017-16:17:57:761 673808 674448 1
19-07-2017-16:17:57:807 674448 675088 1
19-07-2017-16:17:57:848 675088 675728 1
19-07-2017-16:17:57:888 675728 676368 1
19-07-2017-16:17:57:930 676368 677008 1
19-07-2017-16:17:57:970 677008 677648 1
19-07-2017-16:17:58:000 677648 678288 1
19-07-2017-16:17:58:046 678288 678928 1
19-07-2017-16:17:58:086 678928 679568 1
19-07-2017-16:17:58:128 679568 680208 1
19-07-2017-16:17:58:167 680208 680848 1
19-07-2017-16:17:58:213 680848 681488 1
19-07-2017-16:17:58:253 681488 682128 1
19-07-2017-16:17:58:283 682128 682768 1
19-07-2017-16:17:58:324 682768 683408 1
19-07-2017-16:17:58:363 683408 684048 1
19-07-2017-16:17:58:410 684048 684688 1
19-07-2017-16:17:58:451 684688 685328 1
19-07-2017-16:17:58:480 685328 685968 1
19-07-2017-16:17:58:520 685968 686608 1
19-07-2017-16:17:58:561 686608 687248 1
19-07-2017-16:17:58:603 687248 687888 1
19-07-2017-16:17:58:647 687888 688528 1
19-07-2017-16:17:58:692 688528 689168 1
19-07-2017-16:17:58:733 689168 689808 1
19-07-2017-16:17:58:763 689808 690448 1
19-07-2017-16:17:58:803 690448 691088 1
19-07-2017-16:17:58:843 691088 691728 1
19-07-2017-16:17:58:885 691728 692368 1
19-07-2017-16:17:59:025 692368 693008 1
19-07-2017-16:17:59:027 693008 693648 1
19-07-2017-16:17:59:027 693648 694288 1
19-07-2017-16:17:59:040 694288 694928 1
19-07-2017-16:17:59:080 694928 695568 1
19-07-2017-16:17:59:125 695568 696208 1
19-07-2017-16:17:59:165 696208 696848 1
19-07-2017-16:17:59:208 696848 697488 1
19-07-2017-16:17:59:254 697488 698128 1
19-07-2017-16:17:59:293 698128 698768 1
19-07-2017-16:17:59:324 698768 699408 1
19-07-2017-16:17:59:364 699408 700048 1
19-07-2017-16:17:59:406 700048 700688 1
19-07-2017-16:17:59:451 700688 701328 1
19-07-2017-16:17:59:492 701328 701968 1
19-07-2017-16:17:59:521 701968 702608 1
19-07-2017-16:17:59:561 702608 703248 1
19-07-2017-16:17:59:602 703248 703888 1
19-07-2017-16:17:59:649 703888 704528 1
19-07-2017-16:17:59:689 704528 705168 1
19-07-2017-16:17:59:728 705168 705808 1
19-07-2017-16:17:59:771 705808 706448 1
19-07-2017-16:17:59:798 706448 707088 1
19-07-2017-16:17:59:840 707088 707728 1
19-07-2017-16:17:59:886 707728 708368 1
19-07-2017-16:17:59:926 708368 709008 1
19-07-2017-16:17:59:968 709008 709648 1
19-07-2017-16:18:00:009 709648 710288 1
19-07-2017-16:18:00:055 710288 710928 1
19-07-2017-16:18:00:084 710928 711568 1
19-07-2017-16:18:00:123 711568 712208 1
19-07-2017-16:18:00:165 712208 712848 1
19-07-2017-16:18:00:210 712848 713488 1
19-07-2017-16:18:00:250 713488 714128 1
19-07-2017-16:18:00:279 714128 714768 1
19-07-2017-16:18:00:321 714768 715408 1
19-07-2017-16:18:00:361 715408 716048 1
19-07-2017-16:18:00:408 716048 716688 1
19-07-2017-16:18:00:449 716688 717328 1
19-07-2017-16:18:00:490 717328 717968 1
19-07-2017-16:18:00:529 717968 718608 1
19-07-2017-16:18:00:559 718608 719248 1
19-07-2017-16:18:00:604 719248 719888 1
19-07-2017-16:18:00:645 719888 720528 1
19-07-2017-16:18:00:686 720528 721168 1
19-07-2017-16:18:00:727 721168 721808 1
19-07-2017-16:18:00:772 721808 722448 1
19-07-2017-16:18:00:813 722448 723088 1
19-07-2017-16:18:00:846 723088 723728 1
19-07-2017-16:18:00:882 723728 724368 1
19-07-2017-16:18:00:923 724368 725008 1
19-07-2017-16:18:00:963 725008 725648 1
19-07-2017-16:18:01:009 725648 726288 1
19-07-2017-16:18:01:049 726288 726928 1
19-07-2017-16:18:01:091 726928 727568 1
19-07-2017-16:18:01:119 727568 728208 1
19-07-2017-16:18:01:160 728208 728848 1
19-07-2017-16:18:01:201 728848 729488 1
19-07-2017-16:18:01:246 729488 730128 1
19-07-2017-16:18:01:289 730128 730768 1
19-07-2017-16:18:01:328 730768 731408 1
19-07-2017-16:18:01:370 731408 732048 1
19-07-2017-16:18:01:415 732048 732688 1
19-07-2017-16:18:01:454 732688 733328 1
19-07-2017-16:18:01:483 733328 733968 1
19-07-2017-16:18:01:526 733968 734608 1
19-07-2017-16:18:01:567 734608 735248 1
19-07-2017-16:18:01:606 735248 735888 1
19-07-2017-16:18:01:653 735888 736528 1
19-07-2017-16:18:01:694 736528 737168 1
19-07-2017-16:18:01:723 737168 737808 1
19-07-2017-16:18:01:763 737808 738448 1
19-07-2017-16:18:01:809 738448 739088 1
19-07-2017-16:18:01:851 739088 739728 1
19-07-2017-16:18:01:879 739728 740368 1
19-07-2017-16:18:01:919 740368 741008 1
19-07-2017-16:18:01:961 741008 741648 1
19-07-2017-16:18:02:008 741648 742288 1
19-07-2017-16:18:02:048 742288 742928 1
19-07-2017-16:18:02:358 742928 743568 1
19-07-2017-16:18:02:359 743568 744208 1
19-07-2017-16:18:02:359 744208 744848 1
19-07-2017-16:18:02:359 744848 745488 1
19-07-2017-16:18:02:359 745488 746128 1
19-07-2017-16:18:02:359 746128 746768 1
19-07-2017-16:18:02:359 746768 747408 1
19-07-2017-16:18:02:372 747408 748048 1
19-07-2017-16:18:02:400 748048 748688 1
19-07-2017-16:18:02:442 748688 749328 1
19-07-2017-16:18:02:483 749328 749968 1
19-07-2017-16:18:02:530 749968 750608 1
19-07-2017-16:18:02:570 750608 751248 1
19-07-2017-16:18:02:602 751248 751888 1
19-07-2017-16:18:02:639 751888 752528 1
19-07-2017-16:18:02:679 752528 753168 1
19-07-2017-16:18:02:724 753168 753808 1
19-07-2017-16:18:02:767 753808 754448 1
19-07-2017-16:18:02:807 754448 755088 1
19-07-2017-16:18:02:848 755088 755728 1
19-07-2017-16:18:02:891 755728 756368 1
19-07-2017-16:18:02:920 756368 757008 1
19-07-2017-16:18:02:960 757008 757648 1
19-07-2017-16:18:03:005 757648 758288 1
19-07-2017-16:18:03:046 758288 758928 1
19-07-2017-16:18:03:087 758928 759568 1
19-07-2017-16:18:03:128 759568 760208 1
19-07-2017-16:18:03:175 760208 760848 1
19-07-2017-16:18:03:214 760848 761488 1
19-07-2017-16:18:03:255 761488 762128 1
19-07-2017-16:18:03:284 762128 762768 1
19-07-2017-16:18:03:325 762768 763408 1
19-07-2017-16:18:03:365 763408 764048 1
19-07-2017-16:18:03:405 764048 764688 1
19-07-2017-16:18:03:452 764688 765328 1
19-07-2017-16:18:03:492 765328 765968 1
19-07-2017-16:18:03:521 765968 766608 1
19-07-2017-16:18:03:563 766608 767248 1
19-07-2017-16:18:03:603 767248 767888 1
19-07-2017-16:18:03:644 767888 768528 1
19-07-2017-16:18:03:691 768528 769168 1
19-07-2017-16:18:03:721 769168 769808 1
19-07-2017-16:18:03:762 769808 770448 1
19-07-2017-16:18:03:800 770448 771088 1
19-07-2017-16:18:03:840 771088 771728 1
19-07-2017-16:18:03:881 771728 772368 1
19-07-2017-16:18:03:926 772368 773008 1
19-07-2017-16:18:03:966 773008 773648 1
19-07-2017-16:18:04:009 773648 774288 1
