19-07-2017-10:00:26:880 0 624 1
19-07-2017-10:00:26:912 624 1248 1
19-07-2017-10:00:26:958 1248 1872 1
19-07-2017-10:00:26:997 1872 2496 1
19-07-2017-10:00:27:026 2496 3120 1
19-07-2017-10:00:27:066 3120 3744 1
19-07-2017-10:00:27:107 3744 4368 1
19-07-2017-10:00:27:147 4368 4992 1
19-07-2017-10:00:27:189 4992 5616 1
19-07-2017-10:00:27:218 5616 6240 1
19-07-2017-10:00:27:258 6240 6864 1
19-07-2017-10:00:27:306 6864 7488 1
19-07-2017-10:00:27:346 7488 8112 1
19-07-2017-10:00:27:377 8112 8736 1
19-07-2017-10:00:27:415 8736 9360 1
19-07-2017-10:00:27:456 9360 9984 1
19-07-2017-10:00:27:497 9984 10608 1
19-07-2017-10:00:27:539 10608 11232 1
19-07-2017-10:00:27:567 11232 11856 1
19-07-2017-10:00:27:608 11856 12480 1
19-07-2017-10:00:27:652 12480 13104 1
19-07-2017-10:00:27:694 13104 13728 1
19-07-2017-10:00:27:735 13728 14352 1
19-07-2017-10:00:27:765 14352 14976 1
19-07-2017-10:00:27:804 14976 15600 1
19-07-2017-10:00:27:846 15600 16224 1
19-07-2017-10:00:27:891 16224 16848 1
19-07-2017-10:00:27:919 16848 17472 1
19-07-2017-10:00:27:960 17472 18096 1
19-07-2017-10:00:28:003 18096 18720 1
19-07-2017-10:00:28:042 18720 19344 1
19-07-2017-10:00:28:091 19344 19968 1
19-07-2017-10:00:28:115 19968 20592 1
19-07-2017-10:00:28:156 20592 21216 1
19-07-2017-10:00:28:203 21216 21840 1
19-07-2017-10:00:28:243 21840 22464 1
19-07-2017-10:00:28:271 22464 23088 1
19-07-2017-10:00:28:311 23088 23712 1
19-07-2017-10:00:28:352 23712 24336 1
19-07-2017-10:00:28:392 24336 24960 1
19-07-2017-10:00:28:440 24960 25584 1
19-07-2017-10:00:28:467 25584 26208 1
19-07-2017-10:00:28:509 26208 26832 1
19-07-2017-10:00:28:548 26832 27456 1
19-07-2017-10:00:28:590 27456 28080 1
19-07-2017-10:00:28:636 28080 28704 1
19-07-2017-10:00:28:676 28704 29328 1
19-07-2017-10:00:28:706 29328 29952 1
19-07-2017-10:00:28:742 29952 30576 1
19-07-2017-10:00:28:794 30576 31200 1
19-07-2017-10:00:28:822 31200 31824 1
19-07-2017-10:00:28:861 31824 32448 1
19-07-2017-10:00:28:902 32448 33072 1
19-07-2017-10:00:28:947 33072 33696 1
19-07-2017-10:00:28:972 33696 34320 1
19-07-2017-10:00:29:019 34320 34944 1
19-07-2017-10:00:29:058 34944 35568 1
19-07-2017-10:00:29:098 35568 36192 1
19-07-2017-10:00:29:129 36192 36816 1
19-07-2017-10:00:29:168 36816 37440 1
19-07-2017-10:00:29:214 37440 38064 1
19-07-2017-10:00:29:255 38064 38688 1
19-07-2017-10:00:29:284 38688 39312 1
19-07-2017-10:00:29:324 39312 39936 1
19-07-2017-10:00:29:364 39936 40560 1
19-07-2017-10:00:29:410 40560 41184 1
19-07-2017-10:00:29:439 41184 41808 1
19-07-2017-10:00:29:480 41808 42432 1
19-07-2017-10:00:29:526 42432 43056 1
19-07-2017-10:00:29:566 43056 43680 1
19-07-2017-10:00:29:595 43680 44304 1
19-07-2017-10:00:29:636 44304 44928 1
19-07-2017-10:00:29:676 44928 45552 1
19-07-2017-10:00:29:724 45552 46176 1
19-07-2017-10:00:29:753 46176 46800 1
19-07-2017-10:00:29:793 46800 47424 1
19-07-2017-10:00:29:835 47424 48048 1
19-07-2017-10:00:29:880 48048 48672 1
19-07-2017-10:00:29:921 48672 49296 1
19-07-2017-10:00:29:951 49296 49920 1
19-07-2017-10:00:30:084 49920 50544 1
19-07-2017-10:00:30:087 50544 51168 1
19-07-2017-10:00:30:087 51168 51792 1
19-07-2017-10:00:30:106 51792 52416 1
19-07-2017-10:00:30:148 52416 53040 1
19-07-2017-10:00:30:187 53040 53664 1
19-07-2017-10:00:30:229 53664 54288 1
19-07-2017-10:00:30:275 54288 54912 1
19-07-2017-10:00:30:298 54912 55536 1
19-07-2017-10:00:30:344 55536 56160 1
19-07-2017-10:00:30:385 56160 56784 1
19-07-2017-10:00:30:416 56784 57408 1
19-07-2017-10:00:30:462 57408 58032 1
19-07-2017-10:00:30:495 58032 58656 1
19-07-2017-10:00:30:541 58656 59280 1
19-07-2017-10:00:30:582 59280 59904 1
19-07-2017-10:00:30:612 59904 60528 1
19-07-2017-10:00:30:652 60528 61152 1
19-07-2017-10:00:30:691 61152 61776 1
19-07-2017-10:00:30:739 61776 62400 1
19-07-2017-10:00:30:767 62400 63024 1
19-07-2017-10:00:30:808 63024 63648 1
19-07-2017-10:00:30:848 63648 64272 1
19-07-2017-10:00:30:888 64272 64896 1
19-07-2017-10:00:30:929 64896 65520 1
19-07-2017-10:00:30:974 65520 66144 1
19-07-2017-10:00:31:015 66144 66768 1
19-07-2017-10:00:31:045 66768 67392 1
19-07-2017-10:00:31:086 67392 68016 1
19-07-2017-10:00:31:126 68016 68640 1
19-07-2017-10:00:31:155 68640 69264 1
19-07-2017-10:00:31:197 69264 69888 1
19-07-2017-10:00:31:243 69888 70512 1
19-07-2017-10:00:31:282 70512 71136 1
19-07-2017-10:00:31:311 71136 71760 1
19-07-2017-10:00:31:351 71760 72384 1
19-07-2017-10:00:31:393 72384 73008 1
19-07-2017-10:00:31:434 73008 73632 1
19-07-2017-10:00:31:479 73632 74256 1
19-07-2017-10:00:31:508 74256 74880 1
19-07-2017-10:00:31:549 74880 75504 1
19-07-2017-10:00:31:589 75504 76128 1
19-07-2017-10:00:31:631 76128 76752 1
19-07-2017-10:00:31:677 76752 77376 1
19-07-2017-10:00:31:705 77376 78000 1
19-07-2017-10:00:31:746 78000 78624 1
19-07-2017-10:00:31:786 78624 79248 1
19-07-2017-10:00:31:828 79248 79872 1
19-07-2017-10:00:31:874 79872 80496 1
19-07-2017-10:00:31:897 80496 81120 1
19-07-2017-10:00:31:942 81120 81744 1
19-07-2017-10:00:31:982 81744 82368 1
19-07-2017-10:00:32:024 82368 82992 1
19-07-2017-10:00:32:054 82992 83616 1
19-07-2017-10:00:32:092 83616 84240 1
19-07-2017-10:00:32:140 84240 84864 1
19-07-2017-10:00:32:180 84864 85488 1
19-07-2017-10:00:32:209 85488 86112 1
19-07-2017-10:00:32:250 86112 86736 1
19-07-2017-10:00:32:289 86736 87360 1
19-07-2017-10:00:32:335 87360 87984 1
19-07-2017-10:00:32:376 87984 88608 1
19-07-2017-10:00:32:418 88608 89232 1
19-07-2017-10:00:32:447 89232 89856 1
19-07-2017-10:00:32:486 89856 90480 1
19-07-2017-10:00:32:527 90480 91104 1
19-07-2017-10:00:32:567 91104 91728 1
19-07-2017-10:00:32:614 91728 92352 1
19-07-2017-10:00:32:647 92352 92976 1
19-07-2017-10:00:32:684 92976 93600 1
19-07-2017-10:00:32:724 93600 94224 1
19-07-2017-10:00:32:765 94224 94848 1
19-07-2017-10:00:32:794 94848 95472 1
19-07-2017-10:00:32:841 95472 96096 1
19-07-2017-10:00:32:882 96096 96720 1
19-07-2017-10:00:32:923 96720 97344 1
19-07-2017-10:00:32:949 97344 97968 1
19-07-2017-10:00:32:991 97968 98592 1
19-07-2017-10:00:33:031 98592 99216 1
19-07-2017-10:00:33:077 99216 99840 1
19-07-2017-10:00:33:107 99840 100464 1
19-07-2017-10:00:33:286 100464 101088 1
19-07-2017-10:00:33:287 101088 101712 1
19-07-2017-10:00:33:287 101712 102336 1
19-07-2017-10:00:33:287 102336 102960 1
19-07-2017-10:00:33:316 102960 103584 1
19-07-2017-10:00:33:347 103584 104208 1
19-07-2017-10:00:33:385 104208 104832 1
19-07-2017-10:00:33:426 104832 105456 1
19-07-2017-10:00:33:472 105456 106080 1
19-07-2017-10:00:33:511 106080 106704 1
19-07-2017-10:00:33:540 106704 107328 1
19-07-2017-10:00:33:580 107328 107952 1
19-07-2017-10:00:33:622 107952 108576 1
19-07-2017-10:00:33:661 108576 109200 1
19-07-2017-10:00:33:692 109200 109824 1
19-07-2017-10:00:33:738 109824 110448 1
19-07-2017-10:00:33:778 110448 111072 1
19-07-2017-10:00:33:819 111072 111696 1
19-07-2017-10:00:33:848 111696 112320 1
19-07-2017-10:00:33:892 112320 112944 1
19-07-2017-10:00:33:932 112944 113568 1
19-07-2017-10:00:33:979 113568 114192 1
19-07-2017-10:00:34:003 114192 114816 1
19-07-2017-10:00:34:049 114816 115440 1
19-07-2017-10:00:34:089 115440 116064 1
19-07-2017-10:00:34:129 116064 116688 1
19-07-2017-10:00:34:158 116688 117312 1
19-07-2017-10:00:34:198 117312 117936 1
19-07-2017-10:00:34:246 117936 118560 1
19-07-2017-10:00:34:286 118560 119184 1
19-07-2017-10:00:34:315 119184 119808 1
19-07-2017-10:00:34:354 119808 120432 1
19-07-2017-10:00:34:396 120432 121056 1
19-07-2017-10:00:34:442 121056 121680 1
19-07-2017-10:00:34:471 121680 122304 1
19-07-2017-10:00:34:511 122304 122928 1
19-07-2017-10:00:34:552 122928 123552 1
19-07-2017-10:00:34:598 123552 124176 1
19-07-2017-10:00:34:639 124176 124800 1
19-07-2017-10:00:34:667 124800 125424 1
19-07-2017-10:00:34:707 125424 126048 1
19-07-2017-10:00:34:749 126048 126672 1
19-07-2017-10:00:34:795 126672 127296 1
19-07-2017-10:00:34:835 127296 127920 1
19-07-2017-10:00:34:863 127920 128544 1
19-07-2017-10:00:34:937 128544 129168 1
19-07-2017-10:00:34:944 129168 129792 1
19-07-2017-10:00:34:990 129792 130416 1
19-07-2017-10:00:35:032 130416 131040 1
19-07-2017-10:00:35:059 131040 131664 1
19-07-2017-10:00:35:100 131664 132288 1
19-07-2017-10:00:35:140 132288 132912 1
19-07-2017-10:00:35:182 132912 133536 1
19-07-2017-10:00:35:227 133536 134160 1
19-07-2017-10:00:35:257 134160 134784 1
19-07-2017-10:00:35:297 134784 135408 1
19-07-2017-10:00:35:337 135408 136032 1
19-07-2017-10:00:35:378 136032 136656 1
19-07-2017-10:00:35:422 136656 137280 1
19-07-2017-10:00:35:449 137280 137904 1
19-07-2017-10:00:35:493 137904 138528 1
19-07-2017-10:00:35:534 138528 139152 1
19-07-2017-10:00:35:573 139152 139776 1
19-07-2017-10:00:35:603 139776 140400 1
19-07-2017-10:00:35:644 140400 141024 1
19-07-2017-10:00:35:684 141024 141648 1
19-07-2017-10:00:35:729 141648 142272 1
19-07-2017-10:00:35:758 142272 142896 1
19-07-2017-10:00:35:800 142896 143520 1
19-07-2017-10:00:35:840 143520 144144 1
19-07-2017-10:00:35:881 144144 144768 1
19-07-2017-10:00:35:927 144768 145392 1
19-07-2017-10:00:35:969 145392 146016 1
19-07-2017-10:00:35:998 146016 146640 1
19-07-2017-10:00:36:038 146640 147264 1
19-07-2017-10:00:36:078 147264 147888 1
19-07-2017-10:00:36:117 147888 148512 1
19-07-2017-10:00:36:147 148512 149136 1
19-07-2017-10:00:36:188 149136 149760 1
19-07-2017-10:00:36:234 149760 150384 1
19-07-2017-10:00:36:276 150384 151008 1
19-07-2017-10:00:36:305 151008 151632 1
19-07-2017-10:00:36:347 151632 152256 1
19-07-2017-10:00:36:388 152256 152880 1
19-07-2017-10:00:36:436 152880 153504 1
19-07-2017-10:00:36:473 153504 154128 1
19-07-2017-10:00:36:503 154128 154752 1
19-07-2017-10:00:36:543 154752 155376 1
19-07-2017-10:00:36:584 155376 156000 1
19-07-2017-10:00:36:630 156000 156624 1
19-07-2017-10:00:36:669 156624 157248 1
19-07-2017-10:00:36:699 157248 157872 1
19-07-2017-10:00:36:740 157872 158496 1
19-07-2017-10:00:36:780 158496 159120 1
19-07-2017-10:00:36:822 159120 159744 1
19-07-2017-10:00:36:851 159744 160368 1
19-07-2017-10:00:36:894 160368 160992 1
19-07-2017-10:00:36:934 160992 161616 1
19-07-2017-10:00:36:980 161616 162240 1
19-07-2017-10:00:37:022 162240 162864 1
19-07-2017-10:00:37:051 162864 163488 1
19-07-2017-10:00:37:092 163488 164112 1
19-07-2017-10:00:37:130 164112 164736 1
19-07-2017-10:00:37:172 164736 165360 1
19-07-2017-10:00:37:201 165360 165984 1
19-07-2017-10:00:37:243 165984 166608 1
19-07-2017-10:00:37:290 166608 167232 1
19-07-2017-10:00:37:319 167232 167856 1
19-07-2017-10:00:37:360 167856 168480 1
19-07-2017-10:00:37:399 168480 169104 1
19-07-2017-10:00:37:441 169104 169728 1
19-07-2017-10:00:37:475 169728 170352 1
19-07-2017-10:00:37:519 170352 170976 1
19-07-2017-10:00:37:560 170976 171600 1
19-07-2017-10:00:37:601 171600 172224 1
19-07-2017-10:00:37:630 172224 172848 1
19-07-2017-10:00:37:672 172848 173472 1
19-07-2017-10:00:37:712 173472 174096 1
19-07-2017-10:00:37:758 174096 174720 1
19-07-2017-10:00:37:796 174720 175344 1
19-07-2017-10:00:37:829 175344 175968 1
19-07-2017-10:00:37:868 175968 176592 1
19-07-2017-10:00:37:909 176592 177216 1
19-07-2017-10:00:37:950 177216 177840 1
19-07-2017-10:00:37:995 177840 178464 1
19-07-2017-10:00:38:024 178464 179088 1
19-07-2017-10:00:38:230 179088 179712 1
19-07-2017-10:00:38:231 179712 180336 1
19-07-2017-10:00:38:232 180336 180960 1
19-07-2017-10:00:38:232 180960 181584 1
19-07-2017-10:00:38:232 181584 182208 1
19-07-2017-10:00:38:260 182208 182832 1
19-07-2017-10:00:38:301 182832 183456 1
19-07-2017-10:00:38:343 183456 184080 1
19-07-2017-10:00:38:372 184080 184704 1
19-07-2017-10:00:38:417 184704 185328 1
19-07-2017-10:00:38:458 185328 185952 1
19-07-2017-10:00:38:498 185952 186576 1
19-07-2017-10:00:38:528 186576 187200 1
19-07-2017-10:00:38:567 187200 187824 1
19-07-2017-10:00:38:613 187824 188448 1
19-07-2017-10:00:38:655 188448 189072 1
19-07-2017-10:00:38:684 189072 189696 1
19-07-2017-10:00:38:724 189696 190320 1
19-07-2017-10:00:38:764 190320 190944 1
19-07-2017-10:00:38:804 190944 191568 1
19-07-2017-10:00:38:852 191568 192192 1
19-07-2017-10:00:38:892 192192 192816 1
19-07-2017-10:00:38:921 192816 193440 1
19-07-2017-10:00:38:961 193440 194064 1
19-07-2017-10:00:39:001 194064 194688 1
19-07-2017-10:00:39:041 194688 195312 1
19-07-2017-10:00:39:087 195312 195936 1
19-07-2017-10:00:39:112 195936 196560 1
19-07-2017-10:00:39:157 196560 197184 1
19-07-2017-10:00:39:198 197184 197808 1
19-07-2017-10:00:39:238 197808 198432 1
19-07-2017-10:00:39:267 198432 199056 1
19-07-2017-10:00:39:309 199056 199680 1
19-07-2017-10:00:39:353 199680 200304 1
19-07-2017-10:00:39:395 200304 200928 1
19-07-2017-10:00:39:424 200928 201552 1
19-07-2017-10:00:39:464 201552 202176 1
19-07-2017-10:00:39:504 202176 202800 1
19-07-2017-10:00:39:551 202800 203424 1
19-07-2017-10:00:39:591 203424 204048 1
19-07-2017-10:00:39:620 204048 204672 1
19-07-2017-10:00:39:660 204672 205296 1
19-07-2017-10:00:39:701 205296 205920 1
19-07-2017-10:00:39:742 205920 206544 1
19-07-2017-10:00:39:789 206544 207168 1
19-07-2017-10:00:39:816 207168 207792 1
19-07-2017-10:00:39:857 207792 208416 1
19-07-2017-10:00:39:901 208416 209040 1
19-07-2017-10:00:39:930 209040 209664 1
19-07-2017-10:00:39:975 209664 210288 1
19-07-2017-10:00:40:016 210288 210912 1
19-07-2017-10:00:40:058 210912 211536 1
19-07-2017-10:00:40:087 211536 212160 1
19-07-2017-10:00:40:127 212160 212784 1
19-07-2017-10:00:40:173 212784 213408 1
19-07-2017-10:00:40:214 213408 214032 1
19-07-2017-10:00:40:244 214032 214656 1
19-07-2017-10:00:40:284 214656 215280 1
19-07-2017-10:00:40:326 215280 215904 1
19-07-2017-10:00:40:370 215904 216528 1
19-07-2017-10:00:40:400 216528 217152 1
19-07-2017-10:00:40:442 217152 217776 1
19-07-2017-10:00:40:481 217776 218400 1
19-07-2017-10:00:40:522 218400 219024 1
19-07-2017-10:00:40:569 219024 219648 1
19-07-2017-10:00:40:609 219648 220272 1
19-07-2017-10:00:40:638 220272 220896 1
19-07-2017-10:00:40:678 220896 221520 1
19-07-2017-10:00:40:720 221520 222144 1
19-07-2017-10:00:40:760 222144 222768 1
19-07-2017-10:00:40:789 222768 223392 1
19-07-2017-10:00:40:829 223392 224016 1
19-07-2017-10:00:40:875 224016 224640 1
19-07-2017-10:00:40:916 224640 225264 1
19-07-2017-10:00:40:944 225264 225888 1
19-07-2017-10:00:40:986 225888 226512 1
19-07-2017-10:00:41:026 226512 227136 1
19-07-2017-10:00:41:073 227136 227760 1
19-07-2017-10:00:41:113 227760 228384 1
19-07-2017-10:00:41:142 228384 229008 1
19-07-2017-10:00:41:182 229008 229632 1
19-07-2017-10:00:41:495 229632 230256 1
19-07-2017-10:00:41:497 230256 230880 1
19-07-2017-10:00:41:497 230880 231504 1
19-07-2017-10:00:41:497 231504 232128 1
19-07-2017-10:00:41:498 232128 232752 1
19-07-2017-10:00:41:498 232752 233376 1
19-07-2017-10:00:41:498 233376 234000 1
19-07-2017-10:00:41:498 234000 234624 1
19-07-2017-10:00:41:535 234624 235248 1
19-07-2017-10:00:41:580 235248 235872 1
19-07-2017-10:00:41:617 235872 236496 1
19-07-2017-10:00:41:663 236496 237120 1
19-07-2017-10:00:41:691 237120 237744 1
19-07-2017-10:00:41:732 237744 238368 1
19-07-2017-10:00:41:772 238368 238992 1
19-07-2017-10:00:41:812 238992 239616 1
19-07-2017-10:00:41:842 239616 240240 1
19-07-2017-10:00:41:888 240240 240864 1
19-07-2017-10:00:41:930 240864 241488 1
19-07-2017-10:00:41:960 241488 242112 1
19-07-2017-10:00:42:000 242112 242736 1
19-07-2017-10:00:42:040 242736 243360 1
19-07-2017-10:00:42:087 243360 243984 1
19-07-2017-10:00:42:129 243984 244608 1
19-07-2017-10:00:42:156 244608 245232 1
19-07-2017-10:00:42:197 245232 245856 1
19-07-2017-10:00:42:237 245856 246480 1
19-07-2017-10:00:42:277 246480 247104 1
19-07-2017-10:00:42:325 247104 247728 1
19-07-2017-10:00:42:353 247728 248352 1
19-07-2017-10:00:42:395 248352 248976 1
19-07-2017-10:00:42:433 248976 249600 1
19-07-2017-10:00:42:476 249600 250224 1
19-07-2017-10:00:42:521 250224 250848 1
19-07-2017-10:00:42:545 250848 251472 1
19-07-2017-10:00:42:589 251472 252096 1
19-07-2017-10:00:42:630 252096 252720 1
19-07-2017-10:00:42:672 252720 253344 1
19-07-2017-10:00:42:700 253344 253968 1
19-07-2017-10:00:42:741 253968 254592 1
19-07-2017-10:00:42:781 254592 255216 1
19-07-2017-10:00:42:828 255216 255840 1
19-07-2017-10:00:42:856 255840 256464 1
19-07-2017-10:00:42:895 256464 257088 1
19-07-2017-10:00:42:944 257088 257712 1
19-07-2017-10:00:42:983 257712 258336 1
19-07-2017-10:00:43:012 258336 258960 1
19-07-2017-10:00:43:053 258960 259584 1
19-07-2017-10:00:43:093 259584 260208 1
19-07-2017-10:00:43:139 260208 260832 1
19-07-2017-10:00:43:180 260832 261456 1
19-07-2017-10:00:43:208 261456 262080 1
19-07-2017-10:00:43:250 262080 262704 1
19-07-2017-10:00:43:289 262704 263328 1
19-07-2017-10:00:43:335 263328 263952 1
19-07-2017-10:00:43:376 263952 264576 1
19-07-2017-10:00:43:405 264576 265200 1
19-07-2017-10:00:43:447 265200 265824 1
19-07-2017-10:00:43:488 265824 266448 1
19-07-2017-10:00:43:528 266448 267072 1
19-07-2017-10:00:43:558 267072 267696 1
19-07-2017-10:00:43:597 267696 268320 1
19-07-2017-10:00:43:646 268320 268944 1
19-07-2017-10:00:43:685 268944 269568 1
19-07-2017-10:00:43:714 269568 270192 1
19-07-2017-10:00:43:755 270192 270816 1
19-07-2017-10:00:43:795 270816 271440 1
19-07-2017-10:00:43:842 271440 272064 1
19-07-2017-10:00:43:883 272064 272688 1
19-07-2017-10:00:43:913 272688 273312 1
19-07-2017-10:00:43:953 273312 273936 1
19-07-2017-10:00:43:994 273936 274560 1
19-07-2017-10:00:44:035 274560 275184 1
19-07-2017-10:00:44:080 275184 275808 1
19-07-2017-10:00:44:110 275808 276432 1
19-07-2017-10:00:44:149 276432 277056 1
19-07-2017-10:00:44:191 277056 277680 1
19-07-2017-10:00:44:230 277680 278304 1
19-07-2017-10:00:44:261 278304 278928 1
19-07-2017-10:00:44:301 278928 279552 1
19-07-2017-10:00:44:347 279552 280176 1
19-07-2017-10:00:44:613 280176 280800 1
19-07-2017-10:00:44:614 280800 281424 1
19-07-2017-10:00:44:614 281424 282048 1
19-07-2017-10:00:44:614 282048 282672 1
19-07-2017-10:00:44:614 282672 283296 1
19-07-2017-10:00:44:615 283296 283920 1
19-07-2017-10:00:44:629 283920 284544 1
19-07-2017-10:00:44:665 284544 285168 1
19-07-2017-10:00:44:695 285168 285792 1
19-07-2017-10:00:44:735 285792 286416 1
19-07-2017-10:00:44:777 286416 287040 1
19-07-2017-10:00:44:806 287040 287664 1
19-07-2017-10:00:44:846 287664 288288 1
19-07-2017-10:00:44:895 288288 288912 1
19-07-2017-10:00:44:933 288912 289536 1
19-07-2017-10:00:44:962 289536 290160 1
19-07-2017-10:00:45:003 290160 290784 1
19-07-2017-10:00:45:047 290784 291408 1
19-07-2017-10:00:45:083 291408 292032 1
19-07-2017-10:00:45:130 292032 292656 1
19-07-2017-10:00:45:170 292656 293280 1
19-07-2017-10:00:45:199 293280 293904 1
19-07-2017-10:00:45:240 293904 294528 1
19-07-2017-10:00:45:280 294528 295152 1
19-07-2017-10:00:45:328 295152 295776 1
19-07-2017-10:00:45:352 295776 296400 1
19-07-2017-10:00:45:398 296400 297024 1
19-07-2017-10:00:45:438 297024 297648 1
19-07-2017-10:00:45:477 297648 298272 1
19-07-2017-10:00:45:524 298272 298896 1
19-07-2017-10:00:45:547 298896 299520 1
19-07-2017-10:00:45:593 299520 300144 1
19-07-2017-10:00:45:633 300144 300768 1
19-07-2017-10:00:45:675 300768 301392 1
19-07-2017-10:00:45:703 301392 302016 1
19-07-2017-10:00:45:751 302016 302640 1
19-07-2017-10:00:45:790 302640 303264 1
19-07-2017-10:00:45:819 303264 303888 1
19-07-2017-10:00:45:861 303888 304512 1
19-07-2017-10:00:45:905 304512 305136 1
19-07-2017-10:00:45:946 305136 305760 1
19-07-2017-10:00:45:975 305760 306384 1
19-07-2017-10:00:46:017 306384 307008 1
19-07-2017-10:00:46:057 307008 307632 1
19-07-2017-10:00:46:103 307632 308256 1
19-07-2017-10:00:46:142 308256 308880 1
19-07-2017-10:00:46:173 308880 309504 1
19-07-2017-10:00:46:213 309504 310128 1
19-07-2017-10:00:46:253 310128 310752 1
19-07-2017-10:00:46:295 310752 311376 1
19-07-2017-10:00:46:339 311376 312000 1
19-07-2017-10:00:46:381 312000 312624 1
19-07-2017-10:00:46:409 312624 313248 1
19-07-2017-10:00:46:450 313248 313872 1
19-07-2017-10:00:46:494 313872 314496 1
19-07-2017-10:00:46:536 314496 315120 1
19-07-2017-10:00:46:561 315120 315744 1
19-07-2017-10:00:46:607 315744 316368 1
19-07-2017-10:00:46:647 316368 316992 1
19-07-2017-10:00:46:688 316992 317616 1
19-07-2017-10:00:46:716 317616 318240 1
19-07-2017-10:00:46:758 318240 318864 1
19-07-2017-10:00:46:804 318864 319488 1
19-07-2017-10:00:46:844 319488 320112 1
19-07-2017-10:00:46:874 320112 320736 1
19-07-2017-10:00:46:916 320736 321360 1
19-07-2017-10:00:46:955 321360 321984 1
19-07-2017-10:00:47:001 321984 322608 1
19-07-2017-10:00:47:042 322608 323232 1
19-07-2017-10:00:47:070 323232 323856 1
19-07-2017-10:00:47:111 323856 324480 1
19-07-2017-10:00:47:151 324480 325104 1
19-07-2017-10:00:47:199 325104 325728 1
19-07-2017-10:00:47:240 325728 326352 1
19-07-2017-10:00:47:268 326352 326976 1
19-07-2017-10:00:47:310 326976 327600 1
19-07-2017-10:00:47:350 327600 328224 1
19-07-2017-10:00:47:380 328224 328848 1
19-07-2017-10:00:47:426 328848 329472 1
19-07-2017-10:00:47:467 329472 330096 1
19-07-2017-10:00:47:511 330096 330720 1
19-07-2017-10:00:47:640 330720 331344 1
19-07-2017-10:00:47:641 331344 331968 1
19-07-2017-10:00:47:641 331968 332592 1
19-07-2017-10:00:47:662 332592 333216 1
19-07-2017-10:00:47:692 333216 333840 1
19-07-2017-10:00:47:733 333840 334464 1
19-07-2017-10:00:47:778 334464 335088 1
19-07-2017-10:00:47:820 335088 335712 1
19-07-2017-10:00:47:848 335712 336336 1
19-07-2017-10:00:47:890 336336 336960 1
19-07-2017-10:00:47:929 336960 337584 1
19-07-2017-10:00:47:971 337584 338208 1
19-07-2017-10:00:48:017 338208 338832 1
19-07-2017-10:00:48:045 338832 339456 1
19-07-2017-10:00:48:087 339456 340080 1
19-07-2017-10:00:48:127 340080 340704 1
19-07-2017-10:00:48:167 340704 341328 1
19-07-2017-10:00:48:215 341328 341952 1
19-07-2017-10:00:48:238 341952 342576 1
19-07-2017-10:00:48:284 342576 343200 1
19-07-2017-10:00:48:325 343200 343824 1
