19-07-2017-10:07:38:604 0 800 1
19-07-2017-10:07:38:656 800 1504 1
19-07-2017-10:07:38:689 1504 2208 1
19-07-2017-10:07:38:742 2208 2880 1
19-07-2017-10:07:38:773 2880 3552 1
19-07-2017-10:07:38:814 3552 4224 1
19-07-2017-10:07:38:855 4224 4896 1
19-07-2017-10:07:38:908 4896 5536 1
19-07-2017-10:07:38:941 5536 6176 1
19-07-2017-10:07:38:981 6176 6816 1
19-07-2017-10:07:39:021 6816 7456 1
19-07-2017-10:07:39:067 7456 8096 1
19-07-2017-10:07:39:108 8096 8736 1
19-07-2017-10:07:39:137 8736 9376 1
19-07-2017-10:07:39:185 9376 10016 1
19-07-2017-10:07:39:235 10016 10656 1
19-07-2017-10:07:39:266 10656 11296 1
19-07-2017-10:07:39:306 11296 11936 1
19-07-2017-10:07:39:341 11936 12576 1
19-07-2017-10:07:39:375 12576 13216 1
19-07-2017-10:07:39:422 13216 13856 1
19-07-2017-10:07:39:470 13856 14496 1
19-07-2017-10:07:39:510 14496 15136 1
19-07-2017-10:07:39:541 15136 15776 1
19-07-2017-10:07:39:579 15776 16416 1
19-07-2017-10:07:39:620 16416 17056 1
19-07-2017-10:07:39:662 17056 17696 1
19-07-2017-10:07:39:706 17696 18336 1
19-07-2017-10:07:39:747 18336 18976 1
19-07-2017-10:07:39:777 18976 19616 1
19-07-2017-10:07:39:818 19616 20256 1
19-07-2017-10:07:39:856 20256 20896 1
19-07-2017-10:07:39:898 20896 21536 1
19-07-2017-10:07:39:943 21536 22176 1
19-07-2017-10:07:39:983 22176 22816 1
19-07-2017-10:07:40:025 22816 23456 1
19-07-2017-10:07:40:070 23456 24096 1
19-07-2017-10:07:40:111 24096 24736 1
19-07-2017-10:07:40:134 24736 25376 1
19-07-2017-10:07:40:181 25376 26016 1
19-07-2017-10:07:40:222 26016 26656 1
19-07-2017-10:07:40:263 26656 27296 1
19-07-2017-10:07:40:304 27296 27936 1
19-07-2017-10:07:40:350 27936 28576 1
19-07-2017-10:07:40:390 28576 29216 1
19-07-2017-10:07:40:418 29216 29856 1
19-07-2017-10:07:40:465 29856 30496 1
19-07-2017-10:07:40:495 30496 31136 1
19-07-2017-10:07:40:534 31136 31776 1
19-07-2017-10:07:40:582 31776 32416 1
19-07-2017-10:07:40:624 32416 33056 1
19-07-2017-10:07:40:663 33056 33696 1
19-07-2017-10:07:40:704 33696 34336 1
19-07-2017-10:07:40:750 34336 34976 1
19-07-2017-10:07:40:778 34976 35616 1
19-07-2017-10:07:40:820 35616 36256 1
19-07-2017-10:07:40:859 36256 36896 1
19-07-2017-10:07:40:900 36896 37536 1
19-07-2017-10:07:40:946 37536 38176 1
19-07-2017-10:07:40:986 38176 38816 1
19-07-2017-10:07:41:015 38816 39456 1
19-07-2017-10:07:41:055 39456 40096 1
19-07-2017-10:07:41:096 40096 40736 1
19-07-2017-10:07:41:140 40736 41376 1
19-07-2017-10:07:41:181 41376 42016 1
19-07-2017-10:07:41:229 42016 42656 1
19-07-2017-10:07:41:256 42656 43296 1
19-07-2017-10:07:41:296 43296 43936 1
19-07-2017-10:07:41:337 43936 44576 1
19-07-2017-10:07:41:379 44576 45216 1
19-07-2017-10:07:41:425 45216 45856 1
19-07-2017-10:07:41:467 45856 46496 1
19-07-2017-10:07:41:495 46496 47136 1
19-07-2017-10:07:41:535 47136 47776 1
19-07-2017-10:07:41:581 47776 48416 1
19-07-2017-10:07:41:622 48416 49056 1
19-07-2017-10:07:41:664 49056 49696 1
19-07-2017-10:07:41:757 49696 50336 1
19-07-2017-10:07:41:758 50336 50976 1
19-07-2017-10:07:41:777 50976 51616 1
19-07-2017-10:07:41:818 51616 52256 1
19-07-2017-10:07:41:862 52256 52896 1
19-07-2017-10:07:41:900 52896 53536 1
19-07-2017-10:07:41:947 53536 54176 1
19-07-2017-10:07:41:988 54176 54816 1
19-07-2017-10:07:42:018 54816 55456 1
19-07-2017-10:07:42:057 55456 56096 1
19-07-2017-10:07:42:098 56096 56736 1
19-07-2017-10:07:42:145 56736 57376 1
19-07-2017-10:07:42:185 57376 58016 1
19-07-2017-10:07:42:226 58016 58656 1
19-07-2017-10:07:42:255 58656 59296 1
19-07-2017-10:07:42:295 59296 59936 1
19-07-2017-10:07:42:342 59936 60576 1
19-07-2017-10:07:42:383 60576 61216 1
19-07-2017-10:07:42:423 61216 61856 1
19-07-2017-10:07:42:469 61856 62496 1
19-07-2017-10:07:42:509 62496 63136 1
19-07-2017-10:07:42:538 63136 63776 1
19-07-2017-10:07:42:578 63776 64416 1
19-07-2017-10:07:42:624 64416 65056 1
19-07-2017-10:07:42:665 65056 65696 1
19-07-2017-10:07:42:705 65696 66336 1
19-07-2017-10:07:42:734 66336 66976 1
19-07-2017-10:07:42:775 66976 67616 1
19-07-2017-10:07:42:823 67616 68256 1
19-07-2017-10:07:42:862 68256 68896 1
19-07-2017-10:07:42:903 68896 69536 1
19-07-2017-10:07:42:948 69536 70176 1
19-07-2017-10:07:42:988 70176 70816 1
19-07-2017-10:07:43:019 70816 71456 1
19-07-2017-10:07:43:058 71456 72096 1
19-07-2017-10:07:43:100 72096 72736 1
19-07-2017-10:07:43:141 72736 73376 1
19-07-2017-10:07:43:186 73376 74016 1
19-07-2017-10:07:43:216 74016 74656 1
19-07-2017-10:07:43:257 74656 75296 1
19-07-2017-10:07:43:297 75296 75936 1
19-07-2017-10:07:43:338 75936 76576 1
19-07-2017-10:07:43:385 76576 77216 1
19-07-2017-10:07:43:473 77216 77856 1
19-07-2017-10:07:43:481 77856 78496 1
19-07-2017-10:07:43:495 78496 79136 1
19-07-2017-10:07:43:535 79136 79776 1
19-07-2017-10:07:43:580 79776 80416 1
19-07-2017-10:07:43:622 80416 81056 1
19-07-2017-10:07:43:662 81056 81696 1
19-07-2017-10:07:43:702 81696 82336 1
19-07-2017-10:07:43:748 82336 82976 1
19-07-2017-10:07:43:790 82976 83616 1
19-07-2017-10:07:43:820 83616 84256 1
19-07-2017-10:07:43:860 84256 84896 1
19-07-2017-10:07:43:898 84896 85536 1
19-07-2017-10:07:43:941 85536 86176 1
19-07-2017-10:07:43:985 86176 86816 1
19-07-2017-10:07:44:015 86816 87456 1
19-07-2017-10:07:44:056 87456 88096 1
19-07-2017-10:07:44:097 88096 88736 1
19-07-2017-10:07:44:143 88736 89376 1
19-07-2017-10:07:44:184 89376 90016 1
19-07-2017-10:07:44:225 90016 90656 1
19-07-2017-10:07:44:271 90656 91296 1
19-07-2017-10:07:44:299 91296 91936 1
19-07-2017-10:07:44:341 91936 92576 1
19-07-2017-10:07:44:380 92576 93216 1
19-07-2017-10:07:44:421 93216 93856 1
19-07-2017-10:07:44:468 93856 94496 1
19-07-2017-10:07:44:496 94496 95136 1
19-07-2017-10:07:44:536 95136 95776 1
19-07-2017-10:07:44:578 95776 96416 1
19-07-2017-10:07:44:618 96416 97056 1
19-07-2017-10:07:44:664 97056 97696 1
19-07-2017-10:07:44:703 97696 98336 1
19-07-2017-10:07:44:744 98336 98976 1
19-07-2017-10:07:44:786 98976 99616 1
19-07-2017-10:07:44:814 99616 100256 1
19-07-2017-10:07:44:859 100256 100896 1
19-07-2017-10:07:44:899 100896 101536 1
19-07-2017-10:07:44:940 101536 102176 1
19-07-2017-10:07:44:983 102176 102816 1
19-07-2017-10:07:45:023 102816 103456 1
19-07-2017-10:07:45:069 103456 104096 1
19-07-2017-10:07:45:098 104096 104736 1
19-07-2017-10:07:45:137 104736 105376 1
19-07-2017-10:07:45:178 105376 106016 1
19-07-2017-10:07:45:219 106016 106656 1
19-07-2017-10:07:45:265 106656 107296 1
19-07-2017-10:07:45:306 107296 107936 1
19-07-2017-10:07:45:336 107936 108576 1
19-07-2017-10:07:45:377 108576 109216 1
19-07-2017-10:07:45:417 109216 109856 1
19-07-2017-10:07:45:463 109856 110496 1
19-07-2017-10:07:45:505 110496 111136 1
19-07-2017-10:07:45:546 111136 111776 1
19-07-2017-10:07:45:575 111776 112416 1
19-07-2017-10:07:45:621 112416 113056 1
19-07-2017-10:07:45:661 113056 113696 1
19-07-2017-10:07:45:702 113696 114336 1
19-07-2017-10:07:45:743 114336 114976 1
19-07-2017-10:07:45:782 114976 115616 1
19-07-2017-10:07:45:831 115616 116256 1
19-07-2017-10:07:45:860 116256 116896 1
19-07-2017-10:07:45:899 116896 117536 1
19-07-2017-10:07:45:941 117536 118176 1
19-07-2017-10:07:45:982 118176 118816 1
19-07-2017-10:07:46:028 118816 119456 1
19-07-2017-10:07:46:057 119456 120096 1
19-07-2017-10:07:46:096 120096 120736 1
19-07-2017-10:07:46:137 120736 121376 1
19-07-2017-10:07:46:179 121376 122016 1
19-07-2017-10:07:46:224 122016 122656 1
19-07-2017-10:07:46:266 122656 123296 1
19-07-2017-10:07:46:296 123296 123936 1
19-07-2017-10:07:46:336 123936 124576 1
19-07-2017-10:07:46:376 124576 125216 1
19-07-2017-10:07:46:416 125216 125856 1
19-07-2017-10:07:46:463 125856 126496 1
19-07-2017-10:07:46:504 126496 127136 1
19-07-2017-10:07:46:544 127136 127776 1
19-07-2017-10:07:46:668 127776 128416 1
19-07-2017-10:07:46:669 128416 129056 1
19-07-2017-10:07:46:669 129056 129696 1
19-07-2017-10:07:46:700 129696 130336 1
19-07-2017-10:07:46:742 130336 130976 1
19-07-2017-10:07:46:782 130976 131616 1
19-07-2017-10:07:46:828 131616 132256 1
19-07-2017-10:07:46:858 132256 132896 1
19-07-2017-10:07:46:898 132896 133536 1
19-07-2017-10:07:46:938 133536 134176 1
19-07-2017-10:07:46:978 134176 134816 1
19-07-2017-10:07:47:024 134816 135456 1
19-07-2017-10:07:47:065 135456 136096 1
19-07-2017-10:07:47:094 136096 136736 1
19-07-2017-10:07:47:134 136736 137376 1
19-07-2017-10:07:47:176 137376 138016 1
19-07-2017-10:07:47:216 138016 138656 1
19-07-2017-10:07:47:262 138656 139296 1
19-07-2017-10:07:47:309 139296 139936 1
19-07-2017-10:07:47:345 139936 140576 1
19-07-2017-10:07:47:390 140576 141216 1
19-07-2017-10:07:47:414 141216 141856 1
19-07-2017-10:07:47:460 141856 142496 1
19-07-2017-10:07:47:501 142496 143136 1
19-07-2017-10:07:47:542 143136 143776 1
19-07-2017-10:07:47:589 143776 144416 1
19-07-2017-10:07:47:617 144416 145056 1
19-07-2017-10:07:47:658 145056 145696 1
19-07-2017-10:07:47:699 145696 146336 1
19-07-2017-10:07:47:738 146336 146976 1
19-07-2017-10:07:47:785 146976 147616 1
19-07-2017-10:07:47:815 147616 148256 1
19-07-2017-10:07:47:855 148256 148896 1
19-07-2017-10:07:47:897 148896 149536 1
19-07-2017-10:07:47:937 149536 150176 1
19-07-2017-10:07:47:982 150176 150816 1
19-07-2017-10:07:48:024 150816 151456 1
19-07-2017-10:07:48:065 151456 152096 1
19-07-2017-10:07:48:105 152096 152736 1
19-07-2017-10:07:48:134 152736 153376 1
19-07-2017-10:07:48:180 153376 154016 1
19-07-2017-10:07:48:222 154016 154656 1
19-07-2017-10:07:48:262 154656 155296 1
19-07-2017-10:07:48:303 155296 155936 1
19-07-2017-10:07:48:349 155936 156576 1
19-07-2017-10:07:48:377 156576 157216 1
19-07-2017-10:07:48:419 157216 157856 1
19-07-2017-10:07:48:460 157856 158496 1
19-07-2017-10:07:48:499 158496 159136 1
19-07-2017-10:07:48:548 159136 159776 1
19-07-2017-10:07:48:575 159776 160416 1
19-07-2017-10:07:48:616 160416 161056 1
19-07-2017-10:07:48:660 161056 161696 1
19-07-2017-10:07:48:702 161696 162336 1
19-07-2017-10:07:48:742 162336 162976 1
19-07-2017-10:07:48:788 162976 163616 1
19-07-2017-10:07:48:817 163616 164256 1
19-07-2017-10:07:48:857 164256 164896 1
19-07-2017-10:07:48:899 164896 165536 1
19-07-2017-10:07:48:938 165536 166176 1
19-07-2017-10:07:48:984 166176 166816 1
19-07-2017-10:07:49:026 166816 167456 1
19-07-2017-10:07:49:055 167456 168096 1
19-07-2017-10:07:49:094 168096 168736 1
19-07-2017-10:07:49:135 168736 169376 1
19-07-2017-10:07:49:184 169376 170016 1
19-07-2017-10:07:49:223 170016 170656 1
19-07-2017-10:07:49:263 170656 171296 1
19-07-2017-10:07:49:309 171296 171936 1
19-07-2017-10:07:49:350 171936 172576 1
19-07-2017-10:07:49:380 172576 173216 1
19-07-2017-10:07:49:420 173216 173856 1
19-07-2017-10:07:49:459 173856 174496 1
19-07-2017-10:07:49:507 174496 175136 1
19-07-2017-10:07:49:535 175136 175776 1
19-07-2017-10:07:49:575 175776 176416 1
19-07-2017-10:07:49:616 176416 177056 1
19-07-2017-10:07:49:656 177056 177696 1
19-07-2017-10:07:49:703 177696 178336 1
19-07-2017-10:07:50:004 178336 178976 1
19-07-2017-10:07:50:006 178976 179616 1
19-07-2017-10:07:50:006 179616 180256 1
19-07-2017-10:07:50:006 180256 180896 1
19-07-2017-10:07:50:006 180896 181536 1
19-07-2017-10:07:50:006 181536 182176 1
19-07-2017-10:07:50:006 182176 182816 1
19-07-2017-10:07:50:023 182816 183456 1
19-07-2017-10:07:50:075 183456 184096 1
19-07-2017-10:07:50:100 184096 184736 1
19-07-2017-10:07:50:138 184736 185376 1
19-07-2017-10:07:50:184 185376 186016 1
19-07-2017-10:07:50:224 186016 186656 1
19-07-2017-10:07:50:265 186656 187296 1
19-07-2017-10:07:50:294 187296 187936 1
19-07-2017-10:07:50:336 187936 188576 1
19-07-2017-10:07:50:383 188576 189216 1
19-07-2017-10:07:50:423 189216 189856 1
19-07-2017-10:07:50:462 189856 190496 1
19-07-2017-10:07:50:504 190496 191136 1
19-07-2017-10:07:50:550 191136 191776 1
19-07-2017-10:07:50:579 191776 192416 1
19-07-2017-10:07:50:620 192416 193056 1
19-07-2017-10:07:50:661 193056 193696 1
19-07-2017-10:07:50:700 193696 194336 1
19-07-2017-10:07:50:747 194336 194976 1
19-07-2017-10:07:50:788 194976 195616 1
19-07-2017-10:07:50:818 195616 196256 1
19-07-2017-10:07:50:858 196256 196896 1
19-07-2017-10:07:50:899 196896 197536 1
19-07-2017-10:07:50:944 197536 198176 1
19-07-2017-10:07:50:986 198176 198816 1
19-07-2017-10:07:51:014 198816 199456 1
19-07-2017-10:07:51:055 199456 200096 1
19-07-2017-10:07:51:095 200096 200736 1
19-07-2017-10:07:51:143 200736 201376 1
19-07-2017-10:07:51:183 201376 202016 1
19-07-2017-10:07:51:225 202016 202656 1
19-07-2017-10:07:51:306 202656 203296 1
19-07-2017-10:07:51:311 203296 203936 1
19-07-2017-10:07:51:340 203936 204576 1
19-07-2017-10:07:51:379 204576 205216 1
19-07-2017-10:07:51:419 205216 205856 1
19-07-2017-10:07:51:467 205856 206496 1
19-07-2017-10:07:51:507 206496 207136 1
19-07-2017-10:07:51:536 207136 207776 1
19-07-2017-10:07:51:576 207776 208416 1
19-07-2017-10:07:51:617 208416 209056 1
19-07-2017-10:07:51:658 209056 209696 1
19-07-2017-10:07:51:703 209696 210336 1
19-07-2017-10:07:51:744 210336 210976 1
19-07-2017-10:07:51:783 210976 211616 1
19-07-2017-10:07:51:826 211616 212256 1
19-07-2017-10:07:51:855 212256 212896 1
19-07-2017-10:07:51:896 212896 213536 1
19-07-2017-10:07:51:937 213536 214176 1
19-07-2017-10:07:51:982 214176 214816 1
19-07-2017-10:07:52:023 214816 215456 1
19-07-2017-10:07:52:064 215456 216096 1
19-07-2017-10:07:52:109 216096 216736 1
19-07-2017-10:07:52:150 216736 217376 1
19-07-2017-10:07:52:180 217376 218016 1
19-07-2017-10:07:52:220 218016 218656 1
19-07-2017-10:07:52:261 218656 219296 1
19-07-2017-10:07:52:301 219296 219936 1
19-07-2017-10:07:52:348 219936 220576 1
19-07-2017-10:07:52:376 220576 221216 1
19-07-2017-10:07:52:418 221216 221856 1
19-07-2017-10:07:52:457 221856 222496 1
19-07-2017-10:07:52:498 222496 223136 1
19-07-2017-10:07:52:545 223136 223776 1
19-07-2017-10:07:52:586 223776 224416 1
19-07-2017-10:07:52:614 224416 225056 1
19-07-2017-10:07:52:657 225056 225696 1
19-07-2017-10:07:52:696 225696 226336 1
19-07-2017-10:07:52:745 226336 226976 1
19-07-2017-10:07:52:782 226976 227616 1
19-07-2017-10:07:52:822 227616 228256 1
19-07-2017-10:07:52:864 228256 228896 1
19-07-2017-10:07:52:910 228896 229536 1
19-07-2017-10:07:52:950 229536 230176 1
19-07-2017-10:07:52:980 230176 230816 1
19-07-2017-10:07:53:019 230816 231456 1
19-07-2017-10:07:53:060 231456 232096 1
19-07-2017-10:07:53:106 232096 232736 1
19-07-2017-10:07:53:145 232736 233376 1
19-07-2017-10:07:53:175 233376 234016 1
19-07-2017-10:07:53:214 234016 234656 1
19-07-2017-10:07:53:261 234656 235296 1
19-07-2017-10:07:53:302 235296 235936 1
19-07-2017-10:07:53:344 235936 236576 1
19-07-2017-10:07:53:388 236576 237216 1
19-07-2017-10:07:53:429 237216 237856 1
19-07-2017-10:07:53:458 237856 238496 1
19-07-2017-10:07:53:498 238496 239136 1
19-07-2017-10:07:53:539 239136 239776 1
19-07-2017-10:07:53:581 239776 240416 1
19-07-2017-10:07:53:626 240416 241056 1
19-07-2017-10:07:53:654 241056 241696 1
19-07-2017-10:07:53:696 241696 242336 1
19-07-2017-10:07:53:737 242336 242976 1
19-07-2017-10:07:53:779 242976 243616 1
19-07-2017-10:07:53:818 243616 244256 1
19-07-2017-10:07:53:864 244256 244896 1
19-07-2017-10:07:53:904 244896 245536 1
19-07-2017-10:07:53:945 245536 246176 1
19-07-2017-10:07:53:973 246176 246816 1
19-07-2017-10:07:54:014 246816 247456 1
19-07-2017-10:07:54:060 247456 248096 1
19-07-2017-10:07:54:101 248096 248736 1
19-07-2017-10:07:54:143 248736 249376 1
19-07-2017-10:07:54:182 249376 250016 1
19-07-2017-10:07:54:229 250016 250656 1
19-07-2017-10:07:54:269 250656 251296 1
19-07-2017-10:07:54:298 251296 251936 1
19-07-2017-10:07:54:338 251936 252576 1
19-07-2017-10:07:54:381 252576 253216 1
19-07-2017-10:07:54:655 253216 253856 1
19-07-2017-10:07:54:657 253856 254496 1
19-07-2017-10:07:54:657 254496 255136 1
19-07-2017-10:07:54:657 255136 255776 1
19-07-2017-10:07:54:657 255776 256416 1
19-07-2017-10:07:54:657 256416 257056 1
19-07-2017-10:07:54:668 257056 257696 1
19-07-2017-10:07:54:704 257696 258336 1
19-07-2017-10:07:54:745 258336 258976 1
19-07-2017-10:07:54:775 258976 259616 1
19-07-2017-10:07:54:821 259616 260256 1
19-07-2017-10:07:54:860 260256 260896 1
19-07-2017-10:07:54:903 260896 261536 1
19-07-2017-10:07:54:944 261536 262176 1
19-07-2017-10:07:54:989 262176 262816 1
19-07-2017-10:07:55:019 262816 263456 1
19-07-2017-10:07:55:059 263456 264096 1
19-07-2017-10:07:55:100 264096 264736 1
19-07-2017-10:07:55:140 264736 265376 1
19-07-2017-10:07:55:189 265376 266016 1
19-07-2017-10:07:55:215 266016 266656 1
19-07-2017-10:07:55:257 266656 267296 1
19-07-2017-10:07:55:297 267296 267936 1
19-07-2017-10:07:55:338 267936 268576 1
19-07-2017-10:07:55:384 268576 269216 1
19-07-2017-10:07:55:425 269216 269856 1
19-07-2017-10:07:55:465 269856 270496 1
19-07-2017-10:07:55:494 270496 271136 1
19-07-2017-10:07:55:536 271136 271776 1
19-07-2017-10:07:55:576 271776 272416 1
19-07-2017-10:07:55:622 272416 273056 1
19-07-2017-10:07:55:662 273056 273696 1
19-07-2017-10:07:55:702 273696 274336 1
19-07-2017-10:07:55:749 274336 274976 1
19-07-2017-10:07:55:788 274976 275616 1
19-07-2017-10:07:55:818 275616 276256 1
19-07-2017-10:07:55:859 276256 276896 1
19-07-2017-10:07:55:900 276896 277536 1
19-07-2017-10:07:55:948 277536 278176 1
19-07-2017-10:07:55:988 278176 278816 1
19-07-2017-10:07:56:017 278816 279456 1
19-07-2017-10:07:56:057 279456 280096 1
19-07-2017-10:07:56:097 280096 280736 1
19-07-2017-10:07:56:141 280736 281376 1
19-07-2017-10:07:56:182 281376 282016 1
19-07-2017-10:07:56:229 282016 282656 1
19-07-2017-10:07:56:257 282656 283296 1
19-07-2017-10:07:56:299 283296 283936 1
19-07-2017-10:07:56:338 283936 284576 1
19-07-2017-10:07:56:380 284576 285216 1
19-07-2017-10:07:56:426 285216 285856 1
19-07-2017-10:07:56:455 285856 286496 1
19-07-2017-10:07:56:497 286496 287136 1
19-07-2017-10:07:56:536 287136 287776 1
19-07-2017-10:07:56:577 287776 288416 1
19-07-2017-10:07:56:625 288416 289056 1
19-07-2017-10:07:56:664 289056 289696 1
19-07-2017-10:07:56:695 289696 290336 1
19-07-2017-10:07:56:735 290336 290976 1
19-07-2017-10:07:56:778 290976 291616 1
19-07-2017-10:07:56:824 291616 292256 1
19-07-2017-10:07:56:863 292256 292896 1
19-07-2017-10:07:56:906 292896 293536 1
19-07-2017-10:07:56:951 293536 294176 1
19-07-2017-10:07:56:979 294176 294816 1
19-07-2017-10:07:57:020 294816 295456 1
19-07-2017-10:07:57:063 295456 296096 1
19-07-2017-10:07:57:100 296096 296736 1
19-07-2017-10:07:57:151 296736 297376 1
19-07-2017-10:07:57:177 297376 298016 1
19-07-2017-10:07:57:217 298016 298656 1
19-07-2017-10:07:57:257 298656 299296 1
19-07-2017-10:07:57:298 299296 299936 1
19-07-2017-10:07:57:344 299936 300576 1
19-07-2017-10:07:57:384 300576 301216 1
19-07-2017-10:07:57:424 301216 301856 1
19-07-2017-10:07:57:453 301856 302496 1
19-07-2017-10:07:57:495 302496 303136 1
19-07-2017-10:07:57:542 303136 303776 1
19-07-2017-10:07:57:732 303776 304416 1
19-07-2017-10:07:57:734 304416 305056 1
19-07-2017-10:07:57:734 305056 305696 1
19-07-2017-10:07:57:734 305696 306336 1
19-07-2017-10:07:57:749 306336 306976 1
19-07-2017-10:07:57:779 306976 307616 1
19-07-2017-10:07:57:819 307616 308256 1
19-07-2017-10:07:57:859 308256 308896 1
19-07-2017-10:07:57:902 308896 309536 1
19-07-2017-10:07:57:946 309536 310176 1
19-07-2017-10:07:57:979 310176 310816 1
19-07-2017-10:07:58:018 310816 311456 1
19-07-2017-10:07:58:059 311456 312096 1
19-07-2017-10:07:58:100 312096 312736 1
19-07-2017-10:07:58:145 312736 313376 1
19-07-2017-10:07:58:174 313376 314016 1
19-07-2017-10:07:58:216 314016 314656 1
19-07-2017-10:07:58:260 314656 315296 1
19-07-2017-10:07:58:297 315296 315936 1
19-07-2017-10:07:58:343 315936 316576 1
