19-07-2017-10:10:06:988 0 720 1
19-07-2017-10:10:07:028 720 1440 1
19-07-2017-10:10:07:076 1440 2160 1
19-07-2017-10:10:07:121 2160 2880 1
19-07-2017-10:10:07:168 2880 3600 1
19-07-2017-10:10:07:209 3600 4320 1
19-07-2017-10:10:07:247 4320 5040 1
19-07-2017-10:10:07:294 5040 5760 1
19-07-2017-10:10:07:346 5760 6448 1
19-07-2017-10:10:07:381 6448 7136 1
19-07-2017-10:10:07:421 7136 7824 1
19-07-2017-10:10:07:473 7824 8512 1
19-07-2017-10:10:07:521 8512 9200 1
19-07-2017-10:10:07:562 9200 9888 1
19-07-2017-10:10:07:603 9888 10576 1
19-07-2017-10:10:07:646 10576 11264 1
19-07-2017-10:10:07:683 11264 11952 1
19-07-2017-10:10:07:727 11952 12640 1
19-07-2017-10:10:07:771 12640 13328 1
19-07-2017-10:10:07:811 13328 14016 1
19-07-2017-10:10:07:853 14016 14704 1
19-07-2017-10:10:07:893 14704 15392 1
19-07-2017-10:10:07:939 15392 16080 1
19-07-2017-10:10:07:981 16080 16768 1
19-07-2017-10:10:08:033 16768 17456 1
19-07-2017-10:10:08:080 17456 18144 1
19-07-2017-10:10:08:121 18144 18832 1
19-07-2017-10:10:08:162 18832 19520 1
19-07-2017-10:10:08:202 19520 20208 1
19-07-2017-10:10:08:243 20208 20896 1
19-07-2017-10:10:08:287 20896 21584 1
19-07-2017-10:10:08:327 21584 22272 1
19-07-2017-10:10:08:369 22272 22960 1
19-07-2017-10:10:08:409 22960 23648 1
19-07-2017-10:10:08:456 23648 24336 1
19-07-2017-10:10:08:498 24336 25024 1
19-07-2017-10:10:08:549 25024 25680 1
19-07-2017-10:10:08:578 25680 26336 1
19-07-2017-10:10:08:624 26336 26992 1
19-07-2017-10:10:08:663 26992 27648 1
19-07-2017-10:10:08:704 27648 28304 1
19-07-2017-10:10:08:752 28304 28960 1
19-07-2017-10:10:08:791 28960 29616 1
19-07-2017-10:10:08:832 29616 30272 1
19-07-2017-10:10:08:872 30272 30928 1
19-07-2017-10:10:08:919 30928 31584 1
19-07-2017-10:10:08:961 31584 32240 1
19-07-2017-10:10:08:990 32240 32896 1
19-07-2017-10:10:09:029 32896 33552 1
19-07-2017-10:10:09:072 33552 34208 1
19-07-2017-10:10:09:118 34208 34864 1
19-07-2017-10:10:09:158 34864 35520 1
19-07-2017-10:10:09:198 35520 36176 1
19-07-2017-10:10:09:240 36176 36832 1
19-07-2017-10:10:09:287 36832 37488 1
19-07-2017-10:10:09:326 37488 38144 1
19-07-2017-10:10:09:368 38144 38800 1
19-07-2017-10:10:09:414 38800 39456 1
19-07-2017-10:10:09:455 39456 40112 1
19-07-2017-10:10:09:482 40112 40768 1
19-07-2017-10:10:09:523 40768 41424 1
19-07-2017-10:10:09:566 41424 42080 1
19-07-2017-10:10:09:606 42080 42736 1
19-07-2017-10:10:09:649 42736 43392 1
19-07-2017-10:10:09:695 43392 44048 1
19-07-2017-10:10:09:735 44048 44704 1
19-07-2017-10:10:09:774 44704 45360 1
19-07-2017-10:10:09:821 45360 46016 1
19-07-2017-10:10:09:862 46016 46672 1
19-07-2017-10:10:09:891 46672 47328 1
19-07-2017-10:10:09:932 47328 47984 1
19-07-2017-10:10:09:985 47984 48624 1
19-07-2017-10:10:10:016 48624 49264 1
19-07-2017-10:10:10:057 49264 49904 1
