19-07-2017-10:47:57:828 0 688 1
19-07-2017-10:47:57:866 688 1376 1
19-07-2017-10:47:57:924 1376 2064 1
19-07-2017-10:47:57:954 2064 2752 1
19-07-2017-10:47:57:998 2752 3440 1
19-07-2017-10:47:58:039 3440 4128 1
19-07-2017-10:47:58:079 4128 4816 1
19-07-2017-10:47:58:126 4816 5504 1
19-07-2017-10:47:58:166 5504 6192 1
19-07-2017-10:47:58:206 6192 6880 1
19-07-2017-10:47:58:254 6880 7568 1
19-07-2017-10:47:58:294 7568 8256 1
19-07-2017-10:47:58:333 8256 8944 1
19-07-2017-10:47:58:373 8944 9632 1
19-07-2017-10:47:58:419 9632 10320 1
19-07-2017-10:47:58:465 10320 11008 1
19-07-2017-10:47:58:507 11008 11696 1
19-07-2017-10:47:58:552 11696 12384 1
19-07-2017-10:47:58:587 12384 13072 1
19-07-2017-10:47:58:642 13072 13728 1
19-07-2017-10:47:58:681 13728 14384 1
19-07-2017-10:47:58:723 14384 15040 1
19-07-2017-10:47:58:756 15040 15696 1
19-07-2017-10:47:58:800 15696 16352 1
19-07-2017-10:47:58:837 16352 17008 1
19-07-2017-10:47:58:885 17008 17664 1
19-07-2017-10:47:58:925 17664 18320 1
19-07-2017-10:47:58:965 18320 18976 1
19-07-2017-10:47:59:017 18976 19632 1
19-07-2017-10:47:59:053 19632 20288 1
19-07-2017-10:47:59:092 20288 20944 1
19-07-2017-10:47:59:121 20944 21600 1
19-07-2017-10:47:59:162 21600 22256 1
19-07-2017-10:47:59:203 22256 22912 1
19-07-2017-10:47:59:248 22912 23568 1
19-07-2017-10:47:59:290 23568 24224 1
19-07-2017-10:47:59:331 24224 24880 1
19-07-2017-10:47:59:371 24880 25536 1
19-07-2017-10:47:59:418 25536 26192 1
19-07-2017-10:47:59:457 26192 26848 1
19-07-2017-10:47:59:499 26848 27504 1
19-07-2017-10:47:59:540 27504 28160 1
19-07-2017-10:47:59:587 28160 28816 1
19-07-2017-10:47:59:630 28816 29472 1
19-07-2017-10:47:59:655 29472 30128 1
19-07-2017-10:47:59:697 30128 30784 1
19-07-2017-10:47:59:738 30784 31440 1
19-07-2017-10:47:59:784 31440 32096 1
19-07-2017-10:47:59:824 32096 32752 1
19-07-2017-10:47:59:873 32752 33408 1
19-07-2017-10:47:59:906 33408 34064 1
19-07-2017-10:47:59:951 34064 34720 1
19-07-2017-10:47:59:997 34720 35376 1
19-07-2017-10:48:00:034 35376 36032 1
19-07-2017-10:48:00:074 36032 36688 1
19-07-2017-10:48:00:119 36688 37344 1
19-07-2017-10:48:00:148 37344 38000 1
19-07-2017-10:48:00:189 38000 38656 1
19-07-2017-10:48:00:230 38656 39312 1
19-07-2017-10:48:00:281 39312 39968 1
19-07-2017-10:48:00:310 39968 40624 1
19-07-2017-10:48:00:350 40624 41280 1
19-07-2017-10:48:00:395 41280 41936 1
19-07-2017-10:48:00:437 41936 42592 1
19-07-2017-10:48:00:478 42592 43248 1
19-07-2017-10:48:00:523 43248 43904 1
19-07-2017-10:48:00:565 43904 44560 1
19-07-2017-10:48:00:605 44560 45216 1
19-07-2017-10:48:00:651 45216 45872 1
19-07-2017-10:48:00:693 45872 46528 1
19-07-2017-10:48:00:720 46528 47184 1
19-07-2017-10:48:00:761 47184 47840 1
19-07-2017-10:48:00:801 47840 48496 1
19-07-2017-10:48:00:849 48496 49152 1
19-07-2017-10:48:00:885 49152 49808 1
19-07-2017-10:48:01:004 49808 50464 1
19-07-2017-10:48:01:005 50464 51120 1
19-07-2017-10:48:01:006 51120 51776 1
19-07-2017-10:48:01:049 51776 52432 1
19-07-2017-10:48:01:090 52432 53088 1
19-07-2017-10:48:01:136 53088 53744 1
19-07-2017-10:48:01:177 53744 54400 1
19-07-2017-10:48:01:216 54400 55056 1
19-07-2017-10:48:01:256 55056 55712 1
19-07-2017-10:48:01:304 55712 56368 1
19-07-2017-10:48:01:345 56368 57024 1
19-07-2017-10:48:01:385 57024 57680 1
19-07-2017-10:48:01:431 57680 58336 1
19-07-2017-10:48:01:472 58336 58992 1
19-07-2017-10:48:01:500 58992 59648 1
19-07-2017-10:48:01:540 59648 60304 1
19-07-2017-10:48:01:581 60304 60960 1
19-07-2017-10:48:01:626 60960 61616 1
19-07-2017-10:48:01:668 61616 62272 1
19-07-2017-10:48:01:708 62272 62928 1
19-07-2017-10:48:01:748 62928 63584 1
19-07-2017-10:48:01:797 63584 64240 1
19-07-2017-10:48:01:836 64240 64896 1
19-07-2017-10:48:01:878 64896 65552 1
19-07-2017-10:48:01:917 65552 66208 1
19-07-2017-10:48:01:959 66208 66864 1
19-07-2017-10:48:02:006 66864 67520 1
19-07-2017-10:48:02:034 67520 68176 1
19-07-2017-10:48:02:076 68176 68832 1
19-07-2017-10:48:02:117 68832 69488 1
19-07-2017-10:48:02:158 69488 70144 1
19-07-2017-10:48:02:204 70144 70800 1
19-07-2017-10:48:02:245 70800 71456 1
19-07-2017-10:48:02:285 71456 72112 1
19-07-2017-10:48:02:331 72112 72768 1
19-07-2017-10:48:02:361 72768 73424 1
19-07-2017-10:48:02:401 73424 74080 1
19-07-2017-10:48:02:468 74080 74736 1
19-07-2017-10:48:02:482 74736 75392 1
19-07-2017-10:48:02:528 75392 76048 1
19-07-2017-10:48:02:568 76048 76704 1
19-07-2017-10:48:02:609 76704 77360 1
19-07-2017-10:48:02:651 77360 78016 1
19-07-2017-10:48:02:696 78016 78672 1
19-07-2017-10:48:02:738 78672 79328 1
19-07-2017-10:48:02:777 79328 79984 1
19-07-2017-10:48:02:823 79984 80640 1
19-07-2017-10:48:02:852 80640 81296 1
19-07-2017-10:48:02:893 81296 81952 1
19-07-2017-10:48:02:933 81952 82608 1
19-07-2017-10:48:02:974 82608 83264 1
19-07-2017-10:48:03:021 83264 83920 1
19-07-2017-10:48:03:061 83920 84576 1
19-07-2017-10:48:03:103 84576 85232 1
19-07-2017-10:48:03:148 85232 85888 1
19-07-2017-10:48:03:188 85888 86544 1
19-07-2017-10:48:03:230 86544 87200 1
19-07-2017-10:48:03:275 87200 87856 1
19-07-2017-10:48:03:316 87856 88512 1
19-07-2017-10:48:03:344 88512 89168 1
19-07-2017-10:48:03:385 89168 89824 1
19-07-2017-10:48:03:425 89824 90480 1
19-07-2017-10:48:03:477 90480 91120 1
19-07-2017-10:48:03:511 91120 91760 1
19-07-2017-10:48:03:554 91760 92400 1
19-07-2017-10:48:03:593 92400 93040 1
19-07-2017-10:48:03:633 93040 93680 1
19-07-2017-10:48:03:680 93680 94320 1
19-07-2017-10:48:03:708 94320 94960 1
19-07-2017-10:48:03:748 94960 95600 1
19-07-2017-10:48:03:788 95600 96240 1
19-07-2017-10:48:03:831 96240 96880 1
19-07-2017-10:48:03:876 96880 97520 1
19-07-2017-10:48:03:920 97520 98160 1
19-07-2017-10:48:03:946 98160 98800 1
19-07-2017-10:48:03:987 98800 99440 1
19-07-2017-10:48:04:028 99440 100080 1
19-07-2017-10:48:04:068 100080 100720 1
19-07-2017-10:48:04:115 100720 101360 1
19-07-2017-10:48:04:156 101360 102000 1
19-07-2017-10:48:04:197 102000 102640 1
19-07-2017-10:48:04:242 102640 103280 1
19-07-2017-10:48:04:265 103280 103920 1
19-07-2017-10:48:04:311 103920 104560 1
19-07-2017-10:48:04:352 104560 105200 1
19-07-2017-10:48:04:393 105200 105840 1
19-07-2017-10:48:04:440 105840 106480 1
19-07-2017-10:48:04:480 106480 107120 1
19-07-2017-10:48:04:511 107120 107760 1
19-07-2017-10:48:04:551 107760 108400 1
19-07-2017-10:48:04:590 108400 109040 1
19-07-2017-10:48:04:630 109040 109680 1
19-07-2017-10:48:04:678 109680 110320 1
19-07-2017-10:48:04:707 110320 110960 1
19-07-2017-10:48:04:748 110960 111600 1
19-07-2017-10:48:04:789 111600 112240 1
19-07-2017-10:48:04:828 112240 112880 1
19-07-2017-10:48:04:868 112880 113520 1
19-07-2017-10:48:04:911 113520 114160 1
19-07-2017-10:48:04:957 114160 114800 1
19-07-2017-10:48:04:997 114800 115440 1
19-07-2017-10:48:05:026 115440 116080 1
19-07-2017-10:48:05:067 116080 116720 1
19-07-2017-10:48:05:107 116720 117360 1
19-07-2017-10:48:05:153 117360 118000 1
19-07-2017-10:48:05:193 118000 118640 1
19-07-2017-10:48:05:235 118640 119280 1
19-07-2017-10:48:05:276 119280 119920 1
19-07-2017-10:48:05:322 119920 120560 1
19-07-2017-10:48:05:345 120560 121200 1
19-07-2017-10:48:05:392 121200 121840 1
19-07-2017-10:48:05:432 121840 122480 1
19-07-2017-10:48:05:473 122480 123120 1
19-07-2017-10:48:05:519 123120 123760 1
19-07-2017-10:48:05:547 123760 124400 1
19-07-2017-10:48:05:898 124400 125040 1
19-07-2017-10:48:05:900 125040 125680 1
19-07-2017-10:48:05:900 125680 126320 1
19-07-2017-10:48:05:902 126320 126960 1
19-07-2017-10:48:05:902 126960 127600 1
19-07-2017-10:48:05:902 127600 128240 1
19-07-2017-10:48:05:902 128240 128880 1
19-07-2017-10:48:05:902 128880 129520 1
19-07-2017-10:48:05:908 129520 130160 1
19-07-2017-10:48:05:951 130160 130800 1
19-07-2017-10:48:05:992 130800 131440 1
19-07-2017-10:48:06:032 131440 132080 1
19-07-2017-10:48:06:075 132080 132720 1
19-07-2017-10:48:06:119 132720 133360 1
19-07-2017-10:48:06:149 133360 134000 1
19-07-2017-10:48:06:189 134000 134640 1
19-07-2017-10:48:06:230 134640 135280 1
19-07-2017-10:48:06:271 135280 135920 1
19-07-2017-10:48:06:318 135920 136560 1
19-07-2017-10:48:06:346 136560 137200 1
19-07-2017-10:48:06:387 137200 137840 1
19-07-2017-10:48:06:427 137840 138480 1
19-07-2017-10:48:06:465 138480 139120 1
19-07-2017-10:48:06:513 139120 139760 1
19-07-2017-10:48:06:551 139760 140400 1
19-07-2017-10:48:06:593 140400 141040 1
19-07-2017-10:48:06:634 141040 141680 1
19-07-2017-10:48:06:679 141680 142320 1
19-07-2017-10:48:06:709 142320 142960 1
19-07-2017-10:48:06:749 142960 143600 1
19-07-2017-10:48:06:791 143600 144240 1
19-07-2017-10:48:06:830 144240 144880 1
19-07-2017-10:48:06:878 144880 145520 1
19-07-2017-10:48:06:907 145520 146160 1
19-07-2017-10:48:06:948 146160 146800 1
19-07-2017-10:48:06:988 146800 147440 1
19-07-2017-10:48:07:028 147440 148080 1
19-07-2017-10:48:07:075 148080 148720 1
19-07-2017-10:48:07:116 148720 149360 1
19-07-2017-10:48:07:156 149360 150000 1
19-07-2017-10:48:07:196 150000 150640 1
19-07-2017-10:48:07:226 150640 151280 1
19-07-2017-10:48:07:272 151280 151920 1
19-07-2017-10:48:07:312 151920 152560 1
19-07-2017-10:48:07:352 152560 153200 1
19-07-2017-10:48:07:394 153200 153840 1
19-07-2017-10:48:07:440 153840 154480 1
19-07-2017-10:48:07:470 154480 155120 1
19-07-2017-10:48:07:510 155120 155760 1
19-07-2017-10:48:07:551 155760 156400 1
19-07-2017-10:48:07:593 156400 157040 1
19-07-2017-10:48:07:637 157040 157680 1
19-07-2017-10:48:07:667 157680 158320 1
19-07-2017-10:48:07:707 158320 158960 1
19-07-2017-10:48:07:748 158960 159600 1
19-07-2017-10:48:07:790 159600 160240 1
19-07-2017-10:48:07:836 160240 160880 1
19-07-2017-10:48:07:876 160880 161520 1
19-07-2017-10:48:07:905 161520 162160 1
19-07-2017-10:48:07:947 162160 162800 1
19-07-2017-10:48:07:986 162800 163440 1
19-07-2017-10:48:08:033 163440 164080 1
19-07-2017-10:48:08:072 164080 164720 1
19-07-2017-10:48:08:114 164720 165360 1
19-07-2017-10:48:08:160 165360 166000 1
19-07-2017-10:48:08:201 166000 166640 1
19-07-2017-10:48:08:230 166640 167280 1
19-07-2017-10:48:08:272 167280 167920 1
19-07-2017-10:48:08:312 167920 168560 1
19-07-2017-10:48:08:358 168560 169200 1
19-07-2017-10:48:08:385 169200 169840 1
19-07-2017-10:48:08:427 169840 170480 1
19-07-2017-10:48:08:467 170480 171120 1
19-07-2017-10:48:08:506 171120 171760 1
19-07-2017-10:48:08:554 171760 172400 1
19-07-2017-10:48:08:593 172400 173040 1
19-07-2017-10:48:08:635 173040 173680 1
19-07-2017-10:48:08:675 173680 174320 1
19-07-2017-10:48:08:705 174320 174960 1
19-07-2017-10:48:09:004 174960 175600 1
19-07-2017-10:48:09:006 175600 176240 1
19-07-2017-10:48:09:009 176240 176880 1
19-07-2017-10:48:09:014 176880 177520 1
19-07-2017-10:48:09:014 177520 178160 1
19-07-2017-10:48:09:015 178160 178800 1
19-07-2017-10:48:09:015 178800 179440 1
19-07-2017-10:48:09:033 179440 180080 1
19-07-2017-10:48:09:072 180080 180720 1
19-07-2017-10:48:09:116 180720 181360 1
19-07-2017-10:48:09:158 181360 182000 1
19-07-2017-10:48:09:187 182000 182640 1
19-07-2017-10:48:09:227 182640 183280 1
19-07-2017-10:48:09:267 183280 183920 1
19-07-2017-10:48:09:313 183920 184560 1
19-07-2017-10:48:09:355 184560 185200 1
19-07-2017-10:48:09:400 185200 185840 1
19-07-2017-10:48:09:439 185840 186480 1
19-07-2017-10:48:09:469 186480 187120 1
19-07-2017-10:48:09:510 187120 187760 1
19-07-2017-10:48:09:551 187760 188400 1
19-07-2017-10:48:09:596 188400 189040 1
19-07-2017-10:48:09:637 189040 189680 1
19-07-2017-10:48:09:668 189680 190320 1
19-07-2017-10:48:09:709 190320 190960 1
19-07-2017-10:48:09:747 190960 191600 1
19-07-2017-10:48:09:794 191600 192240 1
19-07-2017-10:48:09:834 192240 192880 1
19-07-2017-10:48:09:876 192880 193520 1
19-07-2017-10:48:09:905 193520 194160 1
19-07-2017-10:48:09:946 194160 194800 1
19-07-2017-10:48:09:992 194800 195440 1
19-07-2017-10:48:10:034 195440 196080 1
19-07-2017-10:48:10:074 196080 196720 1
19-07-2017-10:48:10:114 196720 197360 1
19-07-2017-10:48:10:160 197360 198000 1
19-07-2017-10:48:10:189 198000 198640 1
19-07-2017-10:48:10:228 198640 199280 1
19-07-2017-10:48:10:270 199280 199920 1
19-07-2017-10:48:10:309 199920 200560 1
19-07-2017-10:48:10:357 200560 201200 1
19-07-2017-10:48:10:397 201200 201840 1
19-07-2017-10:48:10:426 201840 202480 1
19-07-2017-10:48:10:466 202480 203120 1
19-07-2017-10:48:10:508 203120 203760 1
19-07-2017-10:48:10:553 203760 204400 1
19-07-2017-10:48:10:594 204400 205040 1
19-07-2017-10:48:10:633 205040 205680 1
19-07-2017-10:48:10:673 205680 206320 1
19-07-2017-10:48:10:720 206320 206960 1
19-07-2017-10:48:10:748 206960 207600 1
19-07-2017-10:48:10:789 207600 208240 1
19-07-2017-10:48:10:831 208240 208880 1
19-07-2017-10:48:10:871 208880 209520 1
19-07-2017-10:48:10:912 209520 210160 1
19-07-2017-10:48:10:959 210160 210800 1
19-07-2017-10:48:10:998 210800 211440 1
19-07-2017-10:48:11:028 211440 212080 1
19-07-2017-10:48:11:067 212080 212720 1
19-07-2017-10:48:11:108 212720 213360 1
19-07-2017-10:48:11:154 213360 214000 1
19-07-2017-10:48:11:196 214000 214640 1
19-07-2017-10:48:11:236 214640 215280 1
19-07-2017-10:48:11:276 215280 215920 1
19-07-2017-10:48:11:305 215920 216560 1
19-07-2017-10:48:11:351 216560 217200 1
19-07-2017-10:48:11:393 217200 217840 1
19-07-2017-10:48:11:433 217840 218480 1
19-07-2017-10:48:11:473 218480 219120 1
19-07-2017-10:48:11:521 219120 219760 1
19-07-2017-10:48:11:549 219760 220400 1
19-07-2017-10:48:11:590 220400 221040 1
19-07-2017-10:48:11:632 221040 221680 1
19-07-2017-10:48:11:677 221680 222320 1
19-07-2017-10:48:11:717 222320 222960 1
19-07-2017-10:48:11:749 222960 223600 1
19-07-2017-10:48:11:786 223600 224240 1
19-07-2017-10:48:11:828 224240 224880 1
19-07-2017-10:48:11:876 224880 225520 1
19-07-2017-10:48:12:119 225520 226160 1
19-07-2017-10:48:12:122 226160 226800 1
19-07-2017-10:48:12:122 226800 227440 1
19-07-2017-10:48:12:122 227440 228080 1
19-07-2017-10:48:12:122 228080 228720 1
19-07-2017-10:48:12:122 228720 229360 1
19-07-2017-10:48:12:151 229360 230000 1
19-07-2017-10:48:12:199 230000 230640 1
19-07-2017-10:48:12:238 230640 231280 1
19-07-2017-10:48:12:268 231280 231920 1
19-07-2017-10:48:12:309 231920 232560 1
19-07-2017-10:48:12:356 232560 233200 1
19-07-2017-10:48:12:397 233200 233840 1
19-07-2017-10:48:12:437 233840 234480 1
19-07-2017-10:48:12:464 234480 235120 1
19-07-2017-10:48:12:505 235120 235760 1
19-07-2017-10:48:12:552 235760 236400 1
19-07-2017-10:48:12:592 236400 237040 1
19-07-2017-10:48:12:632 237040 237680 1
19-07-2017-10:48:12:674 237680 238320 1
19-07-2017-10:48:12:721 238320 238960 1
19-07-2017-10:48:12:750 238960 239600 1
19-07-2017-10:48:12:790 239600 240240 1
19-07-2017-10:48:12:832 240240 240880 1
19-07-2017-10:48:12:871 240880 241520 1
19-07-2017-10:48:12:919 241520 242160 1
19-07-2017-10:48:12:948 242160 242800 1
19-07-2017-10:48:12:988 242800 243440 1
19-07-2017-10:48:13:029 243440 244080 1
19-07-2017-10:48:13:070 244080 244720 1
19-07-2017-10:48:13:116 244720 245360 1
19-07-2017-10:48:13:158 245360 246000 1
19-07-2017-10:48:13:186 246000 246640 1
19-07-2017-10:48:13:229 246640 247280 1
19-07-2017-10:48:13:267 247280 247920 1
19-07-2017-10:48:13:315 247920 248560 1
19-07-2017-10:48:13:355 248560 249200 1
19-07-2017-10:48:13:396 249200 249840 1
19-07-2017-10:48:13:426 249840 250480 1
19-07-2017-10:48:13:465 250480 251120 1
19-07-2017-10:48:13:513 251120 251760 1
19-07-2017-10:48:13:553 251760 252400 1
19-07-2017-10:48:13:592 252400 253040 1
19-07-2017-10:48:13:638 253040 253680 1
19-07-2017-10:48:13:678 253680 254320 1
19-07-2017-10:48:13:707 254320 254960 1
19-07-2017-10:48:13:747 254960 255600 1
19-07-2017-10:48:13:787 255600 256240 1
19-07-2017-10:48:13:833 256240 256880 1
19-07-2017-10:48:13:873 256880 257520 1
19-07-2017-10:48:13:918 257520 258160 1
19-07-2017-10:48:13:960 258160 258800 1
19-07-2017-10:48:13:990 258800 259440 1
19-07-2017-10:48:14:030 259440 260080 1
19-07-2017-10:48:14:071 260080 260720 1
19-07-2017-10:48:14:116 260720 261360 1
19-07-2017-10:48:14:146 261360 262000 1
19-07-2017-10:48:14:187 262000 262640 1
19-07-2017-10:48:14:229 262640 263280 1
19-07-2017-10:48:14:266 263280 263920 1
19-07-2017-10:48:14:314 263920 264560 1
19-07-2017-10:48:14:354 264560 265200 1
19-07-2017-10:48:14:393 265200 265840 1
19-07-2017-10:48:14:435 265840 266480 1
19-07-2017-10:48:14:480 266480 267120 1
19-07-2017-10:48:14:511 267120 267760 1
19-07-2017-10:48:14:552 267760 268400 1
19-07-2017-10:48:14:591 268400 269040 1
19-07-2017-10:48:14:633 269040 269680 1
19-07-2017-10:48:14:679 269680 270320 1
19-07-2017-10:48:14:708 270320 270960 1
19-07-2017-10:48:14:749 270960 271600 1
19-07-2017-10:48:14:789 271600 272240 1
19-07-2017-10:48:14:830 272240 272880 1
19-07-2017-10:48:14:876 272880 273520 1
19-07-2017-10:48:14:918 273520 274160 1
19-07-2017-10:48:14:945 274160 274800 1
19-07-2017-10:48:14:987 274800 275440 1
19-07-2017-10:48:15:028 275440 276080 1
19-07-2017-10:48:15:362 276080 276720 1
19-07-2017-10:48:15:363 276720 277360 1
19-07-2017-10:48:15:363 277360 278000 1
19-07-2017-10:48:15:363 278000 278640 1
19-07-2017-10:48:15:363 278640 279280 1
19-07-2017-10:48:15:363 279280 279920 1
19-07-2017-10:48:15:363 279920 280560 1
19-07-2017-10:48:15:363 280560 281200 1
19-07-2017-10:48:15:392 281200 281840 1
19-07-2017-10:48:15:437 281840 282480 1
19-07-2017-10:48:15:480 282480 283120 1
19-07-2017-10:48:15:507 283120 283760 1
19-07-2017-10:48:15:546 283760 284400 1
19-07-2017-10:48:15:592 284400 285040 1
19-07-2017-10:48:15:634 285040 285680 1
19-07-2017-10:48:15:676 285680 286320 1
19-07-2017-10:48:15:715 286320 286960 1
19-07-2017-10:48:15:745 286960 287600 1
19-07-2017-10:48:15:785 287600 288240 1
19-07-2017-10:48:15:831 288240 288880 1
19-07-2017-10:48:15:895 288880 289520 1
19-07-2017-10:48:15:913 289520 290160 1
19-07-2017-10:48:15:953 290160 290800 1
19-07-2017-10:48:15:999 290800 291440 1
19-07-2017-10:48:16:028 291440 292080 1
19-07-2017-10:48:16:069 292080 292720 1
19-07-2017-10:48:16:109 292720 293360 1
19-07-2017-10:48:16:148 293360 294000 1
19-07-2017-10:48:16:196 294000 294640 1
19-07-2017-10:48:16:235 294640 295280 1
19-07-2017-10:48:16:276 295280 295920 1
19-07-2017-10:48:16:306 295920 296560 1
19-07-2017-10:48:16:346 296560 297200 1
19-07-2017-10:48:16:392 297200 297840 1
19-07-2017-10:48:16:431 297840 298480 1
19-07-2017-10:48:16:471 298480 299120 1
19-07-2017-10:48:16:514 299120 299760 1
19-07-2017-10:48:16:558 299760 300400 1
19-07-2017-10:48:16:587 300400 301040 1
19-07-2017-10:48:16:628 301040 301680 1
19-07-2017-10:48:16:669 301680 302320 1
19-07-2017-10:48:16:710 302320 302960 1
19-07-2017-10:48:16:757 302960 303600 1
19-07-2017-10:48:16:785 303600 304240 1
19-07-2017-10:48:16:825 304240 304880 1
19-07-2017-10:48:16:867 304880 305520 1
19-07-2017-10:48:16:907 305520 306160 1
19-07-2017-10:48:16:947 306160 306800 1
19-07-2017-10:48:16:994 306800 307440 1
19-07-2017-10:48:17:035 307440 308080 1
19-07-2017-10:48:17:075 308080 308720 1
19-07-2017-10:48:17:106 308720 309360 1
19-07-2017-10:48:17:150 309360 310000 1
19-07-2017-10:48:17:191 310000 310640 1
19-07-2017-10:48:17:232 310640 311280 1
19-07-2017-10:48:17:277 311280 311920 1
19-07-2017-10:48:17:319 311920 312560 1
19-07-2017-10:48:17:348 312560 313200 1
19-07-2017-10:48:17:388 313200 313840 1
19-07-2017-10:48:17:428 313840 314480 1
19-07-2017-10:48:17:473 314480 315120 1
19-07-2017-10:48:17:517 315120 315760 1
19-07-2017-10:48:17:546 315760 316400 1
19-07-2017-10:48:17:587 316400 317040 1
19-07-2017-10:48:17:626 317040 317680 1
19-07-2017-10:48:17:668 317680 318320 1
19-07-2017-10:48:17:712 318320 318960 1
19-07-2017-10:48:17:753 318960 319600 1
19-07-2017-10:48:17:794 319600 320240 1
19-07-2017-10:48:17:835 320240 320880 1
19-07-2017-10:48:17:881 320880 321520 1
19-07-2017-10:48:17:909 321520 322160 1
19-07-2017-10:48:17:952 322160 322800 1
19-07-2017-10:48:17:993 322800 323440 1
19-07-2017-10:48:18:037 323440 324080 1
19-07-2017-10:48:18:080 324080 324720 1
19-07-2017-10:48:18:108 324720 325360 1
19-07-2017-10:48:18:150 325360 326000 1
19-07-2017-10:48:18:188 326000 326640 1
19-07-2017-10:48:18:236 326640 327280 1
19-07-2017-10:48:18:275 327280 327920 1
19-07-2017-10:48:18:315 327920 328560 1
19-07-2017-10:48:18:344 328560 329200 1
19-07-2017-10:48:18:385 329200 329840 1
19-07-2017-10:48:18:431 329840 330480 1
19-07-2017-10:48:18:473 330480 331120 1
19-07-2017-10:48:18:512 331120 331760 1
19-07-2017-10:48:18:553 331760 332400 1
19-07-2017-10:48:18:601 332400 333040 1
19-07-2017-10:48:18:641 333040 333680 1
19-07-2017-10:48:18:669 333680 334320 1
19-07-2017-10:48:18:711 334320 334960 1
19-07-2017-10:48:18:751 334960 335600 1
19-07-2017-10:48:18:795 335600 336240 1
19-07-2017-10:48:18:837 336240 336880 1
19-07-2017-10:48:18:866 336880 337520 1
19-07-2017-10:48:18:908 337520 338160 1
19-07-2017-10:48:18:946 338160 338800 1
19-07-2017-10:48:18:988 338800 339440 1
19-07-2017-10:48:19:252 339440 340080 1
19-07-2017-10:48:19:253 340080 340720 1
19-07-2017-10:48:19:253 340720 341360 1
19-07-2017-10:48:19:253 341360 342000 1
19-07-2017-10:48:19:253 342000 342640 1
19-07-2017-10:48:19:253 342640 343280 1
19-07-2017-10:48:19:272 343280 343920 1
19-07-2017-10:48:19:313 343920 344560 1
19-07-2017-10:48:19:363 344560 345200 1
19-07-2017-10:48:19:388 345200 345840 1
19-07-2017-10:48:19:428 345840 346480 1
19-07-2017-10:48:19:469 346480 347120 1
19-07-2017-10:48:19:508 347120 347760 1
19-07-2017-10:48:19:556 347760 348400 1
19-07-2017-10:48:19:595 348400 349040 1
19-07-2017-10:48:19:624 349040 349680 1
19-07-2017-10:48:19:666 349680 350320 1
19-07-2017-10:48:19:706 350320 350960 1
19-07-2017-10:48:19:753 350960 351600 1
19-07-2017-10:48:19:794 351600 352240 1
19-07-2017-10:48:19:833 352240 352880 1
19-07-2017-10:48:19:875 352880 353520 1
19-07-2017-10:48:19:917 353520 354160 1
19-07-2017-10:48:19:946 354160 354800 1
19-07-2017-10:48:19:986 354800 355440 1
19-07-2017-10:48:20:027 355440 356080 1
19-07-2017-10:48:20:071 356080 356720 1
19-07-2017-10:48:20:113 356720 357360 1
19-07-2017-10:48:20:153 357360 358000 1
19-07-2017-10:48:20:193 358000 358640 1
19-07-2017-10:48:20:239 358640 359280 1
19-07-2017-10:48:20:269 359280 359920 1
19-07-2017-10:48:20:308 359920 360560 1
19-07-2017-10:48:20:349 360560 361200 1
19-07-2017-10:48:20:397 361200 361840 1
19-07-2017-10:48:20:437 361840 362480 1
19-07-2017-10:48:20:464 362480 363120 1
19-07-2017-10:48:20:506 363120 363760 1
19-07-2017-10:48:20:546 363760 364400 1
19-07-2017-10:48:20:593 364400 365040 1
19-07-2017-10:48:20:635 365040 365680 1
19-07-2017-10:48:20:675 365680 366320 1
19-07-2017-10:48:20:721 366320 366960 1
19-07-2017-10:48:20:760 366960 367600 1
19-07-2017-10:48:20:790 367600 368240 1
19-07-2017-10:48:20:830 368240 368880 1
19-07-2017-10:48:20:872 368880 369520 1
19-07-2017-10:48:20:914 369520 370160 1
19-07-2017-10:48:20:958 370160 370800 1
19-07-2017-10:48:20:987 370800 371440 1
19-07-2017-10:48:21:027 371440 372080 1
19-07-2017-10:48:21:069 372080 372720 1
19-07-2017-10:48:21:110 372720 373360 1
19-07-2017-10:48:21:157 373360 374000 1
19-07-2017-10:48:21:196 374000 374640 1
19-07-2017-10:48:21:226 374640 375280 1
19-07-2017-10:48:21:267 375280 375920 1
19-07-2017-10:48:21:306 375920 376560 1
19-07-2017-10:48:21:347 376560 377200 1
19-07-2017-10:48:21:392 377200 377840 1
19-07-2017-10:48:21:435 377840 378480 1
19-07-2017-10:48:21:474 378480 379120 1
19-07-2017-10:48:21:520 379120 379760 1
19-07-2017-10:48:21:546 379760 380400 1
19-07-2017-10:48:21:591 380400 381040 1
19-07-2017-10:48:21:631 381040 381680 1
19-07-2017-10:48:21:671 381680 382320 1
19-07-2017-10:48:21:719 382320 382960 1
19-07-2017-10:48:21:760 382960 383600 1
19-07-2017-10:48:21:788 383600 384240 1
19-07-2017-10:48:21:828 384240 384880 1
19-07-2017-10:48:21:869 384880 385520 1
19-07-2017-10:48:21:916 385520 386160 1
19-07-2017-10:48:21:957 386160 386800 1
19-07-2017-10:48:21:985 386800 387440 1
19-07-2017-10:48:22:025 387440 388080 1
19-07-2017-10:48:22:065 388080 388720 1
19-07-2017-10:48:22:107 388720 389360 1
19-07-2017-10:48:22:153 389360 390000 1
19-07-2017-10:48:22:194 390000 390640 1
19-07-2017-10:48:22:235 390640 391280 1
19-07-2017-10:48:22:281 391280 391920 1
19-07-2017-10:48:22:320 391920 392560 1
19-07-2017-10:48:22:351 392560 393200 1
19-07-2017-10:48:22:392 393200 393840 1
19-07-2017-10:48:22:432 393840 394480 1
19-07-2017-10:48:22:471 394480 395120 1
19-07-2017-10:48:22:518 395120 395760 1
19-07-2017-10:48:22:547 395760 396400 1
19-07-2017-10:48:22:590 396400 397040 1
19-07-2017-10:48:22:741 397040 397680 1
19-07-2017-10:48:22:746 397680 398320 1
19-07-2017-10:48:22:747 398320 398960 1
19-07-2017-10:48:22:747 398960 399600 1
19-07-2017-10:48:22:786 399600 400240 1
19-07-2017-10:48:22:828 400240 400880 1
19-07-2017-10:48:22:867 400880 401520 1
19-07-2017-10:48:22:913 401520 402160 1
19-07-2017-10:48:22:953 402160 402800 1
19-07-2017-10:48:22:994 402800 403440 1
19-07-2017-10:48:23:035 403440 404080 1
19-07-2017-10:48:23:075 404080 404720 1
19-07-2017-10:48:23:110 404720 405360 1
19-07-2017-10:48:23:150 405360 406000 1
19-07-2017-10:48:23:190 406000 406640 1
19-07-2017-10:48:23:232 406640 407280 1
19-07-2017-10:48:23:273 407280 407920 1
19-07-2017-10:48:23:318 407920 408560 1
19-07-2017-10:48:23:358 408560 409200 1
19-07-2017-10:48:23:388 409200 409840 1
19-07-2017-10:48:23:429 409840 410480 1
19-07-2017-10:48:23:467 410480 411120 1
19-07-2017-10:48:23:508 411120 411760 1
19-07-2017-10:48:23:555 411760 412400 1
19-07-2017-10:48:23:594 412400 413040 1
19-07-2017-10:48:23:636 413040 413680 1
19-07-2017-10:48:23:665 413680 414320 1
19-07-2017-10:48:23:705 414320 414960 1
19-07-2017-10:48:23:753 414960 415600 1
19-07-2017-10:48:23:793 415600 416240 1
19-07-2017-10:48:23:834 416240 416880 1
19-07-2017-10:48:23:874 416880 417520 1
19-07-2017-10:48:23:919 417520 418160 1
19-07-2017-10:48:23:961 418160 418800 1
19-07-2017-10:48:23:990 418800 419440 1
19-07-2017-10:48:24:029 419440 420080 1
19-07-2017-10:48:24:070 420080 420720 1
19-07-2017-10:48:24:112 420720 421360 1
19-07-2017-10:48:24:158 421360 422000 1
19-07-2017-10:48:24:187 422000 422640 1
19-07-2017-10:48:24:227 422640 423280 1
19-07-2017-10:48:24:268 423280 423920 1
19-07-2017-10:48:24:308 423920 424560 1
19-07-2017-10:48:24:349 424560 425200 1
19-07-2017-10:48:24:391 425200 425840 1
19-07-2017-10:48:24:438 425840 426480 1
19-07-2017-10:48:24:465 426480 427120 1
19-07-2017-10:48:24:508 427120 427760 1
19-07-2017-10:48:24:547 427760 428400 1
19-07-2017-10:48:24:589 428400 429040 1
19-07-2017-10:48:24:635 429040 429680 1
19-07-2017-10:48:24:675 429680 430320 1
19-07-2017-10:48:24:715 430320 430960 1
19-07-2017-10:48:24:745 430960 431600 1
19-07-2017-10:48:24:786 431600 432240 1
19-07-2017-10:48:24:826 432240 432880 1
19-07-2017-10:48:24:872 432880 433520 1
19-07-2017-10:48:24:914 433520 434160 1
19-07-2017-10:48:24:954 434160 434800 1
19-07-2017-10:48:24:996 434800 435440 1
19-07-2017-10:48:25:026 435440 436080 1
19-07-2017-10:48:25:069 436080 436720 1
19-07-2017-10:48:25:112 436720 437360 1
19-07-2017-10:48:25:152 437360 438000 1
19-07-2017-10:48:25:193 438000 438640 1
19-07-2017-10:48:25:239 438640 439280 1
19-07-2017-10:48:25:267 439280 439920 1
19-07-2017-10:48:25:309 439920 440560 1
19-07-2017-10:48:25:349 440560 441200 1
19-07-2017-10:48:25:391 441200 441840 1
19-07-2017-10:48:25:430 441840 442480 1
19-07-2017-10:48:25:478 442480 443120 1
19-07-2017-10:48:25:517 443120 443760 1
19-07-2017-10:48:25:545 443760 444400 1
19-07-2017-10:48:25:587 444400 445040 1
19-07-2017-10:48:25:627 445040 445680 1
19-07-2017-10:48:25:667 445680 446320 1
19-07-2017-10:48:25:713 446320 446960 1
19-07-2017-10:48:25:755 446960 447600 1
19-07-2017-10:48:26:096 447600 448240 1
19-07-2017-10:48:26:097 448240 448880 1
19-07-2017-10:48:26:098 448880 449520 1
19-07-2017-10:48:26:099 449520 450160 1
19-07-2017-10:48:26:099 450160 450800 1
19-07-2017-10:48:26:099 450800 451440 1
19-07-2017-10:48:26:099 451440 452080 1
19-07-2017-10:48:26:099 452080 452720 1
19-07-2017-10:48:26:106 452720 453360 1
19-07-2017-10:48:26:147 453360 454000 1
19-07-2017-10:48:26:193 454000 454640 1
19-07-2017-10:48:26:235 454640 455280 1
19-07-2017-10:48:26:276 455280 455920 1
19-07-2017-10:48:26:320 455920 456560 1
19-07-2017-10:48:26:345 456560 457200 1
19-07-2017-10:48:26:392 457200 457840 1
19-07-2017-10:48:26:432 457840 458480 1
19-07-2017-10:48:26:472 458480 459120 1
19-07-2017-10:48:26:518 459120 459760 1
19-07-2017-10:48:26:546 459760 460400 1
19-07-2017-10:48:26:586 460400 461040 1
19-07-2017-10:48:26:628 461040 461680 1
19-07-2017-10:48:26:667 461680 462320 1
19-07-2017-10:48:26:714 462320 462960 1
19-07-2017-10:48:26:755 462960 463600 1
19-07-2017-10:48:26:796 463600 464240 1
19-07-2017-10:48:26:826 464240 464880 1
19-07-2017-10:48:26:866 464880 465520 1
19-07-2017-10:48:26:913 465520 466160 1
19-07-2017-10:48:26:952 466160 466800 1
19-07-2017-10:48:26:994 466800 467440 1
19-07-2017-10:48:27:033 467440 468080 1
19-07-2017-10:48:27:081 468080 468720 1
19-07-2017-10:48:27:121 468720 469360 1
19-07-2017-10:48:27:148 469360 470000 1
19-07-2017-10:48:27:190 470000 470640 1
19-07-2017-10:48:27:231 470640 471280 1
19-07-2017-10:48:27:277 471280 471920 1
19-07-2017-10:48:27:317 471920 472560 1
19-07-2017-10:48:27:348 472560 473200 1
19-07-2017-10:48:27:387 473200 473840 1
19-07-2017-10:48:27:427 473840 474480 1
19-07-2017-10:48:27:469 474480 475120 1
19-07-2017-10:48:27:516 475120 475760 1
19-07-2017-10:48:27:556 475760 476400 1
19-07-2017-10:48:27:585 476400 477040 1
19-07-2017-10:48:27:624 477040 477680 1
19-07-2017-10:48:27:665 477680 478320 1
19-07-2017-10:48:27:707 478320 478960 1
19-07-2017-10:48:27:751 478960 479600 1
19-07-2017-10:48:27:793 479600 480240 1
19-07-2017-10:48:27:833 480240 480880 1
19-07-2017-10:48:27:879 480880 481520 1
19-07-2017-10:48:27:919 481520 482160 1
19-07-2017-10:48:27:949 482160 482800 1
19-07-2017-10:48:27:989 482800 483440 1
19-07-2017-10:48:28:028 483440 484080 1
19-07-2017-10:48:28:077 484080 484720 1
19-07-2017-10:48:28:117 484720 485360 1
19-07-2017-10:48:28:145 485360 486000 1
19-07-2017-10:48:28:187 486000 486640 1
19-07-2017-10:48:28:228 486640 487280 1
19-07-2017-10:48:28:274 487280 487920 1
19-07-2017-10:48:28:314 487920 488560 1
19-07-2017-10:48:28:356 488560 489200 1
19-07-2017-10:48:28:394 489200 489840 1
19-07-2017-10:48:28:424 489840 490480 1
19-07-2017-10:48:28:470 490480 491120 1
19-07-2017-10:48:28:512 491120 491760 1
19-07-2017-10:48:28:551 491760 492400 1
19-07-2017-10:48:28:592 492400 493040 1
19-07-2017-10:48:28:640 493040 493680 1
19-07-2017-10:48:28:680 493680 494320 1
19-07-2017-10:48:28:709 494320 494960 1
19-07-2017-10:48:28:749 494960 495600 1
19-07-2017-10:48:28:789 495600 496240 1
19-07-2017-10:48:28:831 496240 496880 1
19-07-2017-10:48:28:877 496880 497520 1
19-07-2017-10:48:28:918 497520 498160 1
19-07-2017-10:48:29:156 498160 498800 1
19-07-2017-10:48:29:157 498800 499440 1
19-07-2017-10:48:29:157 499440 500080 1
19-07-2017-10:48:29:158 500080 500720 1
19-07-2017-10:48:29:158 500720 501360 1
19-07-2017-10:48:29:158 501360 502000 1
19-07-2017-10:48:29:194 502000 502640 1
19-07-2017-10:48:29:236 502640 503280 1
19-07-2017-10:48:29:264 503280 503920 1
19-07-2017-10:48:29:311 503920 504560 1
19-07-2017-10:48:29:351 504560 505200 1
19-07-2017-10:48:29:391 505200 505840 1
19-07-2017-10:48:29:433 505840 506480 1
19-07-2017-10:48:29:479 506480 507120 1
19-07-2017-10:48:29:508 507120 507760 1
19-07-2017-10:48:29:547 507760 508400 1
19-07-2017-10:48:29:589 508400 509040 1
19-07-2017-10:48:29:629 509040 509680 1
19-07-2017-10:48:29:670 509680 510320 1
19-07-2017-10:48:29:716 510320 510960 1
19-07-2017-10:48:29:745 510960 511600 1
19-07-2017-10:48:29:788 511600 512240 1
19-07-2017-10:48:29:828 512240 512880 1
19-07-2017-10:48:29:868 512880 513520 1
19-07-2017-10:48:29:916 513520 514160 1
19-07-2017-10:48:29:955 514160 514800 1
19-07-2017-10:48:29:986 514800 515440 1
19-07-2017-10:48:30:026 515440 516080 1
19-07-2017-10:48:30:065 516080 516720 1
19-07-2017-10:48:30:112 516720 517360 1
19-07-2017-10:48:30:152 517360 518000 1
19-07-2017-10:48:30:198 518000 518640 1
19-07-2017-10:48:30:240 518640 519280 1
19-07-2017-10:48:30:281 519280 519920 1
19-07-2017-10:48:30:309 519920 520560 1
19-07-2017-10:48:30:353 520560 521200 1
19-07-2017-10:48:30:395 521200 521840 1
19-07-2017-10:48:30:435 521840 522480 1
19-07-2017-10:48:30:525 522480 523120 1
19-07-2017-10:48:30:529 523120 523760 1
19-07-2017-10:48:30:546 523760 524400 1
19-07-2017-10:48:30:592 524400 525040 1
19-07-2017-10:48:30:633 525040 525680 1
19-07-2017-10:48:30:674 525680 526320 1
19-07-2017-10:48:30:720 526320 526960 1
19-07-2017-10:48:30:762 526960 527600 1
19-07-2017-10:48:30:789 527600 528240 1
19-07-2017-10:48:30:830 528240 528880 1
19-07-2017-10:48:30:872 528880 529520 1
19-07-2017-10:48:30:918 529520 530160 1
19-07-2017-10:48:30:958 530160 530800 1
19-07-2017-10:48:30:988 530800 531440 1
19-07-2017-10:48:31:028 531440 532080 1
19-07-2017-10:48:31:068 532080 532720 1
19-07-2017-10:48:31:115 532720 533360 1
19-07-2017-10:48:31:155 533360 534000 1
19-07-2017-10:48:31:184 534000 534640 1
19-07-2017-10:48:31:224 534640 535280 1
19-07-2017-10:48:31:267 535280 535920 1
19-07-2017-10:48:31:306 535920 536560 1
19-07-2017-10:48:31:353 536560 537200 1
19-07-2017-10:48:31:393 537200 537840 1
19-07-2017-10:48:31:433 537840 538480 1
19-07-2017-10:48:31:479 538480 539120 1
19-07-2017-10:48:31:521 539120 539760 1
19-07-2017-10:48:31:548 539760 540400 1
19-07-2017-10:48:31:591 540400 541040 1
19-07-2017-10:48:31:630 541040 541680 1
19-07-2017-10:48:31:676 541680 542320 1
19-07-2017-10:48:31:716 542320 542960 1
19-07-2017-10:48:31:746 542960 543600 1
19-07-2017-10:48:31:786 543600 544240 1
19-07-2017-10:48:31:826 544240 544880 1
19-07-2017-10:48:31:873 544880 545520 1
19-07-2017-10:48:31:915 545520 546160 1
19-07-2017-10:48:31:960 546160 546800 1
19-07-2017-10:48:31:989 546800 547440 1
19-07-2017-10:48:32:029 547440 548080 1
19-07-2017-10:48:32:070 548080 548720 1
19-07-2017-10:48:32:115 548720 549360 1
19-07-2017-10:48:32:155 549360 550000 1
19-07-2017-10:48:32:185 550000 550640 1
19-07-2017-10:48:32:227 550640 551280 1
19-07-2017-10:48:32:265 551280 551920 1
19-07-2017-10:48:32:305 551920 552560 1
19-07-2017-10:48:32:351 552560 553200 1
19-07-2017-10:48:32:392 553200 553840 1
19-07-2017-10:48:32:432 553840 554480 1
19-07-2017-10:48:32:479 554480 555120 1
19-07-2017-10:48:32:508 555120 555760 1
19-07-2017-10:48:32:549 555760 556400 1
19-07-2017-10:48:32:589 556400 557040 1
19-07-2017-10:48:32:629 557040 557680 1
19-07-2017-10:48:32:677 557680 558320 1
19-07-2017-10:48:32:704 558320 558960 1
19-07-2017-10:48:32:746 558960 559600 1
19-07-2017-10:48:32:786 559600 560240 1
19-07-2017-10:48:32:826 560240 560880 1
19-07-2017-10:48:32:873 560880 561520 1
19-07-2017-10:48:32:913 561520 562160 1
19-07-2017-10:48:32:954 562160 562800 1
19-07-2017-10:48:32:999 562800 563440 1
19-07-2017-10:48:33:041 563440 564080 1
19-07-2017-10:48:33:069 564080 564720 1
19-07-2017-10:48:33:109 564720 565360 1
19-07-2017-10:48:33:151 565360 566000 1
19-07-2017-10:48:33:196 566000 566640 1
19-07-2017-10:48:33:237 566640 567280 1
19-07-2017-10:48:33:266 567280 567920 1
19-07-2017-10:48:33:308 567920 568560 1
19-07-2017-10:48:33:349 568560 569200 1
19-07-2017-10:48:33:390 569200 569840 1
19-07-2017-10:48:33:435 569840 570480 1
19-07-2017-10:48:33:477 570480 571120 1
19-07-2017-10:48:33:506 571120 571760 1
19-07-2017-10:48:33:546 571760 572400 1
19-07-2017-10:48:33:586 572400 573040 1
19-07-2017-10:48:33:926 573040 573680 1
19-07-2017-10:48:33:928 573680 574320 1
19-07-2017-10:48:33:928 574320 574960 1
19-07-2017-10:48:33:928 574960 575600 1
19-07-2017-10:48:33:928 575600 576240 1
19-07-2017-10:48:33:928 576240 576880 1
19-07-2017-10:48:33:929 576880 577520 1
19-07-2017-10:48:33:929 577520 578160 1
19-07-2017-10:48:33:957 578160 578800 1
19-07-2017-10:48:33:990 578800 579440 1
19-07-2017-10:48:34:028 579440 580080 1
19-07-2017-10:48:34:066 580080 580720 1
19-07-2017-10:48:34:107 580720 581360 1
19-07-2017-10:48:34:152 581360 582000 1
19-07-2017-10:48:34:194 582000 582640 1
19-07-2017-10:48:34:234 582640 583280 1
19-07-2017-10:48:34:275 583280 583920 1
19-07-2017-10:48:34:305 583920 584560 1
19-07-2017-10:48:34:351 584560 585200 1
19-07-2017-10:48:34:393 585200 585840 1
19-07-2017-10:48:34:432 585840 586480 1
19-07-2017-10:48:34:473 586480 587120 1
19-07-2017-10:48:34:519 587120 587760 1
19-07-2017-10:48:34:549 587760 588400 1
19-07-2017-10:48:34:588 588400 589040 1
19-07-2017-10:48:34:630 589040 589680 1
19-07-2017-10:48:34:671 589680 590320 1
19-07-2017-10:48:34:717 590320 590960 1
19-07-2017-10:48:34:746 590960 591600 1
19-07-2017-10:48:34:785 591600 592240 1
19-07-2017-10:48:34:828 592240 592880 1
19-07-2017-10:48:34:868 592880 593520 1
19-07-2017-10:48:34:913 593520 594160 1
19-07-2017-10:48:34:955 594160 594800 1
19-07-2017-10:48:34:994 594800 595440 1
19-07-2017-10:48:35:026 595440 596080 1
19-07-2017-10:48:35:065 596080 596720 1
19-07-2017-10:48:35:111 596720 597360 1
19-07-2017-10:48:35:152 597360 598000 1
19-07-2017-10:48:35:192 598000 598640 1
19-07-2017-10:48:35:233 598640 599280 1
19-07-2017-10:48:35:279 599280 599920 1
19-07-2017-10:48:35:308 599920 600560 1
19-07-2017-10:48:35:348 600560 601200 1
19-07-2017-10:48:35:389 601200 601840 1
19-07-2017-10:48:35:430 601840 602480 1
19-07-2017-10:48:35:476 602480 603120 1
19-07-2017-10:48:35:515 603120 603760 1
19-07-2017-10:48:35:546 603760 604400 1
19-07-2017-10:48:35:585 604400 605040 1
19-07-2017-10:48:35:627 605040 605680 1
19-07-2017-10:48:35:673 605680 606320 1
19-07-2017-10:48:35:712 606320 606960 1
19-07-2017-10:48:35:753 606960 607600 1
19-07-2017-10:48:35:794 607600 608240 1
19-07-2017-10:48:35:840 608240 608880 1
19-07-2017-10:48:35:881 608880 609520 1
19-07-2017-10:48:35:909 609520 610160 1
19-07-2017-10:48:35:949 610160 610800 1
19-07-2017-10:48:35:991 610800 611440 1
19-07-2017-10:48:36:031 611440 612080 1
19-07-2017-10:48:36:078 612080 612720 1
19-07-2017-10:48:36:107 612720 613360 1
19-07-2017-10:48:36:148 613360 614000 1
19-07-2017-10:48:36:187 614000 614640 1
19-07-2017-10:48:36:229 614640 615280 1
19-07-2017-10:48:36:275 615280 615920 1
19-07-2017-10:48:36:316 615920 616560 1
19-07-2017-10:48:36:348 616560 617200 1
19-07-2017-10:48:36:387 617200 617840 1
19-07-2017-10:48:36:432 617840 618480 1
19-07-2017-10:48:36:473 618480 619120 1
19-07-2017-10:48:36:515 619120 619760 1
19-07-2017-10:48:36:560 619760 620400 1
19-07-2017-10:48:36:603 620400 621040 1
19-07-2017-10:48:36:631 621040 621680 1
19-07-2017-10:48:36:671 621680 622320 1
19-07-2017-10:48:36:711 622320 622960 1
19-07-2017-10:48:36:758 622960 623600 1
19-07-2017-10:48:36:883 623600 624240 1
19-07-2017-10:48:36:886 624240 624880 1
19-07-2017-10:48:36:886 624880 625520 1
19-07-2017-10:48:36:910 625520 626160 1
19-07-2017-10:48:36:955 626160 626800 1
19-07-2017-10:48:36:995 626800 627440 1
19-07-2017-10:48:37:025 627440 628080 1
19-07-2017-10:48:37:064 628080 628720 1
19-07-2017-10:48:37:105 628720 629360 1
19-07-2017-10:48:37:151 629360 630000 1
19-07-2017-10:48:37:193 630000 630640 1
19-07-2017-10:48:37:233 630640 631280 1
19-07-2017-10:48:37:275 631280 631920 1
19-07-2017-10:48:37:321 631920 632560 1
19-07-2017-10:48:37:360 632560 633200 1
19-07-2017-10:48:37:391 633200 633840 1
19-07-2017-10:48:37:431 633840 634480 1
19-07-2017-10:48:37:472 634480 635120 1
19-07-2017-10:48:37:512 635120 635760 1
19-07-2017-10:48:37:557 635760 636400 1
19-07-2017-10:48:37:586 636400 637040 1
19-07-2017-10:48:37:628 637040 637680 1
19-07-2017-10:48:37:669 637680 638320 1
19-07-2017-10:48:37:709 638320 638960 1
19-07-2017-10:48:37:755 638960 639600 1
19-07-2017-10:48:37:786 639600 640240 1
19-07-2017-10:48:37:826 640240 640880 1
19-07-2017-10:48:37:869 640880 641520 1
19-07-2017-10:48:37:909 641520 642160 1
19-07-2017-10:48:37:956 642160 642800 1
19-07-2017-10:48:37:996 642800 643440 1
19-07-2017-10:48:38:036 643440 644080 1
19-07-2017-10:48:38:067 644080 644720 1
19-07-2017-10:48:38:104 644720 645360 1
19-07-2017-10:48:38:152 645360 646000 1
19-07-2017-10:48:38:191 646000 646640 1
19-07-2017-10:48:38:233 646640 647280 1
19-07-2017-10:48:38:279 647280 647920 1
19-07-2017-10:48:38:318 647920 648560 1
19-07-2017-10:48:38:347 648560 649200 1
19-07-2017-10:48:38:389 649200 649840 1
19-07-2017-10:48:38:432 649840 650480 1
19-07-2017-10:48:38:470 650480 651120 1
19-07-2017-10:48:38:516 651120 651760 1
19-07-2017-10:48:38:556 651760 652400 1
19-07-2017-10:48:38:585 652400 653040 1
19-07-2017-10:48:38:625 653040 653680 1
19-07-2017-10:48:38:664 653680 654320 1
19-07-2017-10:48:38:711 654320 654960 1
19-07-2017-10:48:38:753 654960 655600 1
19-07-2017-10:48:38:794 655600 656240 1
19-07-2017-10:48:38:840 656240 656880 1
19-07-2017-10:48:38:881 656880 657520 1
19-07-2017-10:48:38:909 657520 658160 1
19-07-2017-10:48:38:951 658160 658800 1
19-07-2017-10:48:38:991 658800 659440 1
19-07-2017-10:48:39:037 659440 660080 1
19-07-2017-10:48:39:077 660080 660720 1
19-07-2017-10:48:39:106 660720 661360 1
19-07-2017-10:48:39:146 661360 662000 1
19-07-2017-10:48:39:188 662000 662640 1
19-07-2017-10:48:39:234 662640 663280 1
19-07-2017-10:48:39:276 663280 663920 1
19-07-2017-10:48:39:314 663920 664560 1
19-07-2017-10:48:39:356 664560 665200 1
19-07-2017-10:48:39:386 665200 665840 1
19-07-2017-10:48:39:428 665840 666480 1
19-07-2017-10:48:39:474 666480 667120 1
19-07-2017-10:48:39:515 667120 667760 1
19-07-2017-10:48:39:555 667760 668400 1
19-07-2017-10:48:39:585 668400 669040 1
19-07-2017-10:48:39:626 669040 669680 1
19-07-2017-10:48:39:665 669680 670320 1
19-07-2017-10:48:39:711 670320 670960 1
19-07-2017-10:48:39:753 670960 671600 1
19-07-2017-10:48:39:793 671600 672240 1
19-07-2017-10:48:39:841 672240 672880 1
19-07-2017-10:48:39:868 672880 673520 1
19-07-2017-10:48:39:909 673520 674160 1
19-07-2017-10:48:40:032 674160 674800 1
19-07-2017-10:48:40:034 674800 675440 1
19-07-2017-10:48:40:039 675440 676080 1
19-07-2017-10:48:40:067 676080 676720 1
19-07-2017-10:48:40:108 676720 677360 1
19-07-2017-10:48:40:147 677360 678000 1
19-07-2017-10:48:40:189 678000 678640 1
19-07-2017-10:48:40:239 678640 679280 1
19-07-2017-10:48:40:275 679280 679920 1
19-07-2017-10:48:40:305 679920 680560 1
19-07-2017-10:48:40:345 680560 681200 1
19-07-2017-10:48:40:384 681200 681840 1
19-07-2017-10:48:40:431 681840 682480 1
19-07-2017-10:48:40:472 682480 683120 1
19-07-2017-10:48:40:514 683120 683760 1
19-07-2017-10:48:40:559 683760 684400 1
19-07-2017-10:48:40:601 684400 685040 1
19-07-2017-10:48:40:631 685040 685680 1
19-07-2017-10:48:40:669 685680 686320 1
19-07-2017-10:48:40:710 686320 686960 1
19-07-2017-10:48:40:756 686960 687600 1
19-07-2017-10:48:40:796 687600 688240 1
19-07-2017-10:48:40:826 688240 688880 1
19-07-2017-10:48:40:865 688880 689520 1
19-07-2017-10:48:40:911 689520 690160 1
19-07-2017-10:48:40:952 690160 690800 1
19-07-2017-10:48:40:993 690800 691440 1
19-07-2017-10:48:41:039 691440 692080 1
19-07-2017-10:48:41:079 692080 692720 1
19-07-2017-10:48:41:108 692720 693360 1
19-07-2017-10:48:41:149 693360 694000 1
19-07-2017-10:48:41:190 694000 694640 1
19-07-2017-10:48:41:229 694640 695280 1
19-07-2017-10:48:41:276 695280 695920 1
19-07-2017-10:48:41:319 695920 696560 1
19-07-2017-10:48:41:346 696560 697200 1
19-07-2017-10:48:41:387 697200 697840 1
19-07-2017-10:48:41:427 697840 698480 1
19-07-2017-10:48:41:474 698480 699120 1
19-07-2017-10:48:41:515 699120 699760 1
19-07-2017-10:48:41:555 699760 700400 1
19-07-2017-10:48:41:586 700400 701040 1
19-07-2017-10:48:41:625 701040 701680 1
19-07-2017-10:48:41:665 701680 702320 1
19-07-2017-10:48:41:711 702320 702960 1
19-07-2017-10:48:41:752 702960 703600 1
19-07-2017-10:48:41:793 703600 704240 1
19-07-2017-10:48:41:839 704240 704880 1
19-07-2017-10:48:41:879 704880 705520 1
19-07-2017-10:48:41:909 705520 706160 1
19-07-2017-10:48:41:950 706160 706800 1
19-07-2017-10:48:41:991 706800 707440 1
19-07-2017-10:48:42:030 707440 708080 1
19-07-2017-10:48:42:078 708080 708720 1
19-07-2017-10:48:42:107 708720 709360 1
19-07-2017-10:48:42:148 709360 710000 1
19-07-2017-10:48:42:188 710000 710640 1
19-07-2017-10:48:42:228 710640 711280 1
19-07-2017-10:48:42:278 711280 711920 1
19-07-2017-10:48:42:315 711920 712560 1
19-07-2017-10:48:42:358 712560 713200 1
19-07-2017-10:48:42:388 713200 713840 1
19-07-2017-10:48:42:429 713840 714480 1
19-07-2017-10:48:42:469 714480 715120 1
19-07-2017-10:48:42:509 715120 715760 1
19-07-2017-10:48:42:556 715760 716400 1
19-07-2017-10:48:42:597 716400 717040 1
19-07-2017-10:48:42:625 717040 717680 1
19-07-2017-10:48:42:667 717680 718320 1
19-07-2017-10:48:42:707 718320 718960 1
19-07-2017-10:48:42:755 718960 719600 1
19-07-2017-10:48:42:794 719600 720240 1
19-07-2017-10:48:42:835 720240 720880 1
19-07-2017-10:48:42:875 720880 721520 1
19-07-2017-10:48:42:905 721520 722160 1
19-07-2017-10:48:42:950 722160 722800 1
19-07-2017-10:48:42:991 722800 723440 1
19-07-2017-10:48:43:030 723440 724080 1
19-07-2017-10:48:43:072 724080 724720 1
19-07-2017-10:48:43:113 724720 725360 1
19-07-2017-10:48:43:158 725360 726000 1
19-07-2017-10:48:43:187 726000 726640 1
19-07-2017-10:48:43:228 726640 727280 1
19-07-2017-10:48:43:269 727280 727920 1
19-07-2017-10:48:43:310 727920 728560 1
19-07-2017-10:48:43:356 728560 729200 1
19-07-2017-10:48:43:396 729200 729840 1
19-07-2017-10:48:43:427 729840 730480 1
19-07-2017-10:48:43:466 730480 731120 1
19-07-2017-10:48:43:594 731120 731760 1
19-07-2017-10:48:43:595 731760 732400 1
19-07-2017-10:48:43:596 732400 733040 1
19-07-2017-10:48:43:635 733040 733680 1
19-07-2017-10:48:43:675 733680 734320 1
19-07-2017-10:48:43:704 734320 734960 1
19-07-2017-10:48:43:746 734960 735600 1
19-07-2017-10:48:43:786 735600 736240 1
19-07-2017-10:48:43:833 736240 736880 1
19-07-2017-10:48:43:877 736880 737520 1
19-07-2017-10:48:43:917 737520 738160 1
19-07-2017-10:48:43:947 738160 738800 1
19-07-2017-10:48:43:987 738800 739440 1
19-07-2017-10:48:44:027 739440 740080 1
19-07-2017-10:48:44:073 740080 740720 1
19-07-2017-10:48:44:115 740720 741360 1
19-07-2017-10:48:44:155 741360 742000 1
19-07-2017-10:48:44:194 742000 742640 1
19-07-2017-10:48:44:229 742640 743280 1
19-07-2017-10:48:44:266 743280 743920 1
19-07-2017-10:48:44:311 743920 744560 1
19-07-2017-10:48:44:353 744560 745200 1
19-07-2017-10:48:44:391 745200 745840 1
19-07-2017-10:48:44:439 745840 746480 1
19-07-2017-10:48:44:481 746480 747120 1
19-07-2017-10:48:44:509 747120 747760 1
19-07-2017-10:48:44:549 747760 748400 1
19-07-2017-10:48:44:590 748400 749040 1
19-07-2017-10:48:44:631 749040 749680 1
19-07-2017-10:48:44:678 749680 750320 1
19-07-2017-10:48:44:708 750320 750960 1
19-07-2017-10:48:44:747 750960 751600 1
19-07-2017-10:48:44:789 751600 752240 1
19-07-2017-10:48:44:828 752240 752880 1
19-07-2017-10:48:44:876 752880 753520 1
19-07-2017-10:48:44:917 753520 754160 1
19-07-2017-10:48:44:945 754160 754800 1
19-07-2017-10:48:44:986 754800 755440 1
19-07-2017-10:48:45:026 755440 756080 1
19-07-2017-10:48:45:066 756080 756720 1
19-07-2017-10:48:45:113 756720 757360 1
19-07-2017-10:48:45:155 757360 758000 1
19-07-2017-10:48:45:194 758000 758640 1
19-07-2017-10:48:45:234 758640 759280 1
19-07-2017-10:48:45:263 759280 759920 1
19-07-2017-10:48:45:306 759920 760560 1
19-07-2017-10:48:45:352 760560 761200 1
19-07-2017-10:48:45:392 761200 761840 1
19-07-2017-10:48:45:434 761840 762480 1
19-07-2017-10:48:45:475 762480 763120 1
19-07-2017-10:48:45:513 763120 763760 1
19-07-2017-10:48:45:561 763760 764400 1
19-07-2017-10:48:45:584 764400 765040 1
19-07-2017-10:48:45:630 765040 765680 1
19-07-2017-10:48:45:670 765680 766320 1
19-07-2017-10:48:45:711 766320 766960 1
19-07-2017-10:48:45:752 766960 767600 1
19-07-2017-10:48:45:798 767600 768240 1
19-07-2017-10:48:45:828 768240 768880 1
19-07-2017-10:48:45:868 768880 769520 1
19-07-2017-10:48:45:909 769520 770160 1
19-07-2017-10:48:45:949 770160 770800 1
19-07-2017-10:48:45:994 770800 771440 1
19-07-2017-10:48:46:036 771440 772080 1
19-07-2017-10:48:46:065 772080 772720 1
19-07-2017-10:48:46:106 772720 773360 1
19-07-2017-10:48:46:147 773360 774000 1
19-07-2017-10:48:46:185 774000 774640 1
19-07-2017-10:48:46:234 774640 775280 1
19-07-2017-10:48:46:273 775280 775920 1
19-07-2017-10:48:46:315 775920 776560 1
19-07-2017-10:48:46:355 776560 777200 1
19-07-2017-10:48:46:400 777200 777840 1
19-07-2017-10:48:46:424 777840 778480 1
19-07-2017-10:48:46:471 778480 779120 1
19-07-2017-10:48:46:512 779120 779760 1
19-07-2017-10:48:46:552 779760 780400 1
19-07-2017-10:48:46:593 780400 781040 1
19-07-2017-10:48:46:640 781040 781680 1
19-07-2017-10:48:47:016 781680 782320 1
19-07-2017-10:48:47:017 782320 782960 1
19-07-2017-10:48:47:017 782960 783600 1
19-07-2017-10:48:47:018 783600 784240 1
19-07-2017-10:48:47:018 784240 784880 1
19-07-2017-10:48:47:018 784880 785520 1
19-07-2017-10:48:47:018 785520 786160 1
19-07-2017-10:48:47:018 786160 786800 1
19-07-2017-10:48:47:018 786800 787440 1
19-07-2017-10:48:47:033 787440 788080 1
19-07-2017-10:48:47:075 788080 788720 1
19-07-2017-10:48:47:116 788720 789360 1
19-07-2017-10:48:47:144 789360 790000 1
19-07-2017-10:48:47:186 790000 790640 1
19-07-2017-10:48:47:231 790640 791280 1
19-07-2017-10:48:47:271 791280 791920 1
19-07-2017-10:48:47:315 791920 792560 1
19-07-2017-10:48:47:353 792560 793200 1
19-07-2017-10:48:47:400 793200 793840 1
19-07-2017-10:48:47:430 793840 794480 1
19-07-2017-10:48:47:470 794480 795120 1
19-07-2017-10:48:47:511 795120 795760 1
19-07-2017-10:48:47:553 795760 796400 1
19-07-2017-10:48:47:598 796400 797040 1
19-07-2017-10:48:47:639 797040 797680 1
19-07-2017-10:48:47:668 797680 798320 1
19-07-2017-10:48:47:708 798320 798960 1
19-07-2017-10:48:47:749 798960 799600 1
19-07-2017-10:48:47:795 799600 800240 1
19-07-2017-10:48:47:837 800240 800880 1
19-07-2017-10:48:47:874 800880 801520 1
19-07-2017-10:48:47:905 801520 802160 1
19-07-2017-10:48:47:946 802160 802800 1
19-07-2017-10:48:47:991 802800 803440 1
19-07-2017-10:48:48:032 803440 804080 1
19-07-2017-10:48:48:073 804080 804720 1
19-07-2017-10:48:48:113 804720 805360 1
19-07-2017-10:48:48:160 805360 806000 1
19-07-2017-10:48:48:200 806000 806640 1
19-07-2017-10:48:48:228 806640 807280 1
19-07-2017-10:48:48:268 807280 807920 1
19-07-2017-10:48:48:309 807920 808560 1
19-07-2017-10:48:48:350 808560 809200 1
19-07-2017-10:48:48:398 809200 809840 1
19-07-2017-10:48:48:438 809840 810480 1
19-07-2017-10:48:48:467 810480 811120 1
19-07-2017-10:48:48:507 811120 811760 1
19-07-2017-10:48:48:548 811760 812400 1
19-07-2017-10:48:48:588 812400 813040 1
19-07-2017-10:48:48:634 813040 813680 1
19-07-2017-10:48:48:676 813680 814320 1
19-07-2017-10:48:48:703 814320 814960 1
19-07-2017-10:48:48:746 814960 815600 1
19-07-2017-10:48:48:786 815600 816240 1
19-07-2017-10:48:48:831 816240 816880 1
19-07-2017-10:48:48:872 816880 817520 1
19-07-2017-10:48:48:912 817520 818160 1
19-07-2017-10:48:48:953 818160 818800 1
19-07-2017-10:48:49:000 818800 819440 1
19-07-2017-10:48:49:029 819440 820080 1
19-07-2017-10:48:49:071 820080 820720 1
19-07-2017-10:48:49:111 820720 821360 1
19-07-2017-10:48:49:151 821360 822000 1
19-07-2017-10:48:49:199 822000 822640 1
19-07-2017-10:48:49:231 822640 823280 1
19-07-2017-10:48:49:266 823280 823920 1
19-07-2017-10:48:49:308 823920 824560 1
19-07-2017-10:48:49:348 824560 825200 1
19-07-2017-10:48:49:395 825200 825840 1
19-07-2017-10:48:49:425 825840 826480 1
19-07-2017-10:48:49:468 826480 827120 1
19-07-2017-10:48:49:505 827120 827760 1
19-07-2017-10:48:49:545 827760 828400 1
19-07-2017-10:48:49:592 828400 829040 1
19-07-2017-10:48:49:633 829040 829680 1
19-07-2017-10:48:49:674 829680 830320 1
19-07-2017-10:48:49:720 830320 830960 1
19-07-2017-10:48:49:748 830960 831600 1
19-07-2017-10:48:49:790 831600 832240 1
19-07-2017-10:48:50:049 832240 832880 1
19-07-2017-10:48:50:051 832880 833520 1
19-07-2017-10:48:50:051 833520 834160 1
19-07-2017-10:48:50:051 834160 834800 1
19-07-2017-10:48:50:052 834800 835440 1
19-07-2017-10:48:50:052 835440 836080 1
19-07-2017-10:48:50:071 836080 836720 1
19-07-2017-10:48:50:112 836720 837360 1
19-07-2017-10:48:50:151 837360 838000 1
19-07-2017-10:48:50:190 838000 838640 1
19-07-2017-10:48:50:237 838640 839280 1
19-07-2017-10:48:50:278 839280 839920 1
19-07-2017-10:48:50:307 839920 840560 1
19-07-2017-10:48:50:349 840560 841200 1
19-07-2017-10:48:50:388 841200 841840 1
19-07-2017-10:48:50:436 841840 842480 1
19-07-2017-10:48:50:476 842480 843120 1
19-07-2017-10:48:50:505 843120 843760 1
19-07-2017-10:48:50:544 843760 844400 1
19-07-2017-10:48:50:584 844400 845040 1
19-07-2017-10:48:50:627 845040 845680 1
19-07-2017-10:48:50:671 845680 846320 1
19-07-2017-10:48:50:711 846320 846960 1
19-07-2017-10:48:50:754 846960 847600 1
19-07-2017-10:48:50:799 847600 848240 1
19-07-2017-10:48:50:839 848240 848880 1
19-07-2017-10:48:50:868 848880 849520 1
19-07-2017-10:48:50:910 849520 850160 1
19-07-2017-10:48:50:950 850160 850800 1
19-07-2017-10:48:50:991 850800 851440 1
19-07-2017-10:48:51:037 851440 852080 1
19-07-2017-10:48:51:078 852080 852720 1
19-07-2017-10:48:51:107 852720 853360 1
19-07-2017-10:48:51:145 853360 854000 1
19-07-2017-10:48:51:187 854000 854640 1
19-07-2017-10:48:51:228 854640 855280 1
19-07-2017-10:48:51:274 855280 855920 1
19-07-2017-10:48:51:315 855920 856560 1
19-07-2017-10:48:51:343 856560 857200 1
19-07-2017-10:48:51:385 857200 857840 1
19-07-2017-10:48:51:427 857840 858480 1
19-07-2017-10:48:51:467 858480 859120 1
19-07-2017-10:48:51:513 859120 859760 1
19-07-2017-10:48:51:554 859760 860400 1
19-07-2017-10:48:51:594 860400 861040 1
19-07-2017-10:48:51:634 861040 861680 1
19-07-2017-10:48:51:681 861680 862320 1
19-07-2017-10:48:51:709 862320 862960 1
19-07-2017-10:48:51:751 862960 863600 1
19-07-2017-10:48:51:790 863600 864240 1
19-07-2017-10:48:51:833 864240 864880 1
19-07-2017-10:48:51:878 864880 865520 1
19-07-2017-10:48:51:920 865520 866160 1
19-07-2017-10:48:51:948 866160 866800 1
19-07-2017-10:48:51:989 866800 867440 1
19-07-2017-10:48:52:029 867440 868080 1
19-07-2017-10:48:52:074 868080 868720 1
19-07-2017-10:48:52:115 868720 869360 1
19-07-2017-10:48:52:154 869360 870000 1
19-07-2017-10:48:52:183 870000 870640 1
19-07-2017-10:48:52:225 870640 871280 1
19-07-2017-10:48:52:272 871280 871920 1
19-07-2017-10:48:52:312 871920 872560 1
19-07-2017-10:48:52:353 872560 873200 1
19-07-2017-10:48:52:392 873200 873840 1
19-07-2017-10:48:52:439 873840 874480 1
19-07-2017-10:48:52:469 874480 875120 1
19-07-2017-10:48:52:510 875120 875760 1
19-07-2017-10:48:52:551 875760 876400 1
19-07-2017-10:48:52:596 876400 877040 1
19-07-2017-10:48:52:637 877040 877680 1
19-07-2017-10:48:52:666 877680 878320 1
19-07-2017-10:48:52:705 878320 878960 1
19-07-2017-10:48:52:747 878960 879600 1
19-07-2017-10:48:52:793 879600 880240 1
19-07-2017-10:48:52:836 880240 880880 1
19-07-2017-10:48:52:875 880880 881520 1
19-07-2017-10:48:52:939 881520 882160 1
19-07-2017-10:48:52:957 882160 882800 1
19-07-2017-10:48:52:997 882800 883440 1
19-07-2017-10:48:53:196 883440 884080 1
19-07-2017-10:48:53:206 884080 884720 1
19-07-2017-10:48:53:206 884720 885360 1
19-07-2017-10:48:53:206 885360 886000 1
19-07-2017-10:48:53:206 886000 886640 1
19-07-2017-10:48:53:237 886640 887280 1
19-07-2017-10:48:53:274 887280 887920 1
19-07-2017-10:48:53:314 887920 888560 1
19-07-2017-10:48:53:344 888560 889200 1
19-07-2017-10:48:53:384 889200 889840 1
19-07-2017-10:48:53:431 889840 890480 1
19-07-2017-10:48:53:472 890480 891120 1
19-07-2017-10:48:53:511 891120 891760 1
19-07-2017-10:48:53:558 891760 892400 1
19-07-2017-10:48:53:598 892400 893040 1
19-07-2017-10:48:53:627 893040 893680 1
19-07-2017-10:48:53:669 893680 894320 1
19-07-2017-10:48:53:708 894320 894960 1
19-07-2017-10:48:53:748 894960 895600 1
19-07-2017-10:48:53:795 895600 896240 1
19-07-2017-10:48:53:837 896240 896880 1
19-07-2017-10:48:53:865 896880 897520 1
19-07-2017-10:48:53:905 897520 898160 1
19-07-2017-10:48:53:946 898160 898800 1
19-07-2017-10:48:53:994 898800 899440 1
19-07-2017-10:48:54:034 899440 900080 1
19-07-2017-10:48:54:076 900080 900720 1
19-07-2017-10:48:54:115 900720 901360 1
19-07-2017-10:48:54:145 901360 902000 1
19-07-2017-10:48:54:185 902000 902640 1
19-07-2017-10:48:54:232 902640 903280 1
19-07-2017-10:48:54:272 903280 903920 1
19-07-2017-10:48:54:313 903920 904560 1
19-07-2017-10:48:54:357 904560 905200 1
19-07-2017-10:48:54:386 905200 905840 1
19-07-2017-10:48:54:432 905840 906480 1
19-07-2017-10:48:54:472 906480 907120 1
19-07-2017-10:48:54:513 907120 907760 1
19-07-2017-10:48:54:553 907760 908400 1
19-07-2017-10:48:54:601 908400 909040 1
19-07-2017-10:48:54:624 909040 909680 1
19-07-2017-10:48:54:671 909680 910320 1
19-07-2017-10:48:54:710 910320 910960 1
19-07-2017-10:48:54:751 910960 911600 1
19-07-2017-10:48:54:797 911600 912240 1
19-07-2017-10:48:54:839 912240 912880 1
19-07-2017-10:48:54:868 912880 913520 1
19-07-2017-10:48:54:908 913520 914160 1
19-07-2017-10:48:54:948 914160 914800 1
19-07-2017-10:48:54:989 914800 915440 1
19-07-2017-10:48:55:035 915440 916080 1
19-07-2017-10:48:55:077 916080 916720 1
19-07-2017-10:48:55:104 916720 917360 1
19-07-2017-10:48:55:148 917360 918000 1
19-07-2017-10:48:55:186 918000 918640 1
19-07-2017-10:48:55:231 918640 919280 1
19-07-2017-10:48:55:271 919280 919920 1
19-07-2017-10:48:55:314 919920 920560 1
19-07-2017-10:48:55:353 920560 921200 1
19-07-2017-10:48:55:399 921200 921840 1
19-07-2017-10:48:55:441 921840 922480 1
19-07-2017-10:48:55:468 922480 923120 1
19-07-2017-10:48:55:509 923120 923760 1
19-07-2017-10:48:55:550 923760 924400 1
19-07-2017-10:48:55:597 924400 925040 1
19-07-2017-10:48:55:636 925040 925680 1
19-07-2017-10:48:55:666 925680 926320 1
19-07-2017-10:48:55:707 926320 926960 1
19-07-2017-10:48:55:747 926960 927600 1
19-07-2017-10:48:55:789 927600 928240 1
19-07-2017-10:48:55:834 928240 928880 1
19-07-2017-10:48:55:880 928880 929520 1
19-07-2017-10:48:55:904 929520 930160 1
19-07-2017-10:48:55:950 930160 930800 1
19-07-2017-10:48:55:989 930800 931440 1
19-07-2017-10:48:56:030 931440 932080 1
19-07-2017-10:48:56:072 932080 932720 1
19-07-2017-10:48:56:116 932720 933360 1
19-07-2017-10:48:56:146 933360 934000 1
19-07-2017-10:48:56:188 934000 934640 1
19-07-2017-10:48:56:226 934640 935280 1
19-07-2017-10:48:56:268 935280 935920 1
19-07-2017-10:48:56:314 935920 936560 1
19-07-2017-10:48:56:355 936560 937200 1
19-07-2017-10:48:56:384 937200 937840 1
19-07-2017-10:48:56:424 937840 938480 1
19-07-2017-10:48:56:466 938480 939120 1
19-07-2017-10:48:56:581 939120 939760 1
19-07-2017-10:48:56:582 939760 940400 1
19-07-2017-10:48:56:594 940400 941040 1
19-07-2017-10:48:56:634 941040 941680 1
19-07-2017-10:48:56:681 941680 942320 1
19-07-2017-10:48:56:711 942320 942960 1
19-07-2017-10:48:56:749 942960 943600 1
19-07-2017-10:48:56:790 943600 944240 1
19-07-2017-10:48:56:831 944240 944880 1
19-07-2017-10:48:56:877 944880 945520 1
19-07-2017-10:48:56:916 945520 946160 1
19-07-2017-10:48:56:947 946160 946800 1
19-07-2017-10:48:56:987 946800 947440 1
19-07-2017-10:48:57:027 947440 948080 1
19-07-2017-10:48:57:067 948080 948720 1
19-07-2017-10:48:57:108 948720 949360 1
19-07-2017-10:48:57:156 949360 950000 1
19-07-2017-10:48:57:195 950000 950640 1
19-07-2017-10:48:57:236 950640 951280 1
19-07-2017-10:48:57:264 951280 951920 1
19-07-2017-10:48:57:305 951920 952560 1
19-07-2017-10:48:57:346 952560 953200 1
19-07-2017-10:48:57:387 953200 953840 1
19-07-2017-10:48:57:432 953840 954480 1
19-07-2017-10:48:57:473 954480 955120 1
19-07-2017-10:48:57:514 955120 955760 1
19-07-2017-10:48:57:554 955760 956400 1
19-07-2017-10:48:57:585 956400 957040 1
19-07-2017-10:48:57:629 957040 957680 1
19-07-2017-10:48:57:672 957680 958320 1
19-07-2017-10:48:57:712 958320 958960 1
19-07-2017-10:48:57:752 958960 959600 1
19-07-2017-10:48:57:798 959600 960240 1
19-07-2017-10:48:57:839 960240 960880 1
19-07-2017-10:48:57:867 960880 961520 1
19-07-2017-10:48:57:909 961520 962160 1
19-07-2017-10:48:57:949 962160 962800 1
19-07-2017-10:48:57:991 962800 963440 1
19-07-2017-10:48:58:037 963440 964080 1
19-07-2017-10:48:58:065 964080 964720 1
19-07-2017-10:48:58:107 964720 965360 1
19-07-2017-10:48:58:152 965360 966000 1
19-07-2017-10:48:58:188 966000 966640 1
19-07-2017-10:48:58:234 966640 967280 1
19-07-2017-10:48:58:274 967280 967920 1
19-07-2017-10:48:58:303 967920 968560 1
19-07-2017-10:48:58:346 968560 969200 1
19-07-2017-10:48:58:386 969200 969840 1
19-07-2017-10:48:58:432 969840 970480 1
19-07-2017-10:48:58:473 970480 971120 1
19-07-2017-10:48:58:512 971120 971760 1
19-07-2017-10:48:58:554 971760 972400 1
19-07-2017-10:48:58:600 972400 973040 1
19-07-2017-10:48:58:628 973040 973680 1
19-07-2017-10:48:58:669 973680 974320 1
19-07-2017-10:48:58:710 974320 974960 1
19-07-2017-10:48:58:751 974960 975600 1
19-07-2017-10:48:58:797 975600 976240 1
19-07-2017-10:48:58:824 976240 976880 1
19-07-2017-10:48:58:864 976880 977520 1
19-07-2017-10:48:58:904 977520 978160 1
19-07-2017-10:48:58:950 978160 978800 1
19-07-2017-10:48:58:990 978800 979440 1
19-07-2017-10:48:59:032 979440 980080 1
19-07-2017-10:48:59:072 980080 980720 1
19-07-2017-10:48:59:119 980720 981360 1
19-07-2017-10:48:59:147 981360 982000 1
19-07-2017-10:48:59:189 982000 982640 1
19-07-2017-10:48:59:228 982640 983280 1
19-07-2017-10:48:59:270 983280 983920 1
19-07-2017-10:48:59:316 983920 984560 1
19-07-2017-10:48:59:356 984560 985200 1
19-07-2017-10:48:59:385 985200 985840 1
19-07-2017-10:48:59:426 985840 986480 1
19-07-2017-10:48:59:553 986480 987120 1
19-07-2017-10:48:59:555 987120 987760 1
19-07-2017-10:48:59:555 987760 988400 1
19-07-2017-10:48:59:594 988400 989040 1
19-07-2017-10:48:59:634 989040 989680 1
19-07-2017-10:48:59:675 989680 990320 1
19-07-2017-10:48:59:704 990320 990960 1
19-07-2017-10:48:59:749 990960 991600 1
19-07-2017-10:48:59:790 991600 992240 1
19-07-2017-10:48:59:830 992240 992880 1
19-07-2017-10:48:59:870 992880 993520 1
19-07-2017-10:48:59:912 993520 994160 1
19-07-2017-10:48:59:958 994160 994800 1
19-07-2017-10:48:59:986 994800 995440 1
19-07-2017-10:49:00:026 995440 996080 1
19-07-2017-10:49:00:066 996080 996720 1
19-07-2017-10:49:00:106 996720 997360 1
19-07-2017-10:49:00:152 997360 998000 1
19-07-2017-10:49:00:192 998000 998640 1
19-07-2017-10:49:00:234 998640 999280 1
19-07-2017-10:49:00:275 999280 999920 1
19-07-2017-10:49:00:305 999920 1000560 1
19-07-2017-10:49:00:345 1000560 1001200 1
19-07-2017-10:49:00:386 1001200 1001840 1
19-07-2017-10:49:00:432 1001840 1002480 1
19-07-2017-10:49:00:473 1002480 1003120 1
19-07-2017-10:49:00:512 1003120 1003760 1
19-07-2017-10:49:00:553 1003760 1004400 1
19-07-2017-10:49:00:599 1004400 1005040 1
19-07-2017-10:49:00:629 1005040 1005680 1
19-07-2017-10:49:00:671 1005680 1006320 1
19-07-2017-10:49:00:713 1006320 1006960 1
19-07-2017-10:49:00:751 1006960 1007600 1
19-07-2017-10:49:00:799 1007600 1008240 1
19-07-2017-10:49:00:827 1008240 1008880 1
19-07-2017-10:49:00:868 1008880 1009520 1
19-07-2017-10:49:00:910 1009520 1010160 1
19-07-2017-10:49:00:951 1010160 1010800 1
19-07-2017-10:49:00:996 1010800 1011440 1
19-07-2017-10:49:01:038 1011440 1012080 1
19-07-2017-10:49:01:067 1012080 1012720 1
19-07-2017-10:49:01:108 1012720 1013360 1
19-07-2017-10:49:01:148 1013360 1014000 1
19-07-2017-10:49:01:194 1014000 1014640 1
19-07-2017-10:49:01:234 1014640 1015280 1
19-07-2017-10:49:01:265 1015280 1015920 1
19-07-2017-10:49:01:304 1015920 1016560 1
19-07-2017-10:49:01:344 1016560 1017200 1
19-07-2017-10:49:01:391 1017200 1017840 1
19-07-2017-10:49:01:432 1017840 1018480 1
19-07-2017-10:49:01:472 1018480 1019120 1
19-07-2017-10:49:01:513 1019120 1019760 1
19-07-2017-10:49:01:560 1019760 1020400 1
19-07-2017-10:49:01:588 1020400 1021040 1
19-07-2017-10:49:01:628 1021040 1021680 1
19-07-2017-10:49:01:668 1021680 1022320 1
19-07-2017-10:49:01:709 1022320 1022960 1
19-07-2017-10:49:01:755 1022960 1023600 1
19-07-2017-10:49:01:786 1023600 1024240 1
19-07-2017-10:49:01:826 1024240 1024880 1
19-07-2017-10:49:01:870 1024880 1025520 1
19-07-2017-10:49:01:912 1025520 1026160 1
19-07-2017-10:49:01:952 1026160 1026800 1
19-07-2017-10:49:01:991 1026800 1027440 1
19-07-2017-10:49:02:040 1027440 1028080 1
19-07-2017-10:49:02:068 1028080 1028720 1
19-07-2017-10:49:02:109 1028720 1029360 1
19-07-2017-10:49:02:149 1029360 1030000 1
19-07-2017-10:49:02:189 1030000 1030640 1
19-07-2017-10:49:02:236 1030640 1031280 1
19-07-2017-10:49:02:276 1031280 1031920 1
19-07-2017-10:49:02:306 1031920 1032560 1
19-07-2017-10:49:02:345 1032560 1033200 1
19-07-2017-10:49:02:386 1033200 1033840 1
19-07-2017-10:49:02:433 1033840 1034480 1
19-07-2017-10:49:02:475 1034480 1035120 1
19-07-2017-10:49:02:513 1035120 1035760 1
19-07-2017-10:49:02:554 1035760 1036400 1
19-07-2017-10:49:02:583 1036400 1037040 1
19-07-2017-10:49:02:837 1037040 1037680 1
19-07-2017-10:49:02:840 1037680 1038320 1
19-07-2017-10:49:02:840 1038320 1038960 1
19-07-2017-10:49:02:840 1038960 1039600 1
19-07-2017-10:49:02:840 1039600 1040240 1
19-07-2017-10:49:02:840 1040240 1040880 1
19-07-2017-10:49:02:871 1040880 1041520 1
19-07-2017-10:49:02:910 1041520 1042160 1
19-07-2017-10:49:02:949 1042160 1042800 1
19-07-2017-10:49:02:989 1042800 1043440 1
19-07-2017-10:49:03:027 1043440 1044080 1
19-07-2017-10:49:03:072 1044080 1044720 1
19-07-2017-10:49:03:113 1044720 1045360 1
19-07-2017-10:49:03:155 1045360 1046000 1
19-07-2017-10:49:03:199 1046000 1046640 1
19-07-2017-10:49:03:241 1046640 1047280 1
19-07-2017-10:49:03:268 1047280 1047920 1
19-07-2017-10:49:03:310 1047920 1048560 1
19-07-2017-10:49:03:351 1048560 1049200 1
19-07-2017-10:49:03:394 1049200 1049840 1
19-07-2017-10:49:03:435 1049840 1050480 1
19-07-2017-10:49:03:463 1050480 1051120 1
19-07-2017-10:49:03:503 1051120 1051760 1
19-07-2017-10:49:03:549 1051760 1052400 1
19-07-2017-10:49:03:591 1052400 1053040 1
19-07-2017-10:49:03:632 1053040 1053680 1
19-07-2017-10:49:03:672 1053680 1054320 1
19-07-2017-10:49:03:718 1054320 1054960 1
19-07-2017-10:49:03:758 1054960 1055600 1
19-07-2017-10:49:03:787 1055600 1056240 1
19-07-2017-10:49:03:827 1056240 1056880 1
19-07-2017-10:49:03:868 1056880 1057520 1
19-07-2017-10:49:03:916 1057520 1058160 1
19-07-2017-10:49:03:955 1058160 1058800 1
19-07-2017-10:49:03:984 1058800 1059440 1
19-07-2017-10:49:04:026 1059440 1060080 1
19-07-2017-10:49:04:065 1060080 1060720 1
19-07-2017-10:49:04:106 1060720 1061360 1
19-07-2017-10:49:04:154 1061360 1062000 1
19-07-2017-10:49:04:193 1062000 1062640 1
19-07-2017-10:49:04:235 1062640 1063280 1
19-07-2017-10:49:04:264 1063280 1063920 1
19-07-2017-10:49:04:306 1063920 1064560 1
19-07-2017-10:49:04:352 1064560 1065200 1
19-07-2017-10:49:04:392 1065200 1065840 1
19-07-2017-10:49:04:478 1065840 1066480 1
19-07-2017-10:49:04:480 1066480 1067120 1
19-07-2017-10:49:04:519 1067120 1067760 1
19-07-2017-10:49:04:560 1067760 1068400 1
19-07-2017-10:49:04:587 1068400 1069040 1
19-07-2017-10:49:04:629 1069040 1069680 1
19-07-2017-10:49:04:670 1069680 1070320 1
19-07-2017-10:49:04:716 1070320 1070960 1
19-07-2017-10:49:04:757 1070960 1071600 1
19-07-2017-10:49:04:786 1071600 1072240 1
19-07-2017-10:49:04:823 1072240 1072880 1
19-07-2017-10:49:04:865 1072880 1073520 1
19-07-2017-10:49:04:906 1073520 1074160 1
19-07-2017-10:49:04:947 1074160 1074800 1
19-07-2017-10:49:04:993 1074800 1075440 1
19-07-2017-10:49:05:035 1075440 1076080 1
19-07-2017-10:49:05:073 1076080 1076720 1
19-07-2017-10:49:05:113 1076720 1077360 1
19-07-2017-10:49:05:160 1077360 1078000 1
19-07-2017-10:49:05:188 1078000 1078640 1
19-07-2017-10:49:05:235 1078640 1079280 1
19-07-2017-10:49:05:270 1079280 1079920 1
19-07-2017-10:49:05:310 1079920 1080560 1
19-07-2017-10:49:05:356 1080560 1081200 1
19-07-2017-10:49:05:385 1081200 1081840 1
19-07-2017-10:49:05:426 1081840 1082480 1
19-07-2017-10:49:05:466 1082480 1083120 1
19-07-2017-10:49:05:508 1083120 1083760 1
19-07-2017-10:49:05:554 1083760 1084400 1
19-07-2017-10:49:05:595 1084400 1085040 1
19-07-2017-10:49:05:623 1085040 1085680 1
19-07-2017-10:49:05:665 1085680 1086320 1
19-07-2017-10:49:05:705 1086320 1086960 1
19-07-2017-10:49:05:750 1086960 1087600 1
19-07-2017-10:49:05:792 1087600 1088240 1
19-07-2017-10:49:05:833 1088240 1088880 1
19-07-2017-10:49:05:879 1088880 1089520 1
19-07-2017-10:49:05:919 1089520 1090160 1
19-07-2017-10:49:05:947 1090160 1090800 1
19-07-2017-10:49:05:989 1090800 1091440 1
19-07-2017-10:49:06:030 1091440 1092080 1
19-07-2017-10:49:06:070 1092080 1092720 1
19-07-2017-10:49:06:118 1092720 1093360 1
19-07-2017-10:49:06:145 1093360 1094000 1
19-07-2017-10:49:06:187 1094000 1094640 1
19-07-2017-10:49:06:229 1094640 1095280 1
19-07-2017-10:49:06:267 1095280 1095920 1
19-07-2017-10:49:06:314 1095920 1096560 1
19-07-2017-10:49:06:356 1096560 1097200 1
19-07-2017-10:49:06:396 1097200 1097840 1
19-07-2017-10:49:06:426 1097840 1098480 1
19-07-2017-10:49:06:466 1098480 1099120 1
19-07-2017-10:49:06:506 1099120 1099760 1
19-07-2017-10:49:06:552 1099760 1100400 1
19-07-2017-10:49:06:593 1100400 1101040 1
19-07-2017-10:49:06:634 1101040 1101680 1
19-07-2017-10:49:06:673 1101680 1102320 1
19-07-2017-10:49:06:719 1102320 1102960 1
19-07-2017-10:49:06:744 1102960 1103600 1
19-07-2017-10:49:06:789 1103600 1104240 1
19-07-2017-10:49:06:829 1104240 1104880 1
19-07-2017-10:49:06:871 1104880 1105520 1
19-07-2017-10:49:06:911 1105520 1106160 1
19-07-2017-10:49:06:958 1106160 1106800 1
19-07-2017-10:49:06:986 1106800 1107440 1
19-07-2017-10:49:07:026 1107440 1108080 1
19-07-2017-10:49:07:067 1108080 1108720 1
19-07-2017-10:49:07:108 1108720 1109360 1
19-07-2017-10:49:07:154 1109360 1110000 1
19-07-2017-10:49:07:197 1110000 1110640 1
19-07-2017-10:49:07:235 1110640 1111280 1
19-07-2017-10:49:07:265 1111280 1111920 1
19-07-2017-10:49:07:304 1111920 1112560 1
19-07-2017-10:49:07:346 1112560 1113200 1
19-07-2017-10:49:07:391 1113200 1113840 1
19-07-2017-10:49:07:433 1113840 1114480 1
19-07-2017-10:49:07:472 1114480 1115120 1
19-07-2017-10:49:07:519 1115120 1115760 1
19-07-2017-10:49:07:561 1115760 1116400 1
19-07-2017-10:49:07:837 1116400 1117040 1
19-07-2017-10:49:07:840 1117040 1117680 1
19-07-2017-10:49:07:840 1117680 1118320 1
19-07-2017-10:49:07:840 1118320 1118960 1
19-07-2017-10:49:07:840 1118960 1119600 1
19-07-2017-10:49:07:840 1119600 1120240 1
19-07-2017-10:49:07:840 1120240 1120880 1
19-07-2017-10:49:07:865 1120880 1121520 1
19-07-2017-10:49:07:907 1121520 1122160 1
19-07-2017-10:49:07:947 1122160 1122800 1
19-07-2017-10:49:07:993 1122800 1123440 1
19-07-2017-10:49:08:033 1123440 1124080 1
19-07-2017-10:49:08:076 1124080 1124720 1
19-07-2017-10:49:08:104 1124720 1125360 1
19-07-2017-10:49:08:144 1125360 1126000 1
19-07-2017-10:49:08:192 1126000 1126640 1
19-07-2017-10:49:08:232 1126640 1127280 1
19-07-2017-10:49:08:272 1127280 1127920 1
19-07-2017-10:49:08:314 1127920 1128560 1
19-07-2017-10:49:08:360 1128560 1129200 1
19-07-2017-10:49:08:389 1129200 1129840 1
19-07-2017-10:49:08:429 1129840 1130480 1
19-07-2017-10:49:08:471 1130480 1131120 1
19-07-2017-10:49:08:511 1131120 1131760 1
19-07-2017-10:49:08:557 1131760 1132400 1
19-07-2017-10:49:08:585 1132400 1133040 1
19-07-2017-10:49:08:627 1133040 1133680 1
19-07-2017-10:49:08:666 1133680 1134320 1
19-07-2017-10:49:08:710 1134320 1134960 1
19-07-2017-10:49:08:753 1134960 1135600 1
19-07-2017-10:49:08:797 1135600 1136240 1
19-07-2017-10:49:08:835 1136240 1136880 1
19-07-2017-10:49:08:863 1136880 1137520 1
19-07-2017-10:49:08:904 1137520 1138160 1
19-07-2017-10:49:08:946 1138160 1138800 1
19-07-2017-10:49:08:991 1138800 1139440 1
19-07-2017-10:49:09:032 1139440 1140080 1
19-07-2017-10:49:09:074 1140080 1140720 1
19-07-2017-10:49:09:119 1140720 1141360 1
19-07-2017-10:49:09:161 1141360 1142000 1
19-07-2017-10:49:09:188 1142000 1142640 1
19-07-2017-10:49:09:231 1142640 1143280 1
19-07-2017-10:49:09:270 1143280 1143920 1
19-07-2017-10:49:09:311 1143920 1144560 1
19-07-2017-10:49:09:357 1144560 1145200 1
19-07-2017-10:49:09:390 1145200 1145840 1
19-07-2017-10:49:09:431 1145840 1146480 1
19-07-2017-10:49:09:472 1146480 1147120 1
19-07-2017-10:49:09:512 1147120 1147760 1
19-07-2017-10:49:09:559 1147760 1148400 1
19-07-2017-10:49:09:588 1148400 1149040 1
19-07-2017-10:49:09:630 1149040 1149680 1
19-07-2017-10:49:09:670 1149680 1150320 1
19-07-2017-10:49:09:710 1150320 1150960 1
19-07-2017-10:49:09:756 1150960 1151600 1
19-07-2017-10:49:09:798 1151600 1152240 1
19-07-2017-10:49:09:825 1152240 1152880 1
19-07-2017-10:49:09:866 1152880 1153520 1
19-07-2017-10:49:09:908 1153520 1154160 1
19-07-2017-10:49:09:954 1154160 1154800 1
19-07-2017-10:49:09:994 1154800 1155440 1
19-07-2017-10:49:10:035 1155440 1156080 1
19-07-2017-10:49:10:066 1156080 1156720 1
19-07-2017-10:49:10:105 1156720 1157360 1
19-07-2017-10:49:10:145 1157360 1158000 1
19-07-2017-10:49:10:192 1158000 1158640 1
19-07-2017-10:49:10:231 1158640 1159280 1
19-07-2017-10:49:10:272 1159280 1159920 1
19-07-2017-10:49:10:312 1159920 1160560 1
19-07-2017-10:49:10:359 1160560 1161200 1
19-07-2017-10:49:10:389 1161200 1161840 1
19-07-2017-10:49:10:428 1161840 1162480 1
19-07-2017-10:49:10:469 1162480 1163120 1
19-07-2017-10:49:10:510 1163120 1163760 1
19-07-2017-10:49:10:557 1163760 1164400 1
19-07-2017-10:49:10:584 1164400 1165040 1
19-07-2017-10:49:10:625 1165040 1165680 1
19-07-2017-10:49:10:666 1165680 1166320 1
19-07-2017-10:49:10:707 1166320 1166960 1
19-07-2017-10:49:10:927 1166960 1167600 1
19-07-2017-10:49:10:928 1167600 1168240 1
19-07-2017-10:49:10:928 1168240 1168880 1
19-07-2017-10:49:10:928 1168880 1169520 1
19-07-2017-10:49:10:928 1169520 1170160 1
19-07-2017-10:49:10:949 1170160 1170800 1
19-07-2017-10:49:10:994 1170800 1171440 1
19-07-2017-10:49:11:037 1171440 1172080 1
19-07-2017-10:49:11:064 1172080 1172720 1
19-07-2017-10:49:11:105 1172720 1173360 1
19-07-2017-10:49:11:146 1173360 1174000 1
19-07-2017-10:49:11:186 1174000 1174640 1
19-07-2017-10:49:11:233 1174640 1175280 1
19-07-2017-10:49:11:273 1175280 1175920 1
19-07-2017-10:49:11:314 1175920 1176560 1
19-07-2017-10:49:11:344 1176560 1177200 1
19-07-2017-10:49:11:385 1177200 1177840 1
19-07-2017-10:49:11:431 1177840 1178480 1
19-07-2017-10:49:11:472 1178480 1179120 1
19-07-2017-10:49:11:512 1179120 1179760 1
19-07-2017-10:49:11:557 1179760 1180400 1
19-07-2017-10:49:11:599 1180400 1181040 1
19-07-2017-10:49:11:631 1181040 1181680 1
19-07-2017-10:49:11:699 1181680 1182320 1
19-07-2017-10:49:11:710 1182320 1182960 1
19-07-2017-10:49:11:755 1182960 1183600 1
19-07-2017-10:49:11:795 1183600 1184240 1
19-07-2017-10:49:11:825 1184240 1184880 1
19-07-2017-10:49:11:866 1184880 1185520 1
19-07-2017-10:49:11:905 1185520 1186160 1
19-07-2017-10:49:11:946 1186160 1186800 1
19-07-2017-10:49:11:994 1186800 1187440 1
19-07-2017-10:49:12:033 1187440 1188080 1
19-07-2017-10:49:12:074 1188080 1188720 1
19-07-2017-10:49:12:114 1188720 1189360 1
19-07-2017-10:49:12:143 1189360 1190000 1
19-07-2017-10:49:12:190 1190000 1190640 1
19-07-2017-10:49:12:230 1190640 1191280 1
19-07-2017-10:49:12:270 1191280 1191920 1
19-07-2017-10:49:12:311 1191920 1192560 1
19-07-2017-10:49:12:358 1192560 1193200 1
19-07-2017-10:49:12:386 1193200 1193840 1
19-07-2017-10:49:12:426 1193840 1194480 1
19-07-2017-10:49:12:465 1194480 1195120 1
19-07-2017-10:49:12:514 1195120 1195760 1
19-07-2017-10:49:12:553 1195760 1196400 1
19-07-2017-10:49:12:593 1196400 1197040 1
19-07-2017-10:49:12:639 1197040 1197680 1
19-07-2017-10:49:12:680 1197680 1198320 1
19-07-2017-10:49:12:709 1198320 1198960 1
19-07-2017-10:49:12:749 1198960 1199600 1
19-07-2017-10:49:12:790 1199600 1200240 1
19-07-2017-10:49:12:830 1200240 1200880 1
19-07-2017-10:49:12:877 1200880 1201520 1
19-07-2017-10:49:12:905 1201520 1202160 1
19-07-2017-10:49:12:944 1202160 1202800 1
19-07-2017-10:49:12:986 1202800 1203440 1
19-07-2017-10:49:13:025 1203440 1204080 1
19-07-2017-10:49:13:073 1204080 1204720 1
19-07-2017-10:49:13:113 1204720 1205360 1
19-07-2017-10:49:13:154 1205360 1206000 1
19-07-2017-10:49:13:194 1206000 1206640 1
19-07-2017-10:49:13:239 1206640 1207280 1
19-07-2017-10:49:13:265 1207280 1207920 1
19-07-2017-10:49:13:310 1207920 1208560 1
19-07-2017-10:49:13:350 1208560 1209200 1
19-07-2017-10:49:13:392 1209200 1209840 1
19-07-2017-10:49:13:432 1209840 1210480 1
19-07-2017-10:49:13:479 1210480 1211120 1
19-07-2017-10:49:13:509 1211120 1211760 1
19-07-2017-10:49:13:549 1211760 1212400 1
19-07-2017-10:49:13:589 1212400 1213040 1
19-07-2017-10:49:13:630 1213040 1213680 1
19-07-2017-10:49:13:677 1213680 1214320 1
19-07-2017-10:49:13:704 1214320 1214960 1
19-07-2017-10:49:13:746 1214960 1215600 1
19-07-2017-10:49:13:787 1215600 1216240 1
19-07-2017-10:49:13:827 1216240 1216880 1
19-07-2017-10:49:13:869 1216880 1217520 1
19-07-2017-10:49:13:908 1217520 1218160 1
19-07-2017-10:49:13:950 1218160 1218800 1
19-07-2017-10:49:13:996 1218800 1219440 1
19-07-2017-10:49:14:038 1219440 1220080 1
19-07-2017-10:49:14:067 1220080 1220720 1
19-07-2017-10:49:14:107 1220720 1221360 1
19-07-2017-10:49:14:146 1221360 1222000 1
19-07-2017-10:49:14:193 1222000 1222640 1
19-07-2017-10:49:14:235 1222640 1223280 1
19-07-2017-10:49:14:274 1223280 1223920 1
19-07-2017-10:49:14:313 1223920 1224560 1
19-07-2017-10:49:14:343 1224560 1225200 1
19-07-2017-10:49:14:384 1225200 1225840 1
19-07-2017-10:49:14:430 1225840 1226480 1
19-07-2017-10:49:14:471 1226480 1227120 1
19-07-2017-10:49:14:512 1227120 1227760 1
19-07-2017-10:49:14:552 1227760 1228400 1
19-07-2017-10:49:14:598 1228400 1229040 1
19-07-2017-10:49:14:628 1229040 1229680 1
19-07-2017-10:49:14:669 1229680 1230320 1
19-07-2017-10:49:14:708 1230320 1230960 1
19-07-2017-10:49:14:750 1230960 1231600 1
19-07-2017-10:49:14:796 1231600 1232240 1
19-07-2017-10:49:14:823 1232240 1232880 1
19-07-2017-10:49:15:054 1232880 1233520 1
19-07-2017-10:49:15:056 1233520 1234160 1
19-07-2017-10:49:15:056 1234160 1234800 1
19-07-2017-10:49:15:056 1234800 1235440 1
19-07-2017-10:49:15:057 1235440 1236080 1
19-07-2017-10:49:15:072 1236080 1236720 1
19-07-2017-10:49:15:116 1236720 1237360 1
19-07-2017-10:49:15:161 1237360 1238000 1
19-07-2017-10:49:15:184 1238000 1238640 1
19-07-2017-10:49:15:228 1238640 1239280 1
19-07-2017-10:49:15:270 1239280 1239920 1
19-07-2017-10:49:15:310 1239920 1240560 1
19-07-2017-10:49:15:356 1240560 1241200 1
19-07-2017-10:49:15:388 1241200 1241840 1
19-07-2017-10:49:15:425 1241840 1242480 1
19-07-2017-10:49:15:466 1242480 1243120 1
19-07-2017-10:49:15:512 1243120 1243760 1
19-07-2017-10:49:15:554 1243760 1244400 1
19-07-2017-10:49:15:594 1244400 1245040 1
19-07-2017-10:49:15:634 1245040 1245680 1
19-07-2017-10:49:15:680 1245680 1246320 1
19-07-2017-10:49:15:703 1246320 1246960 1
19-07-2017-10:49:15:749 1246960 1247600 1
19-07-2017-10:49:15:790 1247600 1248240 1
19-07-2017-10:49:15:832 1248240 1248880 1
19-07-2017-10:49:15:872 1248880 1249520 1
19-07-2017-10:49:15:917 1249520 1250160 1
19-07-2017-10:49:15:946 1250160 1250800 1
19-07-2017-10:49:15:988 1250800 1251440 1
19-07-2017-10:49:16:027 1251440 1252080 1
19-07-2017-10:49:16:069 1252080 1252720 1
19-07-2017-10:49:16:115 1252720 1253360 1
19-07-2017-10:49:16:156 1253360 1254000 1
19-07-2017-10:49:16:184 1254000 1254640 1
19-07-2017-10:49:16:226 1254640 1255280 1
19-07-2017-10:49:16:266 1255280 1255920 1
19-07-2017-10:49:16:311 1255920 1256560 1
19-07-2017-10:49:16:354 1256560 1257200 1
19-07-2017-10:49:16:393 1257200 1257840 1
19-07-2017-10:49:16:433 1257840 1258480 1
19-07-2017-10:49:16:475 1258480 1259120 1
19-07-2017-10:49:16:503 1259120 1259760 1
19-07-2017-10:49:16:576 1259760 1260400 1
19-07-2017-10:49:16:591 1260400 1261040 1
19-07-2017-10:49:16:631 1261040 1261680 1
19-07-2017-10:49:16:671 1261680 1262320 1
19-07-2017-10:49:16:717 1262320 1262960 1
19-07-2017-10:49:16:758 1262960 1263600 1
19-07-2017-10:49:16:787 1263600 1264240 1
19-07-2017-10:49:16:828 1264240 1264880 1
19-07-2017-10:49:16:870 1264880 1265520 1
19-07-2017-10:49:16:910 1265520 1266160 1
19-07-2017-10:49:16:957 1266160 1266800 1
19-07-2017-10:49:16:996 1266800 1267440 1
19-07-2017-10:49:17:025 1267440 1268080 1
19-07-2017-10:49:17:069 1268080 1268720 1
19-07-2017-10:49:17:107 1268720 1269360 1
19-07-2017-10:49:17:148 1269360 1270000 1
19-07-2017-10:49:17:194 1270000 1270640 1
19-07-2017-10:49:17:236 1270640 1271280 1
19-07-2017-10:49:17:265 1271280 1271920 1
19-07-2017-10:49:17:303 1271920 1272560 1
19-07-2017-10:49:17:344 1272560 1273200 1
19-07-2017-10:49:17:391 1273200 1273840 1
19-07-2017-10:49:17:431 1273840 1274480 1
19-07-2017-10:49:17:471 1274480 1275120 1
19-07-2017-10:49:17:513 1275120 1275760 1
19-07-2017-10:49:17:558 1275760 1276400 1
19-07-2017-10:49:17:600 1276400 1277040 1
19-07-2017-10:49:17:628 1277040 1277680 1
19-07-2017-10:49:17:670 1277680 1278320 1
19-07-2017-10:49:17:708 1278320 1278960 1
19-07-2017-10:49:17:750 1278960 1279600 1
19-07-2017-10:49:17:796 1279600 1280240 1
19-07-2017-10:49:17:838 1280240 1280880 1
19-07-2017-10:49:17:866 1280880 1281520 1
19-07-2017-10:49:17:906 1281520 1282160 1
19-07-2017-10:49:17:948 1282160 1282800 1
19-07-2017-10:49:17:993 1282800 1283440 1
19-07-2017-10:49:18:034 1283440 1284080 1
19-07-2017-10:49:18:073 1284080 1284720 1
19-07-2017-10:49:18:103 1284720 1285360 1
19-07-2017-10:49:18:143 1285360 1286000 1
19-07-2017-10:49:18:185 1286000 1286640 1
19-07-2017-10:49:18:232 1286640 1287280 1
19-07-2017-10:49:18:272 1287280 1287920 1
19-07-2017-10:49:18:313 1287920 1288560 1
19-07-2017-10:49:18:353 1288560 1289200 1
19-07-2017-10:49:18:394 1289200 1289840 1
19-07-2017-10:49:18:439 1289840 1290480 1
19-07-2017-10:49:18:465 1290480 1291120 1
19-07-2017-10:49:18:508 1291120 1291760 1
19-07-2017-10:49:18:549 1291760 1292400 1
19-07-2017-10:49:18:591 1292400 1293040 1
19-07-2017-10:49:18:637 1293040 1293680 1
19-07-2017-10:49:18:677 1293680 1294320 1
19-07-2017-10:49:18:707 1294320 1294960 1
19-07-2017-10:49:18:747 1294960 1295600 1
19-07-2017-10:49:18:788 1295600 1296240 1
19-07-2017-10:49:18:829 1296240 1296880 1
19-07-2017-10:49:18:876 1296880 1297520 1
19-07-2017-10:49:18:903 1297520 1298160 1
19-07-2017-10:49:18:944 1298160 1298800 1
19-07-2017-10:49:18:986 1298800 1299440 1
19-07-2017-10:49:19:026 1299440 1300080 1
19-07-2017-10:49:19:071 1300080 1300720 1
19-07-2017-10:49:19:113 1300720 1301360 1
19-07-2017-10:49:19:153 1301360 1302000 1
19-07-2017-10:49:19:193 1302000 1302640 1
19-07-2017-10:49:19:223 1302640 1303280 1
19-07-2017-10:49:19:264 1303280 1303920 1
19-07-2017-10:49:19:311 1303920 1304560 1
19-07-2017-10:49:19:351 1304560 1305200 1
19-07-2017-10:49:19:394 1305200 1305840 1
19-07-2017-10:49:19:434 1305840 1306480 1
19-07-2017-10:49:19:480 1306480 1307120 1
19-07-2017-10:49:19:504 1307120 1307760 1
19-07-2017-10:49:19:549 1307760 1308400 1
19-07-2017-10:49:19:590 1308400 1309040 1
19-07-2017-10:49:19:630 1309040 1309680 1
19-07-2017-10:49:19:677 1309680 1310320 1
19-07-2017-10:49:19:815 1310320 1310960 1
19-07-2017-10:49:19:816 1310960 1311600 1
19-07-2017-10:49:19:816 1311600 1312240 1
19-07-2017-10:49:19:828 1312240 1312880 1
19-07-2017-10:49:19:870 1312880 1313520 1
19-07-2017-10:49:19:912 1313520 1314160 1
19-07-2017-10:49:19:952 1314160 1314800 1
19-07-2017-10:49:19:998 1314800 1315440 1
19-07-2017-10:49:20:038 1315440 1316080 1
19-07-2017-10:49:20:069 1316080 1316720 1
19-07-2017-10:49:20:109 1316720 1317360 1
19-07-2017-10:49:20:149 1317360 1318000 1
19-07-2017-10:49:20:189 1318000 1318640 1
19-07-2017-10:49:20:236 1318640 1319280 1
19-07-2017-10:49:20:278 1319280 1319920 1
19-07-2017-10:49:20:306 1319920 1320560 1
19-07-2017-10:49:20:346 1320560 1321200 1
19-07-2017-10:49:20:392 1321200 1321840 1
19-07-2017-10:49:20:428 1321840 1322480 1
19-07-2017-10:49:20:476 1322480 1323120 1
19-07-2017-10:49:20:508 1323120 1323760 1
19-07-2017-10:49:20:544 1323760 1324400 1
19-07-2017-10:49:20:585 1324400 1325040 1
19-07-2017-10:49:20:626 1325040 1325680 1
19-07-2017-10:49:20:671 1325680 1326320 1
19-07-2017-10:49:20:714 1326320 1326960 1
19-07-2017-10:49:20:755 1326960 1327600 1
19-07-2017-10:49:20:798 1327600 1328240 1
19-07-2017-10:49:20:824 1328240 1328880 1
19-07-2017-10:49:20:868 1328880 1329520 1
19-07-2017-10:49:20:910 1329520 1330160 1
19-07-2017-10:49:20:950 1330160 1330800 1
19-07-2017-10:49:20:992 1330800 1331440 1
19-07-2017-10:49:21:037 1331440 1332080 1
19-07-2017-10:49:21:066 1332080 1332720 1
19-07-2017-10:49:21:109 1332720 1333360 1
19-07-2017-10:49:21:152 1333360 1334000 1
19-07-2017-10:49:21:189 1334000 1334640 1
19-07-2017-10:49:21:235 1334640 1335280 1
19-07-2017-10:49:21:265 1335280 1335920 1
19-07-2017-10:49:21:306 1335920 1336560 1
19-07-2017-10:49:21:345 1336560 1337200 1
19-07-2017-10:49:21:388 1337200 1337840 1
19-07-2017-10:49:21:431 1337840 1338480 1
19-07-2017-10:49:21:468 1338480 1339120 1
19-07-2017-10:49:21:515 1339120 1339760 1
19-07-2017-10:49:21:545 1339760 1340400 1
19-07-2017-10:49:21:587 1340400 1341040 1
19-07-2017-10:49:21:627 1341040 1341680 1
19-07-2017-10:49:21:667 1341680 1342320 1
19-07-2017-10:49:21:715 1342320 1342960 1
19-07-2017-10:49:21:756 1342960 1343600 1
19-07-2017-10:49:21:783 1343600 1344240 1
19-07-2017-10:49:21:824 1344240 1344880 1
19-07-2017-10:49:21:865 1344880 1345520 1
19-07-2017-10:49:21:911 1345520 1346160 1
19-07-2017-10:49:21:951 1346160 1346800 1
19-07-2017-10:49:21:989 1346800 1347440 1
19-07-2017-10:49:22:028 1347440 1348080 1
19-07-2017-10:49:22:073 1348080 1348720 1
19-07-2017-10:49:22:109 1348720 1349360 1
19-07-2017-10:49:22:150 1349360 1350000 1
19-07-2017-10:49:22:189 1350000 1350640 1
19-07-2017-10:49:22:238 1350640 1351280 1
19-07-2017-10:49:22:276 1351280 1351920 1
19-07-2017-10:49:22:305 1351920 1352560 1
19-07-2017-10:49:22:347 1352560 1353200 1
19-07-2017-10:49:22:392 1353200 1353840 1
19-07-2017-10:49:22:428 1353840 1354480 1
19-07-2017-10:49:22:475 1354480 1355120 1
19-07-2017-10:49:22:517 1355120 1355760 1
19-07-2017-10:49:22:543 1355760 1356400 1
19-07-2017-10:49:22:584 1356400 1357040 1
19-07-2017-10:49:22:624 1357040 1357680 1
19-07-2017-10:49:22:672 1357680 1358320 1
19-07-2017-10:49:22:711 1358320 1358960 1
19-07-2017-10:49:22:753 1358960 1359600 1
19-07-2017-10:49:22:800 1359600 1360240 1
19-07-2017-10:49:22:838 1360240 1360880 1
19-07-2017-10:49:23:141 1360880 1361520 1
19-07-2017-10:49:23:142 1361520 1362160 1
19-07-2017-10:49:23:142 1362160 1362800 1
19-07-2017-10:49:23:142 1362800 1363440 1
19-07-2017-10:49:23:142 1363440 1364080 1
19-07-2017-10:49:23:142 1364080 1364720 1
19-07-2017-10:49:23:142 1364720 1365360 1
19-07-2017-10:49:23:155 1365360 1366000 1
19-07-2017-10:49:23:190 1366000 1366640 1
19-07-2017-10:49:23:234 1366640 1367280 1
19-07-2017-10:49:23:279 1367280 1367920 1
19-07-2017-10:49:23:307 1367920 1368560 1
19-07-2017-10:49:23:347 1368560 1369200 1
19-07-2017-10:49:23:388 1369200 1369840 1
19-07-2017-10:49:23:428 1369840 1370480 1
19-07-2017-10:49:23:475 1370480 1371120 1
19-07-2017-10:49:23:515 1371120 1371760 1
19-07-2017-10:49:23:548 1371760 1372400 1
19-07-2017-10:49:23:586 1372400 1373040 1
19-07-2017-10:49:23:626 1373040 1373680 1
19-07-2017-10:49:23:673 1373680 1374320 1
19-07-2017-10:49:23:714 1374320 1374960 1
19-07-2017-10:49:23:755 1374960 1375600 1
19-07-2017-10:49:23:783 1375600 1376240 1
19-07-2017-10:49:23:823 1376240 1376880 1
19-07-2017-10:49:23:866 1376880 1377520 1
19-07-2017-10:49:23:910 1377520 1378160 1
19-07-2017-10:49:23:952 1378160 1378800 1
19-07-2017-10:49:23:992 1378800 1379440 1
19-07-2017-10:49:24:038 1379440 1380080 1
19-07-2017-10:49:24:079 1380080 1380720 1
19-07-2017-10:49:24:109 1380720 1381360 1
19-07-2017-10:49:24:150 1381360 1382000 1
19-07-2017-10:49:24:190 1382000 1382640 1
19-07-2017-10:49:24:231 1382640 1383280 1
19-07-2017-10:49:24:277 1383280 1383920 1
19-07-2017-10:49:24:308 1383920 1384560 1
19-07-2017-10:49:24:347 1384560 1385200 1
19-07-2017-10:49:24:387 1385200 1385840 1
19-07-2017-10:49:24:427 1385840 1386480 1
19-07-2017-10:49:24:469 1386480 1387120 1
19-07-2017-10:49:24:515 1387120 1387760 1
19-07-2017-10:49:24:556 1387760 1388400 1
19-07-2017-10:49:24:585 1388400 1389040 1
19-07-2017-10:49:24:624 1389040 1389680 1
19-07-2017-10:49:24:665 1389680 1390320 1
19-07-2017-10:49:24:705 1390320 1390960 1
19-07-2017-10:49:24:753 1390960 1391600 1
19-07-2017-10:49:24:794 1391600 1392240 1
19-07-2017-10:49:24:834 1392240 1392880 1
19-07-2017-10:49:24:863 1392880 1393520 1
19-07-2017-10:49:24:904 1393520 1394160 1
19-07-2017-10:49:24:949 1394160 1394800 1
19-07-2017-10:49:24:991 1394800 1395440 1
19-07-2017-10:49:25:031 1395440 1396080 1
19-07-2017-10:49:25:072 1396080 1396720 1
19-07-2017-10:49:25:119 1396720 1397360 1
19-07-2017-10:49:25:158 1397360 1398000 1
19-07-2017-10:49:25:188 1398000 1398640 1
19-07-2017-10:49:25:229 1398640 1399280 1
19-07-2017-10:49:25:269 1399280 1399920 1
19-07-2017-10:49:25:310 1399920 1400560 1
19-07-2017-10:49:25:356 1400560 1401200 1
19-07-2017-10:49:25:387 1401200 1401840 1
19-07-2017-10:49:25:425 1401840 1402480 1
19-07-2017-10:49:25:466 1402480 1403120 1
19-07-2017-10:49:25:508 1403120 1403760 1
19-07-2017-10:49:25:552 1403760 1404400 1
19-07-2017-10:49:25:596 1404400 1405040 1
19-07-2017-10:49:25:635 1405040 1405680 1
19-07-2017-10:49:25:663 1405680 1406320 1
19-07-2017-10:49:25:703 1406320 1406960 1
19-07-2017-10:49:25:751 1406960 1407600 1
19-07-2017-10:49:25:791 1407600 1408240 1
19-07-2017-10:49:25:830 1408240 1408880 1
19-07-2017-10:49:25:874 1408880 1409520 1
19-07-2017-10:49:25:916 1409520 1410160 1
19-07-2017-10:49:25:958 1410160 1410800 1
19-07-2017-10:49:25:987 1410800 1411440 1
19-07-2017-10:49:26:294 1411440 1412080 1
19-07-2017-10:49:26:295 1412080 1412720 1
19-07-2017-10:49:26:295 1412720 1413360 1
19-07-2017-10:49:26:295 1413360 1414000 1
19-07-2017-10:49:26:295 1414000 1414640 1
19-07-2017-10:49:26:295 1414640 1415280 1
19-07-2017-10:49:26:295 1415280 1415920 1
19-07-2017-10:49:26:310 1415920 1416560 1
19-07-2017-10:49:26:351 1416560 1417200 1
19-07-2017-10:49:26:391 1417200 1417840 1
19-07-2017-10:49:26:435 1417840 1418480 1
19-07-2017-10:49:26:472 1418480 1419120 1
19-07-2017-10:49:26:517 1419120 1419760 1
19-07-2017-10:49:26:547 1419760 1420400 1
19-07-2017-10:49:26:587 1420400 1421040 1
19-07-2017-10:49:26:629 1421040 1421680 1
19-07-2017-10:49:26:669 1421680 1422320 1
19-07-2017-10:49:26:715 1422320 1422960 1
19-07-2017-10:49:26:744 1422960 1423600 1
19-07-2017-10:49:26:786 1423600 1424240 1
19-07-2017-10:49:26:826 1424240 1424880 1
19-07-2017-10:49:26:867 1424880 1425520 1
19-07-2017-10:49:26:912 1425520 1426160 1
19-07-2017-10:49:26:954 1426160 1426800 1
19-07-2017-10:49:26:993 1426800 1427440 1
19-07-2017-10:49:27:024 1427440 1428080 1
19-07-2017-10:49:27:069 1428080 1428720 1
19-07-2017-10:49:27:116 1428720 1429360 1
19-07-2017-10:49:27:157 1429360 1430000 1
19-07-2017-10:49:27:187 1430000 1430640 1
19-07-2017-10:49:27:225 1430640 1431280 1
19-07-2017-10:49:27:268 1431280 1431920 1
19-07-2017-10:49:27:308 1431920 1432560 1
19-07-2017-10:49:27:355 1432560 1433200 1
19-07-2017-10:49:27:397 1433200 1433840 1
19-07-2017-10:49:27:424 1433840 1434480 1
19-07-2017-10:49:27:465 1434480 1435120 1
19-07-2017-10:49:27:505 1435120 1435760 1
19-07-2017-10:49:27:545 1435760 1436400 1
19-07-2017-10:49:27:593 1436400 1437040 1
19-07-2017-10:49:27:634 1437040 1437680 1
19-07-2017-10:49:27:687 1437680 1438320 1
19-07-2017-10:49:27:704 1438320 1438960 1
19-07-2017-10:49:27:743 1438960 1439600 1
19-07-2017-10:49:27:784 1439600 1440240 1
19-07-2017-10:49:27:830 1440240 1440880 1
19-07-2017-10:49:27:870 1440880 1441520 1
19-07-2017-10:49:27:912 1441520 1442160 1
19-07-2017-10:49:27:952 1442160 1442800 1
19-07-2017-10:49:27:999 1442800 1443440 1
19-07-2017-10:49:28:024 1443440 1444080 1
19-07-2017-10:49:28:069 1444080 1444720 1
19-07-2017-10:49:28:109 1444720 1445360 1
19-07-2017-10:49:28:150 1445360 1446000 1
19-07-2017-10:49:28:191 1446000 1446640 1
19-07-2017-10:49:28:237 1446640 1447280 1
19-07-2017-10:49:28:266 1447280 1447920 1
19-07-2017-10:49:28:307 1447920 1448560 1
19-07-2017-10:49:28:348 1448560 1449200 1
19-07-2017-10:49:28:388 1449200 1449840 1
19-07-2017-10:49:28:434 1449840 1450480 1
19-07-2017-10:49:28:474 1450480 1451120 1
19-07-2017-10:49:28:504 1451120 1451760 1
19-07-2017-10:49:28:544 1451760 1452400 1
19-07-2017-10:49:28:584 1452400 1453040 1
19-07-2017-10:49:28:625 1453040 1453680 1
19-07-2017-10:49:28:674 1453680 1454320 1
19-07-2017-10:49:28:712 1454320 1454960 1
19-07-2017-10:49:28:752 1454960 1455600 1
19-07-2017-10:49:28:792 1455600 1456240 1
19-07-2017-10:49:28:841 1456240 1456880 1
19-07-2017-10:49:28:868 1456880 1457520 1
19-07-2017-10:49:28:908 1457520 1458160 1
19-07-2017-10:49:28:954 1458160 1458800 1
19-07-2017-10:49:28:994 1458800 1459440 1
19-07-2017-10:49:29:023 1459440 1460080 1
19-07-2017-10:49:29:065 1460080 1460720 1
19-07-2017-10:49:29:105 1460720 1461360 1
19-07-2017-10:49:29:152 1461360 1462000 1
19-07-2017-10:49:29:252 1462000 1462640 1
19-07-2017-10:49:29:253 1462640 1463280 1
19-07-2017-10:49:29:273 1463280 1463920 1
19-07-2017-10:49:29:319 1463920 1464560 1
19-07-2017-10:49:29:347 1464560 1465200 1
19-07-2017-10:49:29:389 1465200 1465840 1
19-07-2017-10:49:29:430 1465840 1466480 1
19-07-2017-10:49:29:469 1466480 1467120 1
19-07-2017-10:49:29:511 1467120 1467760 1
19-07-2017-10:49:29:556 1467760 1468400 1
19-07-2017-10:49:29:586 1468400 1469040 1
19-07-2017-10:49:29:628 1469040 1469680 1
19-07-2017-10:49:29:666 1469680 1470320 1
19-07-2017-10:49:29:710 1470320 1470960 1
19-07-2017-10:49:29:754 1470960 1471600 1
19-07-2017-10:49:29:796 1471600 1472240 1
19-07-2017-10:49:29:824 1472240 1472880 1
19-07-2017-10:49:29:864 1472880 1473520 1
