19-07-2017-11:30:50:008 0 800 1
19-07-2017-11:30:50:055 800 1600 1
19-07-2017-11:30:50:110 1600 2400 1
19-07-2017-11:30:50:156 2400 3200 1
19-07-2017-11:30:50:208 3200 4000 1
19-07-2017-11:30:50:254 4000 4800 1
19-07-2017-11:30:50:307 4800 5520 1
19-07-2017-11:30:50:340 5520 6240 1
19-07-2017-11:30:50:393 6240 6960 1
19-07-2017-11:30:50:438 6960 7680 1
19-07-2017-11:30:50:478 7680 8400 1
19-07-2017-11:30:50:530 8400 9104 1
19-07-2017-11:30:50:577 9104 9808 1
19-07-2017-11:30:50:615 9808 10512 1
19-07-2017-11:30:50:658 10512 11216 1
19-07-2017-11:30:50:698 11216 11920 1
19-07-2017-11:30:50:743 11920 12624 1
19-07-2017-11:30:50:782 12624 13328 1
19-07-2017-11:30:50:833 13328 14032 1
19-07-2017-11:30:50:882 14032 14736 1
19-07-2017-11:30:50:924 14736 15440 1
19-07-2017-11:30:50:963 15440 16144 1
19-07-2017-11:30:51:007 16144 16848 1
19-07-2017-11:30:51:050 16848 17552 1
19-07-2017-11:30:51:090 17552 18256 1
19-07-2017-11:30:51:143 18256 18912 1
19-07-2017-11:30:51:177 18912 19568 1
19-07-2017-11:30:51:218 19568 20224 1
19-07-2017-11:30:51:258 20224 20880 1
19-07-2017-11:30:51:301 20880 21536 1
19-07-2017-11:30:51:340 21536 22192 1
19-07-2017-11:30:51:386 22192 22848 1
19-07-2017-11:30:51:428 22848 23504 1
19-07-2017-11:30:51:469 23504 24160 1
19-07-2017-11:30:51:510 24160 24816 1
19-07-2017-11:30:51:558 24816 25472 1
19-07-2017-11:30:51:585 25472 26128 1
19-07-2017-11:30:51:625 26128 26784 1
19-07-2017-11:30:51:666 26784 27440 1
19-07-2017-11:30:51:705 27440 28096 1
19-07-2017-11:30:51:753 28096 28752 1
19-07-2017-11:30:51:793 28752 29408 1
19-07-2017-11:30:51:833 29408 30064 1
19-07-2017-11:30:51:882 30064 30720 1
19-07-2017-11:30:51:921 30720 31376 1
19-07-2017-11:30:51:961 31376 32032 1
19-07-2017-11:30:52:001 32032 32688 1
19-07-2017-11:30:52:049 32688 33344 1
19-07-2017-11:30:52:077 33344 34000 1
19-07-2017-11:30:52:119 34000 34656 1
19-07-2017-11:30:52:158 34656 35312 1
19-07-2017-11:30:52:199 35312 35968 1
19-07-2017-11:30:52:245 35968 36624 1
19-07-2017-11:30:52:286 36624 37280 1
19-07-2017-11:30:52:328 37280 37936 1
19-07-2017-11:30:52:373 37936 38592 1
19-07-2017-11:30:52:413 38592 39248 1
19-07-2017-11:30:52:443 39248 39904 1
19-07-2017-11:30:52:483 39904 40560 1
19-07-2017-11:30:52:529 40560 41216 1
19-07-2017-11:30:52:569 41216 41872 1
19-07-2017-11:30:52:611 41872 42528 1
19-07-2017-11:30:52:658 42528 43184 1
19-07-2017-11:30:52:698 43184 43840 1
19-07-2017-11:30:52:738 43840 44496 1
19-07-2017-11:30:52:780 44496 45152 1
19-07-2017-11:30:52:825 45152 45808 1
19-07-2017-11:30:52:856 45808 46464 1
19-07-2017-11:30:52:896 46464 47120 1
19-07-2017-11:30:52:935 47120 47776 1
19-07-2017-11:30:52:977 47776 48432 1
19-07-2017-11:30:53:024 48432 49088 1
19-07-2017-11:30:53:064 49088 49744 1
19-07-2017-11:30:53:179 49744 50400 1
19-07-2017-11:30:53:181 50400 51056 1
19-07-2017-11:30:53:192 51056 51712 1
19-07-2017-11:30:53:221 51712 52368 1
19-07-2017-11:30:53:262 52368 53024 1
19-07-2017-11:30:53:303 53024 53680 1
19-07-2017-11:30:53:349 53680 54336 1
19-07-2017-11:30:53:388 54336 54992 1
19-07-2017-11:30:53:430 54992 55648 1
19-07-2017-11:30:53:470 55648 56304 1
19-07-2017-11:30:53:516 56304 56960 1
19-07-2017-11:30:53:557 56960 57616 1
19-07-2017-11:30:53:598 57616 58272 1
19-07-2017-11:30:53:643 58272 58928 1
19-07-2017-11:30:53:683 58928 59584 1
19-07-2017-11:30:53:724 59584 60240 1
19-07-2017-11:30:53:765 60240 60896 1
19-07-2017-11:30:53:810 60896 61552 1
19-07-2017-11:30:53:838 61552 62208 1
19-07-2017-11:30:53:879 62208 62864 1
19-07-2017-11:30:53:919 62864 63520 1
19-07-2017-11:30:53:965 63520 64176 1
19-07-2017-11:30:54:007 64176 64832 1
19-07-2017-11:30:54:046 64832 65488 1
19-07-2017-11:30:54:086 65488 66144 1
19-07-2017-11:30:54:128 66144 66800 1
19-07-2017-11:30:54:175 66800 67456 1
19-07-2017-11:30:54:214 67456 68112 1
19-07-2017-11:30:54:255 68112 68768 1
19-07-2017-11:30:54:301 68768 69424 1
19-07-2017-11:30:54:343 69424 70080 1
19-07-2017-11:30:54:372 70080 70736 1
19-07-2017-11:30:54:412 70736 71392 1
19-07-2017-11:30:54:453 71392 72048 1
19-07-2017-11:30:54:494 72048 72704 1
19-07-2017-11:30:54:540 72704 73360 1
19-07-2017-11:30:54:581 73360 74016 1
19-07-2017-11:30:54:622 74016 74672 1
19-07-2017-11:30:54:661 74672 75328 1
19-07-2017-11:30:54:708 75328 75984 1
19-07-2017-11:30:54:751 75984 76640 1
19-07-2017-11:30:54:791 76640 77296 1
19-07-2017-11:30:54:837 77296 77952 1
19-07-2017-11:30:54:866 77952 78608 1
19-07-2017-11:30:54:906 78608 79264 1
19-07-2017-11:30:54:948 79264 79920 1
19-07-2017-11:30:54:989 79920 80576 1
19-07-2017-11:30:55:034 80576 81232 1
19-07-2017-11:30:55:079 81232 81888 1
19-07-2017-11:30:55:114 81888 82544 1
19-07-2017-11:30:55:157 82544 83200 1
19-07-2017-11:30:55:203 83200 83856 1
19-07-2017-11:30:55:230 83856 84512 1
19-07-2017-11:30:55:272 84512 85168 1
19-07-2017-11:30:55:316 85168 85824 1
19-07-2017-11:30:55:368 85824 86464 1
19-07-2017-11:30:55:425 86464 87104 1
19-07-2017-11:30:55:440 87104 87744 1
19-07-2017-11:30:55:480 87744 88384 1
19-07-2017-11:30:55:525 88384 89024 1
19-07-2017-11:30:55:555 89024 89664 1
19-07-2017-11:30:55:594 89664 90304 1
19-07-2017-11:30:55:635 90304 90944 1
19-07-2017-11:30:55:681 90944 91584 1
19-07-2017-11:30:55:721 91584 92224 1
19-07-2017-11:30:55:763 92224 92864 1
19-07-2017-11:30:55:809 92864 93504 1
19-07-2017-11:30:55:836 93504 94144 1
19-07-2017-11:30:55:879 94144 94784 1
19-07-2017-11:30:55:929 94784 95424 1
19-07-2017-11:30:55:960 95424 96064 1
19-07-2017-11:30:56:002 96064 96704 1
19-07-2017-11:30:56:041 96704 97344 1
19-07-2017-11:30:56:087 97344 97984 1
19-07-2017-11:30:56:129 97984 98624 1
19-07-2017-11:30:56:153 98624 99264 1
19-07-2017-11:30:56:198 99264 99904 1
19-07-2017-11:30:56:372 99904 100544 1
19-07-2017-11:30:56:374 100544 101184 1
19-07-2017-11:30:56:374 101184 101824 1
19-07-2017-11:30:56:374 101824 102464 1
19-07-2017-11:30:56:395 102464 103104 1
19-07-2017-11:30:56:436 103104 103744 1
19-07-2017-11:30:56:478 103744 104384 1
19-07-2017-11:30:56:518 104384 105024 1
19-07-2017-11:30:56:564 105024 105664 1
19-07-2017-11:30:56:606 105664 106304 1
19-07-2017-11:30:56:634 106304 106944 1
19-07-2017-11:30:56:675 106944 107584 1
19-07-2017-11:30:56:727 107584 108224 1
19-07-2017-11:30:56:755 108224 108864 1
19-07-2017-11:30:56:802 108864 109504 1
19-07-2017-11:30:56:842 109504 110144 1
19-07-2017-11:30:56:874 110144 110784 1
19-07-2017-11:30:56:914 110784 111424 1
19-07-2017-11:30:56:953 111424 112064 1
19-07-2017-11:30:57:001 112064 112704 1
19-07-2017-11:30:57:038 112704 113344 1
19-07-2017-11:30:57:084 113344 113984 1
19-07-2017-11:30:57:115 113984 114624 1
19-07-2017-11:30:57:155 114624 115264 1
19-07-2017-11:30:57:195 115264 115904 1
19-07-2017-11:30:57:236 115904 116544 1
19-07-2017-11:30:57:282 116544 117184 1
19-07-2017-11:30:57:324 117184 117824 1
19-07-2017-11:30:57:364 117824 118464 1
19-07-2017-11:30:57:393 118464 119104 1
19-07-2017-11:30:57:433 119104 119744 1
19-07-2017-11:30:57:475 119744 120384 1
19-07-2017-11:30:57:521 120384 121024 1
19-07-2017-11:30:57:563 121024 121664 1
19-07-2017-11:30:57:603 121664 122304 1
19-07-2017-11:30:57:643 122304 122944 1
19-07-2017-11:30:57:676 122944 123584 1
19-07-2017-11:30:57:722 123584 124224 1
19-07-2017-11:30:57:758 124224 124864 1
19-07-2017-11:30:57:800 124864 125504 1
19-07-2017-11:30:57:841 125504 126144 1
19-07-2017-11:30:57:887 126144 126784 1
19-07-2017-11:30:57:927 126784 127424 1
19-07-2017-11:30:57:957 127424 128064 1
19-07-2017-11:30:57:998 128064 128704 1
19-07-2017-11:30:58:038 128704 129344 1
19-07-2017-11:30:58:080 129344 129984 1
19-07-2017-11:30:58:124 129984 130624 1
19-07-2017-11:30:58:153 130624 131264 1
19-07-2017-11:30:58:209 131264 131904 1
19-07-2017-11:30:58:234 131904 132544 1
19-07-2017-11:30:58:274 132544 133184 1
19-07-2017-11:30:58:320 133184 133824 1
19-07-2017-11:30:58:361 133824 134464 1
19-07-2017-11:30:58:401 134464 135104 1
19-07-2017-11:30:58:441 135104 135744 1
19-07-2017-11:30:58:489 135744 136384 1
19-07-2017-11:30:58:514 136384 137024 1
19-07-2017-11:30:58:560 137024 137664 1
19-07-2017-11:30:58:601 137664 138304 1
19-07-2017-11:30:58:641 138304 138944 1
19-07-2017-11:30:58:682 138944 139584 1
19-07-2017-11:30:58:728 139584 140224 1
19-07-2017-11:30:58:751 140224 140864 1
19-07-2017-11:30:58:797 140864 141504 1
19-07-2017-11:30:58:839 141504 142144 1
19-07-2017-11:30:58:879 142144 142784 1
19-07-2017-11:30:58:925 142784 143424 1
19-07-2017-11:30:58:954 143424 144064 1
19-07-2017-11:30:58:996 144064 144704 1
19-07-2017-11:30:59:036 144704 145344 1
19-07-2017-11:30:59:077 145344 145984 1
19-07-2017-11:30:59:121 145984 146624 1
19-07-2017-11:30:59:163 146624 147264 1
19-07-2017-11:30:59:191 147264 147904 1
19-07-2017-11:30:59:234 147904 148544 1
19-07-2017-11:30:59:281 148544 149184 1
19-07-2017-11:30:59:321 149184 149824 1
19-07-2017-11:30:59:360 149824 150464 1
19-07-2017-11:30:59:531 150464 151104 1
19-07-2017-11:30:59:532 151104 151744 1
19-07-2017-11:30:59:532 151744 152384 1
19-07-2017-11:30:59:532 152384 153024 1
19-07-2017-11:30:59:560 153024 153664 1
19-07-2017-11:30:59:599 153664 154304 1
19-07-2017-11:30:59:645 154304 154944 1
19-07-2017-11:30:59:686 154944 155584 1
19-07-2017-11:30:59:715 155584 156224 1
19-07-2017-11:30:59:756 156224 156864 1
19-07-2017-11:30:59:799 156864 157504 1
19-07-2017-11:30:59:839 157504 158144 1
19-07-2017-11:30:59:882 158144 158784 1
19-07-2017-11:30:59:913 158784 159424 1
19-07-2017-11:30:59:954 159424 160064 1
19-07-2017-11:30:59:995 160064 160704 1
19-07-2017-11:31:00:039 160704 161344 1
19-07-2017-11:31:00:081 161344 161984 1
19-07-2017-11:31:00:121 161984 162624 1
19-07-2017-11:31:00:167 162624 163264 1
19-07-2017-11:31:00:207 163264 163904 1
19-07-2017-11:31:00:236 163904 164544 1
19-07-2017-11:31:00:277 164544 165184 1
19-07-2017-11:31:00:318 165184 165824 1
19-07-2017-11:31:00:365 165824 166464 1
19-07-2017-11:31:00:392 166464 167104 1
19-07-2017-11:31:00:434 167104 167744 1
19-07-2017-11:31:00:475 167744 168384 1
19-07-2017-11:31:00:514 168384 169024 1
19-07-2017-11:31:00:561 169024 169664 1
19-07-2017-11:31:00:602 169664 170304 1
19-07-2017-11:31:00:642 170304 170944 1
19-07-2017-11:31:00:682 170944 171584 1
19-07-2017-11:31:00:712 171584 172224 1
19-07-2017-11:31:00:758 172224 172864 1
19-07-2017-11:31:00:799 172864 173504 1
19-07-2017-11:31:00:839 173504 174144 1
19-07-2017-11:31:00:880 174144 174784 1
19-07-2017-11:31:00:926 174784 175424 1
19-07-2017-11:31:00:956 175424 176064 1
19-07-2017-11:31:00:997 176064 176704 1
19-07-2017-11:31:01:037 176704 177344 1
19-07-2017-11:31:01:078 177344 177984 1
19-07-2017-11:31:01:124 177984 178624 1
19-07-2017-11:31:01:153 178624 179264 1
19-07-2017-11:31:01:193 179264 179904 1
19-07-2017-11:31:01:235 179904 180544 1
19-07-2017-11:31:01:275 180544 181184 1
19-07-2017-11:31:01:322 181184 181824 1
19-07-2017-11:31:01:361 181824 182464 1
19-07-2017-11:31:01:403 182464 183104 1
19-07-2017-11:31:01:433 183104 183744 1
19-07-2017-11:31:01:477 183744 184384 1
19-07-2017-11:31:01:517 184384 185024 1
19-07-2017-11:31:01:563 185024 185664 1
19-07-2017-11:31:01:593 185664 186304 1
19-07-2017-11:31:01:633 186304 186944 1
19-07-2017-11:31:01:676 186944 187584 1
19-07-2017-11:31:01:715 187584 188224 1
19-07-2017-11:31:01:761 188224 188864 1
19-07-2017-11:31:01:803 188864 189504 1
19-07-2017-11:31:01:844 189504 190144 1
19-07-2017-11:31:01:873 190144 190784 1
19-07-2017-11:31:01:913 190784 191424 1
19-07-2017-11:31:01:954 191424 192064 1
19-07-2017-11:31:02:000 192064 192704 1
19-07-2017-11:31:02:041 192704 193344 1
19-07-2017-11:31:02:080 193344 193984 1
19-07-2017-11:31:02:122 193984 194624 1
19-07-2017-11:31:02:167 194624 195264 1
19-07-2017-11:31:02:197 195264 195904 1
19-07-2017-11:31:02:236 195904 196544 1
19-07-2017-11:31:02:278 196544 197184 1
19-07-2017-11:31:02:317 197184 197824 1
19-07-2017-11:31:02:365 197824 198464 1
19-07-2017-11:31:02:392 198464 199104 1
19-07-2017-11:31:02:433 199104 199744 1
19-07-2017-11:31:02:473 199744 200384 1
19-07-2017-11:31:02:515 200384 201024 1
19-07-2017-11:31:02:619 201024 201664 1
19-07-2017-11:31:02:620 201664 202304 1
19-07-2017-11:31:02:641 202304 202944 1
19-07-2017-11:31:02:682 202944 203584 1
19-07-2017-11:31:02:728 203584 204224 1
19-07-2017-11:31:02:772 204224 204864 1
19-07-2017-11:31:02:796 204864 205504 1
19-07-2017-11:31:02:840 205504 206144 1
19-07-2017-11:31:02:878 206144 206784 1
19-07-2017-11:31:02:918 206784 207424 1
19-07-2017-11:31:02:964 207424 208064 1
19-07-2017-11:31:02:994 208064 208704 1
19-07-2017-11:31:03:040 208704 209344 1
19-07-2017-11:31:03:085 209344 209984 1
19-07-2017-11:31:03:127 209984 210624 1
19-07-2017-11:31:03:157 210624 211264 1
19-07-2017-11:31:03:196 211264 211904 1
19-07-2017-11:31:03:235 211904 212544 1
19-07-2017-11:31:03:276 212544 213184 1
19-07-2017-11:31:03:323 213184 213824 1
19-07-2017-11:31:03:364 213824 214464 1
19-07-2017-11:31:03:392 214464 215104 1
19-07-2017-11:31:03:434 215104 215744 1
19-07-2017-11:31:03:477 215744 216384 1
19-07-2017-11:31:03:520 216384 217024 1
19-07-2017-11:31:03:562 217024 217664 1
19-07-2017-11:31:03:603 217664 218304 1
19-07-2017-11:31:03:642 218304 218944 1
19-07-2017-11:31:03:671 218944 219584 1
19-07-2017-11:31:03:718 219584 220224 1
19-07-2017-11:31:03:758 220224 220864 1
19-07-2017-11:31:03:798 220864 221504 1
19-07-2017-11:31:03:840 221504 222144 1
19-07-2017-11:31:03:886 222144 222784 1
19-07-2017-11:31:03:915 222784 223424 1
19-07-2017-11:31:03:956 223424 224064 1
19-07-2017-11:31:03:996 224064 224704 1
19-07-2017-11:31:04:037 224704 225344 1
19-07-2017-11:31:04:084 225344 225984 1
19-07-2017-11:31:04:113 225984 226624 1
19-07-2017-11:31:04:154 226624 227264 1
19-07-2017-11:31:04:201 227264 227904 1
19-07-2017-11:31:04:234 227904 228544 1
19-07-2017-11:31:04:281 228544 229184 1
19-07-2017-11:31:04:323 229184 229824 1
19-07-2017-11:31:04:364 229824 230464 1
19-07-2017-11:31:04:391 230464 231104 1
19-07-2017-11:31:04:434 231104 231744 1
19-07-2017-11:31:04:480 231744 232384 1
19-07-2017-11:31:04:518 232384 233024 1
19-07-2017-11:31:04:560 233024 233664 1
19-07-2017-11:31:04:600 233664 234304 1
19-07-2017-11:31:04:641 234304 234944 1
19-07-2017-11:31:04:686 234944 235584 1
19-07-2017-11:31:04:729 235584 236224 1
19-07-2017-11:31:04:769 236224 236864 1
19-07-2017-11:31:04:795 236864 237504 1
19-07-2017-11:31:04:838 237504 238144 1
19-07-2017-11:31:04:877 238144 238784 1
19-07-2017-11:31:04:924 238784 239424 1
19-07-2017-11:31:04:966 239424 240064 1
19-07-2017-11:31:04:996 240064 240704 1
19-07-2017-11:31:05:034 240704 241344 1
19-07-2017-11:31:05:075 241344 241984 1
19-07-2017-11:31:05:115 241984 242624 1
19-07-2017-11:31:05:162 242624 243264 1
19-07-2017-11:31:05:203 243264 243904 1
19-07-2017-11:31:05:243 243904 244544 1
19-07-2017-11:31:05:273 244544 245184 1
19-07-2017-11:31:05:314 245184 245824 1
19-07-2017-11:31:05:354 245824 246464 1
19-07-2017-11:31:05:398 246464 247104 1
19-07-2017-11:31:05:441 247104 247744 1
19-07-2017-11:31:05:480 247744 248384 1
19-07-2017-11:31:05:521 248384 249024 1
19-07-2017-11:31:05:566 249024 249664 1
19-07-2017-11:31:05:597 249664 250304 1
19-07-2017-11:31:05:637 250304 250944 1
19-07-2017-11:31:05:678 250944 251584 1
19-07-2017-11:31:05:811 251584 252224 1
19-07-2017-11:31:05:812 252224 252864 1
19-07-2017-11:31:05:812 252864 253504 1
19-07-2017-11:31:05:832 253504 254144 1
19-07-2017-11:31:05:874 254144 254784 1
19-07-2017-11:31:05:915 254784 255424 1
19-07-2017-11:31:05:961 255424 256064 1
19-07-2017-11:31:06:003 256064 256704 1
19-07-2017-11:31:06:048 256704 257344 1
19-07-2017-11:31:06:088 257344 257984 1
19-07-2017-11:31:06:129 257984 258624 1
19-07-2017-11:31:06:157 258624 259264 1
19-07-2017-11:31:06:198 259264 259904 1
19-07-2017-11:31:06:238 259904 260544 1
19-07-2017-11:31:06:284 260544 261184 1
19-07-2017-11:31:06:320 261184 261824 1
19-07-2017-11:31:06:361 261824 262464 1
19-07-2017-11:31:06:406 262464 263104 1
19-07-2017-11:31:06:446 263104 263744 1
19-07-2017-11:31:06:487 263744 264384 1
19-07-2017-11:31:06:516 264384 265024 1
19-07-2017-11:31:06:557 265024 265664 1
19-07-2017-11:31:06:599 265664 266304 1
19-07-2017-11:31:06:638 266304 266944 1
19-07-2017-11:31:06:684 266944 267584 1
19-07-2017-11:31:06:714 267584 268224 1
19-07-2017-11:31:06:756 268224 268864 1
19-07-2017-11:31:06:796 268864 269504 1
19-07-2017-11:31:06:835 269504 270144 1
19-07-2017-11:31:06:882 270144 270784 1
19-07-2017-11:31:06:925 270784 271424 1
19-07-2017-11:31:06:963 271424 272064 1
19-07-2017-11:31:07:003 272064 272704 1
19-07-2017-11:31:07:032 272704 273344 1
19-07-2017-11:31:07:076 273344 273984 1
19-07-2017-11:31:07:120 273984 274624 1
19-07-2017-11:31:07:160 274624 275264 1
19-07-2017-11:31:07:202 275264 275904 1
19-07-2017-11:31:07:241 275904 276544 1
19-07-2017-11:31:07:287 276544 277184 1
19-07-2017-11:31:07:317 277184 277824 1
19-07-2017-11:31:07:356 277824 278464 1
19-07-2017-11:31:07:398 278464 279104 1
19-07-2017-11:31:07:439 279104 279744 1
19-07-2017-11:31:07:486 279744 280384 1
19-07-2017-11:31:07:525 280384 281024 1
19-07-2017-11:31:07:553 281024 281664 1
19-07-2017-11:31:07:596 281664 282304 1
19-07-2017-11:31:07:636 282304 282944 1
19-07-2017-11:31:07:677 282944 283584 1
19-07-2017-11:31:07:723 283584 284224 1
19-07-2017-11:31:07:765 284224 284864 1
19-07-2017-11:31:07:792 284864 285504 1
19-07-2017-11:31:07:833 285504 286144 1
19-07-2017-11:31:07:874 286144 286784 1
19-07-2017-11:31:07:920 286784 287424 1
19-07-2017-11:31:07:960 287424 288064 1
19-07-2017-11:31:08:002 288064 288704 1
19-07-2017-11:31:08:044 288704 289344 1
19-07-2017-11:31:08:073 289344 289984 1
19-07-2017-11:31:08:113 289984 290624 1
19-07-2017-11:31:08:159 290624 291264 1
19-07-2017-11:31:08:200 291264 291904 1
19-07-2017-11:31:08:240 291904 292544 1
19-07-2017-11:31:08:287 292544 293184 1
19-07-2017-11:31:08:329 293184 293824 1
19-07-2017-11:31:08:361 293824 294464 1
19-07-2017-11:31:08:399 294464 295104 1
19-07-2017-11:31:08:438 295104 295744 1
19-07-2017-11:31:08:484 295744 296384 1
19-07-2017-11:31:08:526 296384 297024 1
19-07-2017-11:31:08:555 297024 297664 1
19-07-2017-11:31:08:596 297664 298304 1
19-07-2017-11:31:08:638 298304 298944 1
19-07-2017-11:31:08:682 298944 299584 1
19-07-2017-11:31:08:722 299584 300224 1
19-07-2017-11:31:08:752 300224 300864 1
19-07-2017-11:31:08:793 300864 301504 1
19-07-2017-11:31:08:834 301504 302144 1
19-07-2017-11:31:08:964 302144 302784 1
19-07-2017-11:31:08:965 302784 303424 1
19-07-2017-11:31:08:965 303424 304064 1
19-07-2017-11:31:09:002 304064 304704 1
19-07-2017-11:31:09:048 304704 305344 1
19-07-2017-11:31:09:078 305344 305984 1
19-07-2017-11:31:09:115 305984 306624 1
19-07-2017-11:31:09:156 306624 307264 1
19-07-2017-11:31:09:198 307264 307904 1
19-07-2017-11:31:09:242 307904 308544 1
19-07-2017-11:31:09:290 308544 309184 1
19-07-2017-11:31:09:318 309184 309824 1
19-07-2017-11:31:09:353 309824 310464 1
19-07-2017-11:31:09:394 310464 311104 1
19-07-2017-11:31:09:435 311104 311744 1
19-07-2017-11:31:09:481 311744 312384 1
19-07-2017-11:31:09:522 312384 313024 1
19-07-2017-11:31:09:562 313024 313664 1
19-07-2017-11:31:09:608 313664 314304 1
19-07-2017-11:31:09:631 314304 314944 1
19-07-2017-11:31:09:678 314944 315584 1
19-07-2017-11:31:09:718 315584 316224 1
19-07-2017-11:31:09:761 316224 316864 1
19-07-2017-11:31:09:807 316864 317504 1
19-07-2017-11:31:09:847 317504 318144 1
19-07-2017-11:31:09:876 318144 318784 1
19-07-2017-11:31:09:916 318784 319424 1
19-07-2017-11:31:09:959 319424 320064 1
19-07-2017-11:31:10:005 320064 320704 1
19-07-2017-11:31:10:034 320704 321344 1
19-07-2017-11:31:10:073 321344 321984 1
19-07-2017-11:31:10:115 321984 322624 1
19-07-2017-11:31:10:157 322624 323264 1
19-07-2017-11:31:10:206 323264 323904 1
19-07-2017-11:31:10:236 323904 324544 1
19-07-2017-11:31:10:277 324544 325184 1
19-07-2017-11:31:10:317 325184 325824 1
19-07-2017-11:31:10:357 325824 326464 1
19-07-2017-11:31:10:403 326464 327104 1
19-07-2017-11:31:10:437 327104 327744 1
19-07-2017-11:31:10:474 327744 328384 1
19-07-2017-11:31:10:515 328384 329024 1
19-07-2017-11:31:10:560 329024 329664 1
19-07-2017-11:31:10:601 329664 330304 1
19-07-2017-11:31:10:635 330304 330944 1
19-07-2017-11:31:10:676 330944 331584 1
19-07-2017-11:31:10:723 331584 332224 1
19-07-2017-11:31:10:763 332224 332864 1
19-07-2017-11:31:10:793 332864 333504 1
19-07-2017-11:31:10:833 333504 334144 1
19-07-2017-11:31:10:873 334144 334784 1
19-07-2017-11:31:10:915 334784 335424 1
19-07-2017-11:31:10:960 335424 336064 1
19-07-2017-11:31:11:002 336064 336704 1
19-07-2017-11:31:11:043 336704 337344 1
19-07-2017-11:31:11:072 337344 337984 1
19-07-2017-11:31:11:113 337984 338624 1
19-07-2017-11:31:11:159 338624 339264 1
19-07-2017-11:31:11:199 339264 339904 1
19-07-2017-11:31:11:239 339904 340544 1
19-07-2017-11:31:11:286 340544 341184 1
19-07-2017-11:31:11:326 341184 341824 1
19-07-2017-11:31:11:354 341824 342464 1
19-07-2017-11:31:11:396 342464 343104 1
19-07-2017-11:31:11:436 343104 343744 1
19-07-2017-11:31:11:477 343744 344384 1
19-07-2017-11:31:11:523 344384 345024 1
19-07-2017-11:31:11:553 345024 345664 1
19-07-2017-11:31:11:595 345664 346304 1
19-07-2017-11:31:11:632 346304 346944 1
19-07-2017-11:31:11:674 346944 347584 1
19-07-2017-11:31:11:719 347584 348224 1
19-07-2017-11:31:11:761 348224 348864 1
19-07-2017-11:31:11:802 348864 349504 1
19-07-2017-11:31:11:842 349504 350144 1
19-07-2017-11:31:11:872 350144 350784 1
19-07-2017-11:31:11:919 350784 351424 1
19-07-2017-11:31:11:958 351424 352064 1
19-07-2017-11:31:11:999 352064 352704 1
19-07-2017-11:31:12:151 352704 353344 1
19-07-2017-11:31:12:153 353344 353984 1
19-07-2017-11:31:12:155 353984 354624 1
19-07-2017-11:31:12:157 354624 355264 1
19-07-2017-11:31:12:197 355264 355904 1
19-07-2017-11:31:12:244 355904 356544 1
19-07-2017-11:31:12:284 356544 357184 1
19-07-2017-11:31:12:313 357184 357824 1
19-07-2017-11:31:12:353 357824 358464 1
19-07-2017-11:31:12:394 358464 359104 1
19-07-2017-11:31:12:443 359104 359744 1
19-07-2017-11:31:12:480 359744 360384 1
19-07-2017-11:31:12:521 360384 361024 1
19-07-2017-11:31:12:563 361024 361664 1
19-07-2017-11:31:12:591 361664 362304 1
19-07-2017-11:31:12:637 362304 362944 1
19-07-2017-11:31:12:679 362944 363584 1
19-07-2017-11:31:12:718 363584 364224 1
19-07-2017-11:31:12:758 364224 364864 1
19-07-2017-11:31:12:804 364864 365504 1
19-07-2017-11:31:12:834 365504 366144 1
19-07-2017-11:31:12:873 366144 366784 1
19-07-2017-11:31:12:915 366784 367424 1
19-07-2017-11:31:12:955 367424 368064 1
19-07-2017-11:31:13:003 368064 368704 1
19-07-2017-11:31:13:046 368704 369344 1
19-07-2017-11:31:13:073 369344 369984 1
19-07-2017-11:31:13:113 369984 370624 1
19-07-2017-11:31:13:153 370624 371264 1
19-07-2017-11:31:13:198 371264 371904 1
19-07-2017-11:31:13:239 371904 372544 1
19-07-2017-11:31:13:281 372544 373184 1
19-07-2017-11:31:13:322 373184 373824 1
19-07-2017-11:31:13:366 373824 374464 1
19-07-2017-11:31:13:406 374464 375104 1
19-07-2017-11:31:13:435 375104 375744 1
19-07-2017-11:31:13:477 375744 376384 1
19-07-2017-11:31:13:517 376384 377024 1
19-07-2017-11:31:13:562 377024 377664 1
19-07-2017-11:31:13:591 377664 378304 1
19-07-2017-11:31:13:633 378304 378944 1
19-07-2017-11:31:13:673 378944 379584 1
19-07-2017-11:31:13:720 379584 380224 1
19-07-2017-11:31:13:761 380224 380864 1
19-07-2017-11:31:13:801 380864 381504 1
19-07-2017-11:31:13:847 381504 382144 1
19-07-2017-11:31:13:877 382144 382784 1
19-07-2017-11:31:13:917 382784 383424 1
19-07-2017-11:31:13:957 383424 384064 1
19-07-2017-11:31:13:996 384064 384704 1
19-07-2017-11:31:14:044 384704 385344 1
19-07-2017-11:31:14:084 385344 385984 1
19-07-2017-11:31:14:113 385984 386624 1
19-07-2017-11:31:14:155 386624 387264 1
19-07-2017-11:31:14:194 387264 387904 1
19-07-2017-11:31:14:240 387904 388544 1
19-07-2017-11:31:14:281 388544 389184 1
19-07-2017-11:31:14:321 389184 389824 1
19-07-2017-11:31:14:362 389824 390464 1
19-07-2017-11:31:14:408 390464 391104 1
19-07-2017-11:31:14:447 391104 391744 1
19-07-2017-11:31:14:477 391744 392384 1
19-07-2017-11:31:14:516 392384 393024 1
19-07-2017-11:31:14:559 393024 393664 1
19-07-2017-11:31:14:599 393664 394304 1
19-07-2017-11:31:14:645 394304 394944 1
19-07-2017-11:31:14:674 394944 395584 1
19-07-2017-11:31:14:717 395584 396224 1
19-07-2017-11:31:14:756 396224 396864 1
19-07-2017-11:31:14:796 396864 397504 1
19-07-2017-11:31:14:842 397504 398144 1
19-07-2017-11:31:14:872 398144 398784 1
19-07-2017-11:31:14:913 398784 399424 1
19-07-2017-11:31:14:954 399424 400064 1
19-07-2017-11:31:14:994 400064 400704 1
19-07-2017-11:31:15:041 400704 401344 1
19-07-2017-11:31:15:087 401344 401984 1
19-07-2017-11:31:15:116 401984 402624 1
19-07-2017-11:31:15:158 402624 403264 1
19-07-2017-11:31:15:199 403264 403904 1
19-07-2017-11:31:15:238 403904 404544 1
19-07-2017-11:31:15:284 404544 405184 1
19-07-2017-11:31:15:314 405184 405824 1
19-07-2017-11:31:15:355 405824 406464 1
19-07-2017-11:31:15:395 406464 407104 1
19-07-2017-11:31:15:437 407104 407744 1
19-07-2017-11:31:15:614 407744 408384 1
19-07-2017-11:31:15:615 408384 409024 1
19-07-2017-11:31:15:616 409024 409664 1
19-07-2017-11:31:15:616 409664 410304 1
19-07-2017-11:31:15:637 410304 410944 1
19-07-2017-11:31:15:680 410944 411584 1
19-07-2017-11:31:15:720 411584 412224 1
19-07-2017-11:31:15:761 412224 412864 1
19-07-2017-11:31:15:801 412864 413504 1
19-07-2017-11:31:15:847 413504 414144 1
19-07-2017-11:31:15:872 414144 414784 1
19-07-2017-11:31:15:917 414784 415424 1
19-07-2017-11:31:15:957 415424 416064 1
19-07-2017-11:31:15:999 416064 416704 1
19-07-2017-11:31:16:044 416704 417344 1
19-07-2017-11:31:16:086 417344 417984 1
19-07-2017-11:31:16:114 417984 418624 1
19-07-2017-11:31:16:156 418624 419264 1
19-07-2017-11:31:16:195 419264 419904 1
19-07-2017-11:31:16:237 419904 420544 1
19-07-2017-11:31:16:282 420544 421184 1
19-07-2017-11:31:16:322 421184 421824 1
19-07-2017-11:31:16:351 421824 422464 1
19-07-2017-11:31:16:394 422464 423104 1
19-07-2017-11:31:16:433 423104 423744 1
19-07-2017-11:31:16:479 423744 424384 1
19-07-2017-11:31:16:519 424384 425024 1
19-07-2017-11:31:16:566 425024 425664 1
19-07-2017-11:31:16:597 425664 426304 1
19-07-2017-11:31:16:635 426304 426944 1
19-07-2017-11:31:16:675 426944 427584 1
19-07-2017-11:31:16:718 427584 428224 1
19-07-2017-11:31:16:762 428224 428864 1
19-07-2017-11:31:16:804 428864 429504 1
19-07-2017-11:31:16:842 429504 430144 1
19-07-2017-11:31:16:871 430144 430784 1
19-07-2017-11:31:16:913 430784 431424 1
19-07-2017-11:31:16:959 431424 432064 1
19-07-2017-11:31:16:999 432064 432704 1
19-07-2017-11:31:17:045 432704 433344 1
19-07-2017-11:31:17:088 433344 433984 1
19-07-2017-11:31:17:128 433984 434624 1
19-07-2017-11:31:17:157 434624 435264 1
19-07-2017-11:31:17:196 435264 435904 1
19-07-2017-11:31:17:237 435904 436544 1
19-07-2017-11:31:17:281 436544 437184 1
19-07-2017-11:31:17:322 437184 437824 1
19-07-2017-11:31:17:351 437824 438464 1
19-07-2017-11:31:17:395 438464 439104 1
19-07-2017-11:31:17:434 439104 439744 1
19-07-2017-11:31:17:475 439744 440384 1
19-07-2017-11:31:17:521 440384 441024 1
19-07-2017-11:31:17:563 441024 441664 1
19-07-2017-11:31:17:602 441664 442304 1
19-07-2017-11:31:17:632 442304 442944 1
19-07-2017-11:31:17:676 442944 443584 1
19-07-2017-11:31:17:717 443584 444224 1
19-07-2017-11:31:17:759 444224 444864 1
19-07-2017-11:31:17:804 444864 445504 1
19-07-2017-11:31:17:846 445504 446144 1
19-07-2017-11:31:17:876 446144 446784 1
19-07-2017-11:31:17:916 446784 447424 1
19-07-2017-11:31:17:957 447424 448064 1
19-07-2017-11:31:18:002 448064 448704 1
19-07-2017-11:31:18:047 448704 449344 1
19-07-2017-11:31:18:087 449344 449984 1
19-07-2017-11:31:18:117 449984 450624 1
19-07-2017-11:31:18:157 450624 451264 1
19-07-2017-11:31:18:197 451264 451904 1
19-07-2017-11:31:18:237 451904 452544 1
19-07-2017-11:31:18:284 452544 453184 1
19-07-2017-11:31:18:314 453184 453824 1
19-07-2017-11:31:18:354 453824 454464 1
19-07-2017-11:31:18:394 454464 455104 1
19-07-2017-11:31:18:435 455104 455744 1
19-07-2017-11:31:18:483 455744 456384 1
19-07-2017-11:31:18:522 456384 457024 1
19-07-2017-11:31:18:552 457024 457664 1
19-07-2017-11:31:18:593 457664 458304 1
19-07-2017-11:31:18:729 458304 458944 1
19-07-2017-11:31:18:732 458944 459584 1
19-07-2017-11:31:18:732 459584 460224 1
19-07-2017-11:31:18:761 460224 460864 1
19-07-2017-11:31:18:802 460864 461504 1
19-07-2017-11:31:18:848 461504 462144 1
19-07-2017-11:31:18:872 462144 462784 1
19-07-2017-11:31:18:917 462784 463424 1
19-07-2017-11:31:18:959 463424 464064 1
19-07-2017-11:31:19:000 464064 464704 1
19-07-2017-11:31:19:045 464704 465344 1
19-07-2017-11:31:19:085 465344 465984 1
19-07-2017-11:31:19:115 465984 466624 1
19-07-2017-11:31:19:156 466624 467264 1
19-07-2017-11:31:19:196 467264 467904 1
19-07-2017-11:31:19:237 467904 468544 1
19-07-2017-11:31:19:283 468544 469184 1
19-07-2017-11:31:19:312 469184 469824 1
19-07-2017-11:31:19:353 469824 470464 1
19-07-2017-11:31:19:394 470464 471104 1
19-07-2017-11:31:19:435 471104 471744 1
19-07-2017-11:31:19:481 471744 472384 1
19-07-2017-11:31:19:522 472384 473024 1
19-07-2017-11:31:19:562 473024 473664 1
19-07-2017-11:31:19:592 473664 474304 1
19-07-2017-11:31:19:631 474304 474944 1
19-07-2017-11:31:19:673 474944 475584 1
19-07-2017-11:31:19:717 475584 476224 1
19-07-2017-11:31:19:759 476224 476864 1
19-07-2017-11:31:19:800 476864 477504 1
19-07-2017-11:31:19:840 477504 478144 1
19-07-2017-11:31:19:886 478144 478784 1
19-07-2017-11:31:19:915 478784 479424 1
19-07-2017-11:31:19:963 479424 480064 1
19-07-2017-11:31:20:002 480064 480704 1
19-07-2017-11:31:20:033 480704 481344 1
19-07-2017-11:31:20:073 481344 481984 1
19-07-2017-11:31:20:119 481984 482624 1
19-07-2017-11:31:20:159 482624 483264 1
19-07-2017-11:31:20:201 483264 483904 1
19-07-2017-11:31:20:247 483904 484544 1
19-07-2017-11:31:20:278 484544 485184 1
19-07-2017-11:31:20:316 485184 485824 1
19-07-2017-11:31:20:359 485824 486464 1
19-07-2017-11:31:20:398 486464 487104 1
19-07-2017-11:31:20:444 487104 487744 1
19-07-2017-11:31:20:483 487744 488384 1
19-07-2017-11:31:20:512 488384 489024 1
19-07-2017-11:31:20:552 489024 489664 1
19-07-2017-11:31:20:594 489664 490304 1
19-07-2017-11:31:20:638 490304 490944 1
19-07-2017-11:31:20:679 490944 491584 1
19-07-2017-11:31:20:721 491584 492224 1
19-07-2017-11:31:20:762 492224 492864 1
19-07-2017-11:31:20:811 492864 493504 1
19-07-2017-11:31:20:832 493504 494144 1
19-07-2017-11:31:20:878 494144 494784 1
19-07-2017-11:31:20:918 494784 495424 1
19-07-2017-11:31:20:958 495424 496064 1
19-07-2017-11:31:21:001 496064 496704 1
19-07-2017-11:31:21:040 496704 497344 1
19-07-2017-11:31:21:082 497344 497984 1
19-07-2017-11:31:21:127 497984 498624 1
19-07-2017-11:31:21:156 498624 499264 1
19-07-2017-11:31:21:196 499264 499904 1
19-07-2017-11:31:21:238 499904 500544 1
19-07-2017-11:31:21:278 500544 501184 1
19-07-2017-11:31:21:323 501184 501824 1
19-07-2017-11:31:21:365 501824 502464 1
19-07-2017-11:31:21:392 502464 503104 1
19-07-2017-11:31:21:434 503104 503744 1
19-07-2017-11:31:21:474 503744 504384 1
19-07-2017-11:31:21:521 504384 505024 1
19-07-2017-11:31:21:561 505024 505664 1
19-07-2017-11:31:21:601 505664 506304 1
19-07-2017-11:31:21:643 506304 506944 1
19-07-2017-11:31:21:688 506944 507584 1
19-07-2017-11:31:21:711 507584 508224 1
19-07-2017-11:31:21:758 508224 508864 1
19-07-2017-11:31:21:872 508864 509504 1
19-07-2017-11:31:21:873 509504 510144 1
19-07-2017-11:31:21:885 510144 510784 1
19-07-2017-11:31:21:925 510784 511424 1
19-07-2017-11:31:21:954 511424 512064 1
19-07-2017-11:31:21:994 512064 512704 1
19-07-2017-11:31:22:035 512704 513344 1
19-07-2017-11:31:22:077 513344 513984 1
19-07-2017-11:31:22:123 513984 514624 1
19-07-2017-11:31:22:152 514624 515264 1
19-07-2017-11:31:22:193 515264 515904 1
19-07-2017-11:31:22:233 515904 516544 1
19-07-2017-11:31:22:274 516544 517184 1
19-07-2017-11:31:22:321 517184 517824 1
19-07-2017-11:31:22:361 517824 518464 1
19-07-2017-11:31:22:401 518464 519104 1
19-07-2017-11:31:22:448 519104 519744 1
19-07-2017-11:31:22:471 519744 520384 1
19-07-2017-11:31:22:517 520384 521024 1
19-07-2017-11:31:22:554 521024 521664 1
19-07-2017-11:31:22:600 521664 522304 1
19-07-2017-11:31:22:641 522304 522944 1
19-07-2017-11:31:22:682 522944 523584 1
19-07-2017-11:31:22:722 523584 524224 1
19-07-2017-11:31:22:768 524224 524864 1
19-07-2017-11:31:22:792 524864 525504 1
19-07-2017-11:31:22:837 525504 526144 1
19-07-2017-11:31:22:877 526144 526784 1
19-07-2017-11:31:22:918 526784 527424 1
19-07-2017-11:31:22:965 527424 528064 1
19-07-2017-11:31:23:006 528064 528704 1
19-07-2017-11:31:23:034 528704 529344 1
19-07-2017-11:31:23:075 529344 529984 1
19-07-2017-11:31:23:117 529984 530624 1
19-07-2017-11:31:23:164 530624 531264 1
19-07-2017-11:31:23:202 531264 531904 1
19-07-2017-11:31:23:231 531904 532544 1
19-07-2017-11:31:23:276 532544 533184 1
19-07-2017-11:31:23:314 533184 533824 1
19-07-2017-11:31:23:360 533824 534464 1
19-07-2017-11:31:23:403 534464 535104 1
19-07-2017-11:31:23:446 535104 535744 1
19-07-2017-11:31:23:480 535744 536384 1
19-07-2017-11:31:23:527 536384 537024 1
19-07-2017-11:31:23:567 537024 537664 1
19-07-2017-11:31:23:597 537664 538304 1
19-07-2017-11:31:23:637 538304 538944 1
19-07-2017-11:31:23:678 538944 539584 1
19-07-2017-11:31:23:726 539584 540224 1
19-07-2017-11:31:23:765 540224 540864 1
19-07-2017-11:31:23:795 540864 541504 1
19-07-2017-11:31:23:834 541504 542144 1
19-07-2017-11:31:23:876 542144 542784 1
19-07-2017-11:31:23:923 542784 543424 1
19-07-2017-11:31:23:964 543424 544064 1
19-07-2017-11:31:23:992 544064 544704 1
19-07-2017-11:31:24:037 544704 545344 1
19-07-2017-11:31:24:079 545344 545984 1
19-07-2017-11:31:24:119 545984 546624 1
19-07-2017-11:31:24:160 546624 547264 1
19-07-2017-11:31:24:207 547264 547904 1
19-07-2017-11:31:24:238 547904 548544 1
19-07-2017-11:31:24:277 548544 549184 1
19-07-2017-11:31:24:317 549184 549824 1
19-07-2017-11:31:24:359 549824 550464 1
19-07-2017-11:31:24:405 550464 551104 1
19-07-2017-11:31:24:440 551104 551744 1
19-07-2017-11:31:24:472 551744 552384 1
19-07-2017-11:31:24:519 552384 553024 1
19-07-2017-11:31:24:554 553024 553664 1
19-07-2017-11:31:24:600 553664 554304 1
19-07-2017-11:31:24:640 554304 554944 1
19-07-2017-11:31:24:681 554944 555584 1
19-07-2017-11:31:24:722 555584 556224 1
19-07-2017-11:31:24:767 556224 556864 1
19-07-2017-11:31:24:794 556864 557504 1
19-07-2017-11:31:24:837 557504 558144 1
19-07-2017-11:31:24:878 558144 558784 1
19-07-2017-11:31:24:919 558784 559424 1
19-07-2017-11:31:25:086 559424 560064 1
19-07-2017-11:31:25:088 560064 560704 1
19-07-2017-11:31:25:088 560704 561344 1
19-07-2017-11:31:25:089 561344 561984 1
19-07-2017-11:31:25:117 561984 562624 1
19-07-2017-11:31:25:159 562624 563264 1
19-07-2017-11:31:25:204 563264 563904 1
19-07-2017-11:31:25:233 563904 564544 1
19-07-2017-11:31:25:274 564544 565184 1
19-07-2017-11:31:25:315 565184 565824 1
19-07-2017-11:31:25:362 565824 566464 1
19-07-2017-11:31:25:401 566464 567104 1
19-07-2017-11:31:25:443 567104 567744 1
19-07-2017-11:31:25:482 567744 568384 1
19-07-2017-11:31:25:511 568384 569024 1
19-07-2017-11:31:25:555 569024 569664 1
19-07-2017-11:31:25:597 569664 570304 1
19-07-2017-11:31:25:637 570304 570944 1
19-07-2017-11:31:25:683 570944 571584 1
19-07-2017-11:31:25:711 571584 572224 1
19-07-2017-11:31:25:753 572224 572864 1
19-07-2017-11:31:25:794 572864 573504 1
19-07-2017-11:31:25:839 573504 574144 1
19-07-2017-11:31:25:880 574144 574784 1
19-07-2017-11:31:25:919 574784 575424 1
19-07-2017-11:31:25:961 575424 576064 1
19-07-2017-11:31:26:008 576064 576704 1
19-07-2017-11:31:26:031 576704 577344 1
19-07-2017-11:31:26:078 577344 577984 1
19-07-2017-11:31:26:118 577984 578624 1
19-07-2017-11:31:26:159 578624 579264 1
19-07-2017-11:31:26:205 579264 579904 1
19-07-2017-11:31:26:246 579904 580544 1
19-07-2017-11:31:26:273 580544 581184 1
19-07-2017-11:31:26:315 581184 581824 1
19-07-2017-11:31:26:355 581824 582464 1
19-07-2017-11:31:26:401 582464 583104 1
19-07-2017-11:31:26:441 583104 583744 1
19-07-2017-11:31:26:473 583744 584384 1
19-07-2017-11:31:26:513 584384 585024 1
19-07-2017-11:31:26:556 585024 585664 1
19-07-2017-11:31:26:599 585664 586304 1
19-07-2017-11:31:26:641 586304 586944 1
19-07-2017-11:31:26:681 586944 587584 1
19-07-2017-11:31:26:722 587584 588224 1
19-07-2017-11:31:26:761 588224 588864 1
19-07-2017-11:31:26:791 588864 589504 1
19-07-2017-11:31:26:838 589504 590144 1
19-07-2017-11:31:26:879 590144 590784 1
19-07-2017-11:31:26:918 590784 591424 1
19-07-2017-11:31:26:960 591424 592064 1
19-07-2017-11:31:27:004 592064 592704 1
19-07-2017-11:31:27:035 592704 593344 1
19-07-2017-11:31:27:075 593344 593984 1
19-07-2017-11:31:27:121 593984 594624 1
19-07-2017-11:31:27:160 594624 595264 1
19-07-2017-11:31:27:201 595264 595904 1
19-07-2017-11:31:27:241 595904 596544 1
19-07-2017-11:31:27:270 596544 597184 1
19-07-2017-11:31:27:318 597184 597824 1
19-07-2017-11:31:27:359 597824 598464 1
19-07-2017-11:31:27:399 598464 599104 1
19-07-2017-11:31:27:438 599104 599744 1
19-07-2017-11:31:27:486 599744 600384 1
19-07-2017-11:31:27:514 600384 601024 1
19-07-2017-11:31:27:554 601024 601664 1
19-07-2017-11:31:27:595 601664 602304 1
19-07-2017-11:31:27:636 602304 602944 1
19-07-2017-11:31:27:682 602944 603584 1
19-07-2017-11:31:27:723 603584 604224 1
19-07-2017-11:31:27:754 604224 604864 1
19-07-2017-11:31:27:793 604864 605504 1
19-07-2017-11:31:27:834 605504 606144 1
19-07-2017-11:31:27:875 606144 606784 1
19-07-2017-11:31:27:921 606784 607424 1
19-07-2017-11:31:27:961 607424 608064 1
19-07-2017-11:31:28:002 608064 608704 1
19-07-2017-11:31:28:033 608704 609344 1
19-07-2017-11:31:28:073 609344 609984 1
19-07-2017-11:31:28:119 609984 610624 1
19-07-2017-11:31:28:272 610624 611264 1
19-07-2017-11:31:28:273 611264 611904 1
19-07-2017-11:31:28:273 611904 612544 1
19-07-2017-11:31:28:286 612544 613184 1
19-07-2017-11:31:28:315 613184 613824 1
19-07-2017-11:31:28:363 613824 614464 1
19-07-2017-11:31:28:396 614464 615104 1
19-07-2017-11:31:28:443 615104 615744 1
19-07-2017-11:31:28:485 615744 616384 1
19-07-2017-11:31:28:513 616384 617024 1
19-07-2017-11:31:28:555 617024 617664 1
19-07-2017-11:31:28:595 617664 618304 1
19-07-2017-11:31:28:637 618304 618944 1
19-07-2017-11:31:28:681 618944 619584 1
19-07-2017-11:31:28:723 619584 620224 1
19-07-2017-11:31:28:761 620224 620864 1
19-07-2017-11:31:28:794 620864 621504 1
19-07-2017-11:31:28:833 621504 622144 1
19-07-2017-11:31:28:877 622144 622784 1
19-07-2017-11:31:28:919 622784 623424 1
19-07-2017-11:31:28:959 623424 624064 1
19-07-2017-11:31:28:999 624064 624704 1
19-07-2017-11:31:29:046 624704 625344 1
19-07-2017-11:31:29:081 625344 625984 1
19-07-2017-11:31:29:115 625984 626624 1
19-07-2017-11:31:29:155 626624 627264 1
19-07-2017-11:31:29:195 627264 627904 1
19-07-2017-11:31:29:243 627904 628544 1
19-07-2017-11:31:29:284 628544 629184 1
19-07-2017-11:31:29:313 629184 629824 1
19-07-2017-11:31:29:353 629824 630464 1
19-07-2017-11:31:29:393 630464 631104 1
19-07-2017-11:31:29:441 631104 631744 1
19-07-2017-11:31:29:481 631744 632384 1
19-07-2017-11:31:29:523 632384 633024 1
19-07-2017-11:31:29:563 633024 633664 1
19-07-2017-11:31:29:591 633664 634304 1
19-07-2017-11:31:29:633 634304 634944 1
19-07-2017-11:31:29:677 634944 635584 1
19-07-2017-11:31:29:718 635584 636224 1
19-07-2017-11:31:29:759 636224 636864 1
19-07-2017-11:31:29:805 636864 637504 1
19-07-2017-11:31:29:845 637504 638144 1
19-07-2017-11:31:29:875 638144 638784 1
19-07-2017-11:31:29:915 638784 639424 1
19-07-2017-11:31:29:957 639424 640064 1
19-07-2017-11:31:29:996 640064 640704 1
19-07-2017-11:31:30:041 640704 641344 1
19-07-2017-11:31:30:081 641344 641984 1
19-07-2017-11:31:30:128 641984 642624 1
19-07-2017-11:31:30:151 642624 643264 1
19-07-2017-11:31:30:196 643264 643904 1
19-07-2017-11:31:30:237 643904 644544 1
19-07-2017-11:31:30:279 644544 645184 1
19-07-2017-11:31:30:325 645184 645824 1
19-07-2017-11:31:30:365 645824 646464 1
19-07-2017-11:31:30:395 646464 647104 1
19-07-2017-11:31:30:434 647104 647744 1
19-07-2017-11:31:30:475 647744 648384 1
19-07-2017-11:31:30:520 648384 649024 1
19-07-2017-11:31:30:562 649024 649664 1
19-07-2017-11:31:30:603 649664 650304 1
19-07-2017-11:31:30:643 650304 650944 1
19-07-2017-11:31:30:671 650944 651584 1
19-07-2017-11:31:30:712 651584 652224 1
19-07-2017-11:31:30:758 652224 652864 1
19-07-2017-11:31:30:800 652864 653504 1
19-07-2017-11:31:30:839 653504 654144 1
19-07-2017-11:31:30:879 654144 654784 1
19-07-2017-11:31:30:927 654784 655424 1
19-07-2017-11:31:30:967 655424 656064 1
19-07-2017-11:31:30:995 656064 656704 1
19-07-2017-11:31:31:037 656704 657344 1
19-07-2017-11:31:31:076 657344 657984 1
19-07-2017-11:31:31:118 657984 658624 1
19-07-2017-11:31:31:164 658624 659264 1
19-07-2017-11:31:31:196 659264 659904 1
19-07-2017-11:31:31:237 659904 660544 1
19-07-2017-11:31:31:274 660544 661184 1
19-07-2017-11:31:31:395 661184 661824 1
19-07-2017-11:31:31:396 661824 662464 1
19-07-2017-11:31:31:400 662464 663104 1
19-07-2017-11:31:31:442 663104 663744 1
19-07-2017-11:31:31:471 663744 664384 1
19-07-2017-11:31:31:512 664384 665024 1
19-07-2017-11:31:31:551 665024 665664 1
19-07-2017-11:31:31:599 665664 666304 1
19-07-2017-11:31:31:640 666304 666944 1
19-07-2017-11:31:31:680 666944 667584 1
19-07-2017-11:31:31:721 667584 668224 1
19-07-2017-11:31:31:766 668224 668864 1
19-07-2017-11:31:31:795 668864 669504 1
19-07-2017-11:31:31:837 669504 670144 1
19-07-2017-11:31:31:877 670144 670784 1
19-07-2017-11:31:31:918 670784 671424 1
19-07-2017-11:31:31:965 671424 672064 1
19-07-2017-11:31:31:994 672064 672704 1
19-07-2017-11:31:32:034 672704 673344 1
19-07-2017-11:31:32:074 673344 673984 1
19-07-2017-11:31:32:116 673984 674624 1
19-07-2017-11:31:32:163 674624 675264 1
19-07-2017-11:31:32:191 675264 675904 1
19-07-2017-11:31:32:232 675904 676544 1
19-07-2017-11:31:32:273 676544 677184 1
19-07-2017-11:31:32:319 677184 677824 1
19-07-2017-11:31:32:361 677824 678464 1
19-07-2017-11:31:32:401 678464 679104 1
19-07-2017-11:31:32:441 679104 679744 1
19-07-2017-11:31:32:488 679744 680384 1
19-07-2017-11:31:32:516 680384 681024 1
19-07-2017-11:31:32:558 681024 681664 1
19-07-2017-11:31:32:596 681664 682304 1
19-07-2017-11:31:32:643 682304 682944 1
19-07-2017-11:31:32:683 682944 683584 1
19-07-2017-11:31:32:712 683584 684224 1
19-07-2017-11:31:32:754 684224 684864 1
19-07-2017-11:31:32:793 684864 685504 1
19-07-2017-11:31:32:834 685504 686144 1
19-07-2017-11:31:32:880 686144 686784 1
19-07-2017-11:31:32:920 686784 687424 1
19-07-2017-11:31:32:962 687424 688064 1
19-07-2017-11:31:33:002 688064 688704 1
19-07-2017-11:31:33:036 688704 689344 1
19-07-2017-11:31:33:081 689344 689984 1
19-07-2017-11:31:33:159 689984 690624 1
19-07-2017-11:31:33:162 690624 691264 1
19-07-2017-11:31:33:191 691264 691904 1
19-07-2017-11:31:33:237 691904 692544 1
19-07-2017-11:31:33:279 692544 693184 1
19-07-2017-11:31:33:318 693184 693824 1
19-07-2017-11:31:33:358 693824 694464 1
19-07-2017-11:31:33:405 694464 695104 1
19-07-2017-11:31:33:435 695104 695744 1
19-07-2017-11:31:33:476 695744 696384 1
19-07-2017-11:31:33:515 696384 697024 1
19-07-2017-11:31:33:556 697024 697664 1
19-07-2017-11:31:33:601 697664 698304 1
19-07-2017-11:31:33:643 698304 698944 1
19-07-2017-11:31:33:672 698944 699584 1
19-07-2017-11:31:33:712 699584 700224 1
19-07-2017-11:31:33:753 700224 700864 1
19-07-2017-11:31:33:799 700864 701504 1
19-07-2017-11:31:33:841 701504 702144 1
19-07-2017-11:31:33:880 702144 702784 1
19-07-2017-11:31:33:922 702784 703424 1
19-07-2017-11:31:33:950 703424 704064 1
19-07-2017-11:31:33:998 704064 704704 1
19-07-2017-11:31:34:041 704704 705344 1
19-07-2017-11:31:34:078 705344 705984 1
19-07-2017-11:31:34:118 705984 706624 1
19-07-2017-11:31:34:164 706624 707264 1
19-07-2017-11:31:34:207 707264 707904 1
19-07-2017-11:31:34:235 707904 708544 1
19-07-2017-11:31:34:275 708544 709184 1
19-07-2017-11:31:34:317 709184 709824 1
19-07-2017-11:31:34:356 709824 710464 1
19-07-2017-11:31:34:403 710464 711104 1
19-07-2017-11:31:34:431 711104 711744 1
19-07-2017-11:31:34:473 711744 712384 1
19-07-2017-11:31:34:513 712384 713024 1
19-07-2017-11:31:34:558 713024 713664 1
19-07-2017-11:31:34:600 713664 714304 1
19-07-2017-11:31:34:639 714304 714944 1
19-07-2017-11:31:34:686 714944 715584 1
19-07-2017-11:31:34:714 715584 716224 1
19-07-2017-11:31:34:757 716224 716864 1
19-07-2017-11:31:34:800 716864 717504 1
19-07-2017-11:31:34:838 717504 718144 1
19-07-2017-11:31:34:884 718144 718784 1
19-07-2017-11:31:34:924 718784 719424 1
19-07-2017-11:31:34:952 719424 720064 1
19-07-2017-11:31:34:994 720064 720704 1
19-07-2017-11:31:35:033 720704 721344 1
19-07-2017-11:31:35:075 721344 721984 1
19-07-2017-11:31:35:120 721984 722624 1
19-07-2017-11:31:35:161 722624 723264 1
19-07-2017-11:31:35:203 723264 723904 1
19-07-2017-11:31:35:243 723904 724544 1
19-07-2017-11:31:35:288 724544 725184 1
19-07-2017-11:31:35:328 725184 725824 1
19-07-2017-11:31:35:357 725824 726464 1
19-07-2017-11:31:35:398 726464 727104 1
19-07-2017-11:31:35:437 727104 727744 1
19-07-2017-11:31:35:478 727744 728384 1
19-07-2017-11:31:35:528 728384 729024 1
19-07-2017-11:31:35:567 729024 729664 1
19-07-2017-11:31:35:595 729664 730304 1
19-07-2017-11:31:35:635 730304 730944 1
19-07-2017-11:31:35:678 730944 731584 1
19-07-2017-11:31:35:717 731584 732224 1
19-07-2017-11:31:35:765 732224 732864 1
19-07-2017-11:31:35:794 732864 733504 1
19-07-2017-11:31:35:836 733504 734144 1
19-07-2017-11:31:35:874 734144 734784 1
19-07-2017-11:31:35:916 734784 735424 1
19-07-2017-11:31:35:961 735424 736064 1
19-07-2017-11:31:36:003 736064 736704 1
19-07-2017-11:31:36:032 736704 737344 1
19-07-2017-11:31:36:076 737344 737984 1
19-07-2017-11:31:36:117 737984 738624 1
19-07-2017-11:31:36:158 738624 739264 1
19-07-2017-11:31:36:199 739264 739904 1
19-07-2017-11:31:36:245 739904 740544 1
19-07-2017-11:31:36:408 740544 741184 1
19-07-2017-11:31:36:409 741184 741824 1
19-07-2017-11:31:36:409 741824 742464 1
19-07-2017-11:31:36:410 742464 743104 1
19-07-2017-11:31:36:440 743104 743744 1
19-07-2017-11:31:36:482 743744 744384 1
19-07-2017-11:31:36:522 744384 745024 1
19-07-2017-11:31:36:551 745024 745664 1
19-07-2017-11:31:36:592 745664 746304 1
19-07-2017-11:31:36:639 746304 746944 1
19-07-2017-11:31:36:681 746944 747584 1
19-07-2017-11:31:36:721 747584 748224 1
19-07-2017-11:31:36:765 748224 748864 1
19-07-2017-11:31:36:806 748864 749504 1
19-07-2017-11:31:36:836 749504 750144 1
19-07-2017-11:31:36:876 750144 750784 1
19-07-2017-11:31:36:917 750784 751424 1
19-07-2017-11:31:36:958 751424 752064 1
19-07-2017-11:31:37:004 752064 752704 1
19-07-2017-11:31:37:044 752704 753344 1
19-07-2017-11:31:37:074 753344 753984 1
19-07-2017-11:31:37:115 753984 754624 1
19-07-2017-11:31:37:157 754624 755264 1
19-07-2017-11:31:37:203 755264 755904 1
19-07-2017-11:31:37:244 755904 756544 1
19-07-2017-11:31:37:272 756544 757184 1
19-07-2017-11:31:37:313 757184 757824 1
19-07-2017-11:31:37:352 757824 758464 1
19-07-2017-11:31:37:395 758464 759104 1
19-07-2017-11:31:37:440 759104 759744 1
19-07-2017-11:31:37:480 759744 760384 1
19-07-2017-11:31:37:520 760384 761024 1
19-07-2017-11:31:37:560 761024 761664 1
19-07-2017-11:31:37:601 761664 762304 1
19-07-2017-11:31:37:630 762304 762944 1
19-07-2017-11:31:37:677 762944 763584 1
19-07-2017-11:31:37:718 763584 764224 1
19-07-2017-11:31:37:757 764224 764864 1
19-07-2017-11:31:37:800 764864 765504 1
19-07-2017-11:31:37:846 765504 766144 1
19-07-2017-11:31:37:886 766144 766784 1
19-07-2017-11:31:37:915 766784 767424 1
19-07-2017-11:31:37:955 767424 768064 1
19-07-2017-11:31:37:995 768064 768704 1
19-07-2017-11:31:38:042 768704 769344 1
19-07-2017-11:31:38:082 769344 769984 1
19-07-2017-11:31:38:111 769984 770624 1
19-07-2017-11:31:38:152 770624 771264 1
19-07-2017-11:31:38:193 771264 771904 1
19-07-2017-11:31:38:234 771904 772544 1
19-07-2017-11:31:38:280 772544 773184 1
19-07-2017-11:31:38:321 773184 773824 1
19-07-2017-11:31:38:361 773824 774464 1
19-07-2017-11:31:38:392 774464 775104 1
19-07-2017-11:31:38:432 775104 775744 1
19-07-2017-11:31:38:478 775744 776384 1
19-07-2017-11:31:38:517 776384 777024 1
19-07-2017-11:31:38:558 777024 777664 1
19-07-2017-11:31:38:600 777664 778304 1
19-07-2017-11:31:38:646 778304 778944 1
19-07-2017-11:31:38:674 778944 779584 1
19-07-2017-11:31:38:717 779584 780224 1
19-07-2017-11:31:38:757 780224 780864 1
19-07-2017-11:31:38:797 780864 781504 1
19-07-2017-11:31:38:841 781504 782144 1
19-07-2017-11:31:38:870 782144 782784 1
19-07-2017-11:31:38:911 782784 783424 1
19-07-2017-11:31:38:952 783424 784064 1
19-07-2017-11:31:38:994 784064 784704 1
19-07-2017-11:31:39:039 784704 785344 1
19-07-2017-11:31:39:079 785344 785984 1
19-07-2017-11:31:39:126 785984 786624 1
19-07-2017-11:31:39:155 786624 787264 1
19-07-2017-11:31:39:195 787264 787904 1
19-07-2017-11:31:39:235 787904 788544 1
19-07-2017-11:31:39:277 788544 789184 1
19-07-2017-11:31:39:324 789184 789824 1
19-07-2017-11:31:39:363 789824 790464 1
19-07-2017-11:31:39:392 790464 791104 1
19-07-2017-11:31:39:527 791104 791744 1
19-07-2017-11:31:39:529 791744 792384 1
19-07-2017-11:31:39:529 792384 793024 1
19-07-2017-11:31:39:563 793024 793664 1
19-07-2017-11:31:39:600 793664 794304 1
19-07-2017-11:31:39:642 794304 794944 1
19-07-2017-11:31:39:682 794944 795584 1
19-07-2017-11:31:39:711 795584 796224 1
19-07-2017-11:31:39:757 796224 796864 1
19-07-2017-11:31:39:798 796864 797504 1
19-07-2017-11:31:39:839 797504 798144 1
19-07-2017-11:31:39:880 798144 798784 1
19-07-2017-11:31:39:924 798784 799424 1
19-07-2017-11:31:39:952 799424 800064 1
19-07-2017-11:31:39:995 800064 800704 1
19-07-2017-11:31:40:036 800704 801344 1
19-07-2017-11:31:40:077 801344 801984 1
19-07-2017-11:31:40:116 801984 802624 1
19-07-2017-11:31:40:163 802624 803264 1
19-07-2017-11:31:40:195 803264 803904 1
19-07-2017-11:31:40:233 803904 804544 1
19-07-2017-11:31:40:273 804544 805184 1
19-07-2017-11:31:40:313 805184 805824 1
19-07-2017-11:31:40:360 805824 806464 1
19-07-2017-11:31:40:400 806464 807104 1
19-07-2017-11:31:40:442 807104 807744 1
19-07-2017-11:31:40:481 807744 808384 1
19-07-2017-11:31:40:511 808384 809024 1
19-07-2017-11:31:40:562 809024 809664 1
19-07-2017-11:31:40:597 809664 810304 1
19-07-2017-11:31:40:630 810304 810944 1
19-07-2017-11:31:40:673 810944 811584 1
19-07-2017-11:31:40:712 811584 812224 1
19-07-2017-11:31:40:759 812224 812864 1
19-07-2017-11:31:40:800 812864 813504 1
19-07-2017-11:31:40:841 813504 814144 1
19-07-2017-11:31:40:883 814144 814784 1
19-07-2017-11:31:40:914 814784 815424 1
19-07-2017-11:31:40:952 815424 816064 1
19-07-2017-11:31:40:999 816064 816704 1
19-07-2017-11:31:41:038 816704 817344 1
19-07-2017-11:31:41:080 817344 817984 1
19-07-2017-11:31:41:120 817984 818624 1
19-07-2017-11:31:41:167 818624 819264 1
19-07-2017-11:31:41:196 819264 819904 1
19-07-2017-11:31:41:236 819904 820544 1
19-07-2017-11:31:41:277 820544 821184 1
19-07-2017-11:31:41:317 821184 821824 1
19-07-2017-11:31:41:364 821824 822464 1
19-07-2017-11:31:41:404 822464 823104 1
19-07-2017-11:31:41:433 823104 823744 1
