19-07-2017-16:12:20:562 0 800 1
19-07-2017-16:12:20:595 800 1600 1
19-07-2017-16:12:20:635 1600 2400 1
19-07-2017-16:12:20:688 2400 3104 1
19-07-2017-16:12:20:737 3104 3808 1
19-07-2017-16:12:20:780 3808 4512 1
19-07-2017-16:12:20:817 4512 5216 1
19-07-2017-16:12:20:856 5216 5920 1
19-07-2017-16:12:20:903 5920 6624 1
19-07-2017-16:12:20:944 6624 7328 1
19-07-2017-16:12:20:996 7328 8000 1
19-07-2017-16:12:21:043 8000 8672 1
19-07-2017-16:12:21:071 8672 9344 1
19-07-2017-16:12:21:111 9344 10016 1
19-07-2017-16:12:21:153 10016 10688 1
19-07-2017-16:12:21:206 10688 11360 1
19-07-2017-16:12:21:252 11360 12032 1
19-07-2017-16:12:21:294 12032 12704 1
19-07-2017-16:12:21:322 12704 13376 1
19-07-2017-16:12:21:372 13376 14048 1
19-07-2017-16:12:21:419 14048 14720 1
19-07-2017-16:12:21:458 14720 15392 1
19-07-2017-16:12:21:500 15392 16064 1
19-07-2017-16:12:21:540 16064 16736 1
19-07-2017-16:12:21:581 16736 17408 1
19-07-2017-16:12:21:628 17408 18080 1
19-07-2017-16:12:21:669 18080 18752 1
19-07-2017-16:12:21:708 18752 19424 1
19-07-2017-16:12:21:749 19424 20096 1
19-07-2017-16:12:21:785 20096 20768 1
19-07-2017-16:12:21:825 20768 21440 1
19-07-2017-16:12:21:877 21440 22080 1
19-07-2017-16:12:21:912 22080 22720 1
19-07-2017-16:12:21:951 22720 23360 1
19-07-2017-16:12:21:991 23360 24000 1
19-07-2017-16:12:22:033 24000 24640 1
19-07-2017-16:12:22:081 24640 25280 1
19-07-2017-16:12:22:121 25280 25920 1
19-07-2017-16:12:22:149 25920 26560 1
19-07-2017-16:12:22:193 26560 27200 1
19-07-2017-16:12:22:229 27200 27840 1
