19-07-2017-17:08:17:981 0 624 1
19-07-2017-17:08:18:012 624 1248 1
19-07-2017-17:08:18:054 1248 1872 1
19-07-2017-17:08:18:087 1872 2496 1
19-07-2017-17:08:18:127 2496 3120 1
19-07-2017-17:08:18:168 3120 3744 1
19-07-2017-17:08:18:209 3744 4368 1
19-07-2017-17:08:18:256 4368 4992 1
19-07-2017-17:08:18:285 4992 5616 1
19-07-2017-17:08:18:324 5616 6240 1
19-07-2017-17:08:18:369 6240 6864 1
19-07-2017-17:08:18:411 6864 7488 1
19-07-2017-17:08:18:449 7488 8112 1
19-07-2017-17:08:18:482 8112 8736 1
19-07-2017-17:08:18:522 8736 9360 1
19-07-2017-17:08:18:566 9360 9984 1
19-07-2017-17:08:18:606 9984 10608 1
19-07-2017-17:08:18:631 10608 11232 1
19-07-2017-17:08:18:682 11232 11808 1
19-07-2017-17:08:18:710 11808 12384 1
19-07-2017-17:08:18:756 12384 12960 1
19-07-2017-17:08:18:777 12960 13536 1
19-07-2017-17:08:18:822 13536 14112 1
19-07-2017-17:08:18:846 14112 14688 1
19-07-2017-17:08:18:892 14688 15264 1
19-07-2017-17:08:18:932 15264 15840 1
19-07-2017-17:08:18:961 15840 16416 1
19-07-2017-17:08:19:011 16416 16992 1
19-07-2017-17:08:19:044 16992 17568 1
19-07-2017-17:08:19:069 17568 18144 1
19-07-2017-17:08:19:106 18144 18720 1
19-07-2017-17:08:19:136 18720 19296 1
19-07-2017-17:08:19:176 19296 19872 1
19-07-2017-17:08:19:215 19872 20448 1
19-07-2017-17:08:19:246 20448 21024 1
19-07-2017-17:08:19:288 21024 21600 1
19-07-2017-17:08:19:314 21600 22176 1
19-07-2017-17:08:19:356 22176 22752 1
19-07-2017-17:08:19:396 22752 23328 1
19-07-2017-17:08:19:427 23328 23904 1
19-07-2017-17:08:19:472 23904 24480 1
19-07-2017-17:08:19:496 24480 25056 1
19-07-2017-17:08:19:543 25056 25632 1
19-07-2017-17:08:19:566 25632 26208 1
19-07-2017-17:08:19:612 26208 26784 1
19-07-2017-17:08:19:654 26784 27360 1
19-07-2017-17:08:19:680 27360 27936 1
19-07-2017-17:08:19:711 27936 28512 1
19-07-2017-17:08:19:752 28512 29088 1
19-07-2017-17:08:19:791 29088 29664 1
19-07-2017-17:08:19:822 29664 30240 1
19-07-2017-17:08:19:861 30240 30816 1
19-07-2017-17:08:19:890 30816 31392 1
19-07-2017-17:08:19:930 31392 31968 1
19-07-2017-17:08:19:976 31968 32544 1
19-07-2017-17:08:19:999 32544 33120 1
19-07-2017-17:08:20:048 33120 33696 1
19-07-2017-17:08:20:073 33696 34272 1
19-07-2017-17:08:20:114 34272 34848 1
19-07-2017-17:08:20:145 34848 35424 1
19-07-2017-17:08:20:184 35424 36000 1
19-07-2017-17:08:20:218 36000 36576 1
19-07-2017-17:08:20:257 36576 37152 1
19-07-2017-17:08:20:288 37152 37728 1
19-07-2017-17:08:20:331 37728 38304 1
19-07-2017-17:08:20:359 38304 38880 1
19-07-2017-17:08:20:400 38880 39456 1
19-07-2017-17:08:20:440 39456 40032 1
19-07-2017-17:08:20:469 40032 40608 1
19-07-2017-17:08:20:507 40608 41184 1
19-07-2017-17:08:20:543 41184 41760 1
19-07-2017-17:08:20:582 41760 42336 1
19-07-2017-17:08:20:611 42336 42912 1
19-07-2017-17:08:20:652 42912 43488 1
19-07-2017-17:08:20:681 43488 44064 1
19-07-2017-17:08:20:728 44064 44640 1
19-07-2017-17:08:20:770 44640 45216 1
19-07-2017-17:08:20:798 45216 45792 1
19-07-2017-17:08:20:826 45792 46368 1
19-07-2017-17:08:20:867 46368 46944 1
19-07-2017-17:08:20:907 46944 47520 1
19-07-2017-17:08:20:937 47520 48096 1
19-07-2017-17:08:20:977 48096 48672 1
19-07-2017-17:08:21:007 48672 49248 1
19-07-2017-17:08:21:052 49248 49824 1
19-07-2017-17:08:21:454 49824 50400 1
19-07-2017-17:08:21:455 50400 50976 1
19-07-2017-17:08:21:456 50976 51552 1
19-07-2017-17:08:21:456 51552 52128 1
19-07-2017-17:08:21:456 52128 52704 1
19-07-2017-17:08:21:456 52704 53280 1
19-07-2017-17:08:21:456 53280 53856 1
19-07-2017-17:08:21:456 53856 54432 1
19-07-2017-17:08:21:457 54432 55008 1
19-07-2017-17:08:21:457 55008 55584 1
19-07-2017-17:08:21:457 55584 56160 1
19-07-2017-17:08:21:484 56160 56736 1
19-07-2017-17:08:21:511 56736 57312 1
19-07-2017-17:08:21:552 57312 57888 1
19-07-2017-17:08:21:593 57888 58464 1
19-07-2017-17:08:21:622 58464 59040 1
19-07-2017-17:08:21:661 59040 59616 1
19-07-2017-17:08:21:691 59616 60192 1
19-07-2017-17:08:21:729 60192 60768 1
19-07-2017-17:08:21:776 60768 61344 1
19-07-2017-17:08:21:798 61344 61920 1
19-07-2017-17:08:21:846 61920 62496 1
19-07-2017-17:08:21:875 62496 63072 1
19-07-2017-17:08:21:914 63072 63648 1
19-07-2017-17:08:21:944 63648 64224 1
19-07-2017-17:08:21:982 64224 64800 1
19-07-2017-17:08:22:021 64800 65376 1
19-07-2017-17:08:22:050 65376 65952 1
19-07-2017-17:08:22:091 65952 66528 1
19-07-2017-17:08:22:135 66528 67104 1
19-07-2017-17:08:22:166 67104 67680 1
19-07-2017-17:08:22:206 67680 68256 1
19-07-2017-17:08:22:237 68256 68832 1
19-07-2017-17:08:22:281 68832 69408 1
19-07-2017-17:08:22:305 69408 69984 1
19-07-2017-17:08:22:345 69984 70560 1
19-07-2017-17:08:22:384 70560 71136 1
19-07-2017-17:08:22:414 71136 71712 1
19-07-2017-17:08:22:454 71712 72288 1
19-07-2017-17:08:22:484 72288 72864 1
19-07-2017-17:08:22:525 72864 73440 1
19-07-2017-17:08:22:569 73440 74016 1
19-07-2017-17:08:22:592 74016 74592 1
19-07-2017-17:08:22:639 74592 75168 1
19-07-2017-17:08:22:667 75168 75744 1
19-07-2017-17:08:22:708 75744 76320 1
19-07-2017-17:08:22:749 76320 76896 1
19-07-2017-17:08:22:778 76896 77472 1
19-07-2017-17:08:22:819 77472 78048 1
19-07-2017-17:08:22:848 78048 78624 1
19-07-2017-17:08:22:890 78624 79200 1
19-07-2017-17:08:22:918 79200 79776 1
19-07-2017-17:08:22:958 79776 80352 1
19-07-2017-17:08:22:988 80352 80928 1
19-07-2017-17:08:23:028 80928 81504 1
19-07-2017-17:08:23:059 81504 82080 1
19-07-2017-17:08:23:098 82080 82656 1
19-07-2017-17:08:23:140 82656 83232 1
19-07-2017-17:08:23:169 83232 83808 1
19-07-2017-17:08:23:210 83808 84384 1
19-07-2017-17:08:23:239 84384 84960 1
19-07-2017-17:08:23:278 84960 85536 1
19-07-2017-17:08:23:319 85536 86112 1
19-07-2017-17:08:23:348 86112 86688 1
19-07-2017-17:08:23:389 86688 87264 1
19-07-2017-17:08:23:418 87264 87840 1
19-07-2017-17:08:23:458 87840 88416 1
19-07-2017-17:08:23:498 88416 88992 1
19-07-2017-17:08:23:527 88992 89568 1
19-07-2017-17:08:23:566 89568 90144 1
19-07-2017-17:08:23:613 90144 90720 1
19-07-2017-17:08:23:636 90720 91296 1
19-07-2017-17:08:23:684 91296 91872 1
19-07-2017-17:08:23:711 91872 92448 1
19-07-2017-17:08:23:751 92448 93024 1
19-07-2017-17:08:23:781 93024 93600 1
19-07-2017-17:08:23:822 93600 94176 1
19-07-2017-17:08:23:851 94176 94752 1
19-07-2017-17:08:23:891 94752 95328 1
19-07-2017-17:08:23:931 95328 95904 1
19-07-2017-17:08:23:961 95904 96480 1
19-07-2017-17:08:24:002 96480 97056 1
19-07-2017-17:08:24:031 97056 97632 1
19-07-2017-17:08:24:071 97632 98208 1
19-07-2017-17:08:24:200 98208 98784 1
19-07-2017-17:08:24:201 98784 99360 1
19-07-2017-17:08:24:201 99360 99936 1
19-07-2017-17:08:24:210 99936 100512 1
19-07-2017-17:08:24:251 100512 101088 1
19-07-2017-17:08:24:284 101088 101664 1
19-07-2017-17:08:24:328 101664 102240 1
19-07-2017-17:08:24:367 102240 102816 1
19-07-2017-17:08:24:396 102816 103392 1
19-07-2017-17:08:24:436 103392 103968 1
19-07-2017-17:08:24:466 103968 104544 1
19-07-2017-17:08:24:507 104544 105120 1
19-07-2017-17:08:24:537 105120 105696 1
19-07-2017-17:08:24:577 105696 106272 1
19-07-2017-17:08:24:607 106272 106848 1
19-07-2017-17:08:24:646 106848 107424 1
19-07-2017-17:08:24:687 107424 108000 1
19-07-2017-17:08:24:720 108000 108576 1
19-07-2017-17:08:24:759 108576 109152 1
19-07-2017-17:08:24:787 109152 109728 1
19-07-2017-17:08:24:828 109728 110304 1
19-07-2017-17:08:24:867 110304 110880 1
19-07-2017-17:08:24:897 110880 111456 1
19-07-2017-17:08:24:937 111456 112032 1
19-07-2017-17:08:24:966 112032 112608 1
19-07-2017-17:08:25:009 112608 113184 1
19-07-2017-17:08:25:039 113184 113760 1
19-07-2017-17:08:25:080 113760 114336 1
19-07-2017-17:08:25:123 114336 114912 1
19-07-2017-17:08:25:149 114912 115488 1
19-07-2017-17:08:25:190 115488 116064 1
19-07-2017-17:08:25:219 116064 116640 1
19-07-2017-17:08:25:260 116640 117216 1
19-07-2017-17:08:25:289 117216 117792 1
19-07-2017-17:08:25:331 117792 118368 1
19-07-2017-17:08:25:370 118368 118944 1
19-07-2017-17:08:25:399 118944 119520 1
19-07-2017-17:08:25:441 119520 120096 1
19-07-2017-17:08:25:469 120096 120672 1
19-07-2017-17:08:25:511 120672 121248 1
19-07-2017-17:08:25:557 121248 121824 1
19-07-2017-17:08:25:580 121824 122400 1
19-07-2017-17:08:25:626 122400 122976 1
19-07-2017-17:08:25:656 122976 123552 1
19-07-2017-17:08:25:696 123552 124128 1
19-07-2017-17:08:25:725 124128 124704 1
19-07-2017-17:08:25:765 124704 125280 1
19-07-2017-17:08:25:797 125280 125856 1
19-07-2017-17:08:25:835 125856 126432 1
19-07-2017-17:08:25:877 126432 127008 1
19-07-2017-17:08:25:904 127008 127584 1
19-07-2017-17:08:25:946 127584 128160 1
19-07-2017-17:08:25:976 128160 128736 1
19-07-2017-17:08:26:015 128736 129312 1
19-07-2017-17:08:26:063 129312 129888 1
19-07-2017-17:08:26:087 129888 130464 1
19-07-2017-17:08:26:131 130464 131040 1
19-07-2017-17:08:26:154 131040 131616 1
19-07-2017-17:08:26:202 131616 132192 1
19-07-2017-17:08:26:231 132192 132768 1
19-07-2017-17:08:26:271 132768 133344 1
19-07-2017-17:08:26:300 133344 133920 1
19-07-2017-17:08:26:341 133920 134496 1
19-07-2017-17:08:26:371 134496 135072 1
19-07-2017-17:08:26:411 135072 135648 1
19-07-2017-17:08:26:452 135648 136224 1
19-07-2017-17:08:26:482 136224 136800 1
19-07-2017-17:08:26:528 136800 137376 1
19-07-2017-17:08:26:557 137376 137952 1
19-07-2017-17:08:26:597 137952 138528 1
19-07-2017-17:08:26:625 138528 139104 1
19-07-2017-17:08:26:666 139104 139680 1
19-07-2017-17:08:26:695 139680 140256 1
19-07-2017-17:08:26:737 140256 140832 1
19-07-2017-17:08:26:766 140832 141408 1
19-07-2017-17:08:26:806 141408 141984 1
19-07-2017-17:08:26:851 141984 142560 1
19-07-2017-17:08:26:875 142560 143136 1
19-07-2017-17:08:26:921 143136 143712 1
19-07-2017-17:08:26:951 143712 144288 1
19-07-2017-17:08:26:992 144288 144864 1
19-07-2017-17:08:27:019 144864 145440 1
19-07-2017-17:08:27:060 145440 146016 1
19-07-2017-17:08:27:090 146016 146592 1
19-07-2017-17:08:27:130 146592 147168 1
19-07-2017-17:08:27:171 147168 147744 1
19-07-2017-17:08:27:200 147744 148320 1
19-07-2017-17:08:27:362 148320 148896 1
19-07-2017-17:08:27:364 148896 149472 1
19-07-2017-17:08:27:364 149472 150048 1
19-07-2017-17:08:27:364 150048 150624 1
19-07-2017-17:08:27:381 150624 151200 1
19-07-2017-17:08:27:427 151200 151776 1
19-07-2017-17:08:27:454 151776 152352 1
19-07-2017-17:08:27:495 152352 152928 1
19-07-2017-17:08:27:524 152928 153504 1
19-07-2017-17:08:27:566 153504 154080 1
19-07-2017-17:08:27:596 154080 154656 1
19-07-2017-17:08:27:635 154656 155232 1
19-07-2017-17:08:27:676 155232 155808 1
19-07-2017-17:08:27:706 155808 156384 1
19-07-2017-17:08:27:745 156384 156960 1
19-07-2017-17:08:27:774 156960 157536 1
19-07-2017-17:08:27:815 157536 158112 1
19-07-2017-17:08:27:861 158112 158688 1
19-07-2017-17:08:27:890 158688 159264 1
19-07-2017-17:08:27:930 159264 159840 1
19-07-2017-17:08:27:960 159840 160416 1
19-07-2017-17:08:27:999 160416 160992 1
19-07-2017-17:08:28:028 160992 161568 1
19-07-2017-17:08:28:070 161568 162144 1
19-07-2017-17:08:28:097 162144 162720 1
19-07-2017-17:08:28:144 162720 163296 1
19-07-2017-17:08:28:186 163296 163872 1
19-07-2017-17:08:28:215 163872 164448 1
19-07-2017-17:08:28:243 164448 165024 1
19-07-2017-17:08:28:283 165024 165600 1
19-07-2017-17:08:28:324 165600 166176 1
19-07-2017-17:08:28:354 166176 166752 1
19-07-2017-17:08:28:395 166752 167328 1
19-07-2017-17:08:28:423 167328 167904 1
19-07-2017-17:08:28:463 167904 168480 1
19-07-2017-17:08:28:509 168480 169056 1
19-07-2017-17:08:28:538 169056 169632 1
19-07-2017-17:08:28:580 169632 170208 1
19-07-2017-17:08:28:608 170208 170784 1
19-07-2017-17:08:28:639 170784 171360 1
19-07-2017-17:08:28:678 171360 171936 1
19-07-2017-17:08:28:718 171936 172512 1
19-07-2017-17:08:28:748 172512 173088 1
19-07-2017-17:08:28:790 173088 173664 1
19-07-2017-17:08:28:817 173664 174240 1
19-07-2017-17:08:28:859 174240 174816 1
19-07-2017-17:08:28:901 174816 175392 1
19-07-2017-17:08:28:929 175392 175968 1
19-07-2017-17:08:28:974 175968 176544 1
19-07-2017-17:08:29:000 176544 177120 1
19-07-2017-17:08:29:046 177120 177696 1
19-07-2017-17:08:29:086 177696 178272 1
19-07-2017-17:08:29:115 178272 178848 1
19-07-2017-17:08:29:145 178848 179424 1
19-07-2017-17:08:29:184 179424 180000 1
19-07-2017-17:08:29:214 180000 180576 1
19-07-2017-17:08:29:254 180576 181152 1
19-07-2017-17:08:29:294 181152 181728 1
19-07-2017-17:08:29:324 181728 182304 1
19-07-2017-17:08:29:364 182304 182880 1
19-07-2017-17:08:29:393 182880 183456 1
19-07-2017-17:08:29:433 183456 184032 1
19-07-2017-17:08:29:479 184032 184608 1
19-07-2017-17:08:29:504 184608 185184 1
19-07-2017-17:08:29:544 185184 185760 1
19-07-2017-17:08:29:573 185760 186336 1
19-07-2017-17:08:29:619 186336 186912 1
19-07-2017-17:08:29:660 186912 187488 1
19-07-2017-17:08:29:689 187488 188064 1
19-07-2017-17:08:29:729 188064 188640 1
19-07-2017-17:08:29:758 188640 189216 1
19-07-2017-17:08:29:800 189216 189792 1
19-07-2017-17:08:29:828 189792 190368 1
19-07-2017-17:08:29:870 190368 190944 1
19-07-2017-17:08:29:898 190944 191520 1
19-07-2017-17:08:29:939 191520 192096 1
19-07-2017-17:08:29:985 192096 192672 1
19-07-2017-17:08:30:008 192672 193248 1
19-07-2017-17:08:30:056 193248 193824 1
19-07-2017-17:08:30:085 193824 194400 1
19-07-2017-17:08:30:125 194400 194976 1
19-07-2017-17:08:30:155 194976 195552 1
19-07-2017-17:08:30:195 195552 196128 1
19-07-2017-17:08:30:225 196128 196704 1
19-07-2017-17:08:30:269 196704 197280 1
19-07-2017-17:08:30:294 197280 197856 1
19-07-2017-17:08:30:333 197856 198432 1
19-07-2017-17:08:30:707 198432 199008 1
19-07-2017-17:08:30:708 199008 199584 1
19-07-2017-17:08:30:709 199584 200160 1
19-07-2017-17:08:30:709 200160 200736 1
19-07-2017-17:08:30:710 200736 201312 1
19-07-2017-17:08:30:710 201312 201888 1
19-07-2017-17:08:30:710 201888 202464 1
19-07-2017-17:08:30:711 202464 203040 1
19-07-2017-17:08:30:711 203040 203616 1
19-07-2017-17:08:30:711 203616 204192 1
19-07-2017-17:08:30:736 204192 204768 1
19-07-2017-17:08:30:764 204768 205344 1
19-07-2017-17:08:30:805 205344 205920 1
19-07-2017-17:08:30:834 205920 206496 1
19-07-2017-17:08:30:878 206496 207072 1
19-07-2017-17:08:30:922 207072 207648 1
19-07-2017-17:08:30:950 207648 208224 1
19-07-2017-17:08:30:990 208224 208800 1
19-07-2017-17:08:31:030 208800 209376 1
19-07-2017-17:08:31:053 209376 209952 1
19-07-2017-17:08:31:099 209952 210528 1
19-07-2017-17:08:31:128 210528 211104 1
19-07-2017-17:08:31:169 211104 211680 1
19-07-2017-17:08:31:198 211680 212256 1
19-07-2017-17:08:31:239 212256 212832 1
19-07-2017-17:08:31:267 212832 213408 1
19-07-2017-17:08:31:308 213408 213984 1
19-07-2017-17:08:31:337 213984 214560 1
19-07-2017-17:08:31:377 214560 215136 1
19-07-2017-17:08:31:423 215136 215712 1
19-07-2017-17:08:31:446 215712 216288 1
19-07-2017-17:08:31:494 216288 216864 1
19-07-2017-17:08:31:521 216864 217440 1
19-07-2017-17:08:31:563 217440 218016 1
19-07-2017-17:08:31:591 218016 218592 1
19-07-2017-17:08:31:633 218592 219168 1
19-07-2017-17:08:31:661 219168 219744 1
19-07-2017-17:08:31:702 219744 220320 1
19-07-2017-17:08:31:743 220320 220896 1
19-07-2017-17:08:31:771 220896 221472 1
19-07-2017-17:08:31:811 221472 222048 1
19-07-2017-17:08:31:857 222048 222624 1
19-07-2017-17:08:31:881 222624 223200 1
19-07-2017-17:08:31:926 223200 223776 1
19-07-2017-17:08:31:955 223776 224352 1
19-07-2017-17:08:31:997 224352 224928 1
19-07-2017-17:08:32:025 224928 225504 1
19-07-2017-17:08:32:067 225504 226080 1
19-07-2017-17:08:32:095 226080 226656 1
19-07-2017-17:08:32:135 226656 227232 1
19-07-2017-17:08:32:177 227232 227808 1
19-07-2017-17:08:32:204 227808 228384 1
19-07-2017-17:08:32:244 228384 228960 1
19-07-2017-17:08:32:274 228960 229536 1
19-07-2017-17:08:32:320 229536 230112 1
19-07-2017-17:08:32:361 230112 230688 1
19-07-2017-17:08:32:392 230688 231264 1
19-07-2017-17:08:32:431 231264 231840 1
19-07-2017-17:08:32:459 231840 232416 1
19-07-2017-17:08:32:504 232416 232992 1
19-07-2017-17:08:32:536 232992 233568 1
19-07-2017-17:08:32:562 233568 234144 1
19-07-2017-17:08:32:603 234144 234720 1
19-07-2017-17:08:32:646 234720 235296 1
19-07-2017-17:08:32:672 235296 235872 1
19-07-2017-17:08:32:713 235872 236448 1
19-07-2017-17:08:32:741 236448 237024 1
19-07-2017-17:08:32:782 237024 237600 1
19-07-2017-17:08:32:823 237600 238176 1
19-07-2017-17:08:32:851 238176 238752 1
19-07-2017-17:08:32:894 238752 239328 1
19-07-2017-17:08:32:922 239328 239904 1
19-07-2017-17:08:32:968 239904 240480 1
19-07-2017-17:08:33:011 240480 241056 1
19-07-2017-17:08:33:040 241056 241632 1
19-07-2017-17:08:33:085 241632 242208 1
19-07-2017-17:08:33:108 242208 242784 1
19-07-2017-17:08:33:150 242784 243360 1
19-07-2017-17:08:33:179 243360 243936 1
19-07-2017-17:08:33:219 243936 244512 1
19-07-2017-17:08:33:248 244512 245088 1
19-07-2017-17:08:33:293 245088 245664 1
19-07-2017-17:08:33:330 245664 246240 1
19-07-2017-17:08:33:359 246240 246816 1
19-07-2017-17:08:33:404 246816 247392 1
19-07-2017-17:08:33:427 247392 247968 1
19-07-2017-17:08:33:467 247968 248544 1
19-07-2017-17:08:33:517 248544 249120 1
19-07-2017-17:08:33:535 249120 249696 1
19-07-2017-17:08:33:582 249696 250272 1
19-07-2017-17:08:33:612 250272 250848 1
19-07-2017-17:08:33:651 250848 251424 1
19-07-2017-17:08:33:681 251424 252000 1
19-07-2017-17:08:33:721 252000 252576 1
19-07-2017-17:08:33:750 252576 253152 1
19-07-2017-17:08:33:789 253152 253728 1
19-07-2017-17:08:33:831 253728 254304 1
19-07-2017-17:08:33:861 254304 254880 1
19-07-2017-17:08:33:901 254880 255456 1
19-07-2017-17:08:33:930 255456 256032 1
19-07-2017-17:08:33:969 256032 256608 1
19-07-2017-17:08:34:002 256608 257184 1
19-07-2017-17:08:34:043 257184 257760 1
19-07-2017-17:08:34:082 257760 258336 1
19-07-2017-17:08:34:109 258336 258912 1
19-07-2017-17:08:34:151 258912 259488 1
19-07-2017-17:08:34:193 259488 260064 1
19-07-2017-17:08:34:220 260064 260640 1
19-07-2017-17:08:34:262 260640 261216 1
19-07-2017-17:08:34:290 261216 261792 1
19-07-2017-17:08:34:331 261792 262368 1
19-07-2017-17:08:34:377 262368 262944 1
19-07-2017-17:08:34:400 262944 263520 1
19-07-2017-17:08:34:448 263520 264096 1
19-07-2017-17:08:34:471 264096 264672 1
19-07-2017-17:08:34:517 264672 265248 1
19-07-2017-17:08:34:546 265248 265824 1
19-07-2017-17:08:34:674 265824 266400 1
19-07-2017-17:08:34:676 266400 266976 1
19-07-2017-17:08:34:676 266976 267552 1
19-07-2017-17:08:34:696 267552 268128 1
19-07-2017-17:08:34:727 268128 268704 1
19-07-2017-17:08:34:766 268704 269280 1
19-07-2017-17:08:34:798 269280 269856 1
19-07-2017-17:08:34:838 269856 270432 1
19-07-2017-17:08:34:876 270432 271008 1
19-07-2017-17:08:34:904 271008 271584 1
19-07-2017-17:08:34:946 271584 272160 1
19-07-2017-17:08:34:976 272160 272736 1
19-07-2017-17:08:35:018 272736 273312 1
19-07-2017-17:08:35:046 273312 273888 1
19-07-2017-17:08:35:084 273888 274464 1
19-07-2017-17:08:35:131 274464 275040 1
19-07-2017-17:08:35:155 275040 275616 1
19-07-2017-17:08:35:204 275616 276192 1
19-07-2017-17:08:35:240 276192 276768 1
19-07-2017-17:08:35:270 276768 277344 1
19-07-2017-17:08:35:312 277344 277920 1
19-07-2017-17:08:35:340 277920 278496 1
19-07-2017-17:08:35:382 278496 279072 1
19-07-2017-17:08:35:411 279072 279648 1
19-07-2017-17:08:35:450 279648 280224 1
19-07-2017-17:08:35:478 280224 280800 1
19-07-2017-17:08:35:519 280800 281376 1
19-07-2017-17:08:35:559 281376 281952 1
19-07-2017-17:08:35:589 281952 282528 1
19-07-2017-17:08:35:629 282528 283104 1
19-07-2017-17:08:35:659 283104 283680 1
19-07-2017-17:08:35:698 283680 284256 1
19-07-2017-17:08:35:738 284256 284832 1
19-07-2017-17:08:35:769 284832 285408 1
19-07-2017-17:08:35:809 285408 285984 1
19-07-2017-17:08:35:838 285984 286560 1
19-07-2017-17:08:35:883 286560 287136 1
19-07-2017-17:08:35:923 287136 287712 1
19-07-2017-17:08:35:954 287712 288288 1
19-07-2017-17:08:35:995 288288 288864 1
19-07-2017-17:08:36:023 288864 289440 1
19-07-2017-17:08:36:062 289440 290016 1
19-07-2017-17:08:36:090 290016 290592 1
19-07-2017-17:08:36:132 290592 291168 1
19-07-2017-17:08:36:160 291168 291744 1
19-07-2017-17:08:36:202 291744 292320 1
19-07-2017-17:08:36:244 292320 292896 1
19-07-2017-17:08:36:273 292896 293472 1
19-07-2017-17:08:36:312 293472 294048 1
19-07-2017-17:08:36:358 294048 294624 1
19-07-2017-17:08:36:381 294624 295200 1
19-07-2017-17:08:36:427 295200 295776 1
19-07-2017-17:08:36:450 295776 296352 1
19-07-2017-17:08:36:498 296352 296928 1
19-07-2017-17:08:36:521 296928 297504 1
19-07-2017-17:08:36:567 297504 298080 1
19-07-2017-17:08:36:595 298080 298656 1
19-07-2017-17:08:36:636 298656 299232 1
19-07-2017-17:08:36:666 299232 299808 1
19-07-2017-17:08:36:707 299808 300384 1
19-07-2017-17:08:36:746 300384 300960 1
19-07-2017-17:08:36:776 300960 301536 1
19-07-2017-17:08:36:816 301536 302112 1
19-07-2017-17:08:36:847 302112 302688 1
19-07-2017-17:08:36:887 302688 303264 1
19-07-2017-17:08:36:928 303264 303840 1
19-07-2017-17:08:36:957 303840 304416 1
19-07-2017-17:08:37:001 304416 304992 1
19-07-2017-17:08:37:029 304992 305568 1
19-07-2017-17:08:37:071 305568 306144 1
19-07-2017-17:08:37:099 306144 306720 1
19-07-2017-17:08:37:141 306720 307296 1
19-07-2017-17:08:37:170 307296 307872 1
19-07-2017-17:08:37:212 307872 308448 1
19-07-2017-17:08:37:252 308448 309024 1
19-07-2017-17:08:37:284 309024 309600 1
19-07-2017-17:08:37:323 309600 310176 1
19-07-2017-17:08:37:350 310176 310752 1
19-07-2017-17:08:37:393 310752 311328 1
19-07-2017-17:08:37:422 311328 311904 1
19-07-2017-17:08:37:462 311904 312480 1
19-07-2017-17:08:37:505 312480 313056 1
19-07-2017-17:08:37:530 313056 313632 1
19-07-2017-17:08:37:575 313632 314208 1
19-07-2017-17:08:37:611 314208 314784 1
19-07-2017-17:08:37:651 314784 315360 1
19-07-2017-17:08:37:680 315360 315936 1
19-07-2017-17:08:37:974 315936 316512 1
19-07-2017-17:08:37:976 316512 317088 1
19-07-2017-17:08:37:976 317088 317664 1
19-07-2017-17:08:37:976 317664 318240 1
19-07-2017-17:08:37:976 318240 318816 1
19-07-2017-17:08:37:976 318816 319392 1
19-07-2017-17:08:37:976 319392 319968 1
19-07-2017-17:08:37:976 319968 320544 1
19-07-2017-17:08:37:998 320544 321120 1
19-07-2017-17:08:38:053 321120 321696 1
19-07-2017-17:08:38:087 321696 322272 1
19-07-2017-17:08:38:114 322272 322848 1
19-07-2017-17:08:38:158 322848 323424 1
19-07-2017-17:08:38:179 323424 324000 1
19-07-2017-17:08:38:224 324000 324576 1
19-07-2017-17:08:38:264 324576 325152 1
19-07-2017-17:08:38:293 325152 325728 1
19-07-2017-17:08:38:323 325728 326304 1
19-07-2017-17:08:38:364 326304 326880 1
19-07-2017-17:08:38:394 326880 327456 1
19-07-2017-17:08:38:434 327456 328032 1
19-07-2017-17:08:38:475 328032 328608 1
19-07-2017-17:08:38:509 328608 329184 1
19-07-2017-17:08:38:548 329184 329760 1
19-07-2017-17:08:38:578 329760 330336 1
19-07-2017-17:08:38:619 330336 330912 1
19-07-2017-17:08:38:649 330912 331488 1
19-07-2017-17:08:38:688 331488 332064 1
19-07-2017-17:08:38:717 332064 332640 1
19-07-2017-17:08:38:759 332640 333216 1
19-07-2017-17:08:38:799 333216 333792 1
19-07-2017-17:08:38:828 333792 334368 1
19-07-2017-17:08:38:874 334368 334944 1
19-07-2017-17:08:38:897 334944 335520 1
19-07-2017-17:08:38:944 335520 336096 1
19-07-2017-17:08:38:984 336096 336672 1
19-07-2017-17:08:39:014 336672 337248 1
19-07-2017-17:08:39:043 337248 337824 1
19-07-2017-17:08:39:085 337824 338400 1
19-07-2017-17:08:39:113 338400 338976 1
19-07-2017-17:08:39:155 338976 339552 1
19-07-2017-17:08:39:194 339552 340128 1
19-07-2017-17:08:39:223 340128 340704 1
19-07-2017-17:08:39:264 340704 341280 1
19-07-2017-17:08:39:303 341280 341856 1
19-07-2017-17:08:39:345 341856 342432 1
19-07-2017-17:08:39:369 342432 343008 1
19-07-2017-17:08:39:414 343008 343584 1
19-07-2017-17:08:39:437 343584 344160 1
19-07-2017-17:08:39:578 344160 344736 1
19-07-2017-17:08:39:580 344736 345312 1
19-07-2017-17:08:39:580 345312 345888 1
19-07-2017-17:08:39:583 345888 346464 1
19-07-2017-17:08:39:622 346464 347040 1
19-07-2017-17:08:39:664 347040 347616 1
19-07-2017-17:08:39:693 347616 348192 1
19-07-2017-17:08:39:735 348192 348768 1
19-07-2017-17:08:39:764 348768 349344 1
19-07-2017-17:08:39:804 349344 349920 1
19-07-2017-17:08:39:845 349920 350496 1
19-07-2017-17:08:39:873 350496 351072 1
19-07-2017-17:08:39:914 351072 351648 1
19-07-2017-17:08:39:942 351648 352224 1
19-07-2017-17:08:39:987 352224 352800 1
19-07-2017-17:08:40:015 352800 353376 1
19-07-2017-17:08:40:056 353376 353952 1
19-07-2017-17:08:40:086 353952 354528 1
19-07-2017-17:08:40:127 354528 355104 1
19-07-2017-17:08:40:174 355104 355680 1
19-07-2017-17:08:40:194 355680 356256 1
19-07-2017-17:08:40:240 356256 356832 1
19-07-2017-17:08:40:270 356832 357408 1
19-07-2017-17:08:40:310 357408 357984 1
19-07-2017-17:08:40:340 357984 358560 1
19-07-2017-17:08:40:379 358560 359136 1
19-07-2017-17:08:40:419 359136 359712 1
19-07-2017-17:08:40:449 359712 360288 1
19-07-2017-17:08:40:489 360288 360864 1
19-07-2017-17:08:40:518 360864 361440 1
19-07-2017-17:08:40:558 361440 362016 1
19-07-2017-17:08:40:605 362016 362592 1
19-07-2017-17:08:40:633 362592 363168 1
19-07-2017-17:08:40:675 363168 363744 1
19-07-2017-17:08:40:706 363744 364320 1
19-07-2017-17:08:40:745 364320 364896 1
19-07-2017-17:08:40:774 364896 365472 1
19-07-2017-17:08:40:815 365472 366048 1
19-07-2017-17:08:40:845 366048 366624 1
19-07-2017-17:08:40:883 366624 367200 1
19-07-2017-17:08:40:924 367200 367776 1
19-07-2017-17:08:40:953 367776 368352 1
19-07-2017-17:08:40:992 368352 368928 1
19-07-2017-17:08:41:022 368928 369504 1
19-07-2017-17:08:41:063 369504 370080 1
19-07-2017-17:08:41:108 370080 370656 1
19-07-2017-17:08:41:132 370656 371232 1
19-07-2017-17:08:41:179 371232 371808 1
19-07-2017-17:08:41:202 371808 372384 1
19-07-2017-17:08:41:248 372384 372960 1
19-07-2017-17:08:41:290 372960 373536 1
19-07-2017-17:08:41:321 373536 374112 1
19-07-2017-17:08:41:347 374112 374688 1
19-07-2017-17:08:41:388 374688 375264 1
19-07-2017-17:08:41:417 375264 375840 1
19-07-2017-17:08:41:458 375840 376416 1
19-07-2017-17:08:41:497 376416 376992 1
19-07-2017-17:08:41:525 376992 377568 1
19-07-2017-17:08:41:567 377568 378144 1
19-07-2017-17:08:41:607 378144 378720 1
19-07-2017-17:08:41:638 378720 379296 1
19-07-2017-17:08:41:676 379296 379872 1
19-07-2017-17:08:41:706 379872 380448 1
19-07-2017-17:08:41:748 380448 381024 1
19-07-2017-17:08:41:793 381024 381600 1
19-07-2017-17:08:41:829 381600 382176 1
19-07-2017-17:08:41:861 382176 382752 1
19-07-2017-17:08:41:891 382752 383328 1
19-07-2017-17:08:41:930 383328 383904 1
19-07-2017-17:08:41:960 383904 384480 1
19-07-2017-17:08:42:001 384480 385056 1
19-07-2017-17:08:42:030 385056 385632 1
19-07-2017-17:08:42:070 385632 386208 1
19-07-2017-17:08:42:110 386208 386784 1
19-07-2017-17:08:42:147 386784 387360 1
19-07-2017-17:08:42:186 387360 387936 1
19-07-2017-17:08:42:210 387936 388512 1
19-07-2017-17:08:42:254 388512 389088 1
19-07-2017-17:08:42:296 389088 389664 1
19-07-2017-17:08:42:325 389664 390240 1
19-07-2017-17:08:42:366 390240 390816 1
19-07-2017-17:08:42:393 390816 391392 1
19-07-2017-17:08:42:436 391392 391968 1
19-07-2017-17:08:42:465 391968 392544 1
19-07-2017-17:08:42:505 392544 393120 1
19-07-2017-17:08:42:535 393120 393696 1
19-07-2017-17:08:42:574 393696 394272 1
19-07-2017-17:08:42:693 394272 394848 1
19-07-2017-17:08:42:695 394848 395424 1
19-07-2017-17:08:42:696 395424 396000 1
19-07-2017-17:08:42:714 396000 396576 1
19-07-2017-17:08:42:759 396576 397152 1
19-07-2017-17:08:42:800 397152 397728 1
19-07-2017-17:08:42:828 397728 398304 1
19-07-2017-17:08:42:870 398304 398880 1
19-07-2017-17:08:42:897 398880 399456 1
19-07-2017-17:08:42:938 399456 400032 1
19-07-2017-17:08:42:968 400032 400608 1
19-07-2017-17:08:43:009 400608 401184 1
19-07-2017-17:08:43:038 401184 401760 1
19-07-2017-17:08:43:077 401760 402336 1
19-07-2017-17:08:43:123 402336 402912 1
19-07-2017-17:08:43:149 402912 403488 1
19-07-2017-17:08:43:193 403488 404064 1
19-07-2017-17:08:43:216 404064 404640 1
19-07-2017-17:08:43:262 404640 405216 1
19-07-2017-17:08:43:291 405216 405792 1
19-07-2017-17:08:43:333 405792 406368 1
19-07-2017-17:08:43:362 406368 406944 1
19-07-2017-17:08:43:403 406944 407520 1
19-07-2017-17:08:43:443 407520 408096 1
19-07-2017-17:08:43:472 408096 408672 1
19-07-2017-17:08:43:512 408672 409248 1
19-07-2017-17:08:43:542 409248 409824 1
19-07-2017-17:08:43:588 409824 410400 1
19-07-2017-17:08:43:630 410400 410976 1
19-07-2017-17:08:43:658 410976 411552 1
19-07-2017-17:08:43:686 411552 412128 1
19-07-2017-17:08:43:727 412128 412704 1
19-07-2017-17:08:43:769 412704 413280 1
19-07-2017-17:08:43:802 413280 413856 1
19-07-2017-17:08:43:838 413856 414432 1
19-07-2017-17:08:43:866 414432 415008 1
19-07-2017-17:08:43:908 415008 415584 1
19-07-2017-17:08:43:955 415584 416160 1
19-07-2017-17:08:43:976 416160 416736 1
19-07-2017-17:08:44:023 416736 417312 1
19-07-2017-17:08:44:054 417312 417888 1
19-07-2017-17:08:44:093 417888 418464 1
19-07-2017-17:08:44:123 418464 419040 1
19-07-2017-17:08:44:165 419040 419616 1
19-07-2017-17:08:44:191 419616 420192 1
19-07-2017-17:08:44:232 420192 420768 1
19-07-2017-17:08:44:277 420768 421344 1
19-07-2017-17:08:44:301 421344 421920 1
19-07-2017-17:08:44:343 421920 422496 1
19-07-2017-17:08:44:373 422496 423072 1
19-07-2017-17:08:44:410 423072 423648 1
19-07-2017-17:08:44:458 423648 424224 1
19-07-2017-17:08:44:487 424224 424800 1
19-07-2017-17:08:44:515 424800 425376 1
19-07-2017-17:08:44:557 425376 425952 1
19-07-2017-17:08:44:586 425952 426528 1
19-07-2017-17:08:44:626 426528 427104 1
19-07-2017-17:08:44:665 427104 427680 1
19-07-2017-17:08:44:695 427680 428256 1
19-07-2017-17:08:44:734 428256 428832 1
19-07-2017-17:08:44:781 428832 429408 1
19-07-2017-17:08:44:804 429408 429984 1
19-07-2017-17:08:44:850 429984 430560 1
19-07-2017-17:08:44:880 430560 431136 1
19-07-2017-17:08:44:920 431136 431712 1
19-07-2017-17:08:44:950 431712 432288 1
19-07-2017-17:08:44:990 432288 432864 1
19-07-2017-17:08:45:019 432864 433440 1
19-07-2017-17:08:45:061 433440 434016 1
19-07-2017-17:08:45:089 434016 434592 1
19-07-2017-17:08:45:129 434592 435168 1
19-07-2017-17:08:45:176 435168 435744 1
19-07-2017-17:08:45:199 435744 436320 1
19-07-2017-17:08:45:246 436320 436896 1
19-07-2017-17:08:45:273 436896 437472 1
19-07-2017-17:08:45:315 437472 438048 1
19-07-2017-17:08:45:342 438048 438624 1
19-07-2017-17:08:45:385 438624 439200 1
19-07-2017-17:08:45:414 439200 439776 1
19-07-2017-17:08:45:454 439776 440352 1
19-07-2017-17:08:45:495 440352 440928 1
19-07-2017-17:08:45:526 440928 441504 1
19-07-2017-17:08:45:564 441504 442080 1
19-07-2017-17:08:45:595 442080 442656 1
19-07-2017-17:08:45:641 442656 443232 1
19-07-2017-17:08:45:681 443232 443808 1
19-07-2017-17:08:45:720 443808 444384 1
19-07-2017-17:08:45:746 444384 444960 1
19-07-2017-17:08:46:061 444960 445536 1
19-07-2017-17:08:46:063 445536 446112 1
19-07-2017-17:08:46:063 446112 446688 1
19-07-2017-17:08:46:063 446688 447264 1
19-07-2017-17:08:46:063 447264 447840 1
19-07-2017-17:08:46:063 447840 448416 1
19-07-2017-17:08:46:063 448416 448992 1
19-07-2017-17:08:46:063 448992 449568 1
19-07-2017-17:08:46:063 449568 450144 1
19-07-2017-17:08:46:103 450144 450720 1
19-07-2017-17:08:46:134 450720 451296 1
19-07-2017-17:08:46:175 451296 451872 1
19-07-2017-17:08:46:220 451872 452448 1
19-07-2017-17:08:46:249 452448 453024 1
19-07-2017-17:08:46:290 453024 453600 1
19-07-2017-17:08:46:320 453600 454176 1
19-07-2017-17:08:46:361 454176 454752 1
19-07-2017-17:08:46:389 454752 455328 1
19-07-2017-17:08:46:429 455328 455904 1
19-07-2017-17:08:46:459 455904 456480 1
19-07-2017-17:08:46:498 456480 457056 1
19-07-2017-17:08:46:539 457056 457632 1
19-07-2017-17:08:46:571 457632 458208 1
19-07-2017-17:08:46:614 458208 458784 1
19-07-2017-17:08:46:639 458784 459360 1
19-07-2017-17:08:46:687 459360 459936 1
19-07-2017-17:08:46:712 459936 460512 1
19-07-2017-17:08:46:755 460512 461088 1
19-07-2017-17:08:46:783 461088 461664 1
19-07-2017-17:08:46:824 461664 462240 1
19-07-2017-17:08:46:866 462240 462816 1
19-07-2017-17:08:46:893 462816 463392 1
19-07-2017-17:08:46:934 463392 463968 1
19-07-2017-17:08:46:963 463968 464544 1
19-07-2017-17:08:47:004 464544 465120 1
19-07-2017-17:08:47:050 465120 465696 1
19-07-2017-17:08:47:073 465696 466272 1
19-07-2017-17:08:47:118 466272 466848 1
19-07-2017-17:08:47:148 466848 467424 1
19-07-2017-17:08:47:189 467424 468000 1
19-07-2017-17:08:47:217 468000 468576 1
19-07-2017-17:08:47:258 468576 469152 1
19-07-2017-17:08:47:286 469152 469728 1
19-07-2017-17:08:47:327 469728 470304 1
19-07-2017-17:08:47:367 470304 470880 1
19-07-2017-17:08:47:397 470880 471456 1
19-07-2017-17:08:47:437 471456 472032 1
19-07-2017-17:08:47:467 472032 472608 1
19-07-2017-17:08:47:507 472608 473184 1
19-07-2017-17:08:47:547 473184 473760 1
19-07-2017-17:08:47:576 473760 474336 1
19-07-2017-17:08:47:622 474336 474912 1
19-07-2017-17:08:47:645 474912 475488 1
19-07-2017-17:08:47:692 475488 476064 1
19-07-2017-17:08:47:722 476064 476640 1
19-07-2017-17:08:47:764 476640 477216 1
19-07-2017-17:08:47:790 477216 477792 1
19-07-2017-17:08:47:831 477792 478368 1
19-07-2017-17:08:47:872 478368 478944 1
19-07-2017-17:08:47:902 478944 479520 1
19-07-2017-17:08:47:942 479520 480096 1
19-07-2017-17:08:47:971 480096 480672 1
19-07-2017-17:08:48:012 480672 481248 1
19-07-2017-17:08:48:042 481248 481824 1
19-07-2017-17:08:48:081 481824 482400 1
19-07-2017-17:08:48:128 482400 482976 1
19-07-2017-17:08:48:158 482976 483552 1
19-07-2017-17:08:48:198 483552 484128 1
19-07-2017-17:08:48:227 484128 484704 1
19-07-2017-17:08:48:269 484704 485280 1
19-07-2017-17:08:48:296 485280 485856 1
19-07-2017-17:08:48:337 485856 486432 1
19-07-2017-17:08:48:365 486432 487008 1
19-07-2017-17:08:48:406 487008 487584 1
19-07-2017-17:08:48:454 487584 488160 1
19-07-2017-17:08:48:482 488160 488736 1
19-07-2017-17:08:48:521 488736 489312 1
19-07-2017-17:08:48:551 489312 489888 1
19-07-2017-17:08:48:592 489888 490464 1
19-07-2017-17:08:48:620 490464 491040 1
19-07-2017-17:08:48:660 491040 491616 1
19-07-2017-17:08:48:689 491616 492192 1
19-07-2017-17:08:48:731 492192 492768 1
19-07-2017-17:08:48:771 492768 493344 1
19-07-2017-17:08:48:800 493344 493920 1
19-07-2017-17:08:48:841 493920 494496 1
19-07-2017-17:08:48:869 494496 495072 1
19-07-2017-17:08:49:092 495072 495648 1
19-07-2017-17:08:49:094 495648 496224 1
19-07-2017-17:08:49:094 496224 496800 1
19-07-2017-17:08:49:095 496800 497376 1
19-07-2017-17:08:49:095 497376 497952 1
19-07-2017-17:08:49:106 497952 498528 1
19-07-2017-17:08:49:128 498528 499104 1
19-07-2017-17:08:49:169 499104 499680 1
19-07-2017-17:08:49:198 499680 500256 1
19-07-2017-17:08:49:239 500256 500832 1
19-07-2017-17:08:49:268 500832 501408 1
19-07-2017-17:08:49:310 501408 501984 1
19-07-2017-17:08:49:338 501984 502560 1
19-07-2017-17:08:49:378 502560 503136 1
19-07-2017-17:08:49:419 503136 503712 1
19-07-2017-17:08:49:447 503712 504288 1
19-07-2017-17:08:49:489 504288 504864 1
19-07-2017-17:08:49:518 504864 505440 1
19-07-2017-17:08:49:564 505440 506016 1
19-07-2017-17:08:49:603 506016 506592 1
19-07-2017-17:08:49:633 506592 507168 1
19-07-2017-17:08:49:662 507168 507744 1
19-07-2017-17:08:49:702 507744 508320 1
19-07-2017-17:08:49:742 508320 508896 1
19-07-2017-17:08:49:772 508896 509472 1
19-07-2017-17:08:49:814 509472 510048 1
19-07-2017-17:08:49:841 510048 510624 1
19-07-2017-17:08:49:881 510624 511200 1
19-07-2017-17:08:49:922 511200 511776 1
19-07-2017-17:08:49:951 511776 512352 1
19-07-2017-17:08:49:993 512352 512928 1
19-07-2017-17:08:50:022 512928 513504 1
19-07-2017-17:08:50:062 513504 514080 1
19-07-2017-17:08:50:107 514080 514656 1
19-07-2017-17:08:50:135 514656 515232 1
19-07-2017-17:08:50:177 515232 515808 1
19-07-2017-17:08:50:206 515808 516384 1
19-07-2017-17:08:50:247 516384 516960 1
19-07-2017-17:08:50:276 516960 517536 1
19-07-2017-17:08:50:317 517536 518112 1
19-07-2017-17:08:50:345 518112 518688 1
19-07-2017-17:08:50:385 518688 519264 1
19-07-2017-17:08:50:426 519264 519840 1
19-07-2017-17:08:50:455 519840 520416 1
19-07-2017-17:08:50:495 520416 520992 1
19-07-2017-17:08:50:531 520992 521568 1
19-07-2017-17:08:50:572 521568 522144 1
19-07-2017-17:08:50:601 522144 522720 1
19-07-2017-17:08:50:642 522720 523296 1
19-07-2017-17:08:50:671 523296 523872 1
19-07-2017-17:08:50:711 523872 524448 1
19-07-2017-17:08:50:751 524448 525024 1
19-07-2017-17:08:50:780 525024 525600 1
19-07-2017-17:08:50:821 525600 526176 1
19-07-2017-17:08:50:850 526176 526752 1
19-07-2017-17:08:50:889 526752 527328 1
19-07-2017-17:08:50:937 527328 527904 1
19-07-2017-17:08:50:965 527904 528480 1
19-07-2017-17:08:51:006 528480 529056 1
19-07-2017-17:08:51:035 529056 529632 1
19-07-2017-17:08:51:077 529632 530208 1
19-07-2017-17:08:51:108 530208 530784 1
19-07-2017-17:08:51:146 530784 531360 1
19-07-2017-17:08:51:174 531360 531936 1
19-07-2017-17:08:51:214 531936 532512 1
19-07-2017-17:08:51:256 532512 533088 1
19-07-2017-17:08:51:294 533088 533664 1
19-07-2017-17:08:51:336 533664 534240 1
19-07-2017-17:08:51:366 534240 534816 1
19-07-2017-17:08:51:400 534816 535392 1
19-07-2017-17:08:51:430 535392 535968 1
19-07-2017-17:08:51:471 535968 536544 1
19-07-2017-17:08:51:499 536544 537120 1
19-07-2017-17:08:51:542 537120 537696 1
19-07-2017-17:08:51:570 537696 538272 1
19-07-2017-17:08:51:610 538272 538848 1
19-07-2017-17:08:51:652 538848 539424 1
19-07-2017-17:08:51:683 539424 540000 1
19-07-2017-17:08:51:725 540000 540576 1
19-07-2017-17:08:51:749 540576 541152 1
19-07-2017-17:08:51:796 541152 541728 1
19-07-2017-17:08:51:838 541728 542304 1
19-07-2017-17:08:51:866 542304 542880 1
19-07-2017-17:08:51:907 542880 543456 1
19-07-2017-17:08:51:936 543456 544032 1
19-07-2017-17:08:51:976 544032 544608 1
19-07-2017-17:08:52:002 544608 545184 1
19-07-2017-17:08:52:267 545184 545760 1
19-07-2017-17:08:52:268 545760 546336 1
19-07-2017-17:08:52:268 546336 546912 1
19-07-2017-17:08:52:269 546912 547488 1
19-07-2017-17:08:52:269 547488 548064 1
19-07-2017-17:08:52:269 548064 548640 1
19-07-2017-17:08:52:269 548640 549216 1
19-07-2017-17:08:52:297 549216 549792 1
19-07-2017-17:08:52:326 549792 550368 1
19-07-2017-17:08:52:367 550368 550944 1
19-07-2017-17:08:52:412 550944 551520 1
19-07-2017-17:08:52:435 551520 552096 1
19-07-2017-17:08:52:481 552096 552672 1
19-07-2017-17:08:52:509 552672 553248 1
19-07-2017-17:08:52:550 553248 553824 1
19-07-2017-17:08:52:579 553824 554400 1
19-07-2017-17:08:52:621 554400 554976 1
19-07-2017-17:08:52:648 554976 555552 1
19-07-2017-17:08:52:689 555552 556128 1
19-07-2017-17:08:52:730 556128 556704 1
19-07-2017-17:08:52:760 556704 557280 1
19-07-2017-17:08:52:805 557280 557856 1
19-07-2017-17:08:52:828 557856 558432 1
19-07-2017-17:08:52:874 558432 559008 1
19-07-2017-17:08:52:915 559008 559584 1
19-07-2017-17:08:52:945 559584 560160 1
19-07-2017-17:08:52:985 560160 560736 1
19-07-2017-17:08:53:014 560736 561312 1
19-07-2017-17:08:53:054 561312 561888 1
19-07-2017-17:08:53:090 561888 562464 1
19-07-2017-17:08:53:125 562464 563040 1
19-07-2017-17:08:53:154 563040 563616 1
19-07-2017-17:08:53:194 563616 564192 1
19-07-2017-17:08:53:233 564192 564768 1
19-07-2017-17:08:53:264 564768 565344 1
19-07-2017-17:08:53:305 565344 565920 1
19-07-2017-17:08:53:334 565920 566496 1
19-07-2017-17:08:53:379 566496 567072 1
19-07-2017-17:08:53:419 567072 567648 1
19-07-2017-17:08:53:448 567648 568224 1
19-07-2017-17:08:53:489 568224 568800 1
19-07-2017-17:08:53:514 568800 569376 1
19-07-2017-17:08:53:559 569376 569952 1
19-07-2017-17:08:53:599 569952 570528 1
19-07-2017-17:08:53:629 570528 571104 1
19-07-2017-17:08:53:669 571104 571680 1
19-07-2017-17:08:53:700 571680 572256 1
19-07-2017-17:08:53:739 572256 572832 1
19-07-2017-17:08:53:769 572832 573408 1
19-07-2017-17:08:53:809 573408 573984 1
19-07-2017-17:08:53:840 573984 574560 1
19-07-2017-17:08:53:880 574560 575136 1
19-07-2017-17:08:53:908 575136 575712 1
19-07-2017-17:08:53:950 575712 576288 1
19-07-2017-17:08:53:994 576288 576864 1
19-07-2017-17:08:54:018 576864 577440 1
19-07-2017-17:08:54:065 577440 578016 1
19-07-2017-17:08:54:106 578016 578592 1
19-07-2017-17:08:54:134 578592 579168 1
19-07-2017-17:08:54:162 579168 579744 1
19-07-2017-17:08:54:203 579744 580320 1
19-07-2017-17:08:54:243 580320 580896 1
19-07-2017-17:08:54:274 580896 581472 1
19-07-2017-17:08:54:313 581472 582048 1
19-07-2017-17:08:54:343 582048 582624 1
19-07-2017-17:08:54:383 582624 583200 1
19-07-2017-17:08:54:412 583200 583776 1
19-07-2017-17:08:54:453 583776 584352 1
19-07-2017-17:08:54:495 584352 584928 1
19-07-2017-17:08:54:524 584928 585504 1
19-07-2017-17:08:54:570 585504 586080 1
19-07-2017-17:08:54:592 586080 586656 1
19-07-2017-17:08:54:639 586656 587232 1
19-07-2017-17:08:54:667 587232 587808 1
19-07-2017-17:08:54:708 587808 588384 1
19-07-2017-17:08:54:736 588384 588960 1
19-07-2017-17:08:54:778 588960 589536 1
19-07-2017-17:08:54:818 589536 590112 1
19-07-2017-17:08:54:846 590112 590688 1
19-07-2017-17:08:54:887 590688 591264 1
19-07-2017-17:08:54:917 591264 591840 1
19-07-2017-17:08:54:958 591840 592416 1
19-07-2017-17:08:55:003 592416 592992 1
19-07-2017-17:08:55:032 592992 593568 1
19-07-2017-17:08:55:060 593568 594144 1
19-07-2017-17:08:55:101 594144 594720 1
19-07-2017-17:08:55:147 594720 595296 1
19-07-2017-17:08:55:297 595296 595872 1
19-07-2017-17:08:55:297 595872 596448 1
19-07-2017-17:08:55:298 596448 597024 1
19-07-2017-17:08:55:298 597024 597600 1
19-07-2017-17:08:55:316 597600 598176 1
19-07-2017-17:08:55:357 598176 598752 1
19-07-2017-17:08:55:396 598752 599328 1
19-07-2017-17:08:55:424 599328 599904 1
19-07-2017-17:08:55:466 599904 600480 1
19-07-2017-17:08:55:495 600480 601056 1
19-07-2017-17:08:55:536 601056 601632 1
19-07-2017-17:08:55:581 601632 602208 1
19-07-2017-17:08:55:605 602208 602784 1
19-07-2017-17:08:55:651 602784 603360 1
19-07-2017-17:08:55:690 603360 603936 1
19-07-2017-17:08:55:721 603936 604512 1
19-07-2017-17:08:55:749 604512 605088 1
19-07-2017-17:08:55:790 605088 605664 1
19-07-2017-17:08:55:819 605664 606240 1
19-07-2017-17:08:55:860 606240 606816 1
19-07-2017-17:08:55:889 606816 607392 1
19-07-2017-17:08:55:929 607392 607968 1
19-07-2017-17:08:55:976 607968 608544 1
19-07-2017-17:08:55:999 608544 609120 1
19-07-2017-17:08:56:043 609120 609696 1
19-07-2017-17:08:56:084 609696 610272 1
19-07-2017-17:08:56:115 610272 610848 1
19-07-2017-17:08:56:155 610848 611424 1
19-07-2017-17:08:56:184 611424 612000 1
19-07-2017-17:08:56:224 612000 612576 1
19-07-2017-17:08:56:253 612576 613152 1
19-07-2017-17:08:56:293 613152 613728 1
19-07-2017-17:08:56:322 613728 614304 1
19-07-2017-17:08:56:365 614304 614880 1
19-07-2017-17:08:56:409 614880 615456 1
19-07-2017-17:08:56:434 615456 616032 1
19-07-2017-17:08:56:469 616032 616608 1
19-07-2017-17:08:56:515 616608 617184 1
19-07-2017-17:08:56:538 617184 617760 1
19-07-2017-17:08:56:583 617760 618336 1
19-07-2017-17:08:56:613 618336 618912 1
19-07-2017-17:08:56:652 618912 619488 1
19-07-2017-17:08:56:680 619488 620064 1
19-07-2017-17:08:56:720 620064 620640 1
19-07-2017-17:08:56:762 620640 621216 1
19-07-2017-17:08:56:790 621216 621792 1
19-07-2017-17:08:56:831 621792 622368 1
19-07-2017-17:08:56:877 622368 622944 1
19-07-2017-17:08:56:900 622944 623520 1
19-07-2017-17:08:56:946 623520 624096 1
19-07-2017-17:08:56:976 624096 624672 1
19-07-2017-17:08:57:016 624672 625248 1
19-07-2017-17:08:57:046 625248 625824 1
19-07-2017-17:08:57:086 625824 626400 1
19-07-2017-17:08:57:116 626400 626976 1
19-07-2017-17:08:57:156 626976 627552 1
19-07-2017-17:08:57:187 627552 628128 1
19-07-2017-17:08:57:225 628128 628704 1
19-07-2017-17:08:57:267 628704 629280 1
19-07-2017-17:08:57:298 629280 629856 1
19-07-2017-17:08:57:330 629856 630432 1
19-07-2017-17:08:57:376 630432 631008 1
19-07-2017-17:08:57:416 631008 631584 1
19-07-2017-17:08:57:445 631584 632160 1
19-07-2017-17:08:57:479 632160 632736 1
19-07-2017-17:08:57:515 632736 633312 1
19-07-2017-17:08:57:545 633312 633888 1
19-07-2017-17:08:57:588 633888 634464 1
19-07-2017-17:08:57:627 634464 635040 1
19-07-2017-17:08:57:656 635040 635616 1
19-07-2017-17:08:57:696 635616 636192 1
19-07-2017-17:08:57:726 636192 636768 1
19-07-2017-17:08:57:779 636768 637344 1
19-07-2017-17:08:57:807 637344 637920 1
19-07-2017-17:08:57:835 637920 638496 1
19-07-2017-17:08:57:876 638496 639072 1
19-07-2017-17:08:57:906 639072 639648 1
19-07-2017-17:08:57:952 639648 640224 1
19-07-2017-17:08:57:992 640224 640800 1
19-07-2017-17:08:58:015 640800 641376 1
19-07-2017-17:08:58:062 641376 641952 1
19-07-2017-17:08:58:085 641952 642528 1
19-07-2017-17:08:58:131 642528 643104 1
19-07-2017-17:08:58:173 643104 643680 1
19-07-2017-17:08:58:202 643680 644256 1
19-07-2017-17:08:58:230 644256 644832 1
19-07-2017-17:08:58:271 644832 645408 1
19-07-2017-17:08:58:312 645408 645984 1
19-07-2017-17:08:58:340 645984 646560 1
19-07-2017-17:08:58:381 646560 647136 1
19-07-2017-17:08:58:410 647136 647712 1
19-07-2017-17:08:58:450 647712 648288 1
19-07-2017-17:08:58:499 648288 648864 1
19-07-2017-17:08:58:526 648864 649440 1
19-07-2017-17:08:58:566 649440 650016 1
19-07-2017-17:08:58:596 650016 650592 1
19-07-2017-17:08:58:635 650592 651168 1
19-07-2017-17:08:58:664 651168 651744 1
19-07-2017-17:08:58:704 651744 652320 1
19-07-2017-17:08:58:734 652320 652896 1
19-07-2017-17:08:58:777 652896 653472 1
19-07-2017-17:08:59:115 653472 654048 1
19-07-2017-17:08:59:116 654048 654624 1
19-07-2017-17:08:59:116 654624 655200 1
19-07-2017-17:08:59:117 655200 655776 1
19-07-2017-17:08:59:117 655776 656352 1
19-07-2017-17:08:59:117 656352 656928 1
19-07-2017-17:08:59:117 656928 657504 1
19-07-2017-17:08:59:117 657504 658080 1
19-07-2017-17:08:59:117 658080 658656 1
19-07-2017-17:08:59:140 658656 659232 1
19-07-2017-17:08:59:169 659232 659808 1
19-07-2017-17:08:59:208 659808 660384 1
19-07-2017-17:08:59:238 660384 660960 1
19-07-2017-17:08:59:279 660960 661536 1
19-07-2017-17:08:59:319 661536 662112 1
19-07-2017-17:08:59:349 662112 662688 1
19-07-2017-17:08:59:388 662688 663264 1
19-07-2017-17:08:59:417 663264 663840 1
19-07-2017-17:08:59:457 663840 664416 1
19-07-2017-17:08:59:506 664416 664992 1
19-07-2017-17:08:59:534 664992 665568 1
19-07-2017-17:08:59:563 665568 666144 1
19-07-2017-17:08:59:603 666144 666720 1
19-07-2017-17:08:59:633 666720 667296 1
19-07-2017-17:08:59:674 667296 667872 1
19-07-2017-17:08:59:720 667872 668448 1
19-07-2017-17:08:59:742 668448 669024 1
19-07-2017-17:08:59:789 669024 669600 1
19-07-2017-17:08:59:812 669600 670176 1
19-07-2017-17:08:59:858 670176 670752 1
19-07-2017-17:08:59:887 670752 671328 1
19-07-2017-17:08:59:928 671328 671904 1
19-07-2017-17:08:59:957 671904 672480 1
19-07-2017-17:08:59:998 672480 673056 1
19-07-2017-17:09:00:039 673056 673632 1
19-07-2017-17:09:00:069 673632 674208 1
19-07-2017-17:09:00:108 674208 674784 1
19-07-2017-17:09:00:138 674784 675360 1
19-07-2017-17:09:00:179 675360 675936 1
19-07-2017-17:09:00:225 675936 676512 1
19-07-2017-17:09:00:255 676512 677088 1
19-07-2017-17:09:00:294 677088 677664 1
19-07-2017-17:09:00:324 677664 678240 1
19-07-2017-17:09:00:353 678240 678816 1
19-07-2017-17:09:00:393 678816 679392 1
19-07-2017-17:09:00:433 679392 679968 1
19-07-2017-17:09:00:463 679968 680544 1
19-07-2017-17:09:00:503 680544 681120 1
19-07-2017-17:09:00:534 681120 681696 1
19-07-2017-17:09:00:573 681696 682272 1
19-07-2017-17:09:00:619 682272 682848 1
19-07-2017-17:09:00:644 682848 683424 1
19-07-2017-17:09:00:689 683424 684000 1
19-07-2017-17:09:00:719 684000 684576 1
19-07-2017-17:09:00:761 684576 685152 1
19-07-2017-17:09:00:788 685152 685728 1
19-07-2017-17:09:00:828 685728 686304 1
19-07-2017-17:09:00:857 686304 686880 1
19-07-2017-17:09:00:897 686880 687456 1
19-07-2017-17:09:00:938 687456 688032 1
19-07-2017-17:09:00:966 688032 688608 1
19-07-2017-17:09:01:012 688608 689184 1
19-07-2017-17:09:01:041 689184 689760 1
19-07-2017-17:09:01:081 689760 690336 1
19-07-2017-17:09:01:110 690336 690912 1
19-07-2017-17:09:01:151 690912 691488 1
19-07-2017-17:09:01:181 691488 692064 1
19-07-2017-17:09:01:225 692064 692640 1
19-07-2017-17:09:01:267 692640 693216 1
19-07-2017-17:09:01:296 693216 693792 1
19-07-2017-17:09:01:337 693792 694368 1
19-07-2017-17:09:01:367 694368 694944 1
19-07-2017-17:09:01:404 694944 695520 1
19-07-2017-17:09:01:434 695520 696096 1
19-07-2017-17:09:01:475 696096 696672 1
19-07-2017-17:09:01:505 696672 697248 1
19-07-2017-17:09:01:545 697248 697824 1
19-07-2017-17:09:01:586 697824 698400 1
19-07-2017-17:09:01:615 698400 698976 1
19-07-2017-17:09:01:663 698976 699552 1
19-07-2017-17:09:01:686 699552 700128 1
19-07-2017-17:09:01:730 700128 700704 1
19-07-2017-17:09:01:761 700704 701280 1
19-07-2017-17:09:01:800 701280 701856 1
19-07-2017-17:09:01:829 701856 702432 1
19-07-2017-17:09:01:869 702432 703008 1
19-07-2017-17:09:01:909 703008 703584 1
19-07-2017-17:09:02:545 703584 704160 1
19-07-2017-17:09:02:546 704160 704736 1
19-07-2017-17:09:02:547 704736 705312 1
19-07-2017-17:09:02:547 705312 705888 1
19-07-2017-17:09:02:547 705888 706464 1
19-07-2017-17:09:02:547 706464 707040 1
19-07-2017-17:09:02:547 707040 707616 1
19-07-2017-17:09:02:547 707616 708192 1
19-07-2017-17:09:02:547 708192 708768 1
19-07-2017-17:09:02:547 708768 709344 1
19-07-2017-17:09:02:548 709344 709920 1
19-07-2017-17:09:02:548 709920 710496 1
19-07-2017-17:09:02:548 710496 711072 1
19-07-2017-17:09:02:548 711072 711648 1
19-07-2017-17:09:02:548 711648 712224 1
19-07-2017-17:09:02:548 712224 712800 1
19-07-2017-17:09:02:548 712800 713376 1
19-07-2017-17:09:02:560 713376 713952 1
19-07-2017-17:09:02:588 713952 714528 1
19-07-2017-17:09:02:634 714528 715104 1
19-07-2017-17:09:02:670 715104 715680 1
19-07-2017-17:09:02:703 715680 716256 1
19-07-2017-17:09:02:731 716256 716832 1
19-07-2017-17:09:02:773 716832 717408 1
19-07-2017-17:09:02:802 717408 717984 1
19-07-2017-17:09:02:842 717984 718560 1
19-07-2017-17:09:02:883 718560 719136 1
19-07-2017-17:09:02:912 719136 719712 1
19-07-2017-17:09:02:953 719712 720288 1
19-07-2017-17:09:02:981 720288 720864 1
19-07-2017-17:09:03:023 720864 721440 1
19-07-2017-17:09:03:062 721440 722016 1
19-07-2017-17:09:03:091 722016 722592 1
19-07-2017-17:09:03:132 722592 723168 1
19-07-2017-17:09:03:163 723168 723744 1
19-07-2017-17:09:03:207 723744 724320 1
19-07-2017-17:09:03:248 724320 724896 1
19-07-2017-17:09:03:277 724896 725472 1
19-07-2017-17:09:03:319 725472 726048 1
19-07-2017-17:09:03:353 726048 726624 1
19-07-2017-17:09:03:378 726624 727200 1
19-07-2017-17:09:03:418 727200 727776 1
19-07-2017-17:09:03:457 727776 728352 1
19-07-2017-17:09:03:488 728352 728928 1
19-07-2017-17:09:03:528 728928 729504 1
19-07-2017-17:09:03:557 729504 730080 1
19-07-2017-17:09:03:596 730080 730656 1
19-07-2017-17:09:03:644 730656 731232 1
19-07-2017-17:09:03:666 731232 731808 1
19-07-2017-17:09:03:714 731808 732384 1
19-07-2017-17:09:03:744 732384 732960 1
19-07-2017-17:09:03:784 732960 733536 1
19-07-2017-17:09:03:814 733536 734112 1
19-07-2017-17:09:03:853 734112 734688 1
19-07-2017-17:09:03:882 734688 735264 1
19-07-2017-17:09:03:922 735264 735840 1
19-07-2017-17:09:03:962 735840 736416 1
19-07-2017-17:09:03:992 736416 736992 1
19-07-2017-17:09:04:024 736992 737568 1
19-07-2017-17:09:04:066 737568 738144 1
19-07-2017-17:09:04:109 738144 738720 1
19-07-2017-17:09:04:134 738720 739296 1
19-07-2017-17:09:04:175 739296 739872 1
19-07-2017-17:09:04:205 739872 740448 1
19-07-2017-17:09:04:244 740448 741024 1
19-07-2017-17:09:04:291 741024 741600 1
19-07-2017-17:09:04:315 741600 742176 1
19-07-2017-17:09:04:363 742176 742752 1
19-07-2017-17:09:04:401 742752 743328 1
19-07-2017-17:09:04:432 743328 743904 1
19-07-2017-17:09:04:471 743904 744480 1
19-07-2017-17:09:04:499 744480 745056 1
19-07-2017-17:09:04:539 745056 745632 1
19-07-2017-17:09:04:570 745632 746208 1
19-07-2017-17:09:04:609 746208 746784 1
19-07-2017-17:09:04:639 746784 747360 1
19-07-2017-17:09:04:678 747360 747936 1
19-07-2017-17:09:04:708 747936 748512 1
19-07-2017-17:09:04:748 748512 749088 1
19-07-2017-17:09:04:789 749088 749664 1
19-07-2017-17:09:04:818 749664 750240 1
19-07-2017-17:09:04:860 750240 750816 1
19-07-2017-17:09:04:890 750816 751392 1
19-07-2017-17:09:04:933 751392 751968 1
19-07-2017-17:09:04:975 751968 752544 1
19-07-2017-17:09:05:002 752544 753120 1
19-07-2017-17:09:05:043 753120 753696 1
19-07-2017-17:09:05:374 753696 754272 1
19-07-2017-17:09:05:375 754272 754848 1
19-07-2017-17:09:05:375 754848 755424 1
19-07-2017-17:09:05:375 755424 756000 1
19-07-2017-17:09:05:375 756000 756576 1
19-07-2017-17:09:05:375 756576 757152 1
19-07-2017-17:09:05:375 757152 757728 1
19-07-2017-17:09:05:375 757728 758304 1
19-07-2017-17:09:05:375 758304 758880 1
19-07-2017-17:09:05:407 758880 759456 1
19-07-2017-17:09:05:442 759456 760032 1
19-07-2017-17:09:05:484 760032 760608 1
19-07-2017-17:09:05:517 760608 761184 1
19-07-2017-17:09:05:537 761184 761760 1
19-07-2017-17:09:05:582 761760 762336 1
19-07-2017-17:09:05:610 762336 762912 1
19-07-2017-17:09:05:652 762912 763488 1
19-07-2017-17:09:05:681 763488 764064 1
19-07-2017-17:09:05:725 764064 764640 1
19-07-2017-17:09:05:761 764640 765216 1
19-07-2017-17:09:05:791 765216 765792 1
19-07-2017-17:09:05:831 765792 766368 1
19-07-2017-17:09:05:860 766368 766944 1
19-07-2017-17:09:05:901 766944 767520 1
19-07-2017-17:09:05:947 767520 768096 1
19-07-2017-17:09:05:972 768096 768672 1
19-07-2017-17:09:06:019 768672 769248 1
19-07-2017-17:09:06:041 769248 769824 1
19-07-2017-17:09:06:086 769824 770400 1
19-07-2017-17:09:06:120 770400 770976 1
19-07-2017-17:09:06:157 770976 771552 1
19-07-2017-17:09:06:185 771552 772128 1
19-07-2017-17:09:06:228 772128 772704 1
19-07-2017-17:09:06:269 772704 773280 1
19-07-2017-17:09:06:300 773280 773856 1
19-07-2017-17:09:06:336 773856 774432 1
19-07-2017-17:09:06:366 774432 775008 1
19-07-2017-17:09:06:407 775008 775584 1
19-07-2017-17:09:06:447 775584 776160 1
19-07-2017-17:09:06:480 776160 776736 1
19-07-2017-17:09:06:523 776736 777312 1
19-07-2017-17:09:06:546 777312 777888 1
19-07-2017-17:09:06:592 777888 778464 1
19-07-2017-17:09:06:633 778464 779040 1
19-07-2017-17:09:06:662 779040 779616 1
19-07-2017-17:09:06:702 779616 780192 1
19-07-2017-17:09:06:732 780192 780768 1
19-07-2017-17:09:06:762 780768 781344 1
19-07-2017-17:09:06:801 781344 781920 1
19-07-2017-17:09:06:841 781920 782496 1
19-07-2017-17:09:06:870 782496 783072 1
19-07-2017-17:09:06:912 783072 783648 1
19-07-2017-17:09:06:940 783648 784224 1
19-07-2017-17:09:06:981 784224 784800 1
19-07-2017-17:09:07:015 784800 785376 1
19-07-2017-17:09:07:054 785376 785952 1
19-07-2017-17:09:07:085 785952 786528 1
19-07-2017-17:09:07:124 786528 787104 1
19-07-2017-17:09:07:166 787104 787680 1
19-07-2017-17:09:07:193 787680 788256 1
19-07-2017-17:09:07:236 788256 788832 1
19-07-2017-17:09:07:264 788832 789408 1
19-07-2017-17:09:07:305 789408 789984 1
19-07-2017-17:09:07:350 789984 790560 1
19-07-2017-17:09:07:379 790560 791136 1
19-07-2017-17:09:07:421 791136 791712 1
19-07-2017-17:09:07:449 791712 792288 1
19-07-2017-17:09:07:488 792288 792864 1
19-07-2017-17:09:07:518 792864 793440 1
19-07-2017-17:09:07:563 793440 794016 1
19-07-2017-17:09:07:589 794016 794592 1
19-07-2017-17:09:07:629 794592 795168 1
19-07-2017-17:09:07:670 795168 795744 1
19-07-2017-17:09:07:699 795744 796320 1
19-07-2017-17:09:07:739 796320 796896 1
19-07-2017-17:09:07:770 796896 797472 1
19-07-2017-17:09:07:813 797472 798048 1
19-07-2017-17:09:07:856 798048 798624 1
19-07-2017-17:09:07:882 798624 799200 1
19-07-2017-17:09:07:923 799200 799776 1
19-07-2017-17:09:07:952 799776 800352 1
19-07-2017-17:09:07:992 800352 800928 1
19-07-2017-17:09:08:022 800928 801504 1
19-07-2017-17:09:08:062 801504 802080 1
19-07-2017-17:09:08:102 802080 802656 1
19-07-2017-17:09:08:130 802656 803232 1
19-07-2017-17:09:08:176 803232 803808 1
19-07-2017-17:09:08:613 803808 804384 1
19-07-2017-17:09:08:615 804384 804960 1
19-07-2017-17:09:08:615 804960 805536 1
19-07-2017-17:09:08:615 805536 806112 1
19-07-2017-17:09:08:616 806112 806688 1
19-07-2017-17:09:08:616 806688 807264 1
19-07-2017-17:09:08:616 807264 807840 1
19-07-2017-17:09:08:616 807840 808416 1
19-07-2017-17:09:08:616 808416 808992 1
19-07-2017-17:09:08:616 808992 809568 1
19-07-2017-17:09:08:616 809568 810144 1
19-07-2017-17:09:08:616 810144 810720 1
19-07-2017-17:09:08:642 810720 811296 1
19-07-2017-17:09:08:678 811296 811872 1
19-07-2017-17:09:08:705 811872 812448 1
19-07-2017-17:09:08:748 812448 813024 1
19-07-2017-17:09:08:778 813024 813600 1
19-07-2017-17:09:08:823 813600 814176 1
19-07-2017-17:09:08:861 814176 814752 1
19-07-2017-17:09:08:890 814752 815328 1
19-07-2017-17:09:08:932 815328 815904 1
19-07-2017-17:09:08:961 815904 816480 1
19-07-2017-17:09:09:002 816480 817056 1
19-07-2017-17:09:09:031 817056 817632 1
19-07-2017-17:09:09:071 817632 818208 1
19-07-2017-17:09:09:110 818208 818784 1
19-07-2017-17:09:09:140 818784 819360 1
19-07-2017-17:09:09:182 819360 819936 1
19-07-2017-17:09:09:211 819936 820512 1
19-07-2017-17:09:09:250 820512 821088 1
19-07-2017-17:09:09:281 821088 821664 1
19-07-2017-17:09:09:321 821664 822240 1
19-07-2017-17:09:09:367 822240 822816 1
19-07-2017-17:09:09:392 822816 823392 1
19-07-2017-17:09:09:437 823392 823968 1
19-07-2017-17:09:09:466 823968 824544 1
19-07-2017-17:09:09:506 824544 825120 1
19-07-2017-17:09:09:536 825120 825696 1
19-07-2017-17:09:09:576 825696 826272 1
19-07-2017-17:09:09:606 826272 826848 1
19-07-2017-17:09:09:646 826848 827424 1
19-07-2017-17:09:09:685 827424 828000 1
19-07-2017-17:09:09:716 828000 828576 1
19-07-2017-17:09:09:754 828576 829152 1
19-07-2017-17:09:09:784 829152 829728 1
19-07-2017-17:09:09:826 829728 830304 1
19-07-2017-17:09:09:866 830304 830880 1
19-07-2017-17:09:09:896 830880 831456 1
19-07-2017-17:09:09:940 831456 832032 1
19-07-2017-17:09:09:963 832032 832608 1
19-07-2017-17:09:10:010 832608 833184 1
19-07-2017-17:09:10:038 833184 833760 1
19-07-2017-17:09:10:080 833760 834336 1
19-07-2017-17:09:10:109 834336 834912 1
19-07-2017-17:09:10:149 834912 835488 1
19-07-2017-17:09:10:196 835488 836064 1
19-07-2017-17:09:10:219 836064 836640 1
19-07-2017-17:09:10:265 836640 837216 1
19-07-2017-17:09:10:289 837216 837792 1
19-07-2017-17:09:10:334 837792 838368 1
19-07-2017-17:09:10:364 838368 838944 1
19-07-2017-17:09:10:404 838944 839520 1
19-07-2017-17:09:10:433 839520 840096 1
19-07-2017-17:09:10:474 840096 840672 1
19-07-2017-17:09:10:515 840672 841248 1
19-07-2017-17:09:10:543 841248 841824 1
19-07-2017-17:09:10:591 841824 842400 1
19-07-2017-17:09:10:614 842400 842976 1
19-07-2017-17:09:10:659 842976 843552 1
19-07-2017-17:09:10:701 843552 844128 1
19-07-2017-17:09:10:729 844128 844704 1
19-07-2017-17:09:10:757 844704 845280 1
19-07-2017-17:09:10:798 845280 845856 1
19-07-2017-17:09:10:839 845856 846432 1
19-07-2017-17:09:10:868 846432 847008 1
19-07-2017-17:09:10:908 847008 847584 1
19-07-2017-17:09:10:939 847584 848160 1
19-07-2017-17:09:10:980 848160 848736 1
19-07-2017-17:09:11:019 848736 849312 1
19-07-2017-17:09:11:048 849312 849888 1
19-07-2017-17:09:11:089 849888 850464 1
19-07-2017-17:09:11:118 850464 851040 1
19-07-2017-17:09:11:159 851040 851616 1
19-07-2017-17:09:11:187 851616 852192 1
19-07-2017-17:09:11:233 852192 852768 1
19-07-2017-17:09:11:273 852768 853344 1
19-07-2017-17:09:11:305 853344 853920 1
19-07-2017-17:09:11:485 853920 854496 1
19-07-2017-17:09:11:487 854496 855072 1
19-07-2017-17:09:11:487 855072 855648 1
19-07-2017-17:09:11:487 855648 856224 1
19-07-2017-17:09:11:487 856224 856800 1
19-07-2017-17:09:11:522 856800 857376 1
19-07-2017-17:09:11:559 857376 857952 1
19-07-2017-17:09:11:601 857952 858528 1
19-07-2017-17:09:11:629 858528 859104 1
19-07-2017-17:09:11:658 859104 859680 1
19-07-2017-17:09:11:699 859680 860256 1
19-07-2017-17:09:11:738 860256 860832 1
19-07-2017-17:09:11:768 860832 861408 1
19-07-2017-17:09:11:809 861408 861984 1
19-07-2017-17:09:11:840 861984 862560 1
19-07-2017-17:09:11:880 862560 863136 1
19-07-2017-17:09:11:918 863136 863712 1
19-07-2017-17:09:11:948 863712 864288 1
19-07-2017-17:09:11:993 864288 864864 1
19-07-2017-17:09:12:017 864864 865440 1
19-07-2017-17:09:12:064 865440 866016 1
19-07-2017-17:09:12:104 866016 866592 1
19-07-2017-17:09:12:132 866592 867168 1
19-07-2017-17:09:12:162 867168 867744 1
19-07-2017-17:09:12:204 867744 868320 1
19-07-2017-17:09:12:244 868320 868896 1
19-07-2017-17:09:12:278 868896 869472 1
19-07-2017-17:09:12:313 869472 870048 1
19-07-2017-17:09:12:342 870048 870624 1
19-07-2017-17:09:12:382 870624 871200 1
19-07-2017-17:09:12:423 871200 871776 1
19-07-2017-17:09:12:453 871776 872352 1
19-07-2017-17:09:12:498 872352 872928 1
19-07-2017-17:09:12:522 872928 873504 1
19-07-2017-17:09:12:567 873504 874080 1
19-07-2017-17:09:12:599 874080 874656 1
19-07-2017-17:09:12:637 874656 875232 1
19-07-2017-17:09:12:667 875232 875808 1
19-07-2017-17:09:12:707 875808 876384 1
19-07-2017-17:09:12:747 876384 876960 1
19-07-2017-17:09:12:776 876960 877536 1
19-07-2017-17:09:12:816 877536 878112 1
19-07-2017-17:09:12:846 878112 878688 1
19-07-2017-17:09:12:886 878688 879264 1
19-07-2017-17:09:12:931 879264 879840 1
19-07-2017-17:09:12:960 879840 880416 1
19-07-2017-17:09:13:000 880416 880992 1
19-07-2017-17:09:13:023 880992 881568 1
19-07-2017-17:09:13:065 881568 882144 1
19-07-2017-17:09:13:105 882144 882720 1
19-07-2017-17:09:13:134 882720 883296 1
19-07-2017-17:09:13:182 883296 883872 1
19-07-2017-17:09:13:205 883872 884448 1
19-07-2017-17:09:13:251 884448 885024 1
19-07-2017-17:09:13:280 885024 885600 1
19-07-2017-17:09:13:320 885600 886176 1
19-07-2017-17:09:13:349 886176 886752 1
19-07-2017-17:09:13:390 886752 887328 1
19-07-2017-17:09:13:429 887328 887904 1
19-07-2017-17:09:13:458 887904 888480 1
19-07-2017-17:09:13:500 888480 889056 1
19-07-2017-17:09:13:528 889056 889632 1
19-07-2017-17:09:13:569 889632 890208 1
19-07-2017-17:09:13:615 890208 890784 1
19-07-2017-17:09:13:638 890784 891360 1
19-07-2017-17:09:13:685 891360 891936 1
19-07-2017-17:09:13:709 891936 892512 1
19-07-2017-17:09:13:756 892512 893088 1
19-07-2017-17:09:13:796 893088 893664 1
19-07-2017-17:09:13:824 893664 894240 1
19-07-2017-17:09:13:853 894240 894816 1
19-07-2017-17:09:13:895 894816 895392 1
19-07-2017-17:09:13:935 895392 895968 1
19-07-2017-17:09:13:963 895968 896544 1
19-07-2017-17:09:14:005 896544 897120 1
19-07-2017-17:09:14:033 897120 897696 1
19-07-2017-17:09:14:073 897696 898272 1
19-07-2017-17:09:14:113 898272 898848 1
19-07-2017-17:09:14:142 898848 899424 1
19-07-2017-17:09:14:189 899424 900000 1
19-07-2017-17:09:14:213 900000 900576 1
19-07-2017-17:09:14:259 900576 901152 1
19-07-2017-17:09:14:299 901152 901728 1
19-07-2017-17:09:14:329 901728 902304 1
19-07-2017-17:09:14:357 902304 902880 1
19-07-2017-17:09:14:398 902880 903456 1
19-07-2017-17:09:14:439 903456 904032 1
19-07-2017-17:09:14:801 904032 904608 1
19-07-2017-17:09:14:802 904608 905184 1
19-07-2017-17:09:14:802 905184 905760 1
19-07-2017-17:09:14:802 905760 906336 1
19-07-2017-17:09:14:802 906336 906912 1
19-07-2017-17:09:14:802 906912 907488 1
19-07-2017-17:09:14:803 907488 908064 1
19-07-2017-17:09:14:803 908064 908640 1
19-07-2017-17:09:14:803 908640 909216 1
19-07-2017-17:09:14:803 909216 909792 1
19-07-2017-17:09:14:838 909792 910368 1
19-07-2017-17:09:14:862 910368 910944 1
19-07-2017-17:09:14:902 910944 911520 1
19-07-2017-17:09:14:948 911520 912096 1
19-07-2017-17:09:14:978 912096 912672 1
19-07-2017-17:09:15:024 912672 913248 1
19-07-2017-17:09:15:047 913248 913824 1
19-07-2017-17:09:15:087 913824 914400 1
19-07-2017-17:09:15:116 914400 914976 1
19-07-2017-17:09:15:156 914976 915552 1
19-07-2017-17:09:15:186 915552 916128 1
19-07-2017-17:09:15:226 916128 916704 1
19-07-2017-17:09:15:272 916704 917280 1
19-07-2017-17:09:15:296 917280 917856 1
19-07-2017-17:09:15:337 917856 918432 1
19-07-2017-17:09:15:366 918432 919008 1
19-07-2017-17:09:15:406 919008 919584 1
19-07-2017-17:09:15:437 919584 920160 1
19-07-2017-17:09:15:480 920160 920736 1
19-07-2017-17:09:15:522 920736 921312 1
19-07-2017-17:09:15:546 921312 921888 1
19-07-2017-17:09:15:591 921888 922464 1
19-07-2017-17:09:15:623 922464 923040 1
19-07-2017-17:09:15:663 923040 923616 1
19-07-2017-17:09:15:691 923616 924192 1
19-07-2017-17:09:15:732 924192 924768 1
19-07-2017-17:09:15:762 924768 925344 1
19-07-2017-17:09:15:802 925344 925920 1
19-07-2017-17:09:15:842 925920 926496 1
19-07-2017-17:09:15:871 926496 927072 1
19-07-2017-17:09:15:911 927072 927648 1
19-07-2017-17:09:15:940 927648 928224 1
19-07-2017-17:09:15:981 928224 928800 1
19-07-2017-17:09:16:026 928800 929376 1
19-07-2017-17:09:16:055 929376 929952 1
19-07-2017-17:09:16:086 929952 930528 1
19-07-2017-17:09:16:126 930528 931104 1
19-07-2017-17:09:16:167 931104 931680 1
19-07-2017-17:09:16:196 931680 932256 1
19-07-2017-17:09:16:236 932256 932832 1
19-07-2017-17:09:16:264 932832 933408 1
19-07-2017-17:09:16:307 933408 933984 1
19-07-2017-17:09:16:347 933984 934560 1
19-07-2017-17:09:16:376 934560 935136 1
19-07-2017-17:09:16:422 935136 935712 1
19-07-2017-17:09:16:445 935712 936288 1
19-07-2017-17:09:16:491 936288 936864 1
19-07-2017-17:09:16:516 936864 937440 1
19-07-2017-17:09:16:562 937440 938016 1
19-07-2017-17:09:16:592 938016 938592 1
19-07-2017-17:09:16:631 938592 939168 1
19-07-2017-17:09:16:661 939168 939744 1
19-07-2017-17:09:16:703 939744 940320 1
19-07-2017-17:09:16:744 940320 940896 1
19-07-2017-17:09:16:773 940896 941472 1
19-07-2017-17:09:16:813 941472 942048 1
19-07-2017-17:09:16:842 942048 942624 1
19-07-2017-17:09:16:889 942624 943200 1
19-07-2017-17:09:16:911 943200 943776 1
19-07-2017-17:09:16:958 943776 944352 1
19-07-2017-17:09:17:002 944352 944928 1
19-07-2017-17:09:17:027 944928 945504 1
19-07-2017-17:09:17:056 945504 946080 1
19-07-2017-17:09:17:098 946080 946656 1
19-07-2017-17:09:17:138 946656 947232 1
19-07-2017-17:09:17:167 947232 947808 1
19-07-2017-17:09:17:209 947808 948384 1
19-07-2017-17:09:17:237 948384 948960 1
19-07-2017-17:09:17:279 948960 949536 1
19-07-2017-17:09:17:318 949536 950112 1
19-07-2017-17:09:17:347 950112 950688 1
19-07-2017-17:09:17:394 950688 951264 1
19-07-2017-17:09:17:417 951264 951840 1
19-07-2017-17:09:17:464 951840 952416 1
19-07-2017-17:09:17:498 952416 952992 1
19-07-2017-17:09:17:528 952992 953568 1
19-07-2017-17:09:17:568 953568 954144 1
19-07-2017-17:09:17:839 954144 954720 1
19-07-2017-17:09:17:840 954720 955296 1
19-07-2017-17:09:17:840 955296 955872 1
19-07-2017-17:09:17:840 955872 956448 1
19-07-2017-17:09:17:840 956448 957024 1
19-07-2017-17:09:17:840 957024 957600 1
19-07-2017-17:09:17:840 957600 958176 1
19-07-2017-17:09:17:863 958176 958752 1
19-07-2017-17:09:17:887 958752 959328 1
19-07-2017-17:09:17:935 959328 959904 1
19-07-2017-17:09:17:962 959904 960480 1
19-07-2017-17:09:18:004 960480 961056 1
19-07-2017-17:09:18:032 961056 961632 1
19-07-2017-17:09:18:074 961632 962208 1
19-07-2017-17:09:18:102 962208 962784 1
19-07-2017-17:09:18:142 962784 963360 1
19-07-2017-17:09:18:172 963360 963936 1
19-07-2017-17:09:18:213 963936 964512 1
19-07-2017-17:09:18:252 964512 965088 1
19-07-2017-17:09:18:283 965088 965664 1
19-07-2017-17:09:18:323 965664 966240 1
19-07-2017-17:09:18:352 966240 966816 1
19-07-2017-17:09:18:393 966816 967392 1
19-07-2017-17:09:18:434 967392 967968 1
19-07-2017-17:09:18:463 967968 968544 1
19-07-2017-17:09:18:510 968544 969120 1
19-07-2017-17:09:18:548 969120 969696 1
19-07-2017-17:09:18:577 969696 970272 1
19-07-2017-17:09:18:617 970272 970848 1
19-07-2017-17:09:18:646 970848 971424 1
19-07-2017-17:09:18:688 971424 972000 1
19-07-2017-17:09:18:721 972000 972576 1
19-07-2017-17:09:18:759 972576 973152 1
19-07-2017-17:09:18:792 973152 973728 1
19-07-2017-17:09:18:826 973728 974304 1
19-07-2017-17:09:18:856 974304 974880 1
19-07-2017-17:09:18:897 974880 975456 1
19-07-2017-17:09:18:937 975456 976032 1
19-07-2017-17:09:18:966 976032 976608 1
19-07-2017-17:09:19:006 976608 977184 1
19-07-2017-17:09:19:047 977184 977760 1
19-07-2017-17:09:19:076 977760 978336 1
19-07-2017-17:09:19:122 978336 978912 1
19-07-2017-17:09:19:145 978912 979488 1
19-07-2017-17:09:19:191 979488 980064 1
19-07-2017-17:09:19:221 980064 980640 1
19-07-2017-17:09:19:262 980640 981216 1
19-07-2017-17:09:19:290 981216 981792 1
19-07-2017-17:09:19:331 981792 982368 1
19-07-2017-17:09:19:360 982368 982944 1
19-07-2017-17:09:19:400 982944 983520 1
19-07-2017-17:09:19:440 983520 984096 1
19-07-2017-17:09:19:471 984096 984672 1
19-07-2017-17:09:19:510 984672 985248 1
19-07-2017-17:09:19:539 985248 985824 1
19-07-2017-17:09:19:588 985824 986400 1
19-07-2017-17:09:19:628 986400 986976 1
19-07-2017-17:09:19:656 986976 987552 1
19-07-2017-17:09:19:684 987552 988128 1
19-07-2017-17:09:19:727 988128 988704 1
19-07-2017-17:09:19:768 988704 989280 1
19-07-2017-17:09:19:796 989280 989856 1
19-07-2017-17:09:19:836 989856 990432 1
19-07-2017-17:09:19:866 990432 991008 1
19-07-2017-17:09:19:908 991008 991584 1
19-07-2017-17:09:19:947 991584 992160 1
19-07-2017-17:09:19:975 992160 992736 1
19-07-2017-17:09:20:017 992736 993312 1
19-07-2017-17:09:20:045 993312 993888 1
19-07-2017-17:09:20:091 993888 994464 1
19-07-2017-17:09:20:132 994464 995040 1
19-07-2017-17:09:20:159 995040 995616 1
19-07-2017-17:09:20:202 995616 996192 1
19-07-2017-17:09:20:231 996192 996768 1
19-07-2017-17:09:20:272 996768 997344 1
19-07-2017-17:09:20:301 997344 997920 1
19-07-2017-17:09:20:341 997920 998496 1
19-07-2017-17:09:20:370 998496 999072 1
19-07-2017-17:09:20:410 999072 999648 1
19-07-2017-17:09:20:450 999648 1000224 1
19-07-2017-17:09:20:481 1000224 1000800 1
19-07-2017-17:09:20:520 1000800 1001376 1
19-07-2017-17:09:20:550 1001376 1001952 1
19-07-2017-17:09:20:590 1001952 1002528 1
19-07-2017-17:09:20:630 1002528 1003104 1
19-07-2017-17:09:20:659 1003104 1003680 1
19-07-2017-17:09:20:704 1003680 1004256 1
19-07-2017-17:09:20:813 1004256 1004832 1
19-07-2017-17:09:20:814 1004832 1005408 1
19-07-2017-17:09:20:817 1005408 1005984 1
19-07-2017-17:09:20:844 1005984 1006560 1
19-07-2017-17:09:20:874 1006560 1007136 1
19-07-2017-17:09:20:919 1007136 1007712 1
19-07-2017-17:09:20:944 1007712 1008288 1
19-07-2017-17:09:20:986 1008288 1008864 1
19-07-2017-17:09:21:025 1008864 1009440 1
19-07-2017-17:09:21:054 1009440 1010016 1
19-07-2017-17:09:21:094 1010016 1010592 1
19-07-2017-17:09:21:124 1010592 1011168 1
19-07-2017-17:09:21:165 1011168 1011744 1
19-07-2017-17:09:21:206 1011744 1012320 1
19-07-2017-17:09:21:235 1012320 1012896 1
19-07-2017-17:09:21:274 1012896 1013472 1
19-07-2017-17:09:21:304 1013472 1014048 1
