19-07-2017-16:15:52:723 0 720 1
19-07-2017-16:15:52:773 720 1440 1
19-07-2017-16:15:52:810 1440 2160 1
19-07-2017-16:15:52:858 2160 2880 1
19-07-2017-16:15:52:898 2880 3600 1
19-07-2017-16:15:52:944 3600 4320 1
19-07-2017-16:15:52:991 4320 5040 1
19-07-2017-16:15:53:032 5040 5760 1
19-07-2017-16:15:53:085 5760 6432 1
19-07-2017-16:15:53:129 6432 7104 1
19-07-2017-16:15:53:156 7104 7776 1
19-07-2017-16:15:53:198 7776 8448 1
19-07-2017-16:15:53:240 8448 9120 1
19-07-2017-16:15:53:292 9120 9776 1
19-07-2017-16:15:53:322 9776 10432 1
19-07-2017-16:15:53:370 10432 11088 1
19-07-2017-16:15:53:411 11088 11744 1
19-07-2017-16:15:53:452 11744 12400 1
19-07-2017-16:15:53:493 12400 13056 1
19-07-2017-16:15:53:539 13056 13712 1
19-07-2017-16:15:53:581 13712 14368 1
19-07-2017-16:15:53:609 14368 15024 1
19-07-2017-16:15:53:661 15024 15680 1
19-07-2017-16:15:53:707 15680 16336 1
19-07-2017-16:15:53:748 16336 16992 1
19-07-2017-16:15:53:776 16992 17648 1
19-07-2017-16:15:53:817 17648 18304 1
19-07-2017-16:15:53:860 18304 18960 1
19-07-2017-16:15:53:899 18960 19616 1
19-07-2017-16:15:53:944 19616 20272 1
19-07-2017-16:15:53:990 20272 20928 1
19-07-2017-16:15:54:031 20928 21584 1
19-07-2017-16:15:54:060 21584 22240 1
19-07-2017-16:15:54:100 22240 22896 1
19-07-2017-16:15:54:140 22896 23552 1
19-07-2017-16:15:54:185 23552 24208 1
19-07-2017-16:15:54:229 24208 24864 1
19-07-2017-16:15:54:270 24864 25520 1
19-07-2017-16:15:54:309 25520 26176 1
19-07-2017-16:15:54:350 26176 26832 1
19-07-2017-16:15:54:397 26832 27488 1
19-07-2017-16:15:54:437 27488 28144 1
19-07-2017-16:15:54:477 28144 28800 1
19-07-2017-16:15:54:517 28800 29456 1
19-07-2017-16:15:54:564 29456 30112 1
19-07-2017-16:15:54:605 30112 30768 1
19-07-2017-16:15:54:635 30768 31424 1
19-07-2017-16:15:54:674 31424 32080 1
19-07-2017-16:15:54:715 32080 32736 1
19-07-2017-16:15:54:756 32736 33392 1
19-07-2017-16:15:54:803 33392 34048 1
19-07-2017-16:15:54:842 34048 34704 1
19-07-2017-16:15:54:886 34704 35360 1
19-07-2017-16:15:54:923 35360 36016 1
19-07-2017-16:15:54:969 36016 36672 1
19-07-2017-16:15:55:010 36672 37328 1
19-07-2017-16:15:55:050 37328 37984 1
19-07-2017-16:15:55:092 37984 38640 1
19-07-2017-16:15:55:133 38640 39296 1
19-07-2017-16:15:55:179 39296 39952 1
19-07-2017-16:15:55:221 39952 40608 1
19-07-2017-16:15:55:256 40608 41264 1
19-07-2017-16:15:55:302 41264 41920 1
19-07-2017-16:15:55:332 41920 42576 1
19-07-2017-16:15:55:373 42576 43232 1
19-07-2017-16:15:55:411 43232 43888 1
19-07-2017-16:15:55:453 43888 44544 1
19-07-2017-16:15:55:493 44544 45200 1
19-07-2017-16:15:55:540 45200 45856 1
19-07-2017-16:15:55:582 45856 46512 1
19-07-2017-16:15:55:620 46512 47168 1
19-07-2017-16:15:55:661 47168 47824 1
19-07-2017-16:15:55:709 47824 48480 1
19-07-2017-16:15:55:749 48480 49136 1
19-07-2017-16:15:55:788 49136 49792 1
19-07-2017-16:15:55:991 49792 50448 1
19-07-2017-16:15:55:992 50448 51104 1
19-07-2017-16:15:55:992 51104 51760 1
19-07-2017-16:15:55:993 51760 52416 1
19-07-2017-16:15:55:993 52416 53072 1
19-07-2017-16:15:56:028 53072 53728 1
19-07-2017-16:15:56:073 53728 54384 1
19-07-2017-16:15:56:113 54384 55040 1
19-07-2017-16:15:56:154 55040 55696 1
19-07-2017-16:15:56:194 55696 56352 1
19-07-2017-16:15:56:240 56352 57008 1
19-07-2017-16:15:56:280 57008 57664 1
19-07-2017-16:15:56:322 57664 58320 1
19-07-2017-16:15:56:362 58320 58976 1
19-07-2017-16:15:56:408 58976 59632 1
19-07-2017-16:15:56:438 59632 60288 1
19-07-2017-16:15:56:478 60288 60944 1
19-07-2017-16:15:56:519 60944 61600 1
19-07-2017-16:15:56:560 61600 62256 1
19-07-2017-16:15:56:607 62256 62912 1
19-07-2017-16:15:56:646 62912 63568 1
19-07-2017-16:15:56:686 63568 64224 1
19-07-2017-16:15:56:732 64224 64880 1
19-07-2017-16:15:56:774 64880 65536 1
19-07-2017-16:15:56:820 65536 66192 1
19-07-2017-16:15:56:861 66192 66848 1
19-07-2017-16:15:56:891 66848 67504 1
19-07-2017-16:15:56:931 67504 68160 1
19-07-2017-16:15:56:972 68160 68816 1
19-07-2017-16:15:57:011 68816 69472 1
19-07-2017-16:15:57:058 69472 70128 1
19-07-2017-16:15:57:099 70128 70784 1
19-07-2017-16:15:57:139 70784 71440 1
19-07-2017-16:15:57:181 71440 72096 1
19-07-2017-16:15:57:226 72096 72752 1
19-07-2017-16:15:57:266 72752 73408 1
19-07-2017-16:15:57:308 73408 74064 1
19-07-2017-16:15:57:348 74064 74720 1
19-07-2017-16:15:57:393 74720 75376 1
19-07-2017-16:15:57:422 75376 76032 1
19-07-2017-16:15:57:465 76032 76688 1
19-07-2017-16:15:57:504 76688 77344 1
19-07-2017-16:15:57:545 77344 78000 1
19-07-2017-16:15:57:590 78000 78656 1
19-07-2017-16:15:57:630 78656 79312 1
19-07-2017-16:15:57:671 79312 79968 1
19-07-2017-16:15:57:716 79968 80624 1
19-07-2017-16:15:57:758 80624 81280 1
19-07-2017-16:15:57:799 81280 81936 1
19-07-2017-16:15:57:839 81936 82592 1
19-07-2017-16:15:57:880 82592 83248 1
19-07-2017-16:15:57:926 83248 83904 1
19-07-2017-16:15:57:957 83904 84560 1
19-07-2017-16:15:57:997 84560 85216 1
19-07-2017-16:15:58:038 85216 85872 1
19-07-2017-16:15:58:079 85872 86528 1
19-07-2017-16:15:58:122 86528 87184 1
19-07-2017-16:15:58:164 87184 87840 1
19-07-2017-16:15:58:204 87840 88496 1
19-07-2017-16:15:58:250 88496 89152 1
19-07-2017-16:15:58:290 89152 89808 1
19-07-2017-16:15:58:331 89808 90464 1
19-07-2017-16:15:58:371 90464 91120 1
19-07-2017-16:15:58:419 91120 91776 1
19-07-2017-16:15:58:460 91776 92432 1
19-07-2017-16:15:58:488 92432 93088 1
19-07-2017-16:15:58:529 93088 93744 1
19-07-2017-16:15:58:569 93744 94400 1
19-07-2017-16:15:58:616 94400 95056 1
19-07-2017-16:15:58:657 95056 95712 1
19-07-2017-16:15:58:698 95712 96368 1
19-07-2017-16:15:58:739 96368 97024 1
19-07-2017-16:15:58:782 97024 97680 1
19-07-2017-16:15:58:824 97680 98336 1
19-07-2017-16:15:58:864 98336 98992 1
19-07-2017-16:15:58:906 98992 99648 1
19-07-2017-16:15:58:952 99648 100304 1
19-07-2017-16:15:59:212 100304 100960 1
19-07-2017-16:15:59:213 100960 101616 1
19-07-2017-16:15:59:213 101616 102272 1
19-07-2017-16:15:59:213 102272 102928 1
19-07-2017-16:15:59:213 102928 103584 1
19-07-2017-16:15:59:213 103584 104240 1
19-07-2017-16:15:59:230 104240 104896 1
19-07-2017-16:15:59:271 104896 105552 1
19-07-2017-16:15:59:317 105552 106208 1
19-07-2017-16:15:59:357 106208 106864 1
19-07-2017-16:15:59:398 106864 107520 1
19-07-2017-16:15:59:445 107520 108176 1
19-07-2017-16:15:59:486 108176 108832 1
19-07-2017-16:15:59:517 108832 109488 1
19-07-2017-16:15:59:556 109488 110144 1
19-07-2017-16:15:59:594 110144 110800 1
19-07-2017-16:15:59:637 110800 111456 1
19-07-2017-16:15:59:682 111456 112112 1
19-07-2017-16:15:59:724 112112 112768 1
19-07-2017-16:15:59:768 112768 113424 1
19-07-2017-16:15:59:807 113424 114080 1
19-07-2017-16:15:59:848 114080 114736 1
19-07-2017-16:15:59:888 114736 115392 1
19-07-2017-16:15:59:934 115392 116048 1
19-07-2017-16:15:59:964 116048 116704 1
