19-07-2017-16:42:05:504 0 624 1
19-07-2017-16:42:05:534 624 1248 1
19-07-2017-16:42:05:575 1248 1872 1
19-07-2017-16:42:05:617 1872 2496 1
19-07-2017-16:42:05:647 2496 3120 1
19-07-2017-16:42:05:686 3120 3744 1
19-07-2017-16:42:05:726 3744 4368 1
19-07-2017-16:42:05:770 4368 4992 1
19-07-2017-16:42:05:800 4992 5616 1
19-07-2017-16:42:05:842 5616 6240 1
19-07-2017-16:42:05:886 6240 6864 1
19-07-2017-16:42:05:927 6864 7488 1
19-07-2017-16:42:05:956 7488 8112 1
19-07-2017-16:42:05:998 8112 8736 1
19-07-2017-16:42:06:041 8736 9360 1
19-07-2017-16:42:06:085 9360 9984 1
19-07-2017-16:42:06:117 9984 10608 1
19-07-2017-16:42:06:155 10608 11232 1
19-07-2017-16:42:06:196 11232 11856 1
19-07-2017-16:42:06:236 11856 12480 1
19-07-2017-16:42:06:274 12480 13104 1
19-07-2017-16:42:06:316 13104 13728 1
19-07-2017-16:42:06:361 13728 14352 1
19-07-2017-16:42:06:402 14352 14976 1
19-07-2017-16:42:06:432 14976 15600 1
19-07-2017-16:42:06:473 15600 16224 1
19-07-2017-16:42:06:513 16224 16848 1
19-07-2017-16:42:06:553 16848 17472 1
19-07-2017-16:42:06:583 17472 18096 1
19-07-2017-16:42:06:632 18096 18720 1
19-07-2017-16:42:06:669 18720 19344 1
19-07-2017-16:42:06:714 19344 19968 1
19-07-2017-16:42:06:738 19968 20592 1
19-07-2017-16:42:06:782 20592 21216 1
19-07-2017-16:42:06:823 21216 21840 1
19-07-2017-16:42:06:865 21840 22464 1
19-07-2017-16:42:06:893 22464 23088 1
19-07-2017-16:42:06:934 23088 23712 1
19-07-2017-16:42:06:973 23712 24336 1
19-07-2017-16:42:07:020 24336 24960 1
19-07-2017-16:42:07:060 24960 25584 1
19-07-2017-16:42:07:090 25584 26208 1
19-07-2017-16:42:07:129 26208 26832 1
19-07-2017-16:42:07:171 26832 27456 1
19-07-2017-16:42:07:211 27456 28080 1
19-07-2017-16:42:07:257 28080 28704 1
19-07-2017-16:42:07:287 28704 29328 1
19-07-2017-16:42:07:328 29328 29952 1
19-07-2017-16:42:07:370 29952 30576 1
19-07-2017-16:42:07:409 30576 31200 1
19-07-2017-16:42:07:454 31200 31824 1
19-07-2017-16:42:07:477 31824 32448 1
19-07-2017-16:42:07:525 32448 33072 1
19-07-2017-16:42:07:564 33072 33696 1
19-07-2017-16:42:07:606 33696 34320 1
19-07-2017-16:42:07:643 34320 34944 1
19-07-2017-16:42:07:681 34944 35568 1
19-07-2017-16:42:07:727 35568 36192 1
19-07-2017-16:42:07:755 36192 36816 1
19-07-2017-16:42:07:797 36816 37440 1
19-07-2017-16:42:07:838 37440 38064 1
19-07-2017-16:42:07:879 38064 38688 1
19-07-2017-16:42:07:908 38688 39312 1
19-07-2017-16:42:07:953 39312 39936 1
19-07-2017-16:42:07:994 39936 40560 1
19-07-2017-16:42:08:034 40560 41184 1
19-07-2017-16:42:08:064 41184 41808 1
19-07-2017-16:42:08:104 41808 42432 1
19-07-2017-16:42:08:144 42432 43056 1
19-07-2017-16:42:08:186 43056 43680 1
19-07-2017-16:42:08:232 43680 44304 1
19-07-2017-16:42:08:271 44304 44928 1
19-07-2017-16:42:08:301 44928 45552 1
19-07-2017-16:42:08:341 45552 46176 1
19-07-2017-16:42:08:383 46176 46800 1
19-07-2017-16:42:08:423 46800 47424 1
19-07-2017-16:42:08:452 47424 48048 1
19-07-2017-16:42:08:492 48048 48672 1
19-07-2017-16:42:08:538 48672 49296 1
19-07-2017-16:42:08:581 49296 49920 1
19-07-2017-16:42:08:610 49920 50544 1
19-07-2017-16:42:08:873 50544 51168 1
19-07-2017-16:42:08:874 51168 51792 1
19-07-2017-16:42:08:875 51792 52416 1
19-07-2017-16:42:08:875 52416 53040 1
19-07-2017-16:42:08:875 53040 53664 1
19-07-2017-16:42:08:875 53664 54288 1
19-07-2017-16:42:08:888 54288 54912 1
19-07-2017-16:42:08:929 54912 55536 1
19-07-2017-16:42:08:970 55536 56160 1
19-07-2017-16:42:08:998 56160 56784 1
19-07-2017-16:42:09:040 56784 57408 1
19-07-2017-16:42:09:081 57408 58032 1
19-07-2017-16:42:09:127 58032 58656 1
19-07-2017-16:42:09:168 58656 59280 1
19-07-2017-16:42:09:197 59280 59904 1
19-07-2017-16:42:09:237 59904 60528 1
19-07-2017-16:42:09:279 60528 61152 1
19-07-2017-16:42:09:318 61152 61776 1
19-07-2017-16:42:09:364 61776 62400 1
19-07-2017-16:42:09:388 62400 63024 1
19-07-2017-16:42:09:435 63024 63648 1
19-07-2017-16:42:09:474 63648 64272 1
19-07-2017-16:42:09:519 64272 64896 1
