19-07-2017-10:04:27:628 0 672 1
19-07-2017-10:04:27:658 672 1344 1
19-07-2017-10:04:27:699 1344 2016 1
19-07-2017-10:04:27:741 2016 2688 1
19-07-2017-10:04:27:779 2688 3360 1
19-07-2017-10:04:27:831 3360 4016 1
19-07-2017-10:04:27:868 4016 4672 1
19-07-2017-10:04:27:912 4672 5328 1
19-07-2017-10:04:27:951 5328 5984 1
19-07-2017-10:04:27:992 5984 6640 1
19-07-2017-10:04:28:032 6640 7296 1
19-07-2017-10:04:28:079 7296 7952 1
19-07-2017-10:04:28:119 7952 8608 1
19-07-2017-10:04:28:161 8608 9264 1
19-07-2017-10:04:28:199 9264 9920 1
19-07-2017-10:04:28:248 9920 10576 1
19-07-2017-10:04:28:275 10576 11232 1
19-07-2017-10:04:28:317 11232 11888 1
19-07-2017-10:04:28:355 11888 12544 1
19-07-2017-10:04:28:395 12544 13200 1
19-07-2017-10:04:28:449 13200 13840 1
19-07-2017-10:04:28:476 13840 14480 1
19-07-2017-10:04:28:521 14480 15120 1
19-07-2017-10:04:28:557 15120 15760 1
19-07-2017-10:04:28:597 15760 16400 1
19-07-2017-10:04:28:637 16400 17040 1
19-07-2017-10:04:28:679 17040 17680 1
19-07-2017-10:04:28:718 17680 18320 1
19-07-2017-10:04:28:764 18320 18960 1
19-07-2017-10:04:28:806 18960 19600 1
19-07-2017-10:04:28:847 19600 20240 1
19-07-2017-10:04:28:876 20240 20880 1
19-07-2017-10:04:28:917 20880 21520 1
19-07-2017-10:04:28:956 21520 22160 1
19-07-2017-10:04:28:997 22160 22800 1
19-07-2017-10:04:29:045 22800 23440 1
19-07-2017-10:04:29:084 23440 24080 1
19-07-2017-10:04:29:126 24080 24720 1
19-07-2017-10:04:29:172 24720 25360 1
19-07-2017-10:04:29:209 25360 26000 1
19-07-2017-10:04:29:242 26000 26640 1
19-07-2017-10:04:29:279 26640 27280 1
19-07-2017-10:04:29:321 27280 27920 1
19-07-2017-10:04:29:362 27920 28560 1
19-07-2017-10:04:29:409 28560 29200 1
19-07-2017-10:04:29:438 29200 29840 1
19-07-2017-10:04:29:477 29840 30480 1
19-07-2017-10:04:29:519 30480 31120 1
19-07-2017-10:04:29:558 31120 31760 1
19-07-2017-10:04:29:605 31760 32400 1
19-07-2017-10:04:29:645 32400 33040 1
19-07-2017-10:04:29:686 33040 33680 1
19-07-2017-10:04:29:719 33680 34320 1
19-07-2017-10:04:29:755 34320 34960 1
19-07-2017-10:04:29:801 34960 35600 1
19-07-2017-10:04:29:841 35600 36240 1
19-07-2017-10:04:29:886 36240 36880 1
19-07-2017-10:04:29:923 36880 37520 1
19-07-2017-10:04:29:970 37520 38160 1
19-07-2017-10:04:30:001 38160 38800 1
19-07-2017-10:04:30:041 38800 39440 1
19-07-2017-10:04:30:081 39440 40080 1
19-07-2017-10:04:30:122 40080 40720 1
19-07-2017-10:04:30:168 40720 41360 1
19-07-2017-10:04:30:208 41360 42000 1
19-07-2017-10:04:30:237 42000 42640 1
19-07-2017-10:04:30:277 42640 43280 1
19-07-2017-10:04:30:318 43280 43920 1
19-07-2017-10:04:30:358 43920 44560 1
19-07-2017-10:04:30:405 44560 45200 1
19-07-2017-10:04:30:445 45200 45840 1
19-07-2017-10:04:30:487 45840 46480 1
19-07-2017-10:04:30:516 46480 47120 1
19-07-2017-10:04:30:556 47120 47760 1
19-07-2017-10:04:30:601 47760 48400 1
19-07-2017-10:04:30:643 48400 49040 1
19-07-2017-10:04:30:682 49040 49680 1
19-07-2017-10:04:30:836 49680 50320 1
19-07-2017-10:04:30:837 50320 50960 1
19-07-2017-10:04:30:837 50960 51600 1
19-07-2017-10:04:30:839 51600 52240 1
19-07-2017-10:04:30:879 52240 52880 1
19-07-2017-10:04:30:920 52880 53520 1
19-07-2017-10:04:30:966 53520 54160 1
19-07-2017-10:04:31:005 54160 54800 1
19-07-2017-10:04:31:039 54800 55440 1
19-07-2017-10:04:31:077 55440 56080 1
19-07-2017-10:04:31:117 56080 56720 1
19-07-2017-10:04:31:163 56720 57360 1
19-07-2017-10:04:31:204 57360 58000 1
19-07-2017-10:04:31:244 58000 58640 1
19-07-2017-10:04:31:291 58640 59280 1
19-07-2017-10:04:31:332 59280 59920 1
19-07-2017-10:04:31:361 59920 60560 1
19-07-2017-10:04:31:401 60560 61200 1
19-07-2017-10:04:31:443 61200 61840 1
19-07-2017-10:04:31:489 61840 62480 1
19-07-2017-10:04:31:529 62480 63120 1
19-07-2017-10:04:31:558 63120 63760 1
19-07-2017-10:04:31:599 63760 64400 1
19-07-2017-10:04:31:639 64400 65040 1
19-07-2017-10:04:31:681 65040 65680 1
19-07-2017-10:04:31:727 65680 66320 1
19-07-2017-10:04:31:768 66320 66960 1
19-07-2017-10:04:31:796 66960 67600 1
19-07-2017-10:04:31:838 67600 68240 1
19-07-2017-10:04:31:878 68240 68880 1
19-07-2017-10:04:31:924 68880 69520 1
19-07-2017-10:04:31:964 69520 70160 1
19-07-2017-10:04:32:004 70160 70800 1
19-07-2017-10:04:32:046 70800 71440 1
19-07-2017-10:04:32:102 71440 72080 1
19-07-2017-10:04:32:122 72080 72720 1
19-07-2017-10:04:32:162 72720 73360 1
19-07-2017-10:04:32:202 73360 74000 1
19-07-2017-10:04:32:243 74000 74640 1
19-07-2017-10:04:32:289 74640 75280 1
19-07-2017-10:04:32:329 75280 75920 1
19-07-2017-10:04:32:358 75920 76560 1
19-07-2017-10:04:32:398 76560 77200 1
19-07-2017-10:04:32:438 77200 77840 1
19-07-2017-10:04:32:484 77840 78480 1
19-07-2017-10:04:32:525 78480 79120 1
19-07-2017-10:04:32:566 79120 79760 1
19-07-2017-10:04:32:596 79760 80400 1
19-07-2017-10:04:32:635 80400 81040 1
19-07-2017-10:04:32:678 81040 81680 1
19-07-2017-10:04:32:722 81680 82320 1
19-07-2017-10:04:32:762 82320 82960 1
19-07-2017-10:04:32:803 82960 83600 1
19-07-2017-10:04:32:850 83600 84240 1
19-07-2017-10:04:32:891 84240 84880 1
19-07-2017-10:04:32:919 84880 85520 1
19-07-2017-10:04:32:960 85520 86160 1
19-07-2017-10:04:33:000 86160 86800 1
19-07-2017-10:04:33:046 86800 87440 1
19-07-2017-10:04:33:086 87440 88080 1
19-07-2017-10:04:33:115 88080 88720 1
19-07-2017-10:04:33:155 88720 89360 1
19-07-2017-10:04:33:198 89360 90000 1
19-07-2017-10:04:33:236 90000 90640 1
19-07-2017-10:04:33:283 90640 91280 1
19-07-2017-10:04:33:325 91280 91920 1
19-07-2017-10:04:33:364 91920 92560 1
19-07-2017-10:04:33:406 92560 93200 1
19-07-2017-10:04:33:435 93200 93840 1
19-07-2017-10:04:33:482 93840 94480 1
19-07-2017-10:04:33:523 94480 95120 1
19-07-2017-10:04:33:563 95120 95760 1
19-07-2017-10:04:33:604 95760 96400 1
19-07-2017-10:04:33:650 96400 97040 1
19-07-2017-10:04:33:691 97040 97680 1
19-07-2017-10:04:33:719 97680 98320 1
19-07-2017-10:04:33:760 98320 98960 1
19-07-2017-10:04:33:803 98960 99600 1
19-07-2017-10:04:33:842 99600 100240 1
19-07-2017-10:04:33:888 100240 100880 1
19-07-2017-10:04:33:917 100880 101520 1
19-07-2017-10:04:33:959 101520 102160 1
19-07-2017-10:04:33:998 102160 102800 1
19-07-2017-10:04:34:040 102800 103440 1
19-07-2017-10:04:34:086 103440 104080 1
19-07-2017-10:04:34:126 104080 104720 1
19-07-2017-10:04:34:156 104720 105360 1
19-07-2017-10:04:34:196 105360 106000 1
19-07-2017-10:04:34:237 106000 106640 1
19-07-2017-10:04:34:277 106640 107280 1
19-07-2017-10:04:34:323 107280 107920 1
19-07-2017-10:04:34:364 107920 108560 1
19-07-2017-10:04:34:406 108560 109200 1
19-07-2017-10:04:34:452 109200 109840 1
19-07-2017-10:04:34:475 109840 110480 1
19-07-2017-10:04:34:521 110480 111120 1
19-07-2017-10:04:34:563 111120 111760 1
19-07-2017-10:04:34:603 111760 112400 1
19-07-2017-10:04:34:647 112400 113040 1
19-07-2017-10:04:34:676 113040 113680 1
19-07-2017-10:04:34:716 113680 114320 1
19-07-2017-10:04:34:757 114320 114960 1
19-07-2017-10:04:34:803 114960 115600 1
19-07-2017-10:04:34:843 115600 116240 1
19-07-2017-10:04:34:884 116240 116880 1
19-07-2017-10:04:34:930 116880 117520 1
19-07-2017-10:04:34:972 117520 118160 1
19-07-2017-10:04:35:000 118160 118800 1
19-07-2017-10:04:35:041 118800 119440 1
19-07-2017-10:04:35:082 119440 120080 1
19-07-2017-10:04:35:124 120080 120720 1
19-07-2017-10:04:35:170 120720 121360 1
19-07-2017-10:04:35:198 121360 122000 1
19-07-2017-10:04:35:527 122000 122640 1
19-07-2017-10:04:35:529 122640 123280 1
19-07-2017-10:04:35:529 123280 123920 1
19-07-2017-10:04:35:529 123920 124560 1
19-07-2017-10:04:35:529 124560 125200 1
19-07-2017-10:04:35:529 125200 125840 1
19-07-2017-10:04:35:529 125840 126480 1
19-07-2017-10:04:35:529 126480 127120 1
19-07-2017-10:04:35:563 127120 127760 1
19-07-2017-10:04:35:605 127760 128400 1
19-07-2017-10:04:35:644 128400 129040 1
19-07-2017-10:04:35:685 129040 129680 1
19-07-2017-10:04:35:715 129680 130320 1
19-07-2017-10:04:35:760 130320 130960 1
19-07-2017-10:04:35:802 130960 131600 1
19-07-2017-10:04:35:842 131600 132240 1
19-07-2017-10:04:35:884 132240 132880 1
19-07-2017-10:04:35:930 132880 133520 1
19-07-2017-10:04:35:958 133520 134160 1
19-07-2017-10:04:35:998 134160 134800 1
19-07-2017-10:04:36:040 134800 135440 1
19-07-2017-10:04:36:080 135440 136080 1
19-07-2017-10:04:36:126 136080 136720 1
19-07-2017-10:04:36:170 136720 137360 1
19-07-2017-10:04:36:198 137360 138000 1
19-07-2017-10:04:36:239 138000 138640 1
19-07-2017-10:04:36:280 138640 139280 1
19-07-2017-10:04:36:320 139280 139920 1
19-07-2017-10:04:36:368 139920 140560 1
19-07-2017-10:04:36:408 140560 141200 1
19-07-2017-10:04:36:438 141200 141840 1
19-07-2017-10:04:36:477 141840 142480 1
19-07-2017-10:04:36:519 142480 143120 1
19-07-2017-10:04:36:564 143120 143760 1
19-07-2017-10:04:36:603 143760 144400 1
19-07-2017-10:04:36:644 144400 145040 1
19-07-2017-10:04:36:685 145040 145680 1
19-07-2017-10:04:36:714 145680 146320 1
19-07-2017-10:04:36:760 146320 146960 1
19-07-2017-10:04:36:801 146960 147600 1
19-07-2017-10:04:36:843 147600 148240 1
19-07-2017-10:04:36:882 148240 148880 1
19-07-2017-10:04:36:928 148880 149520 1
19-07-2017-10:04:36:958 149520 150160 1
19-07-2017-10:04:36:997 150160 150800 1
19-07-2017-10:04:37:038 150800 151440 1
19-07-2017-10:04:37:079 151440 152080 1
19-07-2017-10:04:37:127 152080 152720 1
19-07-2017-10:04:37:167 152720 153360 1
19-07-2017-10:04:37:196 153360 154000 1
19-07-2017-10:04:37:236 154000 154640 1
19-07-2017-10:04:37:277 154640 155280 1
19-07-2017-10:04:37:324 155280 155920 1
19-07-2017-10:04:37:364 155920 156560 1
19-07-2017-10:04:37:404 156560 157200 1
19-07-2017-10:04:37:446 157200 157840 1
19-07-2017-10:04:37:490 157840 158480 1
19-07-2017-10:04:37:515 158480 159120 1
19-07-2017-10:04:37:561 159120 159760 1
19-07-2017-10:04:37:602 159760 160400 1
19-07-2017-10:04:37:647 160400 161040 1
19-07-2017-10:04:37:677 161040 161680 1
19-07-2017-10:04:37:717 161680 162320 1
19-07-2017-10:04:37:757 162320 162960 1
19-07-2017-10:04:37:797 162960 163600 1
19-07-2017-10:04:37:843 163600 164240 1
19-07-2017-10:04:37:885 164240 164880 1
19-07-2017-10:04:37:925 164880 165520 1
19-07-2017-10:04:37:971 165520 166160 1
19-07-2017-10:04:38:010 166160 166800 1
19-07-2017-10:04:38:039 166800 167440 1
19-07-2017-10:04:38:081 167440 168080 1
19-07-2017-10:04:38:122 168080 168720 1
19-07-2017-10:04:38:162 168720 169360 1
19-07-2017-10:04:38:209 169360 170000 1
19-07-2017-10:04:38:251 170000 170640 1
19-07-2017-10:04:38:280 170640 171280 1
19-07-2017-10:04:38:319 171280 171920 1
19-07-2017-10:04:38:361 171920 172560 1
19-07-2017-10:04:38:498 172560 173200 1
19-07-2017-10:04:38:499 173200 173840 1
19-07-2017-10:04:38:499 173840 174480 1
19-07-2017-10:04:38:516 174480 175120 1
19-07-2017-10:04:38:557 175120 175760 1
19-07-2017-10:04:38:602 175760 176400 1
19-07-2017-10:04:38:642 176400 177040 1
19-07-2017-10:04:38:683 177040 177680 1
19-07-2017-10:04:38:725 177680 178320 1
19-07-2017-10:04:38:769 178320 178960 1
19-07-2017-10:04:38:799 178960 179600 1
19-07-2017-10:04:38:840 179600 180240 1
19-07-2017-10:04:38:879 180240 180880 1
19-07-2017-10:04:38:921 180880 181520 1
19-07-2017-10:04:38:965 181520 182160 1
19-07-2017-10:04:38:995 182160 182800 1
19-07-2017-10:04:39:035 182800 183440 1
19-07-2017-10:04:39:078 183440 184080 1
19-07-2017-10:04:39:124 184080 184720 1
19-07-2017-10:04:39:157 184720 185360 1
19-07-2017-10:04:39:203 185360 186000 1
19-07-2017-10:04:39:244 186000 186640 1
19-07-2017-10:04:39:287 186640 187280 1
19-07-2017-10:04:39:316 187280 187920 1
19-07-2017-10:04:39:356 187920 188560 1
19-07-2017-10:04:39:403 188560 189200 1
19-07-2017-10:04:39:443 189200 189840 1
19-07-2017-10:04:39:485 189840 190480 1
19-07-2017-10:04:39:524 190480 191120 1
19-07-2017-10:04:39:571 191120 191760 1
19-07-2017-10:04:39:600 191760 192400 1
19-07-2017-10:04:39:639 192400 193040 1
19-07-2017-10:04:39:681 193040 193680 1
19-07-2017-10:04:39:722 193680 194320 1
19-07-2017-10:04:39:766 194320 194960 1
19-07-2017-10:04:39:807 194960 195600 1
19-07-2017-10:04:39:836 195600 196240 1
19-07-2017-10:04:39:876 196240 196880 1
19-07-2017-10:04:39:918 196880 197520 1
19-07-2017-10:04:39:959 197520 198160 1
19-07-2017-10:04:40:004 198160 198800 1
19-07-2017-10:04:40:044 198800 199440 1
19-07-2017-10:04:40:086 199440 200080 1
19-07-2017-10:04:40:126 200080 200720 1
19-07-2017-10:04:40:154 200720 201360 1
19-07-2017-10:04:40:196 201360 202000 1
19-07-2017-10:04:40:243 202000 202640 1
19-07-2017-10:04:40:281 202640 203280 1
19-07-2017-10:04:40:323 203280 203920 1
19-07-2017-10:04:40:362 203920 204560 1
19-07-2017-10:04:40:410 204560 205200 1
19-07-2017-10:04:40:439 205200 205840 1
19-07-2017-10:04:40:479 205840 206480 1
19-07-2017-10:04:40:519 206480 207120 1
19-07-2017-10:04:40:560 207120 207760 1
19-07-2017-10:04:40:606 207760 208400 1
19-07-2017-10:04:40:647 208400 209040 1
19-07-2017-10:04:40:686 209040 209680 1
19-07-2017-10:04:40:716 209680 210320 1
19-07-2017-10:04:40:756 210320 210960 1
19-07-2017-10:04:40:796 210960 211600 1
19-07-2017-10:04:40:838 211600 212240 1
19-07-2017-10:04:40:887 212240 212880 1
19-07-2017-10:04:40:925 212880 213520 1
19-07-2017-10:04:40:964 213520 214160 1
19-07-2017-10:04:41:012 214160 214800 1
19-07-2017-10:04:41:051 214800 215440 1
19-07-2017-10:04:41:079 215440 216080 1
19-07-2017-10:04:41:122 216080 216720 1
19-07-2017-10:04:41:160 216720 217360 1
19-07-2017-10:04:41:201 217360 218000 1
19-07-2017-10:04:41:247 218000 218640 1
19-07-2017-10:04:41:288 218640 219280 1
19-07-2017-10:04:41:317 219280 219920 1
19-07-2017-10:04:41:358 219920 220560 1
19-07-2017-10:04:41:401 220560 221200 1
19-07-2017-10:04:41:439 221200 221840 1
19-07-2017-10:04:41:486 221840 222480 1
19-07-2017-10:04:41:525 222480 223120 1
19-07-2017-10:04:41:712 223120 223760 1
19-07-2017-10:04:41:714 223760 224400 1
19-07-2017-10:04:41:714 224400 225040 1
19-07-2017-10:04:41:714 225040 225680 1
19-07-2017-10:04:41:721 225680 226320 1
19-07-2017-10:04:41:760 226320 226960 1
19-07-2017-10:04:41:803 226960 227600 1
19-07-2017-10:04:41:843 227600 228240 1
19-07-2017-10:04:41:888 228240 228880 1
19-07-2017-10:04:41:930 228880 229520 1
19-07-2017-10:04:41:959 229520 230160 1
19-07-2017-10:04:41:998 230160 230800 1
19-07-2017-10:04:42:039 230800 231440 1
19-07-2017-10:04:42:079 231440 232080 1
19-07-2017-10:04:42:126 232080 232720 1
19-07-2017-10:04:42:157 232720 233360 1
19-07-2017-10:04:42:194 233360 234000 1
19-07-2017-10:04:42:242 234000 234640 1
19-07-2017-10:04:42:283 234640 235280 1
19-07-2017-10:04:42:323 235280 235920 1
19-07-2017-10:04:42:365 235920 236560 1
19-07-2017-10:04:42:411 236560 237200 1
19-07-2017-10:04:42:441 237200 237840 1
19-07-2017-10:04:42:481 237840 238480 1
19-07-2017-10:04:42:522 238480 239120 1
19-07-2017-10:04:42:562 239120 239760 1
