19-07-2017-16:18:04:354 0 800 1
19-07-2017-16:18:04:406 800 1584 1
19-07-2017-16:18:04:456 1584 2368 1
19-07-2017-16:18:04:504 2368 3152 1
19-07-2017-16:18:04:554 3152 3936 1
19-07-2017-16:18:04:602 3936 4720 1
19-07-2017-16:18:04:654 4720 5440 1
19-07-2017-16:18:04:698 5440 6160 1
19-07-2017-16:18:04:739 6160 6880 1
19-07-2017-16:18:04:781 6880 7600 1
19-07-2017-16:18:04:826 7600 8320 1
19-07-2017-16:18:04:868 8320 9040 1
19-07-2017-16:18:04:921 9040 9728 1
19-07-2017-16:18:04:955 9728 10416 1
19-07-2017-16:18:04:996 10416 11104 1
19-07-2017-16:18:05:048 11104 11776 1
19-07-2017-16:18:05:083 11776 12448 1
19-07-2017-16:18:05:122 12448 13120 1
19-07-2017-16:18:05:163 13120 13792 1
19-07-2017-16:18:05:215 13792 14448 1
19-07-2017-16:18:05:251 14448 15104 1
19-07-2017-16:18:05:295 15104 15760 1
19-07-2017-16:18:05:333 15760 16416 1
19-07-2017-16:18:05:372 16416 17072 1
19-07-2017-16:18:05:419 17072 17728 1
19-07-2017-16:18:05:459 17728 18384 1
19-07-2017-16:18:05:500 18384 19040 1
19-07-2017-16:18:05:544 19040 19696 1
19-07-2017-16:18:05:587 19696 20352 1
19-07-2017-16:18:05:617 20352 21008 1
19-07-2017-16:18:05:656 21008 21664 1
19-07-2017-16:18:05:700 21664 22320 1
19-07-2017-16:18:05:736 22320 22976 1
19-07-2017-16:18:05:784 22976 23632 1
19-07-2017-16:18:05:822 23632 24288 1
19-07-2017-16:18:05:862 24288 24944 1
19-07-2017-16:18:05:901 24944 25600 1
19-07-2017-16:18:05:950 25600 26256 1
19-07-2017-16:18:05:989 26256 26912 1
19-07-2017-16:18:06:029 26912 27568 1
19-07-2017-16:18:06:071 27568 28224 1
19-07-2017-16:18:06:118 28224 28880 1
19-07-2017-16:18:06:158 28880 29536 1
19-07-2017-16:18:06:198 29536 30192 1
19-07-2017-16:18:06:239 30192 30848 1
19-07-2017-16:18:06:281 30848 31504 1
19-07-2017-16:18:06:325 31504 32160 1
19-07-2017-16:18:06:354 32160 32816 1
19-07-2017-16:18:06:395 32816 33472 1
19-07-2017-16:18:06:436 33472 34128 1
