19-07-2017-10:40:51:921 0 720 1
19-07-2017-10:40:51:963 720 1440 1
19-07-2017-10:40:52:008 1440 2160 1
19-07-2017-10:40:52:053 2160 2880 1
19-07-2017-10:40:52:093 2880 3600 1
19-07-2017-10:40:52:134 3600 4320 1
19-07-2017-10:40:52:187 4320 4976 1
19-07-2017-10:40:52:220 4976 5632 1
19-07-2017-10:40:52:260 5632 6288 1
19-07-2017-10:40:52:300 6288 6944 1
19-07-2017-10:40:52:342 6944 7600 1
19-07-2017-10:40:52:384 7600 8256 1
19-07-2017-10:40:52:428 8256 8912 1
19-07-2017-10:40:52:469 8912 9568 1
19-07-2017-10:40:52:514 9568 10224 1
19-07-2017-10:40:52:544 10224 10880 1
19-07-2017-10:40:52:586 10880 11536 1
19-07-2017-10:40:52:627 11536 12192 1
19-07-2017-10:40:52:667 12192 12848 1
19-07-2017-10:40:52:707 12848 13504 1
19-07-2017-10:40:52:755 13504 14160 1
19-07-2017-10:40:52:793 14160 14816 1
19-07-2017-10:40:52:836 14816 15472 1
19-07-2017-10:40:52:876 15472 16128 1
19-07-2017-10:40:52:923 16128 16784 1
19-07-2017-10:40:52:962 16784 17440 1
19-07-2017-10:40:53:005 17440 18096 1
19-07-2017-10:40:53:049 18096 18752 1
19-07-2017-10:40:53:093 18752 19408 1
19-07-2017-10:40:53:121 19408 20064 1
19-07-2017-10:40:53:171 20064 20720 1
19-07-2017-10:40:53:217 20720 21376 1
19-07-2017-10:40:53:257 21376 22032 1
19-07-2017-10:40:53:287 22032 22688 1
19-07-2017-10:40:53:327 22688 23344 1
19-07-2017-10:40:53:367 23344 24000 1
19-07-2017-10:40:53:414 24000 24656 1
19-07-2017-10:40:53:454 24656 25312 1
19-07-2017-10:40:53:495 25312 25968 1
19-07-2017-10:40:53:537 25968 26624 1
19-07-2017-10:40:53:582 26624 27280 1
19-07-2017-10:40:53:622 27280 27936 1
19-07-2017-10:40:53:652 27936 28592 1
19-07-2017-10:40:53:693 28592 29248 1
19-07-2017-10:40:53:733 29248 29904 1
19-07-2017-10:40:53:781 29904 30560 1
19-07-2017-10:40:53:821 30560 31216 1
19-07-2017-10:40:53:861 31216 31872 1
19-07-2017-10:40:53:903 31872 32528 1
19-07-2017-10:40:53:943 32528 33184 1
19-07-2017-10:40:53:988 33184 33840 1
19-07-2017-10:40:54:031 33840 34496 1
19-07-2017-10:40:54:070 34496 35152 1
19-07-2017-10:40:54:119 35152 35808 1
19-07-2017-10:40:54:159 35808 36464 1
19-07-2017-10:40:54:190 36464 37120 1
19-07-2017-10:40:54:227 37120 37776 1
19-07-2017-10:40:54:270 37776 38432 1
19-07-2017-10:40:54:315 38432 39088 1
19-07-2017-10:40:54:354 39088 39744 1
19-07-2017-10:40:54:395 39744 40400 1
19-07-2017-10:40:54:430 40400 41056 1
19-07-2017-10:40:54:482 41056 41712 1
19-07-2017-10:40:54:533 41712 42368 1
19-07-2017-10:40:54:560 42368 43024 1
19-07-2017-10:40:54:598 43024 43680 1
19-07-2017-10:40:54:641 43680 44336 1
19-07-2017-10:40:54:682 44336 44992 1
19-07-2017-10:40:54:727 44992 45648 1
19-07-2017-10:40:54:766 45648 46304 1
19-07-2017-10:40:54:807 46304 46960 1
19-07-2017-10:40:54:853 46960 47616 1
19-07-2017-10:40:54:882 47616 48272 1
19-07-2017-10:40:54:923 48272 48928 1
19-07-2017-10:40:54:969 48928 49584 1
19-07-2017-10:40:55:112 49584 50240 1
19-07-2017-10:40:55:113 50240 50896 1
19-07-2017-10:40:55:113 50896 51552 1
19-07-2017-10:40:55:131 51552 52208 1
19-07-2017-10:40:55:178 52208 52864 1
19-07-2017-10:40:55:216 52864 53520 1
19-07-2017-10:40:55:258 53520 54176 1
19-07-2017-10:40:55:296 54176 54832 1
19-07-2017-10:40:55:338 54832 55488 1
19-07-2017-10:40:55:383 55488 56144 1
19-07-2017-10:40:55:429 56144 56800 1
19-07-2017-10:40:55:465 56800 57456 1
19-07-2017-10:40:55:506 57456 58112 1
19-07-2017-10:40:55:550 58112 58768 1
19-07-2017-10:40:55:581 58768 59424 1
19-07-2017-10:40:55:620 59424 60080 1
19-07-2017-10:40:55:661 60080 60736 1
19-07-2017-10:40:55:712 60736 61392 1
19-07-2017-10:40:55:753 61392 62048 1
19-07-2017-10:40:55:793 62048 62704 1
19-07-2017-10:40:55:835 62704 63360 1
19-07-2017-10:40:55:878 63360 64016 1
19-07-2017-10:40:55:908 64016 64672 1
19-07-2017-10:40:55:950 64672 65328 1
19-07-2017-10:40:55:992 65328 65984 1
19-07-2017-10:40:56:036 65984 66640 1
19-07-2017-10:40:56:078 66640 67296 1
19-07-2017-10:40:56:117 67296 67952 1
19-07-2017-10:40:56:162 67952 68608 1
19-07-2017-10:40:56:204 68608 69264 1
19-07-2017-10:40:56:235 69264 69920 1
19-07-2017-10:40:56:276 69920 70576 1
19-07-2017-10:40:56:315 70576 71232 1
19-07-2017-10:40:56:356 71232 71888 1
19-07-2017-10:40:56:403 71888 72544 1
19-07-2017-10:40:56:485 72544 73200 1
19-07-2017-10:40:56:487 73200 73856 1
19-07-2017-10:40:56:531 73856 74512 1
19-07-2017-10:40:56:571 74512 75168 1
19-07-2017-10:40:56:611 75168 75824 1
19-07-2017-10:40:56:652 75824 76480 1
19-07-2017-10:40:56:697 76480 77136 1
19-07-2017-10:40:56:728 77136 77792 1
19-07-2017-10:40:56:768 77792 78448 1
19-07-2017-10:40:56:809 78448 79104 1
19-07-2017-10:40:56:849 79104 79760 1
19-07-2017-10:40:56:896 79760 80416 1
19-07-2017-10:40:56:937 80416 81072 1
19-07-2017-10:40:56:978 81072 81728 1
19-07-2017-10:40:57:018 81728 82384 1
19-07-2017-10:40:57:065 82384 83040 1
19-07-2017-10:40:57:103 83040 83696 1
19-07-2017-10:40:57:146 83696 84352 1
19-07-2017-10:40:57:184 84352 85008 1
19-07-2017-10:40:57:231 85008 85664 1
19-07-2017-10:40:57:271 85664 86320 1
19-07-2017-10:40:57:301 86320 86976 1
19-07-2017-10:40:57:342 86976 87632 1
19-07-2017-10:40:57:385 87632 88288 1
19-07-2017-10:40:57:427 88288 88944 1
19-07-2017-10:40:57:469 88944 89600 1
19-07-2017-10:40:57:514 89600 90256 1
19-07-2017-10:40:57:554 90256 90912 1
19-07-2017-10:40:57:596 90912 91568 1
19-07-2017-10:40:57:638 91568 92224 1
19-07-2017-10:40:57:682 92224 92880 1
19-07-2017-10:40:57:712 92880 93536 1
19-07-2017-10:40:57:752 93536 94192 1
19-07-2017-10:40:57:793 94192 94848 1
19-07-2017-10:40:57:833 94848 95504 1
19-07-2017-10:40:57:880 95504 96160 1
19-07-2017-10:40:57:920 96160 96816 1
19-07-2017-10:40:57:960 96816 97472 1
19-07-2017-10:40:58:001 97472 98128 1
19-07-2017-10:40:58:048 98128 98784 1
19-07-2017-10:40:58:091 98784 99440 1
19-07-2017-10:40:58:128 99440 100096 1
19-07-2017-10:40:58:174 100096 100752 1
19-07-2017-10:40:58:215 100752 101408 1
19-07-2017-10:40:58:244 101408 102064 1
19-07-2017-10:40:58:295 102064 102720 1
19-07-2017-10:40:58:341 102720 103376 1
19-07-2017-10:40:58:369 103376 104032 1
19-07-2017-10:40:58:411 104032 104688 1
19-07-2017-10:40:58:451 104688 105344 1
19-07-2017-10:40:58:492 105344 106000 1
19-07-2017-10:40:58:538 106000 106656 1
19-07-2017-10:40:58:577 106656 107312 1
19-07-2017-10:40:58:619 107312 107968 1
19-07-2017-10:40:58:661 107968 108624 1
19-07-2017-10:40:58:700 108624 109280 1
19-07-2017-10:40:58:746 109280 109936 1
19-07-2017-10:40:58:787 109936 110592 1
19-07-2017-10:40:58:828 110592 111248 1
19-07-2017-10:40:58:875 111248 111904 1
19-07-2017-10:40:58:915 111904 112560 1
19-07-2017-10:40:58:957 112560 113216 1
19-07-2017-10:40:58:986 113216 113872 1
19-07-2017-10:40:59:026 113872 114528 1
19-07-2017-10:40:59:066 114528 115184 1
19-07-2017-10:40:59:113 115184 115840 1
19-07-2017-10:40:59:154 115840 116496 1
19-07-2017-10:40:59:195 116496 117152 1
19-07-2017-10:40:59:235 117152 117808 1
19-07-2017-10:40:59:275 117808 118464 1
19-07-2017-10:40:59:321 118464 119120 1
19-07-2017-10:40:59:350 119120 119776 1
19-07-2017-10:40:59:390 119776 120432 1
19-07-2017-10:40:59:432 120432 121088 1
19-07-2017-10:40:59:483 121088 121728 1
19-07-2017-10:40:59:519 121728 122368 1
19-07-2017-10:40:59:560 122368 123008 1
19-07-2017-10:40:59:839 123008 123648 1
19-07-2017-10:40:59:841 123648 124288 1
19-07-2017-10:40:59:841 124288 124928 1
19-07-2017-10:40:59:841 124928 125568 1
19-07-2017-10:40:59:841 125568 126208 1
19-07-2017-10:40:59:842 126208 126848 1
19-07-2017-10:40:59:842 126848 127488 1
19-07-2017-10:40:59:886 127488 128128 1
19-07-2017-10:40:59:925 128128 128768 1
19-07-2017-10:40:59:953 128768 129408 1
19-07-2017-10:40:59:994 129408 130048 1
19-07-2017-10:41:00:037 130048 130688 1
19-07-2017-10:41:00:076 130688 131328 1
19-07-2017-10:41:00:124 131328 131968 1
19-07-2017-10:41:00:152 131968 132608 1
19-07-2017-10:41:00:192 132608 133248 1
19-07-2017-10:41:00:234 133248 133888 1
19-07-2017-10:41:00:279 133888 134528 1
19-07-2017-10:41:00:319 134528 135168 1
19-07-2017-10:41:00:362 135168 135808 1
19-07-2017-10:41:00:400 135808 136448 1
19-07-2017-10:41:00:434 136448 137088 1
19-07-2017-10:41:00:476 137088 137728 1
19-07-2017-10:41:00:515 137728 138368 1
19-07-2017-10:41:00:561 138368 139008 1
19-07-2017-10:41:00:601 139008 139648 1
19-07-2017-10:41:00:642 139648 140288 1
19-07-2017-10:41:00:672 140288 140928 1
19-07-2017-10:41:00:712 140928 141568 1
19-07-2017-10:41:00:758 141568 142208 1
19-07-2017-10:41:00:799 142208 142848 1
19-07-2017-10:41:00:840 142848 143488 1
19-07-2017-10:41:00:898 143488 144128 1
19-07-2017-10:41:00:929 144128 144768 1
19-07-2017-10:41:00:957 144768 145408 1
19-07-2017-10:41:00:998 145408 146048 1
19-07-2017-10:41:01:038 146048 146688 1
19-07-2017-10:41:01:079 146688 147328 1
19-07-2017-10:41:01:125 147328 147968 1
19-07-2017-10:41:01:156 147968 148608 1
19-07-2017-10:41:01:196 148608 149248 1
19-07-2017-10:41:01:239 149248 149888 1
19-07-2017-10:41:01:277 149888 150528 1
19-07-2017-10:41:01:321 150528 151168 1
19-07-2017-10:41:01:363 151168 151808 1
19-07-2017-10:41:01:392 151808 152448 1
19-07-2017-10:41:01:433 152448 153088 1
19-07-2017-10:41:01:477 153088 153728 1
19-07-2017-10:41:01:521 153728 154368 1
19-07-2017-10:41:01:562 154368 155008 1
19-07-2017-10:41:01:601 155008 155648 1
19-07-2017-10:41:01:643 155648 156288 1
19-07-2017-10:41:01:671 156288 156928 1
19-07-2017-10:41:01:719 156928 157568 1
19-07-2017-10:41:01:760 157568 158208 1
19-07-2017-10:41:01:798 158208 158848 1
19-07-2017-10:41:01:840 158848 159488 1
19-07-2017-10:41:01:881 159488 160128 1
19-07-2017-10:41:01:927 160128 160768 1
19-07-2017-10:41:01:955 160768 161408 1
19-07-2017-10:41:01:997 161408 162048 1
19-07-2017-10:41:02:042 162048 162688 1
19-07-2017-10:41:02:083 162688 163328 1
19-07-2017-10:41:02:112 163328 163968 1
19-07-2017-10:41:02:154 163968 164608 1
19-07-2017-10:41:02:194 164608 165248 1
19-07-2017-10:41:02:236 165248 165888 1
19-07-2017-10:41:02:276 165888 166528 1
19-07-2017-10:41:02:316 166528 167168 1
19-07-2017-10:41:02:364 167168 167808 1
19-07-2017-10:41:02:405 167808 168448 1
19-07-2017-10:41:02:445 168448 169088 1
19-07-2017-10:41:02:474 169088 169728 1
19-07-2017-10:41:02:514 169728 170368 1
19-07-2017-10:41:02:556 170368 171008 1
19-07-2017-10:41:02:598 171008 171648 1
19-07-2017-10:41:02:642 171648 172288 1
19-07-2017-10:41:02:678 172288 172928 1
19-07-2017-10:41:02:725 172928 173568 1
19-07-2017-10:41:02:765 173568 174208 1
19-07-2017-10:41:02:795 174208 174848 1
19-07-2017-10:41:02:835 174848 175488 1
19-07-2017-10:41:02:876 175488 176128 1
19-07-2017-10:41:02:917 176128 176768 1
19-07-2017-10:41:02:958 176768 177408 1
19-07-2017-10:41:02:998 177408 178048 1
19-07-2017-10:41:03:100 178048 178688 1
19-07-2017-10:41:03:100 178688 179328 1
19-07-2017-10:41:03:128 179328 179968 1
19-07-2017-10:41:03:154 179968 180608 1
19-07-2017-10:41:03:195 180608 181248 1
19-07-2017-10:41:03:236 181248 181888 1
19-07-2017-10:41:03:280 181888 182528 1
19-07-2017-10:41:03:317 182528 183168 1
19-07-2017-10:41:03:359 183168 183808 1
19-07-2017-10:41:03:410 183808 184448 1
19-07-2017-10:41:03:447 184448 185088 1
19-07-2017-10:41:03:486 185088 185728 1
19-07-2017-10:41:03:518 185728 186368 1
19-07-2017-10:41:03:558 186368 187008 1
19-07-2017-10:41:03:598 187008 187648 1
19-07-2017-10:41:03:640 187648 188288 1
19-07-2017-10:41:03:679 188288 188928 1
19-07-2017-10:41:03:718 188928 189568 1
19-07-2017-10:41:03:765 189568 190208 1
19-07-2017-10:41:03:805 190208 190848 1
19-07-2017-10:41:03:836 190848 191488 1
19-07-2017-10:41:03:876 191488 192128 1
19-07-2017-10:41:03:916 192128 192768 1
19-07-2017-10:41:03:957 192768 193408 1
19-07-2017-10:41:03:999 193408 194048 1
19-07-2017-10:41:04:044 194048 194688 1
19-07-2017-10:41:04:077 194688 195328 1
19-07-2017-10:41:04:115 195328 195968 1
19-07-2017-10:41:04:156 195968 196608 1
19-07-2017-10:41:04:197 196608 197248 1
19-07-2017-10:41:04:238 197248 197888 1
19-07-2017-10:41:04:277 197888 198528 1
19-07-2017-10:41:04:318 198528 199168 1
19-07-2017-10:41:04:364 199168 199808 1
19-07-2017-10:41:04:404 199808 200448 1
19-07-2017-10:41:04:434 200448 201088 1
19-07-2017-10:41:04:472 201088 201728 1
19-07-2017-10:41:04:515 201728 202368 1
19-07-2017-10:41:04:554 202368 203008 1
19-07-2017-10:41:04:595 203008 203648 1
19-07-2017-10:41:04:637 203648 204288 1
19-07-2017-10:41:04:683 204288 204928 1
19-07-2017-10:41:04:724 204928 205568 1
19-07-2017-10:41:04:753 205568 206208 1
19-07-2017-10:41:04:793 206208 206848 1
19-07-2017-10:41:04:835 206848 207488 1
19-07-2017-10:41:04:876 207488 208128 1
19-07-2017-10:41:04:915 208128 208768 1
19-07-2017-10:41:04:957 208768 209408 1
19-07-2017-10:41:04:998 209408 210048 1
19-07-2017-10:41:05:038 210048 210688 1
19-07-2017-10:41:05:084 210688 211328 1
19-07-2017-10:41:05:126 211328 211968 1
19-07-2017-10:41:05:153 211968 212608 1
19-07-2017-10:41:05:194 212608 213248 1
19-07-2017-10:41:05:236 213248 213888 1
19-07-2017-10:41:05:275 213888 214528 1
19-07-2017-10:41:05:316 214528 215168 1
19-07-2017-10:41:05:358 215168 215808 1
19-07-2017-10:41:05:403 215808 216448 1
19-07-2017-10:41:05:445 216448 217088 1
19-07-2017-10:41:05:487 217088 217728 1
19-07-2017-10:41:05:514 217728 218368 1
19-07-2017-10:41:05:554 218368 219008 1
19-07-2017-10:41:05:593 219008 219648 1
19-07-2017-10:41:05:634 219648 220288 1
19-07-2017-10:41:05:680 220288 220928 1
19-07-2017-10:41:05:721 220928 221568 1
19-07-2017-10:41:05:761 221568 222208 1
19-07-2017-10:41:05:808 222208 222848 1
19-07-2017-10:41:05:837 222848 223488 1
19-07-2017-10:41:05:878 223488 224128 1
19-07-2017-10:41:05:918 224128 224768 1
19-07-2017-10:41:05:964 224768 225408 1
19-07-2017-10:41:06:004 225408 226048 1
19-07-2017-10:41:06:031 226048 226688 1
19-07-2017-10:41:06:073 226688 227328 1
19-07-2017-10:41:06:113 227328 227968 1
19-07-2017-10:41:06:159 227968 228608 1
19-07-2017-10:41:06:429 228608 229248 1
19-07-2017-10:41:06:431 229248 229888 1
19-07-2017-10:41:06:431 229888 230528 1
19-07-2017-10:41:06:431 230528 231168 1
19-07-2017-10:41:06:431 231168 231808 1
19-07-2017-10:41:06:434 231808 232448 1
19-07-2017-10:41:06:436 232448 233088 1
19-07-2017-10:41:06:478 233088 233728 1
19-07-2017-10:41:06:523 233728 234368 1
19-07-2017-10:41:06:565 234368 235008 1
19-07-2017-10:41:06:592 235008 235648 1
19-07-2017-10:41:06:634 235648 236288 1
19-07-2017-10:41:06:673 236288 236928 1
19-07-2017-10:41:06:720 236928 237568 1
19-07-2017-10:41:06:759 237568 238208 1
19-07-2017-10:41:06:801 238208 238848 1
19-07-2017-10:41:06:842 238848 239488 1
19-07-2017-10:41:06:889 239488 240128 1
19-07-2017-10:41:06:912 240128 240768 1
19-07-2017-10:41:06:956 240768 241408 1
19-07-2017-10:41:06:997 241408 242048 1
19-07-2017-10:41:07:038 242048 242688 1
19-07-2017-10:41:07:085 242688 243328 1
19-07-2017-10:41:07:126 243328 243968 1
19-07-2017-10:41:07:155 243968 244608 1
19-07-2017-10:41:07:195 244608 245248 1
19-07-2017-10:41:07:236 245248 245888 1
19-07-2017-10:41:07:276 245888 246528 1
19-07-2017-10:41:07:322 246528 247168 1
19-07-2017-10:41:07:351 247168 247808 1
19-07-2017-10:41:07:393 247808 248448 1
19-07-2017-10:41:07:435 248448 249088 1
19-07-2017-10:41:07:474 249088 249728 1
19-07-2017-10:41:07:516 249728 250368 1
19-07-2017-10:41:07:560 250368 251008 1
19-07-2017-10:41:07:602 251008 251648 1
19-07-2017-10:41:07:643 251648 252288 1
19-07-2017-10:41:07:672 252288 252928 1
19-07-2017-10:41:07:712 252928 253568 1
19-07-2017-10:41:07:758 253568 254208 1
19-07-2017-10:41:07:801 254208 254848 1
19-07-2017-10:41:07:840 254848 255488 1
19-07-2017-10:41:07:882 255488 256128 1
19-07-2017-10:41:07:925 256128 256768 1
19-07-2017-10:41:07:955 256768 257408 1
19-07-2017-10:41:07:995 257408 258048 1
19-07-2017-10:41:08:042 258048 258688 1
19-07-2017-10:41:08:084 258688 259328 1
19-07-2017-10:41:08:118 259328 259968 1
19-07-2017-10:41:08:152 259968 260608 1
19-07-2017-10:41:08:191 260608 261248 1
19-07-2017-10:41:08:239 261248 261888 1
19-07-2017-10:41:08:279 261888 262528 1
19-07-2017-10:41:08:319 262528 263168 1
19-07-2017-10:41:08:360 263168 263808 1
19-07-2017-10:41:08:406 263808 264448 1
19-07-2017-10:41:08:448 264448 265088 1
19-07-2017-10:41:08:478 265088 265728 1
19-07-2017-10:41:08:518 265728 266368 1
19-07-2017-10:41:08:560 266368 267008 1
19-07-2017-10:41:08:599 267008 267648 1
19-07-2017-10:41:08:641 267648 268288 1
19-07-2017-10:41:08:687 268288 268928 1
19-07-2017-10:41:08:728 268928 269568 1
19-07-2017-10:41:08:757 269568 270208 1
19-07-2017-10:41:08:798 270208 270848 1
19-07-2017-10:41:08:838 270848 271488 1
19-07-2017-10:41:08:880 271488 272128 1
19-07-2017-10:41:08:920 272128 272768 1
19-07-2017-10:41:08:968 272768 273408 1
19-07-2017-10:41:09:008 273408 274048 1
19-07-2017-10:41:09:036 274048 274688 1
19-07-2017-10:41:09:078 274688 275328 1
19-07-2017-10:41:09:118 275328 275968 1
19-07-2017-10:41:09:159 275968 276608 1
19-07-2017-10:41:09:200 276608 277248 1
19-07-2017-10:41:09:245 277248 277888 1
19-07-2017-10:41:09:286 277888 278528 1
19-07-2017-10:41:09:316 278528 279168 1
19-07-2017-10:41:09:638 279168 279808 1
19-07-2017-10:41:09:640 279808 280448 1
19-07-2017-10:41:09:640 280448 281088 1
19-07-2017-10:41:09:641 281088 281728 1
19-07-2017-10:41:09:641 281728 282368 1
19-07-2017-10:41:09:641 282368 283008 1
19-07-2017-10:41:09:641 283008 283648 1
19-07-2017-10:41:09:641 283648 284288 1
19-07-2017-10:41:09:680 284288 284928 1
19-07-2017-10:41:09:721 284928 285568 1
19-07-2017-10:41:09:762 285568 286208 1
19-07-2017-10:41:09:791 286208 286848 1
19-07-2017-10:41:09:839 286848 287488 1
19-07-2017-10:41:09:879 287488 288128 1
19-07-2017-10:41:09:919 288128 288768 1
19-07-2017-10:41:09:960 288768 289408 1
19-07-2017-10:41:10:006 289408 290048 1
19-07-2017-10:41:10:048 290048 290688 1
19-07-2017-10:41:10:076 290688 291328 1
19-07-2017-10:41:10:116 291328 291968 1
19-07-2017-10:41:10:156 291968 292608 1
19-07-2017-10:41:10:197 292608 293248 1
19-07-2017-10:41:10:238 293248 293888 1
19-07-2017-10:41:10:280 293888 294528 1
19-07-2017-10:41:10:327 294528 295168 1
19-07-2017-10:41:10:367 295168 295808 1
19-07-2017-10:41:10:397 295808 296448 1
19-07-2017-10:41:10:438 296448 297088 1
19-07-2017-10:41:10:477 297088 297728 1
19-07-2017-10:41:10:518 297728 298368 1
19-07-2017-10:41:10:559 298368 299008 1
19-07-2017-10:41:10:607 299008 299648 1
19-07-2017-10:41:10:648 299648 300288 1
19-07-2017-10:41:10:677 300288 300928 1
19-07-2017-10:41:10:716 300928 301568 1
19-07-2017-10:41:10:756 301568 302208 1
19-07-2017-10:41:10:797 302208 302848 1
19-07-2017-10:41:10:839 302848 303488 1
19-07-2017-10:41:10:881 303488 304128 1
19-07-2017-10:41:10:927 304128 304768 1
19-07-2017-10:41:10:955 304768 305408 1
19-07-2017-10:41:10:995 305408 306048 1
19-07-2017-10:41:11:038 306048 306688 1
19-07-2017-10:41:11:080 306688 307328 1
19-07-2017-10:41:11:122 307328 307968 1
19-07-2017-10:41:11:161 307968 308608 1
19-07-2017-10:41:11:203 308608 309248 1
19-07-2017-10:41:11:232 309248 309888 1
19-07-2017-10:41:11:272 309888 310528 1
19-07-2017-10:41:11:313 310528 311168 1
19-07-2017-10:41:11:360 311168 311808 1
19-07-2017-10:41:11:400 311808 312448 1
19-07-2017-10:41:11:442 312448 313088 1
19-07-2017-10:41:11:483 313088 313728 1
19-07-2017-10:41:11:529 313728 314368 1
19-07-2017-10:41:11:552 314368 315008 1
19-07-2017-10:41:11:599 315008 315648 1
19-07-2017-10:41:11:638 315648 316288 1
19-07-2017-10:41:11:678 316288 316928 1
19-07-2017-10:41:11:720 316928 317568 1
19-07-2017-10:41:11:766 317568 318208 1
19-07-2017-10:41:11:806 318208 318848 1
19-07-2017-10:41:11:837 318848 319488 1
19-07-2017-10:41:11:877 319488 320128 1
19-07-2017-10:41:11:919 320128 320768 1
19-07-2017-10:41:11:958 320768 321408 1
19-07-2017-10:41:12:000 321408 322048 1
19-07-2017-10:41:12:046 322048 322688 1
19-07-2017-10:41:12:086 322688 323328 1
19-07-2017-10:41:12:126 323328 323968 1
19-07-2017-10:41:12:156 323968 324608 1
19-07-2017-10:41:12:196 324608 325248 1
19-07-2017-10:41:12:237 325248 325888 1
19-07-2017-10:41:12:278 325888 326528 1
19-07-2017-10:41:12:320 326528 327168 1
19-07-2017-10:41:12:365 327168 327808 1
19-07-2017-10:41:12:405 327808 328448 1
19-07-2017-10:41:12:434 328448 329088 1
19-07-2017-10:41:12:474 329088 329728 1
19-07-2017-10:41:12:516 329728 330368 1
19-07-2017-10:41:12:567 330368 331008 1
19-07-2017-10:41:12:597 331008 331648 1
19-07-2017-10:41:12:637 331648 332288 1
19-07-2017-10:41:12:677 332288 332928 1
19-07-2017-10:41:12:717 332928 333568 1
19-07-2017-10:41:12:758 333568 334208 1
19-07-2017-10:41:12:800 334208 334848 1
19-07-2017-10:41:12:957 334848 335488 1
19-07-2017-10:41:12:958 335488 336128 1
19-07-2017-10:41:12:958 336128 336768 1
19-07-2017-10:41:12:959 336768 337408 1
19-07-2017-10:41:12:997 337408 338048 1
19-07-2017-10:41:13:038 338048 338688 1
19-07-2017-10:41:13:078 338688 339328 1
19-07-2017-10:41:13:119 339328 339968 1
19-07-2017-10:41:13:165 339968 340608 1
19-07-2017-10:41:13:207 340608 341248 1
19-07-2017-10:41:13:237 341248 341888 1
19-07-2017-10:41:13:277 341888 342528 1
19-07-2017-10:41:13:319 342528 343168 1
19-07-2017-10:41:13:359 343168 343808 1
19-07-2017-10:41:13:399 343808 344448 1
19-07-2017-10:41:13:441 344448 345088 1
19-07-2017-10:41:13:480 345088 345728 1
19-07-2017-10:41:13:528 345728 346368 1
19-07-2017-10:41:13:551 346368 347008 1
19-07-2017-10:41:13:593 347008 347648 1
19-07-2017-10:41:13:639 347648 348288 1
19-07-2017-10:41:13:680 348288 348928 1
19-07-2017-10:41:13:720 348928 349568 1
19-07-2017-10:41:13:761 349568 350208 1
19-07-2017-10:41:13:807 350208 350848 1
19-07-2017-10:41:13:848 350848 351488 1
19-07-2017-10:41:13:877 351488 352128 1
19-07-2017-10:41:13:917 352128 352768 1
19-07-2017-10:41:13:964 352768 353408 1
19-07-2017-10:41:13:993 353408 354048 1
19-07-2017-10:41:14:033 354048 354688 1
19-07-2017-10:41:14:073 354688 355328 1
19-07-2017-10:41:14:115 355328 355968 1
19-07-2017-10:41:14:155 355968 356608 1
19-07-2017-10:41:14:202 356608 357248 1
19-07-2017-10:41:14:241 357248 357888 1
19-07-2017-10:41:14:284 357888 358528 1
19-07-2017-10:41:14:311 358528 359168 1
19-07-2017-10:41:14:352 359168 359808 1
19-07-2017-10:41:14:392 359808 360448 1
19-07-2017-10:41:14:434 360448 361088 1
19-07-2017-10:41:14:473 361088 361728 1
19-07-2017-10:41:14:513 361728 362368 1
19-07-2017-10:41:14:561 362368 363008 1
19-07-2017-10:41:14:602 363008 363648 1
19-07-2017-10:41:14:642 363648 364288 1
19-07-2017-10:41:14:671 364288 364928 1
19-07-2017-10:41:14:711 364928 365568 1
19-07-2017-10:41:14:753 365568 366208 1
19-07-2017-10:41:14:799 366208 366848 1
19-07-2017-10:41:14:841 366848 367488 1
19-07-2017-10:41:14:879 367488 368128 1
19-07-2017-10:41:14:919 368128 368768 1
19-07-2017-10:41:14:967 368768 369408 1
19-07-2017-10:41:15:008 369408 370048 1
19-07-2017-10:41:15:038 370048 370688 1
19-07-2017-10:41:15:078 370688 371328 1
19-07-2017-10:41:15:118 371328 371968 1
19-07-2017-10:41:15:160 371968 372608 1
19-07-2017-10:41:15:204 372608 373248 1
19-07-2017-10:41:15:245 373248 373888 1
19-07-2017-10:41:15:286 373888 374528 1
19-07-2017-10:41:15:314 374528 375168 1
19-07-2017-10:41:15:356 375168 375808 1
19-07-2017-10:41:15:397 375808 376448 1
19-07-2017-10:41:15:441 376448 377088 1
19-07-2017-10:41:15:482 377088 377728 1
19-07-2017-10:41:15:522 377728 378368 1
19-07-2017-10:41:15:553 378368 379008 1
19-07-2017-10:41:15:592 379008 379648 1
19-07-2017-10:41:15:634 379648 380288 1
19-07-2017-10:41:15:674 380288 380928 1
19-07-2017-10:41:15:722 380928 381568 1
19-07-2017-10:41:15:762 381568 382208 1
19-07-2017-10:41:15:803 382208 382848 1
19-07-2017-10:41:15:842 382848 383488 1
19-07-2017-10:41:15:871 383488 384128 1
19-07-2017-10:41:15:913 384128 384768 1
19-07-2017-10:41:15:953 384768 385408 1
19-07-2017-10:41:16:104 385408 386048 1
19-07-2017-10:41:16:106 386048 386688 1
19-07-2017-10:41:16:106 386688 387328 1
19-07-2017-10:41:16:121 387328 387968 1
19-07-2017-10:41:16:152 387968 388608 1
19-07-2017-10:41:16:197 388608 389248 1
19-07-2017-10:41:16:233 389248 389888 1
19-07-2017-10:41:16:278 389888 390528 1
19-07-2017-10:41:16:318 390528 391168 1
19-07-2017-10:41:16:358 391168 391808 1
19-07-2017-10:41:16:399 391808 392448 1
19-07-2017-10:41:16:441 392448 393088 1
19-07-2017-10:41:16:482 393088 393728 1
19-07-2017-10:41:16:527 393728 394368 1
19-07-2017-10:41:16:567 394368 395008 1
19-07-2017-10:41:16:597 395008 395648 1
19-07-2017-10:41:16:637 395648 396288 1
19-07-2017-10:41:16:677 396288 396928 1
19-07-2017-10:41:16:718 396928 397568 1
19-07-2017-10:41:16:764 397568 398208 1
19-07-2017-10:41:16:804 398208 398848 1
19-07-2017-10:41:16:834 398848 399488 1
19-07-2017-10:41:16:872 399488 400128 1
19-07-2017-10:41:16:913 400128 400768 1
19-07-2017-10:41:16:958 400768 401408 1
19-07-2017-10:41:16:999 401408 402048 1
19-07-2017-10:41:17:041 402048 402688 1
19-07-2017-10:41:17:081 402688 403328 1
19-07-2017-10:41:17:121 403328 403968 1
19-07-2017-10:41:17:169 403968 404608 1
19-07-2017-10:41:17:202 404608 405248 1
19-07-2017-10:41:17:231 405248 405888 1
19-07-2017-10:41:17:272 405888 406528 1
19-07-2017-10:41:17:313 406528 407168 1
19-07-2017-10:41:17:352 407168 407808 1
19-07-2017-10:41:17:400 407808 408448 1
19-07-2017-10:41:17:439 408448 409088 1
19-07-2017-10:41:17:481 409088 409728 1
19-07-2017-10:41:17:521 409728 410368 1
19-07-2017-10:41:17:562 410368 411008 1
19-07-2017-10:41:17:591 411008 411648 1
19-07-2017-10:41:17:631 411648 412288 1
19-07-2017-10:41:17:675 412288 412928 1
19-07-2017-10:41:17:721 412928 413568 1
19-07-2017-10:41:17:760 413568 414208 1
19-07-2017-10:41:17:802 414208 414848 1
19-07-2017-10:41:17:846 414848 415488 1
19-07-2017-10:41:17:888 415488 416128 1
19-07-2017-10:41:17:919 416128 416768 1
19-07-2017-10:41:17:958 416768 417408 1
19-07-2017-10:41:17:998 417408 418048 1
19-07-2017-10:41:18:041 418048 418688 1
19-07-2017-10:41:18:079 418688 419328 1
19-07-2017-10:41:18:124 419328 419968 1
19-07-2017-10:41:18:165 419968 420608 1
19-07-2017-10:41:18:196 420608 421248 1
19-07-2017-10:41:18:236 421248 421888 1
19-07-2017-10:41:18:276 421888 422528 1
19-07-2017-10:41:18:317 422528 423168 1
19-07-2017-10:41:18:357 423168 423808 1
19-07-2017-10:41:18:403 423808 424448 1
19-07-2017-10:41:18:442 424448 425088 1
19-07-2017-10:41:18:471 425088 425728 1
19-07-2017-10:41:18:513 425728 426368 1
19-07-2017-10:41:18:553 426368 427008 1
19-07-2017-10:41:18:600 427008 427648 1
19-07-2017-10:41:18:640 427648 428288 1
19-07-2017-10:41:18:682 428288 428928 1
19-07-2017-10:41:18:722 428928 429568 1
