19-07-2017-16:15:29:045 0 800 1
19-07-2017-16:15:29:098 800 1520 1
19-07-2017-16:15:29:140 1520 2240 1
19-07-2017-16:15:29:190 2240 2960 1
19-07-2017-16:15:29:227 2960 3680 1
19-07-2017-16:15:29:269 3680 4400 1
19-07-2017-16:15:29:321 4400 5072 1
19-07-2017-16:15:29:358 5072 5744 1
19-07-2017-16:15:29:393 5744 6416 1
19-07-2017-16:15:29:439 6416 7088 1
19-07-2017-16:15:29:479 7088 7760 1
19-07-2017-16:15:29:519 7760 8432 1
19-07-2017-16:15:29:561 8432 9104 1
19-07-2017-16:15:29:608 9104 9776 1
19-07-2017-16:15:29:660 9776 10448 1
19-07-2017-16:15:29:690 10448 11120 1
19-07-2017-16:15:29:731 11120 11792 1
19-07-2017-16:15:29:771 11792 12464 1
19-07-2017-16:15:29:824 12464 13120 1
19-07-2017-16:15:29:858 13120 13776 1
19-07-2017-16:15:29:900 13776 14432 1
19-07-2017-16:15:29:940 14432 15088 1
19-07-2017-16:15:29:985 15088 15744 1
19-07-2017-16:15:30:025 15744 16400 1
19-07-2017-16:15:30:067 16400 17056 1
19-07-2017-16:15:30:107 17056 17712 1
19-07-2017-16:15:30:152 17712 18368 1
19-07-2017-16:15:30:194 18368 19024 1
19-07-2017-16:15:30:222 19024 19680 1
19-07-2017-16:15:30:264 19680 20336 1
19-07-2017-16:15:30:308 20336 20992 1
19-07-2017-16:15:30:347 20992 21648 1
19-07-2017-16:15:30:390 21648 22304 1
19-07-2017-16:15:30:436 22304 22960 1
19-07-2017-16:15:30:478 22960 23616 1
19-07-2017-16:15:30:518 23616 24272 1
19-07-2017-16:15:30:557 24272 24928 1
19-07-2017-16:15:30:605 24928 25584 1
19-07-2017-16:15:30:633 25584 26240 1
19-07-2017-16:15:30:673 26240 26896 1
19-07-2017-16:15:30:725 26896 27536 1
19-07-2017-16:15:30:754 27536 28176 1
19-07-2017-16:15:30:800 28176 28816 1
19-07-2017-16:15:30:840 28816 29456 1
19-07-2017-16:15:30:882 29456 30096 1
19-07-2017-16:15:30:923 30096 30736 1
19-07-2017-16:15:30:968 30736 31376 1
19-07-2017-16:15:30:998 31376 32016 1
19-07-2017-16:15:31:037 32016 32656 1
19-07-2017-16:15:31:079 32656 33296 1
19-07-2017-16:15:31:118 33296 33936 1
19-07-2017-16:15:31:166 33936 34576 1
19-07-2017-16:15:31:207 34576 35216 1
19-07-2017-16:15:31:236 35216 35856 1
19-07-2017-16:15:31:276 35856 36496 1
19-07-2017-16:15:31:317 36496 37136 1
19-07-2017-16:15:31:359 37136 37776 1
19-07-2017-16:15:31:404 37776 38416 1
19-07-2017-16:15:31:446 38416 39056 1
19-07-2017-16:15:31:475 39056 39696 1
19-07-2017-16:15:31:515 39696 40336 1
19-07-2017-16:15:31:556 40336 40976 1
19-07-2017-16:15:31:601 40976 41616 1
19-07-2017-16:15:31:641 41616 42256 1
19-07-2017-16:15:31:688 42256 42896 1
19-07-2017-16:15:31:728 42896 43536 1
19-07-2017-16:15:31:758 43536 44176 1
19-07-2017-16:15:31:798 44176 44816 1
19-07-2017-16:15:31:838 44816 45456 1
19-07-2017-16:15:31:879 45456 46096 1
19-07-2017-16:15:31:927 46096 46736 1
19-07-2017-16:15:31:955 46736 47376 1
19-07-2017-16:15:31:996 47376 48016 1
19-07-2017-16:15:32:037 48016 48656 1
19-07-2017-16:15:32:077 48656 49296 1
19-07-2017-16:15:32:118 49296 49936 1
