19-07-2017-16:16:06:097 0 704 1
19-07-2017-16:16:06:126 704 1408 1
19-07-2017-16:16:06:179 1408 2080 1
19-07-2017-16:16:06:225 2080 2752 1
19-07-2017-16:16:06:264 2752 3424 1
19-07-2017-16:16:06:301 3424 4096 1
19-07-2017-16:16:06:338 4096 4768 1
19-07-2017-16:16:06:379 4768 5440 1
19-07-2017-16:16:06:418 5440 6112 1
19-07-2017-16:16:06:471 6112 6768 1
19-07-2017-16:16:06:515 6768 7424 1
19-07-2017-16:16:06:550 7424 8080 1
19-07-2017-16:16:06:589 8080 8736 1
19-07-2017-16:16:06:629 8736 9392 1
19-07-2017-16:16:06:670 9392 10048 1
19-07-2017-16:16:06:711 10048 10704 1
19-07-2017-16:16:06:750 10704 11360 1
19-07-2017-16:16:06:791 11360 12016 1
19-07-2017-16:16:06:836 12016 12672 1
19-07-2017-16:16:06:875 12672 13328 1
19-07-2017-16:16:06:917 13328 13984 1
19-07-2017-16:16:06:958 13984 14640 1
19-07-2017-16:16:06:997 14640 15296 1
19-07-2017-16:16:07:043 15296 15952 1
19-07-2017-16:16:07:083 15952 16608 1
19-07-2017-16:16:07:125 16608 17264 1
19-07-2017-16:16:07:166 17264 17920 1
19-07-2017-16:16:07:205 17920 18576 1
19-07-2017-16:16:07:251 18576 19232 1
19-07-2017-16:16:07:293 19232 19888 1
19-07-2017-16:16:07:322 19888 20544 1
19-07-2017-16:16:07:363 20544 21200 1
19-07-2017-16:16:07:403 21200 21856 1
19-07-2017-16:16:07:444 21856 22512 1
19-07-2017-16:16:07:485 22512 23168 1
19-07-2017-16:16:07:538 23168 23632 1
19-07-2017-16:16:07:549 23632 24096 1
19-07-2017-16:16:07:577 24096 24560 1
19-07-2017-16:16:07:606 24560 25024 1
19-07-2017-16:16:07:640 25024 25488 1
19-07-2017-16:16:07:669 25488 25952 1
19-07-2017-16:16:07:707 25952 26416 1
19-07-2017-16:16:07:730 26416 26880 1
19-07-2017-16:16:07:760 26880 27344 1
19-07-2017-16:16:07:786 27344 27808 1
19-07-2017-16:16:07:815 27808 28272 1
19-07-2017-16:16:07:844 28272 28736 1
19-07-2017-16:16:07:874 28736 29200 1
19-07-2017-16:16:07:897 29200 29664 1
19-07-2017-16:16:07:926 29664 30128 1
19-07-2017-16:16:07:955 30128 30592 1
19-07-2017-16:16:07:983 30592 31056 1
19-07-2017-16:16:08:012 31056 31520 1
19-07-2017-16:16:08:041 31520 31984 1
19-07-2017-16:16:08:070 31984 32448 1
19-07-2017-16:16:08:093 32448 32912 1
19-07-2017-16:16:08:122 32912 33376 1
19-07-2017-16:16:08:151 33376 33840 1
19-07-2017-16:16:08:191 33840 34304 1
19-07-2017-16:16:08:222 34304 34768 1
19-07-2017-16:16:08:251 34768 35232 1
19-07-2017-16:16:08:280 35232 35696 1
19-07-2017-16:16:08:308 35696 36160 1
19-07-2017-16:16:08:337 36160 36624 1
19-07-2017-16:16:08:359 36624 37088 1
19-07-2017-16:16:08:390 37088 37552 1
19-07-2017-16:16:08:419 37552 38016 1
19-07-2017-16:16:08:447 38016 38480 1
19-07-2017-16:16:08:475 38480 38944 1
19-07-2017-16:16:08:505 38944 39408 1
19-07-2017-16:16:08:529 39408 39872 1
19-07-2017-16:16:08:559 39872 40336 1
19-07-2017-16:16:08:602 40336 40800 1
19-07-2017-16:16:08:619 40800 41264 1
19-07-2017-16:16:08:650 41264 41728 1
19-07-2017-16:16:08:693 41728 42192 1
19-07-2017-16:16:08:719 42192 42656 1
19-07-2017-16:16:08:748 42656 43120 1
19-07-2017-16:16:08:769 43120 43584 1
19-07-2017-16:16:08:799 43584 44048 1
19-07-2017-16:16:08:827 44048 44512 1
19-07-2017-16:16:08:857 44512 44976 1
19-07-2017-16:16:08:886 44976 45440 1
19-07-2017-16:16:08:915 45440 45904 1
19-07-2017-16:16:08:943 45904 46368 1
19-07-2017-16:16:08:966 46368 46832 1
19-07-2017-16:16:08:996 46832 47296 1
19-07-2017-16:16:09:025 47296 47760 1
19-07-2017-16:16:09:056 47760 48224 1
19-07-2017-16:16:09:083 48224 48688 1
19-07-2017-16:16:09:113 48688 49152 1
19-07-2017-16:16:09:142 49152 49616 1
19-07-2017-16:16:09:345 49616 50080 1
19-07-2017-16:16:09:347 50080 50544 1
19-07-2017-16:16:09:347 50544 51008 1
19-07-2017-16:16:09:347 51008 51472 1
19-07-2017-16:16:09:347 51472 51936 1
19-07-2017-16:16:09:347 51936 52400 1
19-07-2017-16:16:09:351 52400 52864 1
19-07-2017-16:16:09:378 52864 53328 1
19-07-2017-16:16:09:409 53328 53792 1
19-07-2017-16:16:09:431 53792 54256 1
19-07-2017-16:16:09:461 54256 54720 1
19-07-2017-16:16:09:489 54720 55184 1
19-07-2017-16:16:09:519 55184 55648 1
19-07-2017-16:16:09:548 55648 56112 1
19-07-2017-16:16:09:576 56112 56576 1
19-07-2017-16:16:09:617 56576 57040 1
19-07-2017-16:16:09:646 57040 57504 1
19-07-2017-16:16:09:674 57504 57968 1
19-07-2017-16:16:09:697 57968 58432 1
19-07-2017-16:16:09:727 58432 58896 1
19-07-2017-16:16:09:755 58896 59360 1
19-07-2017-16:16:09:783 59360 59824 1
19-07-2017-16:16:09:814 59824 60288 1
19-07-2017-16:16:09:843 60288 60752 1
19-07-2017-16:16:09:870 60752 61216 1
19-07-2017-16:16:09:894 61216 61680 1
19-07-2017-16:16:09:923 61680 62144 1
19-07-2017-16:16:09:952 62144 62608 1
19-07-2017-16:16:09:980 62608 63072 1
19-07-2017-16:16:10:008 63072 63536 1
19-07-2017-16:16:10:038 63536 64000 1
19-07-2017-16:16:10:078 64000 64464 1
19-07-2017-16:16:10:106 64464 64928 1
19-07-2017-16:16:10:129 64928 65392 1
19-07-2017-16:16:10:159 65392 65856 1
19-07-2017-16:16:10:197 65856 66320 1
19-07-2017-16:16:10:233 66320 66784 1
19-07-2017-16:16:10:258 66784 67248 1
19-07-2017-16:16:10:274 67248 67712 1
19-07-2017-16:16:10:305 67712 68176 1
19-07-2017-16:16:10:334 68176 68640 1
19-07-2017-16:16:10:363 68640 69104 1
19-07-2017-16:16:10:391 69104 69568 1
19-07-2017-16:16:10:421 69568 70032 1
19-07-2017-16:16:10:444 70032 70496 1
19-07-2017-16:16:10:472 70496 70960 1
19-07-2017-16:16:10:504 70960 71424 1
19-07-2017-16:16:10:529 71424 71888 1
19-07-2017-16:16:10:560 71888 72352 1
19-07-2017-16:16:10:588 72352 72816 1
19-07-2017-16:16:10:617 72816 73280 1
19-07-2017-16:16:10:657 73280 73744 1
19-07-2017-16:16:10:688 73744 74208 1
19-07-2017-16:16:10:710 74208 74672 1
19-07-2017-16:16:10:739 74672 75136 1
19-07-2017-16:16:10:767 75136 75600 1
19-07-2017-16:16:10:797 75600 76064 1
19-07-2017-16:16:10:831 76064 76528 1
19-07-2017-16:16:10:855 76528 76992 1
19-07-2017-16:16:10:878 76992 77456 1
19-07-2017-16:16:10:908 77456 77920 1
19-07-2017-16:16:10:936 77920 78384 1
19-07-2017-16:16:10:974 78384 78848 1
19-07-2017-16:16:11:005 78848 79312 1
19-07-2017-16:16:11:034 79312 79776 1
19-07-2017-16:16:11:062 79776 80240 1
19-07-2017-16:16:11:093 80240 80704 1
19-07-2017-16:16:11:120 80704 81168 1
19-07-2017-16:16:11:142 81168 81632 1
19-07-2017-16:16:11:180 81632 82096 1
19-07-2017-16:16:11:201 82096 82560 1
19-07-2017-16:16:11:230 82560 83024 1
19-07-2017-16:16:11:257 83024 83488 1
19-07-2017-16:16:11:287 83488 83952 1
19-07-2017-16:16:11:329 83952 84416 1
19-07-2017-16:16:11:357 84416 84880 1
19-07-2017-16:16:11:385 84880 85344 1
19-07-2017-16:16:11:408 85344 85808 1
19-07-2017-16:16:11:437 85808 86272 1
19-07-2017-16:16:11:467 86272 86736 1
19-07-2017-16:16:11:497 86736 87200 1
19-07-2017-16:16:11:526 87200 87664 1
19-07-2017-16:16:11:550 87664 88128 1
19-07-2017-16:16:11:578 88128 88592 1
19-07-2017-16:16:11:611 88592 89056 1
19-07-2017-16:16:11:637 89056 89520 1
19-07-2017-16:16:11:661 89520 89984 1
19-07-2017-16:16:11:692 89984 90448 1
19-07-2017-16:16:11:719 90448 90912 1
19-07-2017-16:16:11:748 90912 91376 1
19-07-2017-16:16:11:780 91376 91840 1
19-07-2017-16:16:11:805 91840 92304 1
19-07-2017-16:16:11:847 92304 92768 1
19-07-2017-16:16:11:876 92768 93232 1
19-07-2017-16:16:11:900 93232 93696 1
19-07-2017-16:16:11:928 93696 94160 1
19-07-2017-16:16:11:956 94160 94624 1
19-07-2017-16:16:11:986 94624 95088 1
19-07-2017-16:16:12:015 95088 95552 1
19-07-2017-16:16:12:045 95552 96016 1
19-07-2017-16:16:12:067 96016 96480 1
19-07-2017-16:16:12:096 96480 96944 1
19-07-2017-16:16:12:125 96944 97408 1
19-07-2017-16:16:12:154 97408 97872 1
19-07-2017-16:16:12:185 97872 98336 1
19-07-2017-16:16:12:214 98336 98800 1
19-07-2017-16:16:12:253 98800 99264 1
19-07-2017-16:16:12:280 99264 99728 1
19-07-2017-16:16:12:612 99728 100192 1
19-07-2017-16:16:12:613 100192 100656 1
19-07-2017-16:16:12:613 100656 101120 1
19-07-2017-16:16:12:613 101120 101584 1
19-07-2017-16:16:12:613 101584 102048 1
19-07-2017-16:16:12:613 102048 102512 1
19-07-2017-16:16:12:613 102512 102976 1
19-07-2017-16:16:12:613 102976 103440 1
19-07-2017-16:16:12:613 103440 103904 1
19-07-2017-16:16:12:613 103904 104368 1
19-07-2017-16:16:12:613 104368 104832 1
19-07-2017-16:16:12:620 104832 105296 1
19-07-2017-16:16:12:659 105296 105760 1
19-07-2017-16:16:12:690 105760 106224 1
19-07-2017-16:16:12:713 106224 106688 1
19-07-2017-16:16:12:740 106688 107152 1
19-07-2017-16:16:12:769 107152 107616 1
19-07-2017-16:16:12:797 107616 108080 1
19-07-2017-16:16:12:827 108080 108544 1
19-07-2017-16:16:12:863 108544 109008 1
19-07-2017-16:16:12:894 109008 109472 1
19-07-2017-16:16:12:915 109472 109936 1
19-07-2017-16:16:12:946 109936 110400 1
19-07-2017-16:16:12:974 110400 110864 1
19-07-2017-16:16:13:003 110864 111328 1
19-07-2017-16:16:13:033 111328 111792 1
19-07-2017-16:16:13:062 111792 112256 1
19-07-2017-16:16:13:092 112256 112720 1
19-07-2017-16:16:13:116 112720 113184 1
19-07-2017-16:16:13:145 113184 113648 1
19-07-2017-16:16:13:174 113648 114112 1
19-07-2017-16:16:13:198 114112 114576 1
19-07-2017-16:16:13:228 114576 115040 1
19-07-2017-16:16:13:257 115040 115504 1
19-07-2017-16:16:13:284 115504 115968 1
19-07-2017-16:16:13:317 115968 116432 1
19-07-2017-16:16:13:346 116432 116896 1
19-07-2017-16:16:13:375 116896 117360 1
19-07-2017-16:16:13:414 117360 117824 1
19-07-2017-16:16:13:442 117824 118288 1
19-07-2017-16:16:13:465 118288 118752 1
19-07-2017-16:16:13:495 118752 119216 1
19-07-2017-16:16:13:524 119216 119680 1
19-07-2017-16:16:13:553 119680 120144 1
19-07-2017-16:16:13:583 120144 120608 1
19-07-2017-16:16:13:610 120608 121072 1
19-07-2017-16:16:13:640 121072 121536 1
19-07-2017-16:16:13:663 121536 122000 1
19-07-2017-16:16:13:692 122000 122464 1
19-07-2017-16:16:13:721 122464 122928 1
19-07-2017-16:16:13:750 122928 123392 1
19-07-2017-16:16:13:779 123392 123856 1
19-07-2017-16:16:13:808 123856 124320 1
19-07-2017-16:16:13:835 124320 124784 1
19-07-2017-16:16:13:876 124784 125248 1
19-07-2017-16:16:13:906 125248 125712 1
19-07-2017-16:16:13:933 125712 126176 1
19-07-2017-16:16:13:958 126176 126640 1
19-07-2017-16:16:13:986 126640 127104 1
19-07-2017-16:16:14:015 127104 127568 1
19-07-2017-16:16:14:044 127568 128032 1
19-07-2017-16:16:14:073 128032 128496 1
19-07-2017-16:16:14:103 128496 128960 1
19-07-2017-16:16:14:127 128960 129424 1
19-07-2017-16:16:14:153 129424 129888 1
19-07-2017-16:16:14:183 129888 130352 1
19-07-2017-16:16:14:211 130352 130816 1
19-07-2017-16:16:14:243 130816 131280 1
19-07-2017-16:16:14:270 131280 131744 1
19-07-2017-16:16:14:312 131744 132208 1
19-07-2017-16:16:14:342 132208 132672 1
19-07-2017-16:16:14:371 132672 133136 1
19-07-2017-16:16:14:394 133136 133600 1
19-07-2017-16:16:14:423 133600 134064 1
19-07-2017-16:16:14:452 134064 134528 1
19-07-2017-16:16:14:480 134528 134992 1
19-07-2017-16:16:14:509 134992 135456 1
19-07-2017-16:16:14:538 135456 135920 1
19-07-2017-16:16:14:569 135920 136384 1
19-07-2017-16:16:14:590 136384 136848 1
19-07-2017-16:16:14:618 136848 137312 1
19-07-2017-16:16:14:648 137312 137776 1
19-07-2017-16:16:14:677 137776 138240 1
19-07-2017-16:16:14:706 138240 138704 1
19-07-2017-16:16:14:747 138704 139168 1
19-07-2017-16:16:14:774 139168 139632 1
19-07-2017-16:16:14:803 139632 140096 1
19-07-2017-16:16:14:827 140096 140560 1
19-07-2017-16:16:14:856 140560 141024 1
19-07-2017-16:16:14:886 141024 141488 1
19-07-2017-16:16:14:914 141488 141952 1
19-07-2017-16:16:14:944 141952 142416 1
19-07-2017-16:16:14:968 142416 142880 1
19-07-2017-16:16:14:996 142880 143344 1
19-07-2017-16:16:15:024 143344 143808 1
19-07-2017-16:16:15:052 143808 144272 1
19-07-2017-16:16:15:083 144272 144736 1
19-07-2017-16:16:15:111 144736 145200 1
19-07-2017-16:16:15:153 145200 145664 1
19-07-2017-16:16:15:180 145664 146128 1
19-07-2017-16:16:15:210 146128 146592 1
19-07-2017-16:16:15:232 146592 147056 1
19-07-2017-16:16:15:263 147056 147520 1
19-07-2017-16:16:15:291 147520 147984 1
19-07-2017-16:16:15:320 147984 148448 1
19-07-2017-16:16:15:349 148448 148912 1
19-07-2017-16:16:15:372 148912 149376 1
19-07-2017-16:16:15:401 149376 149840 1
19-07-2017-16:16:15:721 149840 150304 1
19-07-2017-16:16:15:722 150304 150768 1
19-07-2017-16:16:15:722 150768 151232 1
19-07-2017-16:16:15:723 151232 151696 1
19-07-2017-16:16:15:723 151696 152160 1
19-07-2017-16:16:15:723 152160 152624 1
19-07-2017-16:16:15:723 152624 153088 1
19-07-2017-16:16:15:723 153088 153552 1
19-07-2017-16:16:15:726 153552 154016 1
19-07-2017-16:16:15:726 154016 154480 1
19-07-2017-16:16:15:726 154480 154944 1
19-07-2017-16:16:15:756 154944 155408 1
19-07-2017-16:16:15:779 155408 155872 1
19-07-2017-16:16:15:809 155872 156336 1
19-07-2017-16:16:15:837 156336 156800 1
19-07-2017-16:16:15:865 156800 157264 1
19-07-2017-16:16:15:893 157264 157728 1
19-07-2017-16:16:15:922 157728 158192 1
19-07-2017-16:16:15:952 158192 158656 1
19-07-2017-16:16:15:994 158656 159120 1
19-07-2017-16:16:16:021 159120 159584 1
19-07-2017-16:16:16:051 159584 160048 1
19-07-2017-16:16:16:074 160048 160512 1
19-07-2017-16:16:16:107 160512 160976 1
19-07-2017-16:16:16:136 160976 161440 1
19-07-2017-16:16:16:165 161440 161904 1
19-07-2017-16:16:16:197 161904 162368 1
19-07-2017-16:16:16:222 162368 162832 1
19-07-2017-16:16:16:245 162832 163296 1
19-07-2017-16:16:16:276 163296 163760 1
19-07-2017-16:16:16:303 163760 164224 1
19-07-2017-16:16:16:337 164224 164688 1
19-07-2017-16:16:16:363 164688 165152 1
19-07-2017-16:16:16:403 165152 165616 1
19-07-2017-16:16:16:432 165616 166080 1
19-07-2017-16:16:16:461 166080 166544 1
19-07-2017-16:16:16:483 166544 167008 1
19-07-2017-16:16:16:513 167008 167472 1
19-07-2017-16:16:16:542 167472 167936 1
19-07-2017-16:16:16:570 167936 168400 1
19-07-2017-16:16:16:600 168400 168864 1
19-07-2017-16:16:16:628 168864 169328 1
19-07-2017-16:16:16:650 169328 169792 1
19-07-2017-16:16:16:679 169792 170256 1
19-07-2017-16:16:16:709 170256 170720 1
19-07-2017-16:16:16:739 170720 171184 1
19-07-2017-16:16:16:767 171184 171648 1
19-07-2017-16:16:16:795 171648 172112 1
19-07-2017-16:16:16:835 172112 172576 1
19-07-2017-16:16:16:863 172576 173040 1
19-07-2017-16:16:16:887 173040 173504 1
19-07-2017-16:16:16:915 173504 173968 1
19-07-2017-16:16:16:944 173968 174432 1
19-07-2017-16:16:16:973 174432 174896 1
19-07-2017-16:16:17:002 174896 175360 1
19-07-2017-16:16:17:024 175360 175824 1
19-07-2017-16:16:17:053 175824 176288 1
19-07-2017-16:16:17:083 176288 176752 1
19-07-2017-16:16:17:113 176752 177216 1
19-07-2017-16:16:17:142 177216 177680 1
19-07-2017-16:16:17:182 177680 178144 1
19-07-2017-16:16:17:212 178144 178608 1
19-07-2017-16:16:17:241 178608 179072 1
19-07-2017-16:16:17:264 179072 179536 1
19-07-2017-16:16:17:293 179536 180000 1
19-07-2017-16:16:17:322 180000 180464 1
19-07-2017-16:16:17:351 180464 180928 1
19-07-2017-16:16:17:381 180928 181392 1
19-07-2017-16:16:17:413 181392 181856 1
19-07-2017-16:16:17:433 181856 182320 1
19-07-2017-16:16:17:461 182320 182784 1
19-07-2017-16:16:17:491 182784 183248 1
19-07-2017-16:16:17:520 183248 183712 1
19-07-2017-16:16:17:550 183712 184176 1
19-07-2017-16:16:17:580 184176 184640 1
19-07-2017-16:16:17:620 184640 185104 1
19-07-2017-16:16:17:643 185104 185568 1
19-07-2017-16:16:17:672 185568 186032 1
19-07-2017-16:16:17:701 186032 186496 1
19-07-2017-16:16:17:730 186496 186960 1
19-07-2017-16:16:17:759 186960 187424 1
19-07-2017-16:16:17:787 187424 187888 1
19-07-2017-16:16:17:811 187888 188352 1
19-07-2017-16:16:17:840 188352 188816 1
19-07-2017-16:16:17:869 188816 189280 1
19-07-2017-16:16:17:898 189280 189744 1
19-07-2017-16:16:17:927 189744 190208 1
19-07-2017-16:16:17:967 190208 190672 1
19-07-2017-16:16:17:998 190672 191136 1
19-07-2017-16:16:18:024 191136 191600 1
19-07-2017-16:16:18:047 191600 192064 1
19-07-2017-16:16:18:075 192064 192528 1
19-07-2017-16:16:18:106 192528 192992 1
19-07-2017-16:16:18:134 192992 193456 1
19-07-2017-16:16:18:164 193456 193920 1
19-07-2017-16:16:18:187 193920 194384 1
19-07-2017-16:16:18:216 194384 194848 1
19-07-2017-16:16:18:245 194848 195312 1
19-07-2017-16:16:18:273 195312 195776 1
19-07-2017-16:16:18:302 195776 196240 1
19-07-2017-16:16:18:331 196240 196704 1
19-07-2017-16:16:18:373 196704 197168 1
19-07-2017-16:16:18:402 197168 197632 1
19-07-2017-16:16:18:425 197632 198096 1
19-07-2017-16:16:18:453 198096 198560 1
19-07-2017-16:16:18:482 198560 199024 1
19-07-2017-16:16:18:513 199024 199488 1
19-07-2017-16:16:18:540 199488 199952 1
19-07-2017-16:16:18:755 199952 200416 1
19-07-2017-16:16:18:756 200416 200880 1
19-07-2017-16:16:18:757 200880 201344 1
19-07-2017-16:16:18:757 201344 201808 1
19-07-2017-16:16:18:757 201808 202272 1
19-07-2017-16:16:18:757 202272 202736 1
19-07-2017-16:16:18:757 202736 203200 1
19-07-2017-16:16:18:778 203200 203664 1
19-07-2017-16:16:18:809 203664 204128 1
19-07-2017-16:16:18:830 204128 204592 1
19-07-2017-16:16:18:859 204592 205056 1
19-07-2017-16:16:18:889 205056 205520 1
19-07-2017-16:16:18:919 205520 205984 1
19-07-2017-16:16:18:947 205984 206448 1
19-07-2017-16:16:18:976 206448 206912 1
19-07-2017-16:16:19:001 206912 207376 1
19-07-2017-16:16:19:028 207376 207840 1
19-07-2017-16:16:19:056 207840 208304 1
19-07-2017-16:16:19:087 208304 208768 1
19-07-2017-16:16:19:116 208768 209232 1
19-07-2017-16:16:19:143 209232 209696 1
19-07-2017-16:16:19:172 209696 210160 1
19-07-2017-16:16:19:200 210160 210624 1
19-07-2017-16:16:19:231 210624 211088 1
19-07-2017-16:16:19:258 211088 211552 1
19-07-2017-16:16:19:300 211552 212016 1
19-07-2017-16:16:19:330 212016 212480 1
19-07-2017-16:16:19:352 212480 212944 1
19-07-2017-16:16:19:384 212944 213408 1
19-07-2017-16:16:19:416 213408 213872 1
19-07-2017-16:16:19:441 213872 214336 1
19-07-2017-16:16:19:469 214336 214800 1
19-07-2017-16:16:19:498 214800 215264 1
19-07-2017-16:16:19:527 215264 215728 1
19-07-2017-16:16:19:550 215728 216192 1
19-07-2017-16:16:19:581 216192 216656 1
19-07-2017-16:16:19:608 216656 217120 1
19-07-2017-16:16:19:637 217120 217584 1
19-07-2017-16:16:19:665 217584 218048 1
19-07-2017-16:16:19:694 218048 218512 1
19-07-2017-16:16:19:737 218512 218976 1
19-07-2017-16:16:19:767 218976 219440 1
19-07-2017-16:16:19:793 219440 219904 1
19-07-2017-16:16:19:823 219904 220368 1
19-07-2017-16:16:19:846 220368 220832 1
19-07-2017-16:16:19:875 220832 221296 1
19-07-2017-16:16:19:904 221296 221760 1
19-07-2017-16:16:19:932 221760 222224 1
19-07-2017-16:16:19:960 222224 222688 1
19-07-2017-16:16:19:984 222688 223152 1
19-07-2017-16:16:20:015 223152 223616 1
19-07-2017-16:16:20:041 223616 224080 1
19-07-2017-16:16:20:070 224080 224544 1
19-07-2017-16:16:20:101 224544 225008 1
19-07-2017-16:16:20:128 225008 225472 1
19-07-2017-16:16:20:160 225472 225936 1
19-07-2017-16:16:20:199 225936 226400 1
19-07-2017-16:16:20:226 226400 226864 1
19-07-2017-16:16:20:257 226864 227328 1
19-07-2017-16:16:20:279 227328 227792 1
19-07-2017-16:16:20:310 227792 228256 1
19-07-2017-16:16:20:338 228256 228720 1
19-07-2017-16:16:20:366 228720 229184 1
19-07-2017-16:16:20:398 229184 229648 1
19-07-2017-16:16:20:429 229648 230112 1
19-07-2017-16:16:20:449 230112 230576 1
19-07-2017-16:16:20:477 230576 231040 1
19-07-2017-16:16:20:506 231040 231504 1
19-07-2017-16:16:20:536 231504 231968 1
19-07-2017-16:16:20:565 231968 232432 1
19-07-2017-16:16:20:595 232432 232896 1
19-07-2017-16:16:20:634 232896 233360 1
19-07-2017-16:16:20:664 233360 233824 1
19-07-2017-16:16:20:687 233824 234288 1
19-07-2017-16:16:20:716 234288 234752 1
19-07-2017-16:16:20:745 234752 235216 1
19-07-2017-16:16:20:774 235216 235680 1
19-07-2017-16:16:20:802 235680 236144 1
19-07-2017-16:16:20:832 236144 236608 1
19-07-2017-16:16:20:861 236608 237072 1
19-07-2017-16:16:20:890 237072 237536 1
19-07-2017-16:16:20:920 237536 238000 1
19-07-2017-16:16:20:943 238000 238464 1
19-07-2017-16:16:20:972 238464 238928 1
19-07-2017-16:16:21:000 238928 239392 1
19-07-2017-16:16:21:029 239392 239856 1
19-07-2017-16:16:21:060 239856 240320 1
19-07-2017-16:16:21:089 240320 240784 1
19-07-2017-16:16:21:116 240784 241248 1
19-07-2017-16:16:21:147 241248 241712 1
19-07-2017-16:16:21:188 241712 242176 1
19-07-2017-16:16:21:216 242176 242640 1
19-07-2017-16:16:21:246 242640 243104 1
19-07-2017-16:16:21:268 243104 243568 1
19-07-2017-16:16:21:298 243568 244032 1
19-07-2017-16:16:21:330 244032 244496 1
19-07-2017-16:16:21:355 244496 244960 1
19-07-2017-16:16:21:386 244960 245424 1
19-07-2017-16:16:21:413 245424 245888 1
19-07-2017-16:16:21:443 245888 246352 1
19-07-2017-16:16:21:468 246352 246816 1
19-07-2017-16:16:21:495 246816 247280 1
19-07-2017-16:16:21:524 247280 247744 1
19-07-2017-16:16:21:552 247744 248208 1
19-07-2017-16:16:21:582 248208 248672 1
19-07-2017-16:16:21:610 248672 249136 1
19-07-2017-16:16:21:639 249136 249600 1
19-07-2017-16:16:21:667 249600 250064 1
19-07-2017-16:16:21:991 250064 250528 1
19-07-2017-16:16:21:992 250528 250992 1
19-07-2017-16:16:21:992 250992 251456 1
19-07-2017-16:16:21:992 251456 251920 1
19-07-2017-16:16:21:992 251920 252384 1
19-07-2017-16:16:21:992 252384 252848 1
19-07-2017-16:16:21:995 252848 253312 1
19-07-2017-16:16:21:995 253312 253776 1
19-07-2017-16:16:21:995 253776 254240 1
19-07-2017-16:16:21:995 254240 254704 1
19-07-2017-16:16:21:995 254704 255168 1
19-07-2017-16:16:22:020 255168 255632 1
19-07-2017-16:16:22:046 255632 256096 1
19-07-2017-16:16:22:075 256096 256560 1
19-07-2017-16:16:22:102 256560 257024 1
19-07-2017-16:16:22:134 257024 257488 1
19-07-2017-16:16:22:160 257488 257952 1
19-07-2017-16:16:22:192 257952 258416 1
19-07-2017-16:16:22:219 258416 258880 1
19-07-2017-16:16:22:258 258880 259344 1
19-07-2017-16:16:22:277 259344 259808 1
19-07-2017-16:16:22:306 259808 260272 1
19-07-2017-16:16:22:335 260272 260736 1
19-07-2017-16:16:22:364 260736 261200 1
19-07-2017-16:16:22:392 261200 261664 1
19-07-2017-16:16:22:421 261664 262128 1
19-07-2017-16:16:22:450 262128 262592 1
19-07-2017-16:16:22:491 262592 263056 1
19-07-2017-16:16:22:520 263056 263520 1
19-07-2017-16:16:22:543 263520 263984 1
19-07-2017-16:16:22:572 263984 264448 1
19-07-2017-16:16:22:602 264448 264912 1
19-07-2017-16:16:22:631 264912 265376 1
19-07-2017-16:16:22:662 265376 265840 1
19-07-2017-16:16:22:687 265840 266304 1
19-07-2017-16:16:22:719 266304 266768 1
19-07-2017-16:16:22:742 266768 267232 1
19-07-2017-16:16:22:769 267232 267696 1
19-07-2017-16:16:22:798 267696 268160 1
19-07-2017-16:16:22:828 268160 268624 1
19-07-2017-16:16:22:857 268624 269088 1
19-07-2017-16:16:22:886 269088 269552 1
19-07-2017-16:16:22:926 269552 270016 1
19-07-2017-16:16:22:955 270016 270480 1
19-07-2017-16:16:22:978 270480 270944 1
19-07-2017-16:16:23:007 270944 271408 1
19-07-2017-16:16:23:037 271408 271872 1
19-07-2017-16:16:23:066 271872 272336 1
19-07-2017-16:16:23:095 272336 272800 1
19-07-2017-16:16:23:124 272800 273264 1
19-07-2017-16:16:23:147 273264 273728 1
19-07-2017-16:16:23:176 273728 274192 1
19-07-2017-16:16:23:210 274192 274656 1
19-07-2017-16:16:23:239 274656 275120 1
19-07-2017-16:16:23:269 275120 275584 1
19-07-2017-16:16:23:298 275584 276048 1
19-07-2017-16:16:23:320 276048 276512 1
19-07-2017-16:16:23:349 276512 276976 1
19-07-2017-16:16:23:378 276976 277440 1
19-07-2017-16:16:23:411 277440 277904 1
19-07-2017-16:16:23:437 277904 278368 1
19-07-2017-16:16:23:478 278368 278832 1
19-07-2017-16:16:23:505 278832 279296 1
19-07-2017-16:16:23:535 279296 279760 1
19-07-2017-16:16:23:557 279760 280224 1
19-07-2017-16:16:23:587 280224 280688 1
19-07-2017-16:16:23:621 280688 281152 1
19-07-2017-16:16:23:651 281152 281616 1
19-07-2017-16:16:23:678 281616 282080 1
19-07-2017-16:16:23:703 282080 282544 1
19-07-2017-16:16:23:731 282544 283008 1
19-07-2017-16:16:23:760 283008 283472 1
19-07-2017-16:16:23:790 283472 283936 1
19-07-2017-16:16:23:819 283936 284400 1
19-07-2017-16:16:23:842 284400 284864 1
19-07-2017-16:16:23:872 284864 285328 1
19-07-2017-16:16:23:901 285328 285792 1
19-07-2017-16:16:23:930 285792 286256 1
19-07-2017-16:16:23:959 286256 286720 1
19-07-2017-16:16:24:001 286720 287184 1
19-07-2017-16:16:24:028 287184 287648 1
19-07-2017-16:16:24:057 287648 288112 1
19-07-2017-16:16:24:080 288112 288576 1
19-07-2017-16:16:24:110 288576 289040 1
19-07-2017-16:16:24:139 289040 289504 1
19-07-2017-16:16:24:168 289504 289968 1
19-07-2017-16:16:24:198 289968 290432 1
19-07-2017-16:16:24:220 290432 290896 1
19-07-2017-16:16:24:250 290896 291360 1
19-07-2017-16:16:24:280 291360 291824 1
19-07-2017-16:16:24:308 291824 292288 1
19-07-2017-16:16:24:338 292288 292752 1
19-07-2017-16:16:24:364 292752 293216 1
19-07-2017-16:16:24:405 293216 293680 1
19-07-2017-16:16:24:435 293680 294144 1
19-07-2017-16:16:24:459 294144 294608 1
19-07-2017-16:16:24:488 294608 295072 1
19-07-2017-16:16:24:517 295072 295536 1
19-07-2017-16:16:24:546 295536 296000 1
19-07-2017-16:16:24:575 296000 296464 1
19-07-2017-16:16:24:598 296464 296928 1
19-07-2017-16:16:24:627 296928 297392 1
19-07-2017-16:16:24:656 297392 297856 1
19-07-2017-16:16:24:685 297856 298320 1
19-07-2017-16:16:24:712 298320 298784 1
19-07-2017-16:16:24:743 298784 299248 1
19-07-2017-16:16:24:783 299248 299712 1
19-07-2017-16:16:24:811 299712 300176 1
19-07-2017-16:16:25:036 300176 300640 1
19-07-2017-16:16:25:037 300640 301104 1
19-07-2017-16:16:25:037 301104 301568 1
19-07-2017-16:16:25:037 301568 302032 1
19-07-2017-16:16:25:037 302032 302496 1
19-07-2017-16:16:25:037 302496 302960 1
19-07-2017-16:16:25:037 302960 303424 1
19-07-2017-16:16:25:037 303424 303888 1
19-07-2017-16:16:25:060 303888 304352 1
19-07-2017-16:16:25:090 304352 304816 1
19-07-2017-16:16:25:133 304816 305280 1
19-07-2017-16:16:25:154 305280 305744 1
19-07-2017-16:16:25:183 305744 306208 1
19-07-2017-16:16:25:213 306208 306672 1
19-07-2017-16:16:25:242 306672 307136 1
19-07-2017-16:16:25:270 307136 307600 1
19-07-2017-16:16:25:299 307600 308064 1
19-07-2017-16:16:25:323 308064 308528 1
19-07-2017-16:16:25:352 308528 308992 1
19-07-2017-16:16:25:381 308992 309456 1
19-07-2017-16:16:25:409 309456 309920 1
19-07-2017-16:16:25:440 309920 310384 1
19-07-2017-16:16:25:467 310384 310848 1
19-07-2017-16:16:25:508 310848 311312 1
19-07-2017-16:16:25:537 311312 311776 1
19-07-2017-16:16:25:566 311776 312240 1
19-07-2017-16:16:25:588 312240 312704 1
19-07-2017-16:16:25:619 312704 313168 1
19-07-2017-16:16:25:647 313168 313632 1
19-07-2017-16:16:25:676 313632 314096 1
19-07-2017-16:16:25:705 314096 314560 1
19-07-2017-16:16:25:736 314560 315024 1
19-07-2017-16:16:25:763 315024 315488 1
19-07-2017-16:16:25:788 315488 315952 1
19-07-2017-16:16:25:816 315952 316416 1
19-07-2017-16:16:25:845 316416 316880 1
19-07-2017-16:16:25:875 316880 317344 1
19-07-2017-16:16:25:903 317344 317808 1
19-07-2017-16:16:25:931 317808 318272 1
19-07-2017-16:16:25:961 318272 318736 1
19-07-2017-16:16:26:002 318736 319200 1
19-07-2017-16:16:26:031 319200 319664 1
19-07-2017-16:16:26:055 319664 320128 1
19-07-2017-16:16:26:083 320128 320592 1
19-07-2017-16:16:26:112 320592 321056 1
19-07-2017-16:16:26:143 321056 321520 1
19-07-2017-16:16:26:170 321520 321984 1
19-07-2017-16:16:26:199 321984 322448 1
19-07-2017-16:16:26:222 322448 322912 1
19-07-2017-16:16:26:252 322912 323376 1
19-07-2017-16:16:26:281 323376 323840 1
19-07-2017-16:16:26:311 323840 324304 1
19-07-2017-16:16:26:338 324304 324768 1
19-07-2017-16:16:26:367 324768 325232 1
19-07-2017-16:16:26:407 325232 325696 1
19-07-2017-16:16:26:436 325696 326160 1
19-07-2017-16:16:26:459 326160 326624 1
19-07-2017-16:16:26:488 326624 327088 1
19-07-2017-16:16:26:517 327088 327552 1
19-07-2017-16:16:26:546 327552 328016 1
19-07-2017-16:16:26:575 328016 328480 1
19-07-2017-16:16:26:604 328480 328944 1
19-07-2017-16:16:26:633 328944 329408 1
19-07-2017-16:16:26:662 329408 329872 1
19-07-2017-16:16:26:691 329872 330336 1
19-07-2017-16:16:26:714 330336 330800 1
19-07-2017-16:16:26:744 330800 331264 1
19-07-2017-16:16:26:773 331264 331728 1
19-07-2017-16:16:26:802 331728 332192 1
19-07-2017-16:16:26:832 332192 332656 1
19-07-2017-16:16:26:859 332656 333120 1
19-07-2017-16:16:26:890 333120 333584 1
19-07-2017-16:16:26:929 333584 334048 1
19-07-2017-16:16:26:958 334048 334512 1
19-07-2017-16:16:26:987 334512 334976 1
19-07-2017-16:16:27:018 334976 335440 1
19-07-2017-16:16:27:039 335440 335904 1
19-07-2017-16:16:27:068 335904 336368 1
19-07-2017-16:16:27:097 336368 336832 1
19-07-2017-16:16:27:127 336832 337296 1
19-07-2017-16:16:27:154 337296 337760 1
19-07-2017-16:16:27:183 337760 338224 1
19-07-2017-16:16:27:214 338224 338688 1
19-07-2017-16:16:27:237 338688 339152 1
19-07-2017-16:16:27:264 339152 339616 1
19-07-2017-16:16:27:297 339616 340080 1
19-07-2017-16:16:27:322 340080 340544 1
19-07-2017-16:16:27:351 340544 341008 1
19-07-2017-16:16:27:381 341008 341472 1
19-07-2017-16:16:27:409 341472 341936 1
19-07-2017-16:16:27:449 341936 342400 1
19-07-2017-16:16:27:478 342400 342864 1
19-07-2017-16:16:27:507 342864 343328 1
19-07-2017-16:16:27:531 343328 343792 1
19-07-2017-16:16:27:560 343792 344256 1
19-07-2017-16:16:27:589 344256 344720 1
19-07-2017-16:16:27:618 344720 345184 1
19-07-2017-16:16:27:647 345184 345648 1
19-07-2017-16:16:27:674 345648 346112 1
19-07-2017-16:16:27:697 346112 346576 1
19-07-2017-16:16:27:729 346576 347040 1
19-07-2017-16:16:27:758 347040 347504 1
19-07-2017-16:16:27:785 347504 347968 1
19-07-2017-16:16:27:814 347968 348432 1
19-07-2017-16:16:27:843 348432 348896 1
19-07-2017-16:16:27:885 348896 349360 1
19-07-2017-16:16:27:912 349360 349824 1
19-07-2017-16:16:27:937 349824 350288 1
19-07-2017-16:16:28:223 350288 350752 1
19-07-2017-16:16:28:225 350752 351216 1
19-07-2017-16:16:28:225 351216 351680 1
19-07-2017-16:16:28:225 351680 352144 1
19-07-2017-16:16:28:226 352144 352608 1
19-07-2017-16:16:28:226 352608 353072 1
19-07-2017-16:16:28:226 353072 353536 1
19-07-2017-16:16:28:226 353536 354000 1
19-07-2017-16:16:28:226 354000 354464 1
19-07-2017-16:16:28:227 354464 354928 1
19-07-2017-16:16:28:248 354928 355392 1
19-07-2017-16:16:28:289 355392 355856 1
19-07-2017-16:16:28:318 355856 356320 1
19-07-2017-16:16:28:345 356320 356784 1
19-07-2017-16:16:28:368 356784 357248 1
19-07-2017-16:16:28:409 357248 357712 1
19-07-2017-16:16:28:422 357712 358176 1
19-07-2017-16:16:28:450 358176 358640 1
19-07-2017-16:16:28:492 358640 359104 1
19-07-2017-16:16:28:520 359104 359568 1
19-07-2017-16:16:28:549 359568 360032 1
19-07-2017-16:16:28:572 360032 360496 1
19-07-2017-16:16:28:601 360496 360960 1
19-07-2017-16:16:28:631 360960 361424 1
19-07-2017-16:16:28:659 361424 361888 1
19-07-2017-16:16:28:688 361888 362352 1
19-07-2017-16:16:28:715 362352 362816 1
19-07-2017-16:16:28:756 362816 363280 1
19-07-2017-16:16:28:786 363280 363744 1
19-07-2017-16:16:28:808 363744 364208 1
19-07-2017-16:16:28:839 364208 364672 1
19-07-2017-16:16:28:866 364672 365136 1
19-07-2017-16:16:28:895 365136 365600 1
19-07-2017-16:16:28:924 365600 366064 1
19-07-2017-16:16:28:953 366064 366528 1
19-07-2017-16:16:28:976 366528 366992 1
19-07-2017-16:16:29:005 366992 367456 1
19-07-2017-16:16:29:036 367456 367920 1
19-07-2017-16:16:29:066 367920 368384 1
19-07-2017-16:16:29:101 368384 368848 1
19-07-2017-16:16:29:121 368848 369312 1
19-07-2017-16:16:29:168 369312 369776 1
19-07-2017-16:16:29:194 369776 370240 1
19-07-2017-16:16:29:215 370240 370704 1
19-07-2017-16:16:29:244 370704 371168 1
19-07-2017-16:16:29:274 371168 371632 1
19-07-2017-16:16:29:300 371632 372096 1
19-07-2017-16:16:29:330 372096 372560 1
19-07-2017-16:16:29:361 372560 373024 1
19-07-2017-16:16:29:382 373024 373488 1
19-07-2017-16:16:29:411 373488 373952 1
19-07-2017-16:16:29:441 373952 374416 1
19-07-2017-16:16:29:468 374416 374880 1
19-07-2017-16:16:29:498 374880 375344 1
19-07-2017-16:16:29:529 375344 375808 1
19-07-2017-16:16:29:568 375808 376272 1
19-07-2017-16:16:29:598 376272 376736 1
19-07-2017-16:16:29:611 376736 377200 1
19-07-2017-16:16:29:652 377200 377664 1
19-07-2017-16:16:29:676 377664 378128 1
19-07-2017-16:16:29:706 378128 378592 1
19-07-2017-16:16:29:735 378592 379056 1
19-07-2017-16:16:29:763 379056 379520 1
19-07-2017-16:16:29:792 379520 379984 1
19-07-2017-16:16:29:817 379984 380448 1
19-07-2017-16:16:29:846 380448 380912 1
19-07-2017-16:16:29:875 380912 381376 1
19-07-2017-16:16:29:902 381376 381840 1
19-07-2017-16:16:29:931 381840 382304 1
19-07-2017-16:16:29:972 382304 382768 1
19-07-2017-16:16:29:995 382768 383232 1
19-07-2017-16:16:30:024 383232 383696 1
19-07-2017-16:16:30:054 383696 384160 1
19-07-2017-16:16:30:082 384160 384624 1
19-07-2017-16:16:30:111 384624 385088 1
19-07-2017-16:16:30:136 385088 385552 1
19-07-2017-16:16:30:164 385552 386016 1
19-07-2017-16:16:30:193 386016 386480 1
19-07-2017-16:16:30:222 386480 386944 1
19-07-2017-16:16:30:249 386944 387408 1
19-07-2017-16:16:30:279 387408 387872 1
19-07-2017-16:16:30:307 387872 388336 1
19-07-2017-16:16:30:347 388336 388800 1
19-07-2017-16:16:30:376 388800 389264 1
19-07-2017-16:16:30:401 389264 389728 1
19-07-2017-16:16:30:429 389728 390192 1
19-07-2017-16:16:30:459 390192 390656 1
