19-07-2017-11:30:41:439 0 720 1
19-07-2017-11:30:41:476 720 1440 1
19-07-2017-11:30:41:528 1440 2112 1
19-07-2017-11:30:41:561 2112 2784 1
19-07-2017-11:30:41:607 2784 3456 1
19-07-2017-11:30:41:648 3456 4128 1
19-07-2017-11:30:41:690 4128 4800 1
19-07-2017-11:30:41:727 4800 5472 1
19-07-2017-11:30:41:775 5472 6144 1
19-07-2017-11:30:41:821 6144 6816 1
19-07-2017-11:30:41:856 6816 7488 1
19-07-2017-11:30:41:896 7488 8160 1
19-07-2017-11:30:41:943 8160 8832 1
19-07-2017-11:30:41:983 8832 9504 1
19-07-2017-11:30:42:024 9504 10176 1
19-07-2017-11:30:42:071 10176 10848 1
19-07-2017-11:30:42:111 10848 11520 1
19-07-2017-11:30:42:152 11520 12192 1
19-07-2017-11:30:42:194 12192 12864 1
19-07-2017-11:30:42:235 12864 13536 1
19-07-2017-11:30:42:280 13536 14208 1
19-07-2017-11:30:42:319 14208 14880 1
19-07-2017-11:30:42:360 14880 15552 1
19-07-2017-11:30:42:401 15552 16224 1
19-07-2017-11:30:42:440 16224 16896 1
19-07-2017-11:30:42:487 16896 17568 1
19-07-2017-11:30:42:528 17568 18240 1
19-07-2017-11:30:42:570 18240 18912 1
19-07-2017-11:30:42:609 18912 19584 1
19-07-2017-11:30:42:653 19584 20256 1
19-07-2017-11:30:42:706 20256 20928 1
19-07-2017-11:30:42:748 20928 21600 1
19-07-2017-11:30:42:776 21600 22272 1
19-07-2017-11:30:42:828 22272 22944 1
19-07-2017-11:30:42:877 22944 23616 1
19-07-2017-11:30:42:915 23616 24288 1
19-07-2017-11:30:42:945 24288 24960 1
19-07-2017-11:30:42:997 24960 25632 1
19-07-2017-11:30:43:042 25632 26304 1
19-07-2017-11:30:43:081 26304 26976 1
19-07-2017-11:30:43:121 26976 27648 1
19-07-2017-11:30:43:162 27648 28320 1
19-07-2017-11:30:43:203 28320 28992 1
19-07-2017-11:30:43:249 28992 29664 1
19-07-2017-11:30:43:289 29664 30336 1
19-07-2017-11:30:43:331 30336 31008 1
19-07-2017-11:30:43:370 31008 31680 1
19-07-2017-11:30:43:419 31680 32352 1
19-07-2017-11:30:43:458 32352 33024 1
19-07-2017-11:30:43:500 33024 33696 1
19-07-2017-11:30:43:539 33696 34368 1
19-07-2017-11:30:43:587 34368 35040 1
19-07-2017-11:30:43:627 35040 35712 1
19-07-2017-11:30:43:669 35712 36384 1
19-07-2017-11:30:43:709 36384 37056 1
19-07-2017-11:30:43:755 37056 37728 1
19-07-2017-11:30:43:784 37728 38400 1
19-07-2017-11:30:43:826 38400 39072 1
19-07-2017-11:30:43:878 39072 39728 1
19-07-2017-11:30:43:910 39728 40384 1
19-07-2017-11:30:43:952 40384 41040 1
19-07-2017-11:30:43:993 41040 41696 1
19-07-2017-11:30:44:039 41696 42352 1
19-07-2017-11:30:44:081 42352 43008 1
19-07-2017-11:30:44:121 43008 43664 1
19-07-2017-11:30:44:167 43664 44320 1
19-07-2017-11:30:44:209 44320 44976 1
19-07-2017-11:30:44:238 44976 45632 1
19-07-2017-11:30:44:281 45632 46288 1
19-07-2017-11:30:44:319 46288 46944 1
19-07-2017-11:30:44:364 46944 47600 1
19-07-2017-11:30:44:407 47600 48256 1
19-07-2017-11:30:44:447 48256 48912 1
19-07-2017-11:30:44:488 48912 49568 1
19-07-2017-11:30:44:656 49568 50224 1
19-07-2017-11:30:44:657 50224 50880 1
19-07-2017-11:30:44:657 50880 51536 1
19-07-2017-11:30:44:657 51536 52192 1
19-07-2017-11:30:44:703 52192 52848 1
19-07-2017-11:30:44:732 52848 53504 1
19-07-2017-11:30:44:773 53504 54160 1
19-07-2017-11:30:44:813 54160 54816 1
19-07-2017-11:30:44:853 54816 55472 1
19-07-2017-11:30:44:900 55472 56128 1
19-07-2017-11:30:44:942 56128 56784 1
19-07-2017-11:30:44:983 56784 57440 1
19-07-2017-11:30:45:030 57440 58096 1
19-07-2017-11:30:45:069 58096 58752 1
19-07-2017-11:30:45:099 58752 59408 1
19-07-2017-11:30:45:139 59408 60064 1
19-07-2017-11:30:45:179 60064 60720 1
19-07-2017-11:30:45:225 60720 61376 1
19-07-2017-11:30:45:265 61376 62032 1
19-07-2017-11:30:45:307 62032 62688 1
19-07-2017-11:30:45:353 62688 63344 1
19-07-2017-11:30:45:393 63344 64000 1
19-07-2017-11:30:45:434 64000 64656 1
19-07-2017-11:30:45:481 64656 65312 1
19-07-2017-11:30:45:510 65312 65968 1
19-07-2017-11:30:45:550 65968 66624 1
19-07-2017-11:30:45:592 66624 67280 1
19-07-2017-11:30:45:637 67280 67936 1
19-07-2017-11:30:45:678 67936 68592 1
19-07-2017-11:30:45:718 68592 69248 1
19-07-2017-11:30:45:765 69248 69904 1
19-07-2017-11:30:45:806 69904 70560 1
19-07-2017-11:30:45:835 70560 71216 1
19-07-2017-11:30:45:877 71216 71872 1
19-07-2017-11:30:45:916 71872 72528 1
19-07-2017-11:30:45:963 72528 73184 1
19-07-2017-11:30:46:002 73184 73840 1
19-07-2017-11:30:46:044 73840 74496 1
19-07-2017-11:30:46:084 74496 75152 1
19-07-2017-11:30:46:129 75152 75808 1
19-07-2017-11:30:46:174 75808 76464 1
19-07-2017-11:30:46:211 76464 77120 1
19-07-2017-11:30:46:255 77120 77776 1
19-07-2017-11:30:46:296 77776 78432 1
19-07-2017-11:30:46:337 78432 79088 1
19-07-2017-11:30:46:377 79088 79744 1
19-07-2017-11:30:46:424 79744 80400 1
19-07-2017-11:30:46:452 80400 81056 1
19-07-2017-11:30:46:495 81056 81712 1
19-07-2017-11:30:46:536 81712 82368 1
