19-07-2017-10:09:05:393 0 768 1
19-07-2017-10:09:05:441 768 1536 1
19-07-2017-10:09:05:486 1536 2304 1
19-07-2017-10:09:05:532 2304 3072 1
19-07-2017-10:09:05:584 3072 3840 1
19-07-2017-10:09:05:631 3840 4608 1
19-07-2017-10:09:05:677 4608 5376 1
19-07-2017-10:09:05:728 5376 6144 1
19-07-2017-10:09:05:777 6144 6912 1
19-07-2017-10:09:05:817 6912 7680 1
19-07-2017-10:09:05:870 7680 8448 1
19-07-2017-10:09:05:920 8448 9216 1
19-07-2017-10:09:05:967 9216 9984 1
19-07-2017-10:09:06:019 9984 10752 1
19-07-2017-10:09:06:068 10752 11520 1
19-07-2017-10:09:06:125 11520 12288 1
19-07-2017-10:09:06:159 12288 13056 1
19-07-2017-10:09:06:201 13056 13824 1
19-07-2017-10:09:06:253 13824 14480 1
19-07-2017-10:09:06:290 14480 15136 1
19-07-2017-10:09:06:328 15136 15792 1
19-07-2017-10:09:06:368 15792 16448 1
19-07-2017-10:09:06:411 16448 17104 1
19-07-2017-10:09:06:456 17104 17760 1
19-07-2017-10:09:06:496 17760 18416 1
19-07-2017-10:09:06:538 18416 19072 1
19-07-2017-10:09:06:582 19072 19728 1
19-07-2017-10:09:06:615 19728 20384 1
19-07-2017-10:09:06:663 20384 21040 1
19-07-2017-10:09:06:704 21040 21696 1
19-07-2017-10:09:06:749 21696 22352 1
19-07-2017-10:09:06:778 22352 23008 1
19-07-2017-10:09:06:819 23008 23664 1
19-07-2017-10:09:06:858 23664 24320 1
19-07-2017-10:09:06:899 24320 24976 1
19-07-2017-10:09:06:948 24976 25632 1
19-07-2017-10:09:06:985 25632 26288 1
19-07-2017-10:09:07:027 26288 26944 1
19-07-2017-10:09:07:067 26944 27600 1
19-07-2017-10:09:07:107 27600 28256 1
19-07-2017-10:09:07:154 28256 28912 1
19-07-2017-10:09:07:194 28912 29568 1
19-07-2017-10:09:07:236 29568 30224 1
19-07-2017-10:09:07:276 30224 30880 1
19-07-2017-10:09:07:322 30880 31536 1
19-07-2017-10:09:07:363 31536 32192 1
19-07-2017-10:09:07:392 32192 32848 1
19-07-2017-10:09:07:430 32848 33504 1
19-07-2017-10:09:07:477 33504 34160 1
19-07-2017-10:09:07:520 34160 34816 1
19-07-2017-10:09:07:558 34816 35472 1
19-07-2017-10:09:07:598 35472 36128 1
19-07-2017-10:09:07:645 36128 36784 1
19-07-2017-10:09:07:686 36784 37440 1
19-07-2017-10:09:07:726 37440 38096 1
19-07-2017-10:09:07:767 38096 38752 1
19-07-2017-10:09:07:812 38752 39408 1
19-07-2017-10:09:07:855 39408 40064 1
19-07-2017-10:09:07:883 40064 40720 1
19-07-2017-10:09:07:925 40720 41376 1
19-07-2017-10:09:07:965 41376 42032 1
19-07-2017-10:09:08:007 42032 42688 1
19-07-2017-10:09:08:051 42688 43344 1
19-07-2017-10:09:08:092 43344 44000 1
19-07-2017-10:09:08:133 44000 44656 1
19-07-2017-10:09:08:179 44656 45312 1
19-07-2017-10:09:08:231 45312 45872 1
19-07-2017-10:09:08:251 45872 46432 1
19-07-2017-10:09:08:289 46432 46992 1
19-07-2017-10:09:08:317 46992 47552 1
19-07-2017-10:09:08:347 47552 48112 1
19-07-2017-10:09:08:388 48112 48672 1
19-07-2017-10:09:08:416 48672 49232 1
19-07-2017-10:09:08:456 49232 49792 1
19-07-2017-10:09:08:569 49792 50352 1
19-07-2017-10:09:08:571 50352 50912 1
19-07-2017-10:09:08:571 50912 51472 1
19-07-2017-10:09:08:595 51472 52032 1
19-07-2017-10:09:08:623 52032 52592 1
19-07-2017-10:09:08:664 52592 53152 1
19-07-2017-10:09:08:694 53152 53712 1
19-07-2017-10:09:08:734 53712 54272 1
19-07-2017-10:09:08:763 54272 54832 1
19-07-2017-10:09:08:803 54832 55392 1
19-07-2017-10:09:08:832 55392 55952 1
19-07-2017-10:09:08:877 55952 56512 1
19-07-2017-10:09:08:919 56512 57072 1
19-07-2017-10:09:08:949 57072 57632 1
19-07-2017-10:09:08:988 57632 58192 1
19-07-2017-10:09:09:017 58192 58752 1
19-07-2017-10:09:09:047 58752 59312 1
19-07-2017-10:09:09:087 59312 59872 1
19-07-2017-10:09:09:117 59872 60432 1
19-07-2017-10:09:09:156 60432 60992 1
19-07-2017-10:09:09:185 60992 61552 1
19-07-2017-10:09:09:227 61552 62112 1
19-07-2017-10:09:09:254 62112 62672 1
