19-07-2017-16:13:10:584 0 800 1
19-07-2017-16:13:10:636 800 1600 1
19-07-2017-16:13:10:688 1600 2304 1
19-07-2017-16:13:10:723 2304 3008 1
19-07-2017-16:13:10:775 3008 3664 1
19-07-2017-16:13:10:808 3664 4320 1
19-07-2017-16:13:10:849 4320 4976 1
19-07-2017-16:13:10:889 4976 5632 1
19-07-2017-16:13:10:929 5632 6288 1
19-07-2017-16:13:10:976 6288 6944 1
19-07-2017-16:13:11:015 6944 7600 1
19-07-2017-16:13:11:058 7600 8256 1
19-07-2017-16:13:11:096 8256 8912 1
19-07-2017-16:13:11:141 8912 9568 1
19-07-2017-16:13:11:181 9568 10224 1
19-07-2017-16:13:11:220 10224 10880 1
19-07-2017-16:13:11:263 10880 11536 1
19-07-2017-16:13:11:306 11536 12192 1
19-07-2017-16:13:11:347 12192 12848 1
19-07-2017-16:13:11:389 12848 13504 1
19-07-2017-16:13:11:433 13504 14160 1
19-07-2017-16:13:11:465 14160 14816 1
19-07-2017-16:13:11:511 14816 15472 1
19-07-2017-16:13:11:552 15472 16128 1
19-07-2017-16:13:11:594 16128 16784 1
19-07-2017-16:13:11:637 16784 17440 1
19-07-2017-16:13:11:675 17440 18096 1
19-07-2017-16:13:11:721 18096 18752 1
19-07-2017-16:13:11:762 18752 19408 1
19-07-2017-16:13:11:792 19408 20064 1
19-07-2017-16:13:11:845 20064 20720 1
19-07-2017-16:13:11:874 20720 21376 1
19-07-2017-16:13:11:915 21376 22032 1
19-07-2017-16:13:11:957 22032 22688 1
19-07-2017-16:13:11:998 22688 23344 1
19-07-2017-16:13:12:037 23344 24000 1
19-07-2017-16:13:12:078 24000 24656 1
19-07-2017-16:13:12:124 24656 25312 1
19-07-2017-16:13:12:165 25312 25968 1
19-07-2017-16:13:12:208 25968 26624 1
19-07-2017-16:13:12:247 26624 27280 1
19-07-2017-16:13:12:288 27280 27936 1
19-07-2017-16:13:12:335 27936 28592 1
19-07-2017-16:13:12:375 28592 29248 1
19-07-2017-16:13:12:404 29248 29904 1
19-07-2017-16:13:12:446 29904 30560 1
19-07-2017-16:13:12:486 30560 31216 1
19-07-2017-16:13:12:528 31216 31872 1
19-07-2017-16:13:12:568 31872 32528 1
19-07-2017-16:13:12:614 32528 33184 1
19-07-2017-16:13:12:655 33184 33840 1
19-07-2017-16:13:12:700 33840 34496 1
19-07-2017-16:13:12:737 34496 35152 1
19-07-2017-16:13:12:780 35152 35808 1
19-07-2017-16:13:12:824 35808 36464 1
19-07-2017-16:13:12:866 36464 37120 1
19-07-2017-16:13:12:906 37120 37776 1
19-07-2017-16:13:12:947 37776 38432 1
19-07-2017-16:13:12:987 38432 39088 1
19-07-2017-16:13:13:028 39088 39744 1
19-07-2017-16:13:13:075 39744 40400 1
19-07-2017-16:13:13:102 40400 41056 1
19-07-2017-16:13:13:142 41056 41712 1
19-07-2017-16:13:13:184 41712 42368 1
19-07-2017-16:13:13:230 42368 43024 1
19-07-2017-16:13:13:270 43024 43680 1
19-07-2017-16:13:13:311 43680 44336 1
19-07-2017-16:13:13:352 44336 44992 1
19-07-2017-16:13:13:393 44992 45648 1
19-07-2017-16:13:13:439 45648 46304 1
19-07-2017-16:13:13:479 46304 46960 1
19-07-2017-16:13:13:520 46960 47616 1
19-07-2017-16:13:13:558 47616 48272 1
19-07-2017-16:13:13:603 48272 48928 1
19-07-2017-16:13:13:644 48928 49584 1
19-07-2017-16:13:13:775 49584 50240 1
19-07-2017-16:13:13:776 50240 50896 1
19-07-2017-16:13:13:776 50896 51552 1
19-07-2017-16:13:13:811 51552 52208 1
19-07-2017-16:13:13:852 52208 52864 1
19-07-2017-16:13:13:882 52864 53520 1
19-07-2017-16:13:13:923 53520 54176 1
19-07-2017-16:13:13:963 54176 54832 1
19-07-2017-16:13:14:003 54832 55488 1
19-07-2017-16:13:14:049 55488 56144 1
19-07-2017-16:13:14:090 56144 56800 1
19-07-2017-16:13:14:131 56800 57456 1
19-07-2017-16:13:14:169 57456 58112 1
19-07-2017-16:13:14:212 58112 58768 1
19-07-2017-16:13:14:258 58768 59424 1
19-07-2017-16:13:14:299 59424 60080 1
19-07-2017-16:13:14:342 60080 60736 1
19-07-2017-16:13:14:381 60736 61392 1
19-07-2017-16:13:14:422 61392 62048 1
19-07-2017-16:13:14:467 62048 62704 1
19-07-2017-16:13:14:494 62704 63360 1
19-07-2017-16:13:14:534 63360 64016 1
19-07-2017-16:13:14:576 64016 64672 1
19-07-2017-16:13:14:629 64672 65296 1
19-07-2017-16:13:14:660 65296 65920 1
19-07-2017-16:13:14:700 65920 66544 1
19-07-2017-16:13:14:738 66544 67168 1
19-07-2017-16:13:14:780 67168 67792 1
19-07-2017-16:13:14:810 67792 68416 1
19-07-2017-16:13:14:849 68416 69040 1
19-07-2017-16:13:14:897 69040 69664 1
19-07-2017-16:13:14:936 69664 70288 1
19-07-2017-16:13:14:975 70288 70912 1
19-07-2017-16:13:15:006 70912 71536 1
19-07-2017-16:13:15:046 71536 72160 1
19-07-2017-16:13:15:087 72160 72784 1
19-07-2017-16:13:15:134 72784 73408 1
19-07-2017-16:13:15:163 73408 74032 1
19-07-2017-16:13:15:203 74032 74656 1
19-07-2017-16:13:15:243 74656 75280 1
19-07-2017-16:13:15:286 75280 75904 1
19-07-2017-16:13:15:330 75904 76528 1
19-07-2017-16:13:15:372 76528 77152 1
19-07-2017-16:13:15:399 77152 77776 1
19-07-2017-16:13:15:440 77776 78400 1
19-07-2017-16:13:15:482 78400 79024 1
19-07-2017-16:13:15:522 79024 79648 1
19-07-2017-16:13:15:551 79648 80272 1
19-07-2017-16:13:15:596 80272 80896 1
19-07-2017-16:13:15:638 80896 81520 1
19-07-2017-16:13:15:678 81520 82144 1
19-07-2017-16:13:15:708 82144 82768 1
19-07-2017-16:13:15:748 82768 83392 1
19-07-2017-16:13:15:787 83392 84016 1
19-07-2017-16:13:15:833 84016 84640 1
19-07-2017-16:13:15:874 84640 85264 1
19-07-2017-16:13:15:902 85264 85888 1
19-07-2017-16:13:15:943 85888 86512 1
19-07-2017-16:13:15:986 86512 87136 1
19-07-2017-16:13:16:023 87136 87760 1
19-07-2017-16:13:16:071 87760 88384 1
19-07-2017-16:13:16:098 88384 89008 1
19-07-2017-16:13:16:137 89008 89632 1
19-07-2017-16:13:16:188 89632 90256 1
19-07-2017-16:13:16:227 90256 90880 1
19-07-2017-16:13:16:254 90880 91504 1
19-07-2017-16:13:16:294 91504 92128 1
19-07-2017-16:13:16:335 92128 92752 1
19-07-2017-16:13:16:377 92752 93376 1
19-07-2017-16:13:16:416 93376 94000 1
19-07-2017-16:13:16:458 94000 94624 1
19-07-2017-16:13:16:488 94624 95248 1
19-07-2017-16:13:16:528 95248 95872 1
19-07-2017-16:13:16:569 95872 96496 1
19-07-2017-16:13:16:605 96496 97120 1
19-07-2017-16:13:16:650 97120 97744 1
19-07-2017-16:13:16:690 97744 98368 1
19-07-2017-16:13:16:730 98368 98992 1
19-07-2017-16:13:16:760 98992 99616 1
19-07-2017-16:13:16:987 99616 100240 1
19-07-2017-16:13:16:988 100240 100864 1
19-07-2017-16:13:16:988 100864 101488 1
19-07-2017-16:13:16:988 101488 102112 1
19-07-2017-16:13:16:988 102112 102736 1
19-07-2017-16:13:16:992 102736 103360 1
19-07-2017-16:13:17:036 103360 103984 1
19-07-2017-16:13:17:075 103984 104608 1
19-07-2017-16:13:17:115 104608 105232 1
19-07-2017-16:13:17:161 105232 105856 1
19-07-2017-16:13:17:205 105856 106480 1
19-07-2017-16:13:17:242 106480 107104 1
19-07-2017-16:13:17:270 107104 107728 1
19-07-2017-16:13:17:310 107728 108352 1
19-07-2017-16:13:17:353 108352 108976 1
19-07-2017-16:13:17:392 108976 109600 1
19-07-2017-16:13:17:434 109600 110224 1
19-07-2017-16:13:17:462 110224 110848 1
19-07-2017-16:13:17:502 110848 111472 1
19-07-2017-16:13:17:541 111472 112096 1
19-07-2017-16:13:17:588 112096 112720 1
19-07-2017-16:13:17:633 112720 113344 1
19-07-2017-16:13:17:657 113344 113968 1
19-07-2017-16:13:17:703 113968 114592 1
19-07-2017-16:13:17:744 114592 115216 1
19-07-2017-16:13:17:785 115216 115840 1
19-07-2017-16:13:17:813 115840 116464 1
19-07-2017-16:13:17:854 116464 117088 1
19-07-2017-16:13:17:895 117088 117712 1
19-07-2017-16:13:17:942 117712 118336 1
19-07-2017-16:13:17:982 118336 118960 1
19-07-2017-16:13:18:023 118960 119584 1
19-07-2017-16:13:18:051 119584 120208 1
19-07-2017-16:13:18:092 120208 120832 1
19-07-2017-16:13:18:132 120832 121456 1
19-07-2017-16:13:18:173 121456 122080 1
19-07-2017-16:13:18:201 122080 122704 1
19-07-2017-16:13:18:241 122704 123328 1
19-07-2017-16:13:18:288 123328 123952 1
19-07-2017-16:13:18:329 123952 124576 1
19-07-2017-16:13:18:358 124576 125200 1
19-07-2017-16:13:18:401 125200 125824 1
19-07-2017-16:13:18:440 125824 126448 1
19-07-2017-16:13:18:481 126448 127072 1
19-07-2017-16:13:18:522 127072 127696 1
19-07-2017-16:13:18:562 127696 128320 1
19-07-2017-16:13:18:593 128320 128944 1
19-07-2017-16:13:18:634 128944 129568 1
19-07-2017-16:13:18:674 129568 130192 1
19-07-2017-16:13:18:720 130192 130816 1
19-07-2017-16:13:18:760 130816 131440 1
19-07-2017-16:13:18:789 131440 132064 1
19-07-2017-16:13:18:830 132064 132688 1
19-07-2017-16:13:18:871 132688 133312 1
19-07-2017-16:13:18:912 133312 133936 1
19-07-2017-16:13:18:950 133936 134560 1
19-07-2017-16:13:18:998 134560 135184 1
19-07-2017-16:13:19:021 135184 135808 1
19-07-2017-16:13:19:067 135808 136432 1
19-07-2017-16:13:19:104 136432 137056 1
19-07-2017-16:13:19:145 137056 137680 1
19-07-2017-16:13:19:186 137680 138304 1
19-07-2017-16:13:19:226 138304 138928 1
19-07-2017-16:13:19:266 138928 139552 1
19-07-2017-16:13:19:295 139552 140176 1
19-07-2017-16:13:19:336 140176 140800 1
19-07-2017-16:13:19:382 140800 141424 1
19-07-2017-16:13:19:422 141424 142048 1
19-07-2017-16:13:19:452 142048 142672 1
19-07-2017-16:13:19:492 142672 143296 1
19-07-2017-16:13:19:532 143296 143920 1
19-07-2017-16:13:19:573 143920 144544 1
19-07-2017-16:13:19:612 144544 145168 1
19-07-2017-16:13:19:652 145168 145792 1
19-07-2017-16:13:19:700 145792 146416 1
19-07-2017-16:13:19:723 146416 147040 1
19-07-2017-16:13:19:765 147040 147664 1
19-07-2017-16:13:19:810 147664 148288 1
19-07-2017-16:13:19:850 148288 148912 1
19-07-2017-16:13:19:891 148912 149536 1
19-07-2017-16:13:19:921 149536 150160 1
19-07-2017-16:13:20:174 150160 150784 1
19-07-2017-16:13:20:175 150784 151408 1
19-07-2017-16:13:20:175 151408 152032 1
19-07-2017-16:13:20:176 152032 152656 1
19-07-2017-16:13:20:176 152656 153280 1
19-07-2017-16:13:20:176 153280 153904 1
19-07-2017-16:13:20:199 153904 154528 1
19-07-2017-16:13:20:239 154528 155152 1
19-07-2017-16:13:20:279 155152 155776 1
19-07-2017-16:13:20:309 155776 156400 1
19-07-2017-16:13:20:351 156400 157024 1
19-07-2017-16:13:20:396 157024 157648 1
19-07-2017-16:13:20:426 157648 158272 1
19-07-2017-16:13:20:467 158272 158896 1
19-07-2017-16:13:20:507 158896 159520 1
19-07-2017-16:13:20:548 159520 160144 1
19-07-2017-16:13:20:594 160144 160768 1
19-07-2017-16:13:20:622 160768 161392 1
19-07-2017-16:13:20:664 161392 162016 1
19-07-2017-16:13:20:710 162016 162640 1
19-07-2017-16:13:20:738 162640 163264 1
19-07-2017-16:13:20:778 163264 163888 1
