19-07-2017-16:27:42:218 0 768 1
19-07-2017-16:27:42:268 768 1536 1
19-07-2017-16:27:42:311 1536 2304 1
19-07-2017-16:27:42:362 2304 3056 1
19-07-2017-16:27:42:411 3056 3808 1
19-07-2017-16:27:42:454 3808 4560 1
19-07-2017-16:27:42:504 4560 5312 1
19-07-2017-16:27:42:550 5312 6064 1
19-07-2017-16:27:42:592 6064 6816 1
19-07-2017-16:27:42:644 6816 7504 1
19-07-2017-16:27:42:689 7504 8192 1
19-07-2017-16:27:42:719 8192 8880 1
19-07-2017-16:27:42:769 8880 9568 1
19-07-2017-16:27:42:816 9568 10256 1
19-07-2017-16:27:42:856 10256 10944 1
19-07-2017-16:27:42:903 10944 11632 1
19-07-2017-16:27:42:944 11632 12320 1
19-07-2017-16:27:42:983 12320 13008 1
19-07-2017-16:27:43:025 13008 13696 1
19-07-2017-16:27:43:069 13696 14384 1
19-07-2017-16:27:43:116 14384 15072 1
19-07-2017-16:27:43:157 15072 15760 1
19-07-2017-16:27:43:207 15760 16448 1
19-07-2017-16:27:43:253 16448 17136 1
19-07-2017-16:27:43:284 17136 17824 1
19-07-2017-16:27:43:326 17824 18512 1
19-07-2017-16:27:43:366 18512 19200 1
19-07-2017-16:27:43:418 19200 19888 1
19-07-2017-16:27:43:452 19888 20576 1
19-07-2017-16:27:43:501 20576 21264 1
19-07-2017-16:27:43:545 21264 21952 1
19-07-2017-16:27:43:586 21952 22640 1
19-07-2017-16:27:43:629 22640 23328 1
19-07-2017-16:27:43:667 23328 24016 1
19-07-2017-16:27:43:716 24016 24704 1
19-07-2017-16:27:43:754 24704 25392 1
19-07-2017-16:27:43:794 25392 26080 1
19-07-2017-16:27:43:854 26080 26768 1
19-07-2017-16:27:43:883 26768 27456 1
19-07-2017-16:27:43:928 27456 28144 1
19-07-2017-16:27:43:968 28144 28832 1
19-07-2017-16:27:44:008 28832 29520 1
19-07-2017-16:27:44:061 29520 30192 1
19-07-2017-16:27:44:098 30192 30864 1
19-07-2017-16:27:44:135 30864 31536 1
19-07-2017-16:27:44:176 31536 32208 1
19-07-2017-16:27:44:219 32208 32880 1
19-07-2017-16:27:44:265 32880 33552 1
19-07-2017-16:27:44:313 33552 34224 1
19-07-2017-16:27:44:352 34224 34896 1
19-07-2017-16:27:44:397 34896 35568 1
19-07-2017-16:27:44:437 35568 36240 1
19-07-2017-16:27:44:480 36240 36912 1
19-07-2017-16:27:44:521 36912 37584 1
19-07-2017-16:27:44:561 37584 38256 1
19-07-2017-16:27:44:606 38256 38928 1
19-07-2017-16:27:44:646 38928 39600 1
19-07-2017-16:27:44:687 39600 40272 1
19-07-2017-16:27:44:729 40272 40944 1
19-07-2017-16:27:44:770 40944 41616 1
19-07-2017-16:27:44:811 41616 42288 1
19-07-2017-16:27:44:856 42288 42960 1
19-07-2017-16:27:44:897 42960 43632 1
19-07-2017-16:27:44:937 43632 44304 1
19-07-2017-16:27:44:978 44304 44976 1
19-07-2017-16:27:45:018 44976 45648 1
19-07-2017-16:27:45:064 45648 46320 1
19-07-2017-16:27:45:104 46320 46992 1
19-07-2017-16:27:45:145 46992 47664 1
19-07-2017-16:27:45:191 47664 48336 1
19-07-2017-16:27:45:232 48336 49008 1
19-07-2017-16:27:45:273 49008 49680 1
19-07-2017-16:27:45:415 49680 50352 1
19-07-2017-16:27:45:417 50352 51024 1
19-07-2017-16:27:45:417 51024 51696 1
19-07-2017-16:27:45:442 51696 52368 1
19-07-2017-16:27:45:483 52368 53040 1
19-07-2017-16:27:45:529 53040 53712 1
19-07-2017-16:27:45:567 53712 54384 1
19-07-2017-16:27:45:609 54384 55056 1
19-07-2017-16:27:45:655 55056 55728 1
19-07-2017-16:27:45:694 55728 56400 1
19-07-2017-16:27:45:736 56400 57072 1
19-07-2017-16:27:45:777 57072 57744 1
19-07-2017-16:27:45:822 57744 58416 1
19-07-2017-16:27:45:863 58416 59088 1
19-07-2017-16:27:45:904 59088 59760 1
19-07-2017-16:27:45:944 59760 60432 1
19-07-2017-16:27:45:991 60432 61104 1
19-07-2017-16:27:46:031 61104 61776 1
19-07-2017-16:27:46:072 61776 62448 1
19-07-2017-16:27:46:113 62448 63120 1
19-07-2017-16:27:46:160 63120 63792 1
19-07-2017-16:27:46:201 63792 64464 1
19-07-2017-16:27:46:243 64464 65136 1
19-07-2017-16:27:46:282 65136 65808 1
19-07-2017-16:27:46:327 65808 66480 1
19-07-2017-16:27:46:369 66480 67152 1
19-07-2017-16:27:46:410 67152 67824 1
19-07-2017-16:27:46:452 67824 68496 1
19-07-2017-16:27:46:496 68496 69168 1
19-07-2017-16:27:46:536 69168 69840 1
19-07-2017-16:27:46:577 69840 70512 1
19-07-2017-16:27:46:618 70512 71184 1
19-07-2017-16:27:46:664 71184 71856 1
19-07-2017-16:27:46:704 71856 72528 1
19-07-2017-16:27:46:745 72528 73200 1
19-07-2017-16:27:46:785 73200 73872 1
19-07-2017-16:27:46:832 73872 74544 1
19-07-2017-16:27:46:874 74544 75216 1
19-07-2017-16:27:46:913 75216 75888 1
19-07-2017-16:27:46:954 75888 76560 1
19-07-2017-16:27:47:000 76560 77232 1
19-07-2017-16:27:47:042 77232 77904 1
19-07-2017-16:27:47:081 77904 78576 1
19-07-2017-16:27:47:127 78576 79248 1
19-07-2017-16:27:47:169 79248 79920 1
19-07-2017-16:27:47:208 79920 80592 1
19-07-2017-16:27:47:251 80592 81264 1
19-07-2017-16:27:47:291 81264 81936 1
19-07-2017-16:27:47:335 81936 82608 1
19-07-2017-16:27:47:377 82608 83280 1
19-07-2017-16:27:47:418 83280 83952 1
19-07-2017-16:27:47:458 83952 84624 1
19-07-2017-16:27:47:506 84624 85296 1
19-07-2017-16:27:47:546 85296 85968 1
19-07-2017-16:27:47:585 85968 86640 1
19-07-2017-16:27:47:625 86640 87312 1
19-07-2017-16:27:47:665 87312 87984 1
19-07-2017-16:27:47:711 87984 88656 1
19-07-2017-16:27:47:751 88656 89328 1
19-07-2017-16:27:47:797 89328 90000 1
19-07-2017-16:27:47:839 90000 90672 1
19-07-2017-16:27:47:877 90672 91344 1
19-07-2017-16:27:47:918 91344 92016 1
19-07-2017-16:27:47:958 92016 92688 1
19-07-2017-16:27:48:004 92688 93360 1
19-07-2017-16:27:48:047 93360 94032 1
19-07-2017-16:27:48:087 94032 94704 1
19-07-2017-16:27:48:127 94704 95376 1
19-07-2017-16:27:48:173 95376 96048 1
19-07-2017-16:27:48:212 96048 96720 1
19-07-2017-16:27:48:255 96720 97392 1
19-07-2017-16:27:48:295 97392 98064 1
19-07-2017-16:27:48:340 98064 98736 1
19-07-2017-16:27:48:381 98736 99408 1
19-07-2017-16:27:48:423 99408 100080 1
19-07-2017-16:27:48:780 100080 100752 1
19-07-2017-16:27:48:781 100752 101424 1
19-07-2017-16:27:48:781 101424 102096 1
19-07-2017-16:27:48:781 102096 102768 1
19-07-2017-16:27:48:781 102768 103440 1
19-07-2017-16:27:48:783 103440 104112 1
19-07-2017-16:27:48:784 104112 104784 1
19-07-2017-16:27:48:784 104784 105456 1
19-07-2017-16:27:48:799 105456 106128 1
19-07-2017-16:27:48:840 106128 106800 1
19-07-2017-16:27:48:887 106800 107472 1
19-07-2017-16:27:48:927 107472 108144 1
19-07-2017-16:27:48:968 108144 108816 1
19-07-2017-16:27:49:009 108816 109488 1
19-07-2017-16:27:49:053 109488 110160 1
19-07-2017-16:27:49:094 110160 110832 1
19-07-2017-16:27:49:132 110832 111504 1
19-07-2017-16:27:49:174 111504 112176 1
19-07-2017-16:27:49:226 112176 112832 1
19-07-2017-16:27:49:270 112832 113488 1
19-07-2017-16:27:49:301 113488 114144 1
19-07-2017-16:27:49:341 114144 114800 1
19-07-2017-16:27:49:381 114800 115456 1
19-07-2017-16:27:49:422 115456 116112 1
19-07-2017-16:27:49:463 116112 116768 1
19-07-2017-16:27:49:510 116768 117424 1
19-07-2017-16:27:49:551 117424 118080 1
19-07-2017-16:27:49:589 118080 118736 1
19-07-2017-16:27:49:631 118736 119392 1
19-07-2017-16:27:49:674 119392 120048 1
19-07-2017-16:27:49:716 120048 120704 1
19-07-2017-16:27:49:756 120704 121360 1
19-07-2017-16:27:49:797 121360 122016 1
19-07-2017-16:27:49:837 122016 122672 1
19-07-2017-16:27:49:885 122672 123328 1
19-07-2017-16:27:49:927 123328 123984 1
19-07-2017-16:27:49:955 123984 124640 1
19-07-2017-16:27:49:995 124640 125296 1
19-07-2017-16:27:50:036 125296 125952 1
19-07-2017-16:27:50:076 125952 126608 1
19-07-2017-16:27:50:116 126608 127264 1
19-07-2017-16:27:50:163 127264 127920 1
19-07-2017-16:27:50:202 127920 128576 1
19-07-2017-16:27:50:242 128576 129232 1
19-07-2017-16:27:50:284 129232 129888 1
19-07-2017-16:27:50:330 129888 130544 1
19-07-2017-16:27:50:372 130544 131200 1
19-07-2017-16:27:50:412 131200 131856 1
19-07-2017-16:27:50:452 131856 132512 1
19-07-2017-16:27:50:499 132512 133168 1
19-07-2017-16:27:50:539 133168 133824 1
19-07-2017-16:27:50:569 133824 134480 1
19-07-2017-16:27:50:612 134480 135136 1
19-07-2017-16:27:50:664 135136 135776 1
19-07-2017-16:27:50:691 135776 136416 1
19-07-2017-16:27:50:733 136416 137056 1
19-07-2017-16:27:50:773 137056 137696 1
19-07-2017-16:27:50:814 137696 138336 1
19-07-2017-16:27:50:855 138336 138976 1
19-07-2017-16:27:50:900 138976 139616 1
19-07-2017-16:27:50:941 139616 140256 1
19-07-2017-16:27:50:971 140256 140896 1
19-07-2017-16:27:51:012 140896 141536 1
19-07-2017-16:27:51:053 141536 142176 1
19-07-2017-16:27:51:092 142176 142816 1
19-07-2017-16:27:51:135 142816 143456 1
19-07-2017-16:27:51:178 143456 144096 1
19-07-2017-16:27:51:217 144096 144736 1
19-07-2017-16:27:51:326 144736 145376 1
19-07-2017-16:27:51:330 145376 146016 1
19-07-2017-16:27:51:330 146016 146656 1
19-07-2017-16:27:51:367 146656 147296 1
19-07-2017-16:27:51:415 147296 147936 1
19-07-2017-16:27:51:455 147936 148576 1
19-07-2017-16:27:51:495 148576 149216 1
19-07-2017-16:27:51:534 149216 149856 1
19-07-2017-16:27:51:581 149856 150496 1
19-07-2017-16:27:51:621 150496 151136 1
19-07-2017-16:27:51:651 151136 151776 1
19-07-2017-16:27:51:692 151776 152416 1
19-07-2017-16:27:51:732 152416 153056 1
19-07-2017-16:27:51:773 153056 153696 1
19-07-2017-16:27:51:817 153696 154336 1
19-07-2017-16:27:51:860 154336 154976 1
19-07-2017-16:27:51:900 154976 155616 1
19-07-2017-16:27:51:929 155616 156256 1
19-07-2017-16:27:51:969 156256 156896 1
19-07-2017-16:27:52:009 156896 157536 1
19-07-2017-16:27:52:055 157536 158176 1
19-07-2017-16:27:52:096 158176 158816 1
19-07-2017-16:27:52:137 158816 159456 1
19-07-2017-16:27:52:179 159456 160096 1
19-07-2017-16:27:52:222 160096 160736 1
19-07-2017-16:27:52:254 160736 161376 1
19-07-2017-16:27:52:292 161376 162016 1
19-07-2017-16:27:52:339 162016 162656 1
19-07-2017-16:27:52:379 162656 163296 1
19-07-2017-16:27:52:418 163296 163936 1
19-07-2017-16:27:52:459 163936 164576 1
19-07-2017-16:27:52:488 164576 165216 1
19-07-2017-16:27:52:530 165216 165856 1
19-07-2017-16:27:52:569 165856 166496 1
19-07-2017-16:27:52:618 166496 167136 1
19-07-2017-16:27:52:658 167136 167776 1
19-07-2017-16:27:52:699 167776 168416 1
19-07-2017-16:27:52:744 168416 169056 1
19-07-2017-16:27:52:784 169056 169696 1
19-07-2017-16:27:52:813 169696 170336 1
19-07-2017-16:27:52:858 170336 170976 1
19-07-2017-16:27:52:894 170976 171616 1
19-07-2017-16:27:52:934 171616 172256 1
19-07-2017-16:27:52:981 172256 172896 1
19-07-2017-16:27:53:008 172896 173536 1
19-07-2017-16:27:53:050 173536 174176 1
19-07-2017-16:27:53:093 174176 174816 1
19-07-2017-16:27:53:132 174816 175456 1
19-07-2017-16:27:53:182 175456 176096 1
19-07-2017-16:27:53:218 176096 176736 1
19-07-2017-16:27:53:259 176736 177376 1
19-07-2017-16:27:53:299 177376 178016 1
19-07-2017-16:27:53:340 178016 178656 1
19-07-2017-16:27:53:369 178656 179296 1
19-07-2017-16:27:53:409 179296 179936 1
19-07-2017-16:27:53:457 179936 180576 1
19-07-2017-16:27:53:496 180576 181216 1
19-07-2017-16:27:53:537 181216 181856 1
19-07-2017-16:27:53:579 181856 182496 1
19-07-2017-16:27:53:624 182496 183136 1
19-07-2017-16:27:53:668 183136 183776 1
19-07-2017-16:27:53:694 183776 184416 1
19-07-2017-16:27:53:734 184416 185056 1
19-07-2017-16:27:53:775 185056 185696 1
19-07-2017-16:27:53:815 185696 186336 1
19-07-2017-16:27:53:856 186336 186976 1
19-07-2017-16:27:53:903 186976 187616 1
19-07-2017-16:27:53:929 187616 188256 1
19-07-2017-16:27:53:971 188256 188896 1
19-07-2017-16:27:54:014 188896 189536 1
19-07-2017-16:27:54:052 189536 190176 1
19-07-2017-16:27:54:098 190176 190816 1
19-07-2017-16:27:54:139 190816 191456 1
19-07-2017-16:27:54:175 191456 192096 1
19-07-2017-16:27:54:208 192096 192736 1
19-07-2017-16:27:54:248 192736 193376 1
19-07-2017-16:27:54:291 193376 194016 1
19-07-2017-16:27:54:338 194016 194656 1
19-07-2017-16:27:54:378 194656 195296 1
19-07-2017-16:27:54:688 195296 195936 1
19-07-2017-16:27:54:689 195936 196576 1
19-07-2017-16:27:54:689 196576 197216 1
19-07-2017-16:27:54:689 197216 197856 1
19-07-2017-16:27:54:690 197856 198496 1
19-07-2017-16:27:54:690 198496 199136 1
19-07-2017-16:27:54:690 199136 199776 1
19-07-2017-16:27:54:701 199776 200416 1
19-07-2017-16:27:54:729 200416 201056 1
19-07-2017-16:27:54:776 201056 201696 1
19-07-2017-16:27:54:812 201696 202336 1
19-07-2017-16:27:54:853 202336 202976 1
19-07-2017-16:27:54:909 202976 203616 1
19-07-2017-16:27:54:939 203616 204256 1
19-07-2017-16:27:54:979 204256 204896 1
19-07-2017-16:27:55:009 204896 205536 1
19-07-2017-16:27:55:049 205536 206176 1
19-07-2017-16:27:55:089 206176 206816 1
19-07-2017-16:27:55:137 206816 207456 1
19-07-2017-16:27:55:177 207456 208096 1
19-07-2017-16:27:55:221 208096 208736 1
19-07-2017-16:27:55:258 208736 209376 1
19-07-2017-16:27:55:302 209376 210016 1
19-07-2017-16:27:55:342 210016 210656 1
19-07-2017-16:27:55:369 210656 211296 1
19-07-2017-16:27:55:409 211296 211936 1
19-07-2017-16:27:55:450 211936 212576 1
19-07-2017-16:27:55:489 212576 213216 1
19-07-2017-16:27:55:530 213216 213856 1
19-07-2017-16:27:55:574 213856 214496 1
19-07-2017-16:27:55:615 214496 215136 1
19-07-2017-16:27:55:657 215136 215776 1
19-07-2017-16:27:55:697 215776 216416 1
19-07-2017-16:27:55:737 216416 217056 1
19-07-2017-16:27:55:786 217056 217696 1
19-07-2017-16:27:55:809 217696 218336 1
19-07-2017-16:27:55:856 218336 218976 1
19-07-2017-16:27:55:896 218976 219616 1
19-07-2017-16:27:55:937 219616 220256 1
19-07-2017-16:27:55:978 220256 220896 1
19-07-2017-16:27:56:018 220896 221536 1
19-07-2017-16:27:56:065 221536 222176 1
19-07-2017-16:27:56:089 222176 222816 1
19-07-2017-16:27:56:133 222816 223456 1
19-07-2017-16:27:56:174 223456 224096 1
19-07-2017-16:27:56:215 224096 224736 1
19-07-2017-16:27:56:255 224736 225376 1
19-07-2017-16:27:56:301 225376 226016 1
19-07-2017-16:27:56:343 226016 226656 1
19-07-2017-16:27:56:372 226656 227296 1
19-07-2017-16:27:56:411 227296 227936 1
19-07-2017-16:27:56:450 227936 228576 1
19-07-2017-16:27:56:492 228576 229216 1
19-07-2017-16:27:56:539 229216 229856 1
19-07-2017-16:27:56:579 229856 230496 1
19-07-2017-16:27:56:608 230496 231136 1
19-07-2017-16:27:56:650 231136 231776 1
19-07-2017-16:27:56:690 231776 232416 1
19-07-2017-16:27:56:735 232416 233056 1
19-07-2017-16:27:56:777 233056 233696 1
19-07-2017-16:27:56:816 233696 234336 1
19-07-2017-16:27:56:862 234336 234976 1
19-07-2017-16:27:56:890 234976 235616 1
19-07-2017-16:27:56:930 235616 236256 1
19-07-2017-16:27:56:973 236256 236896 1
19-07-2017-16:27:57:012 236896 237536 1
19-07-2017-16:27:57:055 237536 238176 1
19-07-2017-16:27:57:094 238176 238816 1
19-07-2017-16:27:57:141 238816 239456 1
19-07-2017-16:27:57:181 239456 240096 1
19-07-2017-16:27:57:210 240096 240736 1
19-07-2017-16:27:57:251 240736 241376 1
19-07-2017-16:27:57:292 241376 242016 1
19-07-2017-16:27:57:333 242016 242656 1
19-07-2017-16:27:57:374 242656 243296 1
19-07-2017-16:27:57:421 243296 243936 1
19-07-2017-16:27:57:462 243936 244576 1
19-07-2017-16:27:57:491 244576 245216 1
19-07-2017-16:27:57:530 245216 245856 1
19-07-2017-16:27:57:932 245856 246496 1
19-07-2017-16:27:57:935 246496 247136 1
19-07-2017-16:27:57:935 247136 247776 1
19-07-2017-16:27:57:935 247776 248416 1
19-07-2017-16:27:57:937 248416 249056 1
19-07-2017-16:27:57:937 249056 249696 1
19-07-2017-16:27:57:937 249696 250336 1
19-07-2017-16:27:57:937 250336 250976 1
19-07-2017-16:27:57:937 250976 251616 1
19-07-2017-16:27:57:937 251616 252256 1
19-07-2017-16:27:57:976 252256 252896 1
19-07-2017-16:27:58:018 252896 253536 1
19-07-2017-16:27:58:072 253536 254176 1
19-07-2017-16:27:58:105 254176 254816 1
19-07-2017-16:27:58:133 254816 255456 1
19-07-2017-16:27:58:175 255456 256096 1
19-07-2017-16:27:58:214 256096 256736 1
19-07-2017-16:27:58:259 256736 257376 1
19-07-2017-16:27:58:288 257376 258016 1
19-07-2017-16:27:58:330 258016 258656 1
19-07-2017-16:27:58:370 258656 259296 1
19-07-2017-16:27:58:415 259296 259936 1
19-07-2017-16:27:58:458 259936 260576 1
19-07-2017-16:27:58:498 260576 261216 1
19-07-2017-16:27:58:539 261216 261856 1
19-07-2017-16:27:58:580 261856 262496 1
19-07-2017-16:27:58:610 262496 263136 1
19-07-2017-16:27:58:653 263136 263776 1
19-07-2017-16:27:58:693 263776 264416 1
19-07-2017-16:27:58:734 264416 265056 1
19-07-2017-16:27:58:773 265056 265696 1
19-07-2017-16:27:58:814 265696 266336 1
19-07-2017-16:27:58:860 266336 266976 1
19-07-2017-16:27:58:901 266976 267616 1
19-07-2017-16:27:58:944 267616 268256 1
19-07-2017-16:27:58:973 268256 268896 1
19-07-2017-16:27:59:015 268896 269536 1
19-07-2017-16:27:59:052 269536 270176 1
19-07-2017-16:27:59:094 270176 270816 1
19-07-2017-16:27:59:140 270816 271456 1
19-07-2017-16:27:59:180 271456 272096 1
19-07-2017-16:27:59:212 272096 272736 1
19-07-2017-16:27:59:251 272736 273376 1
19-07-2017-16:27:59:292 273376 274016 1
19-07-2017-16:27:59:333 274016 274656 1
19-07-2017-16:27:59:379 274656 275296 1
19-07-2017-16:27:59:417 275296 275936 1
19-07-2017-16:27:59:459 275936 276576 1
19-07-2017-16:27:59:504 276576 277216 1
19-07-2017-16:27:59:545 277216 277856 1
19-07-2017-16:27:59:573 277856 278496 1
19-07-2017-16:27:59:614 278496 279136 1
19-07-2017-16:27:59:655 279136 279776 1
19-07-2017-16:27:59:695 279776 280416 1
19-07-2017-16:27:59:730 280416 281056 1
19-07-2017-16:27:59:772 281056 281696 1
19-07-2017-16:27:59:812 281696 282336 1
19-07-2017-16:27:59:859 282336 282976 1
19-07-2017-16:27:59:899 282976 283616 1
19-07-2017-16:27:59:938 283616 284256 1
19-07-2017-16:27:59:979 284256 284896 1
19-07-2017-16:28:00:025 284896 285536 1
19-07-2017-16:28:00:049 285536 286176 1
19-07-2017-16:28:00:093 286176 286816 1
19-07-2017-16:28:00:134 286816 287456 1
19-07-2017-16:28:00:174 287456 288096 1
19-07-2017-16:28:00:212 288096 288736 1
19-07-2017-16:28:00:259 288736 289376 1
19-07-2017-16:28:00:300 289376 290016 1
19-07-2017-16:28:00:329 290016 290656 1
19-07-2017-16:28:00:369 290656 291296 1
19-07-2017-16:28:00:409 291296 291936 1
19-07-2017-16:28:00:455 291936 292576 1
19-07-2017-16:28:00:497 292576 293216 1
19-07-2017-16:28:00:538 293216 293856 1
19-07-2017-16:28:00:579 293856 294496 1
19-07-2017-16:28:00:620 294496 295136 1
19-07-2017-16:28:00:660 295136 295776 1
19-07-2017-16:28:00:692 295776 296416 1
19-07-2017-16:28:00:871 296416 297056 1
19-07-2017-16:28:00:873 297056 297696 1
19-07-2017-16:28:00:873 297696 298336 1
19-07-2017-16:28:00:873 298336 298976 1
19-07-2017-16:28:00:901 298976 299616 1
19-07-2017-16:28:00:941 299616 300256 1
19-07-2017-16:28:00:970 300256 300896 1
19-07-2017-16:28:01:011 300896 301536 1
19-07-2017-16:28:01:052 301536 302176 1
19-07-2017-16:28:01:092 302176 302816 1
19-07-2017-16:28:01:137 302816 303456 1
19-07-2017-16:28:01:177 303456 304096 1
19-07-2017-16:28:01:218 304096 304736 1
19-07-2017-16:28:01:261 304736 305376 1
19-07-2017-16:28:01:299 305376 306016 1
19-07-2017-16:28:01:329 306016 306656 1
19-07-2017-16:28:01:369 306656 307296 1
19-07-2017-16:28:01:410 307296 307936 1
19-07-2017-16:28:01:459 307936 308576 1
19-07-2017-16:28:01:499 308576 309216 1
19-07-2017-16:28:01:538 309216 309856 1
19-07-2017-16:28:01:579 309856 310496 1
19-07-2017-16:28:01:609 310496 311136 1
19-07-2017-16:28:01:654 311136 311776 1
19-07-2017-16:28:01:695 311776 312416 1
19-07-2017-16:28:01:735 312416 313056 1
19-07-2017-16:28:01:775 313056 313696 1
19-07-2017-16:28:01:822 313696 314336 1
19-07-2017-16:28:01:861 314336 314976 1
19-07-2017-16:28:01:890 314976 315616 1
19-07-2017-16:28:01:931 315616 316256 1
19-07-2017-16:28:01:972 316256 316896 1
19-07-2017-16:28:02:012 316896 317536 1
19-07-2017-16:28:02:061 317536 318176 1
19-07-2017-16:28:02:099 318176 318816 1
19-07-2017-16:28:02:130 318816 319456 1
19-07-2017-16:28:02:169 319456 320096 1
19-07-2017-16:28:02:209 320096 320736 1
19-07-2017-16:28:02:255 320736 321376 1
19-07-2017-16:28:02:296 321376 322016 1
19-07-2017-16:28:02:338 322016 322656 1
19-07-2017-16:28:02:376 322656 323296 1
19-07-2017-16:28:02:422 323296 323936 1
19-07-2017-16:28:02:462 323936 324576 1
19-07-2017-16:28:02:490 324576 325216 1
19-07-2017-16:28:02:532 325216 325856 1
19-07-2017-16:28:02:573 325856 326496 1
19-07-2017-16:28:02:613 326496 327136 1
19-07-2017-16:28:02:661 327136 327776 1
19-07-2017-16:28:02:700 327776 328416 1
19-07-2017-16:28:02:743 328416 329056 1
19-07-2017-16:28:02:772 329056 329696 1
19-07-2017-16:28:02:814 329696 330336 1
19-07-2017-16:28:02:856 330336 330976 1
19-07-2017-16:28:02:894 330976 331616 1
19-07-2017-16:28:02:941 331616 332256 1
19-07-2017-16:28:02:970 332256 332896 1
19-07-2017-16:28:03:009 332896 333536 1
19-07-2017-16:28:03:051 333536 334176 1
19-07-2017-16:28:03:092 334176 334816 1
19-07-2017-16:28:03:131 334816 335456 1
19-07-2017-16:28:03:176 335456 336096 1
19-07-2017-16:28:03:223 336096 336736 1
19-07-2017-16:28:03:257 336736 337376 1
19-07-2017-16:28:03:299 337376 338016 1
19-07-2017-16:28:03:346 338016 338656 1
19-07-2017-16:28:03:369 338656 339296 1
19-07-2017-16:28:03:414 339296 339936 1
19-07-2017-16:28:03:454 339936 340576 1
19-07-2017-16:28:03:495 340576 341216 1
19-07-2017-16:28:03:540 341216 341856 1
19-07-2017-16:28:03:580 341856 342496 1
19-07-2017-16:28:03:609 342496 343136 1
19-07-2017-16:28:03:651 343136 343776 1
19-07-2017-16:28:03:692 343776 344416 1
19-07-2017-16:28:03:733 344416 345056 1
19-07-2017-16:28:03:778 345056 345696 1
19-07-2017-16:28:03:819 345696 346336 1
19-07-2017-16:28:03:860 346336 346976 1
19-07-2017-16:28:04:252 346976 347616 1
19-07-2017-16:28:04:254 347616 348256 1
19-07-2017-16:28:04:254 348256 348896 1
19-07-2017-16:28:04:254 348896 349536 1
19-07-2017-16:28:04:254 349536 350176 1
19-07-2017-16:28:04:254 350176 350816 1
19-07-2017-16:28:04:254 350816 351456 1
19-07-2017-16:28:04:254 351456 352096 1
19-07-2017-16:28:04:254 352096 352736 1
19-07-2017-16:28:04:254 352736 353376 1
19-07-2017-16:28:04:291 353376 354016 1
19-07-2017-16:28:04:332 354016 354656 1
19-07-2017-16:28:04:379 354656 355296 1
19-07-2017-16:28:04:422 355296 355936 1
19-07-2017-16:28:04:450 355936 356576 1
19-07-2017-16:28:04:495 356576 357216 1
19-07-2017-16:28:04:529 357216 357856 1
19-07-2017-16:28:04:573 357856 358496 1
19-07-2017-16:28:04:613 358496 359136 1
19-07-2017-16:28:04:654 359136 359776 1
19-07-2017-16:28:04:695 359776 360416 1
19-07-2017-16:28:04:732 360416 361056 1
19-07-2017-16:28:04:774 361056 361696 1
19-07-2017-16:28:04:820 361696 362336 1
19-07-2017-16:28:04:861 362336 362976 1
19-07-2017-16:28:04:889 362976 363616 1
19-07-2017-16:28:04:933 363616 364256 1
19-07-2017-16:28:04:971 364256 364896 1
19-07-2017-16:28:05:012 364896 365536 1
19-07-2017-16:28:05:059 365536 366176 1
19-07-2017-16:28:05:098 366176 366816 1
19-07-2017-16:28:05:138 366816 367456 1
19-07-2017-16:28:05:170 367456 368096 1
19-07-2017-16:28:05:209 368096 368736 1
19-07-2017-16:28:05:250 368736 369376 1
19-07-2017-16:28:05:291 369376 370016 1
19-07-2017-16:28:05:337 370016 370656 1
19-07-2017-16:28:05:378 370656 371296 1
19-07-2017-16:28:05:418 371296 371936 1
19-07-2017-16:28:05:449 371936 372576 1
19-07-2017-16:28:05:489 372576 373216 1
19-07-2017-16:28:05:531 373216 373856 1
19-07-2017-16:28:05:571 373856 374496 1
19-07-2017-16:28:05:618 374496 375136 1
19-07-2017-16:28:05:658 375136 375776 1
19-07-2017-16:28:05:699 375776 376416 1
19-07-2017-16:28:05:741 376416 377056 1
19-07-2017-16:28:05:769 377056 377696 1
19-07-2017-16:28:05:810 377696 378336 1
19-07-2017-16:28:05:851 378336 378976 1
19-07-2017-16:28:05:890 378976 379616 1
19-07-2017-16:28:05:932 379616 380256 1
19-07-2017-16:28:05:976 380256 380896 1
19-07-2017-16:28:06:017 380896 381536 1
19-07-2017-16:28:06:057 381536 382176 1
19-07-2017-16:28:06:097 382176 382816 1
19-07-2017-16:28:06:145 382816 383456 1
19-07-2017-16:28:06:169 383456 384096 1
19-07-2017-16:28:06:214 384096 384736 1
19-07-2017-16:28:06:254 384736 385376 1
19-07-2017-16:28:06:295 385376 386016 1
19-07-2017-16:28:06:336 386016 386656 1
19-07-2017-16:28:06:378 386656 387296 1
19-07-2017-16:28:06:424 387296 387936 1
19-07-2017-16:28:06:454 387936 388576 1
19-07-2017-16:28:06:492 388576 389216 1
19-07-2017-16:28:06:532 389216 389856 1
19-07-2017-16:28:06:575 389856 390496 1
19-07-2017-16:28:06:613 390496 391136 1
19-07-2017-16:28:06:653 391136 391776 1
19-07-2017-16:28:06:700 391776 392416 1
19-07-2017-16:28:06:742 392416 393056 1
19-07-2017-16:28:06:769 393056 393696 1
19-07-2017-16:28:06:808 393696 394336 1
19-07-2017-16:28:06:848 394336 394976 1
19-07-2017-16:28:06:891 394976 395616 1
19-07-2017-16:28:06:937 395616 396256 1
19-07-2017-16:28:06:981 396256 396896 1
19-07-2017-16:28:07:017 396896 397536 1
19-07-2017-16:28:07:349 397536 398176 1
19-07-2017-16:28:07:350 398176 398816 1
19-07-2017-16:28:07:350 398816 399456 1
19-07-2017-16:28:07:350 399456 400096 1
19-07-2017-16:28:07:350 400096 400736 1
19-07-2017-16:28:07:350 400736 401376 1
19-07-2017-16:28:07:350 401376 402016 1
19-07-2017-16:28:07:350 402016 402656 1
19-07-2017-16:28:07:378 402656 403296 1
19-07-2017-16:28:07:408 403296 403936 1
19-07-2017-16:28:07:461 403936 404576 1
19-07-2017-16:28:07:495 404576 405216 1
19-07-2017-16:28:07:537 405216 405856 1
19-07-2017-16:28:07:576 405856 406496 1
19-07-2017-16:28:07:621 406496 407136 1
19-07-2017-16:28:07:663 407136 407776 1
19-07-2017-16:28:07:691 407776 408416 1
19-07-2017-16:28:07:731 408416 409056 1
19-07-2017-16:28:07:772 409056 409696 1
19-07-2017-16:28:07:813 409696 410336 1
19-07-2017-16:28:07:859 410336 410976 1
19-07-2017-16:28:07:899 410976 411616 1
19-07-2017-16:28:07:928 411616 412256 1
19-07-2017-16:28:07:969 412256 412896 1
19-07-2017-16:28:08:013 412896 413536 1
19-07-2017-16:28:08:050 413536 414176 1
19-07-2017-16:28:08:097 414176 414816 1
19-07-2017-16:28:08:137 414816 415456 1
19-07-2017-16:28:08:178 415456 416096 1
19-07-2017-16:28:08:218 416096 416736 1
19-07-2017-16:28:08:264 416736 417376 1
19-07-2017-16:28:08:304 417376 418016 1
19-07-2017-16:28:08:332 418016 418656 1
19-07-2017-16:28:08:374 418656 419296 1
19-07-2017-16:28:08:415 419296 419936 1
19-07-2017-16:28:08:460 419936 420576 1
19-07-2017-16:28:08:501 420576 421216 1
19-07-2017-16:28:08:529 421216 421856 1
19-07-2017-16:28:08:571 421856 422496 1
19-07-2017-16:28:08:611 422496 423136 1
19-07-2017-16:28:08:653 423136 423776 1
19-07-2017-16:28:08:704 423776 424416 1
19-07-2017-16:28:08:732 424416 425056 1
19-07-2017-16:28:08:774 425056 425696 1
19-07-2017-16:28:08:814 425696 426336 1
19-07-2017-16:28:08:854 426336 426976 1
19-07-2017-16:28:08:893 426976 427616 1
19-07-2017-16:28:08:941 427616 428256 1
19-07-2017-16:28:08:981 428256 428896 1
19-07-2017-16:28:09:010 428896 429536 1
19-07-2017-16:28:09:052 429536 430176 1
19-07-2017-16:28:09:094 430176 430816 1
19-07-2017-16:28:09:132 430816 431456 1
19-07-2017-16:28:09:174 431456 432096 1
19-07-2017-16:28:09:219 432096 432736 1
19-07-2017-16:28:09:260 432736 433376 1
19-07-2017-16:28:09:288 433376 434016 1
19-07-2017-16:28:09:329 434016 434656 1
19-07-2017-16:28:09:369 434656 435296 1
19-07-2017-16:28:09:411 435296 435936 1
19-07-2017-16:28:09:458 435936 436576 1
19-07-2017-16:28:09:499 436576 437216 1
19-07-2017-16:28:09:537 437216 437856 1
19-07-2017-16:28:09:578 437856 438496 1
19-07-2017-16:28:09:625 438496 439136 1
19-07-2017-16:28:09:648 439136 439776 1
19-07-2017-16:28:09:695 439776 440416 1
19-07-2017-16:28:09:735 440416 441056 1
19-07-2017-16:28:09:777 441056 441696 1
19-07-2017-16:28:09:816 441696 442336 1
19-07-2017-16:28:09:862 442336 442976 1
19-07-2017-16:28:09:901 442976 443616 1
19-07-2017-16:28:09:930 443616 444256 1
19-07-2017-16:28:09:972 444256 444896 1
19-07-2017-16:28:10:016 444896 445536 1
19-07-2017-16:28:10:053 445536 446176 1
19-07-2017-16:28:10:096 446176 446816 1
19-07-2017-16:28:10:142 446816 447456 1
19-07-2017-16:28:10:170 447456 448096 1
19-07-2017-16:28:10:337 448096 448736 1
19-07-2017-16:28:10:338 448736 449376 1
19-07-2017-16:28:10:338 449376 450016 1
19-07-2017-16:28:10:338 450016 450656 1
19-07-2017-16:28:10:373 450656 451296 1
19-07-2017-16:28:10:419 451296 451936 1
19-07-2017-16:28:10:459 451936 452576 1
19-07-2017-16:28:10:499 452576 453216 1
19-07-2017-16:28:10:527 453216 453856 1
19-07-2017-16:28:10:568 453856 454496 1
19-07-2017-16:28:10:615 454496 455136 1
19-07-2017-16:28:10:654 455136 455776 1
19-07-2017-16:28:10:696 455776 456416 1
19-07-2017-16:28:10:737 456416 457056 1
19-07-2017-16:28:10:782 457056 457696 1
19-07-2017-16:28:10:810 457696 458336 1
19-07-2017-16:28:10:851 458336 458976 1
19-07-2017-16:28:10:892 458976 459616 1
19-07-2017-16:28:10:931 459616 460256 1
19-07-2017-16:28:10:978 460256 460896 1
19-07-2017-16:28:11:021 460896 461536 1
19-07-2017-16:28:11:063 461536 462176 1
19-07-2017-16:28:11:098 462176 462816 1
19-07-2017-16:28:11:145 462816 463456 1
19-07-2017-16:28:11:169 463456 464096 1
19-07-2017-16:28:11:214 464096 464736 1
19-07-2017-16:28:11:254 464736 465376 1
19-07-2017-16:28:11:296 465376 466016 1
19-07-2017-16:28:11:337 466016 466656 1
19-07-2017-16:28:11:377 466656 467296 1
19-07-2017-16:28:11:424 467296 467936 1
19-07-2017-16:28:11:447 467936 468576 1
19-07-2017-16:28:11:495 468576 469216 1
19-07-2017-16:28:11:536 469216 469856 1
19-07-2017-16:28:11:577 469856 470496 1
19-07-2017-16:28:11:617 470496 471136 1
19-07-2017-16:28:11:657 471136 471776 1
19-07-2017-16:28:11:705 471776 472416 1
19-07-2017-16:28:11:730 472416 473056 1
19-07-2017-16:28:11:772 473056 473696 1
19-07-2017-16:28:11:813 473696 474336 1
19-07-2017-16:28:11:852 474336 474976 1
19-07-2017-16:28:11:894 474976 475616 1
19-07-2017-16:28:11:941 475616 476256 1
19-07-2017-16:28:11:970 476256 476896 1
19-07-2017-16:28:12:013 476896 477536 1
19-07-2017-16:28:12:050 477536 478176 1
19-07-2017-16:28:12:092 478176 478816 1
19-07-2017-16:28:12:137 478816 479456 1
19-07-2017-16:28:12:178 479456 480096 1
19-07-2017-16:28:12:218 480096 480736 1
19-07-2017-16:28:12:256 480736 481376 1
19-07-2017-16:28:12:296 481376 482016 1
19-07-2017-16:28:12:343 482016 482656 1
19-07-2017-16:28:12:384 482656 483296 1
19-07-2017-16:28:12:420 483296 483936 1
19-07-2017-16:28:12:447 483936 484576 1
19-07-2017-16:28:12:489 484576 485216 1
19-07-2017-16:28:12:530 485216 485856 1
19-07-2017-16:28:12:571 485856 486496 1
19-07-2017-16:28:12:611 486496 487136 1
19-07-2017-16:28:12:661 487136 487776 1
19-07-2017-16:28:12:698 487776 488416 1
19-07-2017-16:28:12:728 488416 489056 1
19-07-2017-16:28:12:768 489056 489696 1
19-07-2017-16:28:12:810 489696 490336 1
19-07-2017-16:28:12:850 490336 490976 1
19-07-2017-16:28:12:891 490976 491616 1
19-07-2017-16:28:12:937 491616 492256 1
19-07-2017-16:28:12:979 492256 492896 1
19-07-2017-16:28:13:008 492896 493536 1
19-07-2017-16:28:13:049 493536 494176 1
19-07-2017-16:28:13:091 494176 494816 1
19-07-2017-16:28:13:131 494816 495456 1
19-07-2017-16:28:13:171 495456 496096 1
19-07-2017-16:28:13:219 496096 496736 1
19-07-2017-16:28:13:251 496736 497376 1
19-07-2017-16:28:13:291 497376 498016 1
19-07-2017-16:28:13:333 498016 498656 1
19-07-2017-16:28:13:373 498656 499296 1
19-07-2017-16:28:13:421 499296 499936 1
19-07-2017-16:28:13:460 499936 500576 1
19-07-2017-16:28:13:490 500576 501216 1
19-07-2017-16:28:13:532 501216 501856 1
19-07-2017-16:28:13:572 501856 502496 1
19-07-2017-16:28:13:614 502496 503136 1
19-07-2017-16:28:13:660 503136 503776 1
19-07-2017-16:28:13:698 503776 504416 1
19-07-2017-16:28:13:738 504416 505056 1
19-07-2017-16:28:13:778 505056 505696 1
19-07-2017-16:28:13:824 505696 506336 1
19-07-2017-16:28:13:847 506336 506976 1
19-07-2017-16:28:14:035 506976 507616 1
19-07-2017-16:28:14:037 507616 508256 1
19-07-2017-16:28:14:037 508256 508896 1
19-07-2017-16:28:14:037 508896 509536 1
19-07-2017-16:28:14:056 509536 510176 1
19-07-2017-16:28:14:095 510176 510816 1
19-07-2017-16:28:14:141 510816 511456 1
19-07-2017-16:28:14:169 511456 512096 1
19-07-2017-16:28:14:210 512096 512736 1
19-07-2017-16:28:14:250 512736 513376 1
19-07-2017-16:28:14:290 513376 514016 1
19-07-2017-16:28:14:330 514016 514656 1
19-07-2017-16:28:14:376 514656 515296 1
19-07-2017-16:28:14:416 515296 515936 1
19-07-2017-16:28:14:459 515936 516576 1
19-07-2017-16:28:14:498 516576 517216 1
19-07-2017-16:28:14:533 517216 517856 1
19-07-2017-16:28:14:568 517856 518496 1
19-07-2017-16:28:14:615 518496 519136 1
19-07-2017-16:28:14:657 519136 519776 1
19-07-2017-16:28:14:696 519776 520416 1
19-07-2017-16:28:14:739 520416 521056 1
19-07-2017-16:28:14:769 521056 521696 1
19-07-2017-16:28:14:809 521696 522336 1
19-07-2017-16:28:14:850 522336 522976 1
19-07-2017-16:28:14:890 522976 523616 1
19-07-2017-16:28:14:930 523616 524256 1
19-07-2017-16:28:14:975 524256 524896 1
19-07-2017-16:28:15:017 524896 525536 1
19-07-2017-16:28:15:065 525536 526176 1
19-07-2017-16:28:15:098 526176 526816 1
19-07-2017-16:28:15:127 526816 527456 1
19-07-2017-16:28:15:169 527456 528096 1
19-07-2017-16:28:15:215 528096 528736 1
19-07-2017-16:28:15:256 528736 529376 1
19-07-2017-16:28:15:296 529376 530016 1
19-07-2017-16:28:15:338 530016 530656 1
19-07-2017-16:28:15:378 530656 531296 1
19-07-2017-16:28:15:408 531296 531936 1
19-07-2017-16:28:15:456 531936 532576 1
19-07-2017-16:28:15:494 532576 533216 1
19-07-2017-16:28:15:536 533216 533856 1
19-07-2017-16:28:15:576 533856 534496 1
19-07-2017-16:28:15:616 534496 535136 1
19-07-2017-16:28:15:662 535136 535776 1
19-07-2017-16:28:15:692 535776 536416 1
19-07-2017-16:28:15:730 536416 537056 1
19-07-2017-16:28:15:769 537056 537696 1
19-07-2017-16:28:15:809 537696 538336 1
19-07-2017-16:28:15:849 538336 538976 1
19-07-2017-16:28:15:895 538976 539616 1
19-07-2017-16:28:15:937 539616 540256 1
19-07-2017-16:28:15:977 540256 540896 1
19-07-2017-16:28:16:016 540896 541536 1
19-07-2017-16:28:16:057 541536 542176 1
19-07-2017-16:28:16:103 542176 542816 1
19-07-2017-16:28:16:126 542816 543456 1
19-07-2017-16:28:16:174 543456 544096 1
19-07-2017-16:28:16:213 544096 544736 1
19-07-2017-16:28:16:258 544736 545376 1
19-07-2017-16:28:16:298 545376 546016 1
19-07-2017-16:28:16:338 546016 546656 1
19-07-2017-16:28:16:378 546656 547296 1
19-07-2017-16:28:16:407 547296 547936 1
19-07-2017-16:28:16:449 547936 548576 1
19-07-2017-16:28:16:495 548576 549216 1
19-07-2017-16:28:16:536 549216 549856 1
19-07-2017-16:28:16:574 549856 550496 1
19-07-2017-16:28:16:616 550496 551136 1
19-07-2017-16:28:16:662 551136 551776 1
19-07-2017-16:28:16:704 551776 552416 1
19-07-2017-16:28:16:731 552416 553056 1
19-07-2017-16:28:16:772 553056 553696 1
19-07-2017-16:28:16:812 553696 554336 1
19-07-2017-16:28:16:853 554336 554976 1
19-07-2017-16:28:16:900 554976 555616 1
19-07-2017-16:28:16:929 555616 556256 1
19-07-2017-16:28:16:968 556256 556896 1
19-07-2017-16:28:17:010 556896 557536 1
19-07-2017-16:28:17:271 557536 558176 1
19-07-2017-16:28:17:275 558176 558816 1
19-07-2017-16:28:17:275 558816 559456 1
19-07-2017-16:28:17:275 559456 560096 1
19-07-2017-16:28:17:275 560096 560736 1
19-07-2017-16:28:17:275 560736 561376 1
19-07-2017-16:28:17:288 561376 562016 1
19-07-2017-16:28:17:336 562016 562656 1
19-07-2017-16:28:17:375 562656 563296 1
19-07-2017-16:28:17:417 563296 563936 1
19-07-2017-16:28:17:461 563936 564576 1
19-07-2017-16:28:17:498 564576 565216 1
19-07-2017-16:28:17:527 565216 565856 1
19-07-2017-16:28:17:569 565856 566496 1
19-07-2017-16:28:17:614 566496 567136 1
19-07-2017-16:28:17:654 567136 567776 1
19-07-2017-16:28:17:694 567776 568416 1
19-07-2017-16:28:17:741 568416 569056 1
19-07-2017-16:28:17:770 569056 569696 1
19-07-2017-16:28:17:810 569696 570336 1
19-07-2017-16:28:17:851 570336 570976 1
19-07-2017-16:28:17:897 570976 571616 1
19-07-2017-16:28:17:938 571616 572256 1
19-07-2017-16:28:17:980 572256 572896 1
19-07-2017-16:28:18:009 572896 573536 1
19-07-2017-16:28:18:047 573536 574176 1
19-07-2017-16:28:18:090 574176 574816 1
19-07-2017-16:28:18:135 574816 575456 1
19-07-2017-16:28:18:175 575456 576096 1
19-07-2017-16:28:18:216 576096 576736 1
19-07-2017-16:28:18:258 576736 577376 1
19-07-2017-16:28:18:298 577376 578016 1
19-07-2017-16:28:18:327 578016 578656 1
19-07-2017-16:28:18:367 578656 579296 1
19-07-2017-16:28:18:417 579296 579936 1
19-07-2017-16:28:18:456 579936 580576 1
19-07-2017-16:28:18:495 580576 581216 1
19-07-2017-16:28:18:536 581216 581856 1
19-07-2017-16:28:18:580 581856 582496 1
19-07-2017-16:28:18:620 582496 583136 1
19-07-2017-16:28:18:647 583136 583776 1
19-07-2017-16:28:18:689 583776 584416 1
19-07-2017-16:28:18:729 584416 585056 1
19-07-2017-16:28:18:771 585056 585696 1
19-07-2017-16:28:18:810 585696 586336 1
19-07-2017-16:28:18:858 586336 586976 1
19-07-2017-16:28:18:898 586976 587616 1
19-07-2017-16:28:18:938 587616 588256 1
19-07-2017-16:28:18:976 588256 588896 1
19-07-2017-16:28:19:023 588896 589536 1
19-07-2017-16:28:19:050 589536 590176 1
19-07-2017-16:28:19:094 590176 590816 1
19-07-2017-16:28:19:135 590816 591456 1
19-07-2017-16:28:19:177 591456 592096 1
19-07-2017-16:28:19:218 592096 592736 1
19-07-2017-16:28:19:256 592736 593376 1
19-07-2017-16:28:19:296 593376 594016 1
19-07-2017-16:28:19:336 594016 594656 1
19-07-2017-16:28:19:382 594656 595296 1
19-07-2017-16:28:19:423 595296 595936 1
19-07-2017-16:28:19:451 595936 596576 1
19-07-2017-16:28:19:492 596576 597216 1
19-07-2017-16:28:19:533 597216 597856 1
19-07-2017-16:28:19:574 597856 598496 1
19-07-2017-16:28:19:613 598496 599136 1
19-07-2017-16:28:19:661 599136 599776 1
19-07-2017-16:28:19:701 599776 600416 1
19-07-2017-16:28:19:731 600416 601056 1
19-07-2017-16:28:19:771 601056 601696 1
19-07-2017-16:28:19:813 601696 602336 1
19-07-2017-16:28:19:854 602336 602976 1
19-07-2017-16:28:19:894 602976 603616 1
19-07-2017-16:28:19:940 603616 604256 1
19-07-2017-16:28:19:972 604256 604896 1
19-07-2017-16:28:20:009 604896 605536 1
19-07-2017-16:28:20:049 605536 606176 1
19-07-2017-16:28:20:090 606176 606816 1
19-07-2017-16:28:20:128 606816 607456 1
19-07-2017-16:28:20:174 607456 608096 1
19-07-2017-16:28:20:480 608096 608736 1
19-07-2017-16:28:20:482 608736 609376 1
19-07-2017-16:28:20:482 609376 610016 1
19-07-2017-16:28:20:482 610016 610656 1
19-07-2017-16:28:20:482 610656 611296 1
19-07-2017-16:28:20:482 611296 611936 1
19-07-2017-16:28:20:482 611936 612576 1
19-07-2017-16:28:20:491 612576 613216 1
19-07-2017-16:28:20:531 613216 613856 1
19-07-2017-16:28:20:572 613856 614496 1
19-07-2017-16:28:20:619 614496 615136 1
19-07-2017-16:28:20:650 615136 615776 1
19-07-2017-16:28:20:689 615776 616416 1
19-07-2017-16:28:20:729 616416 617056 1
19-07-2017-16:28:20:778 617056 617696 1
19-07-2017-16:28:20:807 617696 618336 1
19-07-2017-16:28:20:850 618336 618976 1
19-07-2017-16:28:20:890 618976 619616 1
19-07-2017-16:28:20:934 619616 620256 1
19-07-2017-16:28:20:975 620256 620896 1
19-07-2017-16:28:21:015 620896 621536 1
19-07-2017-16:28:21:054 621536 622176 1
19-07-2017-16:28:21:098 622176 622816 1
19-07-2017-16:28:21:161 622816 623456 1
19-07-2017-16:28:21:169 623456 624096 1
19-07-2017-16:28:21:209 624096 624736 1
19-07-2017-16:28:21:250 624736 625376 1
19-07-2017-16:28:21:290 625376 626016 1
19-07-2017-16:28:21:331 626016 626656 1
19-07-2017-16:28:21:379 626656 627296 1
19-07-2017-16:28:21:418 627296 627936 1
19-07-2017-16:28:21:448 627936 628576 1
19-07-2017-16:28:21:490 628576 629216 1
19-07-2017-16:28:21:530 629216 629856 1
19-07-2017-16:28:21:569 629856 630496 1
19-07-2017-16:28:21:611 630496 631136 1
19-07-2017-16:28:21:658 631136 631776 1
19-07-2017-16:28:21:698 631776 632416 1
19-07-2017-16:28:21:727 632416 633056 1
19-07-2017-16:28:21:768 633056 633696 1
19-07-2017-16:28:21:809 633696 634336 1
19-07-2017-16:28:21:850 634336 634976 1
19-07-2017-16:28:21:892 634976 635616 1
19-07-2017-16:28:21:938 635616 636256 1
19-07-2017-16:28:21:978 636256 636896 1
19-07-2017-16:28:22:019 636896 637536 1
19-07-2017-16:28:22:049 637536 638176 1
19-07-2017-16:28:22:088 638176 638816 1
19-07-2017-16:28:22:129 638816 639456 1
19-07-2017-16:28:22:182 639456 640096 1
19-07-2017-16:28:22:216 640096 640736 1
19-07-2017-16:28:22:255 640736 641376 1
19-07-2017-16:28:22:295 641376 642016 1
19-07-2017-16:28:22:335 642016 642656 1
19-07-2017-16:28:22:378 642656 643296 1
19-07-2017-16:28:22:423 643296 643936 1
19-07-2017-16:28:22:451 643936 644576 1
19-07-2017-16:28:22:494 644576 645216 1
19-07-2017-16:28:22:539 645216 645856 1
19-07-2017-16:28:22:571 645856 646496 1
19-07-2017-16:28:22:612 646496 647136 1
19-07-2017-16:28:22:659 647136 647776 1
19-07-2017-16:28:22:700 647776 648416 1
19-07-2017-16:28:22:729 648416 649056 1
19-07-2017-16:28:22:769 649056 649696 1
19-07-2017-16:28:22:811 649696 650336 1
19-07-2017-16:28:22:851 650336 650976 1
19-07-2017-16:28:22:897 650976 651616 1
19-07-2017-16:28:22:938 651616 652256 1
19-07-2017-16:28:22:980 652256 652896 1
19-07-2017-16:28:23:007 652896 653536 1
19-07-2017-16:28:23:047 653536 654176 1
19-07-2017-16:28:23:088 654176 654816 1
19-07-2017-16:28:23:134 654816 655456 1
19-07-2017-16:28:23:176 655456 656096 1
19-07-2017-16:28:23:215 656096 656736 1
19-07-2017-16:28:23:258 656736 657376 1
19-07-2017-16:28:23:305 657376 658016 1
19-07-2017-16:28:23:344 658016 658656 1
19-07-2017-16:28:23:372 658656 659296 1
19-07-2017-16:28:23:414 659296 659936 1
19-07-2017-16:28:23:454 659936 660576 1
19-07-2017-16:28:23:499 660576 661216 1
19-07-2017-16:28:23:540 661216 661856 1
19-07-2017-16:28:23:570 661856 662496 1
19-07-2017-16:28:23:608 662496 663136 1
19-07-2017-16:28:23:650 663136 663776 1
19-07-2017-16:28:23:690 663776 664416 1
19-07-2017-16:28:23:735 664416 665056 1
19-07-2017-16:28:23:773 665056 665696 1
19-07-2017-16:28:23:820 665696 666336 1
19-07-2017-16:28:23:851 666336 666976 1
19-07-2017-16:28:23:892 666976 667616 1
19-07-2017-16:28:23:932 667616 668256 1
19-07-2017-16:28:23:972 668256 668896 1
19-07-2017-16:28:24:020 668896 669536 1
19-07-2017-16:28:24:049 669536 670176 1
19-07-2017-16:28:24:089 670176 670816 1
19-07-2017-16:28:24:130 670816 671456 1
19-07-2017-16:28:24:171 671456 672096 1
19-07-2017-16:28:24:217 672096 672736 1
19-07-2017-16:28:24:258 672736 673376 1
19-07-2017-16:28:24:304 673376 674016 1
19-07-2017-16:28:24:337 674016 674656 1
19-07-2017-16:28:24:383 674656 675296 1
19-07-2017-16:28:24:410 675296 675936 1
19-07-2017-16:28:24:455 675936 676576 1
19-07-2017-16:28:24:569 676576 677216 1
19-07-2017-16:28:24:570 677216 677856 1
19-07-2017-16:28:24:575 677856 678496 1
19-07-2017-16:28:24:621 678496 679136 1
19-07-2017-16:28:24:652 679136 679776 1
19-07-2017-16:28:24:693 679776 680416 1
19-07-2017-16:28:24:731 680416 681056 1
19-07-2017-16:28:24:772 681056 681696 1
19-07-2017-16:28:24:818 681696 682336 1
19-07-2017-16:28:24:859 682336 682976 1
19-07-2017-16:28:24:887 682976 683616 1
19-07-2017-16:28:24:929 683616 684256 1
19-07-2017-16:28:24:970 684256 684896 1
19-07-2017-16:28:25:016 684896 685536 1
19-07-2017-16:28:25:058 685536 686176 1
19-07-2017-16:28:25:096 686176 686816 1
19-07-2017-16:28:25:135 686816 687456 1
19-07-2017-16:28:25:184 687456 688096 1
19-07-2017-16:28:25:223 688096 688736 1
19-07-2017-16:28:25:251 688736 689376 1
19-07-2017-16:28:25:293 689376 690016 1
19-07-2017-16:28:25:333 690016 690656 1
19-07-2017-16:28:25:373 690656 691296 1
19-07-2017-16:28:25:408 691296 691936 1
19-07-2017-16:28:25:448 691936 692576 1
19-07-2017-16:28:25:493 692576 693216 1
19-07-2017-16:28:25:535 693216 693856 1
19-07-2017-16:28:25:576 693856 694496 1
19-07-2017-16:28:25:621 694496 695136 1
19-07-2017-16:28:25:662 695136 695776 1
19-07-2017-16:28:25:691 695776 696416 1
19-07-2017-16:28:25:731 696416 697056 1
19-07-2017-16:28:25:773 697056 697696 1
19-07-2017-16:28:25:813 697696 698336 1
19-07-2017-16:28:25:859 698336 698976 1
19-07-2017-16:28:25:899 698976 699616 1
19-07-2017-16:28:25:928 699616 700256 1
19-07-2017-16:28:25:969 700256 700896 1
19-07-2017-16:28:26:010 700896 701536 1
19-07-2017-16:28:26:052 701536 702176 1
19-07-2017-16:28:26:098 702176 702816 1
19-07-2017-16:28:26:138 702816 703456 1
19-07-2017-16:28:26:179 703456 704096 1
19-07-2017-16:28:26:208 704096 704736 1
19-07-2017-16:28:26:250 704736 705376 1
19-07-2017-16:28:26:289 705376 706016 1
19-07-2017-16:28:26:335 706016 706656 1
19-07-2017-16:28:26:374 706656 707296 1
19-07-2017-16:28:26:413 707296 707936 1
19-07-2017-16:28:26:455 707936 708576 1
19-07-2017-16:28:26:500 708576 709216 1
19-07-2017-16:28:26:542 709216 709856 1
19-07-2017-16:28:26:569 709856 710496 1
19-07-2017-16:28:26:608 710496 711136 1
19-07-2017-16:28:26:651 711136 711776 1
19-07-2017-16:28:26:691 711776 712416 1
19-07-2017-16:28:26:737 712416 713056 1
19-07-2017-16:28:26:781 713056 713696 1
19-07-2017-16:28:26:812 713696 714336 1
19-07-2017-16:28:26:852 714336 714976 1
19-07-2017-16:28:26:893 714976 715616 1
19-07-2017-16:28:26:932 715616 716256 1
19-07-2017-16:28:26:975 716256 716896 1
19-07-2017-16:28:27:019 716896 717536 1
19-07-2017-16:28:27:050 717536 718176 1
19-07-2017-16:28:27:090 718176 718816 1
19-07-2017-16:28:27:130 718816 719456 1
19-07-2017-16:28:27:172 719456 720096 1
19-07-2017-16:28:27:211 720096 720736 1
19-07-2017-16:28:27:257 720736 721376 1
19-07-2017-16:28:27:296 721376 722016 1
19-07-2017-16:28:27:337 722016 722656 1
19-07-2017-16:28:27:379 722656 723296 1
19-07-2017-16:28:27:407 723296 723936 1
19-07-2017-16:28:27:447 723936 724576 1
19-07-2017-16:28:27:494 724576 725216 1
19-07-2017-16:28:27:536 725216 725856 1
19-07-2017-16:28:27:576 725856 726496 1
19-07-2017-16:28:27:617 726496 727136 1
19-07-2017-16:28:27:875 727136 727776 1
19-07-2017-16:28:27:877 727776 728416 1
19-07-2017-16:28:27:877 728416 729056 1
19-07-2017-16:28:27:877 729056 729696 1
19-07-2017-16:28:27:877 729696 730336 1
19-07-2017-16:28:27:877 730336 730976 1
19-07-2017-16:28:27:896 730976 731616 1
19-07-2017-16:28:27:943 731616 732256 1
19-07-2017-16:28:27:984 732256 732896 1
19-07-2017-16:28:28:011 732896 733536 1
19-07-2017-16:28:28:052 733536 734176 1
19-07-2017-16:28:28:098 734176 734816 1
19-07-2017-16:28:28:133 734816 735456 1
19-07-2017-16:28:28:179 735456 736096 1
19-07-2017-16:28:28:221 736096 736736 1
19-07-2017-16:28:28:256 736736 737376 1
19-07-2017-16:28:28:297 737376 738016 1
19-07-2017-16:28:28:344 738016 738656 1
19-07-2017-16:28:28:368 738656 739296 1
19-07-2017-16:28:28:413 739296 739936 1
19-07-2017-16:28:28:454 739936 740576 1
19-07-2017-16:28:28:494 740576 741216 1
19-07-2017-16:28:28:535 741216 741856 1
19-07-2017-16:28:28:582 741856 742496 1
19-07-2017-16:28:28:623 742496 743136 1
19-07-2017-16:28:28:651 743136 743776 1
19-07-2017-16:28:28:691 743776 744416 1
19-07-2017-16:28:28:731 744416 745056 1
19-07-2017-16:28:28:772 745056 745696 1
19-07-2017-16:28:28:815 745696 746336 1
19-07-2017-16:28:28:855 746336 746976 1
19-07-2017-16:28:28:902 746976 747616 1
19-07-2017-16:28:28:937 747616 748256 1
19-07-2017-16:28:28:977 748256 748896 1
19-07-2017-16:28:29:023 748896 749536 1
19-07-2017-16:28:29:052 749536 750176 1
19-07-2017-16:28:29:093 750176 750816 1
19-07-2017-16:28:29:134 750816 751456 1
19-07-2017-16:28:29:176 751456 752096 1
19-07-2017-16:28:29:217 752096 752736 1
19-07-2017-16:28:29:258 752736 753376 1
19-07-2017-16:28:29:304 753376 754016 1
19-07-2017-16:28:29:326 754016 754656 1
19-07-2017-16:28:29:373 754656 755296 1
19-07-2017-16:28:29:414 755296 755936 1
19-07-2017-16:28:29:452 755936 756576 1
19-07-2017-16:28:29:493 756576 757216 1
19-07-2017-16:28:29:538 757216 757856 1
19-07-2017-16:28:29:579 757856 758496 1
19-07-2017-16:28:29:618 758496 759136 1
19-07-2017-16:28:29:647 759136 759776 1
19-07-2017-16:28:29:688 759776 760416 1
19-07-2017-16:28:29:730 760416 761056 1
19-07-2017-16:28:29:768 761056 761696 1
19-07-2017-16:28:29:826 761696 762336 1
19-07-2017-16:28:29:857 762336 762976 1
19-07-2017-16:28:29:896 762976 763616 1
19-07-2017-16:28:29:937 763616 764256 1
19-07-2017-16:28:29:983 764256 764896 1
19-07-2017-16:28:30:024 764896 765536 1
19-07-2017-16:28:30:053 765536 766176 1
19-07-2017-16:28:30:094 766176 766816 1
19-07-2017-16:28:30:132 766816 767456 1
19-07-2017-16:28:30:172 767456 768096 1
19-07-2017-16:28:30:220 768096 768736 1
19-07-2017-16:28:30:259 768736 769376 1
19-07-2017-16:28:30:289 769376 770016 1
19-07-2017-16:28:30:331 770016 770656 1
19-07-2017-16:28:30:371 770656 771296 1
19-07-2017-16:28:30:413 771296 771936 1
19-07-2017-16:28:30:458 771936 772576 1
19-07-2017-16:28:30:498 772576 773216 1
19-07-2017-16:28:30:527 773216 773856 1
19-07-2017-16:28:30:569 773856 774496 1
19-07-2017-16:28:30:609 774496 775136 1
19-07-2017-16:28:30:649 775136 775776 1
19-07-2017-16:28:30:689 775776 776416 1
19-07-2017-16:28:30:735 776416 777056 1
19-07-2017-16:28:30:776 777056 777696 1
19-07-2017-16:28:31:154 777696 778336 1
19-07-2017-16:28:31:155 778336 778976 1
19-07-2017-16:28:31:155 778976 779616 1
19-07-2017-16:28:31:156 779616 780256 1
19-07-2017-16:28:31:156 780256 780896 1
19-07-2017-16:28:31:156 780896 781536 1
19-07-2017-16:28:31:156 781536 782176 1
19-07-2017-16:28:31:156 782176 782816 1
19-07-2017-16:28:31:156 782816 783456 1
19-07-2017-16:28:31:183 783456 784096 1
19-07-2017-16:28:31:211 784096 784736 1
19-07-2017-16:28:31:247 784736 785376 1
19-07-2017-16:28:31:288 785376 786016 1
19-07-2017-16:28:31:333 786016 786656 1
19-07-2017-16:28:31:374 786656 787296 1
19-07-2017-16:28:31:415 787296 787936 1
19-07-2017-16:28:31:455 787936 788576 1
19-07-2017-16:28:31:496 788576 789216 1
19-07-2017-16:28:31:542 789216 789856 1
19-07-2017-16:28:31:571 789856 790496 1
19-07-2017-16:28:31:611 790496 791136 1
19-07-2017-16:28:31:653 791136 791776 1
19-07-2017-16:28:31:692 791776 792416 1
19-07-2017-16:28:31:740 792416 793056 1
19-07-2017-16:28:31:782 793056 793696 1
19-07-2017-16:28:31:809 793696 794336 1
19-07-2017-16:28:31:851 794336 794976 1
19-07-2017-16:28:31:891 794976 795616 1
19-07-2017-16:28:31:931 795616 796256 1
19-07-2017-16:28:31:973 796256 796896 1
19-07-2017-16:28:32:020 796896 797536 1
19-07-2017-16:28:32:061 797536 798176 1
19-07-2017-16:28:32:089 798176 798816 1
19-07-2017-16:28:32:129 798816 799456 1
19-07-2017-16:28:32:169 799456 800096 1
19-07-2017-16:28:32:210 800096 800736 1
19-07-2017-16:28:32:258 800736 801376 1
19-07-2017-16:28:32:298 801376 802016 1
19-07-2017-16:28:32:338 802016 802656 1
19-07-2017-16:28:32:369 802656 803296 1
19-07-2017-16:28:32:407 803296 803936 1
19-07-2017-16:28:32:449 803936 804576 1
19-07-2017-16:28:32:495 804576 805216 1
19-07-2017-16:28:32:535 805216 805856 1
19-07-2017-16:28:32:575 805856 806496 1
19-07-2017-16:28:32:614 806496 807136 1
19-07-2017-16:28:32:660 807136 807776 1
19-07-2017-16:28:32:701 807776 808416 1
19-07-2017-16:28:32:755 808416 809056 1
19-07-2017-16:28:32:772 809056 809696 1
19-07-2017-16:28:32:811 809696 810336 1
19-07-2017-16:28:32:852 810336 810976 1
19-07-2017-16:28:32:892 810976 811616 1
19-07-2017-16:28:32:951 811616 812256 1
19-07-2017-16:28:32:979 812256 812896 1
19-07-2017-16:28:33:010 812896 813536 1
19-07-2017-16:28:33:050 813536 814176 1
19-07-2017-16:28:33:088 814176 814816 1
19-07-2017-16:28:33:129 814816 815456 1
19-07-2017-16:28:33:176 815456 816096 1
19-07-2017-16:28:33:216 816096 816736 1
19-07-2017-16:28:33:256 816736 817376 1
19-07-2017-16:28:33:296 817376 818016 1
19-07-2017-16:28:33:343 818016 818656 1
19-07-2017-16:28:33:374 818656 819296 1
19-07-2017-16:28:33:413 819296 819936 1
19-07-2017-16:28:33:455 819936 820576 1
19-07-2017-16:28:33:496 820576 821216 1
19-07-2017-16:28:33:534 821216 821856 1
19-07-2017-16:28:33:579 821856 822496 1
19-07-2017-16:28:33:619 822496 823136 1
19-07-2017-16:28:33:648 823136 823776 1
19-07-2017-16:28:33:690 823776 824416 1
19-07-2017-16:28:33:731 824416 825056 1
19-07-2017-16:28:33:768 825056 825696 1
19-07-2017-16:28:33:809 825696 826336 1
19-07-2017-16:28:33:855 826336 826976 1
19-07-2017-16:28:33:898 826976 827616 1
19-07-2017-16:28:33:937 827616 828256 1
19-07-2017-16:28:33:978 828256 828896 1
19-07-2017-16:28:34:008 828896 829536 1
19-07-2017-16:28:34:047 829536 830176 1
19-07-2017-16:28:34:093 830176 830816 1
19-07-2017-16:28:34:133 830816 831456 1
19-07-2017-16:28:34:173 831456 832096 1
19-07-2017-16:28:34:214 832096 832736 1
19-07-2017-16:28:34:248 832736 833376 1
19-07-2017-16:28:34:289 833376 834016 1
19-07-2017-16:28:34:329 834016 834656 1
19-07-2017-16:28:34:375 834656 835296 1
19-07-2017-16:28:34:417 835296 835936 1
19-07-2017-16:28:34:456 835936 836576 1
19-07-2017-16:28:34:499 836576 837216 1
19-07-2017-16:28:34:530 837216 837856 1
19-07-2017-16:28:34:571 837856 838496 1
19-07-2017-16:28:34:615 838496 839136 1
19-07-2017-16:28:34:654 839136 839776 1
19-07-2017-16:28:34:695 839776 840416 1
19-07-2017-16:28:34:735 840416 841056 1
19-07-2017-16:28:34:782 841056 841696 1
19-07-2017-16:28:34:811 841696 842336 1
19-07-2017-16:28:34:851 842336 842976 1
19-07-2017-16:28:34:891 842976 843616 1
19-07-2017-16:28:34:932 843616 844256 1
19-07-2017-16:28:34:977 844256 844896 1
19-07-2017-16:28:35:019 844896 845536 1
19-07-2017-16:28:35:047 845536 846176 1
19-07-2017-16:28:35:089 846176 846816 1
19-07-2017-16:28:35:128 846816 847456 1
19-07-2017-16:28:35:168 847456 848096 1
19-07-2017-16:28:35:216 848096 848736 1
19-07-2017-16:28:35:256 848736 849376 1
19-07-2017-16:28:35:296 849376 850016 1
19-07-2017-16:28:35:337 850016 850656 1
19-07-2017-16:28:35:383 850656 851296 1
19-07-2017-16:28:35:406 851296 851936 1
19-07-2017-16:28:35:453 851936 852576 1
19-07-2017-16:28:35:494 852576 853216 1
19-07-2017-16:28:35:535 853216 853856 1
19-07-2017-16:28:35:574 853856 854496 1
19-07-2017-16:28:35:621 854496 855136 1
19-07-2017-16:28:35:650 855136 855776 1
19-07-2017-16:28:35:690 855776 856416 1
19-07-2017-16:28:35:730 856416 857056 1
19-07-2017-16:28:35:771 857056 857696 1
19-07-2017-16:28:35:812 857696 858336 1
19-07-2017-16:28:35:854 858336 858976 1
19-07-2017-16:28:36:152 858976 859616 1
19-07-2017-16:28:36:154 859616 860256 1
19-07-2017-16:28:36:154 860256 860896 1
19-07-2017-16:28:36:154 860896 861536 1
19-07-2017-16:28:36:154 861536 862176 1
19-07-2017-16:28:36:154 862176 862816 1
19-07-2017-16:28:36:154 862816 863456 1
19-07-2017-16:28:36:184 863456 864096 1
19-07-2017-16:28:36:222 864096 864736 1
19-07-2017-16:28:36:248 864736 865376 1
19-07-2017-16:28:36:288 865376 866016 1
19-07-2017-16:28:36:330 866016 866656 1
19-07-2017-16:28:36:371 866656 867296 1
19-07-2017-16:28:36:411 867296 867936 1
19-07-2017-16:28:36:458 867936 868576 1
19-07-2017-16:28:36:500 868576 869216 1
19-07-2017-16:28:36:528 869216 869856 1
19-07-2017-16:28:36:568 869856 870496 1
19-07-2017-16:28:36:609 870496 871136 1
19-07-2017-16:28:36:650 871136 871776 1
19-07-2017-16:28:36:692 871776 872416 1
19-07-2017-16:28:36:740 872416 873056 1
19-07-2017-16:28:36:779 873056 873696 1
19-07-2017-16:28:36:811 873696 874336 1
19-07-2017-16:28:36:848 874336 874976 1
19-07-2017-16:28:36:890 874976 875616 1
19-07-2017-16:28:36:931 875616 876256 1
19-07-2017-16:28:36:976 876256 876896 1
19-07-2017-16:28:37:018 876896 877536 1
19-07-2017-16:28:37:056 877536 878176 1
19-07-2017-16:28:37:097 878176 878816 1
19-07-2017-16:28:37:137 878816 879456 1
19-07-2017-16:28:37:166 879456 880096 1
19-07-2017-16:28:37:208 880096 880736 1
19-07-2017-16:28:37:254 880736 881376 1
19-07-2017-16:28:37:293 881376 882016 1
19-07-2017-16:28:37:335 882016 882656 1
19-07-2017-16:28:37:376 882656 883296 1
19-07-2017-16:28:37:416 883296 883936 1
19-07-2017-16:28:37:460 883936 884576 1
19-07-2017-16:28:37:499 884576 885216 1
19-07-2017-16:28:37:529 885216 885856 1
19-07-2017-16:28:37:569 885856 886496 1
19-07-2017-16:28:37:608 886496 887136 1
19-07-2017-16:28:37:649 887136 887776 1
19-07-2017-16:28:37:691 887776 888416 1
19-07-2017-16:28:37:734 888416 889056 1
19-07-2017-16:28:37:777 889056 889696 1
19-07-2017-16:28:37:818 889696 890336 1
19-07-2017-16:28:37:849 890336 890976 1
19-07-2017-16:28:37:888 890976 891616 1
19-07-2017-16:28:37:929 891616 892256 1
19-07-2017-16:28:37:970 892256 892896 1
19-07-2017-16:28:38:010 892896 893536 1
19-07-2017-16:28:38:056 893536 894176 1
19-07-2017-16:28:38:097 894176 894816 1
19-07-2017-16:28:38:139 894816 895456 1
19-07-2017-16:28:38:168 895456 896096 1
19-07-2017-16:28:38:208 896096 896736 1
19-07-2017-16:28:38:249 896736 897376 1
19-07-2017-16:28:38:291 897376 898016 1
19-07-2017-16:28:38:336 898016 898656 1
19-07-2017-16:28:38:377 898656 899296 1
19-07-2017-16:28:38:419 899296 899936 1
19-07-2017-16:28:38:446 899936 900576 1
19-07-2017-16:28:38:488 900576 901216 1
19-07-2017-16:28:38:529 901216 901856 1
19-07-2017-16:28:38:570 901856 902496 1
19-07-2017-16:28:38:615 902496 903136 1
19-07-2017-16:28:38:657 903136 903776 1
19-07-2017-16:28:38:697 903776 904416 1
19-07-2017-16:28:38:727 904416 905056 1
19-07-2017-16:28:38:769 905056 905696 1
19-07-2017-16:28:38:809 905696 906336 1
19-07-2017-16:28:38:848 906336 906976 1
19-07-2017-16:28:38:889 906976 907616 1
19-07-2017-16:28:38:929 907616 908256 1
19-07-2017-16:28:38:977 908256 908896 1
19-07-2017-16:28:39:017 908896 909536 1
19-07-2017-16:28:39:155 909536 910176 1
19-07-2017-16:28:39:157 910176 910816 1
19-07-2017-16:28:39:157 910816 911456 1
19-07-2017-16:28:39:169 911456 912096 1
19-07-2017-16:28:39:214 912096 912736 1
19-07-2017-16:28:39:255 912736 913376 1
19-07-2017-16:28:39:295 913376 914016 1
19-07-2017-16:28:39:337 914016 914656 1
19-07-2017-16:28:39:383 914656 915296 1
19-07-2017-16:28:39:406 915296 915936 1
19-07-2017-16:28:39:454 915936 916576 1
19-07-2017-16:28:39:494 916576 917216 1
19-07-2017-16:28:39:536 917216 917856 1
19-07-2017-16:28:39:575 917856 918496 1
19-07-2017-16:28:39:623 918496 919136 1
19-07-2017-16:28:39:663 919136 919776 1
19-07-2017-16:28:39:693 919776 920416 1
19-07-2017-16:28:39:733 920416 921056 1
19-07-2017-16:28:39:773 921056 921696 1
19-07-2017-16:28:39:813 921696 922336 1
19-07-2017-16:28:39:859 922336 922976 1
19-07-2017-16:28:39:900 922976 923616 1
19-07-2017-16:28:39:931 923616 924256 1
19-07-2017-16:28:39:970 924256 924896 1
19-07-2017-16:28:40:011 924896 925536 1
19-07-2017-16:28:40:051 925536 926176 1
19-07-2017-16:28:40:096 926176 926816 1
19-07-2017-16:28:40:137 926816 927456 1
19-07-2017-16:28:40:167 927456 928096 1
19-07-2017-16:28:40:208 928096 928736 1
19-07-2017-16:28:40:253 928736 929376 1
19-07-2017-16:28:40:292 929376 930016 1
19-07-2017-16:28:40:334 930016 930656 1
19-07-2017-16:28:40:374 930656 931296 1
19-07-2017-16:28:40:421 931296 931936 1
19-07-2017-16:28:40:449 931936 932576 1
19-07-2017-16:28:40:489 932576 933216 1
19-07-2017-16:28:40:531 933216 933856 1
19-07-2017-16:28:40:571 933856 934496 1
19-07-2017-16:28:40:615 934496 935136 1
19-07-2017-16:28:40:657 935136 935776 1
19-07-2017-16:28:40:697 935776 936416 1
19-07-2017-16:28:40:730 936416 937056 1
19-07-2017-16:28:40:773 937056 937696 1
19-07-2017-16:28:40:811 937696 938336 1
19-07-2017-16:28:40:849 938336 938976 1
19-07-2017-16:28:40:897 938976 939616 1
19-07-2017-16:28:40:937 939616 940256 1
19-07-2017-16:28:40:977 940256 940896 1
19-07-2017-16:28:41:016 940896 941536 1
19-07-2017-16:28:41:065 941536 942176 1
19-07-2017-16:28:41:087 942176 942816 1
19-07-2017-16:28:41:133 942816 943456 1
19-07-2017-16:28:41:174 943456 944096 1
19-07-2017-16:28:41:216 944096 944736 1
19-07-2017-16:28:41:253 944736 945376 1
19-07-2017-16:28:41:293 945376 946016 1
19-07-2017-16:28:41:339 946016 946656 1
19-07-2017-16:28:41:368 946656 947296 1
19-07-2017-16:28:41:406 947296 947936 1
19-07-2017-16:28:41:447 947936 948576 1
19-07-2017-16:28:41:488 948576 949216 1
19-07-2017-16:28:41:528 949216 949856 1
19-07-2017-16:28:41:575 949856 950496 1
19-07-2017-16:28:41:619 950496 951136 1
19-07-2017-16:28:41:657 951136 951776 1
19-07-2017-16:28:41:697 951776 952416 1
19-07-2017-16:28:41:743 952416 953056 1
19-07-2017-16:28:41:770 953056 953696 1
19-07-2017-16:28:41:810 953696 954336 1
19-07-2017-16:28:41:856 954336 954976 1
19-07-2017-16:28:41:897 954976 955616 1
19-07-2017-16:28:41:938 955616 956256 1
19-07-2017-16:28:41:982 956256 956896 1
19-07-2017-16:28:42:023 956896 957536 1
19-07-2017-16:28:42:053 957536 958176 1
19-07-2017-16:28:42:093 958176 958816 1
19-07-2017-16:28:42:133 958816 959456 1
19-07-2017-16:28:42:173 959456 960096 1
19-07-2017-16:28:42:353 960096 960736 1
19-07-2017-16:28:42:354 960736 961376 1
19-07-2017-16:28:42:357 961376 962016 1
19-07-2017-16:28:42:357 962016 962656 1
19-07-2017-16:28:42:371 962656 963296 1
19-07-2017-16:28:42:418 963296 963936 1
