19-07-2017-16:32:26:695 0 688 1
19-07-2017-16:32:26:737 688 1376 1
19-07-2017-16:32:26:777 1376 2064 1
19-07-2017-16:32:26:816 2064 2752 1
19-07-2017-16:32:26:864 2752 3440 1
19-07-2017-16:32:26:903 3440 4128 1
19-07-2017-16:32:26:945 4128 4816 1
19-07-2017-16:32:26:989 4816 5504 1
19-07-2017-16:32:27:031 5504 6192 1
19-07-2017-16:32:27:070 6192 6880 1
19-07-2017-16:32:27:119 6880 7568 1
19-07-2017-16:32:27:158 7568 8256 1
19-07-2017-16:32:27:213 8256 8928 1
19-07-2017-16:32:27:246 8928 9600 1
19-07-2017-16:32:27:298 9600 10256 1
19-07-2017-16:32:27:323 10256 10912 1
19-07-2017-16:32:27:369 10912 11568 1
19-07-2017-16:32:27:410 11568 12224 1
19-07-2017-16:32:27:449 12224 12880 1
19-07-2017-16:32:27:489 12880 13536 1
19-07-2017-16:32:27:529 13536 14192 1
19-07-2017-16:32:27:583 14192 14848 1
19-07-2017-16:32:27:616 14848 15504 1
19-07-2017-16:32:27:658 15504 16160 1
19-07-2017-16:32:27:701 16160 16816 1
19-07-2017-16:32:27:739 16816 17472 1
19-07-2017-16:32:27:781 17472 18128 1
19-07-2017-16:32:27:824 18128 18784 1
19-07-2017-16:32:27:866 18784 19440 1
19-07-2017-16:32:27:905 19440 20096 1
19-07-2017-16:32:27:948 20096 20752 1
19-07-2017-16:32:27:986 20752 21408 1
19-07-2017-16:32:28:027 21408 22064 1
19-07-2017-16:32:28:068 22064 22720 1
19-07-2017-16:32:28:123 22720 23376 1
19-07-2017-16:32:28:154 23376 24032 1
19-07-2017-16:32:28:195 24032 24688 1
19-07-2017-16:32:28:237 24688 25344 1
19-07-2017-16:32:28:277 25344 26000 1
19-07-2017-16:32:28:324 26000 26656 1
19-07-2017-16:32:28:364 26656 27312 1
19-07-2017-16:32:28:393 27312 27968 1
19-07-2017-16:32:28:435 27968 28624 1
19-07-2017-16:32:28:476 28624 29280 1
19-07-2017-16:32:28:516 29280 29936 1
19-07-2017-16:32:28:558 29936 30592 1
19-07-2017-16:32:28:602 30592 31248 1
19-07-2017-16:32:28:643 31248 31904 1
19-07-2017-16:32:28:684 31904 32560 1
19-07-2017-16:32:28:724 32560 33216 1
19-07-2017-16:32:28:771 33216 33872 1
19-07-2017-16:32:28:813 33872 34528 1
19-07-2017-16:32:28:841 34528 35184 1
19-07-2017-16:32:28:881 35184 35840 1
19-07-2017-16:32:28:922 35840 36496 1
19-07-2017-16:32:28:963 36496 37152 1
19-07-2017-16:32:29:009 37152 37808 1
19-07-2017-16:32:29:050 37808 38464 1
19-07-2017-16:32:29:090 38464 39120 1
19-07-2017-16:32:29:131 39120 39776 1
19-07-2017-16:32:29:178 39776 40432 1
19-07-2017-16:32:29:216 40432 41088 1
19-07-2017-16:32:29:262 41088 41744 1
19-07-2017-16:32:29:301 41744 42400 1
19-07-2017-16:32:29:343 42400 43056 1
19-07-2017-16:32:29:384 43056 43712 1
19-07-2017-16:32:29:430 43712 44368 1
19-07-2017-16:32:29:468 44368 45024 1
19-07-2017-16:32:29:500 45024 45680 1
19-07-2017-16:32:29:540 45680 46336 1
19-07-2017-16:32:29:580 46336 46992 1
19-07-2017-16:32:29:622 46992 47648 1
19-07-2017-16:32:29:664 47648 48304 1
19-07-2017-16:32:29:709 48304 48960 1
19-07-2017-16:32:29:750 48960 49616 1
19-07-2017-16:32:29:868 49616 50272 1
19-07-2017-16:32:29:870 50272 50928 1
19-07-2017-16:32:29:876 50928 51584 1
19-07-2017-16:32:29:916 51584 52240 1
19-07-2017-16:32:29:956 52240 52896 1
19-07-2017-16:32:29:997 52896 53552 1
19-07-2017-16:32:30:042 53552 54208 1
19-07-2017-16:32:30:084 54208 54864 1
19-07-2017-16:32:30:112 54864 55520 1
19-07-2017-16:32:30:153 55520 56176 1
19-07-2017-16:32:30:194 56176 56832 1
19-07-2017-16:32:30:235 56832 57488 1
19-07-2017-16:32:30:282 57488 58144 1
19-07-2017-16:32:30:321 58144 58800 1
19-07-2017-16:32:30:362 58800 59456 1
19-07-2017-16:32:30:403 59456 60112 1
19-07-2017-16:32:30:448 60112 60768 1
19-07-2017-16:32:30:490 60768 61424 1
19-07-2017-16:32:30:530 61424 62080 1
19-07-2017-16:32:30:576 62080 62736 1
19-07-2017-16:32:30:617 62736 63392 1
19-07-2017-16:32:30:647 63392 64048 1
19-07-2017-16:32:30:687 64048 64704 1
19-07-2017-16:32:30:726 64704 65360 1
19-07-2017-16:32:30:768 65360 66016 1
19-07-2017-16:32:30:808 66016 66672 1
19-07-2017-16:32:30:850 66672 67328 1
19-07-2017-16:32:30:895 67328 67984 1
19-07-2017-16:32:30:936 67984 68640 1
19-07-2017-16:32:30:976 68640 69296 1
19-07-2017-16:32:31:015 69296 69952 1
19-07-2017-16:32:31:063 69952 70608 1
19-07-2017-16:32:31:104 70608 71264 1
19-07-2017-16:32:31:145 71264 71920 1
19-07-2017-16:32:31:184 71920 72576 1
19-07-2017-16:32:31:226 72576 73232 1
19-07-2017-16:32:31:271 73232 73888 1
19-07-2017-16:32:31:301 73888 74544 1
19-07-2017-16:32:31:341 74544 75200 1
19-07-2017-16:32:31:382 75200 75856 1
19-07-2017-16:32:31:423 75856 76512 1
19-07-2017-16:32:31:468 76512 77168 1
19-07-2017-16:32:31:510 77168 77824 1
19-07-2017-16:32:31:550 77824 78480 1
19-07-2017-16:32:31:592 78480 79136 1
19-07-2017-16:32:31:637 79136 79792 1
19-07-2017-16:32:31:678 79792 80448 1
19-07-2017-16:32:31:718 80448 81104 1
19-07-2017-16:32:31:759 81104 81760 1
19-07-2017-16:32:31:804 81760 82416 1
19-07-2017-16:32:31:844 82416 83072 1
19-07-2017-16:32:31:885 83072 83728 1
19-07-2017-16:32:31:925 83728 84384 1
19-07-2017-16:32:31:971 84384 85040 1
19-07-2017-16:32:32:011 85040 85696 1
19-07-2017-16:32:32:041 85696 86352 1
19-07-2017-16:32:32:082 86352 87008 1
19-07-2017-16:32:32:122 87008 87664 1
19-07-2017-16:32:32:171 87664 88320 1
19-07-2017-16:32:32:210 88320 88976 1
19-07-2017-16:32:32:250 88976 89632 1
19-07-2017-16:32:32:293 89632 90288 1
19-07-2017-16:32:32:335 90288 90944 1
19-07-2017-16:32:32:378 90944 91600 1
19-07-2017-16:32:32:419 91600 92256 1
19-07-2017-16:32:32:464 92256 92912 1
19-07-2017-16:32:32:504 92912 93568 1
19-07-2017-16:32:32:532 93568 94224 1
19-07-2017-16:32:32:574 94224 94880 1
19-07-2017-16:32:32:614 94880 95536 1
19-07-2017-16:32:32:656 95536 96192 1
19-07-2017-16:32:32:701 96192 96848 1
19-07-2017-16:32:32:740 96848 97504 1
19-07-2017-16:32:32:783 97504 98160 1
19-07-2017-16:32:32:823 98160 98816 1
19-07-2017-16:32:32:870 98816 99472 1
19-07-2017-16:32:32:910 99472 100128 1
19-07-2017-16:32:33:217 100128 100784 1
19-07-2017-16:32:33:219 100784 101440 1
19-07-2017-16:32:33:219 101440 102096 1
19-07-2017-16:32:33:219 102096 102752 1
19-07-2017-16:32:33:219 102752 103408 1
19-07-2017-16:32:33:219 103408 104064 1
19-07-2017-16:32:33:219 104064 104720 1
19-07-2017-16:32:33:233 104720 105376 1
19-07-2017-16:32:33:276 105376 106032 1
19-07-2017-16:32:33:316 106032 106688 1
19-07-2017-16:32:33:362 106688 107344 1
19-07-2017-16:32:33:402 107344 108000 1
19-07-2017-16:32:33:444 108000 108656 1
19-07-2017-16:32:33:485 108656 109312 1
19-07-2017-16:32:33:529 109312 109968 1
19-07-2017-16:32:33:568 109968 110624 1
19-07-2017-16:32:33:599 110624 111280 1
19-07-2017-16:32:33:639 111280 111936 1
19-07-2017-16:32:33:679 111936 112592 1
19-07-2017-16:32:33:724 112592 113248 1
19-07-2017-16:32:33:764 113248 113904 1
19-07-2017-16:32:33:809 113904 114560 1
19-07-2017-16:32:33:851 114560 115216 1
19-07-2017-16:32:33:891 115216 115872 1
19-07-2017-16:32:33:932 115872 116528 1
19-07-2017-16:32:33:978 116528 117184 1
19-07-2017-16:32:34:019 117184 117840 1
19-07-2017-16:32:34:047 117840 118496 1
19-07-2017-16:32:34:088 118496 119152 1
19-07-2017-16:32:34:140 119152 119792 1
19-07-2017-16:32:34:169 119792 120432 1
19-07-2017-16:32:34:216 120432 121072 1
