19-07-2017-09:42:46:919 0 672 1
19-07-2017-09:42:46:943 672 1344 1
19-07-2017-09:42:46:943 1344 2016 1
19-07-2017-09:42:46:957 2016 2688 1
19-07-2017-09:42:46:998 2688 3360 1
19-07-2017-09:42:47:046 3360 4032 1
19-07-2017-09:42:47:085 4032 4704 1
19-07-2017-09:42:47:132 4704 5376 1
19-07-2017-09:42:47:173 5376 6048 1
19-07-2017-09:42:47:214 6048 6720 1
19-07-2017-09:42:47:262 6720 7392 1
19-07-2017-09:42:47:299 7392 8064 1
19-07-2017-09:42:47:341 8064 8736 1
19-07-2017-09:42:47:381 8736 9408 1
19-07-2017-09:42:47:421 9408 10080 1
19-07-2017-09:42:47:467 10080 10752 1
19-07-2017-09:42:47:508 10752 11424 1
19-07-2017-09:42:47:550 11424 12096 1
19-07-2017-09:42:47:591 12096 12768 1
19-07-2017-09:42:47:629 12768 13440 1
19-07-2017-09:42:47:677 13440 14112 1
19-07-2017-09:42:47:716 14112 14784 1
19-07-2017-09:42:47:758 14784 15456 1
19-07-2017-09:42:47:798 15456 16128 1
19-07-2017-09:42:47:844 16128 16800 1
19-07-2017-09:42:47:885 16800 17472 1
19-07-2017-09:42:47:926 17472 18144 1
19-07-2017-09:42:47:967 18144 18816 1
19-07-2017-09:42:48:012 18816 19488 1
19-07-2017-09:42:48:052 19488 20160 1
19-07-2017-09:42:48:099 20160 20832 1
19-07-2017-09:42:48:139 20832 21504 1
19-07-2017-09:42:48:180 21504 22176 1
19-07-2017-09:42:48:224 22176 22848 1
19-07-2017-09:42:48:266 22848 23520 1
19-07-2017-09:42:48:308 23520 24192 1
19-07-2017-09:42:48:348 24192 24864 1
19-07-2017-09:42:48:388 24864 25536 1
19-07-2017-09:42:48:433 25536 26208 1
19-07-2017-09:42:48:475 26208 26880 1
19-07-2017-09:42:48:514 26880 27552 1
19-07-2017-09:42:48:556 27552 28224 1
19-07-2017-09:42:48:602 28224 28896 1
19-07-2017-09:42:48:641 28896 29568 1
19-07-2017-09:42:48:682 29568 30240 1
19-07-2017-09:42:48:722 30240 30912 1
19-07-2017-09:42:48:764 30912 31584 1
19-07-2017-09:42:48:810 31584 32256 1
19-07-2017-09:42:48:850 32256 32928 1
19-07-2017-09:42:48:890 32928 33600 1
19-07-2017-09:42:48:936 33600 34272 1
19-07-2017-09:42:48:977 34272 34944 1
19-07-2017-09:42:49:018 34944 35616 1
19-07-2017-09:42:49:058 35616 36288 1
19-07-2017-09:42:49:104 36288 36960 1
19-07-2017-09:42:49:145 36960 37632 1
19-07-2017-09:42:49:184 37632 38304 1
19-07-2017-09:42:49:226 38304 38976 1
19-07-2017-09:42:49:272 38976 39648 1
19-07-2017-09:42:49:314 39648 40320 1
19-07-2017-09:42:49:359 40320 40992 1
19-07-2017-09:42:49:401 40992 41664 1
19-07-2017-09:42:49:441 41664 42336 1
19-07-2017-09:42:49:481 42336 43008 1
19-07-2017-09:42:49:529 43008 43680 1
19-07-2017-09:42:49:557 43680 44352 1
19-07-2017-09:42:49:599 44352 45024 1
19-07-2017-09:42:49:651 45024 45680 1
19-07-2017-09:42:49:696 45680 46336 1
19-07-2017-09:42:49:726 46336 46992 1
19-07-2017-09:42:49:766 46992 47648 1
19-07-2017-09:42:49:808 47648 48304 1
19-07-2017-09:42:49:848 48304 48960 1
19-07-2017-09:42:49:895 48960 49616 1
19-07-2017-09:42:50:008 49616 50272 1
19-07-2017-09:42:50:009 50272 50928 1
19-07-2017-09:42:50:022 50928 51584 1
19-07-2017-09:42:50:066 51584 52240 1
19-07-2017-09:42:50:091 52240 52896 1
19-07-2017-09:42:50:135 52896 53552 1
19-07-2017-09:42:50:172 53552 54208 1
19-07-2017-09:42:50:220 54208 54864 1
19-07-2017-09:42:50:259 54864 55520 1
19-07-2017-09:42:50:302 55520 56176 1
19-07-2017-09:42:50:342 56176 56832 1
19-07-2017-09:42:50:389 56832 57488 1
19-07-2017-09:42:50:430 57488 58144 1
19-07-2017-09:42:50:469 58144 58800 1
19-07-2017-09:42:50:510 58800 59456 1
19-07-2017-09:42:50:556 59456 60112 1
19-07-2017-09:42:50:594 60112 60768 1
19-07-2017-09:42:50:626 60768 61424 1
19-07-2017-09:42:50:664 61424 62080 1
19-07-2017-09:42:50:706 62080 62736 1
19-07-2017-09:42:50:753 62736 63392 1
19-07-2017-09:42:50:793 63392 64048 1
19-07-2017-09:42:50:834 64048 64704 1
19-07-2017-09:42:50:880 64704 65360 1
19-07-2017-09:42:50:921 65360 66016 1
19-07-2017-09:42:50:968 66016 66672 1
19-07-2017-09:42:50:995 66672 67328 1
19-07-2017-09:42:51:036 67328 67984 1
19-07-2017-09:42:51:077 67984 68640 1
19-07-2017-09:42:51:118 68640 69296 1
19-07-2017-09:42:51:164 69296 69952 1
19-07-2017-09:42:51:204 69952 70608 1
19-07-2017-09:42:51:245 70608 71264 1
19-07-2017-09:42:51:286 71264 71920 1
19-07-2017-09:42:51:332 71920 72576 1
19-07-2017-09:42:51:371 72576 73232 1
19-07-2017-09:42:51:413 73232 73888 1
19-07-2017-09:42:51:459 73888 74544 1
19-07-2017-09:42:51:499 74544 75200 1
19-07-2017-09:42:51:529 75200 75856 1
19-07-2017-09:42:51:570 75856 76512 1
19-07-2017-09:42:51:609 76512 77168 1
19-07-2017-09:42:51:651 77168 77824 1
19-07-2017-09:42:51:697 77824 78480 1
19-07-2017-09:42:51:737 78480 79136 1
19-07-2017-09:42:51:777 79136 79792 1
19-07-2017-09:42:51:820 79792 80448 1
19-07-2017-09:42:51:865 80448 81104 1
19-07-2017-09:42:51:905 81104 81760 1
19-07-2017-09:42:51:947 81760 82416 1
19-07-2017-09:42:51:991 82416 83072 1
19-07-2017-09:42:52:032 83072 83728 1
19-07-2017-09:42:52:061 83728 84384 1
19-07-2017-09:42:52:101 84384 85040 1
19-07-2017-09:42:52:143 85040 85696 1
19-07-2017-09:42:52:185 85696 86352 1
19-07-2017-09:42:52:230 86352 87008 1
19-07-2017-09:42:52:270 87008 87664 1
19-07-2017-09:42:52:311 87664 88320 1
19-07-2017-09:42:52:357 88320 88976 1
19-07-2017-09:42:52:397 88976 89632 1
19-07-2017-09:42:52:444 89632 90288 1
19-07-2017-09:42:52:472 90288 90944 1
19-07-2017-09:42:52:513 90944 91600 1
19-07-2017-09:42:52:553 91600 92256 1
19-07-2017-09:42:52:592 92256 92912 1
19-07-2017-09:42:52:640 92912 93568 1
19-07-2017-09:42:52:679 93568 94224 1
19-07-2017-09:42:52:721 94224 94880 1
19-07-2017-09:42:52:762 94880 95536 1
19-07-2017-09:42:52:808 95536 96192 1
19-07-2017-09:42:52:837 96192 96848 1
19-07-2017-09:42:52:889 96848 97504 1
19-07-2017-09:42:52:936 97504 98160 1
19-07-2017-09:42:52:963 98160 98816 1
19-07-2017-09:42:53:005 98816 99472 1
19-07-2017-09:42:53:045 99472 100128 1
19-07-2017-09:42:53:219 100128 100784 1
19-07-2017-09:42:53:220 100784 101440 1
19-07-2017-09:42:53:220 101440 102096 1
19-07-2017-09:42:53:220 102096 102752 1
19-07-2017-09:42:53:254 102752 103408 1
19-07-2017-09:42:53:310 103408 104064 1
19-07-2017-09:42:53:329 104064 104720 1
19-07-2017-09:42:53:370 104720 105376 1
19-07-2017-09:42:53:410 105376 106032 1
19-07-2017-09:42:53:462 106032 106672 1
19-07-2017-09:42:53:497 106672 107312 1
19-07-2017-09:42:53:538 107312 107952 1
19-07-2017-09:42:53:577 107952 108592 1
19-07-2017-09:42:53:623 108592 109232 1
19-07-2017-09:42:53:665 109232 109872 1
19-07-2017-09:42:53:692 109872 110512 1
19-07-2017-09:42:53:732 110512 111152 1
19-07-2017-09:42:53:774 111152 111792 1
19-07-2017-09:42:53:820 111792 112432 1
19-07-2017-09:42:53:855 112432 113072 1
19-07-2017-09:42:53:897 113072 113712 1
19-07-2017-09:42:53:942 113712 114352 1
19-07-2017-09:42:53:972 114352 114992 1
19-07-2017-09:42:54:014 114992 115632 1
19-07-2017-09:42:54:053 115632 116272 1
19-07-2017-09:42:54:093 116272 116912 1
19-07-2017-09:42:54:141 116912 117552 1
19-07-2017-09:42:54:180 117552 118192 1
19-07-2017-09:42:54:222 118192 118832 1
19-07-2017-09:42:54:251 118832 119472 1
19-07-2017-09:42:54:291 119472 120112 1
19-07-2017-09:42:54:339 120112 120752 1
19-07-2017-09:42:54:379 120752 121392 1
19-07-2017-09:42:54:464 121392 122032 1
19-07-2017-09:42:54:468 122032 122672 1
19-07-2017-09:42:54:508 122672 123312 1
19-07-2017-09:42:54:541 123312 123952 1
19-07-2017-09:42:54:575 123952 124592 1
19-07-2017-09:42:54:617 124592 125232 1
19-07-2017-09:42:54:663 125232 125872 1
19-07-2017-09:42:54:691 125872 126512 1
19-07-2017-09:42:54:733 126512 127152 1
19-07-2017-09:42:54:773 127152 127792 1
19-07-2017-09:42:54:813 127792 128432 1
19-07-2017-09:42:54:859 128432 129072 1
19-07-2017-09:42:54:906 129072 129712 1
19-07-2017-09:42:54:944 129712 130352 1
19-07-2017-09:42:54:981 130352 130992 1
19-07-2017-09:42:55:010 130992 131632 1
19-07-2017-09:42:55:057 131632 132272 1
19-07-2017-09:42:55:096 132272 132912 1
19-07-2017-09:42:55:138 132912 133552 1
19-07-2017-09:42:55:178 133552 134192 1
19-07-2017-09:42:55:224 134192 134832 1
19-07-2017-09:42:55:266 134832 135472 1
19-07-2017-09:42:55:295 135472 136112 1
19-07-2017-09:42:55:335 136112 136752 1
19-07-2017-09:42:55:386 136752 137392 1
19-07-2017-09:42:55:416 137392 138032 1
19-07-2017-09:42:55:457 138032 138672 1
19-07-2017-09:42:55:499 138672 139312 1
19-07-2017-09:42:55:542 139312 139952 1
19-07-2017-09:42:55:585 139952 140592 1
19-07-2017-09:42:55:614 140592 141232 1
19-07-2017-09:42:55:653 141232 141872 1
19-07-2017-09:42:55:693 141872 142512 1
19-07-2017-09:42:55:735 142512 143152 1
19-07-2017-09:42:55:782 143152 143792 1
19-07-2017-09:42:55:821 143792 144432 1
19-07-2017-09:42:55:852 144432 145072 1
19-07-2017-09:42:55:892 145072 145712 1
19-07-2017-09:42:55:933 145712 146352 1
19-07-2017-09:42:55:978 146352 146992 1
19-07-2017-09:42:56:020 146992 147632 1
19-07-2017-09:42:56:060 147632 148272 1
19-07-2017-09:42:56:101 148272 148912 1
19-07-2017-09:42:56:148 148912 149552 1
19-07-2017-09:42:56:171 149552 150192 1
19-07-2017-09:42:56:216 150192 150832 1
19-07-2017-09:42:56:258 150832 151472 1
19-07-2017-09:42:56:298 151472 152112 1
19-07-2017-09:42:56:344 152112 152752 1
19-07-2017-09:42:56:385 152752 153392 1
19-07-2017-09:42:56:414 153392 154032 1
19-07-2017-09:42:56:453 154032 154672 1
19-07-2017-09:42:56:496 154672 155312 1
19-07-2017-09:42:56:535 155312 155952 1
19-07-2017-09:42:56:582 155952 156592 1
19-07-2017-09:42:56:622 156592 157232 1
19-07-2017-09:42:56:652 157232 157872 1
19-07-2017-09:42:56:692 157872 158512 1
19-07-2017-09:42:56:732 158512 159152 1
19-07-2017-09:42:56:779 159152 159792 1
19-07-2017-09:42:56:819 159792 160432 1
19-07-2017-09:42:56:864 160432 161072 1
19-07-2017-09:42:56:891 161072 161712 1
19-07-2017-09:42:56:934 161712 162352 1
19-07-2017-09:42:56:974 162352 162992 1
19-07-2017-09:42:57:013 162992 163632 1
19-07-2017-09:42:57:061 163632 164272 1
19-07-2017-09:42:57:101 164272 164912 1
19-07-2017-09:42:57:142 164912 165552 1
19-07-2017-09:42:57:171 165552 166192 1
19-07-2017-09:42:57:211 166192 166832 1
19-07-2017-09:42:57:259 166832 167472 1
19-07-2017-09:42:57:299 167472 168112 1
19-07-2017-09:42:57:339 168112 168752 1
19-07-2017-09:42:57:386 168752 169392 1
19-07-2017-09:42:57:425 169392 170032 1
19-07-2017-09:42:57:455 170032 170672 1
19-07-2017-09:42:57:494 170672 171312 1
19-07-2017-09:42:57:536 171312 171952 1
19-07-2017-09:42:57:892 171952 172592 1
19-07-2017-09:42:57:894 172592 173232 1
19-07-2017-09:42:57:895 173232 173872 1
19-07-2017-09:42:57:895 173872 174512 1
19-07-2017-09:42:57:896 174512 175152 1
19-07-2017-09:42:57:896 175152 175792 1
19-07-2017-09:42:57:896 175792 176432 1
19-07-2017-09:42:57:896 176432 177072 1
19-07-2017-09:42:57:900 177072 177712 1
19-07-2017-09:42:57:942 177712 178352 1
19-07-2017-09:42:57:971 178352 178992 1
19-07-2017-09:42:58:013 178992 179632 1
19-07-2017-09:42:58:057 179632 180272 1
19-07-2017-09:42:58:099 180272 180912 1
19-07-2017-09:42:58:139 180912 181552 1
19-07-2017-09:42:58:179 181552 182192 1
19-07-2017-09:42:58:225 182192 182832 1
19-07-2017-09:42:58:267 182832 183472 1
19-07-2017-09:42:58:295 183472 184112 1
19-07-2017-09:42:58:336 184112 184752 1
19-07-2017-09:42:58:376 184752 185392 1
19-07-2017-09:42:58:416 185392 186032 1
19-07-2017-09:42:58:462 186032 186672 1
19-07-2017-09:42:58:503 186672 187312 1
19-07-2017-09:42:58:531 187312 187952 1
19-07-2017-09:42:58:571 187952 188592 1
19-07-2017-09:42:58:613 188592 189232 1
19-07-2017-09:42:58:659 189232 189872 1
19-07-2017-09:42:58:700 189872 190512 1
19-07-2017-09:42:58:740 190512 191152 1
19-07-2017-09:42:58:780 191152 191792 1
19-07-2017-09:42:58:826 191792 192432 1
19-07-2017-09:42:58:858 192432 193072 1
19-07-2017-09:42:58:897 193072 193712 1
19-07-2017-09:42:58:938 193712 194352 1
19-07-2017-09:42:58:979 194352 194992 1
19-07-2017-09:42:59:024 194992 195632 1
19-07-2017-09:42:59:065 195632 196272 1
19-07-2017-09:42:59:094 196272 196912 1
19-07-2017-09:42:59:135 196912 197552 1
19-07-2017-09:42:59:174 197552 198192 1
19-07-2017-09:42:59:215 198192 198832 1
19-07-2017-09:42:59:263 198832 199472 1
19-07-2017-09:42:59:303 199472 200112 1
19-07-2017-09:42:59:332 200112 200752 1
19-07-2017-09:42:59:372 200752 201392 1
19-07-2017-09:42:59:423 201392 202032 1
19-07-2017-09:42:59:465 202032 202672 1
19-07-2017-09:42:59:496 202672 203312 1
19-07-2017-09:42:59:535 203312 203952 1
19-07-2017-09:42:59:576 203952 204592 1
19-07-2017-09:42:59:615 204592 205232 1
19-07-2017-09:42:59:663 205232 205872 1
19-07-2017-09:42:59:703 205872 206512 1
19-07-2017-09:42:59:732 206512 207152 1
19-07-2017-09:42:59:774 207152 207792 1
19-07-2017-09:42:59:813 207792 208432 1
19-07-2017-09:42:59:859 208432 209072 1
19-07-2017-09:42:59:899 209072 209712 1
19-07-2017-09:42:59:940 209712 210352 1
19-07-2017-09:42:59:986 210352 210992 1
19-07-2017-09:43:00:015 210992 211632 1
19-07-2017-09:43:00:056 211632 212272 1
19-07-2017-09:43:00:098 212272 212912 1
19-07-2017-09:43:00:138 212912 213552 1
19-07-2017-09:43:00:184 213552 214192 1
19-07-2017-09:43:00:225 214192 214832 1
19-07-2017-09:43:00:253 214832 215472 1
19-07-2017-09:43:00:295 215472 216112 1
19-07-2017-09:43:00:337 216112 216752 1
19-07-2017-09:43:00:384 216752 217392 1
19-07-2017-09:43:00:426 217392 218032 1
19-07-2017-09:43:00:454 218032 218672 1
19-07-2017-09:43:00:494 218672 219312 1
19-07-2017-09:43:00:535 219312 219952 1
19-07-2017-09:43:00:576 219952 220592 1
19-07-2017-09:43:00:617 220592 221232 1
19-07-2017-09:43:00:664 221232 221872 1
19-07-2017-09:43:00:692 221872 222512 1
19-07-2017-09:43:00:933 222512 223152 1
19-07-2017-09:43:00:934 223152 223792 1
19-07-2017-09:43:00:934 223792 224432 1
19-07-2017-09:43:00:934 224432 225072 1
19-07-2017-09:43:00:934 225072 225712 1
19-07-2017-09:43:00:947 225712 226352 1
19-07-2017-09:43:00:987 226352 226992 1
19-07-2017-09:43:01:011 226992 227632 1
19-07-2017-09:43:01:058 227632 228272 1
19-07-2017-09:43:01:098 228272 228912 1
19-07-2017-09:43:01:139 228912 229552 1
19-07-2017-09:43:01:180 229552 230192 1
19-07-2017-09:43:01:224 230192 230832 1
19-07-2017-09:43:01:254 230832 231472 1
19-07-2017-09:43:01:296 231472 232112 1
19-07-2017-09:43:01:336 232112 232752 1
19-07-2017-09:43:01:376 232752 233392 1
19-07-2017-09:43:01:418 233392 234032 1
19-07-2017-09:43:01:458 234032 234672 1
19-07-2017-09:43:01:505 234672 235312 1
19-07-2017-09:43:01:535 235312 235952 1
19-07-2017-09:43:01:575 235952 236592 1
19-07-2017-09:43:01:617 236592 237232 1
19-07-2017-09:43:01:657 237232 237872 1
19-07-2017-09:43:01:703 237872 238512 1
19-07-2017-09:43:01:745 238512 239152 1
19-07-2017-09:43:01:773 239152 239792 1
19-07-2017-09:43:01:816 239792 240432 1
19-07-2017-09:43:01:854 240432 241072 1
19-07-2017-09:43:01:895 241072 241712 1
19-07-2017-09:43:01:942 241712 242352 1
19-07-2017-09:43:01:982 242352 242992 1
19-07-2017-09:43:02:012 242992 243632 1
19-07-2017-09:43:02:052 243632 244272 1
19-07-2017-09:43:02:094 244272 244912 1
19-07-2017-09:43:02:139 244912 245552 1
19-07-2017-09:43:02:180 245552 246192 1
19-07-2017-09:43:02:221 246192 246832 1
19-07-2017-09:43:02:262 246832 247472 1
19-07-2017-09:43:02:305 247472 248112 1
19-07-2017-09:43:02:347 248112 248752 1
19-07-2017-09:43:02:377 248752 249392 1
19-07-2017-09:43:02:417 249392 250032 1
19-07-2017-09:43:02:457 250032 250672 1
19-07-2017-09:43:02:500 250672 251312 1
19-07-2017-09:43:02:544 251312 251952 1
19-07-2017-09:43:02:584 251952 252592 1
19-07-2017-09:43:02:614 252592 253232 1
19-07-2017-09:43:02:654 253232 253872 1
19-07-2017-09:43:02:694 253872 254512 1
19-07-2017-09:43:02:735 254512 255152 1
19-07-2017-09:43:02:783 255152 255792 1
19-07-2017-09:43:02:823 255792 256432 1
19-07-2017-09:43:02:866 256432 257072 1
19-07-2017-09:43:02:895 257072 257712 1
19-07-2017-09:43:02:936 257712 258352 1
19-07-2017-09:43:02:974 258352 258992 1
19-07-2017-09:43:03:015 258992 259632 1
19-07-2017-09:43:03:062 259632 260272 1
19-07-2017-09:43:03:103 260272 260912 1
19-07-2017-09:43:03:134 260912 261552 1
19-07-2017-09:43:03:172 261552 262192 1
19-07-2017-09:43:03:214 262192 262832 1
19-07-2017-09:43:03:260 262832 263472 1
19-07-2017-09:43:03:301 263472 264112 1
19-07-2017-09:43:03:341 264112 264752 1
19-07-2017-09:43:03:372 264752 265392 1
19-07-2017-09:43:03:412 265392 266032 1
19-07-2017-09:43:03:457 266032 266672 1
19-07-2017-09:43:03:500 266672 267312 1
19-07-2017-09:43:03:540 267312 267952 1
19-07-2017-09:43:03:580 267952 268592 1
19-07-2017-09:43:03:628 268592 269232 1
19-07-2017-09:43:03:652 269232 269872 1
19-07-2017-09:43:03:697 269872 270512 1
19-07-2017-09:43:03:737 270512 271152 1
19-07-2017-09:43:03:777 271152 271792 1
19-07-2017-09:43:03:819 271792 272432 1
19-07-2017-09:43:03:865 272432 273072 1
19-07-2017-09:43:04:125 273072 273712 1
19-07-2017-09:43:04:126 273712 274352 1
19-07-2017-09:43:04:126 274352 274992 1
19-07-2017-09:43:04:126 274992 275632 1
19-07-2017-09:43:04:127 275632 276272 1
19-07-2017-09:43:04:127 276272 276912 1
19-07-2017-09:43:04:133 276912 277552 1
19-07-2017-09:43:04:173 277552 278192 1
19-07-2017-09:43:04:212 278192 278832 1
19-07-2017-09:43:04:253 278832 279472 1
19-07-2017-09:43:04:300 279472 280112 1
19-07-2017-09:43:04:341 280112 280752 1
19-07-2017-09:43:04:381 280752 281392 1
19-07-2017-09:43:04:421 281392 282032 1
19-07-2017-09:43:04:452 282032 282672 1
19-07-2017-09:43:04:492 282672 283312 1
19-07-2017-09:43:04:537 283312 283952 1
19-07-2017-09:43:04:578 283952 284592 1
19-07-2017-09:43:04:641 284592 285232 1
19-07-2017-09:43:04:661 285232 285872 1
19-07-2017-09:43:04:705 285872 286512 1
19-07-2017-09:43:04:745 286512 287152 1
19-07-2017-09:43:04:775 287152 287792 1
19-07-2017-09:43:04:816 287792 288432 1
19-07-2017-09:43:04:855 288432 289072 1
19-07-2017-09:43:04:895 289072 289712 1
19-07-2017-09:43:04:943 289712 290352 1
19-07-2017-09:43:04:985 290352 290992 1
19-07-2017-09:43:05:011 290992 291632 1
19-07-2017-09:43:05:052 291632 292272 1
19-07-2017-09:43:05:094 292272 292912 1
19-07-2017-09:43:05:135 292912 293552 1
19-07-2017-09:43:05:181 293552 294192 1
19-07-2017-09:43:05:221 294192 294832 1
19-07-2017-09:43:05:262 294832 295472 1
19-07-2017-09:43:05:291 295472 296112 1
19-07-2017-09:43:05:332 296112 296752 1
19-07-2017-09:43:05:378 296752 297392 1
19-07-2017-09:43:05:418 297392 298032 1
19-07-2017-09:43:05:458 298032 298672 1
19-07-2017-09:43:05:504 298672 299312 1
19-07-2017-09:43:05:546 299312 299952 1
19-07-2017-09:43:05:574 299952 300592 1
19-07-2017-09:43:05:615 300592 301232 1
19-07-2017-09:43:05:656 301232 301872 1
19-07-2017-09:43:05:701 301872 302512 1
19-07-2017-09:43:05:741 302512 303152 1
19-07-2017-09:43:05:771 303152 303792 1
19-07-2017-09:43:05:811 303792 304432 1
19-07-2017-09:43:05:855 304432 305072 1
19-07-2017-09:43:05:897 305072 305712 1
19-07-2017-09:43:05:941 305712 306352 1
19-07-2017-09:43:05:983 306352 306992 1
19-07-2017-09:43:06:012 306992 307632 1
19-07-2017-09:43:06:053 307632 308272 1
19-07-2017-09:43:06:093 308272 308912 1
19-07-2017-09:43:06:137 308912 309552 1
19-07-2017-09:43:06:179 309552 310192 1
19-07-2017-09:43:06:221 310192 310832 1
19-07-2017-09:43:06:266 310832 311472 1
19-07-2017-09:43:06:306 311472 312112 1
19-07-2017-09:43:06:335 312112 312752 1
19-07-2017-09:43:06:377 312752 313392 1
19-07-2017-09:43:06:417 313392 314032 1
19-07-2017-09:43:06:463 314032 314672 1
19-07-2017-09:43:06:505 314672 315312 1
19-07-2017-09:43:06:533 315312 315952 1
19-07-2017-09:43:06:573 315952 316592 1
19-07-2017-09:43:06:614 316592 317232 1
19-07-2017-09:43:06:659 317232 317872 1
19-07-2017-09:43:06:701 317872 318512 1
19-07-2017-09:43:06:741 318512 319152 1
19-07-2017-09:43:06:770 319152 319792 1
19-07-2017-09:43:06:812 319792 320432 1
19-07-2017-09:43:06:852 320432 321072 1
19-07-2017-09:43:06:898 321072 321712 1
19-07-2017-09:43:06:940 321712 322352 1
19-07-2017-09:43:06:979 322352 322992 1
19-07-2017-09:43:07:020 322992 323632 1
19-07-2017-09:43:07:066 323632 324272 1
19-07-2017-09:43:07:108 324272 324912 1
19-07-2017-09:43:07:136 324912 325552 1
19-07-2017-09:43:07:178 325552 326192 1
19-07-2017-09:43:07:217 326192 326832 1
19-07-2017-09:43:07:257 326832 327472 1
19-07-2017-09:43:07:305 327472 328112 1
19-07-2017-09:43:07:344 328112 328752 1
19-07-2017-09:43:07:373 328752 329392 1
19-07-2017-09:43:07:419 329392 330032 1
19-07-2017-09:43:07:461 330032 330672 1
19-07-2017-09:43:07:501 330672 331312 1
19-07-2017-09:43:07:544 331312 331952 1
19-07-2017-09:43:07:570 331952 332592 1
19-07-2017-09:43:07:611 332592 333232 1
19-07-2017-09:43:07:658 333232 333872 1
19-07-2017-09:43:07:699 333872 334512 1
19-07-2017-09:43:07:739 334512 335152 1
19-07-2017-09:43:08:143 335152 335792 1
19-07-2017-09:43:08:146 335792 336432 1
19-07-2017-09:43:08:146 336432 337072 1
19-07-2017-09:43:08:146 337072 337712 1
19-07-2017-09:43:08:146 337712 338352 1
19-07-2017-09:43:08:146 338352 338992 1
19-07-2017-09:43:08:146 338992 339632 1
19-07-2017-09:43:08:146 339632 340272 1
19-07-2017-09:43:08:146 340272 340912 1
19-07-2017-09:43:08:146 340912 341552 1
19-07-2017-09:43:08:174 341552 342192 1
19-07-2017-09:43:08:219 342192 342832 1
19-07-2017-09:43:08:261 342832 343472 1
19-07-2017-09:43:08:301 343472 344112 1
19-07-2017-09:43:08:341 344112 344752 1
19-07-2017-09:43:08:370 344752 345392 1
19-07-2017-09:43:08:411 345392 346032 1
19-07-2017-09:43:08:457 346032 346672 1
19-07-2017-09:43:08:499 346672 347312 1
19-07-2017-09:43:08:540 347312 347952 1
19-07-2017-09:43:08:580 347952 348592 1
19-07-2017-09:43:08:626 348592 349232 1
19-07-2017-09:43:08:668 349232 349872 1
19-07-2017-09:43:08:699 349872 350512 1
19-07-2017-09:43:08:737 350512 351152 1
19-07-2017-09:43:08:778 351152 351792 1
19-07-2017-09:43:08:817 351792 352432 1
19-07-2017-09:43:08:863 352432 353072 1
19-07-2017-09:43:08:890 353072 353712 1
19-07-2017-09:43:08:932 353712 354352 1
19-07-2017-09:43:08:971 354352 354992 1
19-07-2017-09:43:09:018 354992 355632 1
19-07-2017-09:43:09:060 355632 356272 1
19-07-2017-09:43:09:100 356272 356912 1
19-07-2017-09:43:09:142 356912 357552 1
19-07-2017-09:43:09:171 357552 358192 1
19-07-2017-09:43:09:211 358192 358832 1
19-07-2017-09:43:09:257 358832 359472 1
19-07-2017-09:43:09:297 359472 360112 1
19-07-2017-09:43:09:339 360112 360752 1
19-07-2017-09:43:09:379 360752 361392 1
19-07-2017-09:43:09:426 361392 362032 1
19-07-2017-09:43:09:467 362032 362672 1
19-07-2017-09:43:09:497 362672 363312 1
19-07-2017-09:43:09:540 363312 363952 1
19-07-2017-09:43:09:579 363952 364592 1
19-07-2017-09:43:09:624 364592 365232 1
19-07-2017-09:43:09:663 365232 365872 1
19-07-2017-09:43:09:693 365872 366512 1
19-07-2017-09:43:09:732 366512 367152 1
19-07-2017-09:43:09:773 367152 367792 1
19-07-2017-09:43:09:815 367792 368432 1
19-07-2017-09:43:09:860 368432 369072 1
19-07-2017-09:43:09:900 369072 369712 1
19-07-2017-09:43:09:942 369712 370352 1
19-07-2017-09:43:09:971 370352 370992 1
19-07-2017-09:43:10:011 370992 371632 1
19-07-2017-09:43:10:058 371632 372272 1
19-07-2017-09:43:10:098 372272 372912 1
19-07-2017-09:43:10:138 372912 373552 1
19-07-2017-09:43:10:179 373552 374192 1
19-07-2017-09:43:10:224 374192 374832 1
19-07-2017-09:43:10:253 374832 375472 1
19-07-2017-09:43:10:294 375472 376112 1
19-07-2017-09:43:10:335 376112 376752 1
19-07-2017-09:43:10:380 376752 377392 1
19-07-2017-09:43:10:420 377392 378032 1
19-07-2017-09:43:10:466 378032 378672 1
19-07-2017-09:43:10:494 378672 379312 1
19-07-2017-09:43:10:538 379312 379952 1
19-07-2017-09:43:10:577 379952 380592 1
19-07-2017-09:43:10:618 380592 381232 1
19-07-2017-09:43:10:663 381232 381872 1
19-07-2017-09:43:10:703 381872 382512 1
19-07-2017-09:43:10:733 382512 383152 1
19-07-2017-09:43:10:772 383152 383792 1
19-07-2017-09:43:10:814 383792 384432 1
19-07-2017-09:43:10:854 384432 385072 1
19-07-2017-09:43:10:902 385072 385712 1
19-07-2017-09:43:11:165 385712 386352 1
19-07-2017-09:43:11:167 386352 386992 1
19-07-2017-09:43:11:168 386992 387632 1
19-07-2017-09:43:11:168 387632 388272 1
19-07-2017-09:43:11:168 388272 388912 1
19-07-2017-09:43:11:168 388912 389552 1
19-07-2017-09:43:11:179 389552 390192 1
19-07-2017-09:43:11:226 390192 390832 1
19-07-2017-09:43:11:262 390832 391472 1
19-07-2017-09:43:11:292 391472 392112 1
19-07-2017-09:43:11:338 392112 392752 1
19-07-2017-09:43:11:379 392752 393392 1
19-07-2017-09:43:11:418 393392 394032 1
19-07-2017-09:43:11:462 394032 394672 1
19-07-2017-09:43:11:494 394672 395312 1
19-07-2017-09:43:11:542 395312 395952 1
19-07-2017-09:43:11:584 395952 396592 1
19-07-2017-09:43:11:625 396592 397232 1
19-07-2017-09:43:11:653 397232 397872 1
19-07-2017-09:43:11:691 397872 398512 1
19-07-2017-09:43:11:738 398512 399152 1
19-07-2017-09:43:11:777 399152 399792 1
19-07-2017-09:43:11:819 399792 400432 1
19-07-2017-09:43:11:863 400432 401072 1
19-07-2017-09:43:11:895 401072 401712 1
19-07-2017-09:43:11:933 401712 402352 1
19-07-2017-09:43:11:976 402352 402992 1
19-07-2017-09:43:12:014 402992 403632 1
19-07-2017-09:43:12:061 403632 404272 1
19-07-2017-09:43:12:102 404272 404912 1
19-07-2017-09:43:12:135 404912 405552 1
19-07-2017-09:43:12:172 405552 406192 1
19-07-2017-09:43:12:213 406192 406832 1
19-07-2017-09:43:12:252 406832 407472 1
19-07-2017-09:43:12:298 407472 408112 1
19-07-2017-09:43:12:338 408112 408752 1
19-07-2017-09:43:12:381 408752 409392 1
19-07-2017-09:43:12:427 409392 410032 1
19-07-2017-09:43:12:451 410032 410672 1
19-07-2017-09:43:12:497 410672 411312 1
19-07-2017-09:43:12:539 411312 411952 1
19-07-2017-09:43:12:578 411952 412592 1
19-07-2017-09:43:12:619 412592 413232 1
19-07-2017-09:43:12:665 413232 413872 1
19-07-2017-09:43:12:707 413872 414512 1
19-07-2017-09:43:12:733 414512 415152 1
19-07-2017-09:43:12:776 415152 415792 1
19-07-2017-09:43:12:816 415792 416432 1
19-07-2017-09:43:12:863 416432 417072 1
19-07-2017-09:43:12:902 417072 417712 1
19-07-2017-09:43:12:931 417712 418352 1
19-07-2017-09:43:12:978 418352 418992 1
19-07-2017-09:43:13:014 418992 419632 1
19-07-2017-09:43:13:054 419632 420272 1
19-07-2017-09:43:13:098 420272 420912 1
19-07-2017-09:43:13:140 420912 421552 1
19-07-2017-09:43:13:179 421552 422192 1
19-07-2017-09:43:13:228 422192 422832 1
19-07-2017-09:43:13:257 422832 423472 1
19-07-2017-09:43:13:296 423472 424112 1
19-07-2017-09:43:13:338 424112 424752 1
19-07-2017-09:43:13:381 424752 425392 1
19-07-2017-09:43:13:410 425392 426032 1
19-07-2017-09:43:13:450 426032 426672 1
19-07-2017-09:43:13:497 426672 427312 1
19-07-2017-09:43:13:537 427312 427952 1
19-07-2017-09:43:13:577 427952 428592 1
19-07-2017-09:43:13:623 428592 429232 1
19-07-2017-09:43:13:665 429232 429872 1
19-07-2017-09:43:13:692 429872 430512 1
19-07-2017-09:43:13:733 430512 431152 1
19-07-2017-09:43:13:774 431152 431792 1
19-07-2017-09:43:13:814 431792 432432 1
19-07-2017-09:43:13:861 432432 433072 1
19-07-2017-09:43:13:901 433072 433712 1
19-07-2017-09:43:13:930 433712 434352 1
19-07-2017-09:43:13:971 434352 434992 1
19-07-2017-09:43:14:012 434992 435632 1
19-07-2017-09:43:14:052 435632 436272 1
19-07-2017-09:43:14:326 436272 436912 1
19-07-2017-09:43:14:327 436912 437552 1
19-07-2017-09:43:14:327 437552 438192 1
19-07-2017-09:43:14:328 438192 438832 1
19-07-2017-09:43:14:328 438832 439472 1
19-07-2017-09:43:14:328 439472 440112 1
19-07-2017-09:43:14:336 440112 440752 1
19-07-2017-09:43:14:386 440752 441392 1
19-07-2017-09:43:14:421 441392 442032 1
19-07-2017-09:43:14:465 442032 442672 1
19-07-2017-09:43:14:492 442672 443312 1
19-07-2017-09:43:14:533 443312 443952 1
19-07-2017-09:43:14:574 443952 444592 1
19-07-2017-09:43:14:614 444592 445232 1
19-07-2017-09:43:14:662 445232 445872 1
19-07-2017-09:43:14:701 445872 446512 1
19-07-2017-09:43:14:731 446512 447152 1
19-07-2017-09:43:14:770 447152 447792 1
19-07-2017-09:43:14:812 447792 448432 1
19-07-2017-09:43:14:852 448432 449072 1
19-07-2017-09:43:14:894 449072 449712 1
19-07-2017-09:43:14:939 449712 450352 1
19-07-2017-09:43:14:981 450352 450992 1
19-07-2017-09:43:15:021 450992 451632 1
19-07-2017-09:43:15:050 451632 452272 1
19-07-2017-09:43:15:091 452272 452912 1
19-07-2017-09:43:15:136 452912 453552 1
19-07-2017-09:43:15:178 453552 454192 1
19-07-2017-09:43:15:218 454192 454832 1
19-07-2017-09:43:15:259 454832 455472 1
19-07-2017-09:43:15:304 455472 456112 1
19-07-2017-09:43:15:346 456112 456752 1
19-07-2017-09:43:15:374 456752 457392 1
19-07-2017-09:43:15:416 457392 458032 1
19-07-2017-09:43:15:455 458032 458672 1
19-07-2017-09:43:15:497 458672 459312 1
19-07-2017-09:43:15:543 459312 459952 1
19-07-2017-09:43:15:584 459952 460592 1
19-07-2017-09:43:15:612 460592 461232 1
19-07-2017-09:43:15:652 461232 461872 1
19-07-2017-09:43:15:693 461872 462512 1
19-07-2017-09:43:15:735 462512 463152 1
19-07-2017-09:43:15:782 463152 463792 1
19-07-2017-09:43:15:822 463792 464432 1
19-07-2017-09:43:15:860 464432 465072 1
19-07-2017-09:43:15:890 465072 465712 1
19-07-2017-09:43:15:932 465712 466352 1
19-07-2017-09:43:15:979 466352 466992 1
19-07-2017-09:43:16:018 466992 467632 1
19-07-2017-09:43:16:119 467632 468272 1
19-07-2017-09:43:16:120 468272 468912 1
19-07-2017-09:43:16:152 468912 469552 1
19-07-2017-09:43:16:184 469552 470192 1
19-07-2017-09:43:16:216 470192 470832 1
19-07-2017-09:43:16:258 470832 471472 1
19-07-2017-09:43:16:298 471472 472112 1
19-07-2017-09:43:16:338 472112 472752 1
19-07-2017-09:43:16:382 472752 473392 1
19-07-2017-09:43:16:422 473392 474032 1
19-07-2017-09:43:16:454 474032 474672 1
19-07-2017-09:43:16:494 474672 475312 1
19-07-2017-09:43:16:533 475312 475952 1
19-07-2017-09:43:16:574 475952 476592 1
19-07-2017-09:43:16:620 476592 477232 1
19-07-2017-09:43:16:662 477232 477872 1
19-07-2017-09:43:16:701 477872 478512 1
19-07-2017-09:43:16:730 478512 479152 1
19-07-2017-09:43:16:772 479152 479792 1
19-07-2017-09:43:16:817 479792 480432 1
19-07-2017-09:43:16:858 480432 481072 1
19-07-2017-09:43:16:900 481072 481712 1
19-07-2017-09:43:16:939 481712 482352 1
19-07-2017-09:43:16:986 482352 482992 1
19-07-2017-09:43:17:010 482992 483632 1
19-07-2017-09:43:17:057 483632 484272 1
19-07-2017-09:43:17:097 484272 484912 1
19-07-2017-09:43:17:137 484912 485552 1
19-07-2017-09:43:17:177 485552 486192 1
19-07-2017-09:43:17:224 486192 486832 1
19-07-2017-09:43:17:254 486832 487472 1
19-07-2017-09:43:17:294 487472 488112 1
19-07-2017-09:43:17:334 488112 488752 1
19-07-2017-09:43:17:374 488752 489392 1
19-07-2017-09:43:17:422 489392 490032 1
19-07-2017-09:43:17:464 490032 490672 1
19-07-2017-09:43:17:501 490672 491312 1
19-07-2017-09:43:17:529 491312 491952 1
19-07-2017-09:43:17:571 491952 492592 1
19-07-2017-09:43:17:617 492592 493232 1
19-07-2017-09:43:17:659 493232 493872 1
19-07-2017-09:43:17:699 493872 494512 1
19-07-2017-09:43:17:740 494512 495152 1
19-07-2017-09:43:17:788 495152 495792 1
19-07-2017-09:43:17:811 495792 496432 1
19-07-2017-09:43:17:854 496432 497072 1
19-07-2017-09:43:17:894 497072 497712 1
19-07-2017-09:43:17:941 497712 498352 1
19-07-2017-09:43:17:981 498352 498992 1
19-07-2017-09:43:18:012 498992 499632 1
19-07-2017-09:43:18:052 499632 500272 1
19-07-2017-09:43:18:093 500272 500912 1
19-07-2017-09:43:18:139 500912 501552 1
19-07-2017-09:43:18:178 501552 502192 1
19-07-2017-09:43:18:220 502192 502832 1
19-07-2017-09:43:18:261 502832 503472 1
19-07-2017-09:43:18:291 503472 504112 1
19-07-2017-09:43:18:331 504112 504752 1
19-07-2017-09:43:18:376 504752 505392 1
19-07-2017-09:43:18:418 505392 506032 1
19-07-2017-09:43:18:457 506032 506672 1
19-07-2017-09:43:18:499 506672 507312 1
19-07-2017-09:43:18:545 507312 507952 1
19-07-2017-09:43:18:574 507952 508592 1
19-07-2017-09:43:18:616 508592 509232 1
19-07-2017-09:43:18:655 509232 509872 1
19-07-2017-09:43:18:697 509872 510512 1
19-07-2017-09:43:18:743 510512 511152 1
19-07-2017-09:43:18:773 511152 511792 1
19-07-2017-09:43:18:814 511792 512432 1
19-07-2017-09:43:18:854 512432 513072 1
19-07-2017-09:43:18:893 513072 513712 1
19-07-2017-09:43:18:940 513712 514352 1
19-07-2017-09:43:18:980 514352 514992 1
19-07-2017-09:43:19:010 514992 515632 1
19-07-2017-09:43:19:050 515632 516272 1
19-07-2017-09:43:19:093 516272 516912 1
19-07-2017-09:43:19:140 516912 517552 1
19-07-2017-09:43:19:179 517552 518192 1
19-07-2017-09:43:19:632 518192 518832 1
19-07-2017-09:43:19:633 518832 519472 1
19-07-2017-09:43:19:634 519472 520112 1
19-07-2017-09:43:19:634 520112 520752 1
19-07-2017-09:43:19:634 520752 521392 1
19-07-2017-09:43:19:634 521392 522032 1
19-07-2017-09:43:19:634 522032 522672 1
19-07-2017-09:43:19:634 522672 523312 1
19-07-2017-09:43:19:634 523312 523952 1
19-07-2017-09:43:19:635 523952 524592 1
19-07-2017-09:43:19:635 524592 525232 1
19-07-2017-09:43:19:656 525232 525872 1
19-07-2017-09:43:19:696 525872 526512 1
19-07-2017-09:43:19:742 526512 527152 1
19-07-2017-09:43:19:777 527152 527792 1
19-07-2017-09:43:19:823 527792 528432 1
19-07-2017-09:43:19:864 528432 529072 1
19-07-2017-09:43:19:893 529072 529712 1
19-07-2017-09:43:19:934 529712 530352 1
19-07-2017-09:43:19:973 530352 530992 1
19-07-2017-09:43:20:020 530992 531632 1
19-07-2017-09:43:20:059 531632 532272 1
19-07-2017-09:43:20:102 532272 532912 1
19-07-2017-09:43:20:131 532912 533552 1
19-07-2017-09:43:20:171 533552 534192 1
19-07-2017-09:43:20:218 534192 534832 1
19-07-2017-09:43:20:258 534832 535472 1
19-07-2017-09:43:20:299 535472 536112 1
19-07-2017-09:43:20:339 536112 536752 1
19-07-2017-09:43:20:386 536752 537392 1
19-07-2017-09:43:20:413 537392 538032 1
19-07-2017-09:43:20:455 538032 538672 1
19-07-2017-09:43:20:496 538672 539312 1
19-07-2017-09:43:20:535 539312 539952 1
19-07-2017-09:43:20:582 539952 540592 1
19-07-2017-09:43:20:623 540592 541232 1
19-07-2017-09:43:20:652 541232 541872 1
19-07-2017-09:43:20:691 541872 542512 1
19-07-2017-09:43:20:733 542512 543152 1
19-07-2017-09:43:20:779 543152 543792 1
19-07-2017-09:43:20:819 543792 544432 1
19-07-2017-09:43:20:861 544432 545072 1
19-07-2017-09:43:20:902 545072 545712 1
19-07-2017-09:43:20:930 545712 546352 1
19-07-2017-09:43:20:969 546352 546992 1
19-07-2017-09:43:21:013 546992 547632 1
19-07-2017-09:43:21:056 547632 548272 1
19-07-2017-09:43:21:097 548272 548912 1
19-07-2017-09:43:21:138 548912 549552 1
19-07-2017-09:43:21:180 549552 550192 1
19-07-2017-09:43:21:224 550192 550832 1
19-07-2017-09:43:21:253 550832 551472 1
19-07-2017-09:43:21:295 551472 552112 1
19-07-2017-09:43:21:335 552112 552752 1
19-07-2017-09:43:21:376 552752 553392 1
19-07-2017-09:43:21:422 553392 554032 1
19-07-2017-09:43:21:460 554032 554672 1
19-07-2017-09:43:21:491 554672 555312 1
19-07-2017-09:43:21:530 555312 555952 1
19-07-2017-09:43:21:571 555952 556592 1
19-07-2017-09:43:21:618 556592 557232 1
19-07-2017-09:43:21:658 557232 557872 1
19-07-2017-09:43:21:697 557872 558512 1
19-07-2017-09:43:21:744 558512 559152 1
19-07-2017-09:43:21:785 559152 559792 1
19-07-2017-09:43:21:815 559792 560432 1
19-07-2017-09:43:21:856 560432 561072 1
19-07-2017-09:43:21:896 561072 561712 1
19-07-2017-09:43:21:942 561712 562352 1
19-07-2017-09:43:21:982 562352 562992 1
19-07-2017-09:43:22:010 562992 563632 1
19-07-2017-09:43:22:052 563632 564272 1
19-07-2017-09:43:22:092 564272 564912 1
19-07-2017-09:43:22:138 564912 565552 1
19-07-2017-09:43:22:180 565552 566192 1
19-07-2017-09:43:22:219 566192 566832 1
19-07-2017-09:43:22:262 566832 567472 1
19-07-2017-09:43:22:290 567472 568112 1
19-07-2017-09:43:22:330 568112 568752 1
19-07-2017-09:43:22:687 568752 569392 1
19-07-2017-09:43:22:689 569392 570032 1
19-07-2017-09:43:22:689 570032 570672 1
19-07-2017-09:43:22:689 570672 571312 1
19-07-2017-09:43:22:689 571312 571952 1
19-07-2017-09:43:22:689 571952 572592 1
19-07-2017-09:43:22:690 572592 573232 1
19-07-2017-09:43:22:690 573232 573872 1
19-07-2017-09:43:22:699 573872 574512 1
19-07-2017-09:43:22:737 574512 575152 1
19-07-2017-09:43:22:779 575152 575792 1
19-07-2017-09:43:22:826 575792 576432 1
19-07-2017-09:43:22:866 576432 577072 1
19-07-2017-09:43:22:895 577072 577712 1
19-07-2017-09:43:22:937 577712 578352 1
19-07-2017-09:43:22:977 578352 578992 1
19-07-2017-09:43:23:017 578992 579632 1
19-07-2017-09:43:23:063 579632 580272 1
19-07-2017-09:43:23:094 580272 580912 1
19-07-2017-09:43:23:134 580912 581552 1
19-07-2017-09:43:23:172 581552 582192 1
19-07-2017-09:43:23:214 582192 582832 1
19-07-2017-09:43:23:260 582832 583472 1
19-07-2017-09:43:23:302 583472 584112 1
19-07-2017-09:43:23:342 584112 584752 1
19-07-2017-09:43:23:371 584752 585392 1
19-07-2017-09:43:23:412 585392 586032 1
19-07-2017-09:43:23:456 586032 586672 1
19-07-2017-09:43:23:497 586672 587312 1
19-07-2017-09:43:23:538 587312 587952 1
19-07-2017-09:43:23:580 587952 588592 1
19-07-2017-09:43:23:625 588592 589232 1
19-07-2017-09:43:23:665 589232 589872 1
19-07-2017-09:43:23:694 589872 590512 1
19-07-2017-09:43:23:735 590512 591152 1
19-07-2017-09:43:23:775 591152 591792 1
19-07-2017-09:43:23:815 591792 592432 1
19-07-2017-09:43:23:858 592432 593072 1
19-07-2017-09:43:23:904 593072 593712 1
19-07-2017-09:43:23:945 593712 594352 1
19-07-2017-09:43:23:974 594352 594992 1
19-07-2017-09:43:24:016 594992 595632 1
19-07-2017-09:43:24:055 595632 596272 1
19-07-2017-09:43:24:103 596272 596912 1
19-07-2017-09:43:24:143 596912 597552 1
19-07-2017-09:43:24:174 597552 598192 1
19-07-2017-09:43:24:213 598192 598832 1
19-07-2017-09:43:24:255 598832 599472 1
19-07-2017-09:43:24:303 599472 600112 1
19-07-2017-09:43:24:342 600112 600752 1
19-07-2017-09:43:24:381 600752 601392 1
19-07-2017-09:43:24:422 601392 602032 1
19-07-2017-09:43:24:466 602032 602672 1
19-07-2017-09:43:24:495 602672 603312 1
19-07-2017-09:43:24:537 603312 603952 1
19-07-2017-09:43:24:575 603952 604592 1
19-07-2017-09:43:24:616 604592 605232 1
19-07-2017-09:43:24:663 605232 605872 1
19-07-2017-09:43:24:693 605872 606512 1
19-07-2017-09:43:24:732 606512 607152 1
19-07-2017-09:43:24:779 607152 607792 1
19-07-2017-09:43:24:819 607792 608432 1
19-07-2017-09:43:24:859 608432 609072 1
19-07-2017-09:43:24:901 609072 609712 1
19-07-2017-09:43:24:940 609712 610352 1
19-07-2017-09:43:24:970 610352 610992 1
19-07-2017-09:43:25:010 610992 611632 1
19-07-2017-09:43:25:058 611632 612272 1
19-07-2017-09:43:25:098 612272 612912 1
19-07-2017-09:43:25:138 612912 613552 1
19-07-2017-09:43:25:185 613552 614192 1
19-07-2017-09:43:25:226 614192 614832 1
19-07-2017-09:43:25:255 614832 615472 1
19-07-2017-09:43:25:294 615472 616112 1
19-07-2017-09:43:25:335 616112 616752 1
19-07-2017-09:43:25:376 616752 617392 1
19-07-2017-09:43:25:422 617392 618032 1
19-07-2017-09:43:25:515 618032 618672 1
19-07-2017-09:43:25:516 618672 619312 1
19-07-2017-09:43:25:532 619312 619952 1
19-07-2017-09:43:25:572 619952 620592 1
19-07-2017-09:43:25:614 620592 621232 1
19-07-2017-09:43:25:658 621232 621872 1
19-07-2017-09:43:25:700 621872 622512 1
19-07-2017-09:43:25:740 622512 623152 1
19-07-2017-09:43:25:786 623152 623792 1
19-07-2017-09:43:25:810 623792 624432 1
19-07-2017-09:43:25:856 624432 625072 1
19-07-2017-09:43:25:896 625072 625712 1
19-07-2017-09:43:25:938 625712 626352 1
19-07-2017-09:43:25:978 626352 626992 1
19-07-2017-09:43:26:024 626992 627632 1
19-07-2017-09:43:26:053 627632 628272 1
19-07-2017-09:43:26:093 628272 628912 1
19-07-2017-09:43:26:135 628912 629552 1
19-07-2017-09:43:26:175 629552 630192 1
19-07-2017-09:43:26:220 630192 630832 1
19-07-2017-09:43:26:261 630832 631472 1
19-07-2017-09:43:26:290 631472 632112 1
19-07-2017-09:43:26:330 632112 632752 1
19-07-2017-09:43:26:370 632752 633392 1
19-07-2017-09:43:26:409 633392 634032 1
19-07-2017-09:43:26:456 634032 634672 1
19-07-2017-09:43:26:495 634672 635312 1
19-07-2017-09:43:26:535 635312 635952 1
19-07-2017-09:43:26:578 635952 636592 1
19-07-2017-09:43:26:616 636592 637232 1
19-07-2017-09:43:26:664 637232 637872 1
19-07-2017-09:43:26:693 637872 638512 1
19-07-2017-09:43:26:732 638512 639152 1
19-07-2017-09:43:26:775 639152 639792 1
19-07-2017-09:43:26:818 639792 640432 1
19-07-2017-09:43:26:854 640432 641072 1
19-07-2017-09:43:26:901 641072 641712 1
19-07-2017-09:43:26:930 641712 642352 1
19-07-2017-09:43:26:972 642352 642992 1
19-07-2017-09:43:27:011 642992 643632 1
19-07-2017-09:43:27:057 643632 644272 1
19-07-2017-09:43:27:099 644272 644912 1
19-07-2017-09:43:27:139 644912 645552 1
19-07-2017-09:43:27:187 645552 646192 1
19-07-2017-09:43:27:211 646192 646832 1
19-07-2017-09:43:27:257 646832 647472 1
19-07-2017-09:43:27:298 647472 648112 1
19-07-2017-09:43:27:339 648112 648752 1
19-07-2017-09:43:27:380 648752 649392 1
19-07-2017-09:43:27:419 649392 650032 1
19-07-2017-09:43:27:466 650032 650672 1
19-07-2017-09:43:27:490 650672 651312 1
19-07-2017-09:43:27:535 651312 651952 1
19-07-2017-09:43:27:576 651952 652592 1
19-07-2017-09:43:27:617 652592 653232 1
19-07-2017-09:43:27:662 653232 653872 1
19-07-2017-09:43:27:703 653872 654512 1
19-07-2017-09:43:27:732 654512 655152 1
19-07-2017-09:43:27:772 655152 655792 1
19-07-2017-09:43:27:813 655792 656432 1
19-07-2017-09:43:27:854 656432 657072 1
19-07-2017-09:43:27:900 657072 657712 1
19-07-2017-09:43:27:940 657712 658352 1
19-07-2017-09:43:27:981 658352 658992 1
19-07-2017-09:43:28:009 658992 659632 1
19-07-2017-09:43:28:052 659632 660272 1
19-07-2017-09:43:28:096 660272 660912 1
19-07-2017-09:43:28:137 660912 661552 1
19-07-2017-09:43:28:179 661552 662192 1
19-07-2017-09:43:28:218 662192 662832 1
19-07-2017-09:43:28:264 662832 663472 1
19-07-2017-09:43:28:306 663472 664112 1
19-07-2017-09:43:28:338 664112 664752 1
19-07-2017-09:43:28:373 664752 665392 1
19-07-2017-09:43:28:422 665392 666032 1
19-07-2017-09:43:28:463 666032 666672 1
19-07-2017-09:43:28:502 666672 667312 1
19-07-2017-09:43:28:531 667312 667952 1
19-07-2017-09:43:28:570 667952 668592 1
19-07-2017-09:43:28:808 668592 669232 1
19-07-2017-09:43:28:809 669232 669872 1
19-07-2017-09:43:28:809 669872 670512 1
19-07-2017-09:43:28:809 670512 671152 1
19-07-2017-09:43:28:809 671152 671792 1
19-07-2017-09:43:28:826 671792 672432 1
19-07-2017-09:43:28:854 672432 673072 1
19-07-2017-09:43:28:895 673072 673712 1
19-07-2017-09:43:28:935 673712 674352 1
19-07-2017-09:43:28:975 674352 674992 1
19-07-2017-09:43:29:021 674992 675632 1
19-07-2017-09:43:29:050 675632 676272 1
19-07-2017-09:43:29:090 676272 676912 1
19-07-2017-09:43:29:133 676912 677552 1
19-07-2017-09:43:29:172 677552 678192 1
19-07-2017-09:43:29:219 678192 678832 1
19-07-2017-09:43:29:259 678832 679472 1
19-07-2017-09:43:29:300 679472 680112 1
19-07-2017-09:43:29:346 680112 680752 1
19-07-2017-09:43:29:375 680752 681392 1
19-07-2017-09:43:29:416 681392 682032 1
19-07-2017-09:43:29:456 682032 682672 1
19-07-2017-09:43:29:496 682672 683312 1
19-07-2017-09:43:29:542 683312 683952 1
19-07-2017-09:43:29:583 683952 684592 1
19-07-2017-09:43:29:611 684592 685232 1
19-07-2017-09:43:29:651 685232 685872 1
19-07-2017-09:43:29:693 685872 686512 1
19-07-2017-09:43:29:799 686512 687152 1
19-07-2017-09:43:29:800 687152 687792 1
19-07-2017-09:43:29:819 687792 688432 1
19-07-2017-09:43:29:856 688432 689072 1
19-07-2017-09:43:29:896 689072 689712 1
19-07-2017-09:43:29:947 689712 690352 1
19-07-2017-09:43:29:976 690352 690992 1
19-07-2017-09:43:30:015 690992 691632 1
19-07-2017-09:43:30:060 691632 692272 1
19-07-2017-09:43:30:100 692272 692912 1
19-07-2017-09:43:30:141 692912 693552 1
19-07-2017-09:43:30:174 693552 694192 1
19-07-2017-09:43:30:212 694192 694832 1
19-07-2017-09:43:30:250 694832 695472 1
19-07-2017-09:43:30:298 695472 696112 1
19-07-2017-09:43:30:338 696112 696752 1
19-07-2017-09:43:30:381 696752 697392 1
19-07-2017-09:43:30:427 697392 698032 1
19-07-2017-09:43:30:450 698032 698672 1
19-07-2017-09:43:30:496 698672 699312 1
19-07-2017-09:43:30:537 699312 699952 1
19-07-2017-09:43:30:577 699952 700592 1
19-07-2017-09:43:30:617 700592 701232 1
19-07-2017-09:43:30:663 701232 701872 1
19-07-2017-09:43:30:693 701872 702512 1
19-07-2017-09:43:30:733 702512 703152 1
19-07-2017-09:43:30:775 703152 703792 1
19-07-2017-09:43:30:814 703792 704432 1
19-07-2017-09:43:30:860 704432 705072 1
19-07-2017-09:43:30:901 705072 705712 1
19-07-2017-09:43:30:941 705712 706352 1
19-07-2017-09:43:30:969 706352 706992 1
19-07-2017-09:43:31:011 706992 707632 1
19-07-2017-09:43:31:057 707632 708272 1
19-07-2017-09:43:31:096 708272 708912 1
19-07-2017-09:43:31:136 708912 709552 1
19-07-2017-09:43:31:178 709552 710192 1
19-07-2017-09:43:31:218 710192 710832 1
19-07-2017-09:43:31:264 710832 711472 1
19-07-2017-09:43:31:293 711472 712112 1
19-07-2017-09:43:31:335 712112 712752 1
19-07-2017-09:43:31:380 712752 713392 1
19-07-2017-09:43:31:421 713392 714032 1
19-07-2017-09:43:31:451 714032 714672 1
19-07-2017-09:43:31:490 714672 715312 1
19-07-2017-09:43:31:531 715312 715952 1
19-07-2017-09:43:31:579 715952 716592 1
19-07-2017-09:43:31:619 716592 717232 1
19-07-2017-09:43:31:659 717232 717872 1
19-07-2017-09:43:31:705 717872 718512 1
19-07-2017-09:43:31:745 718512 719152 1
19-07-2017-09:43:31:775 719152 719792 1
19-07-2017-09:43:31:815 719792 720432 1
19-07-2017-09:43:31:856 720432 721072 1
19-07-2017-09:43:31:897 721072 721712 1
19-07-2017-09:43:31:944 721712 722352 1
19-07-2017-09:43:31:972 722352 722992 1
19-07-2017-09:43:32:014 722992 723632 1
19-07-2017-09:43:32:053 723632 724272 1
19-07-2017-09:43:32:094 724272 724912 1
19-07-2017-09:43:32:145 724912 725552 1
19-07-2017-09:43:32:183 725552 726192 1
19-07-2017-09:43:32:212 726192 726832 1
19-07-2017-09:43:32:251 726832 727472 1
19-07-2017-09:43:32:291 727472 728112 1
19-07-2017-09:43:32:332 728112 728752 1
19-07-2017-09:43:32:378 728752 729392 1
19-07-2017-09:43:32:422 729392 730032 1
19-07-2017-09:43:32:459 730032 730672 1
19-07-2017-09:43:32:504 730672 731312 1
19-07-2017-09:43:32:545 731312 731952 1
19-07-2017-09:43:32:573 731952 732592 1
19-07-2017-09:43:32:613 732592 733232 1
19-07-2017-09:43:32:654 733232 733872 1
19-07-2017-09:43:32:701 733872 734512 1
19-07-2017-09:43:32:741 734512 735152 1
19-07-2017-09:43:32:770 735152 735792 1
19-07-2017-09:43:32:810 735792 736432 1
19-07-2017-09:43:32:851 736432 737072 1
19-07-2017-09:43:33:175 737072 737712 1
19-07-2017-09:43:33:177 737712 738352 1
19-07-2017-09:43:33:177 738352 738992 1
19-07-2017-09:43:33:177 738992 739632 1
19-07-2017-09:43:33:177 739632 740272 1
19-07-2017-09:43:33:177 740272 740912 1
19-07-2017-09:43:33:177 740912 741552 1
19-07-2017-09:43:33:177 741552 742192 1
19-07-2017-09:43:33:216 742192 742832 1
19-07-2017-09:43:33:256 742832 743472 1
19-07-2017-09:43:33:303 743472 744112 1
19-07-2017-09:43:33:334 744112 744752 1
19-07-2017-09:43:33:372 744752 745392 1
19-07-2017-09:43:33:413 745392 746032 1
19-07-2017-09:43:33:453 746032 746672 1
19-07-2017-09:43:33:499 746672 747312 1
19-07-2017-09:43:33:541 747312 747952 1
19-07-2017-09:43:33:570 747952 748592 1
19-07-2017-09:43:33:611 748592 749232 1
19-07-2017-09:43:33:653 749232 749872 1
19-07-2017-09:43:33:692 749872 750512 1
19-07-2017-09:43:33:741 750512 751152 1
19-07-2017-09:43:33:780 751152 751792 1
19-07-2017-09:43:33:820 751792 752432 1
19-07-2017-09:43:33:849 752432 753072 1
19-07-2017-09:43:33:890 753072 753712 1
19-07-2017-09:43:33:930 753712 754352 1
19-07-2017-09:43:33:976 754352 754992 1
19-07-2017-09:43:34:018 754992 755632 1
19-07-2017-09:43:34:059 755632 756272 1
19-07-2017-09:43:34:099 756272 756912 1
19-07-2017-09:43:34:144 756912 757552 1
19-07-2017-09:43:34:175 757552 758192 1
19-07-2017-09:43:34:215 758192 758832 1
19-07-2017-09:43:34:257 758832 759472 1
19-07-2017-09:43:34:296 759472 760112 1
19-07-2017-09:43:34:343 760112 760752 1
19-07-2017-09:43:34:369 760752 761392 1
19-07-2017-09:43:34:411 761392 762032 1
19-07-2017-09:43:34:453 762032 762672 1
19-07-2017-09:43:34:498 762672 763312 1
19-07-2017-09:43:34:545 763312 763952 1
19-07-2017-09:43:34:580 763952 764592 1
19-07-2017-09:43:34:621 764592 765232 1
19-07-2017-09:43:34:667 765232 765872 1
19-07-2017-09:43:34:706 765872 766512 1
19-07-2017-09:43:34:736 766512 767152 1
19-07-2017-09:43:34:776 767152 767792 1
19-07-2017-09:43:34:816 767792 768432 1
19-07-2017-09:43:34:864 768432 769072 1
19-07-2017-09:43:34:904 769072 769712 1
19-07-2017-09:43:34:935 769712 770352 1
19-07-2017-09:43:34:972 770352 770992 1
19-07-2017-09:43:35:015 770992 771632 1
19-07-2017-09:43:35:060 771632 772272 1
19-07-2017-09:43:35:099 772272 772912 1
19-07-2017-09:43:35:139 772912 773552 1
19-07-2017-09:43:35:184 773552 774192 1
19-07-2017-09:43:35:226 774192 774832 1
19-07-2017-09:43:35:256 774832 775472 1
19-07-2017-09:43:35:296 775472 776112 1
19-07-2017-09:43:35:340 776112 776752 1
19-07-2017-09:43:35:387 776752 777392 1
19-07-2017-09:43:35:424 777392 778032 1
19-07-2017-09:43:35:453 778032 778672 1
19-07-2017-09:43:35:495 778672 779312 1
19-07-2017-09:43:35:534 779312 779952 1
19-07-2017-09:43:35:578 779952 780592 1
19-07-2017-09:43:35:620 780592 781232 1
19-07-2017-09:43:35:662 781232 781872 1
19-07-2017-09:43:35:691 781872 782512 1
19-07-2017-09:43:35:733 782512 783152 1
19-07-2017-09:43:35:774 783152 783792 1
19-07-2017-09:43:35:819 783792 784432 1
19-07-2017-09:43:35:859 784432 785072 1
19-07-2017-09:43:35:902 785072 785712 1
19-07-2017-09:43:35:942 785712 786352 1
19-07-2017-09:43:35:970 786352 786992 1
19-07-2017-09:43:36:013 786992 787632 1
19-07-2017-09:43:36:324 787632 788272 1
19-07-2017-09:43:36:326 788272 788912 1
19-07-2017-09:43:36:326 788912 789552 1
19-07-2017-09:43:36:326 789552 790192 1
19-07-2017-09:43:36:328 790192 790832 1
19-07-2017-09:43:36:328 790832 791472 1
19-07-2017-09:43:36:328 791472 792112 1
19-07-2017-09:43:36:341 792112 792752 1
19-07-2017-09:43:36:377 792752 793392 1
19-07-2017-09:43:36:423 793392 794032 1
19-07-2017-09:43:36:451 794032 794672 1
19-07-2017-09:43:36:493 794672 795312 1
19-07-2017-09:43:36:534 795312 795952 1
19-07-2017-09:43:36:575 795952 796592 1
19-07-2017-09:43:36:619 796592 797232 1
19-07-2017-09:43:36:660 797232 797872 1
19-07-2017-09:43:36:689 797872 798512 1
19-07-2017-09:43:36:730 798512 799152 1
19-07-2017-09:43:36:771 799152 799792 1
19-07-2017-09:43:36:817 799792 800432 1
19-07-2017-09:43:36:858 800432 801072 1
19-07-2017-09:43:36:899 801072 801712 1
19-07-2017-09:43:36:944 801712 802352 1
19-07-2017-09:43:36:985 802352 802992 1
19-07-2017-09:43:37:015 802992 803632 1
19-07-2017-09:43:37:053 803632 804272 1
19-07-2017-09:43:37:095 804272 804912 1
19-07-2017-09:43:37:135 804912 805552 1
19-07-2017-09:43:37:181 805552 806192 1
19-07-2017-09:43:37:210 806192 806832 1
19-07-2017-09:43:37:251 806832 807472 1
19-07-2017-09:43:37:293 807472 808112 1
19-07-2017-09:43:37:333 808112 808752 1
19-07-2017-09:43:37:378 808752 809392 1
19-07-2017-09:43:37:422 809392 810032 1
19-07-2017-09:43:37:465 810032 810672 1
19-07-2017-09:43:37:493 810672 811312 1
19-07-2017-09:43:37:534 811312 811952 1
19-07-2017-09:43:37:575 811952 812592 1
19-07-2017-09:43:37:616 812592 813232 1
19-07-2017-09:43:37:663 813232 813872 1
19-07-2017-09:43:37:690 813872 814512 1
19-07-2017-09:43:37:733 814512 815152 1
19-07-2017-09:43:37:771 815152 815792 1
19-07-2017-09:43:37:812 815792 816432 1
19-07-2017-09:43:37:858 816432 817072 1
19-07-2017-09:43:37:899 817072 817712 1
19-07-2017-09:43:37:939 817712 818352 1
19-07-2017-09:43:37:985 818352 818992 1
19-07-2017-09:43:38:011 818992 819632 1
19-07-2017-09:43:38:056 819632 820272 1
19-07-2017-09:43:38:097 820272 820912 1
19-07-2017-09:43:38:138 820912 821552 1
19-07-2017-09:43:38:178 821552 822192 1
19-07-2017-09:43:38:225 822192 822832 1
19-07-2017-09:43:38:255 822832 823472 1
19-07-2017-09:43:38:298 823472 824112 1
19-07-2017-09:43:38:337 824112 824752 1
19-07-2017-09:43:38:375 824752 825392 1
19-07-2017-09:43:38:423 825392 826032 1
19-07-2017-09:43:38:464 826032 826672 1
19-07-2017-09:43:38:493 826672 827312 1
19-07-2017-09:43:38:533 827312 827952 1
19-07-2017-09:43:38:574 827952 828592 1
19-07-2017-09:43:38:622 828592 829232 1
19-07-2017-09:43:38:663 829232 829872 1
19-07-2017-09:43:38:692 829872 830512 1
19-07-2017-09:43:38:731 830512 831152 1
19-07-2017-09:43:38:774 831152 831792 1
19-07-2017-09:43:38:819 831792 832432 1
19-07-2017-09:43:38:859 832432 833072 1
19-07-2017-09:43:38:901 833072 833712 1
19-07-2017-09:43:38:930 833712 834352 1
19-07-2017-09:43:38:972 834352 834992 1
19-07-2017-09:43:39:012 834992 835632 1
19-07-2017-09:43:39:058 835632 836272 1
19-07-2017-09:43:39:098 836272 836912 1
19-07-2017-09:43:39:139 836912 837552 1
19-07-2017-09:43:39:185 837552 838192 1
19-07-2017-09:43:39:416 838192 838832 1
19-07-2017-09:43:39:417 838832 839472 1
19-07-2017-09:43:39:417 839472 840112 1
19-07-2017-09:43:39:417 840112 840752 1
19-07-2017-09:43:39:418 840752 841392 1
19-07-2017-09:43:39:424 841392 842032 1
19-07-2017-09:43:39:464 842032 842672 1
19-07-2017-09:43:39:492 842672 843312 1
19-07-2017-09:43:39:534 843312 843952 1
19-07-2017-09:43:39:573 843952 844592 1
19-07-2017-09:43:39:616 844592 845232 1
19-07-2017-09:43:39:661 845232 845872 1
19-07-2017-09:43:39:694 845872 846512 1
19-07-2017-09:43:39:732 846512 847152 1
19-07-2017-09:43:39:771 847152 847792 1
19-07-2017-09:43:39:816 847792 848432 1
19-07-2017-09:43:39:858 848432 849072 1
19-07-2017-09:43:39:899 849072 849712 1
19-07-2017-09:43:39:939 849712 850352 1
19-07-2017-09:43:39:981 850352 850992 1
19-07-2017-09:43:40:027 850992 851632 1
19-07-2017-09:43:40:049 851632 852272 1
19-07-2017-09:43:40:097 852272 852912 1
19-07-2017-09:43:40:136 852912 853552 1
19-07-2017-09:43:40:176 853552 854192 1
19-07-2017-09:43:40:219 854192 854832 1
19-07-2017-09:43:40:265 854832 855472 1
19-07-2017-09:43:40:293 855472 856112 1
19-07-2017-09:43:40:334 856112 856752 1
19-07-2017-09:43:40:378 856752 857392 1
19-07-2017-09:43:40:419 857392 858032 1
19-07-2017-09:43:40:462 858032 858672 1
19-07-2017-09:43:40:492 858672 859312 1
19-07-2017-09:43:40:532 859312 859952 1
19-07-2017-09:43:40:579 859952 860592 1
19-07-2017-09:43:40:619 860592 861232 1
19-07-2017-09:43:40:657 861232 861872 1
19-07-2017-09:43:40:698 861872 862512 1
19-07-2017-09:43:40:744 862512 863152 1
19-07-2017-09:43:40:774 863152 863792 1
19-07-2017-09:43:40:815 863792 864432 1
19-07-2017-09:43:40:856 864432 865072 1
19-07-2017-09:43:40:895 865072 865712 1
19-07-2017-09:43:40:942 865712 866352 1
19-07-2017-09:43:40:984 866352 866992 1
19-07-2017-09:43:41:012 866992 867632 1
19-07-2017-09:43:41:052 867632 868272 1
19-07-2017-09:43:41:093 868272 868912 1
19-07-2017-09:43:41:134 868912 869552 1
19-07-2017-09:43:41:180 869552 870192 1
19-07-2017-09:43:41:221 870192 870832 1
19-07-2017-09:43:41:251 870832 871472 1
19-07-2017-09:43:41:290 871472 872112 1
19-07-2017-09:43:41:330 872112 872752 1
19-07-2017-09:43:41:371 872752 873392 1
19-07-2017-09:43:41:417 873392 874032 1
19-07-2017-09:43:41:460 874032 874672 1
19-07-2017-09:43:41:503 874672 875312 1
19-07-2017-09:43:41:539 875312 875952 1
19-07-2017-09:43:41:585 875952 876592 1
19-07-2017-09:43:41:609 876592 877232 1
19-07-2017-09:43:41:655 877232 877872 1
19-07-2017-09:43:41:696 877872 878512 1
19-07-2017-09:43:41:735 878512 879152 1
19-07-2017-09:43:41:775 879152 879792 1
19-07-2017-09:43:41:821 879792 880432 1
19-07-2017-09:43:41:850 880432 881072 1
19-07-2017-09:43:41:890 881072 881712 1
19-07-2017-09:43:41:931 881712 882352 1
19-07-2017-09:43:41:970 882352 882992 1
19-07-2017-09:43:42:012 882992 883632 1
19-07-2017-09:43:42:059 883632 884272 1
19-07-2017-09:43:42:098 884272 884912 1
19-07-2017-09:43:42:139 884912 885552 1
19-07-2017-09:43:42:179 885552 886192 1
19-07-2017-09:43:42:225 886192 886832 1
19-07-2017-09:43:42:252 886832 887472 1
19-07-2017-09:43:42:295 887472 888112 1
19-07-2017-09:43:42:337 888112 888752 1
19-07-2017-09:43:42:634 888752 889392 1
19-07-2017-09:43:42:636 889392 890032 1
19-07-2017-09:43:42:637 890032 890672 1
19-07-2017-09:43:42:638 890672 891312 1
19-07-2017-09:43:42:638 891312 891952 1
19-07-2017-09:43:42:638 891952 892592 1
19-07-2017-09:43:42:638 892592 893232 1
19-07-2017-09:43:42:656 893232 893872 1
19-07-2017-09:43:42:702 893872 894512 1
19-07-2017-09:43:42:731 894512 895152 1
19-07-2017-09:43:42:773 895152 895792 1
19-07-2017-09:43:42:814 895792 896432 1
19-07-2017-09:43:42:854 896432 897072 1
19-07-2017-09:43:42:901 897072 897712 1
19-07-2017-09:43:42:940 897712 898352 1
19-07-2017-09:43:42:969 898352 898992 1
19-07-2017-09:43:43:010 898992 899632 1
19-07-2017-09:43:43:051 899632 900272 1
19-07-2017-09:43:43:097 900272 900912 1
19-07-2017-09:43:43:139 900912 901552 1
19-07-2017-09:43:43:178 901552 902192 1
19-07-2017-09:43:43:224 902192 902832 1
19-07-2017-09:43:43:266 902832 903472 1
19-07-2017-09:43:43:294 903472 904112 1
19-07-2017-09:43:43:334 904112 904752 1
19-07-2017-09:43:43:379 904752 905392 1
19-07-2017-09:43:43:421 905392 906032 1
19-07-2017-09:43:43:459 906032 906672 1
19-07-2017-09:43:43:490 906672 907312 1
19-07-2017-09:43:43:529 907312 907952 1
19-07-2017-09:43:43:578 907952 908592 1
19-07-2017-09:43:43:618 908592 909232 1
19-07-2017-09:43:43:659 909232 909872 1
19-07-2017-09:43:43:697 909872 910512 1
19-07-2017-09:43:43:744 910512 911152 1
19-07-2017-09:43:43:796 911152 911792 1
19-07-2017-09:43:43:819 911792 912432 1
19-07-2017-09:43:43:860 912432 913072 1
19-07-2017-09:43:43:901 913072 913712 1
19-07-2017-09:43:43:930 913712 914352 1
19-07-2017-09:43:43:970 914352 914992 1
19-07-2017-09:43:44:016 914992 915632 1
19-07-2017-09:43:44:058 915632 916272 1
19-07-2017-09:43:44:098 916272 916912 1
19-07-2017-09:43:44:139 916912 917552 1
19-07-2017-09:43:44:185 917552 918192 1
19-07-2017-09:43:44:226 918192 918832 1
19-07-2017-09:43:44:255 918832 919472 1
19-07-2017-09:43:44:294 919472 920112 1
19-07-2017-09:43:44:336 920112 920752 1
19-07-2017-09:43:44:377 920752 921392 1
19-07-2017-09:43:44:423 921392 922032 1
19-07-2017-09:43:44:452 922032 922672 1
19-07-2017-09:43:44:491 922672 923312 1
19-07-2017-09:43:44:533 923312 923952 1
19-07-2017-09:43:44:572 923952 924592 1
19-07-2017-09:43:44:618 924592 925232 1
19-07-2017-09:43:44:658 925232 925872 1
19-07-2017-09:43:44:700 925872 926512 1
19-07-2017-09:43:44:741 926512 927152 1
19-07-2017-09:43:44:769 927152 927792 1
19-07-2017-09:43:44:810 927792 928432 1
19-07-2017-09:43:44:856 928432 929072 1
19-07-2017-09:43:44:893 929072 929712 1
19-07-2017-09:43:44:939 929712 930352 1
19-07-2017-09:43:44:979 930352 930992 1
19-07-2017-09:43:45:020 930992 931632 1
19-07-2017-09:43:45:058 931632 932272 1
19-07-2017-09:43:45:107 932272 932912 1
19-07-2017-09:43:45:130 932912 933552 1
19-07-2017-09:43:45:176 933552 934192 1
19-07-2017-09:43:45:216 934192 934832 1
19-07-2017-09:43:45:255 934832 935472 1
19-07-2017-09:43:45:297 935472 936112 1
19-07-2017-09:43:45:343 936112 936752 1
19-07-2017-09:43:45:383 936752 937392 1
19-07-2017-09:43:45:413 937392 938032 1
19-07-2017-09:43:45:454 938032 938672 1
19-07-2017-09:43:45:495 938672 939312 1
19-07-2017-09:43:45:669 939312 939952 1
19-07-2017-09:43:45:672 939952 940592 1
19-07-2017-09:43:45:672 940592 941232 1
19-07-2017-09:43:45:673 941232 941872 1
19-07-2017-09:43:45:702 941872 942512 1
19-07-2017-09:43:45:743 942512 943152 1
19-07-2017-09:43:45:770 943152 943792 1
19-07-2017-09:43:45:810 943792 944432 1
19-07-2017-09:43:45:850 944432 945072 1
19-07-2017-09:43:45:892 945072 945712 1
19-07-2017-09:43:45:939 945712 946352 1
19-07-2017-09:43:45:979 946352 946992 1
19-07-2017-09:43:46:021 946992 947632 1
19-07-2017-09:43:46:050 947632 948272 1
19-07-2017-09:43:46:090 948272 948912 1
19-07-2017-09:43:46:136 948912 949552 1
19-07-2017-09:43:46:178 949552 950192 1
19-07-2017-09:43:46:219 950192 950832 1
19-07-2017-09:43:46:258 950832 951472 1
19-07-2017-09:43:46:306 951472 952112 1
19-07-2017-09:43:46:330 952112 952752 1
19-07-2017-09:43:46:375 952752 953392 1
19-07-2017-09:43:46:415 953392 954032 1
19-07-2017-09:43:46:456 954032 954672 1
19-07-2017-09:43:46:496 954672 955312 1
19-07-2017-09:43:46:544 955312 955952 1
19-07-2017-09:43:46:572 955952 956592 1
19-07-2017-09:43:46:612 956592 957232 1
19-07-2017-09:43:46:652 957232 957872 1
19-07-2017-09:43:46:694 957872 958512 1
19-07-2017-09:43:46:740 958512 959152 1
19-07-2017-09:43:46:782 959152 959792 1
19-07-2017-09:43:46:810 959792 960432 1
19-07-2017-09:43:46:852 960432 961072 1
19-07-2017-09:43:46:890 961072 961712 1
19-07-2017-09:43:46:937 961712 962352 1
19-07-2017-09:43:46:978 962352 962992 1
19-07-2017-09:43:47:018 962992 963632 1
19-07-2017-09:43:47:059 963632 964272 1
19-07-2017-09:43:47:105 964272 964912 1
19-07-2017-09:43:47:135 964912 965552 1
19-07-2017-09:43:47:177 965552 966192 1
19-07-2017-09:43:47:214 966192 966832 1
19-07-2017-09:43:47:255 966832 967472 1
19-07-2017-09:43:47:301 967472 968112 1
19-07-2017-09:43:47:332 968112 968752 1
19-07-2017-09:43:47:370 968752 969392 1
19-07-2017-09:43:47:410 969392 970032 1
19-07-2017-09:43:47:451 970032 970672 1
19-07-2017-09:43:47:498 970672 971312 1
19-07-2017-09:43:47:539 971312 971952 1
19-07-2017-09:43:47:579 971952 972592 1
19-07-2017-09:43:47:618 972592 973232 1
19-07-2017-09:43:47:664 973232 973872 1
19-07-2017-09:43:47:705 973872 974512 1
19-07-2017-09:43:47:736 974512 975152 1
19-07-2017-09:43:47:773 975152 975792 1
19-07-2017-09:43:47:816 975792 976432 1
19-07-2017-09:43:47:860 976432 977072 1
19-07-2017-09:43:47:900 977072 977712 1
19-07-2017-09:43:47:946 977712 978352 1
19-07-2017-09:43:47:973 978352 978992 1
19-07-2017-09:43:48:015 978992 979632 1
19-07-2017-09:43:48:055 979632 980272 1
19-07-2017-09:43:48:097 980272 980912 1
19-07-2017-09:43:48:143 980912 981552 1
19-07-2017-09:43:48:185 981552 982192 1
19-07-2017-09:43:48:213 982192 982832 1
19-07-2017-09:43:48:254 982832 983472 1
19-07-2017-09:43:48:295 983472 984112 1
19-07-2017-09:43:48:334 984112 984752 1
19-07-2017-09:43:48:382 984752 985392 1
19-07-2017-09:43:48:423 985392 986032 1
19-07-2017-09:43:48:452 986032 986672 1
19-07-2017-09:43:48:492 986672 987312 1
19-07-2017-09:43:48:532 987312 987952 1
19-07-2017-09:43:48:571 987952 988592 1
19-07-2017-09:43:48:619 988592 989232 1
19-07-2017-09:43:48:658 989232 989872 1
19-07-2017-09:43:48:700 989872 990512 1
19-07-2017-09:43:48:835 990512 991152 1
19-07-2017-09:43:48:838 991152 991792 1
19-07-2017-09:43:48:838 991792 992432 1
19-07-2017-09:43:48:855 992432 993072 1
19-07-2017-09:43:48:895 993072 993712 1
19-07-2017-09:43:48:938 993712 994352 1
19-07-2017-09:43:48:982 994352 994992 1
19-07-2017-09:43:49:023 994992 995632 1
19-07-2017-09:43:49:052 995632 996272 1
19-07-2017-09:43:49:092 996272 996912 1
19-07-2017-09:43:49:133 996912 997552 1
19-07-2017-09:43:49:174 997552 998192 1
19-07-2017-09:43:49:215 998192 998832 1
19-07-2017-09:43:49:260 998832 999472 1
19-07-2017-09:43:49:289 999472 1000112 1
19-07-2017-09:43:49:331 1000112 1000752 1
19-07-2017-09:43:49:376 1000752 1001392 1
19-07-2017-09:43:49:417 1001392 1002032 1
19-07-2017-09:43:49:457 1002032 1002672 1
19-07-2017-09:43:49:498 1002672 1003312 1
19-07-2017-09:43:49:545 1003312 1003952 1
19-07-2017-09:43:49:572 1003952 1004592 1
19-07-2017-09:43:49:613 1004592 1005232 1
19-07-2017-09:43:49:655 1005232 1005872 1
19-07-2017-09:43:49:695 1005872 1006512 1
19-07-2017-09:43:49:742 1006512 1007152 1
19-07-2017-09:43:49:783 1007152 1007792 1
19-07-2017-09:43:49:812 1007792 1008432 1
19-07-2017-09:43:49:850 1008432 1009072 1
19-07-2017-09:43:49:892 1009072 1009712 1
19-07-2017-09:43:49:939 1009712 1010352 1
19-07-2017-09:43:49:977 1010352 1010992 1
19-07-2017-09:43:50:020 1010992 1011632 1
19-07-2017-09:43:50:059 1011632 1012272 1
19-07-2017-09:43:50:105 1012272 1012912 1
19-07-2017-09:43:50:134 1012912 1013552 1
19-07-2017-09:43:50:175 1013552 1014192 1
19-07-2017-09:43:50:216 1014192 1014832 1
19-07-2017-09:43:50:256 1014832 1015472 1
19-07-2017-09:43:50:298 1015472 1016112 1
19-07-2017-09:43:50:343 1016112 1016752 1
19-07-2017-09:43:50:372 1016752 1017392 1
19-07-2017-09:43:50:412 1017392 1018032 1
19-07-2017-09:43:50:453 1018032 1018672 1
19-07-2017-09:43:50:492 1018672 1019312 1
19-07-2017-09:43:50:539 1019312 1019952 1
19-07-2017-09:43:50:581 1019952 1020592 1
19-07-2017-09:43:50:609 1020592 1021232 1
19-07-2017-09:43:50:651 1021232 1021872 1
19-07-2017-09:43:50:691 1021872 1022512 1
19-07-2017-09:43:50:733 1022512 1023152 1
19-07-2017-09:43:50:778 1023152 1023792 1
19-07-2017-09:43:50:818 1023792 1024432 1
19-07-2017-09:43:50:858 1024432 1025072 1
19-07-2017-09:43:50:899 1025072 1025712 1
19-07-2017-09:43:50:939 1025712 1026352 1
19-07-2017-09:43:50:979 1026352 1026992 1
19-07-2017-09:43:51:025 1026992 1027632 1
19-07-2017-09:43:51:050 1027632 1028272 1
19-07-2017-09:43:51:095 1028272 1028912 1
19-07-2017-09:43:51:135 1028912 1029552 1
19-07-2017-09:43:51:177 1029552 1030192 1
19-07-2017-09:43:51:223 1030192 1030832 1
19-07-2017-09:43:51:263 1030832 1031472 1
19-07-2017-09:43:51:292 1031472 1032112 1
19-07-2017-09:43:51:333 1032112 1032752 1
19-07-2017-09:43:51:375 1032752 1033392 1
19-07-2017-09:43:51:419 1033392 1034032 1
19-07-2017-09:43:51:461 1034032 1034672 1
19-07-2017-09:43:51:490 1034672 1035312 1
19-07-2017-09:43:51:531 1035312 1035952 1
19-07-2017-09:43:51:569 1035952 1036592 1
19-07-2017-09:43:51:611 1036592 1037232 1
19-07-2017-09:43:51:656 1037232 1037872 1
19-07-2017-09:43:51:696 1037872 1038512 1
19-07-2017-09:43:51:739 1038512 1039152 1
19-07-2017-09:43:51:779 1039152 1039792 1
19-07-2017-09:43:51:825 1039792 1040432 1
19-07-2017-09:43:51:848 1040432 1041072 1
19-07-2017-09:43:52:232 1041072 1041712 1
19-07-2017-09:43:52:235 1041712 1042352 1
19-07-2017-09:43:52:236 1042352 1042992 1
19-07-2017-09:43:52:236 1042992 1043632 1
19-07-2017-09:43:52:236 1043632 1044272 1
19-07-2017-09:43:52:236 1044272 1044912 1
19-07-2017-09:43:52:237 1044912 1045552 1
19-07-2017-09:43:52:237 1045552 1046192 1
19-07-2017-09:43:52:237 1046192 1046832 1
19-07-2017-09:43:52:255 1046832 1047472 1
19-07-2017-09:43:52:300 1047472 1048112 1
19-07-2017-09:43:52:344 1048112 1048752 1
19-07-2017-09:43:52:369 1048752 1049392 1
19-07-2017-09:43:52:411 1049392 1050032 1
19-07-2017-09:43:52:458 1050032 1050672 1
19-07-2017-09:43:52:499 1050672 1051312 1
19-07-2017-09:43:52:541 1051312 1051952 1
19-07-2017-09:43:52:569 1051952 1052592 1
19-07-2017-09:43:52:610 1052592 1053232 1
19-07-2017-09:43:52:656 1053232 1053872 1
19-07-2017-09:43:52:696 1053872 1054512 1
19-07-2017-09:43:52:739 1054512 1055152 1
19-07-2017-09:43:52:780 1055152 1055792 1
19-07-2017-09:43:52:826 1055792 1056432 1
19-07-2017-09:43:52:856 1056432 1057072 1
19-07-2017-09:43:52:896 1057072 1057712 1
19-07-2017-09:43:52:936 1057712 1058352 1
19-07-2017-09:43:52:977 1058352 1058992 1
19-07-2017-09:43:53:022 1058992 1059632 1
19-07-2017-09:43:53:064 1059632 1060272 1
19-07-2017-09:43:53:091 1060272 1060912 1
19-07-2017-09:43:53:132 1060912 1061552 1
19-07-2017-09:43:53:172 1061552 1062192 1
19-07-2017-09:43:53:217 1062192 1062832 1
19-07-2017-09:43:53:259 1062832 1063472 1
19-07-2017-09:43:53:300 1063472 1064112 1
19-07-2017-09:43:53:341 1064112 1064752 1
19-07-2017-09:43:53:370 1064752 1065392 1
19-07-2017-09:43:53:409 1065392 1066032 1
19-07-2017-09:43:53:456 1066032 1066672 1
19-07-2017-09:43:53:496 1066672 1067312 1
19-07-2017-09:43:53:537 1067312 1067952 1
19-07-2017-09:43:53:577 1067952 1068592 1
19-07-2017-09:43:53:625 1068592 1069232 1
19-07-2017-09:43:53:653 1069232 1069872 1
19-07-2017-09:43:53:693 1069872 1070512 1
19-07-2017-09:43:53:735 1070512 1071152 1
19-07-2017-09:43:53:774 1071152 1071792 1
19-07-2017-09:43:53:815 1071792 1072432 1
19-07-2017-09:43:53:862 1072432 1073072 1
19-07-2017-09:43:53:890 1073072 1073712 1
19-07-2017-09:43:53:930 1073712 1074352 1
19-07-2017-09:43:53:978 1074352 1074992 1
19-07-2017-09:43:54:019 1074992 1075632 1
19-07-2017-09:43:54:061 1075632 1076272 1
19-07-2017-09:43:54:101 1076272 1076912 1
19-07-2017-09:43:54:129 1076912 1077552 1
19-07-2017-09:43:54:174 1077552 1078192 1
19-07-2017-09:43:54:214 1078192 1078832 1
19-07-2017-09:43:54:256 1078832 1079472 1
19-07-2017-09:43:54:298 1079472 1080112 1
19-07-2017-09:43:54:345 1080112 1080752 1
19-07-2017-09:43:54:373 1080752 1081392 1
19-07-2017-09:43:54:413 1081392 1082032 1
19-07-2017-09:43:54:452 1082032 1082672 1
19-07-2017-09:43:54:493 1082672 1083312 1
19-07-2017-09:43:54:541 1083312 1083952 1
19-07-2017-09:43:54:573 1083952 1084592 1
19-07-2017-09:43:54:610 1084592 1085232 1
19-07-2017-09:43:54:652 1085232 1085872 1
19-07-2017-09:43:54:690 1085872 1086512 1
19-07-2017-09:43:54:738 1086512 1087152 1
19-07-2017-09:43:54:778 1087152 1087792 1
19-07-2017-09:43:54:819 1087792 1088432 1
19-07-2017-09:43:54:860 1088432 1089072 1
19-07-2017-09:43:54:890 1089072 1089712 1
19-07-2017-09:43:54:935 1089712 1090352 1
19-07-2017-09:43:54:976 1090352 1090992 1
19-07-2017-09:43:55:017 1090992 1091632 1
19-07-2017-09:43:55:180 1091632 1092272 1
19-07-2017-09:43:55:183 1092272 1092912 1
19-07-2017-09:43:55:183 1092912 1093552 1
19-07-2017-09:43:55:183 1093552 1094192 1
19-07-2017-09:43:55:216 1094192 1094832 1
19-07-2017-09:43:55:257 1094832 1095472 1
19-07-2017-09:43:55:297 1095472 1096112 1
19-07-2017-09:43:55:341 1096112 1096752 1
19-07-2017-09:43:55:379 1096752 1097392 1
19-07-2017-09:43:55:420 1097392 1098032 1
19-07-2017-09:43:55:460 1098032 1098672 1
19-07-2017-09:43:55:500 1098672 1099312 1
19-07-2017-09:43:55:529 1099312 1099952 1
19-07-2017-09:43:55:576 1099952 1100592 1
19-07-2017-09:43:55:616 1100592 1101232 1
19-07-2017-09:43:55:657 1101232 1101872 1
19-07-2017-09:43:55:697 1101872 1102512 1
19-07-2017-09:43:55:744 1102512 1103152 1
19-07-2017-09:43:55:785 1103152 1103792 1
19-07-2017-09:43:55:812 1103792 1104432 1
19-07-2017-09:43:55:855 1104432 1105072 1
19-07-2017-09:43:55:893 1105072 1105712 1
19-07-2017-09:43:55:939 1105712 1106352 1
19-07-2017-09:43:55:983 1106352 1106992 1
19-07-2017-09:43:56:020 1106992 1107632 1
19-07-2017-09:43:56:060 1107632 1108272 1
19-07-2017-09:43:56:090 1108272 1108912 1
19-07-2017-09:43:56:137 1108912 1109552 1
19-07-2017-09:43:56:176 1109552 1110192 1
19-07-2017-09:43:56:215 1110192 1110832 1
19-07-2017-09:43:56:257 1110832 1111472 1
19-07-2017-09:43:56:302 1111472 1112112 1
19-07-2017-09:43:56:331 1112112 1112752 1
19-07-2017-09:43:56:372 1112752 1113392 1
19-07-2017-09:43:56:414 1113392 1114032 1
19-07-2017-09:43:56:454 1114032 1114672 1
19-07-2017-09:43:56:500 1114672 1115312 1
19-07-2017-09:43:56:541 1115312 1115952 1
19-07-2017-09:43:56:580 1115952 1116592 1
19-07-2017-09:43:56:610 1116592 1117232 1
19-07-2017-09:43:56:650 1117232 1117872 1
19-07-2017-09:43:56:693 1117872 1118512 1
19-07-2017-09:43:56:738 1118512 1119152 1
19-07-2017-09:43:56:778 1119152 1119792 1
19-07-2017-09:43:56:819 1119792 1120432 1
19-07-2017-09:43:56:865 1120432 1121072 1
19-07-2017-09:43:56:893 1121072 1121712 1
19-07-2017-09:43:56:939 1121712 1122352 1
19-07-2017-09:43:56:981 1122352 1122992 1
19-07-2017-09:43:57:021 1122992 1123632 1
19-07-2017-09:43:57:048 1123632 1124272 1
19-07-2017-09:43:57:089 1124272 1124912 1
19-07-2017-09:43:57:130 1124912 1125552 1
