19-07-2017-17:04:24:127 0 720 1
19-07-2017-17:04:24:171 720 1440 1
19-07-2017-17:04:24:212 1440 2160 1
19-07-2017-17:04:24:257 2160 2880 1
19-07-2017-17:04:24:309 2880 3584 1
19-07-2017-17:04:24:354 3584 4288 1
19-07-2017-17:04:24:399 4288 4992 1
19-07-2017-17:04:24:440 4992 5696 1
19-07-2017-17:04:24:480 5696 6400 1
19-07-2017-17:04:24:527 6400 7104 1
19-07-2017-17:04:24:566 7104 7808 1
19-07-2017-17:04:24:608 7808 8512 1
19-07-2017-17:04:24:654 8512 9216 1
19-07-2017-17:04:24:696 9216 9920 1
19-07-2017-17:04:24:748 9920 10624 1
19-07-2017-17:04:24:786 10624 11328 1
19-07-2017-17:04:24:836 11328 12032 1
19-07-2017-17:04:24:872 12032 12736 1
19-07-2017-17:04:24:923 12736 13440 1
19-07-2017-17:04:24:963 13440 14144 1
19-07-2017-17:04:25:010 14144 14848 1
19-07-2017-17:04:25:052 14848 15552 1
19-07-2017-17:04:25:092 15552 16256 1
19-07-2017-17:04:25:132 16256 16960 1
19-07-2017-17:04:25:185 16960 17616 1
19-07-2017-17:04:25:218 17616 18272 1
19-07-2017-17:04:25:260 18272 18928 1
19-07-2017-17:04:25:300 18928 19584 1
19-07-2017-17:04:25:340 19584 20240 1
19-07-2017-17:04:25:380 20240 20896 1
19-07-2017-17:04:25:425 20896 21552 1
19-07-2017-17:04:25:464 21552 22208 1
19-07-2017-17:04:25:505 22208 22864 1
19-07-2017-17:04:25:545 22864 23520 1
19-07-2017-17:04:25:586 23520 24176 1
19-07-2017-17:04:25:633 24176 24832 1
19-07-2017-17:04:25:677 24832 25488 1
19-07-2017-17:04:25:714 25488 26144 1
19-07-2017-17:04:25:754 26144 26800 1
19-07-2017-17:04:25:801 26800 27456 1
19-07-2017-17:04:25:840 27456 28112 1
19-07-2017-17:04:25:882 28112 28768 1
19-07-2017-17:04:25:922 28768 29424 1
19-07-2017-17:04:25:966 29424 30080 1
19-07-2017-17:04:26:006 30080 30736 1
19-07-2017-17:04:26:036 30736 31392 1
19-07-2017-17:04:26:078 31392 32048 1
19-07-2017-17:04:26:130 32048 32656 1
19-07-2017-17:04:26:155 32656 33264 1
19-07-2017-17:04:26:201 33264 33872 1
19-07-2017-17:04:26:242 33872 34480 1
19-07-2017-17:04:26:271 34480 35088 1
19-07-2017-17:04:26:311 35088 35696 1
19-07-2017-17:04:26:352 35696 36304 1
19-07-2017-17:04:26:380 36304 36912 1
19-07-2017-17:04:26:421 36912 37520 1
19-07-2017-17:04:26:463 37520 38128 1
19-07-2017-17:04:26:508 38128 38736 1
19-07-2017-17:04:26:539 38736 39344 1
19-07-2017-17:04:26:581 39344 39952 1
19-07-2017-17:04:26:620 39952 40560 1
19-07-2017-17:04:26:663 40560 41168 1
19-07-2017-17:04:26:685 41168 41776 1
19-07-2017-17:04:26:732 41776 42384 1
19-07-2017-17:04:26:763 42384 42992 1
19-07-2017-17:04:26:801 42992 43600 1
19-07-2017-17:04:26:843 43600 44208 1
19-07-2017-17:04:26:883 44208 44816 1
19-07-2017-17:04:26:913 44816 45424 1
19-07-2017-17:04:26:952 45424 46032 1
19-07-2017-17:04:26:998 46032 46640 1
19-07-2017-17:04:27:039 46640 47248 1
19-07-2017-17:04:27:069 47248 47856 1
19-07-2017-17:04:27:110 47856 48464 1
19-07-2017-17:04:27:150 48464 49072 1
19-07-2017-17:04:27:179 49072 49680 1
