19-07-2017-17:04:48:339 0 688 1
19-07-2017-17:04:48:378 688 1376 1
19-07-2017-17:04:48:424 1376 2064 1
19-07-2017-17:04:48:465 2064 2752 1
19-07-2017-17:04:48:505 2752 3440 1
19-07-2017-17:04:48:556 3440 4112 1
19-07-2017-17:04:48:604 4112 4784 1
19-07-2017-17:04:48:632 4784 5456 1
19-07-2017-17:04:48:679 5456 6128 1
19-07-2017-17:04:48:720 6128 6800 1
19-07-2017-17:04:48:762 6800 7472 1
19-07-2017-17:04:48:803 7472 8144 1
19-07-2017-17:04:48:842 8144 8816 1
19-07-2017-17:04:48:889 8816 9488 1
19-07-2017-17:04:48:931 9488 10160 1
19-07-2017-17:04:48:970 10160 10832 1
19-07-2017-17:04:49:012 10832 11504 1
19-07-2017-17:04:49:061 11504 12176 1
19-07-2017-17:04:49:100 12176 12848 1
19-07-2017-17:04:49:139 12848 13520 1
19-07-2017-17:04:49:185 13520 14192 1
19-07-2017-17:04:49:225 14192 14864 1
19-07-2017-17:04:49:264 14864 15536 1
19-07-2017-17:04:49:306 15536 16208 1
19-07-2017-17:04:49:346 16208 16880 1
19-07-2017-17:04:49:386 16880 17552 1
19-07-2017-17:04:49:427 17552 18224 1
19-07-2017-17:04:49:475 18224 18896 1
19-07-2017-17:04:49:514 18896 19568 1
19-07-2017-17:04:49:556 19568 20240 1
19-07-2017-17:04:49:600 20240 20912 1
19-07-2017-17:04:49:639 20912 21584 1
19-07-2017-17:04:49:686 21584 22256 1
19-07-2017-17:04:49:727 22256 22928 1
19-07-2017-17:04:49:768 22928 23600 1
19-07-2017-17:04:49:808 23600 24272 1
19-07-2017-17:04:49:853 24272 24944 1
19-07-2017-17:04:49:894 24944 25616 1
19-07-2017-17:04:49:934 25616 26288 1
19-07-2017-17:04:49:976 26288 26960 1
19-07-2017-17:04:50:022 26960 27632 1
19-07-2017-17:04:50:061 27632 28304 1
19-07-2017-17:04:50:101 28304 28976 1
19-07-2017-17:04:50:143 28976 29648 1
19-07-2017-17:04:50:195 29648 30304 1
19-07-2017-17:04:50:230 30304 30960 1
19-07-2017-17:04:50:269 30960 31616 1
19-07-2017-17:04:50:311 31616 32272 1
19-07-2017-17:04:50:350 32272 32928 1
19-07-2017-17:04:50:397 32928 33584 1
19-07-2017-17:04:50:438 33584 34240 1
19-07-2017-17:04:50:477 34240 34896 1
19-07-2017-17:04:50:519 34896 35552 1
19-07-2017-17:04:50:559 35552 36208 1
19-07-2017-17:04:50:607 36208 36864 1
19-07-2017-17:04:50:634 36864 37520 1
19-07-2017-17:04:50:674 37520 38176 1
19-07-2017-17:04:50:716 38176 38832 1
19-07-2017-17:04:50:756 38832 39488 1
19-07-2017-17:04:50:802 39488 40144 1
19-07-2017-17:04:50:844 40144 40800 1
19-07-2017-17:04:50:885 40800 41456 1
19-07-2017-17:04:50:925 41456 42112 1
19-07-2017-17:04:50:965 42112 42768 1
19-07-2017-17:04:51:005 42768 43424 1
19-07-2017-17:04:51:053 43424 44080 1
19-07-2017-17:04:51:093 44080 44736 1
19-07-2017-17:04:51:140 44736 45392 1
19-07-2017-17:04:51:180 45392 46048 1
19-07-2017-17:04:51:221 46048 46704 1
19-07-2017-17:04:51:263 46704 47360 1
19-07-2017-17:04:51:293 47360 48016 1
19-07-2017-17:04:51:333 48016 48672 1
19-07-2017-17:04:51:372 48672 49328 1
19-07-2017-17:04:51:418 49328 49984 1
19-07-2017-17:04:51:567 49984 50640 1
19-07-2017-17:04:51:568 50640 51296 1
19-07-2017-17:04:51:568 51296 51952 1
19-07-2017-17:04:51:587 51952 52608 1
19-07-2017-17:04:51:628 52608 53264 1
19-07-2017-17:04:51:668 53264 53920 1
19-07-2017-17:04:51:714 53920 54576 1
19-07-2017-17:04:51:754 54576 55232 1
19-07-2017-17:04:51:784 55232 55888 1
19-07-2017-17:04:51:825 55888 56544 1
19-07-2017-17:04:51:866 56544 57200 1
19-07-2017-17:04:51:912 57200 57856 1
19-07-2017-17:04:51:951 57856 58512 1
19-07-2017-17:04:51:993 58512 59168 1
19-07-2017-17:04:52:032 59168 59824 1
19-07-2017-17:04:52:080 59824 60480 1
19-07-2017-17:04:52:120 60480 61136 1
19-07-2017-17:04:52:161 61136 61792 1
19-07-2017-17:04:52:208 61792 62448 1
19-07-2017-17:04:52:248 62448 63104 1
19-07-2017-17:04:52:277 63104 63760 1
19-07-2017-17:04:52:318 63760 64416 1
19-07-2017-17:04:52:363 64416 65072 1
19-07-2017-17:04:52:403 65072 65728 1
19-07-2017-17:04:52:445 65728 66384 1
19-07-2017-17:04:52:491 66384 67040 1
19-07-2017-17:04:52:520 67040 67696 1
19-07-2017-17:04:52:561 67696 68352 1
19-07-2017-17:04:52:602 68352 69008 1
19-07-2017-17:04:52:642 69008 69664 1
19-07-2017-17:04:52:688 69664 70320 1
19-07-2017-17:04:52:730 70320 70976 1
19-07-2017-17:04:52:770 70976 71632 1
19-07-2017-17:04:52:817 71632 72288 1
19-07-2017-17:04:52:858 72288 72944 1
19-07-2017-17:04:52:897 72944 73600 1
19-07-2017-17:04:52:939 73600 74256 1
19-07-2017-17:04:52:984 74256 74912 1
19-07-2017-17:04:53:014 74912 75568 1
19-07-2017-17:04:53:053 75568 76224 1
19-07-2017-17:04:53:095 76224 76880 1
19-07-2017-17:04:53:141 76880 77536 1
19-07-2017-17:04:53:180 77536 78192 1
19-07-2017-17:04:53:221 78192 78848 1
19-07-2017-17:04:53:264 78848 79504 1
19-07-2017-17:04:53:309 79504 80160 1
19-07-2017-17:04:53:351 80160 80816 1
19-07-2017-17:04:53:390 80816 81472 1
19-07-2017-17:04:53:432 81472 82128 1
19-07-2017-17:04:53:477 82128 82784 1
19-07-2017-17:04:53:506 82784 83440 1
19-07-2017-17:04:53:548 83440 84096 1
19-07-2017-17:04:53:588 84096 84752 1
19-07-2017-17:04:53:628 84752 85408 1
19-07-2017-17:04:53:674 85408 86064 1
19-07-2017-17:04:53:715 86064 86720 1
19-07-2017-17:04:53:755 86720 87376 1
19-07-2017-17:04:53:795 87376 88032 1
19-07-2017-17:04:53:841 88032 88688 1
19-07-2017-17:04:53:887 88688 89344 1
19-07-2017-17:04:53:928 89344 90000 1
19-07-2017-17:04:53:958 90000 90656 1
19-07-2017-17:04:53:999 90656 91312 1
19-07-2017-17:04:54:040 91312 91968 1
19-07-2017-17:04:54:085 91968 92624 1
19-07-2017-17:04:54:125 92624 93280 1
19-07-2017-17:04:54:168 93280 93936 1
19-07-2017-17:04:54:209 93936 94592 1
19-07-2017-17:04:54:248 94592 95248 1
19-07-2017-17:04:54:296 95248 95904 1
19-07-2017-17:04:54:324 95904 96560 1
19-07-2017-17:04:54:365 96560 97216 1
19-07-2017-17:04:54:405 97216 97872 1
19-07-2017-17:04:54:448 97872 98528 1
19-07-2017-17:04:54:493 98528 99184 1
19-07-2017-17:04:54:534 99184 99840 1
19-07-2017-17:04:54:575 99840 100496 1
19-07-2017-17:04:54:615 100496 101152 1
19-07-2017-17:04:54:656 101152 101808 1
19-07-2017-17:04:54:702 101808 102464 1
19-07-2017-17:04:54:743 102464 103120 1
19-07-2017-17:04:54:782 103120 103776 1
19-07-2017-17:04:54:824 103776 104432 1
19-07-2017-17:04:54:871 104432 105088 1
19-07-2017-17:04:54:910 105088 105744 1
19-07-2017-17:04:54:940 105744 106400 1
19-07-2017-17:04:54:981 106400 107056 1
19-07-2017-17:04:55:023 107056 107712 1
19-07-2017-17:04:55:144 107712 108368 1
19-07-2017-17:04:55:148 108368 109024 1
19-07-2017-17:04:55:148 109024 109680 1
19-07-2017-17:04:55:188 109680 110336 1
19-07-2017-17:04:55:236 110336 110992 1
19-07-2017-17:04:55:275 110992 111648 1
19-07-2017-17:04:55:317 111648 112304 1
19-07-2017-17:04:55:358 112304 112960 1
19-07-2017-17:04:55:400 112960 113616 1
19-07-2017-17:04:55:445 113616 114272 1
19-07-2017-17:04:55:472 114272 114928 1
19-07-2017-17:04:55:514 114928 115584 1
19-07-2017-17:04:55:555 115584 116240 1
19-07-2017-17:04:55:595 116240 116896 1
19-07-2017-17:04:55:643 116896 117552 1
19-07-2017-17:04:55:683 117552 118208 1
19-07-2017-17:04:55:725 118208 118864 1
19-07-2017-17:04:55:763 118864 119520 1
19-07-2017-17:04:55:811 119520 120176 1
19-07-2017-17:04:55:856 120176 120832 1
19-07-2017-17:04:55:891 120832 121488 1
19-07-2017-17:04:55:933 121488 122144 1
19-07-2017-17:04:55:979 122144 122800 1
19-07-2017-17:04:56:021 122800 123456 1
19-07-2017-17:04:56:048 123456 124112 1
19-07-2017-17:04:56:089 124112 124768 1
19-07-2017-17:04:56:131 124768 125424 1
19-07-2017-17:04:56:171 125424 126080 1
19-07-2017-17:04:56:216 126080 126736 1
19-07-2017-17:04:56:258 126736 127392 1
19-07-2017-17:04:56:300 127392 128048 1
19-07-2017-17:04:56:345 128048 128704 1
19-07-2017-17:04:56:387 128704 129360 1
19-07-2017-17:04:56:417 129360 130016 1
19-07-2017-17:04:56:456 130016 130672 1
19-07-2017-17:04:56:498 130672 131328 1
19-07-2017-17:04:56:537 131328 131984 1
19-07-2017-17:04:56:585 131984 132640 1
19-07-2017-17:04:56:624 132640 133296 1
19-07-2017-17:04:56:667 133296 133952 1
19-07-2017-17:04:56:713 133952 134608 1
19-07-2017-17:04:56:752 134608 135264 1
19-07-2017-17:04:56:793 135264 135920 1
19-07-2017-17:04:56:833 135920 136576 1
19-07-2017-17:04:56:880 136576 137232 1
19-07-2017-17:04:56:922 137232 137888 1
19-07-2017-17:04:56:951 137888 138544 1
19-07-2017-17:04:56:992 138544 139200 1
19-07-2017-17:04:57:032 139200 139856 1
19-07-2017-17:04:57:078 139856 140512 1
19-07-2017-17:04:57:119 140512 141168 1
19-07-2017-17:04:57:159 141168 141824 1
19-07-2017-17:04:57:200 141824 142480 1
19-07-2017-17:04:57:246 142480 143136 1
19-07-2017-17:04:57:276 143136 143792 1
19-07-2017-17:04:57:327 143792 144448 1
19-07-2017-17:04:57:373 144448 145104 1
19-07-2017-17:04:57:402 145104 145760 1
19-07-2017-17:04:57:445 145760 146416 1
19-07-2017-17:04:57:484 146416 147072 1
19-07-2017-17:04:57:524 147072 147728 1
19-07-2017-17:04:57:571 147728 148384 1
19-07-2017-17:04:57:612 148384 149040 1
19-07-2017-17:04:57:654 149040 149696 1
19-07-2017-17:04:57:694 149696 150352 1
19-07-2017-17:04:57:739 150352 151008 1
19-07-2017-17:04:57:779 151008 151664 1
19-07-2017-17:04:57:821 151664 152320 1
19-07-2017-17:04:57:860 152320 152976 1
19-07-2017-17:04:57:908 152976 153632 1
19-07-2017-17:04:57:935 153632 154288 1
19-07-2017-17:04:57:976 154288 154944 1
19-07-2017-17:04:58:018 154944 155600 1
19-07-2017-17:04:58:057 155600 156256 1
19-07-2017-17:04:58:105 156256 156912 1
19-07-2017-17:04:58:145 156912 157568 1
19-07-2017-17:04:58:185 157568 158224 1
19-07-2017-17:04:58:227 158224 158880 1
19-07-2017-17:04:58:431 158880 159536 1
19-07-2017-17:04:58:433 159536 160192 1
19-07-2017-17:04:58:433 160192 160848 1
19-07-2017-17:04:58:433 160848 161504 1
19-07-2017-17:04:58:433 161504 162160 1
19-07-2017-17:04:58:477 162160 162816 1
19-07-2017-17:04:58:517 162816 163472 1
19-07-2017-17:04:58:558 163472 164128 1
19-07-2017-17:04:58:602 164128 164784 1
19-07-2017-17:04:58:643 164784 165440 1
19-07-2017-17:04:58:674 165440 166096 1
19-07-2017-17:04:58:714 166096 166752 1
19-07-2017-17:04:58:753 166752 167408 1
19-07-2017-17:04:58:799 167408 168064 1
19-07-2017-17:04:58:842 168064 168720 1
19-07-2017-17:04:58:881 168720 169376 1
19-07-2017-17:04:58:923 169376 170032 1
19-07-2017-17:04:58:968 170032 170688 1
19-07-2017-17:04:59:008 170688 171344 1
19-07-2017-17:04:59:050 171344 172000 1
19-07-2017-17:04:59:091 172000 172656 1
19-07-2017-17:04:59:137 172656 173312 1
19-07-2017-17:04:59:166 173312 173968 1
19-07-2017-17:04:59:208 173968 174624 1
19-07-2017-17:04:59:249 174624 175280 1
19-07-2017-17:04:59:289 175280 175936 1
19-07-2017-17:04:59:333 175936 176592 1
19-07-2017-17:04:59:374 176592 177248 1
19-07-2017-17:04:59:414 177248 177904 1
19-07-2017-17:04:59:457 177904 178560 1
19-07-2017-17:04:59:504 178560 179216 1
19-07-2017-17:04:59:542 179216 179872 1
19-07-2017-17:04:59:582 179872 180528 1
19-07-2017-17:04:59:624 180528 181184 1
19-07-2017-17:04:59:670 181184 181840 1
19-07-2017-17:04:59:710 181840 182496 1
19-07-2017-17:04:59:740 182496 183152 1
19-07-2017-17:04:59:781 183152 183808 1
19-07-2017-17:04:59:821 183808 184464 1
19-07-2017-17:04:59:872 184464 185120 1
19-07-2017-17:04:59:901 185120 185776 1
19-07-2017-17:04:59:941 185776 186432 1
19-07-2017-17:04:59:982 186432 187088 1
19-07-2017-17:05:00:028 187088 187744 1
19-07-2017-17:05:00:069 187744 188400 1
19-07-2017-17:05:00:110 188400 189056 1
19-07-2017-17:05:00:150 189056 189712 1
19-07-2017-17:05:00:195 189712 190368 1
19-07-2017-17:05:00:236 190368 191024 1
19-07-2017-17:05:00:277 191024 191680 1
19-07-2017-17:05:00:318 191680 192336 1
19-07-2017-17:05:00:364 192336 192992 1
19-07-2017-17:05:00:392 192992 193648 1
19-07-2017-17:05:00:432 193648 194304 1
19-07-2017-17:05:00:473 194304 194960 1
19-07-2017-17:05:00:525 194960 195600 1
19-07-2017-17:05:00:561 195600 196240 1
19-07-2017-17:05:00:601 196240 196880 1
19-07-2017-17:05:00:643 196880 197520 1
19-07-2017-17:05:00:683 197520 198160 1
19-07-2017-17:05:00:729 198160 198800 1
19-07-2017-17:05:00:758 198800 199440 1
19-07-2017-17:05:00:798 199440 200080 1
19-07-2017-17:05:00:839 200080 200720 1
19-07-2017-17:05:00:885 200720 201360 1
19-07-2017-17:05:00:926 201360 202000 1
19-07-2017-17:05:00:954 202000 202640 1
19-07-2017-17:05:00:995 202640 203280 1
19-07-2017-17:05:01:035 203280 203920 1
19-07-2017-17:05:01:077 203920 204560 1
19-07-2017-17:05:01:124 204560 205200 1
19-07-2017-17:05:01:164 205200 205840 1
19-07-2017-17:05:01:204 205840 206480 1
19-07-2017-17:05:01:244 206480 207120 1
19-07-2017-17:05:01:274 207120 207760 1
19-07-2017-17:05:01:320 207760 208400 1
19-07-2017-17:05:01:366 208400 209040 1
19-07-2017-17:05:01:682 209040 209680 1
19-07-2017-17:05:01:683 209680 210320 1
19-07-2017-17:05:01:683 210320 210960 1
19-07-2017-17:05:01:683 210960 211600 1
19-07-2017-17:05:01:683 211600 212240 1
19-07-2017-17:05:01:683 212240 212880 1
19-07-2017-17:05:01:683 212880 213520 1
19-07-2017-17:05:01:683 213520 214160 1
19-07-2017-17:05:01:730 214160 214800 1
19-07-2017-17:05:01:753 214800 215440 1
19-07-2017-17:05:01:800 215440 216080 1
19-07-2017-17:05:01:840 216080 216720 1
19-07-2017-17:05:01:881 216720 217360 1
19-07-2017-17:05:01:923 217360 218000 1
19-07-2017-17:05:01:969 218000 218640 1
19-07-2017-17:05:01:997 218640 219280 1
19-07-2017-17:05:02:039 219280 219920 1
19-07-2017-17:05:02:079 219920 220560 1
19-07-2017-17:05:02:119 220560 221200 1
19-07-2017-17:05:02:162 221200 221840 1
19-07-2017-17:05:02:205 221840 222480 1
19-07-2017-17:05:02:245 222480 223120 1
19-07-2017-17:05:02:273 223120 223760 1
19-07-2017-17:05:02:315 223760 224400 1
19-07-2017-17:05:02:355 224400 225040 1
19-07-2017-17:05:02:401 225040 225680 1
19-07-2017-17:05:02:442 225680 226320 1
19-07-2017-17:05:02:481 226320 226960 1
19-07-2017-17:05:02:521 226960 227600 1
19-07-2017-17:05:02:569 227600 228240 1
19-07-2017-17:05:02:609 228240 228880 1
19-07-2017-17:05:02:638 228880 229520 1
19-07-2017-17:05:02:677 229520 230160 1
19-07-2017-17:05:02:718 230160 230800 1
19-07-2017-17:05:02:759 230800 231440 1
19-07-2017-17:05:02:806 231440 232080 1
19-07-2017-17:05:02:846 232080 232720 1
19-07-2017-17:05:02:873 232720 233360 1
19-07-2017-17:05:02:921 233360 234000 1
19-07-2017-17:05:02:960 234000 234640 1
19-07-2017-17:05:03:002 234640 235280 1
19-07-2017-17:05:03:043 235280 235920 1
19-07-2017-17:05:03:089 235920 236560 1
19-07-2017-17:05:03:128 236560 237200 1
19-07-2017-17:05:03:157 237200 237840 1
19-07-2017-17:05:03:200 237840 238480 1
19-07-2017-17:05:03:241 238480 239120 1
19-07-2017-17:05:03:280 239120 239760 1
19-07-2017-17:05:03:326 239760 240400 1
19-07-2017-17:05:03:356 240400 241040 1
19-07-2017-17:05:03:395 241040 241680 1
19-07-2017-17:05:03:435 241680 242320 1
19-07-2017-17:05:03:477 242320 242960 1
19-07-2017-17:05:03:523 242960 243600 1
19-07-2017-17:05:03:563 243600 244240 1
19-07-2017-17:05:03:602 244240 244880 1
19-07-2017-17:05:03:643 244880 245520 1
19-07-2017-17:05:03:690 245520 246160 1
19-07-2017-17:05:03:714 246160 246800 1
19-07-2017-17:05:03:761 246800 247440 1
19-07-2017-17:05:03:801 247440 248080 1
19-07-2017-17:05:03:841 248080 248720 1
19-07-2017-17:05:03:881 248720 249360 1
19-07-2017-17:05:03:927 249360 250000 1
19-07-2017-17:05:03:970 250000 250640 1
19-07-2017-17:05:03:998 250640 251280 1
19-07-2017-17:05:04:037 251280 251920 1
19-07-2017-17:05:04:080 251920 252560 1
19-07-2017-17:05:04:119 252560 253200 1
19-07-2017-17:05:04:165 253200 253840 1
19-07-2017-17:05:04:205 253840 254480 1
19-07-2017-17:05:04:235 254480 255120 1
19-07-2017-17:05:04:274 255120 255760 1
19-07-2017-17:05:04:314 255760 256400 1
19-07-2017-17:05:04:356 256400 257040 1
19-07-2017-17:05:04:397 257040 257680 1
19-07-2017-17:05:04:437 257680 258320 1
19-07-2017-17:05:04:483 258320 258960 1
19-07-2017-17:05:04:522 258960 259600 1
19-07-2017-17:05:04:731 259600 260240 1
19-07-2017-17:05:04:732 260240 260880 1
19-07-2017-17:05:04:732 260880 261520 1
19-07-2017-17:05:04:732 261520 262160 1
19-07-2017-17:05:04:733 262160 262800 1
19-07-2017-17:05:04:760 262800 263440 1
19-07-2017-17:05:04:806 263440 264080 1
19-07-2017-17:05:04:845 264080 264720 1
19-07-2017-17:05:04:875 264720 265360 1
19-07-2017-17:05:04:918 265360 266000 1
19-07-2017-17:05:04:956 266000 266640 1
19-07-2017-17:05:04:997 266640 267280 1
19-07-2017-17:05:05:043 267280 267920 1
19-07-2017-17:05:05:083 267920 268560 1
19-07-2017-17:05:05:124 268560 269200 1
19-07-2017-17:05:05:164 269200 269840 1
19-07-2017-17:05:05:194 269840 270480 1
19-07-2017-17:05:05:235 270480 271120 1
19-07-2017-17:05:05:281 271120 271760 1
19-07-2017-17:05:05:321 271760 272400 1
19-07-2017-17:05:05:363 272400 273040 1
19-07-2017-17:05:05:403 273040 273680 1
19-07-2017-17:05:05:448 273680 274320 1
19-07-2017-17:05:05:488 274320 274960 1
19-07-2017-17:05:05:518 274960 275600 1
19-07-2017-17:05:05:558 275600 276240 1
19-07-2017-17:05:05:600 276240 276880 1
19-07-2017-17:05:05:640 276880 277520 1
19-07-2017-17:05:05:686 277520 278160 1
19-07-2017-17:05:05:728 278160 278800 1
19-07-2017-17:05:05:758 278800 279440 1
19-07-2017-17:05:05:796 279440 280080 1
19-07-2017-17:05:05:838 280080 280720 1
19-07-2017-17:05:05:880 280720 281360 1
19-07-2017-17:05:05:922 281360 282000 1
19-07-2017-17:05:05:967 282000 282640 1
19-07-2017-17:05:06:008 282640 283280 1
19-07-2017-17:05:06:039 283280 283920 1
19-07-2017-17:05:06:079 283920 284560 1
19-07-2017-17:05:06:119 284560 285200 1
19-07-2017-17:05:06:159 285200 285840 1
19-07-2017-17:05:06:206 285840 286480 1
19-07-2017-17:05:06:246 286480 287120 1
19-07-2017-17:05:06:276 287120 287760 1
19-07-2017-17:05:06:315 287760 288400 1
19-07-2017-17:05:06:356 288400 289040 1
19-07-2017-17:05:06:396 289040 289680 1
19-07-2017-17:05:06:442 289680 290320 1
19-07-2017-17:05:06:484 290320 290960 1
19-07-2017-17:05:06:524 290960 291600 1
19-07-2017-17:05:06:564 291600 292240 1
19-07-2017-17:05:06:610 292240 292880 1
19-07-2017-17:05:06:638 292880 293520 1
19-07-2017-17:05:06:679 293520 294160 1
19-07-2017-17:05:06:721 294160 294800 1
19-07-2017-17:05:06:760 294800 295440 1
19-07-2017-17:05:06:807 295440 296080 1
19-07-2017-17:05:06:848 296080 296720 1
19-07-2017-17:05:06:876 296720 297360 1
19-07-2017-17:05:06:918 297360 298000 1
19-07-2017-17:05:06:958 298000 298640 1
19-07-2017-17:05:07:007 298640 299280 1
19-07-2017-17:05:07:044 299280 299920 1
19-07-2017-17:05:07:085 299920 300560 1
19-07-2017-17:05:07:114 300560 301200 1
19-07-2017-17:05:07:155 301200 301840 1
19-07-2017-17:05:07:195 301840 302480 1
19-07-2017-17:05:07:241 302480 303120 1
19-07-2017-17:05:07:283 303120 303760 1
19-07-2017-17:05:07:323 303760 304400 1
19-07-2017-17:05:07:358 304400 305040 1
19-07-2017-17:05:07:404 305040 305680 1
19-07-2017-17:05:07:443 305680 306320 1
19-07-2017-17:05:07:485 306320 306960 1
19-07-2017-17:05:07:514 306960 307600 1
19-07-2017-17:05:07:555 307600 308240 1
19-07-2017-17:05:07:595 308240 308880 1
19-07-2017-17:05:07:641 308880 309520 1
19-07-2017-17:05:07:681 309520 310160 1
19-07-2017-17:05:08:137 310160 310800 1
19-07-2017-17:05:08:139 310800 311440 1
19-07-2017-17:05:08:139 311440 312080 1
19-07-2017-17:05:08:139 312080 312720 1
19-07-2017-17:05:08:139 312720 313360 1
19-07-2017-17:05:08:139 313360 314000 1
19-07-2017-17:05:08:139 314000 314640 1
19-07-2017-17:05:08:139 314640 315280 1
19-07-2017-17:05:08:139 315280 315920 1
19-07-2017-17:05:08:139 315920 316560 1
19-07-2017-17:05:08:139 316560 317200 1
19-07-2017-17:05:08:161 317200 317840 1
19-07-2017-17:05:08:206 317840 318480 1
19-07-2017-17:05:08:246 318480 319120 1
19-07-2017-17:05:08:280 319120 319760 1
19-07-2017-17:05:08:316 319760 320400 1
19-07-2017-17:05:08:358 320400 321040 1
19-07-2017-17:05:08:401 321040 321680 1
19-07-2017-17:05:08:442 321680 322320 1
19-07-2017-17:05:08:484 322320 322960 1
19-07-2017-17:05:08:525 322960 323600 1
19-07-2017-17:05:08:553 323600 324240 1
19-07-2017-17:05:08:599 324240 324880 1
19-07-2017-17:05:08:642 324880 325520 1
19-07-2017-17:05:08:679 325520 326160 1
19-07-2017-17:05:08:720 326160 326800 1
19-07-2017-17:05:08:767 326800 327440 1
19-07-2017-17:05:08:795 327440 328080 1
19-07-2017-17:05:08:835 328080 328720 1
19-07-2017-17:05:08:883 328720 329360 1
19-07-2017-17:05:08:924 329360 330000 1
19-07-2017-17:05:08:965 330000 330640 1
19-07-2017-17:05:09:011 330640 331280 1
19-07-2017-17:05:09:033 331280 331920 1
19-07-2017-17:05:09:079 331920 332560 1
19-07-2017-17:05:09:156 332560 333200 1
19-07-2017-17:05:09:162 333200 333840 1
19-07-2017-17:05:09:207 333840 334480 1
19-07-2017-17:05:09:246 334480 335120 1
19-07-2017-17:05:09:278 335120 335760 1
19-07-2017-17:05:09:317 335760 336400 1
19-07-2017-17:05:09:358 336400 337040 1
19-07-2017-17:05:09:399 337040 337680 1
19-07-2017-17:05:09:445 337680 338320 1
19-07-2017-17:05:09:485 338320 338960 1
19-07-2017-17:05:09:513 338960 339600 1
19-07-2017-17:05:09:554 339600 340240 1
19-07-2017-17:05:09:595 340240 340880 1
19-07-2017-17:05:09:641 340880 341520 1
19-07-2017-17:05:09:682 341520 342160 1
19-07-2017-17:05:09:723 342160 342800 1
19-07-2017-17:05:09:763 342800 343440 1
19-07-2017-17:05:09:810 343440 344080 1
19-07-2017-17:05:09:834 344080 344720 1
19-07-2017-17:05:09:880 344720 345360 1
19-07-2017-17:05:09:920 345360 346000 1
19-07-2017-17:05:09:963 346000 346640 1
19-07-2017-17:05:10:006 346640 347280 1
19-07-2017-17:05:10:048 347280 347920 1
19-07-2017-17:05:10:088 347920 348560 1
19-07-2017-17:05:10:117 348560 349200 1
19-07-2017-17:05:10:159 349200 349840 1
19-07-2017-17:05:10:199 349840 350480 1
19-07-2017-17:05:10:243 350480 351120 1
19-07-2017-17:05:10:285 351120 351760 1
19-07-2017-17:05:10:315 351760 352400 1
19-07-2017-17:05:10:367 352400 353024 1
19-07-2017-17:05:10:399 353024 353648 1
19-07-2017-17:05:10:440 353648 354272 1
19-07-2017-17:05:10:481 354272 354896 1
19-07-2017-17:05:10:508 354896 355520 1
19-07-2017-17:05:10:550 355520 356144 1
19-07-2017-17:05:10:595 356144 356768 1
19-07-2017-17:05:10:637 356768 357392 1
19-07-2017-17:05:10:666 357392 358016 1
19-07-2017-17:05:10:706 358016 358640 1
19-07-2017-17:05:10:745 358640 359264 1
19-07-2017-17:05:10:793 359264 359888 1
19-07-2017-17:05:10:822 359888 360512 1
19-07-2017-17:05:10:862 360512 361136 1
19-07-2017-17:05:10:903 361136 361760 1
19-07-2017-17:05:10:949 361760 362384 1
19-07-2017-17:05:10:988 362384 363008 1
19-07-2017-17:05:11:018 363008 363632 1
19-07-2017-17:05:11:058 363632 364256 1
19-07-2017-17:05:11:098 364256 364880 1
19-07-2017-17:05:11:146 364880 365504 1
19-07-2017-17:05:11:186 365504 366128 1
19-07-2017-17:05:11:215 366128 366752 1
19-07-2017-17:05:11:257 366752 367376 1
19-07-2017-17:05:11:295 367376 368000 1
19-07-2017-17:05:11:336 368000 368624 1
19-07-2017-17:05:11:384 368624 369248 1
19-07-2017-17:05:11:405 369248 369872 1
19-07-2017-17:05:11:452 369872 370496 1
19-07-2017-17:05:11:494 370496 371120 1
19-07-2017-17:05:11:524 371120 371744 1
19-07-2017-17:05:11:564 371744 372368 1
19-07-2017-17:05:11:605 372368 372992 1
19-07-2017-17:05:11:650 372992 373616 1
19-07-2017-17:05:11:690 373616 374240 1
19-07-2017-17:05:11:721 374240 374864 1
19-07-2017-17:05:11:761 374864 375488 1
19-07-2017-17:05:11:802 375488 376112 1
19-07-2017-17:05:11:842 376112 376736 1
19-07-2017-17:05:11:876 376736 377360 1
19-07-2017-17:05:11:918 377360 377984 1
19-07-2017-17:05:11:959 377984 378608 1
19-07-2017-17:05:12:005 378608 379232 1
19-07-2017-17:05:12:046 379232 379856 1
19-07-2017-17:05:12:075 379856 380480 1
19-07-2017-17:05:12:114 380480 381104 1
19-07-2017-17:05:12:154 381104 381728 1
19-07-2017-17:05:12:196 381728 382352 1
19-07-2017-17:05:12:223 382352 382976 1
19-07-2017-17:05:12:624 382976 383600 1
19-07-2017-17:05:12:626 383600 384224 1
19-07-2017-17:05:12:627 384224 384848 1
19-07-2017-17:05:12:627 384848 385472 1
19-07-2017-17:05:12:627 385472 386096 1
19-07-2017-17:05:12:627 386096 386720 1
19-07-2017-17:05:12:627 386720 387344 1
19-07-2017-17:05:12:627 387344 387968 1
19-07-2017-17:05:12:627 387968 388592 1
19-07-2017-17:05:12:627 388592 389216 1
19-07-2017-17:05:12:658 389216 389840 1
19-07-2017-17:05:12:698 389840 390464 1
19-07-2017-17:05:12:746 390464 391088 1
19-07-2017-17:05:12:787 391088 391712 1
19-07-2017-17:05:12:814 391712 392336 1
19-07-2017-17:05:12:855 392336 392960 1
19-07-2017-17:05:12:896 392960 393584 1
19-07-2017-17:05:12:937 393584 394208 1
19-07-2017-17:05:12:967 394208 394832 1
19-07-2017-17:05:13:014 394832 395456 1
19-07-2017-17:05:13:054 395456 396080 1
19-07-2017-17:05:13:083 396080 396704 1
19-07-2017-17:05:13:123 396704 397328 1
19-07-2017-17:05:13:164 397328 397952 1
19-07-2017-17:05:13:206 397952 398576 1
19-07-2017-17:05:13:252 398576 399200 1
19-07-2017-17:05:13:280 399200 399824 1
19-07-2017-17:05:13:323 399824 400448 1
19-07-2017-17:05:13:366 400448 401072 1
19-07-2017-17:05:13:411 401072 401696 1
19-07-2017-17:05:13:439 401696 402320 1
19-07-2017-17:05:13:480 402320 402944 1
19-07-2017-17:05:13:526 402944 403568 1
19-07-2017-17:05:13:555 403568 404192 1
19-07-2017-17:05:13:591 404192 404816 1
19-07-2017-17:05:13:633 404816 405440 1
19-07-2017-17:05:13:679 405440 406064 1
19-07-2017-17:05:13:720 406064 406688 1
19-07-2017-17:05:13:747 406688 407312 1
19-07-2017-17:05:13:788 407312 407936 1
19-07-2017-17:05:13:829 407936 408560 1
19-07-2017-17:05:13:875 408560 409184 1
19-07-2017-17:05:13:916 409184 409808 1
19-07-2017-17:05:13:947 409808 410432 1
19-07-2017-17:05:13:985 410432 411056 1
19-07-2017-17:05:14:028 411056 411680 1
19-07-2017-17:05:14:068 411680 412304 1
19-07-2017-17:05:14:163 412304 412928 1
19-07-2017-17:05:14:164 412928 413552 1
19-07-2017-17:05:14:183 413552 414176 1
19-07-2017-17:05:14:225 414176 414800 1
19-07-2017-17:05:14:258 414800 415424 1
19-07-2017-17:05:14:294 415424 416048 1
19-07-2017-17:05:14:334 416048 416672 1
19-07-2017-17:05:14:381 416672 417296 1
19-07-2017-17:05:14:420 417296 417920 1
19-07-2017-17:05:14:452 417920 418544 1
19-07-2017-17:05:14:490 418544 419168 1
19-07-2017-17:05:14:532 419168 419792 1
19-07-2017-17:05:14:582 419792 420416 1
19-07-2017-17:05:14:618 420416 421040 1
19-07-2017-17:05:14:648 421040 421664 1
19-07-2017-17:05:14:687 421664 422288 1
19-07-2017-17:05:14:727 422288 422912 1
19-07-2017-17:05:14:767 422912 423536 1
19-07-2017-17:05:14:814 423536 424160 1
19-07-2017-17:05:14:840 424160 424784 1
19-07-2017-17:05:14:877 424784 425408 1
19-07-2017-17:05:14:919 425408 426032 1
19-07-2017-17:05:14:963 426032 426656 1
19-07-2017-17:05:15:004 426656 427280 1
19-07-2017-17:05:15:033 427280 427904 1
19-07-2017-17:05:15:075 427904 428528 1
19-07-2017-17:05:15:115 428528 429152 1
19-07-2017-17:05:15:160 429152 429776 1
19-07-2017-17:05:15:202 429776 430400 1
19-07-2017-17:05:15:230 430400 431024 1
19-07-2017-17:05:15:272 431024 431648 1
19-07-2017-17:05:15:313 431648 432272 1
19-07-2017-17:05:15:354 432272 432896 1
19-07-2017-17:05:15:399 432896 433520 1
19-07-2017-17:05:15:424 433520 434144 1
19-07-2017-17:05:15:470 434144 434768 1
19-07-2017-17:05:15:510 434768 435392 1
19-07-2017-17:05:15:540 435392 436016 1
19-07-2017-17:05:15:581 436016 436640 1
19-07-2017-17:05:15:622 436640 437264 1
19-07-2017-17:05:15:667 437264 437888 1
19-07-2017-17:05:15:708 437888 438512 1
19-07-2017-17:05:15:738 438512 439136 1
19-07-2017-17:05:15:777 439136 439760 1
19-07-2017-17:05:15:818 439760 440384 1
19-07-2017-17:05:15:858 440384 441008 1
19-07-2017-17:05:15:904 441008 441632 1
19-07-2017-17:05:15:945 441632 442256 1
19-07-2017-17:05:15:974 442256 442880 1
19-07-2017-17:05:16:013 442880 443504 1
19-07-2017-17:05:16:053 443504 444128 1
19-07-2017-17:05:16:095 444128 444752 1
19-07-2017-17:05:16:125 444752 445376 1
19-07-2017-17:05:16:169 445376 446000 1
19-07-2017-17:05:16:210 446000 446624 1
19-07-2017-17:05:16:251 446624 447248 1
19-07-2017-17:05:16:280 447248 447872 1
19-07-2017-17:05:16:321 447872 448496 1
19-07-2017-17:05:16:367 448496 449120 1
19-07-2017-17:05:16:407 449120 449744 1
19-07-2017-17:05:16:437 449744 450368 1
19-07-2017-17:05:16:476 450368 450992 1
19-07-2017-17:05:16:524 450992 451616 1
19-07-2017-17:05:16:564 451616 452240 1
19-07-2017-17:05:16:593 452240 452864 1
19-07-2017-17:05:16:634 452864 453488 1
19-07-2017-17:05:16:675 453488 454112 1
19-07-2017-17:05:16:713 454112 454736 1
19-07-2017-17:05:16:759 454736 455360 1
19-07-2017-17:05:16:800 455360 455984 1
19-07-2017-17:05:16:830 455984 456608 1
19-07-2017-17:05:16:870 456608 457232 1
19-07-2017-17:05:16:912 457232 457856 1
19-07-2017-17:05:16:952 457856 458480 1
19-07-2017-17:05:16:996 458480 459104 1
19-07-2017-17:05:17:022 459104 459728 1
19-07-2017-17:05:17:068 459728 460352 1
19-07-2017-17:05:17:107 460352 460976 1
19-07-2017-17:05:17:146 460976 461600 1
19-07-2017-17:05:17:188 461600 462224 1
19-07-2017-17:05:17:215 462224 462848 1
19-07-2017-17:05:17:257 462848 463472 1
19-07-2017-17:05:17:405 463472 464096 1
19-07-2017-17:05:17:408 464096 464720 1
19-07-2017-17:05:17:408 464720 465344 1
19-07-2017-17:05:17:415 465344 465968 1
19-07-2017-17:05:17:455 465968 466592 1
19-07-2017-17:05:17:509 466592 467216 1
19-07-2017-17:05:17:537 467216 467840 1
19-07-2017-17:05:17:585 467840 468464 1
19-07-2017-17:05:17:606 468464 469088 1
19-07-2017-17:05:17:652 469088 469712 1
19-07-2017-17:05:17:694 469712 470336 1
19-07-2017-17:05:17:734 470336 470960 1
19-07-2017-17:05:17:763 470960 471584 1
19-07-2017-17:05:17:803 471584 472208 1
19-07-2017-17:05:17:851 472208 472832 1
19-07-2017-17:05:17:894 472832 473456 1
19-07-2017-17:05:17:917 473456 474080 1
19-07-2017-17:05:17:965 474080 474704 1
19-07-2017-17:05:18:006 474704 475328 1
19-07-2017-17:05:18:046 475328 475952 1
19-07-2017-17:05:18:076 475952 476576 1
19-07-2017-17:05:18:115 476576 477200 1
19-07-2017-17:05:18:162 477200 477824 1
19-07-2017-17:05:18:203 477824 478448 1
19-07-2017-17:05:18:232 478448 479072 1
19-07-2017-17:05:18:273 479072 479696 1
19-07-2017-17:05:18:312 479696 480320 1
19-07-2017-17:05:18:360 480320 480944 1
19-07-2017-17:05:18:389 480944 481568 1
19-07-2017-17:05:18:429 481568 482192 1
19-07-2017-17:05:18:470 482192 482816 1
19-07-2017-17:05:18:508 482816 483440 1
19-07-2017-17:05:18:555 483440 484064 1
19-07-2017-17:05:18:584 484064 484688 1
19-07-2017-17:05:18:625 484688 485312 1
19-07-2017-17:05:18:667 485312 485936 1
19-07-2017-17:05:18:706 485936 486560 1
19-07-2017-17:05:18:752 486560 487184 1
19-07-2017-17:05:18:793 487184 487808 1
19-07-2017-17:05:18:822 487808 488432 1
19-07-2017-17:05:18:863 488432 489056 1
19-07-2017-17:05:18:903 489056 489680 1
19-07-2017-17:05:18:943 489680 490304 1
19-07-2017-17:05:18:972 490304 490928 1
19-07-2017-17:05:19:019 490928 491552 1
19-07-2017-17:05:19:060 491552 492176 1
19-07-2017-17:05:19:100 492176 492800 1
19-07-2017-17:05:19:129 492800 493424 1
19-07-2017-17:05:19:169 493424 494048 1
19-07-2017-17:05:19:214 494048 494672 1
19-07-2017-17:05:19:256 494672 495296 1
19-07-2017-17:05:19:286 495296 495920 1
19-07-2017-17:05:19:324 495920 496544 1
19-07-2017-17:05:19:364 496544 497168 1
19-07-2017-17:05:19:406 497168 497792 1
19-07-2017-17:05:19:446 497792 498416 1
19-07-2017-17:05:19:493 498416 499040 1
19-07-2017-17:05:19:517 499040 499664 1
19-07-2017-17:05:19:563 499664 500288 1
19-07-2017-17:05:19:602 500288 500912 1
19-07-2017-17:05:19:645 500912 501536 1
19-07-2017-17:05:19:685 501536 502160 1
19-07-2017-17:05:19:714 502160 502784 1
19-07-2017-17:05:19:753 502784 503408 1
19-07-2017-17:05:19:800 503408 504032 1
19-07-2017-17:05:19:841 504032 504656 1
19-07-2017-17:05:19:871 504656 505280 1
19-07-2017-17:05:19:910 505280 505904 1
19-07-2017-17:05:19:950 505904 506528 1
19-07-2017-17:05:19:997 506528 507152 1
19-07-2017-17:05:20:038 507152 507776 1
19-07-2017-17:05:20:066 507776 508400 1
19-07-2017-17:05:20:108 508400 509024 1
19-07-2017-17:05:20:148 509024 509648 1
19-07-2017-17:05:20:189 509648 510272 1
19-07-2017-17:05:20:234 510272 510896 1
19-07-2017-17:05:20:257 510896 511520 1
19-07-2017-17:05:20:304 511520 512144 1
19-07-2017-17:05:20:343 512144 512768 1
19-07-2017-17:05:20:387 512768 513392 1
19-07-2017-17:05:20:414 513392 514016 1
19-07-2017-17:05:20:455 514016 514640 1
19-07-2017-17:05:20:736 514640 515264 1
19-07-2017-17:05:20:737 515264 515888 1
19-07-2017-17:05:20:737 515888 516512 1
19-07-2017-17:05:20:737 516512 517136 1
19-07-2017-17:05:20:737 517136 517760 1
19-07-2017-17:05:20:737 517760 518384 1
19-07-2017-17:05:20:740 518384 519008 1
19-07-2017-17:05:20:782 519008 519632 1
19-07-2017-17:05:20:809 519632 520256 1
19-07-2017-17:05:20:851 520256 520880 1
19-07-2017-17:05:20:891 520880 521504 1
19-07-2017-17:05:20:932 521504 522128 1
19-07-2017-17:05:20:960 522128 522752 1
19-07-2017-17:05:21:001 522752 523376 1
19-07-2017-17:05:21:047 523376 524000 1
19-07-2017-17:05:21:089 524000 524624 1
19-07-2017-17:05:21:118 524624 525248 1
19-07-2017-17:05:21:158 525248 525872 1
19-07-2017-17:05:21:201 525872 526496 1
19-07-2017-17:05:21:242 526496 527120 1
19-07-2017-17:05:21:286 527120 527744 1
19-07-2017-17:05:21:326 527744 528368 1
19-07-2017-17:05:21:356 528368 528992 1
19-07-2017-17:05:21:399 528992 529616 1
19-07-2017-17:05:21:435 529616 530240 1
19-07-2017-17:05:21:476 530240 530864 1
19-07-2017-17:05:21:522 530864 531488 1
19-07-2017-17:05:21:545 531488 532112 1
19-07-2017-17:05:21:594 532112 532736 1
19-07-2017-17:05:21:633 532736 533360 1
19-07-2017-17:05:21:675 533360 533984 1
19-07-2017-17:05:21:702 533984 534608 1
19-07-2017-17:05:21:744 534608 535232 1
19-07-2017-17:05:21:784 535232 535856 1
19-07-2017-17:05:21:830 535856 536480 1
19-07-2017-17:05:21:859 536480 537104 1
19-07-2017-17:05:21:899 537104 537728 1
19-07-2017-17:05:21:939 537728 538352 1
19-07-2017-17:05:21:980 538352 538976 1
19-07-2017-17:05:22:020 538976 539600 1
19-07-2017-17:05:22:066 539600 540224 1
19-07-2017-17:05:22:097 540224 540848 1
19-07-2017-17:05:22:136 540848 541472 1
19-07-2017-17:05:22:176 541472 542096 1
19-07-2017-17:05:22:218 542096 542720 1
19-07-2017-17:05:22:247 542720 543344 1
19-07-2017-17:05:22:287 543344 543968 1
19-07-2017-17:05:22:338 543968 544592 1
19-07-2017-17:05:22:382 544592 545216 1
19-07-2017-17:05:22:403 545216 545840 1
19-07-2017-17:05:22:451 545840 546464 1
19-07-2017-17:05:22:490 546464 547088 1
19-07-2017-17:05:22:527 547088 547712 1
19-07-2017-17:05:22:566 547712 548336 1
19-07-2017-17:05:22:606 548336 548960 1
19-07-2017-17:05:22:654 548960 549584 1
19-07-2017-17:05:22:676 549584 550208 1
19-07-2017-17:05:22:790 550208 550832 1
19-07-2017-17:05:22:791 550832 551456 1
19-07-2017-17:05:22:804 551456 552080 1
19-07-2017-17:05:22:833 552080 552704 1
19-07-2017-17:05:22:876 552704 553328 1
19-07-2017-17:05:22:914 553328 553952 1
19-07-2017-17:05:22:960 553952 554576 1
19-07-2017-17:05:23:001 554576 555200 1
19-07-2017-17:05:23:028 555200 555824 1
19-07-2017-17:05:23:070 555824 556448 1
19-07-2017-17:05:23:111 556448 557072 1
19-07-2017-17:05:23:151 557072 557696 1
19-07-2017-17:05:23:192 557696 558320 1
19-07-2017-17:05:23:238 558320 558944 1
19-07-2017-17:05:23:269 558944 559568 1
19-07-2017-17:05:23:307 559568 560192 1
19-07-2017-17:05:23:349 560192 560816 1
19-07-2017-17:05:23:388 560816 561440 1
19-07-2017-17:05:23:416 561440 562064 1
19-07-2017-17:05:23:457 562064 562688 1
19-07-2017-17:05:23:505 562688 563312 1
19-07-2017-17:05:23:545 563312 563936 1
19-07-2017-17:05:23:573 563936 564560 1
19-07-2017-17:05:23:614 564560 565184 1
19-07-2017-17:05:23:655 565184 565808 1
19-07-2017-17:05:23:700 565808 566432 1
19-07-2017-17:05:23:730 566432 567056 1
19-07-2017-17:05:23:771 567056 567680 1
19-07-2017-17:05:23:813 567680 568304 1
19-07-2017-17:05:23:853 568304 568928 1
19-07-2017-17:05:23:886 568928 569552 1
19-07-2017-17:05:23:927 569552 570176 1
19-07-2017-17:05:23:968 570176 570800 1
19-07-2017-17:05:24:009 570800 571424 1
19-07-2017-17:05:24:057 571424 572048 1
19-07-2017-17:05:24:094 572048 572672 1
19-07-2017-17:05:24:124 572672 573296 1
19-07-2017-17:05:24:161 573296 573920 1
19-07-2017-17:05:24:205 573920 574544 1
19-07-2017-17:05:24:245 574544 575168 1
19-07-2017-17:05:24:285 575168 575792 1
19-07-2017-17:05:24:314 575792 576416 1
19-07-2017-17:05:24:356 576416 577040 1
19-07-2017-17:05:24:400 577040 577664 1
19-07-2017-17:05:24:443 577664 578288 1
19-07-2017-17:05:24:472 578288 578912 1
19-07-2017-17:05:24:512 578912 579536 1
19-07-2017-17:05:24:551 579536 580160 1
19-07-2017-17:05:24:593 580160 580784 1
19-07-2017-17:05:24:639 580784 581408 1
19-07-2017-17:05:24:667 581408 582032 1
19-07-2017-17:05:24:708 582032 582656 1
19-07-2017-17:05:24:749 582656 583280 1
19-07-2017-17:05:24:791 583280 583904 1
19-07-2017-17:05:24:836 583904 584528 1
19-07-2017-17:05:24:876 584528 585152 1
19-07-2017-17:05:24:906 585152 585776 1
19-07-2017-17:05:24:947 585776 586400 1
19-07-2017-17:05:24:986 586400 587024 1
19-07-2017-17:05:25:028 587024 587648 1
19-07-2017-17:05:25:056 587648 588272 1
19-07-2017-17:05:25:097 588272 588896 1
19-07-2017-17:05:25:143 588896 589520 1
19-07-2017-17:05:25:173 589520 590144 1
19-07-2017-17:05:25:213 590144 590768 1
19-07-2017-17:05:25:255 590768 591392 1
19-07-2017-17:05:25:295 591392 592016 1
19-07-2017-17:05:25:342 592016 592640 1
19-07-2017-17:05:25:370 592640 593264 1
19-07-2017-17:05:25:410 593264 593888 1
19-07-2017-17:05:25:452 593888 594512 1
19-07-2017-17:05:25:497 594512 595136 1
19-07-2017-17:05:25:538 595136 595760 1
19-07-2017-17:05:25:567 595760 596384 1
19-07-2017-17:05:25:607 596384 597008 1
19-07-2017-17:05:25:650 597008 597632 1
19-07-2017-17:05:25:694 597632 598256 1
19-07-2017-17:05:25:718 598256 598880 1
19-07-2017-17:05:25:763 598880 599504 1
19-07-2017-17:05:25:805 599504 600128 1
19-07-2017-17:05:25:845 600128 600752 1
19-07-2017-17:05:26:150 600752 601376 1
19-07-2017-17:05:26:151 601376 602000 1
19-07-2017-17:05:26:151 602000 602624 1
19-07-2017-17:05:26:151 602624 603248 1
19-07-2017-17:05:26:151 603248 603872 1
19-07-2017-17:05:26:151 603872 604496 1
19-07-2017-17:05:26:151 604496 605120 1
19-07-2017-17:05:26:151 605120 605744 1
19-07-2017-17:05:26:193 605744 606368 1
19-07-2017-17:05:26:239 606368 606992 1
19-07-2017-17:05:26:280 606992 607616 1
19-07-2017-17:05:26:310 607616 608240 1
19-07-2017-17:05:26:350 608240 608864 1
19-07-2017-17:05:26:390 608864 609488 1
19-07-2017-17:05:26:419 609488 610112 1
19-07-2017-17:05:26:461 610112 610736 1
19-07-2017-17:05:26:502 610736 611360 1
19-07-2017-17:05:26:547 611360 611984 1
19-07-2017-17:05:26:576 611984 612608 1
19-07-2017-17:05:26:617 612608 613232 1
19-07-2017-17:05:26:659 613232 613856 1
19-07-2017-17:05:26:698 613856 614480 1
19-07-2017-17:05:26:744 614480 615104 1
19-07-2017-17:05:26:787 615104 615728 1
19-07-2017-17:05:26:816 615728 616352 1
19-07-2017-17:05:26:855 616352 616976 1
19-07-2017-17:05:26:899 616976 617600 1
19-07-2017-17:05:26:929 617600 618224 1
19-07-2017-17:05:26:968 618224 618848 1
19-07-2017-17:05:27:012 618848 619472 1
19-07-2017-17:05:27:051 619472 620096 1
19-07-2017-17:05:27:098 620096 620720 1
19-07-2017-17:05:27:138 620720 621344 1
19-07-2017-17:05:27:167 621344 621968 1
19-07-2017-17:05:27:207 621968 622592 1
19-07-2017-17:05:27:247 622592 623216 1
19-07-2017-17:05:27:294 623216 623840 1
19-07-2017-17:05:27:318 623840 624464 1
19-07-2017-17:05:27:364 624464 625088 1
19-07-2017-17:05:27:405 625088 625712 1
19-07-2017-17:05:27:444 625712 626336 1
19-07-2017-17:05:27:474 626336 626960 1
19-07-2017-17:05:27:515 626960 627584 1
19-07-2017-17:05:27:556 627584 628208 1
19-07-2017-17:05:27:600 628208 628832 1
19-07-2017-17:05:27:630 628832 629456 1
19-07-2017-17:05:27:671 629456 630080 1
19-07-2017-17:05:27:712 630080 630704 1
19-07-2017-17:05:27:752 630704 631328 1
19-07-2017-17:05:27:800 631328 631952 1
19-07-2017-17:05:27:840 631952 632576 1
19-07-2017-17:05:27:868 632576 633200 1
19-07-2017-17:05:27:910 633200 633824 1
19-07-2017-17:05:27:951 633824 634448 1
19-07-2017-17:05:27:981 634448 635072 1
19-07-2017-17:05:28:020 635072 635696 1
19-07-2017-17:05:28:067 635696 636320 1
19-07-2017-17:05:28:107 636320 636944 1
19-07-2017-17:05:28:135 636944 637568 1
19-07-2017-17:05:28:176 637568 638192 1
19-07-2017-17:05:28:217 638192 638816 1
19-07-2017-17:05:28:263 638816 639440 1
19-07-2017-17:05:28:302 639440 640064 1
19-07-2017-17:05:28:333 640064 640688 1
19-07-2017-17:05:28:371 640688 641312 1
19-07-2017-17:05:28:412 641312 641936 1
19-07-2017-17:05:28:458 641936 642560 1
19-07-2017-17:05:28:489 642560 643184 1
19-07-2017-17:05:28:532 643184 643808 1
19-07-2017-17:05:28:569 643808 644432 1
19-07-2017-17:05:28:609 644432 645056 1
19-07-2017-17:05:28:657 645056 645680 1
19-07-2017-17:05:28:698 645680 646304 1
19-07-2017-17:05:28:729 646304 646928 1
19-07-2017-17:05:28:767 646928 647552 1
19-07-2017-17:05:28:809 647552 648176 1
19-07-2017-17:05:28:848 648176 648800 1
19-07-2017-17:05:28:877 648800 649424 1
19-07-2017-17:05:28:917 649424 650048 1
19-07-2017-17:05:28:964 650048 650672 1
19-07-2017-17:05:29:004 650672 651296 1
19-07-2017-17:05:29:595 651296 651920 1
19-07-2017-17:05:29:598 651920 652544 1
19-07-2017-17:05:29:598 652544 653168 1
19-07-2017-17:05:29:598 653168 653792 1
19-07-2017-17:05:29:598 653792 654416 1
19-07-2017-17:05:29:598 654416 655040 1
19-07-2017-17:05:29:598 655040 655664 1
19-07-2017-17:05:29:598 655664 656288 1
19-07-2017-17:05:29:598 656288 656912 1
19-07-2017-17:05:29:598 656912 657536 1
19-07-2017-17:05:29:599 657536 658160 1
19-07-2017-17:05:29:599 658160 658784 1
19-07-2017-17:05:29:599 658784 659408 1
19-07-2017-17:05:29:599 659408 660032 1
19-07-2017-17:05:29:599 660032 660656 1
19-07-2017-17:05:29:620 660656 661280 1
19-07-2017-17:05:29:660 661280 661904 1
19-07-2017-17:05:29:708 661904 662528 1
19-07-2017-17:05:29:756 662528 663152 1
19-07-2017-17:05:29:778 663152 663776 1
19-07-2017-17:05:29:817 663776 664400 1
19-07-2017-17:05:29:858 664400 665024 1
19-07-2017-17:05:29:904 665024 665648 1
19-07-2017-17:05:29:934 665648 666272 1
19-07-2017-17:05:29:975 666272 666896 1
19-07-2017-17:05:30:018 666896 667520 1
19-07-2017-17:05:30:057 667520 668144 1
19-07-2017-17:05:30:097 668144 668768 1
19-07-2017-17:05:30:126 668768 669392 1
19-07-2017-17:05:30:167 669392 670016 1
19-07-2017-17:05:30:213 670016 670640 1
19-07-2017-17:05:30:252 670640 671264 1
19-07-2017-17:05:30:282 671264 671888 1
19-07-2017-17:05:30:321 671888 672512 1
19-07-2017-17:05:30:364 672512 673136 1
19-07-2017-17:05:30:410 673136 673760 1
19-07-2017-17:05:30:449 673760 674384 1
19-07-2017-17:05:30:479 674384 675008 1
19-07-2017-17:05:30:520 675008 675632 1
19-07-2017-17:05:30:559 675632 676256 1
19-07-2017-17:05:30:601 676256 676880 1
19-07-2017-17:05:30:648 676880 677504 1
19-07-2017-17:05:30:678 677504 678128 1
19-07-2017-17:05:30:717 678128 678752 1
19-07-2017-17:05:30:758 678752 679376 1
19-07-2017-17:05:30:798 679376 680000 1
19-07-2017-17:05:30:827 680000 680624 1
19-07-2017-17:05:30:867 680624 681248 1
19-07-2017-17:05:30:915 681248 681872 1
19-07-2017-17:05:30:954 681872 682496 1
19-07-2017-17:05:30:984 682496 683120 1
19-07-2017-17:05:31:025 683120 683744 1
19-07-2017-17:05:31:065 683744 684368 1
19-07-2017-17:05:31:112 684368 684992 1
19-07-2017-17:05:31:153 684992 685616 1
19-07-2017-17:05:31:182 685616 686240 1
19-07-2017-17:05:31:221 686240 686864 1
19-07-2017-17:05:31:263 686864 687488 1
19-07-2017-17:05:31:303 687488 688112 1
19-07-2017-17:05:31:350 688112 688736 1
19-07-2017-17:05:31:373 688736 689360 1
19-07-2017-17:05:31:421 689360 689984 1
19-07-2017-17:05:31:459 689984 690608 1
19-07-2017-17:05:31:501 690608 691232 1
19-07-2017-17:05:31:545 691232 691856 1
19-07-2017-17:05:31:572 691856 692480 1
19-07-2017-17:05:31:611 692480 693104 1
19-07-2017-17:05:31:657 693104 693728 1
19-07-2017-17:05:31:699 693728 694352 1
19-07-2017-17:05:31:727 694352 694976 1
19-07-2017-17:05:31:768 694976 695600 1
19-07-2017-17:05:31:809 695600 696224 1
19-07-2017-17:05:31:850 696224 696848 1
19-07-2017-17:05:31:889 696848 697472 1
19-07-2017-17:05:31:919 697472 698096 1
19-07-2017-17:05:31:965 698096 698720 1
19-07-2017-17:05:32:006 698720 699344 1
19-07-2017-17:05:32:047 699344 699968 1
19-07-2017-17:05:32:075 699968 700592 1
19-07-2017-17:05:32:117 700592 701216 1
19-07-2017-17:05:32:157 701216 701840 1
19-07-2017-17:05:32:450 701840 702464 1
19-07-2017-17:05:32:451 702464 703088 1
19-07-2017-17:05:32:452 703088 703712 1
19-07-2017-17:05:32:452 703712 704336 1
19-07-2017-17:05:32:452 704336 704960 1
19-07-2017-17:05:32:452 704960 705584 1
19-07-2017-17:05:32:452 705584 706208 1
19-07-2017-17:05:32:478 706208 706832 1
19-07-2017-17:05:32:508 706832 707456 1
19-07-2017-17:05:32:549 707456 708080 1
19-07-2017-17:05:32:589 708080 708704 1
19-07-2017-17:05:32:631 708704 709328 1
19-07-2017-17:05:32:660 709328 709952 1
19-07-2017-17:05:32:699 709952 710576 1
19-07-2017-17:05:32:746 710576 711200 1
19-07-2017-17:05:32:787 711200 711824 1
19-07-2017-17:05:32:816 711824 712448 1
19-07-2017-17:05:32:857 712448 713072 1
19-07-2017-17:05:32:903 713072 713696 1
19-07-2017-17:05:32:943 713696 714320 1
19-07-2017-17:05:32:984 714320 714944 1
19-07-2017-17:05:33:011 714944 715568 1
19-07-2017-17:05:33:053 715568 716192 1
19-07-2017-17:05:33:098 716192 716816 1
19-07-2017-17:05:33:142 716816 717440 1
19-07-2017-17:05:33:167 717440 718064 1
19-07-2017-17:05:33:209 718064 718688 1
19-07-2017-17:05:33:248 718688 719312 1
19-07-2017-17:05:33:288 719312 719936 1
19-07-2017-17:05:33:335 719936 720560 1
19-07-2017-17:05:33:376 720560 721184 1
19-07-2017-17:05:33:403 721184 721808 1
19-07-2017-17:05:33:445 721808 722432 1
19-07-2017-17:05:33:485 722432 723056 1
19-07-2017-17:05:33:532 723056 723680 1
19-07-2017-17:05:33:572 723680 724304 1
19-07-2017-17:05:33:601 724304 724928 1
19-07-2017-17:05:33:643 724928 725552 1
19-07-2017-17:05:33:682 725552 726176 1
19-07-2017-17:05:33:722 726176 726800 1
19-07-2017-17:05:33:767 726800 727424 1
19-07-2017-17:05:33:791 727424 728048 1
19-07-2017-17:05:33:838 728048 728672 1
19-07-2017-17:05:33:880 728672 729296 1
19-07-2017-17:05:33:919 729296 729920 1
19-07-2017-17:05:33:948 729920 730544 1
19-07-2017-17:05:33:989 730544 731168 1
19-07-2017-17:05:34:035 731168 731792 1
19-07-2017-17:05:34:064 731792 732416 1
19-07-2017-17:05:34:106 732416 733040 1
19-07-2017-17:05:34:147 733040 733664 1
19-07-2017-17:05:34:186 733664 734288 1
19-07-2017-17:05:34:233 734288 734912 1
19-07-2017-17:05:34:262 734912 735536 1
19-07-2017-17:05:34:302 735536 736160 1
19-07-2017-17:05:34:343 736160 736784 1
19-07-2017-17:05:34:377 736784 737408 1
19-07-2017-17:05:34:416 737408 738032 1
19-07-2017-17:05:34:458 738032 738656 1
19-07-2017-17:05:34:503 738656 739280 1
19-07-2017-17:05:34:532 739280 739904 1
19-07-2017-17:05:34:574 739904 740528 1
19-07-2017-17:05:34:614 740528 741152 1
19-07-2017-17:05:34:656 741152 741776 1
19-07-2017-17:05:34:703 741776 742400 1
19-07-2017-17:05:34:731 742400 743024 1
19-07-2017-17:05:34:771 743024 743648 1
19-07-2017-17:05:34:811 743648 744272 1
19-07-2017-17:05:34:851 744272 744896 1
19-07-2017-17:05:34:897 744896 745520 1
19-07-2017-17:05:34:933 745520 746144 1
19-07-2017-17:05:34:967 746144 746768 1
19-07-2017-17:05:35:028 746768 747328 1
19-07-2017-17:05:35:040 747328 747888 1
19-07-2017-17:05:35:069 747888 748448 1
19-07-2017-17:05:35:108 748448 749008 1
19-07-2017-17:05:35:149 749008 749568 1
19-07-2017-17:05:35:181 749568 750128 1
19-07-2017-17:05:35:218 750128 750688 1
19-07-2017-17:05:35:247 750688 751248 1
19-07-2017-17:05:35:286 751248 751808 1
19-07-2017-17:05:35:315 751808 752368 1
19-07-2017-17:05:35:715 752368 752928 1
19-07-2017-17:05:35:717 752928 753488 1
19-07-2017-17:05:35:717 753488 754048 1
19-07-2017-17:05:35:718 754048 754608 1
19-07-2017-17:05:35:718 754608 755168 1
19-07-2017-17:05:35:718 755168 755728 1
19-07-2017-17:05:35:718 755728 756288 1
19-07-2017-17:05:35:719 756288 756848 1
19-07-2017-17:05:35:719 756848 757408 1
19-07-2017-17:05:35:719 757408 757968 1
19-07-2017-17:05:35:719 757968 758528 1
19-07-2017-17:05:35:739 758528 759088 1
19-07-2017-17:05:35:778 759088 759648 1
19-07-2017-17:05:35:822 759648 760208 1
19-07-2017-17:05:35:850 760208 760768 1
19-07-2017-17:05:35:873 760768 761328 1
19-07-2017-17:05:35:914 761328 761888 1
19-07-2017-17:05:35:942 761888 762448 1
19-07-2017-17:05:35:983 762448 763008 1
19-07-2017-17:05:36:012 763008 763568 1
19-07-2017-17:05:36:059 763568 764128 1
19-07-2017-17:05:36:081 764128 764688 1
19-07-2017-17:05:36:130 764688 765248 1
19-07-2017-17:05:36:151 765248 765808 1
19-07-2017-17:05:36:197 765808 766368 1
19-07-2017-17:05:36:222 766368 766928 1
19-07-2017-17:05:36:269 766928 767488 1
19-07-2017-17:05:36:292 767488 768048 1
19-07-2017-17:05:36:338 768048 768608 1
19-07-2017-17:05:36:361 768608 769168 1
19-07-2017-17:05:36:408 769168 769728 1
19-07-2017-17:05:36:436 769728 770288 1
19-07-2017-17:05:36:476 770288 770848 1
19-07-2017-17:05:36:506 770848 771408 1
19-07-2017-17:05:36:547 771408 771968 1
19-07-2017-17:05:36:575 771968 772528 1
19-07-2017-17:05:36:616 772528 773088 1
19-07-2017-17:05:36:644 773088 773648 1
19-07-2017-17:05:36:685 773648 774208 1
19-07-2017-17:05:36:716 774208 774768 1
19-07-2017-17:05:36:757 774768 775328 1
19-07-2017-17:05:36:789 775328 775888 1
19-07-2017-17:05:36:826 775888 776448 1
19-07-2017-17:05:36:856 776448 777008 1
19-07-2017-17:05:36:894 777008 777568 1
19-07-2017-17:05:36:925 777568 778128 1
19-07-2017-17:05:36:965 778128 778688 1
19-07-2017-17:05:36:996 778688 779248 1
19-07-2017-17:05:37:033 779248 779808 1
19-07-2017-17:05:37:065 779808 780368 1
19-07-2017-17:05:37:103 780368 780928 1
19-07-2017-17:05:37:132 780928 781488 1
19-07-2017-17:05:37:173 781488 782048 1
19-07-2017-17:05:37:201 782048 782608 1
19-07-2017-17:05:37:248 782608 783168 1
19-07-2017-17:05:37:272 783168 783728 1
19-07-2017-17:05:37:318 783728 784288 1
19-07-2017-17:05:37:348 784288 784848 1
19-07-2017-17:05:37:387 784848 785408 1
19-07-2017-17:05:37:414 785408 785968 1
19-07-2017-17:05:37:455 785968 786528 1
19-07-2017-17:05:37:484 786528 787088 1
19-07-2017-17:05:37:531 787088 787648 1
19-07-2017-17:05:37:554 787648 788208 1
19-07-2017-17:05:37:601 788208 788768 1
19-07-2017-17:05:37:624 788768 789328 1
19-07-2017-17:05:37:671 789328 789888 1
19-07-2017-17:05:37:700 789888 790448 1
19-07-2017-17:05:37:740 790448 791008 1
19-07-2017-17:05:37:769 791008 791568 1
19-07-2017-17:05:37:798 791568 792128 1
19-07-2017-17:05:37:839 792128 792688 1
19-07-2017-17:05:37:868 792688 793248 1
19-07-2017-17:05:37:910 793248 793808 1
19-07-2017-17:05:37:936 793808 794368 1
19-07-2017-17:05:37:978 794368 794928 1
19-07-2017-17:05:38:008 794928 795488 1
19-07-2017-17:05:38:047 795488 796048 1
19-07-2017-17:05:38:076 796048 796608 1
19-07-2017-17:05:38:117 796608 797168 1
19-07-2017-17:05:38:146 797168 797728 1
19-07-2017-17:05:38:188 797728 798288 1
19-07-2017-17:05:38:217 798288 798848 1
19-07-2017-17:05:38:256 798848 799408 1
19-07-2017-17:05:38:285 799408 799968 1
19-07-2017-17:05:38:326 799968 800528 1
19-07-2017-17:05:38:355 800528 801088 1
19-07-2017-17:05:38:401 801088 801648 1
19-07-2017-17:05:38:426 801648 802208 1
19-07-2017-17:05:38:472 802208 802768 1
19-07-2017-17:05:38:675 802768 803328 1
19-07-2017-17:05:38:679 803328 803888 1
19-07-2017-17:05:38:679 803888 804448 1
19-07-2017-17:05:38:679 804448 805008 1
19-07-2017-17:05:38:679 805008 805568 1
19-07-2017-17:05:38:682 805568 806128 1
19-07-2017-17:05:38:719 806128 806688 1
19-07-2017-17:05:38:750 806688 807248 1
19-07-2017-17:05:38:780 807248 807808 1
19-07-2017-17:05:38:822 807808 808368 1
19-07-2017-17:05:38:850 808368 808928 1
19-07-2017-17:05:38:890 808928 809488 1
19-07-2017-17:05:38:919 809488 810048 1
19-07-2017-17:05:38:959 810048 810608 1
19-07-2017-17:05:38:989 810608 811168 1
19-07-2017-17:05:39:030 811168 811728 1
19-07-2017-17:05:39:057 811728 812288 1
19-07-2017-17:05:39:098 812288 812848 1
19-07-2017-17:05:39:130 812848 813408 1
19-07-2017-17:05:39:169 813408 813968 1
19-07-2017-17:05:39:198 813968 814528 1
19-07-2017-17:05:39:238 814528 815088 1
19-07-2017-17:05:39:269 815088 815648 1
19-07-2017-17:05:39:307 815648 816208 1
19-07-2017-17:05:39:336 816208 816768 1
19-07-2017-17:05:39:378 816768 817328 1
19-07-2017-17:05:39:406 817328 817888 1
19-07-2017-17:05:39:447 817888 818448 1
19-07-2017-17:05:39:476 818448 819008 1
19-07-2017-17:05:39:518 819008 819568 1
19-07-2017-17:05:39:546 819568 820128 1
19-07-2017-17:05:39:595 820128 820688 1
19-07-2017-17:05:39:635 820688 821248 1
19-07-2017-17:05:39:664 821248 821808 1
19-07-2017-17:05:39:704 821808 822368 1
