19-07-2017-11:35:19:157 0 800 1
19-07-2017-11:35:19:209 800 1536 1
19-07-2017-11:35:19:255 1536 2272 1
19-07-2017-11:35:19:292 2272 3008 1
19-07-2017-11:35:19:340 3008 3744 1
19-07-2017-11:35:19:380 3744 4480 1
19-07-2017-11:35:19:425 4480 5216 1
19-07-2017-11:35:19:477 5216 5920 1
19-07-2017-11:35:19:522 5920 6624 1
19-07-2017-11:35:19:564 6624 7328 1
19-07-2017-11:35:19:609 7328 8032 1
19-07-2017-11:35:19:652 8032 8736 1
19-07-2017-11:35:19:691 8736 9440 1
19-07-2017-11:35:19:736 9440 10144 1
19-07-2017-11:35:19:788 10144 10816 1
19-07-2017-11:35:19:821 10816 11488 1
19-07-2017-11:35:19:863 11488 12160 1
19-07-2017-11:35:19:904 12160 12832 1
19-07-2017-11:35:19:944 12832 13504 1
19-07-2017-11:35:19:990 13504 14176 1
19-07-2017-11:35:20:030 14176 14848 1
19-07-2017-11:35:20:071 14848 15520 1
19-07-2017-11:35:20:112 15520 16192 1
19-07-2017-11:35:20:159 16192 16864 1
19-07-2017-11:35:20:198 16864 17536 1
19-07-2017-11:35:20:238 17536 18208 1
19-07-2017-11:35:20:285 18208 18880 1
19-07-2017-11:35:20:326 18880 19552 1
19-07-2017-11:35:20:366 19552 20224 1
19-07-2017-11:35:20:410 20224 20896 1
19-07-2017-11:35:20:458 20896 21568 1
19-07-2017-11:35:20:499 21568 22240 1
19-07-2017-11:35:20:540 22240 22912 1
19-07-2017-11:35:20:580 22912 23584 1
19-07-2017-11:35:20:625 23584 24256 1
19-07-2017-11:35:20:667 24256 24928 1
19-07-2017-11:35:20:709 24928 25600 1
19-07-2017-11:35:20:750 25600 26272 1
19-07-2017-11:35:20:796 26272 26944 1
19-07-2017-11:35:20:837 26944 27616 1
