19-07-2017-10:09:19:324 0 800 1
19-07-2017-10:09:19:375 800 1584 1
19-07-2017-10:09:19:426 1584 2368 1
19-07-2017-10:09:19:477 2368 3152 1
19-07-2017-10:09:19:524 3152 3936 1
19-07-2017-10:09:19:565 3936 4720 1
19-07-2017-10:09:19:616 4720 5424 1
19-07-2017-10:09:19:660 5424 6128 1
19-07-2017-10:09:19:707 6128 6832 1
19-07-2017-10:09:19:749 6832 7536 1
19-07-2017-10:09:19:787 7536 8240 1
19-07-2017-10:09:19:833 8240 8944 1
19-07-2017-10:09:19:876 8944 9648 1
19-07-2017-10:09:19:919 9648 10352 1
19-07-2017-10:09:19:971 10352 11056 1
19-07-2017-10:09:20:011 11056 11760 1
19-07-2017-10:09:20:059 11760 12464 1
19-07-2017-10:09:20:098 12464 13168 1
19-07-2017-10:09:20:139 13168 13872 1
19-07-2017-10:09:20:191 13872 14544 1
19-07-2017-10:09:20:224 14544 15216 1
19-07-2017-10:09:20:264 15216 15888 1
19-07-2017-10:09:20:306 15888 16560 1
19-07-2017-10:09:20:346 16560 17232 1
19-07-2017-10:09:20:398 17232 17888 1
19-07-2017-10:09:20:434 17888 18544 1
19-07-2017-10:09:20:474 18544 19200 1
19-07-2017-10:09:20:515 19200 19856 1
19-07-2017-10:09:20:559 19856 20512 1
19-07-2017-10:09:20:601 20512 21168 1
19-07-2017-10:09:20:642 21168 21824 1
19-07-2017-10:09:20:686 21824 22480 1
19-07-2017-10:09:20:726 22480 23136 1
19-07-2017-10:09:20:767 23136 23792 1
19-07-2017-10:09:20:808 23792 24448 1
19-07-2017-10:09:20:849 24448 25104 1
19-07-2017-10:09:20:894 25104 25760 1
19-07-2017-10:09:20:935 25760 26416 1
19-07-2017-10:09:20:966 26416 27072 1
19-07-2017-10:09:21:005 27072 27728 1
19-07-2017-10:09:21:046 27728 28384 1
19-07-2017-10:09:21:087 28384 29040 1
19-07-2017-10:09:21:134 29040 29696 1
19-07-2017-10:09:21:174 29696 30352 1
19-07-2017-10:09:21:216 30352 31008 1
19-07-2017-10:09:21:255 31008 31664 1
19-07-2017-10:09:21:302 31664 32320 1
19-07-2017-10:09:21:342 32320 32976 1
19-07-2017-10:09:21:371 32976 33632 1
19-07-2017-10:09:21:424 33632 34288 1
19-07-2017-10:09:21:471 34288 34944 1
19-07-2017-10:09:21:510 34944 35600 1
19-07-2017-10:09:21:539 35600 36256 1
19-07-2017-10:09:21:581 36256 36912 1
19-07-2017-10:09:21:620 36912 37568 1
19-07-2017-10:09:21:667 37568 38224 1
19-07-2017-10:09:21:709 38224 38880 1
19-07-2017-10:09:21:749 38880 39536 1
19-07-2017-10:09:21:789 39536 40192 1
19-07-2017-10:09:21:835 40192 40848 1
19-07-2017-10:09:21:863 40848 41504 1
19-07-2017-10:09:21:910 41504 42160 1
19-07-2017-10:09:21:949 42160 42816 1
19-07-2017-10:09:21:990 42816 43472 1
19-07-2017-10:09:22:031 43472 44128 1
19-07-2017-10:09:22:077 44128 44784 1
19-07-2017-10:09:22:117 44784 45440 1
19-07-2017-10:09:22:159 45440 46096 1
19-07-2017-10:09:22:203 46096 46752 1
19-07-2017-10:09:22:245 46752 47408 1
19-07-2017-10:09:22:275 47408 48064 1
19-07-2017-10:09:22:325 48064 48720 1
19-07-2017-10:09:22:372 48720 49376 1
19-07-2017-10:09:22:401 49376 50032 1
19-07-2017-10:09:22:527 50032 50688 1
19-07-2017-10:09:22:528 50688 51344 1
19-07-2017-10:09:22:529 51344 52000 1
19-07-2017-10:09:22:570 52000 52656 1
19-07-2017-10:09:22:611 52656 53312 1
19-07-2017-10:09:22:651 53312 53968 1
19-07-2017-10:09:22:693 53968 54624 1
19-07-2017-10:09:22:737 54624 55280 1
19-07-2017-10:09:22:767 55280 55936 1
19-07-2017-10:09:22:808 55936 56592 1
19-07-2017-10:09:22:849 56592 57248 1
19-07-2017-10:09:22:889 57248 57904 1
19-07-2017-10:09:22:936 57904 58560 1
19-07-2017-10:09:22:975 58560 59216 1
19-07-2017-10:09:23:018 59216 59872 1
19-07-2017-10:09:23:063 59872 60528 1
19-07-2017-10:09:23:104 60528 61184 1
19-07-2017-10:09:23:145 61184 61840 1
19-07-2017-10:09:23:191 61840 62496 1
19-07-2017-10:09:23:233 62496 63152 1
19-07-2017-10:09:23:261 63152 63808 1
19-07-2017-10:09:23:303 63808 64464 1
19-07-2017-10:09:23:346 64464 65120 1
19-07-2017-10:09:23:386 65120 65776 1
19-07-2017-10:09:23:433 65776 66432 1
19-07-2017-10:09:23:474 66432 67088 1
19-07-2017-10:09:23:515 67088 67744 1
19-07-2017-10:09:23:554 67744 68400 1
19-07-2017-10:09:23:602 68400 69056 1
19-07-2017-10:09:23:631 69056 69712 1
19-07-2017-10:09:23:671 69712 70368 1
19-07-2017-10:09:23:713 70368 71024 1
19-07-2017-10:09:23:758 71024 71680 1
19-07-2017-10:09:23:800 71680 72336 1
19-07-2017-10:09:23:841 72336 72992 1
19-07-2017-10:09:23:886 72992 73648 1
19-07-2017-10:09:23:927 73648 74304 1
19-07-2017-10:09:23:956 74304 74960 1
