19-07-2017-09:54:29:125 0 800 1
19-07-2017-09:54:29:170 800 1600 1
19-07-2017-09:54:29:222 1600 2336 1
19-07-2017-09:54:29:263 2336 3072 1
19-07-2017-09:54:29:316 3072 3728 1
19-07-2017-09:54:29:361 3728 4384 1
19-07-2017-09:54:29:388 4384 5040 1
19-07-2017-09:54:29:441 5040 5696 1
19-07-2017-09:54:29:470 5696 6352 1
19-07-2017-09:54:29:512 6352 7008 1
19-07-2017-09:54:29:551 7008 7664 1
19-07-2017-09:54:29:590 7664 8320 1
19-07-2017-09:54:29:638 8320 8976 1
19-07-2017-09:54:29:678 8976 9632 1
19-07-2017-09:54:29:721 9632 10288 1
19-07-2017-09:54:29:763 10288 10944 1
19-07-2017-09:54:29:803 10944 11600 1
19-07-2017-09:54:29:845 11600 12256 1
19-07-2017-09:54:29:889 12256 12912 1
19-07-2017-09:54:29:930 12912 13568 1
19-07-2017-09:54:29:969 13568 14224 1
19-07-2017-09:54:30:015 14224 14880 1
19-07-2017-09:54:30:055 14880 15536 1
19-07-2017-09:54:30:086 15536 16192 1
19-07-2017-09:54:30:129 16192 16848 1
19-07-2017-09:54:30:168 16848 17504 1
19-07-2017-09:54:30:208 17504 18160 1
19-07-2017-09:54:30:254 18160 18816 1
19-07-2017-09:54:30:293 18816 19472 1
19-07-2017-09:54:30:333 19472 20128 1
19-07-2017-09:54:30:380 20128 20784 1
19-07-2017-09:54:30:419 20784 21440 1
19-07-2017-09:54:30:460 21440 22096 1
19-07-2017-09:54:30:500 22096 22752 1
19-07-2017-09:54:30:550 22752 23408 1
19-07-2017-09:54:30:577 23408 24064 1
19-07-2017-09:54:30:618 24064 24720 1
19-07-2017-09:54:30:660 24720 25376 1
19-07-2017-09:54:30:699 25376 26032 1
19-07-2017-09:54:30:745 26032 26688 1
19-07-2017-09:54:30:789 26688 27344 1
19-07-2017-09:54:30:825 27344 28000 1
19-07-2017-09:54:30:866 28000 28656 1
19-07-2017-09:54:30:916 28656 29312 1
19-07-2017-09:54:30:953 29312 29968 1
19-07-2017-09:54:30:993 29968 30624 1
19-07-2017-09:54:31:034 30624 31280 1
19-07-2017-09:54:31:080 31280 31936 1
19-07-2017-09:54:31:120 31936 32592 1
19-07-2017-09:54:31:150 32592 33248 1
19-07-2017-09:54:31:191 33248 33904 1
19-07-2017-09:54:31:231 33904 34560 1
19-07-2017-09:54:31:273 34560 35216 1
19-07-2017-09:54:31:319 35216 35872 1
19-07-2017-09:54:31:359 35872 36528 1
19-07-2017-09:54:31:400 36528 37184 1
19-07-2017-09:54:31:448 37184 37840 1
19-07-2017-09:54:31:489 37840 38496 1
19-07-2017-09:54:31:530 38496 39152 1
19-07-2017-09:54:31:569 39152 39808 1
19-07-2017-09:54:31:617 39808 40464 1
19-07-2017-09:54:31:642 40464 41120 1
19-07-2017-09:54:31:683 41120 41776 1
19-07-2017-09:54:31:724 41776 42432 1
19-07-2017-09:54:31:765 42432 43088 1
19-07-2017-09:54:31:805 43088 43744 1
19-07-2017-09:54:31:850 43744 44400 1
19-07-2017-09:54:31:892 44400 45056 1
19-07-2017-09:54:31:932 45056 45712 1
19-07-2017-09:54:31:979 45712 46368 1
19-07-2017-09:54:32:021 46368 47024 1
19-07-2017-09:54:32:060 47024 47680 1
19-07-2017-09:54:32:107 47680 48336 1
19-07-2017-09:54:32:149 48336 48992 1
19-07-2017-09:54:32:177 48992 49648 1
19-07-2017-09:54:32:283 49648 50304 1
19-07-2017-09:54:32:284 50304 50960 1
19-07-2017-09:54:32:304 50960 51616 1
19-07-2017-09:54:32:343 51616 52272 1
19-07-2017-09:54:32:385 52272 52928 1
19-07-2017-09:54:32:431 52928 53584 1
19-07-2017-09:54:32:472 53584 54240 1
