19-07-2017-11:34:55:068 0 720 1
19-07-2017-11:34:55:116 720 1440 1
19-07-2017-11:34:55:156 1440 2160 1
19-07-2017-11:34:55:202 2160 2880 1
19-07-2017-11:34:55:242 2880 3600 1
19-07-2017-11:34:55:288 3600 4320 1
19-07-2017-11:34:55:329 4320 5040 1
19-07-2017-11:34:55:377 5040 5760 1
19-07-2017-11:34:55:427 5760 6480 1
19-07-2017-11:34:55:473 6480 7200 1
19-07-2017-11:34:55:510 7200 7920 1
19-07-2017-11:34:55:557 7920 8640 1
19-07-2017-11:34:55:609 8640 9360 1
19-07-2017-11:34:55:650 9360 10080 1
19-07-2017-11:34:55:692 10080 10800 1
19-07-2017-11:34:55:736 10800 11520 1
19-07-2017-11:34:55:776 11520 12240 1
19-07-2017-11:34:55:829 12240 12896 1
19-07-2017-11:34:55:859 12896 13552 1
19-07-2017-11:34:55:907 13552 14208 1
19-07-2017-11:34:55:944 14208 14864 1
19-07-2017-11:34:55:986 14864 15520 1
19-07-2017-11:34:56:026 15520 16176 1
19-07-2017-11:34:56:073 16176 16832 1
19-07-2017-11:34:56:113 16832 17488 1
19-07-2017-11:34:56:153 17488 18144 1
19-07-2017-11:34:56:195 18144 18800 1
19-07-2017-11:34:56:240 18800 19456 1
19-07-2017-11:34:56:269 19456 20112 1
19-07-2017-11:34:56:321 20112 20736 1
19-07-2017-11:34:56:355 20736 21360 1
19-07-2017-11:34:56:396 21360 21984 1
19-07-2017-11:34:56:434 21984 22608 1
19-07-2017-11:34:56:465 22608 23232 1
19-07-2017-11:34:56:504 23232 23856 1
19-07-2017-11:34:56:552 23856 24480 1
19-07-2017-11:34:56:592 24480 25104 1
19-07-2017-11:34:56:622 25104 25728 1
19-07-2017-11:34:56:661 25728 26352 1
19-07-2017-11:34:56:701 26352 26976 1
19-07-2017-11:34:56:742 26976 27600 1
19-07-2017-11:34:56:788 27600 28224 1
19-07-2017-11:34:56:819 28224 28848 1
19-07-2017-11:34:56:858 28848 29472 1
19-07-2017-11:34:56:898 29472 30096 1
19-07-2017-11:34:56:939 30096 30720 1
19-07-2017-11:34:56:984 30720 31344 1
19-07-2017-11:34:57:012 31344 31968 1
19-07-2017-11:34:57:054 31968 32592 1
19-07-2017-11:34:57:095 32592 33216 1
19-07-2017-11:34:57:135 33216 33840 1
19-07-2017-11:34:57:181 33840 34464 1
19-07-2017-11:34:57:204 34464 35088 1
19-07-2017-11:34:57:250 35088 35712 1
19-07-2017-11:34:57:292 35712 36336 1
19-07-2017-11:34:57:333 36336 36960 1
19-07-2017-11:34:57:360 36960 37584 1
19-07-2017-11:34:57:402 37584 38208 1
19-07-2017-11:34:57:448 38208 38832 1
19-07-2017-11:34:57:487 38832 39456 1
19-07-2017-11:34:57:516 39456 40080 1
19-07-2017-11:34:57:558 40080 40704 1
19-07-2017-11:34:57:598 40704 41328 1
19-07-2017-11:34:57:638 41328 41952 1
19-07-2017-11:34:57:685 41952 42576 1
19-07-2017-11:34:57:726 42576 43200 1
19-07-2017-11:34:57:753 43200 43824 1
19-07-2017-11:34:57:794 43824 44448 1
19-07-2017-11:34:57:833 44448 45072 1
19-07-2017-11:34:57:876 45072 45696 1
19-07-2017-11:34:57:923 45696 46320 1
19-07-2017-11:34:57:946 46320 46944 1
19-07-2017-11:34:57:990 46944 47568 1
19-07-2017-11:34:58:034 47568 48192 1
19-07-2017-11:34:58:073 48192 48816 1
19-07-2017-11:34:58:102 48816 49440 1
19-07-2017-11:34:58:246 49440 50064 1
19-07-2017-11:34:58:247 50064 50688 1
19-07-2017-11:34:58:247 50688 51312 1
19-07-2017-11:34:58:269 51312 51936 1
19-07-2017-11:34:58:298 51936 52560 1
19-07-2017-11:34:58:339 52560 53184 1
19-07-2017-11:34:58:381 53184 53808 1
19-07-2017-11:34:58:424 53808 54432 1
19-07-2017-11:34:58:454 54432 55056 1
19-07-2017-11:34:58:495 55056 55680 1
19-07-2017-11:34:58:536 55680 56304 1
19-07-2017-11:34:58:575 56304 56928 1
19-07-2017-11:34:58:622 56928 57552 1
19-07-2017-11:34:58:662 57552 58176 1
19-07-2017-11:34:58:698 58176 58800 1
19-07-2017-11:34:58:732 58800 59424 1
19-07-2017-11:34:58:773 59424 60048 1
19-07-2017-11:34:58:813 60048 60672 1
19-07-2017-11:34:58:843 60672 61296 1
19-07-2017-11:34:58:888 61296 61920 1
19-07-2017-11:34:58:930 61920 62544 1
19-07-2017-11:34:58:970 62544 63168 1
19-07-2017-11:34:59:000 63168 63792 1
19-07-2017-11:34:59:039 63792 64416 1
19-07-2017-11:34:59:083 64416 65040 1
19-07-2017-11:34:59:131 65040 65664 1
19-07-2017-11:34:59:172 65664 66288 1
19-07-2017-11:34:59:201 66288 66912 1
19-07-2017-11:34:59:240 66912 67536 1
19-07-2017-11:34:59:282 67536 68160 1
19-07-2017-11:34:59:311 68160 68784 1
19-07-2017-11:34:59:351 68784 69408 1
19-07-2017-11:34:59:397 69408 70032 1
19-07-2017-11:34:59:437 70032 70656 1
19-07-2017-11:34:59:466 70656 71280 1
19-07-2017-11:34:59:508 71280 71904 1
19-07-2017-11:34:59:551 71904 72528 1
19-07-2017-11:34:59:589 72528 73152 1
19-07-2017-11:34:59:635 73152 73776 1
19-07-2017-11:34:59:677 73776 74400 1
19-07-2017-11:34:59:705 74400 75024 1
19-07-2017-11:34:59:747 75024 75648 1
19-07-2017-11:34:59:788 75648 76272 1
19-07-2017-11:34:59:834 76272 76896 1
19-07-2017-11:34:59:859 76896 77520 1
19-07-2017-11:34:59:904 77520 78144 1
19-07-2017-11:34:59:944 78144 78768 1
19-07-2017-11:34:59:984 78768 79392 1
19-07-2017-11:35:00:013 79392 80016 1
19-07-2017-11:35:00:055 80016 80640 1
19-07-2017-11:35:00:100 80640 81264 1
19-07-2017-11:35:00:140 81264 81888 1
19-07-2017-11:35:00:168 81888 82512 1
19-07-2017-11:35:00:210 82512 83136 1
19-07-2017-11:35:00:250 83136 83760 1
19-07-2017-11:35:00:296 83760 84384 1
19-07-2017-11:35:00:336 84384 85008 1
19-07-2017-11:35:00:367 85008 85632 1
19-07-2017-11:35:00:407 85632 86256 1
19-07-2017-11:35:00:446 86256 86880 1
19-07-2017-11:35:00:494 86880 87504 1
19-07-2017-11:35:00:522 87504 88128 1
19-07-2017-11:35:00:564 88128 88752 1
19-07-2017-11:35:00:609 88752 89376 1
19-07-2017-11:35:00:637 89376 90000 1
19-07-2017-11:35:00:677 90000 90624 1
19-07-2017-11:35:00:718 90624 91248 1
19-07-2017-11:35:00:760 91248 91872 1
19-07-2017-11:35:00:804 91872 92496 1
19-07-2017-11:35:00:834 92496 93120 1
19-07-2017-11:35:00:876 93120 93744 1
19-07-2017-11:35:00:915 93744 94368 1
19-07-2017-11:35:00:955 94368 94992 1
19-07-2017-11:35:01:002 94992 95616 1
19-07-2017-11:35:01:031 95616 96240 1
19-07-2017-11:35:01:072 96240 96864 1
19-07-2017-11:35:01:111 96864 97488 1
19-07-2017-11:35:01:151 97488 98112 1
19-07-2017-11:35:01:198 98112 98736 1
19-07-2017-11:35:01:227 98736 99360 1
19-07-2017-11:35:01:267 99360 99984 1
19-07-2017-11:35:01:439 99984 100608 1
19-07-2017-11:35:01:441 100608 101232 1
19-07-2017-11:35:01:441 101232 101856 1
19-07-2017-11:35:01:441 101856 102480 1
19-07-2017-11:35:01:463 102480 103104 1
19-07-2017-11:35:01:505 103104 103728 1
19-07-2017-11:35:01:533 103728 104352 1
19-07-2017-11:35:01:575 104352 104976 1
19-07-2017-11:35:01:615 104976 105600 1
19-07-2017-11:35:01:656 105600 106224 1
19-07-2017-11:35:01:703 106224 106848 1
19-07-2017-11:35:01:731 106848 107472 1
19-07-2017-11:35:01:773 107472 108096 1
19-07-2017-11:35:01:812 108096 108720 1
19-07-2017-11:35:01:854 108720 109344 1
19-07-2017-11:35:01:900 109344 109968 1
19-07-2017-11:35:01:927 109968 110592 1
19-07-2017-11:35:01:968 110592 111216 1
19-07-2017-11:35:02:010 111216 111840 1
19-07-2017-11:35:02:050 111840 112464 1
19-07-2017-11:35:02:091 112464 113088 1
19-07-2017-11:35:02:119 113088 113712 1
19-07-2017-11:35:02:159 113712 114336 1
19-07-2017-11:35:02:206 114336 114960 1
19-07-2017-11:35:02:247 114960 115584 1
19-07-2017-11:35:02:276 115584 116208 1
19-07-2017-11:35:02:317 116208 116832 1
19-07-2017-11:35:02:357 116832 117456 1
19-07-2017-11:35:02:403 117456 118080 1
19-07-2017-11:35:02:443 118080 118704 1
19-07-2017-11:35:02:472 118704 119328 1
19-07-2017-11:35:02:514 119328 119952 1
19-07-2017-11:35:02:552 119952 120576 1
19-07-2017-11:35:02:594 120576 121200 1
19-07-2017-11:35:02:642 121200 121824 1
19-07-2017-11:35:02:670 121824 122448 1
19-07-2017-11:35:02:711 122448 123072 1
19-07-2017-11:35:02:752 123072 123696 1
19-07-2017-11:35:02:792 123696 124320 1
19-07-2017-11:35:02:821 124320 124944 1
19-07-2017-11:35:02:861 124944 125568 1
19-07-2017-11:35:02:908 125568 126192 1
19-07-2017-11:35:02:948 126192 126816 1
19-07-2017-11:35:02:976 126816 127440 1
19-07-2017-11:35:03:017 127440 128064 1
19-07-2017-11:35:03:056 128064 128688 1
19-07-2017-11:35:03:104 128688 129312 1
19-07-2017-11:35:03:144 129312 129936 1
19-07-2017-11:35:03:174 129936 130560 1
19-07-2017-11:35:03:213 130560 131184 1
19-07-2017-11:35:03:254 131184 131808 1
19-07-2017-11:35:03:300 131808 132432 1
19-07-2017-11:35:03:341 132432 133056 1
19-07-2017-11:35:03:370 133056 133680 1
19-07-2017-11:35:03:411 133680 134304 1
19-07-2017-11:35:03:452 134304 134928 1
19-07-2017-11:35:03:491 134928 135552 1
19-07-2017-11:35:03:538 135552 136176 1
19-07-2017-11:35:03:569 136176 136800 1
19-07-2017-11:35:03:608 136800 137424 1
19-07-2017-11:35:03:650 137424 138048 1
19-07-2017-11:35:03:679 138048 138672 1
19-07-2017-11:35:03:719 138672 139296 1
19-07-2017-11:35:03:759 139296 139920 1
19-07-2017-11:35:03:807 139920 140544 1
19-07-2017-11:35:03:836 140544 141168 1
19-07-2017-11:35:03:875 141168 141792 1
19-07-2017-11:35:03:916 141792 142416 1
19-07-2017-11:35:03:958 142416 143040 1
19-07-2017-11:35:04:003 143040 143664 1
19-07-2017-11:35:04:032 143664 144288 1
19-07-2017-11:35:04:074 144288 144912 1
19-07-2017-11:35:04:114 144912 145536 1
19-07-2017-11:35:04:154 145536 146160 1
19-07-2017-11:35:04:252 146160 146784 1
19-07-2017-11:35:04:254 146784 147408 1
19-07-2017-11:35:04:270 147408 148032 1
19-07-2017-11:35:04:312 148032 148656 1
19-07-2017-11:35:04:351 148656 149280 1
19-07-2017-11:35:04:381 149280 149904 1
19-07-2017-11:35:04:421 149904 150528 1
19-07-2017-11:35:04:467 150528 151152 1
19-07-2017-11:35:04:509 151152 151776 1
19-07-2017-11:35:04:538 151776 152400 1
19-07-2017-11:35:04:579 152400 153024 1
19-07-2017-11:35:04:620 153024 153648 1
19-07-2017-11:35:04:661 153648 154272 1
19-07-2017-11:35:04:705 154272 154896 1
19-07-2017-11:35:04:747 154896 155520 1
19-07-2017-11:35:04:775 155520 156144 1
19-07-2017-11:35:04:816 156144 156768 1
19-07-2017-11:35:04:857 156768 157392 1
19-07-2017-11:35:04:899 157392 158016 1
19-07-2017-11:35:04:928 158016 158640 1
19-07-2017-11:35:04:973 158640 159264 1
19-07-2017-11:35:05:014 159264 159888 1
19-07-2017-11:35:05:055 159888 160512 1
19-07-2017-11:35:05:083 160512 161136 1
19-07-2017-11:35:05:127 161136 161760 1
19-07-2017-11:35:05:168 161760 162384 1
19-07-2017-11:35:05:210 162384 163008 1
19-07-2017-11:35:05:239 163008 163632 1
19-07-2017-11:35:05:279 163632 164256 1
19-07-2017-11:35:05:320 164256 164880 1
19-07-2017-11:35:05:366 164880 165504 1
19-07-2017-11:35:05:395 165504 166128 1
19-07-2017-11:35:05:437 166128 166752 1
19-07-2017-11:35:05:476 166752 167376 1
19-07-2017-11:35:05:515 167376 168000 1
19-07-2017-11:35:05:557 168000 168624 1
19-07-2017-11:35:05:598 168624 169248 1
19-07-2017-11:35:05:638 169248 169872 1
19-07-2017-11:35:05:678 169872 170496 1
19-07-2017-11:35:05:707 170496 171120 1
19-07-2017-11:35:05:748 171120 171744 1
19-07-2017-11:35:05:794 171744 172368 1
19-07-2017-11:35:05:836 172368 172992 1
19-07-2017-11:35:05:864 172992 173616 1
19-07-2017-11:35:05:905 173616 174240 1
19-07-2017-11:35:05:945 174240 174864 1
19-07-2017-11:35:05:987 174864 175488 1
19-07-2017-11:35:06:034 175488 176112 1
19-07-2017-11:35:06:061 176112 176736 1
19-07-2017-11:35:06:103 176736 177360 1
19-07-2017-11:35:06:144 177360 177984 1
19-07-2017-11:35:06:182 177984 178608 1
19-07-2017-11:35:06:230 178608 179232 1
19-07-2017-11:35:06:254 179232 179856 1
19-07-2017-11:35:06:300 179856 180480 1
19-07-2017-11:35:06:340 180480 181104 1
19-07-2017-11:35:06:379 181104 181728 1
19-07-2017-11:35:06:410 181728 182352 1
19-07-2017-11:35:06:450 182352 182976 1
19-07-2017-11:35:06:497 182976 183600 1
19-07-2017-11:35:06:536 183600 184224 1
19-07-2017-11:35:06:567 184224 184848 1
19-07-2017-11:35:06:606 184848 185472 1
19-07-2017-11:35:06:652 185472 186096 1
19-07-2017-11:35:06:692 186096 186720 1
19-07-2017-11:35:06:721 186720 187344 1
19-07-2017-11:35:06:763 187344 187968 1
19-07-2017-11:35:06:802 187968 188592 1
19-07-2017-11:35:06:850 188592 189216 1
19-07-2017-11:35:06:890 189216 189840 1
19-07-2017-11:35:06:920 189840 190464 1
19-07-2017-11:35:06:960 190464 191088 1
19-07-2017-11:35:07:000 191088 191712 1
19-07-2017-11:35:07:047 191712 192336 1
19-07-2017-11:35:07:087 192336 192960 1
19-07-2017-11:35:07:117 192960 193584 1
19-07-2017-11:35:07:157 193584 194208 1
19-07-2017-11:35:07:197 194208 194832 1
19-07-2017-11:35:07:238 194832 195456 1
19-07-2017-11:35:07:268 195456 196080 1
19-07-2017-11:35:07:313 196080 196704 1
19-07-2017-11:35:07:599 196704 197328 1
19-07-2017-11:35:07:600 197328 197952 1
19-07-2017-11:35:07:600 197952 198576 1
19-07-2017-11:35:07:600 198576 199200 1
19-07-2017-11:35:07:601 199200 199824 1
19-07-2017-11:35:07:601 199824 200448 1
19-07-2017-11:35:07:601 200448 201072 1
19-07-2017-11:35:07:619 201072 201696 1
19-07-2017-11:35:07:661 201696 202320 1
19-07-2017-11:35:07:701 202320 202944 1
19-07-2017-11:35:07:749 202944 203568 1
19-07-2017-11:35:07:789 203568 204192 1
19-07-2017-11:35:07:818 204192 204816 1
19-07-2017-11:35:07:858 204816 205440 1
19-07-2017-11:35:07:898 205440 206064 1
19-07-2017-11:35:07:938 206064 206688 1
19-07-2017-11:35:07:985 206688 207312 1
19-07-2017-11:35:08:011 207312 207936 1
19-07-2017-11:35:08:055 207936 208560 1
19-07-2017-11:35:08:095 208560 209184 1
19-07-2017-11:35:08:125 209184 209808 1
19-07-2017-11:35:08:170 209808 210432 1
19-07-2017-11:35:08:210 210432 211056 1
19-07-2017-11:35:08:251 211056 211680 1
19-07-2017-11:35:08:281 211680 212304 1
19-07-2017-11:35:08:319 212304 212928 1
19-07-2017-11:35:08:360 212928 213552 1
19-07-2017-11:35:08:407 213552 214176 1
19-07-2017-11:35:08:447 214176 214800 1
19-07-2017-11:35:08:477 214800 215424 1
19-07-2017-11:35:08:522 215424 216048 1
19-07-2017-11:35:08:560 216048 216672 1
19-07-2017-11:35:08:604 216672 217296 1
19-07-2017-11:35:08:633 217296 217920 1
19-07-2017-11:35:08:673 217920 218544 1
19-07-2017-11:35:08:713 218544 219168 1
19-07-2017-11:35:08:754 219168 219792 1
19-07-2017-11:35:08:801 219792 220416 1
19-07-2017-11:35:08:829 220416 221040 1
19-07-2017-11:35:08:871 221040 221664 1
19-07-2017-11:35:08:911 221664 222288 1
19-07-2017-11:35:08:953 222288 222912 1
19-07-2017-11:35:08:998 222912 223536 1
19-07-2017-11:35:09:021 223536 224160 1
19-07-2017-11:35:09:067 224160 224784 1
19-07-2017-11:35:09:107 224784 225408 1
19-07-2017-11:35:09:149 225408 226032 1
19-07-2017-11:35:09:177 226032 226656 1
19-07-2017-11:35:09:224 226656 227280 1
19-07-2017-11:35:09:265 227280 227904 1
19-07-2017-11:35:09:305 227904 228528 1
19-07-2017-11:35:09:333 228528 229152 1
19-07-2017-11:35:09:374 229152 229776 1
19-07-2017-11:35:09:415 229776 230400 1
19-07-2017-11:35:09:460 230400 231024 1
19-07-2017-11:35:09:501 231024 231648 1
19-07-2017-11:35:09:530 231648 232272 1
19-07-2017-11:35:09:570 232272 232896 1
19-07-2017-11:35:09:611 232896 233520 1
19-07-2017-11:35:09:653 233520 234144 1
19-07-2017-11:35:09:699 234144 234768 1
19-07-2017-11:35:09:740 234768 235392 1
19-07-2017-11:35:09:769 235392 236016 1
19-07-2017-11:35:09:809 236016 236640 1
19-07-2017-11:35:09:850 236640 237264 1
19-07-2017-11:35:09:896 237264 237888 1
19-07-2017-11:35:09:919 237888 238512 1
19-07-2017-11:35:09:965 238512 239136 1
19-07-2017-11:35:10:006 239136 239760 1
19-07-2017-11:35:10:036 239760 240384 1
19-07-2017-11:35:10:077 240384 241008 1
19-07-2017-11:35:10:117 241008 241632 1
19-07-2017-11:35:10:163 241632 242256 1
19-07-2017-11:35:10:192 242256 242880 1
19-07-2017-11:35:10:231 242880 243504 1
19-07-2017-11:35:10:273 243504 244128 1
19-07-2017-11:35:10:319 244128 244752 1
19-07-2017-11:35:10:359 244752 245376 1
19-07-2017-11:35:10:389 245376 246000 1
19-07-2017-11:35:10:429 246000 246624 1
19-07-2017-11:35:10:468 246624 247248 1
19-07-2017-11:35:10:733 247248 247872 1
19-07-2017-11:35:10:734 247872 248496 1
19-07-2017-11:35:10:735 248496 249120 1
19-07-2017-11:35:10:735 249120 249744 1
19-07-2017-11:35:10:735 249744 250368 1
19-07-2017-11:35:10:735 250368 250992 1
19-07-2017-11:35:10:753 250992 251616 1
19-07-2017-11:35:10:784 251616 252240 1
19-07-2017-11:35:10:824 252240 252864 1
19-07-2017-11:35:10:865 252864 253488 1
19-07-2017-11:35:10:892 253488 254112 1
19-07-2017-11:35:10:932 254112 254736 1
19-07-2017-11:35:10:980 254736 255360 1
19-07-2017-11:35:11:020 255360 255984 1
19-07-2017-11:35:11:049 255984 256608 1
19-07-2017-11:35:11:091 256608 257232 1
19-07-2017-11:35:11:131 257232 257856 1
19-07-2017-11:35:11:177 257856 258480 1
19-07-2017-11:35:11:217 258480 259104 1
19-07-2017-11:35:11:247 259104 259728 1
19-07-2017-11:35:11:286 259728 260352 1
19-07-2017-11:35:11:327 260352 260976 1
19-07-2017-11:35:11:373 260976 261600 1
19-07-2017-11:35:11:414 261600 262224 1
19-07-2017-11:35:11:443 262224 262848 1
19-07-2017-11:35:11:484 262848 263472 1
19-07-2017-11:35:11:525 263472 264096 1
19-07-2017-11:35:11:569 264096 264720 1
19-07-2017-11:35:11:612 264720 265344 1
19-07-2017-11:35:11:640 265344 265968 1
19-07-2017-11:35:11:679 265968 266592 1
19-07-2017-11:35:11:720 266592 267216 1
19-07-2017-11:35:11:760 267216 267840 1
19-07-2017-11:35:11:791 267840 268464 1
19-07-2017-11:35:11:836 268464 269088 1
19-07-2017-11:35:11:877 269088 269712 1
19-07-2017-11:35:11:917 269712 270336 1
19-07-2017-11:35:11:958 270336 270960 1
19-07-2017-11:35:11:985 270960 271584 1
19-07-2017-11:35:12:026 271584 272208 1
19-07-2017-11:35:12:073 272208 272832 1
19-07-2017-11:35:12:102 272832 273456 1
19-07-2017-11:35:12:143 273456 274080 1
19-07-2017-11:35:12:184 274080 274704 1
19-07-2017-11:35:12:224 274704 275328 1
19-07-2017-11:35:12:270 275328 275952 1
19-07-2017-11:35:12:299 275952 276576 1
19-07-2017-11:35:12:341 276576 277200 1
19-07-2017-11:35:12:381 277200 277824 1
19-07-2017-11:35:12:420 277824 278448 1
19-07-2017-11:35:12:468 278448 279072 1
19-07-2017-11:35:12:508 279072 279696 1
19-07-2017-11:35:12:537 279696 280320 1
19-07-2017-11:35:12:577 280320 280944 1
19-07-2017-11:35:12:618 280944 281568 1
19-07-2017-11:35:12:658 281568 282192 1
19-07-2017-11:35:12:687 282192 282816 1
19-07-2017-11:35:12:728 282816 283440 1
19-07-2017-11:35:12:773 283440 284064 1
19-07-2017-11:35:12:815 284064 284688 1
19-07-2017-11:35:12:843 284688 285312 1
19-07-2017-11:35:12:883 285312 285936 1
19-07-2017-11:35:12:924 285936 286560 1
19-07-2017-11:35:12:964 286560 287184 1
19-07-2017-11:35:13:009 287184 287808 1
19-07-2017-11:35:13:039 287808 288432 1
19-07-2017-11:35:13:081 288432 289056 1
19-07-2017-11:35:13:121 289056 289680 1
19-07-2017-11:35:13:162 289680 290304 1
19-07-2017-11:35:13:207 290304 290928 1
19-07-2017-11:35:13:248 290928 291552 1
19-07-2017-11:35:13:278 291552 292176 1
19-07-2017-11:35:13:316 292176 292800 1
19-07-2017-11:35:13:356 292800 293424 1
19-07-2017-11:35:13:399 293424 294048 1
19-07-2017-11:35:13:445 294048 294672 1
19-07-2017-11:35:13:468 294672 295296 1
19-07-2017-11:35:13:513 295296 295920 1
19-07-2017-11:35:13:554 295920 296544 1
19-07-2017-11:35:13:595 296544 297168 1
19-07-2017-11:35:13:624 297168 297792 1
19-07-2017-11:35:13:943 297792 298416 1
19-07-2017-11:35:13:944 298416 299040 1
19-07-2017-11:35:13:951 299040 299664 1
19-07-2017-11:35:13:951 299664 300288 1
19-07-2017-11:35:13:951 300288 300912 1
19-07-2017-11:35:13:951 300912 301536 1
19-07-2017-11:35:13:951 301536 302160 1
19-07-2017-11:35:13:951 302160 302784 1
19-07-2017-11:35:13:977 302784 303408 1
19-07-2017-11:35:14:018 303408 304032 1
19-07-2017-11:35:14:059 304032 304656 1
19-07-2017-11:35:14:093 304656 305280 1
19-07-2017-11:35:14:137 305280 305904 1
19-07-2017-11:35:14:179 305904 306528 1
19-07-2017-11:35:14:219 306528 307152 1
19-07-2017-11:35:14:250 307152 307776 1
19-07-2017-11:35:14:288 307776 308400 1
19-07-2017-11:35:14:329 308400 309024 1
19-07-2017-11:35:14:374 309024 309648 1
19-07-2017-11:35:14:405 309648 310272 1
19-07-2017-11:35:14:446 310272 310896 1
19-07-2017-11:35:14:485 310896 311520 1
19-07-2017-11:35:14:527 311520 312144 1
19-07-2017-11:35:14:574 312144 312768 1
19-07-2017-11:35:14:613 312768 313392 1
19-07-2017-11:35:14:641 313392 314016 1
19-07-2017-11:35:14:683 314016 314640 1
19-07-2017-11:35:14:723 314640 315264 1
19-07-2017-11:35:14:770 315264 315888 1
19-07-2017-11:35:14:793 315888 316512 1
19-07-2017-11:35:14:840 316512 317136 1
19-07-2017-11:35:14:880 317136 317760 1
19-07-2017-11:35:14:921 317760 318384 1
19-07-2017-11:35:14:949 318384 319008 1
19-07-2017-11:35:14:990 319008 319632 1
19-07-2017-11:35:15:036 319632 320256 1
19-07-2017-11:35:15:076 320256 320880 1
19-07-2017-11:35:15:106 320880 321504 1
19-07-2017-11:35:15:149 321504 322128 1
19-07-2017-11:35:15:187 322128 322752 1
19-07-2017-11:35:15:232 322752 323376 1
19-07-2017-11:35:15:274 323376 324000 1
19-07-2017-11:35:15:315 324000 324624 1
19-07-2017-11:35:15:344 324624 325248 1
19-07-2017-11:35:15:384 325248 325872 1
19-07-2017-11:35:15:425 325872 326496 1
19-07-2017-11:35:15:467 326496 327120 1
19-07-2017-11:35:15:494 327120 327744 1
19-07-2017-11:35:15:542 327744 328368 1
19-07-2017-11:35:15:582 328368 328992 1
19-07-2017-11:35:15:621 328992 329616 1
19-07-2017-11:35:15:650 329616 330240 1
19-07-2017-11:35:15:691 330240 330864 1
19-07-2017-11:35:15:739 330864 331488 1
19-07-2017-11:35:15:780 331488 332112 1
19-07-2017-11:35:15:809 332112 332736 1
19-07-2017-11:35:15:848 332736 333360 1
19-07-2017-11:35:15:889 333360 333984 1
19-07-2017-11:35:15:936 333984 334608 1
19-07-2017-11:35:15:964 334608 335232 1
19-07-2017-11:35:16:007 335232 335856 1
19-07-2017-11:35:16:047 335856 336480 1
19-07-2017-11:35:16:088 336480 337104 1
19-07-2017-11:35:16:135 337104 337728 1
19-07-2017-11:35:16:159 337728 338352 1
19-07-2017-11:35:16:203 338352 338976 1
19-07-2017-11:35:16:244 338976 339600 1
19-07-2017-11:35:16:288 339600 340224 1
19-07-2017-11:35:16:315 340224 340848 1
19-07-2017-11:35:16:367 340848 341472 1
19-07-2017-11:35:16:401 341472 342096 1
19-07-2017-11:35:16:441 342096 342720 1
19-07-2017-11:35:16:472 342720 343344 1
19-07-2017-11:35:16:512 343344 343968 1
19-07-2017-11:35:16:553 343968 344592 1
19-07-2017-11:35:16:600 344592 345216 1
19-07-2017-11:35:16:640 345216 345840 1
19-07-2017-11:35:16:669 345840 346464 1
19-07-2017-11:35:16:710 346464 347088 1
19-07-2017-11:35:16:751 347088 347712 1
19-07-2017-11:35:16:797 347712 348336 1
19-07-2017-11:35:16:915 348336 348960 1
19-07-2017-11:35:16:916 348960 349584 1
19-07-2017-11:35:16:916 349584 350208 1
19-07-2017-11:35:16:949 350208 350832 1
19-07-2017-11:35:16:978 350832 351456 1
19-07-2017-11:35:17:017 351456 352080 1
19-07-2017-11:35:17:064 352080 352704 1
19-07-2017-11:35:17:104 352704 353328 1
19-07-2017-11:35:17:132 353328 353952 1
19-07-2017-11:35:17:174 353952 354576 1
19-07-2017-11:35:17:215 354576 355200 1
19-07-2017-11:35:17:260 355200 355824 1
19-07-2017-11:35:17:289 355824 356448 1
19-07-2017-11:35:17:331 356448 357072 1
19-07-2017-11:35:17:371 357072 357696 1
19-07-2017-11:35:17:413 357696 358320 1
19-07-2017-11:35:17:458 358320 358944 1
19-07-2017-11:35:17:499 358944 359568 1
19-07-2017-11:35:17:529 359568 360192 1
19-07-2017-11:35:17:567 360192 360816 1
19-07-2017-11:35:17:609 360816 361440 1
19-07-2017-11:35:17:655 361440 362064 1
19-07-2017-11:35:17:680 362064 362688 1
19-07-2017-11:35:17:725 362688 363312 1
19-07-2017-11:35:17:765 363312 363936 1
19-07-2017-11:35:17:806 363936 364560 1
19-07-2017-11:35:17:836 364560 365184 1
19-07-2017-11:35:17:876 365184 365808 1
19-07-2017-11:35:17:922 365808 366432 1
19-07-2017-11:35:17:962 366432 367056 1
19-07-2017-11:35:17:991 367056 367680 1
19-07-2017-11:35:18:030 367680 368304 1
19-07-2017-11:35:18:072 368304 368928 1
19-07-2017-11:35:18:117 368928 369552 1
19-07-2017-11:35:18:158 369552 370176 1
19-07-2017-11:35:18:187 370176 370800 1
19-07-2017-11:35:18:229 370800 371424 1
19-07-2017-11:35:18:274 371424 372048 1
19-07-2017-11:35:18:314 372048 372672 1
19-07-2017-11:35:18:344 372672 373296 1
19-07-2017-11:35:18:385 373296 373920 1
19-07-2017-11:35:18:424 373920 374544 1
19-07-2017-11:35:18:470 374544 375168 1
19-07-2017-11:35:18:511 375168 375792 1
19-07-2017-11:35:18:541 375792 376416 1
19-07-2017-11:35:18:580 376416 377040 1
19-07-2017-11:35:18:622 377040 377664 1
19-07-2017-11:35:18:663 377664 378288 1
19-07-2017-11:35:18:706 378288 378912 1
