19-07-2017-10:45:05:575 0 752 1
19-07-2017-10:45:05:623 752 1504 1
19-07-2017-10:45:05:664 1504 2256 1
19-07-2017-10:45:05:719 2256 3008 1
19-07-2017-10:45:05:772 3008 3760 1
19-07-2017-10:45:05:808 3760 4512 1
19-07-2017-10:45:05:851 4512 5264 1
19-07-2017-10:45:05:898 5264 6016 1
19-07-2017-10:45:05:950 6016 6768 1
19-07-2017-10:45:05:996 6768 7520 1
19-07-2017-10:45:06:040 7520 8272 1
19-07-2017-10:45:06:092 8272 9024 1
19-07-2017-10:45:06:144 9024 9760 1
19-07-2017-10:45:06:187 9760 10496 1
19-07-2017-10:45:06:227 10496 11232 1
19-07-2017-10:45:06:270 11232 11968 1
19-07-2017-10:45:06:324 11968 12640 1
19-07-2017-10:45:06:355 12640 13312 1
19-07-2017-10:45:06:394 13312 13984 1
19-07-2017-10:45:06:438 13984 14656 1
19-07-2017-10:45:06:478 14656 15328 1
19-07-2017-10:45:06:526 15328 16000 1
19-07-2017-10:45:06:564 16000 16672 1
19-07-2017-10:45:06:605 16672 17344 1
19-07-2017-10:45:06:646 17344 18016 1
19-07-2017-10:45:06:688 18016 18688 1
19-07-2017-10:45:06:733 18688 19360 1
19-07-2017-10:45:06:772 19360 20032 1
19-07-2017-10:45:06:818 20032 20704 1
19-07-2017-10:45:06:858 20704 21376 1
19-07-2017-10:45:06:900 21376 22048 1
19-07-2017-10:45:06:942 22048 22720 1
19-07-2017-10:45:06:981 22720 23392 1
19-07-2017-10:45:07:027 23392 24064 1
19-07-2017-10:45:07:068 24064 24736 1
19-07-2017-10:45:07:110 24736 25408 1
19-07-2017-10:45:07:149 25408 26080 1
19-07-2017-10:45:07:191 26080 26752 1
19-07-2017-10:45:07:236 26752 27424 1
19-07-2017-10:45:07:278 27424 28096 1
19-07-2017-10:45:07:319 28096 28768 1
19-07-2017-10:45:07:360 28768 29440 1
19-07-2017-10:45:07:401 29440 30112 1
19-07-2017-10:45:07:447 30112 30784 1
19-07-2017-10:45:07:486 30784 31456 1
19-07-2017-10:45:07:539 31456 32112 1
19-07-2017-10:45:07:584 32112 32768 1
19-07-2017-10:45:07:624 32768 33424 1
19-07-2017-10:45:07:653 33424 34080 1
19-07-2017-10:45:07:695 34080 34736 1
19-07-2017-10:45:07:734 34736 35392 1
19-07-2017-10:45:07:775 35392 36048 1
19-07-2017-10:45:07:816 36048 36704 1
19-07-2017-10:45:07:864 36704 37360 1
19-07-2017-10:45:07:905 37360 38016 1
19-07-2017-10:45:07:946 38016 38672 1
19-07-2017-10:45:07:985 38672 39328 1
19-07-2017-10:45:08:027 39328 39984 1
19-07-2017-10:45:08:073 39984 40640 1
19-07-2017-10:45:08:106 40640 41296 1
19-07-2017-10:45:08:148 41296 41952 1
19-07-2017-10:45:08:188 41952 42608 1
19-07-2017-10:45:08:229 42608 43264 1
19-07-2017-10:45:08:275 43264 43920 1
19-07-2017-10:45:08:316 43920 44576 1
19-07-2017-10:45:08:356 44576 45232 1
19-07-2017-10:45:08:396 45232 45888 1
19-07-2017-10:45:08:436 45888 46544 1
19-07-2017-10:45:08:476 46544 47200 1
19-07-2017-10:45:08:522 47200 47856 1
19-07-2017-10:45:08:562 47856 48512 1
19-07-2017-10:45:08:591 48512 49168 1
19-07-2017-10:45:08:632 49168 49824 1
19-07-2017-10:45:08:798 49824 50480 1
19-07-2017-10:45:08:801 50480 51136 1
19-07-2017-10:45:08:801 51136 51792 1
19-07-2017-10:45:08:813 51792 52448 1
19-07-2017-10:45:08:841 52448 53104 1
19-07-2017-10:45:08:882 53104 53760 1
19-07-2017-10:45:08:924 53760 54416 1
19-07-2017-10:45:08:964 54416 55072 1
19-07-2017-10:45:09:003 55072 55728 1
19-07-2017-10:45:09:044 55728 56384 1
19-07-2017-10:45:09:090 56384 57040 1
19-07-2017-10:45:09:131 57040 57696 1
19-07-2017-10:45:09:173 57696 58352 1
19-07-2017-10:45:09:213 58352 59008 1
19-07-2017-10:45:09:254 59008 59664 1
19-07-2017-10:45:09:294 59664 60320 1
19-07-2017-10:45:09:340 60320 60976 1
19-07-2017-10:45:09:382 60976 61632 1
19-07-2017-10:45:09:423 61632 62288 1
19-07-2017-10:45:09:463 62288 62944 1
19-07-2017-10:45:09:504 62944 63600 1
19-07-2017-10:45:09:550 63600 64256 1
19-07-2017-10:45:09:589 64256 64912 1
19-07-2017-10:45:09:618 64912 65568 1
19-07-2017-10:45:09:659 65568 66224 1
19-07-2017-10:45:09:699 66224 66880 1
19-07-2017-10:45:09:740 66880 67536 1
19-07-2017-10:45:09:788 67536 68192 1
19-07-2017-10:45:09:828 68192 68848 1
19-07-2017-10:45:09:868 68848 69504 1
19-07-2017-10:45:09:914 69504 70160 1
19-07-2017-10:45:09:954 70160 70816 1
19-07-2017-10:45:09:995 70816 71472 1
19-07-2017-10:45:10:041 71472 72128 1
19-07-2017-10:45:10:083 72128 72784 1
19-07-2017-10:45:10:112 72784 73440 1
19-07-2017-10:45:10:150 73440 74096 1
19-07-2017-10:45:10:191 74096 74752 1
19-07-2017-10:45:10:236 74752 75408 1
19-07-2017-10:45:10:278 75408 76064 1
19-07-2017-10:45:10:318 76064 76720 1
19-07-2017-10:45:10:360 76720 77376 1
19-07-2017-10:45:10:405 77376 78032 1
19-07-2017-10:45:10:445 78032 78688 1
19-07-2017-10:45:10:487 78688 79344 1
19-07-2017-10:45:10:532 79344 80000 1
19-07-2017-10:45:10:572 80000 80656 1
19-07-2017-10:45:10:603 80656 81312 1
19-07-2017-10:45:10:643 81312 81968 1
19-07-2017-10:45:10:685 81968 82624 1
19-07-2017-10:45:10:724 82624 83280 1
19-07-2017-10:45:10:770 83280 83936 1
19-07-2017-10:45:10:811 83936 84592 1
19-07-2017-10:45:10:852 84592 85248 1
19-07-2017-10:45:11:030 85248 85904 1
19-07-2017-10:45:11:034 85904 86560 1
19-07-2017-10:45:11:037 86560 87216 1
19-07-2017-10:45:11:043 87216 87872 1
19-07-2017-10:45:11:065 87872 88528 1
19-07-2017-10:45:11:101 88528 89184 1
19-07-2017-10:45:11:141 89184 89840 1
19-07-2017-10:45:11:188 89840 90496 1
19-07-2017-10:45:11:217 90496 91152 1
19-07-2017-10:45:11:257 91152 91808 1
19-07-2017-10:45:11:298 91808 92464 1
19-07-2017-10:45:11:338 92464 93120 1
19-07-2017-10:45:11:384 93120 93776 1
19-07-2017-10:45:11:425 93776 94432 1
19-07-2017-10:45:11:465 94432 95088 1
19-07-2017-10:45:11:507 95088 95744 1
19-07-2017-10:45:11:548 95744 96400 1
19-07-2017-10:45:11:588 96400 97056 1
19-07-2017-10:45:11:634 97056 97712 1
19-07-2017-10:45:11:676 97712 98368 1
19-07-2017-10:45:11:717 98368 99024 1
19-07-2017-10:45:11:757 99024 99680 1
19-07-2017-10:45:11:799 99680 100336 1
19-07-2017-10:45:11:845 100336 100992 1
19-07-2017-10:45:11:884 100992 101648 1
19-07-2017-10:45:11:924 101648 102304 1
19-07-2017-10:45:11:954 102304 102960 1
19-07-2017-10:45:11:994 102960 103616 1
19-07-2017-10:45:12:036 103616 104272 1
19-07-2017-10:45:12:078 104272 104928 1
19-07-2017-10:45:12:118 104928 105584 1
19-07-2017-10:45:12:163 105584 106240 1
19-07-2017-10:45:12:204 106240 106896 1
19-07-2017-10:45:12:244 106896 107552 1
19-07-2017-10:45:12:286 107552 108208 1
19-07-2017-10:45:12:326 108208 108864 1
19-07-2017-10:45:12:368 108864 109520 1
19-07-2017-10:45:12:413 109520 110176 1
19-07-2017-10:45:12:456 110176 110832 1
19-07-2017-10:45:12:496 110832 111488 1
19-07-2017-10:45:12:536 111488 112144 1
19-07-2017-10:45:12:575 112144 112800 1
19-07-2017-10:45:12:613 112800 113456 1
19-07-2017-10:45:12:655 113456 114112 1
19-07-2017-10:45:12:701 114112 114768 1
19-07-2017-10:45:12:743 114768 115424 1
19-07-2017-10:45:12:784 115424 116080 1
19-07-2017-10:45:12:824 116080 116736 1
19-07-2017-10:45:12:865 116736 117392 1
19-07-2017-10:45:12:911 117392 118048 1
19-07-2017-10:45:12:954 118048 118704 1
19-07-2017-10:45:12:982 118704 119360 1
19-07-2017-10:45:13:022 119360 120016 1
19-07-2017-10:45:13:062 120016 120672 1
19-07-2017-10:45:13:102 120672 121328 1
19-07-2017-10:45:13:143 121328 121984 1
19-07-2017-10:45:13:184 121984 122640 1
19-07-2017-10:45:13:230 122640 123296 1
19-07-2017-10:45:13:272 123296 123952 1
19-07-2017-10:45:13:312 123952 124608 1
19-07-2017-10:45:13:353 124608 125264 1
19-07-2017-10:45:13:393 125264 125920 1
19-07-2017-10:45:13:433 125920 126576 1
19-07-2017-10:45:13:481 126576 127232 1
19-07-2017-10:45:13:520 127232 127888 1
19-07-2017-10:45:13:563 127888 128544 1
19-07-2017-10:45:13:602 128544 129200 1
19-07-2017-10:45:13:643 129200 129856 1
19-07-2017-10:45:13:684 129856 130512 1
19-07-2017-10:45:13:732 130512 131168 1
19-07-2017-10:45:13:772 131168 131824 1
19-07-2017-10:45:13:801 131824 132480 1
19-07-2017-10:45:13:841 132480 133136 1
19-07-2017-10:45:13:882 133136 133792 1
19-07-2017-10:45:13:923 133792 134448 1
19-07-2017-10:45:13:964 134448 135104 1
19-07-2017-10:45:14:009 135104 135760 1
19-07-2017-10:45:14:435 135760 136416 1
19-07-2017-10:45:14:437 136416 137072 1
19-07-2017-10:45:14:437 137072 137728 1
19-07-2017-10:45:14:439 137728 138384 1
19-07-2017-10:45:14:439 138384 139040 1
19-07-2017-10:45:14:439 139040 139696 1
19-07-2017-10:45:14:439 139696 140352 1
19-07-2017-10:45:14:439 140352 141008 1
19-07-2017-10:45:14:439 141008 141664 1
19-07-2017-10:45:14:439 141664 142320 1
19-07-2017-10:45:14:464 142320 142976 1
19-07-2017-10:45:14:505 142976 143632 1
19-07-2017-10:45:14:545 143632 144288 1
19-07-2017-10:45:14:585 144288 144944 1
19-07-2017-10:45:14:627 144944 145600 1
19-07-2017-10:45:14:667 145600 146256 1
19-07-2017-10:45:14:713 146256 146912 1
19-07-2017-10:45:14:754 146912 147568 1
19-07-2017-10:45:14:787 147568 148224 1
19-07-2017-10:45:14:825 148224 148880 1
19-07-2017-10:45:14:865 148880 149536 1
19-07-2017-10:45:14:906 149536 150192 1
19-07-2017-10:45:14:946 150192 150848 1
19-07-2017-10:45:14:998 150848 151488 1
19-07-2017-10:45:15:031 151488 152128 1
19-07-2017-10:45:15:073 152128 152768 1
19-07-2017-10:45:15:113 152768 153408 1
19-07-2017-10:45:15:155 153408 154048 1
19-07-2017-10:45:15:201 154048 154688 1
19-07-2017-10:45:15:241 154688 155328 1
19-07-2017-10:45:15:281 155328 155968 1
19-07-2017-10:45:15:312 155968 156608 1
19-07-2017-10:45:15:352 156608 157248 1
19-07-2017-10:45:15:393 157248 157888 1
19-07-2017-10:45:15:433 157888 158528 1
19-07-2017-10:45:15:474 158528 159168 1
19-07-2017-10:45:15:515 159168 159808 1
19-07-2017-10:45:15:555 159808 160448 1
19-07-2017-10:45:15:596 160448 161088 1
19-07-2017-10:45:15:638 161088 161728 1
19-07-2017-10:45:15:666 161728 162368 1
19-07-2017-10:45:15:708 162368 163008 1
19-07-2017-10:45:15:746 163008 163648 1
19-07-2017-10:45:15:794 163648 164288 1
19-07-2017-10:45:15:835 164288 164928 1
19-07-2017-10:45:15:876 164928 165568 1
19-07-2017-10:45:15:915 165568 166208 1
19-07-2017-10:45:15:962 166208 166848 1
19-07-2017-10:45:15:991 166848 167488 1
19-07-2017-10:45:16:034 167488 168128 1
19-07-2017-10:45:16:073 168128 168768 1
19-07-2017-10:45:16:114 168768 169408 1
19-07-2017-10:45:16:161 169408 170048 1
19-07-2017-10:45:16:202 170048 170688 1
19-07-2017-10:45:16:243 170688 171328 1
19-07-2017-10:45:16:272 171328 171968 1
19-07-2017-10:45:16:312 171968 172608 1
19-07-2017-10:45:16:355 172608 173248 1
19-07-2017-10:45:16:395 173248 173888 1
19-07-2017-10:45:16:435 173888 174528 1
19-07-2017-10:45:16:477 174528 175168 1
19-07-2017-10:45:16:523 175168 175808 1
19-07-2017-10:45:16:547 175808 176448 1
19-07-2017-10:45:16:594 176448 177088 1
19-07-2017-10:45:16:634 177088 177728 1
19-07-2017-10:45:16:674 177728 178368 1
19-07-2017-10:45:16:716 178368 179008 1
19-07-2017-10:45:16:756 179008 179648 1
19-07-2017-10:45:16:796 179648 180288 1
19-07-2017-10:45:16:844 180288 180928 1
19-07-2017-10:45:16:867 180928 181568 1
19-07-2017-10:45:16:912 181568 182208 1
19-07-2017-10:45:16:954 182208 182848 1
19-07-2017-10:45:16:994 182848 183488 1
19-07-2017-10:45:17:035 183488 184128 1
19-07-2017-10:45:17:074 184128 184768 1
19-07-2017-10:45:17:122 184768 185408 1
19-07-2017-10:45:17:164 185408 186048 1
19-07-2017-10:45:17:464 186048 186688 1
19-07-2017-10:45:17:465 186688 187328 1
19-07-2017-10:45:17:465 187328 187968 1
19-07-2017-10:45:17:465 187968 188608 1
19-07-2017-10:45:17:466 188608 189248 1
19-07-2017-10:45:17:466 189248 189888 1
19-07-2017-10:45:17:466 189888 190528 1
19-07-2017-10:45:17:471 190528 191168 1
19-07-2017-10:45:17:516 191168 191808 1
19-07-2017-10:45:17:557 191808 192448 1
19-07-2017-10:45:17:597 192448 193088 1
19-07-2017-10:45:17:626 193088 193728 1
19-07-2017-10:45:17:667 193728 194368 1
19-07-2017-10:45:17:707 194368 195008 1
19-07-2017-10:45:17:755 195008 195648 1
19-07-2017-10:45:17:797 195648 196288 1
19-07-2017-10:45:17:837 196288 196928 1
19-07-2017-10:45:17:882 196928 197568 1
19-07-2017-10:45:17:923 197568 198208 1
19-07-2017-10:45:17:951 198208 198848 1
19-07-2017-10:45:17:992 198848 199488 1
19-07-2017-10:45:18:033 199488 200128 1
19-07-2017-10:45:18:074 200128 200768 1
19-07-2017-10:45:18:120 200768 201408 1
19-07-2017-10:45:18:150 201408 202048 1
19-07-2017-10:45:18:190 202048 202688 1
19-07-2017-10:45:18:231 202688 203328 1
19-07-2017-10:45:18:276 203328 203968 1
19-07-2017-10:45:18:316 203968 204608 1
19-07-2017-10:45:18:388 204608 205248 1
19-07-2017-10:45:18:398 205248 205888 1
19-07-2017-10:45:18:427 205888 206528 1
19-07-2017-10:45:18:466 206528 207168 1
19-07-2017-10:45:18:514 207168 207808 1
19-07-2017-10:45:18:554 207808 208448 1
19-07-2017-10:45:18:600 208448 209088 1
19-07-2017-10:45:18:628 209088 209728 1
19-07-2017-10:45:18:669 209728 210368 1
19-07-2017-10:45:18:709 210368 211008 1
19-07-2017-10:45:18:756 211008 211648 1
19-07-2017-10:45:18:798 211648 212288 1
19-07-2017-10:45:18:837 212288 212928 1
19-07-2017-10:45:18:867 212928 213568 1
19-07-2017-10:45:18:908 213568 214208 1
19-07-2017-10:45:18:953 214208 214848 1
19-07-2017-10:45:18:995 214848 215488 1
19-07-2017-10:45:19:036 215488 216128 1
19-07-2017-10:45:19:077 216128 216768 1
19-07-2017-10:45:19:122 216768 217408 1
19-07-2017-10:45:19:150 217408 218048 1
19-07-2017-10:45:19:193 218048 218688 1
19-07-2017-10:45:19:232 218688 219328 1
19-07-2017-10:45:19:277 219328 219968 1
19-07-2017-10:45:19:320 219968 220608 1
19-07-2017-10:45:19:347 220608 221248 1
19-07-2017-10:45:19:389 221248 221888 1
19-07-2017-10:45:19:430 221888 222528 1
19-07-2017-10:45:19:470 222528 223168 1
19-07-2017-10:45:19:517 223168 223808 1
19-07-2017-10:45:19:557 223808 224448 1
19-07-2017-10:45:19:587 224448 225088 1
19-07-2017-10:45:19:627 225088 225728 1
19-07-2017-10:45:19:668 225728 226368 1
19-07-2017-10:45:19:714 226368 227008 1
19-07-2017-10:45:19:755 227008 227648 1
19-07-2017-10:45:19:795 227648 228288 1
19-07-2017-10:45:19:837 228288 228928 1
19-07-2017-10:45:19:881 228928 229568 1
19-07-2017-10:45:19:910 229568 230208 1
19-07-2017-10:45:19:952 230208 230848 1
19-07-2017-10:45:19:992 230848 231488 1
19-07-2017-10:45:20:034 231488 232128 1
19-07-2017-10:45:20:079 232128 232768 1
19-07-2017-10:45:20:113 232768 233408 1
19-07-2017-10:45:20:154 233408 234048 1
19-07-2017-10:45:20:194 234048 234688 1
19-07-2017-10:45:20:242 234688 235328 1
19-07-2017-10:45:20:270 235328 235968 1
19-07-2017-10:45:20:311 235968 236608 1
19-07-2017-10:45:20:350 236608 237248 1
19-07-2017-10:45:20:392 237248 237888 1
19-07-2017-10:45:20:438 237888 238528 1
19-07-2017-10:45:20:467 238528 239168 1
19-07-2017-10:45:20:507 239168 239808 1
19-07-2017-10:45:20:548 239808 240448 1
19-07-2017-10:45:20:590 240448 241088 1
19-07-2017-10:45:20:636 241088 241728 1
19-07-2017-10:45:20:678 241728 242368 1
19-07-2017-10:45:20:716 242368 243008 1
19-07-2017-10:45:20:758 243008 243648 1
19-07-2017-10:45:20:786 243648 244288 1
19-07-2017-10:45:20:832 244288 244928 1
19-07-2017-10:45:20:873 244928 245568 1
19-07-2017-10:45:20:913 245568 246208 1
19-07-2017-10:45:20:955 246208 246848 1
19-07-2017-10:45:21:001 246848 247488 1
19-07-2017-10:45:21:041 247488 248128 1
19-07-2017-10:45:21:071 248128 248768 1
19-07-2017-10:45:21:111 248768 249408 1
19-07-2017-10:45:21:151 249408 250048 1
19-07-2017-10:45:21:192 250048 250688 1
19-07-2017-10:45:21:238 250688 251328 1
19-07-2017-10:45:21:266 251328 251968 1
19-07-2017-10:45:21:309 251968 252608 1
19-07-2017-10:45:21:348 252608 253248 1
19-07-2017-10:45:21:390 253248 253888 1
19-07-2017-10:45:21:435 253888 254528 1
19-07-2017-10:45:21:475 254528 255168 1
19-07-2017-10:45:21:840 255168 255808 1
19-07-2017-10:45:21:841 255808 256448 1
19-07-2017-10:45:21:841 256448 257088 1
19-07-2017-10:45:21:841 257088 257728 1
19-07-2017-10:45:21:841 257728 258368 1
19-07-2017-10:45:21:841 258368 259008 1
19-07-2017-10:45:21:841 259008 259648 1
19-07-2017-10:45:21:842 259648 260288 1
19-07-2017-10:45:21:842 260288 260928 1
19-07-2017-10:45:21:877 260928 261568 1
19-07-2017-10:45:21:916 261568 262208 1
19-07-2017-10:45:21:946 262208 262848 1
19-07-2017-10:45:21:988 262848 263488 1
19-07-2017-10:45:22:033 263488 264128 1
19-07-2017-10:45:22:074 264128 264768 1
19-07-2017-10:45:22:114 264768 265408 1
19-07-2017-10:45:22:160 265408 266048 1
19-07-2017-10:45:22:200 266048 266688 1
19-07-2017-10:45:22:229 266688 267328 1
19-07-2017-10:45:22:271 267328 267968 1
19-07-2017-10:45:22:311 267968 268608 1
19-07-2017-10:45:22:351 268608 269248 1
19-07-2017-10:45:22:393 269248 269888 1
19-07-2017-10:45:22:439 269888 270528 1
19-07-2017-10:45:22:479 270528 271168 1
19-07-2017-10:45:22:508 271168 271808 1
19-07-2017-10:45:22:549 271808 272448 1
19-07-2017-10:45:22:589 272448 273088 1
19-07-2017-10:45:22:629 273088 273728 1
19-07-2017-10:45:22:676 273728 274368 1
19-07-2017-10:45:22:717 274368 275008 1
19-07-2017-10:45:22:758 275008 275648 1
19-07-2017-10:45:22:786 275648 276288 1
19-07-2017-10:45:22:828 276288 276928 1
19-07-2017-10:45:22:869 276928 277568 1
19-07-2017-10:45:22:908 277568 278208 1
19-07-2017-10:45:22:956 278208 278848 1
19-07-2017-10:45:22:998 278848 279488 1
19-07-2017-10:45:23:037 279488 280128 1
19-07-2017-10:45:23:078 280128 280768 1
19-07-2017-10:45:23:107 280768 281408 1
19-07-2017-10:45:23:146 281408 282048 1
19-07-2017-10:45:23:186 282048 282688 1
19-07-2017-10:45:23:225 282688 283328 1
19-07-2017-10:45:23:267 283328 283968 1
19-07-2017-10:45:23:313 283968 284608 1
19-07-2017-10:45:23:354 284608 285248 1
19-07-2017-10:45:23:394 285248 285888 1
19-07-2017-10:45:23:435 285888 286528 1
19-07-2017-10:45:23:475 286528 287168 1
19-07-2017-10:45:23:516 287168 287808 1
19-07-2017-10:45:23:563 287808 288448 1
19-07-2017-10:45:23:586 288448 289088 1
19-07-2017-10:45:23:689 289088 289728 1
19-07-2017-10:45:23:690 289728 290368 1
19-07-2017-10:45:23:714 290368 291008 1
19-07-2017-10:45:23:756 291008 291648 1
19-07-2017-10:45:23:796 291648 292288 1
19-07-2017-10:45:23:841 292288 292928 1
19-07-2017-10:45:23:883 292928 293568 1
19-07-2017-10:45:23:912 293568 294208 1
19-07-2017-10:45:23:951 294208 294848 1
19-07-2017-10:45:23:993 294848 295488 1
19-07-2017-10:45:24:033 295488 296128 1
19-07-2017-10:45:24:075 296128 296768 1
19-07-2017-10:45:24:121 296768 297408 1
19-07-2017-10:45:24:149 297408 298048 1
19-07-2017-10:45:24:189 298048 298688 1
19-07-2017-10:45:24:229 298688 299328 1
19-07-2017-10:45:24:271 299328 299968 1
19-07-2017-10:45:24:316 299968 300608 1
19-07-2017-10:45:24:358 300608 301248 1
19-07-2017-10:45:24:386 301248 301888 1
19-07-2017-10:45:24:427 301888 302528 1
19-07-2017-10:45:24:468 302528 303168 1
19-07-2017-10:45:24:507 303168 303808 1
19-07-2017-10:45:24:555 303808 304448 1
19-07-2017-10:45:24:597 304448 305088 1
19-07-2017-10:45:24:637 305088 305728 1
19-07-2017-10:45:24:678 305728 306368 1
19-07-2017-10:45:24:707 306368 307008 1
19-07-2017-10:45:24:746 307008 307648 1
19-07-2017-10:45:24:788 307648 308288 1
19-07-2017-10:45:24:834 308288 308928 1
19-07-2017-10:45:24:874 308928 309568 1
19-07-2017-10:45:24:915 309568 310208 1
19-07-2017-10:45:24:956 310208 310848 1
19-07-2017-10:45:25:001 310848 311488 1
19-07-2017-10:45:25:031 311488 312128 1
19-07-2017-10:45:25:073 312128 312768 1
19-07-2017-10:45:25:113 312768 313408 1
19-07-2017-10:45:25:154 313408 314048 1
19-07-2017-10:45:25:199 314048 314688 1
19-07-2017-10:45:25:241 314688 315328 1
19-07-2017-10:45:25:270 315328 315968 1
19-07-2017-10:45:25:310 315968 316608 1
19-07-2017-10:45:25:352 316608 317248 1
19-07-2017-10:45:25:396 317248 317888 1
19-07-2017-10:45:25:437 317888 318528 1
19-07-2017-10:45:25:478 318528 319168 1
19-07-2017-10:45:25:506 319168 319808 1
19-07-2017-10:45:25:548 319808 320448 1
19-07-2017-10:45:25:594 320448 321088 1
19-07-2017-10:45:25:634 321088 321728 1
19-07-2017-10:45:25:675 321728 322368 1
19-07-2017-10:45:25:715 322368 323008 1
19-07-2017-10:45:25:762 323008 323648 1
19-07-2017-10:45:25:790 323648 324288 1
19-07-2017-10:45:25:831 324288 324928 1
19-07-2017-10:45:25:874 324928 325568 1
19-07-2017-10:45:25:913 325568 326208 1
19-07-2017-10:45:25:961 326208 326848 1
19-07-2017-10:45:25:995 326848 327488 1
19-07-2017-10:45:26:029 327488 328128 1
19-07-2017-10:45:26:072 328128 328768 1
19-07-2017-10:45:26:116 328768 329408 1
19-07-2017-10:45:26:218 329408 330048 1
19-07-2017-10:45:26:221 330048 330688 1
19-07-2017-10:45:26:241 330688 331328 1
19-07-2017-10:45:26:271 331328 331968 1
19-07-2017-10:45:26:311 331968 332608 1
19-07-2017-10:45:26:352 332608 333248 1
19-07-2017-10:45:26:400 333248 333888 1
19-07-2017-10:45:26:439 333888 334528 1
19-07-2017-10:45:26:471 334528 335168 1
19-07-2017-10:45:26:508 335168 335808 1
19-07-2017-10:45:26:548 335808 336448 1
19-07-2017-10:45:26:596 336448 337088 1
19-07-2017-10:45:26:635 337088 337728 1
19-07-2017-10:45:26:674 337728 338368 1
19-07-2017-10:45:26:716 338368 339008 1
19-07-2017-10:45:26:763 339008 339648 1
19-07-2017-10:45:26:802 339648 340288 1
19-07-2017-10:45:26:830 340288 340928 1
19-07-2017-10:45:26:871 340928 341568 1
19-07-2017-10:45:26:913 341568 342208 1
19-07-2017-10:45:26:953 342208 342848 1
19-07-2017-10:45:26:999 342848 343488 1
19-07-2017-10:45:27:042 343488 344128 1
19-07-2017-10:45:27:070 344128 344768 1
19-07-2017-10:45:27:111 344768 345408 1
19-07-2017-10:45:27:151 345408 346048 1
19-07-2017-10:45:27:192 346048 346688 1
19-07-2017-10:45:27:237 346688 347328 1
19-07-2017-10:45:27:279 347328 347968 1
19-07-2017-10:45:27:319 347968 348608 1
19-07-2017-10:45:27:348 348608 349248 1
19-07-2017-10:45:27:391 349248 349888 1
19-07-2017-10:45:27:431 349888 350528 1
19-07-2017-10:45:27:472 350528 351168 1
19-07-2017-10:45:27:511 351168 351808 1
19-07-2017-10:45:27:553 351808 352448 1
19-07-2017-10:45:27:598 352448 353088 1
19-07-2017-10:45:27:627 353088 353728 1
19-07-2017-10:45:27:668 353728 354368 1
19-07-2017-10:45:27:710 354368 355008 1
19-07-2017-10:45:27:756 355008 355648 1
19-07-2017-10:45:27:796 355648 356288 1
19-07-2017-10:45:27:927 356288 356928 1
19-07-2017-10:45:27:929 356928 357568 1
19-07-2017-10:45:27:930 357568 358208 1
19-07-2017-10:45:27:947 358208 358848 1
19-07-2017-10:45:27:987 358848 359488 1
19-07-2017-10:45:28:033 359488 360128 1
19-07-2017-10:45:28:074 360128 360768 1
19-07-2017-10:45:28:115 360768 361408 1
19-07-2017-10:45:28:155 361408 362048 1
19-07-2017-10:45:28:202 362048 362688 1
19-07-2017-10:45:28:242 362688 363328 1
19-07-2017-10:45:28:271 363328 363968 1
19-07-2017-10:45:28:313 363968 364608 1
19-07-2017-10:45:28:352 364608 365248 1
19-07-2017-10:45:28:394 365248 365888 1
19-07-2017-10:45:28:440 365888 366528 1
19-07-2017-10:45:28:468 366528 367168 1
19-07-2017-10:45:28:508 367168 367808 1
19-07-2017-10:45:28:549 367808 368448 1
19-07-2017-10:45:28:590 368448 369088 1
19-07-2017-10:45:28:630 369088 369728 1
19-07-2017-10:45:28:671 369728 370368 1
19-07-2017-10:45:28:717 370368 371008 1
19-07-2017-10:45:28:757 371008 371648 1
19-07-2017-10:45:28:797 371648 372288 1
19-07-2017-10:45:28:826 372288 372928 1
19-07-2017-10:45:28:868 372928 373568 1
19-07-2017-10:45:28:914 373568 374208 1
19-07-2017-10:45:28:954 374208 374848 1
19-07-2017-10:45:28:994 374848 375488 1
19-07-2017-10:45:29:035 375488 376128 1
19-07-2017-10:45:29:077 376128 376768 1
19-07-2017-10:45:29:111 376768 377408 1
19-07-2017-10:45:29:151 377408 378048 1
19-07-2017-10:45:29:193 378048 378688 1
19-07-2017-10:45:29:237 378688 379328 1
19-07-2017-10:45:29:279 379328 379968 1
19-07-2017-10:45:29:307 379968 380608 1
19-07-2017-10:45:29:348 380608 381248 1
19-07-2017-10:45:29:390 381248 381888 1
19-07-2017-10:45:29:430 381888 382528 1
19-07-2017-10:45:29:470 382528 383168 1
19-07-2017-10:45:29:517 383168 383808 1
19-07-2017-10:45:29:558 383808 384448 1
19-07-2017-10:45:29:587 384448 385088 1
19-07-2017-10:45:29:628 385088 385728 1
19-07-2017-10:45:29:667 385728 386368 1
19-07-2017-10:45:29:710 386368 387008 1
19-07-2017-10:45:29:755 387008 387648 1
19-07-2017-10:45:29:796 387648 388288 1
19-07-2017-10:45:29:837 388288 388928 1
19-07-2017-10:45:29:876 388928 389568 1
19-07-2017-10:45:29:906 389568 390208 1
19-07-2017-10:45:29:946 390208 390848 1
19-07-2017-10:45:29:985 390848 391488 1
19-07-2017-10:45:30:033 391488 392128 1
19-07-2017-10:45:30:077 392128 392768 1
19-07-2017-10:45:30:113 392768 393408 1
19-07-2017-10:45:30:155 393408 394048 1
19-07-2017-10:45:30:201 394048 394688 1
19-07-2017-10:45:30:231 394688 395328 1
19-07-2017-10:45:30:271 395328 395968 1
19-07-2017-10:45:30:311 395968 396608 1
19-07-2017-10:45:30:383 396608 397248 1
19-07-2017-10:45:30:399 397248 397888 1
19-07-2017-10:45:30:439 397888 398528 1
19-07-2017-10:45:30:479 398528 399168 1
19-07-2017-10:45:30:508 399168 399808 1
19-07-2017-10:45:30:550 399808 400448 1
19-07-2017-10:45:30:589 400448 401088 1
19-07-2017-10:45:30:633 401088 401728 1
19-07-2017-10:45:30:676 401728 402368 1
19-07-2017-10:45:30:715 402368 403008 1
19-07-2017-10:45:30:756 403008 403648 1
19-07-2017-10:45:30:801 403648 404288 1
19-07-2017-10:45:30:843 404288 404928 1
19-07-2017-10:45:30:871 404928 405568 1
19-07-2017-10:45:30:913 405568 406208 1
19-07-2017-10:45:30:957 406208 406848 1
19-07-2017-10:45:30:994 406848 407488 1
19-07-2017-10:45:31:035 407488 408128 1
19-07-2017-10:45:31:080 408128 408768 1
19-07-2017-10:45:31:121 408768 409408 1
19-07-2017-10:45:31:151 409408 410048 1
19-07-2017-10:45:31:191 410048 410688 1
19-07-2017-10:45:31:231 410688 411328 1
19-07-2017-10:45:31:271 411328 411968 1
19-07-2017-10:45:31:317 411968 412608 1
19-07-2017-10:45:31:358 412608 413248 1
19-07-2017-10:45:31:387 413248 413888 1
19-07-2017-10:45:31:428 413888 414528 1
19-07-2017-10:45:31:469 414528 415168 1
19-07-2017-10:45:31:509 415168 415808 1
19-07-2017-10:45:31:556 415808 416448 1
19-07-2017-10:45:31:596 416448 417088 1
19-07-2017-10:45:31:638 417088 417728 1
19-07-2017-10:45:31:677 417728 418368 1
19-07-2017-10:45:31:706 418368 419008 1
19-07-2017-10:45:31:748 419008 419648 1
19-07-2017-10:45:31:793 419648 420288 1
19-07-2017-10:45:31:837 420288 420928 1
19-07-2017-10:45:31:874 420928 421568 1
19-07-2017-10:45:31:916 421568 422208 1
19-07-2017-10:45:31:961 422208 422848 1
19-07-2017-10:45:31:989 422848 423488 1
19-07-2017-10:45:32:030 423488 424128 1
19-07-2017-10:45:32:071 424128 424768 1
19-07-2017-10:45:32:111 424768 425408 1
19-07-2017-10:45:32:152 425408 426048 1
19-07-2017-10:45:32:190 426048 426688 1
19-07-2017-10:45:32:238 426688 427328 1
19-07-2017-10:45:32:278 427328 427968 1
19-07-2017-10:45:32:306 427968 428608 1
19-07-2017-10:45:32:346 428608 429248 1
19-07-2017-10:45:32:388 429248 429888 1
19-07-2017-10:45:32:429 429888 430528 1
19-07-2017-10:45:32:475 430528 431168 1
19-07-2017-10:45:32:518 431168 431808 1
19-07-2017-10:45:32:556 431808 432448 1
19-07-2017-10:45:32:603 432448 433088 1
19-07-2017-10:45:32:646 433088 433728 1
19-07-2017-10:45:32:674 433728 434368 1
19-07-2017-10:45:32:712 434368 435008 1
19-07-2017-10:45:32:754 435008 435648 1
19-07-2017-10:45:32:793 435648 436288 1
19-07-2017-10:45:32:840 436288 436928 1
19-07-2017-10:45:32:880 436928 437568 1
19-07-2017-10:45:32:911 437568 438208 1
19-07-2017-10:45:32:950 438208 438848 1
19-07-2017-10:45:32:997 438848 439488 1
19-07-2017-10:45:33:030 439488 440128 1
19-07-2017-10:45:33:077 440128 440768 1
19-07-2017-10:45:33:118 440768 441408 1
19-07-2017-10:45:33:147 441408 442048 1
19-07-2017-10:45:33:187 442048 442688 1
19-07-2017-10:45:33:229 442688 443328 1
19-07-2017-10:45:33:269 443328 443968 1
19-07-2017-10:45:33:314 443968 444608 1
19-07-2017-10:45:33:355 444608 445248 1
19-07-2017-10:45:33:395 445248 445888 1
19-07-2017-10:45:33:437 445888 446528 1
19-07-2017-10:45:33:483 446528 447168 1
19-07-2017-10:45:33:506 447168 447808 1
19-07-2017-10:45:33:553 447808 448448 1
19-07-2017-10:45:33:595 448448 449088 1
19-07-2017-10:45:33:678 449088 449728 1
19-07-2017-10:45:33:683 449728 450368 1
19-07-2017-10:45:33:721 450368 451008 1
19-07-2017-10:45:33:751 451008 451648 1
19-07-2017-10:45:33:791 451648 452288 1
19-07-2017-10:45:33:831 452288 452928 1
19-07-2017-10:45:33:871 452928 453568 1
19-07-2017-10:45:33:913 453568 454208 1
19-07-2017-10:45:33:960 454208 454848 1
19-07-2017-10:45:33:989 454848 455488 1
19-07-2017-10:45:34:029 455488 456128 1
19-07-2017-10:45:34:069 456128 456768 1
19-07-2017-10:45:34:117 456768 457408 1
19-07-2017-10:45:34:162 457408 458048 1
19-07-2017-10:45:34:187 458048 458688 1
19-07-2017-10:45:34:226 458688 459328 1
19-07-2017-10:45:34:266 459328 459968 1
19-07-2017-10:45:34:307 459968 460608 1
19-07-2017-10:45:34:355 460608 461248 1
19-07-2017-10:45:34:395 461248 461888 1
19-07-2017-10:45:34:440 461888 462528 1
19-07-2017-10:45:34:481 462528 463168 1
19-07-2017-10:45:34:508 463168 463808 1
19-07-2017-10:45:34:554 463808 464448 1
19-07-2017-10:45:34:591 464448 465088 1
19-07-2017-10:45:34:637 465088 465728 1
19-07-2017-10:45:34:678 465728 466368 1
19-07-2017-10:45:34:707 466368 467008 1
19-07-2017-10:45:34:748 467008 467648 1
19-07-2017-10:45:34:786 467648 468288 1
19-07-2017-10:45:34:833 468288 468928 1
19-07-2017-10:45:34:873 468928 469568 1
19-07-2017-10:45:34:915 469568 470208 1
19-07-2017-10:45:34:959 470208 470848 1
19-07-2017-10:45:35:000 470848 471488 1
19-07-2017-10:45:35:031 471488 472128 1
19-07-2017-10:45:35:072 472128 472768 1
19-07-2017-10:45:35:108 472768 473408 1
19-07-2017-10:45:35:150 473408 474048 1
19-07-2017-10:45:35:196 474048 474688 1
19-07-2017-10:45:35:237 474688 475328 1
19-07-2017-10:45:35:278 475328 475968 1
19-07-2017-10:45:35:306 475968 476608 1
19-07-2017-10:45:35:347 476608 477248 1
19-07-2017-10:45:35:394 477248 477888 1
19-07-2017-10:45:35:433 477888 478528 1
19-07-2017-10:45:35:474 478528 479168 1
19-07-2017-10:45:35:521 479168 479808 1
19-07-2017-10:45:35:564 479808 480448 1
19-07-2017-10:45:35:593 480448 481088 1
19-07-2017-10:45:35:635 481088 481728 1
19-07-2017-10:45:35:675 481728 482368 1
19-07-2017-10:45:35:718 482368 483008 1
19-07-2017-10:45:35:762 483008 483648 1
19-07-2017-10:45:35:786 483648 484288 1
19-07-2017-10:45:35:828 484288 484928 1
19-07-2017-10:45:35:871 484928 485568 1
19-07-2017-10:45:35:915 485568 486208 1
19-07-2017-10:45:35:953 486208 486848 1
19-07-2017-10:45:35:995 486848 487488 1
19-07-2017-10:45:36:037 487488 488128 1
19-07-2017-10:45:36:082 488128 488768 1
19-07-2017-10:45:36:111 488768 489408 1
19-07-2017-10:45:36:152 489408 490048 1
19-07-2017-10:45:36:190 490048 490688 1
19-07-2017-10:45:36:231 490688 491328 1
19-07-2017-10:45:36:278 491328 491968 1
19-07-2017-10:45:36:308 491968 492608 1
19-07-2017-10:45:36:349 492608 493248 1
19-07-2017-10:45:36:392 493248 493888 1
19-07-2017-10:45:36:430 493888 494528 1
19-07-2017-10:45:36:476 494528 495168 1
19-07-2017-10:45:36:517 495168 495808 1
19-07-2017-10:45:36:547 495808 496448 1
19-07-2017-10:45:36:586 496448 497088 1
19-07-2017-10:45:36:635 497088 497728 1
19-07-2017-10:45:36:674 497728 498368 1
19-07-2017-10:45:36:724 498368 499008 1
19-07-2017-10:45:36:747 499008 499648 1
19-07-2017-10:45:37:055 499648 500288 1
19-07-2017-10:45:37:056 500288 500928 1
19-07-2017-10:45:37:056 500928 501568 1
19-07-2017-10:45:37:056 501568 502208 1
19-07-2017-10:45:37:056 502208 502848 1
19-07-2017-10:45:37:056 502848 503488 1
19-07-2017-10:45:37:057 503488 504128 1
19-07-2017-10:45:37:073 504128 504768 1
19-07-2017-10:45:37:121 504768 505408 1
19-07-2017-10:45:37:150 505408 506048 1
19-07-2017-10:45:37:189 506048 506688 1
19-07-2017-10:45:37:229 506688 507328 1
19-07-2017-10:45:37:270 507328 507968 1
19-07-2017-10:45:37:312 507968 508608 1
19-07-2017-10:45:37:352 508608 509248 1
19-07-2017-10:45:37:398 509248 509888 1
19-07-2017-10:45:37:440 509888 510528 1
19-07-2017-10:45:37:468 510528 511168 1
19-07-2017-10:45:37:510 511168 511808 1
19-07-2017-10:45:37:549 511808 512448 1
19-07-2017-10:45:37:589 512448 513088 1
19-07-2017-10:45:37:636 513088 513728 1
19-07-2017-10:45:37:676 513728 514368 1
19-07-2017-10:45:37:717 514368 515008 1
19-07-2017-10:45:37:748 515008 515648 1
19-07-2017-10:45:37:786 515648 516288 1
19-07-2017-10:45:37:833 516288 516928 1
19-07-2017-10:45:37:873 516928 517568 1
19-07-2017-10:45:37:914 517568 518208 1
19-07-2017-10:45:37:955 518208 518848 1
19-07-2017-10:45:38:000 518848 519488 1
19-07-2017-10:45:38:042 519488 520128 1
19-07-2017-10:45:38:085 520128 520768 1
19-07-2017-10:45:38:116 520768 521408 1
19-07-2017-10:45:38:157 521408 522048 1
19-07-2017-10:45:38:195 522048 522688 1
19-07-2017-10:45:38:237 522688 523328 1
19-07-2017-10:45:38:267 523328 523968 1
19-07-2017-10:45:38:311 523968 524608 1
19-07-2017-10:45:38:353 524608 525248 1
19-07-2017-10:45:38:391 525248 525888 1
19-07-2017-10:45:38:431 525888 526528 1
19-07-2017-10:45:38:477 526528 527168 1
19-07-2017-10:45:38:518 527168 527808 1
19-07-2017-10:45:38:547 527808 528448 1
19-07-2017-10:45:38:586 528448 529088 1
19-07-2017-10:45:38:626 529088 529728 1
19-07-2017-10:45:38:668 529728 530368 1
19-07-2017-10:45:38:714 530368 531008 1
19-07-2017-10:45:38:755 531008 531648 1
19-07-2017-10:45:38:795 531648 532288 1
19-07-2017-10:45:38:835 532288 532928 1
19-07-2017-10:45:38:883 532928 533568 1
19-07-2017-10:45:38:910 533568 534208 1
19-07-2017-10:45:38:954 534208 534848 1
19-07-2017-10:45:38:993 534848 535488 1
19-07-2017-10:45:39:034 535488 536128 1
19-07-2017-10:45:39:079 536128 536768 1
19-07-2017-10:45:39:108 536768 537408 1
19-07-2017-10:45:39:152 537408 538048 1
19-07-2017-10:45:39:189 538048 538688 1
19-07-2017-10:45:39:229 538688 539328 1
19-07-2017-10:45:39:276 539328 539968 1
19-07-2017-10:45:39:316 539968 540608 1
19-07-2017-10:45:39:358 540608 541248 1
19-07-2017-10:45:39:385 541248 541888 1
19-07-2017-10:45:39:427 541888 542528 1
19-07-2017-10:45:39:472 542528 543168 1
19-07-2017-10:45:39:514 543168 543808 1
19-07-2017-10:45:39:553 543808 544448 1
19-07-2017-10:45:39:594 544448 545088 1
19-07-2017-10:45:39:638 545088 545728 1
19-07-2017-10:45:39:668 545728 546368 1
19-07-2017-10:45:39:743 546368 547008 1
19-07-2017-10:45:39:749 547008 547648 1
19-07-2017-10:45:39:794 547648 548288 1
19-07-2017-10:45:39:835 548288 548928 1
19-07-2017-10:45:39:874 548928 549568 1
19-07-2017-10:45:39:916 549568 550208 1
19-07-2017-10:45:39:962 550208 550848 1
19-07-2017-10:45:40:003 550848 551488 1
19-07-2017-10:45:40:031 551488 552128 1
19-07-2017-10:45:40:071 552128 552768 1
19-07-2017-10:45:40:113 552768 553408 1
19-07-2017-10:45:40:153 553408 554048 1
19-07-2017-10:45:40:198 554048 554688 1
19-07-2017-10:45:40:227 554688 555328 1
19-07-2017-10:45:40:269 555328 555968 1
19-07-2017-10:45:40:308 555968 556608 1
19-07-2017-10:45:40:350 556608 557248 1
19-07-2017-10:45:40:396 557248 557888 1
19-07-2017-10:45:40:438 557888 558528 1
19-07-2017-10:45:40:467 558528 559168 1
19-07-2017-10:45:40:507 559168 559808 1
19-07-2017-10:45:40:549 559808 560448 1
19-07-2017-10:45:40:590 560448 561088 1
19-07-2017-10:45:40:635 561088 561728 1
19-07-2017-10:45:40:675 561728 562368 1
19-07-2017-10:45:40:717 562368 563008 1
19-07-2017-10:45:40:746 563008 563648 1
19-07-2017-10:45:40:787 563648 564288 1
19-07-2017-10:45:40:833 564288 564928 1
19-07-2017-10:45:40:874 564928 565568 1
19-07-2017-10:45:40:914 565568 566208 1
19-07-2017-10:45:40:956 566208 566848 1
19-07-2017-10:45:41:001 566848 567488 1
19-07-2017-10:45:41:042 567488 568128 1
19-07-2017-10:45:41:070 568128 568768 1
19-07-2017-10:45:41:110 568768 569408 1
19-07-2017-10:45:41:157 569408 570048 1
19-07-2017-10:45:41:196 570048 570688 1
19-07-2017-10:45:41:226 570688 571328 1
19-07-2017-10:45:41:266 571328 571968 1
19-07-2017-10:45:41:308 571968 572608 1
19-07-2017-10:45:41:355 572608 573248 1
19-07-2017-10:45:41:393 573248 573888 1
19-07-2017-10:45:41:435 573888 574528 1
19-07-2017-10:45:41:475 574528 575168 1
19-07-2017-10:45:41:523 575168 575808 1
19-07-2017-10:45:41:552 575808 576448 1
19-07-2017-10:45:41:592 576448 577088 1
19-07-2017-10:45:41:633 577088 577728 1
19-07-2017-10:45:41:674 577728 578368 1
19-07-2017-10:45:41:719 578368 579008 1
19-07-2017-10:45:41:761 579008 579648 1
19-07-2017-10:45:41:789 579648 580288 1
19-07-2017-10:45:41:829 580288 580928 1
19-07-2017-10:45:41:871 580928 581568 1
19-07-2017-10:45:41:916 581568 582208 1
19-07-2017-10:45:41:957 582208 582848 1
19-07-2017-10:45:41:986 582848 583488 1
19-07-2017-10:45:42:025 583488 584128 1
19-07-2017-10:45:42:067 584128 584768 1
19-07-2017-10:45:42:108 584768 585408 1
19-07-2017-10:45:42:152 585408 586048 1
19-07-2017-10:45:42:194 586048 586688 1
19-07-2017-10:45:42:235 586688 587328 1
19-07-2017-10:45:42:277 587328 587968 1
19-07-2017-10:45:42:322 587968 588608 1
19-07-2017-10:45:42:353 588608 589248 1
19-07-2017-10:45:42:391 589248 589888 1
19-07-2017-10:45:42:433 589888 590528 1
19-07-2017-10:45:42:472 590528 591168 1
19-07-2017-10:45:42:519 591168 591808 1
19-07-2017-10:45:42:547 591808 592448 1
19-07-2017-10:45:42:587 592448 593088 1
19-07-2017-10:45:42:628 593088 593728 1
19-07-2017-10:45:42:668 593728 594368 1
19-07-2017-10:45:42:710 594368 595008 1
19-07-2017-10:45:42:755 595008 595648 1
19-07-2017-10:45:42:857 595648 596288 1
19-07-2017-10:45:42:858 596288 596928 1
19-07-2017-10:45:42:866 596928 597568 1
19-07-2017-10:45:42:906 597568 598208 1
19-07-2017-10:45:42:953 598208 598848 1
19-07-2017-10:45:42:994 598848 599488 1
19-07-2017-10:45:43:032 599488 600128 1
19-07-2017-10:45:43:074 600128 600768 1
19-07-2017-10:45:43:120 600768 601408 1
19-07-2017-10:45:43:150 601408 602048 1
19-07-2017-10:45:43:190 602048 602688 1
19-07-2017-10:45:43:231 602688 603328 1
19-07-2017-10:45:43:270 603328 603968 1
19-07-2017-10:45:43:316 603968 604608 1
19-07-2017-10:45:43:357 604608 605248 1
19-07-2017-10:45:43:386 605248 605888 1
19-07-2017-10:45:43:427 605888 606528 1
19-07-2017-10:45:43:467 606528 607168 1
19-07-2017-10:45:43:513 607168 607808 1
19-07-2017-10:45:43:554 607808 608448 1
19-07-2017-10:45:43:593 608448 609088 1
19-07-2017-10:45:43:634 609088 609728 1
19-07-2017-10:45:43:676 609728 610368 1
19-07-2017-10:45:43:722 610368 611008 1
19-07-2017-10:45:43:746 611008 611648 1
19-07-2017-10:45:43:791 611648 612288 1
19-07-2017-10:45:43:832 612288 612928 1
19-07-2017-10:45:43:872 612928 613568 1
19-07-2017-10:45:43:913 613568 614208 1
19-07-2017-10:45:43:955 614208 614848 1
19-07-2017-10:45:44:001 614848 615488 1
19-07-2017-10:45:44:040 615488 616128 1
19-07-2017-10:45:44:069 616128 616768 1
19-07-2017-10:45:44:114 616768 617408 1
19-07-2017-10:45:44:156 617408 618048 1
19-07-2017-10:45:44:195 618048 618688 1
19-07-2017-10:45:44:241 618688 619328 1
19-07-2017-10:45:44:281 619328 619968 1
19-07-2017-10:45:44:311 619968 620608 1
19-07-2017-10:45:44:351 620608 621248 1
19-07-2017-10:45:44:393 621248 621888 1
19-07-2017-10:45:44:434 621888 622528 1
19-07-2017-10:45:44:475 622528 623168 1
19-07-2017-10:45:44:522 623168 623808 1
19-07-2017-10:45:44:562 623808 624448 1
19-07-2017-10:45:44:592 624448 625088 1
19-07-2017-10:45:44:631 625088 625728 1
19-07-2017-10:45:44:673 625728 626368 1
19-07-2017-10:45:44:717 626368 627008 1
19-07-2017-10:45:44:758 627008 627648 1
19-07-2017-10:45:44:789 627648 628288 1
19-07-2017-10:45:44:828 628288 628928 1
19-07-2017-10:45:44:869 628928 629568 1
19-07-2017-10:45:44:912 629568 630208 1
19-07-2017-10:45:44:955 630208 630848 1
19-07-2017-10:45:44:997 630848 631488 1
19-07-2017-10:45:45:037 631488 632128 1
19-07-2017-10:45:45:066 632128 632768 1
19-07-2017-10:45:45:106 632768 633408 1
19-07-2017-10:45:45:153 633408 634048 1
19-07-2017-10:45:45:192 634048 634688 1
19-07-2017-10:45:45:234 634688 635328 1
19-07-2017-10:45:45:274 635328 635968 1
19-07-2017-10:45:45:314 635968 636608 1
19-07-2017-10:45:45:356 636608 637248 1
19-07-2017-10:45:45:402 637248 637888 1
19-07-2017-10:45:45:425 637888 638528 1
19-07-2017-10:45:45:471 638528 639168 1
19-07-2017-10:45:45:513 639168 639808 1
19-07-2017-10:45:45:552 639808 640448 1
19-07-2017-10:45:45:592 640448 641088 1
19-07-2017-10:45:45:634 641088 641728 1
19-07-2017-10:45:45:675 641728 642368 1
19-07-2017-10:45:45:715 642368 643008 1
19-07-2017-10:45:45:757 643008 643648 1
19-07-2017-10:45:45:845 643648 644288 1
19-07-2017-10:45:45:847 644288 644928 1
19-07-2017-10:45:45:872 644928 645568 1
19-07-2017-10:45:45:912 645568 646208 1
19-07-2017-10:45:45:953 646208 646848 1
19-07-2017-10:45:45:996 646848 647488 1
19-07-2017-10:45:46:034 647488 648128 1
19-07-2017-10:45:46:079 648128 648768 1
19-07-2017-10:45:46:120 648768 649408 1
19-07-2017-10:45:46:150 649408 650048 1
19-07-2017-10:45:46:190 650048 650688 1
19-07-2017-10:45:46:229 650688 651328 1
19-07-2017-10:45:46:270 651328 651968 1
19-07-2017-10:45:46:318 651968 652608 1
19-07-2017-10:45:46:357 652608 653248 1
19-07-2017-10:45:46:400 653248 653888 1
19-07-2017-10:45:46:427 653888 654528 1
19-07-2017-10:45:46:469 654528 655168 1
19-07-2017-10:45:46:511 655168 655808 1
19-07-2017-10:45:46:550 655808 656448 1
19-07-2017-10:45:46:592 656448 657088 1
19-07-2017-10:45:46:637 657088 657728 1
19-07-2017-10:45:46:666 657728 658368 1
19-07-2017-10:45:46:707 658368 659008 1
19-07-2017-10:45:46:748 659008 659648 1
19-07-2017-10:45:46:789 659648 660288 1
19-07-2017-10:45:46:836 660288 660928 1
19-07-2017-10:45:46:875 660928 661568 1
19-07-2017-10:45:46:917 661568 662208 1
19-07-2017-10:45:46:946 662208 662848 1
19-07-2017-10:45:46:987 662848 663488 1
19-07-2017-10:45:47:033 663488 664128 1
19-07-2017-10:45:47:073 664128 664768 1
19-07-2017-10:45:47:121 664768 665408 1
19-07-2017-10:45:47:158 665408 666048 1
19-07-2017-10:45:47:188 666048 666688 1
19-07-2017-10:45:47:229 666688 667328 1
19-07-2017-10:45:47:268 667328 667968 1
19-07-2017-10:45:47:310 667968 668608 1
19-07-2017-10:45:47:356 668608 669248 1
19-07-2017-10:45:47:396 669248 669888 1
19-07-2017-10:45:47:436 669888 670528 1
19-07-2017-10:45:47:466 670528 671168 1
19-07-2017-10:45:47:508 671168 671808 1
19-07-2017-10:45:47:551 671808 672448 1
19-07-2017-10:45:47:593 672448 673088 1
19-07-2017-10:45:47:633 673088 673728 1
19-07-2017-10:45:47:675 673728 674368 1
19-07-2017-10:45:47:721 674368 675008 1
19-07-2017-10:45:47:761 675008 675648 1
19-07-2017-10:45:47:789 675648 676288 1
19-07-2017-10:45:47:829 676288 676928 1
19-07-2017-10:45:47:870 676928 677568 1
19-07-2017-10:45:47:916 677568 678208 1
19-07-2017-10:45:47:957 678208 678848 1
19-07-2017-10:45:47:986 678848 679488 1
19-07-2017-10:45:48:028 679488 680128 1
19-07-2017-10:45:48:067 680128 680768 1
19-07-2017-10:45:48:113 680768 681408 1
19-07-2017-10:45:48:154 681408 682048 1
19-07-2017-10:45:48:194 682048 682688 1
19-07-2017-10:45:48:234 682688 683328 1
19-07-2017-10:45:48:281 683328 683968 1
19-07-2017-10:45:48:309 683968 684608 1
19-07-2017-10:45:48:350 684608 685248 1
19-07-2017-10:45:48:391 685248 685888 1
19-07-2017-10:45:48:431 685888 686528 1
19-07-2017-10:45:48:479 686528 687168 1
19-07-2017-10:45:48:519 687168 687808 1
19-07-2017-10:45:48:551 687808 688448 1
19-07-2017-10:45:48:588 688448 689088 1
19-07-2017-10:45:48:631 689088 689728 1
19-07-2017-10:45:48:670 689728 690368 1
19-07-2017-10:45:48:718 690368 691008 1
19-07-2017-10:45:48:758 691008 691648 1
19-07-2017-10:45:48:788 691648 692288 1
19-07-2017-10:45:48:828 692288 692928 1
19-07-2017-10:45:48:870 692928 693568 1
19-07-2017-10:45:48:909 693568 694208 1
19-07-2017-10:45:49:180 694208 694848 1
19-07-2017-10:45:49:182 694848 695488 1
19-07-2017-10:45:49:182 695488 696128 1
19-07-2017-10:45:49:182 696128 696768 1
19-07-2017-10:45:49:182 696768 697408 1
19-07-2017-10:45:49:183 697408 698048 1
19-07-2017-10:45:49:193 698048 698688 1
19-07-2017-10:45:49:233 698688 699328 1
19-07-2017-10:45:49:276 699328 699968 1
19-07-2017-10:45:49:314 699968 700608 1
19-07-2017-10:45:49:362 700608 701248 1
19-07-2017-10:45:49:391 701248 701888 1
19-07-2017-10:45:49:428 701888 702528 1
19-07-2017-10:45:49:470 702528 703168 1
19-07-2017-10:45:49:513 703168 703808 1
19-07-2017-10:45:49:553 703808 704448 1
19-07-2017-10:45:49:598 704448 705088 1
19-07-2017-10:45:49:628 705088 705728 1
19-07-2017-10:45:49:668 705728 706368 1
19-07-2017-10:45:49:708 706368 707008 1
19-07-2017-10:45:49:749 707008 707648 1
19-07-2017-10:45:49:795 707648 708288 1
19-07-2017-10:45:49:835 708288 708928 1
19-07-2017-10:45:49:875 708928 709568 1
19-07-2017-10:45:49:917 709568 710208 1
19-07-2017-10:45:49:945 710208 710848 1
19-07-2017-10:45:49:993 710848 711488 1
19-07-2017-10:45:50:033 711488 712128 1
19-07-2017-10:45:50:074 712128 712768 1
19-07-2017-10:45:50:116 712768 713408 1
19-07-2017-10:45:50:153 713408 714048 1
19-07-2017-10:45:50:195 714048 714688 1
19-07-2017-10:45:50:242 714688 715328 1
19-07-2017-10:45:50:282 715328 715968 1
19-07-2017-10:45:50:311 715968 716608 1
19-07-2017-10:45:50:350 716608 717248 1
19-07-2017-10:45:50:392 717248 717888 1
19-07-2017-10:45:50:432 717888 718528 1
19-07-2017-10:45:50:480 718528 719168 1
19-07-2017-10:45:50:508 719168 719808 1
19-07-2017-10:45:50:549 719808 720448 1
19-07-2017-10:45:50:589 720448 721088 1
19-07-2017-10:45:50:631 721088 721728 1
19-07-2017-10:45:50:678 721728 722368 1
19-07-2017-10:45:50:717 722368 723008 1
19-07-2017-10:45:50:748 723008 723648 1
19-07-2017-10:45:50:786 723648 724288 1
19-07-2017-10:45:50:830 724288 724928 1
19-07-2017-10:45:50:877 724928 725568 1
19-07-2017-10:45:50:916 725568 726208 1
19-07-2017-10:45:50:955 726208 726848 1
19-07-2017-10:45:50:997 726848 727488 1
19-07-2017-10:45:51:078 727488 728128 1
19-07-2017-10:45:51:083 728128 728768 1
19-07-2017-10:45:51:110 728768 729408 1
19-07-2017-10:45:51:150 729408 730048 1
19-07-2017-10:45:51:192 730048 730688 1
19-07-2017-10:45:51:232 730688 731328 1
19-07-2017-10:45:51:279 731328 731968 1
19-07-2017-10:45:51:315 731968 732608 1
19-07-2017-10:45:51:354 732608 733248 1
19-07-2017-10:45:51:396 733248 733888 1
19-07-2017-10:45:51:444 733888 734528 1
19-07-2017-10:45:51:464 734528 735168 1
19-07-2017-10:45:51:512 735168 735808 1
19-07-2017-10:45:51:552 735808 736448 1
19-07-2017-10:45:51:589 736448 737088 1
19-07-2017-10:45:51:632 737088 737728 1
19-07-2017-10:45:51:672 737728 738368 1
19-07-2017-10:45:51:717 738368 739008 1
19-07-2017-10:45:51:759 739008 739648 1
19-07-2017-10:45:51:788 739648 740288 1
19-07-2017-10:45:51:827 740288 740928 1
19-07-2017-10:45:51:869 740928 741568 1
19-07-2017-10:45:51:909 741568 742208 1
19-07-2017-10:45:51:957 742208 742848 1
19-07-2017-10:45:51:996 742848 743488 1
19-07-2017-10:45:52:025 743488 744128 1
19-07-2017-10:45:52:067 744128 744768 1
19-07-2017-10:45:52:106 744768 745408 1
19-07-2017-10:45:52:154 745408 746048 1
19-07-2017-10:45:52:195 746048 746688 1
19-07-2017-10:45:52:235 746688 747328 1
19-07-2017-10:45:52:276 747328 747968 1
19-07-2017-10:45:52:305 747968 748608 1
19-07-2017-10:45:52:351 748608 749248 1
19-07-2017-10:45:52:392 749248 749888 1
19-07-2017-10:45:52:432 749888 750528 1
19-07-2017-10:45:52:475 750528 751168 1
19-07-2017-10:45:52:520 751168 751808 1
19-07-2017-10:45:52:561 751808 752448 1
19-07-2017-10:45:52:590 752448 753088 1
19-07-2017-10:45:52:631 753088 753728 1
19-07-2017-10:45:52:670 753728 754368 1
19-07-2017-10:45:52:711 754368 755008 1
19-07-2017-10:45:52:758 755008 755648 1
19-07-2017-10:45:52:793 755648 756288 1
19-07-2017-10:45:52:828 756288 756928 1
19-07-2017-10:45:52:867 756928 757568 1
19-07-2017-10:45:52:907 757568 758208 1
19-07-2017-10:45:52:954 758208 758848 1
19-07-2017-10:45:52:995 758848 759488 1
19-07-2017-10:45:53:035 759488 760128 1
19-07-2017-10:45:53:081 760128 760768 1
19-07-2017-10:45:53:109 760768 761408 1
19-07-2017-10:45:53:149 761408 762048 1
19-07-2017-10:45:53:188 762048 762688 1
19-07-2017-10:45:53:235 762688 763328 1
19-07-2017-10:45:53:276 763328 763968 1
19-07-2017-10:45:53:318 763968 764608 1
19-07-2017-10:45:53:356 764608 765248 1
19-07-2017-10:45:53:385 765248 765888 1
19-07-2017-10:45:53:427 765888 766528 1
19-07-2017-10:45:53:473 766528 767168 1
19-07-2017-10:45:53:514 767168 767808 1
19-07-2017-10:45:53:554 767808 768448 1
19-07-2017-10:45:53:596 768448 769088 1
19-07-2017-10:45:53:640 769088 769728 1
19-07-2017-10:45:53:683 769728 770368 1
19-07-2017-10:45:53:710 770368 771008 1
19-07-2017-10:45:53:750 771008 771648 1
19-07-2017-10:45:53:792 771648 772288 1
19-07-2017-10:45:53:833 772288 772928 1
19-07-2017-10:45:53:877 772928 773568 1
19-07-2017-10:45:53:907 773568 774208 1
19-07-2017-10:45:53:948 774208 774848 1
19-07-2017-10:45:54:122 774848 775488 1
19-07-2017-10:45:54:124 775488 776128 1
19-07-2017-10:45:54:124 776128 776768 1
19-07-2017-10:45:54:124 776768 777408 1
19-07-2017-10:45:54:151 777408 778048 1
19-07-2017-10:45:54:192 778048 778688 1
19-07-2017-10:45:54:234 778688 779328 1
19-07-2017-10:45:54:280 779328 779968 1
19-07-2017-10:45:54:319 779968 780608 1
19-07-2017-10:45:54:348 780608 781248 1
19-07-2017-10:45:54:390 781248 781888 1
19-07-2017-10:45:54:432 781888 782528 1
19-07-2017-10:45:54:471 782528 783168 1
19-07-2017-10:45:54:516 783168 783808 1
19-07-2017-10:45:54:556 783808 784448 1
19-07-2017-10:45:54:588 784448 785088 1
19-07-2017-10:45:54:640 785088 785728 1
19-07-2017-10:45:54:665 785728 786368 1
19-07-2017-10:45:54:708 786368 787008 1
19-07-2017-10:45:54:754 787008 787648 1
19-07-2017-10:45:54:796 787648 788288 1
19-07-2017-10:45:54:834 788288 788928 1
19-07-2017-10:45:54:880 788928 789568 1
19-07-2017-10:45:54:917 789568 790208 1
19-07-2017-10:45:54:955 790208 790848 1
19-07-2017-10:45:54:990 790848 791488 1
19-07-2017-10:45:55:031 791488 792128 1
19-07-2017-10:45:55:072 792128 792768 1
19-07-2017-10:45:55:118 792768 793408 1
19-07-2017-10:45:55:147 793408 794048 1
19-07-2017-10:45:55:187 794048 794688 1
19-07-2017-10:45:55:230 794688 795328 1
19-07-2017-10:45:55:270 795328 795968 1
19-07-2017-10:45:55:310 795968 796608 1
19-07-2017-10:45:55:351 796608 797248 1
19-07-2017-10:45:55:396 797248 797888 1
19-07-2017-10:45:55:425 797888 798528 1
19-07-2017-10:45:55:467 798528 799168 1
19-07-2017-10:45:55:508 799168 799808 1
19-07-2017-10:45:55:551 799808 800448 1
19-07-2017-10:45:55:594 800448 801088 1
19-07-2017-10:45:55:636 801088 801728 1
19-07-2017-10:45:55:677 801728 802368 1
19-07-2017-10:45:55:706 802368 803008 1
19-07-2017-10:45:55:748 803008 803648 1
19-07-2017-10:45:55:787 803648 804288 1
19-07-2017-10:45:55:833 804288 804928 1
19-07-2017-10:45:55:874 804928 805568 1
19-07-2017-10:45:55:914 805568 806208 1
19-07-2017-10:45:55:962 806208 806848 1
19-07-2017-10:45:56:001 806848 807488 1
19-07-2017-10:45:56:031 807488 808128 1
19-07-2017-10:45:56:071 808128 808768 1
19-07-2017-10:45:56:118 808768 809408 1
19-07-2017-10:45:56:159 809408 810048 1
19-07-2017-10:45:56:189 810048 810688 1
19-07-2017-10:45:56:230 810688 811328 1
19-07-2017-10:45:56:270 811328 811968 1
19-07-2017-10:45:56:309 811968 812608 1
19-07-2017-10:45:56:357 812608 813248 1
19-07-2017-10:45:56:386 813248 813888 1
19-07-2017-10:45:56:426 813888 814528 1
19-07-2017-10:45:56:468 814528 815168 1
19-07-2017-10:45:56:508 815168 815808 1
19-07-2017-10:45:56:555 815808 816448 1
19-07-2017-10:45:56:594 816448 817088 1
19-07-2017-10:45:56:636 817088 817728 1
19-07-2017-10:45:56:676 817728 818368 1
19-07-2017-10:45:56:707 818368 819008 1
19-07-2017-10:45:56:746 819008 819648 1
19-07-2017-10:45:56:787 819648 820288 1
19-07-2017-10:45:56:835 820288 820928 1
19-07-2017-10:45:56:873 820928 821568 1
19-07-2017-10:45:56:915 821568 822208 1
19-07-2017-10:45:56:956 822208 822848 1
19-07-2017-10:45:57:000 822848 823488 1
19-07-2017-10:45:57:030 823488 824128 1
19-07-2017-10:45:57:070 824128 824768 1
19-07-2017-10:45:57:112 824768 825408 1
19-07-2017-10:45:57:446 825408 826048 1
19-07-2017-10:45:57:447 826048 826688 1
19-07-2017-10:45:57:448 826688 827328 1
19-07-2017-10:45:57:448 827328 827968 1
19-07-2017-10:45:57:448 827968 828608 1
19-07-2017-10:45:57:449 828608 829248 1
19-07-2017-10:45:57:449 829248 829888 1
19-07-2017-10:45:57:449 829888 830528 1
19-07-2017-10:45:57:477 830528 831168 1
19-07-2017-10:45:57:505 831168 831808 1
19-07-2017-10:45:57:547 831808 832448 1
19-07-2017-10:45:57:588 832448 833088 1
19-07-2017-10:45:57:632 833088 833728 1
19-07-2017-10:45:57:672 833728 834368 1
19-07-2017-10:45:57:719 834368 835008 1
19-07-2017-10:45:57:760 835008 835648 1
19-07-2017-10:45:57:789 835648 836288 1
19-07-2017-10:45:57:829 836288 836928 1
19-07-2017-10:45:57:871 836928 837568 1
19-07-2017-10:45:57:912 837568 838208 1
19-07-2017-10:45:57:953 838208 838848 1
19-07-2017-10:45:57:997 838848 839488 1
19-07-2017-10:45:58:038 839488 840128 1
19-07-2017-10:45:58:078 840128 840768 1
19-07-2017-10:45:58:108 840768 841408 1
19-07-2017-10:45:58:148 841408 842048 1
19-07-2017-10:45:58:189 842048 842688 1
19-07-2017-10:45:58:229 842688 843328 1
19-07-2017-10:45:58:275 843328 843968 1
19-07-2017-10:45:58:316 843968 844608 1
19-07-2017-10:45:58:356 844608 845248 1
19-07-2017-10:45:58:397 845248 845888 1
19-07-2017-10:45:58:425 845888 846528 1
19-07-2017-10:45:58:470 846528 847168 1
19-07-2017-10:45:58:512 847168 847808 1
19-07-2017-10:45:58:555 847808 848448 1
19-07-2017-10:45:58:593 848448 849088 1
19-07-2017-10:45:58:639 849088 849728 1
19-07-2017-10:45:58:680 849728 850368 1
19-07-2017-10:45:58:708 850368 851008 1
19-07-2017-10:45:58:750 851008 851648 1
19-07-2017-10:45:58:791 851648 852288 1
19-07-2017-10:45:58:838 852288 852928 1
19-07-2017-10:45:58:877 852928 853568 1
19-07-2017-10:45:58:918 853568 854208 1
19-07-2017-10:45:58:947 854208 854848 1
19-07-2017-10:45:58:986 854848 855488 1
19-07-2017-10:45:59:028 855488 856128 1
19-07-2017-10:45:59:069 856128 856768 1
19-07-2017-10:45:59:109 856768 857408 1
19-07-2017-10:45:59:148 857408 858048 1
19-07-2017-10:45:59:197 858048 858688 1
19-07-2017-10:45:59:235 858688 859328 1
19-07-2017-10:45:59:277 859328 859968 1
19-07-2017-10:45:59:305 859968 860608 1
19-07-2017-10:45:59:346 860608 861248 1
19-07-2017-10:45:59:393 861248 861888 1
19-07-2017-10:45:59:433 861888 862528 1
19-07-2017-10:45:59:473 862528 863168 1
19-07-2017-10:45:59:513 863168 863808 1
19-07-2017-10:45:59:560 863808 864448 1
19-07-2017-10:45:59:600 864448 865088 1
19-07-2017-10:45:59:629 865088 865728 1
19-07-2017-10:45:59:672 865728 866368 1
19-07-2017-10:45:59:712 866368 867008 1
19-07-2017-10:45:59:751 867008 867648 1
19-07-2017-10:45:59:800 867648 868288 1
19-07-2017-10:45:59:827 868288 868928 1
19-07-2017-10:45:59:867 868928 869568 1
19-07-2017-10:45:59:908 869568 870208 1
19-07-2017-10:45:59:949 870208 870848 1
19-07-2017-10:45:59:989 870848 871488 1
19-07-2017-10:46:00:038 871488 872128 1
19-07-2017-10:46:00:078 872128 872768 1
19-07-2017-10:46:00:108 872768 873408 1
19-07-2017-10:46:00:149 873408 874048 1
19-07-2017-10:46:00:189 874048 874688 1
19-07-2017-10:46:00:230 874688 875328 1
19-07-2017-10:46:00:274 875328 875968 1
19-07-2017-10:46:00:584 875968 876608 1
19-07-2017-10:46:00:585 876608 877248 1
19-07-2017-10:46:00:585 877248 877888 1
19-07-2017-10:46:00:585 877888 878528 1
19-07-2017-10:46:00:585 878528 879168 1
19-07-2017-10:46:00:586 879168 879808 1
19-07-2017-10:46:00:586 879808 880448 1
19-07-2017-10:46:00:598 880448 881088 1
19-07-2017-10:46:00:636 881088 881728 1
19-07-2017-10:46:00:680 881728 882368 1
19-07-2017-10:46:00:707 882368 883008 1
19-07-2017-10:46:00:749 883008 883648 1
19-07-2017-10:46:00:789 883648 884288 1
19-07-2017-10:46:00:827 884288 884928 1
19-07-2017-10:46:00:875 884928 885568 1
19-07-2017-10:46:00:918 885568 886208 1
19-07-2017-10:46:00:957 886208 886848 1
19-07-2017-10:46:00:986 886848 887488 1
19-07-2017-10:46:01:027 887488 888128 1
19-07-2017-10:46:01:071 888128 888768 1
19-07-2017-10:46:01:113 888768 889408 1
19-07-2017-10:46:01:153 889408 890048 1
19-07-2017-10:46:01:193 890048 890688 1
19-07-2017-10:46:01:244 890688 891328 1
19-07-2017-10:46:01:282 891328 891968 1
19-07-2017-10:46:01:310 891968 892608 1
19-07-2017-10:46:01:350 892608 893248 1
19-07-2017-10:46:01:389 893248 893888 1
19-07-2017-10:46:01:431 893888 894528 1
19-07-2017-10:46:01:479 894528 895168 1
19-07-2017-10:46:01:508 895168 895808 1
19-07-2017-10:46:01:548 895808 896448 1
19-07-2017-10:46:01:587 896448 897088 1
19-07-2017-10:46:01:629 897088 897728 1
19-07-2017-10:46:01:673 897728 898368 1
19-07-2017-10:46:01:715 898368 899008 1
19-07-2017-10:46:01:755 899008 899648 1
19-07-2017-10:46:01:797 899648 900288 1
19-07-2017-10:46:01:827 900288 900928 1
19-07-2017-10:46:01:867 900928 901568 1
19-07-2017-10:46:01:907 901568 902208 1
19-07-2017-10:46:01:952 902208 902848 1
19-07-2017-10:46:01:992 902848 903488 1
19-07-2017-10:46:02:034 903488 904128 1
19-07-2017-10:46:02:074 904128 904768 1
19-07-2017-10:46:02:116 904768 905408 1
19-07-2017-10:46:02:157 905408 906048 1
19-07-2017-10:46:02:186 906048 906688 1
19-07-2017-10:46:02:226 906688 907328 1
19-07-2017-10:46:02:266 907328 907968 1
19-07-2017-10:46:02:314 907968 908608 1
19-07-2017-10:46:02:353 908608 909248 1
19-07-2017-10:46:02:395 909248 909888 1
19-07-2017-10:46:02:433 909888 910528 1
19-07-2017-10:46:02:481 910528 911168 1
19-07-2017-10:46:02:521 911168 911808 1
19-07-2017-10:46:02:551 911808 912448 1
19-07-2017-10:46:02:591 912448 913088 1
19-07-2017-10:46:02:632 913088 913728 1
19-07-2017-10:46:02:674 913728 914368 1
19-07-2017-10:46:02:719 914368 915008 1
19-07-2017-10:46:02:749 915008 915648 1
19-07-2017-10:46:02:788 915648 916288 1
19-07-2017-10:46:02:828 916288 916928 1
19-07-2017-10:46:02:869 916928 917568 1
19-07-2017-10:46:02:911 917568 918208 1
19-07-2017-10:46:02:951 918208 918848 1
19-07-2017-10:46:02:997 918848 919488 1
19-07-2017-10:46:03:040 919488 920128 1
19-07-2017-10:46:03:072 920128 920768 1
19-07-2017-10:46:03:118 920768 921408 1
19-07-2017-10:46:03:159 921408 922048 1
19-07-2017-10:46:03:196 922048 922688 1
19-07-2017-10:46:03:227 922688 923328 1
19-07-2017-10:46:03:271 923328 923968 1
19-07-2017-10:46:03:313 923968 924608 1
19-07-2017-10:46:03:353 924608 925248 1
19-07-2017-10:46:03:394 925248 925888 1
19-07-2017-10:46:03:439 925888 926528 1
19-07-2017-10:46:03:855 926528 927168 1
19-07-2017-10:46:03:856 927168 927808 1
19-07-2017-10:46:03:856 927808 928448 1
19-07-2017-10:46:03:856 928448 929088 1
19-07-2017-10:46:03:856 929088 929728 1
19-07-2017-10:46:03:859 929728 930368 1
19-07-2017-10:46:03:859 930368 931008 1
19-07-2017-10:46:03:860 931008 931648 1
19-07-2017-10:46:03:860 931648 932288 1
19-07-2017-10:46:03:860 932288 932928 1
19-07-2017-10:46:03:872 932928 933568 1
19-07-2017-10:46:03:913 933568 934208 1
19-07-2017-10:46:03:958 934208 934848 1
19-07-2017-10:46:03:998 934848 935488 1
19-07-2017-10:46:04:029 935488 936128 1
19-07-2017-10:46:04:068 936128 936768 1
19-07-2017-10:46:04:109 936768 937408 1
19-07-2017-10:46:04:149 937408 938048 1
19-07-2017-10:46:04:198 938048 938688 1
19-07-2017-10:46:04:238 938688 939328 1
19-07-2017-10:46:04:266 939328 939968 1
19-07-2017-10:46:04:307 939968 940608 1
19-07-2017-10:46:04:348 940608 941248 1
19-07-2017-10:46:04:387 941248 941888 1
19-07-2017-10:46:04:434 941888 942528 1
19-07-2017-10:46:04:476 942528 943168 1
19-07-2017-10:46:04:517 943168 943808 1
19-07-2017-10:46:04:548 943808 944448 1
19-07-2017-10:46:04:586 944448 945088 1
19-07-2017-10:46:04:627 945088 945728 1
19-07-2017-10:46:04:675 945728 946368 1
19-07-2017-10:46:04:716 946368 947008 1
19-07-2017-10:46:04:755 947008 947648 1
19-07-2017-10:46:04:797 947648 948288 1
19-07-2017-10:46:04:824 948288 948928 1
19-07-2017-10:46:04:867 948928 949568 1
19-07-2017-10:46:04:913 949568 950208 1
19-07-2017-10:46:04:954 950208 950848 1
19-07-2017-10:46:04:995 950848 951488 1
19-07-2017-10:46:05:035 951488 952128 1
19-07-2017-10:46:05:075 952128 952768 1
19-07-2017-10:46:05:105 952768 953408 1
19-07-2017-10:46:05:146 953408 954048 1
19-07-2017-10:46:05:187 954048 954688 1
19-07-2017-10:46:05:235 954688 955328 1
19-07-2017-10:46:05:273 955328 955968 1
19-07-2017-10:46:05:315 955968 956608 1
19-07-2017-10:46:05:355 956608 957248 1
19-07-2017-10:46:05:397 957248 957888 1
19-07-2017-10:46:05:425 957888 958528 1
19-07-2017-10:46:05:465 958528 959168 1
19-07-2017-10:46:05:508 959168 959808 1
19-07-2017-10:46:05:547 959808 960448 1
19-07-2017-10:46:05:593 960448 961088 1
19-07-2017-10:46:05:634 961088 961728 1
19-07-2017-10:46:05:675 961728 962368 1
19-07-2017-10:46:05:716 962368 963008 1
19-07-2017-10:46:05:748 963008 963648 1
19-07-2017-10:46:05:786 963648 964288 1
19-07-2017-10:46:05:828 964288 964928 1
19-07-2017-10:46:05:867 964928 965568 1
19-07-2017-10:46:05:915 965568 966208 1
19-07-2017-10:46:05:956 966208 966848 1
19-07-2017-10:46:05:996 966848 967488 1
19-07-2017-10:46:06:026 967488 968128 1
19-07-2017-10:46:06:065 968128 968768 1
19-07-2017-10:46:06:106 968768 969408 1
19-07-2017-10:46:06:153 969408 970048 1
19-07-2017-10:46:06:194 970048 970688 1
19-07-2017-10:46:06:234 970688 971328 1
19-07-2017-10:46:06:280 971328 971968 1
19-07-2017-10:46:06:320 971968 972608 1
19-07-2017-10:46:06:349 972608 973248 1
19-07-2017-10:46:06:390 973248 973888 1
19-07-2017-10:46:06:430 973888 974528 1
19-07-2017-10:46:06:472 974528 975168 1
19-07-2017-10:46:06:518 975168 975808 1
19-07-2017-10:46:06:559 975808 976448 1
19-07-2017-10:46:06:588 976448 977088 1
19-07-2017-10:46:06:828 977088 977728 1
19-07-2017-10:46:06:829 977728 978368 1
19-07-2017-10:46:06:829 978368 979008 1
19-07-2017-10:46:06:831 979008 979648 1
19-07-2017-10:46:06:831 979648 980288 1
19-07-2017-10:46:06:834 980288 980928 1
19-07-2017-10:46:06:872 980928 981568 1
19-07-2017-10:46:06:913 981568 982208 1
19-07-2017-10:46:06:960 982208 982848 1
19-07-2017-10:46:06:989 982848 983488 1
19-07-2017-10:46:07:029 983488 984128 1
19-07-2017-10:46:07:068 984128 984768 1
19-07-2017-10:46:07:116 984768 985408 1
19-07-2017-10:46:07:157 985408 986048 1
19-07-2017-10:46:07:197 986048 986688 1
19-07-2017-10:46:07:225 986688 987328 1
19-07-2017-10:46:07:267 987328 987968 1
19-07-2017-10:46:07:313 987968 988608 1
19-07-2017-10:46:07:353 988608 989248 1
19-07-2017-10:46:07:393 989248 989888 1
19-07-2017-10:46:07:434 989888 990528 1
19-07-2017-10:46:07:481 990528 991168 1
19-07-2017-10:46:07:509 991168 991808 1
19-07-2017-10:46:07:551 991808 992448 1
19-07-2017-10:46:07:591 992448 993088 1
19-07-2017-10:46:07:630 993088 993728 1
19-07-2017-10:46:07:677 993728 994368 1
19-07-2017-10:46:07:705 994368 995008 1
19-07-2017-10:46:07:745 995008 995648 1
19-07-2017-10:46:07:786 995648 996288 1
19-07-2017-10:46:07:827 996288 996928 1
19-07-2017-10:46:07:873 996928 997568 1
19-07-2017-10:46:07:914 997568 998208 1
19-07-2017-10:46:07:954 998208 998848 1
19-07-2017-10:46:08:001 998848 999488 1
19-07-2017-10:46:08:075 999488 1000128 1
19-07-2017-10:46:08:076 1000128 1000768 1
19-07-2017-10:46:08:111 1000768 1001408 1
19-07-2017-10:46:08:148 1001408 1002048 1
19-07-2017-10:46:08:191 1002048 1002688 1
19-07-2017-10:46:08:231 1002688 1003328 1
19-07-2017-10:46:08:272 1003328 1003968 1
19-07-2017-10:46:08:313 1003968 1004608 1
19-07-2017-10:46:08:358 1004608 1005248 1
19-07-2017-10:46:08:389 1005248 1005888 1
19-07-2017-10:46:08:428 1005888 1006528 1
19-07-2017-10:46:08:469 1006528 1007168 1
19-07-2017-10:46:08:509 1007168 1007808 1
19-07-2017-10:46:08:556 1007808 1008448 1
19-07-2017-10:46:08:595 1008448 1009088 1
19-07-2017-10:46:08:627 1009088 1009728 1
19-07-2017-10:46:08:665 1009728 1010368 1
19-07-2017-10:46:08:707 1010368 1011008 1
19-07-2017-10:46:08:753 1011008 1011648 1
19-07-2017-10:46:08:793 1011648 1012288 1
19-07-2017-10:46:08:834 1012288 1012928 1
19-07-2017-10:46:08:877 1012928 1013568 1
19-07-2017-10:46:08:921 1013568 1014208 1
19-07-2017-10:46:08:951 1014208 1014848 1
19-07-2017-10:46:08:990 1014848 1015488 1
19-07-2017-10:46:09:032 1015488 1016128 1
19-07-2017-10:46:09:072 1016128 1016768 1
19-07-2017-10:46:09:120 1016768 1017408 1
19-07-2017-10:46:09:158 1017408 1018048 1
19-07-2017-10:46:09:191 1018048 1018688 1
19-07-2017-10:46:09:228 1018688 1019328 1
19-07-2017-10:46:09:270 1019328 1019968 1
19-07-2017-10:46:09:310 1019968 1020608 1
19-07-2017-10:46:09:356 1020608 1021248 1
19-07-2017-10:46:09:396 1021248 1021888 1
19-07-2017-10:46:09:426 1021888 1022528 1
19-07-2017-10:46:09:466 1022528 1023168 1
19-07-2017-10:46:09:507 1023168 1023808 1
19-07-2017-10:46:09:553 1023808 1024448 1
19-07-2017-10:46:09:594 1024448 1025088 1
19-07-2017-10:46:09:634 1025088 1025728 1
19-07-2017-10:46:09:675 1025728 1026368 1
19-07-2017-10:46:09:716 1026368 1027008 1
19-07-2017-10:46:09:744 1027008 1027648 1
19-07-2017-10:46:09:786 1027648 1028288 1
19-07-2017-10:46:09:832 1028288 1028928 1
19-07-2017-10:46:09:872 1028928 1029568 1
19-07-2017-10:46:09:913 1029568 1030208 1
19-07-2017-10:46:09:960 1030208 1030848 1
19-07-2017-10:46:10:000 1030848 1031488 1
19-07-2017-10:46:10:030 1031488 1032128 1
19-07-2017-10:46:10:070 1032128 1032768 1
19-07-2017-10:46:10:110 1032768 1033408 1
19-07-2017-10:46:10:151 1033408 1034048 1
19-07-2017-10:46:10:197 1034048 1034688 1
19-07-2017-10:46:10:225 1034688 1035328 1
19-07-2017-10:46:10:267 1035328 1035968 1
19-07-2017-10:46:10:308 1035968 1036608 1
19-07-2017-10:46:10:348 1036608 1037248 1
19-07-2017-10:46:10:394 1037248 1037888 1
19-07-2017-10:46:10:436 1037888 1038528 1
19-07-2017-10:46:10:477 1038528 1039168 1
19-07-2017-10:46:10:505 1039168 1039808 1
19-07-2017-10:46:10:544 1039808 1040448 1
19-07-2017-10:46:10:591 1040448 1041088 1
19-07-2017-10:46:10:631 1041088 1041728 1
19-07-2017-10:46:10:672 1041728 1042368 1
19-07-2017-10:46:10:718 1042368 1043008 1
19-07-2017-10:46:10:759 1043008 1043648 1
19-07-2017-10:46:10:788 1043648 1044288 1
19-07-2017-10:46:10:828 1044288 1044928 1
19-07-2017-10:46:10:868 1044928 1045568 1
19-07-2017-10:46:10:916 1045568 1046208 1
19-07-2017-10:46:10:956 1046208 1046848 1
19-07-2017-10:46:10:996 1046848 1047488 1
19-07-2017-10:46:11:026 1047488 1048128 1
19-07-2017-10:46:11:066 1048128 1048768 1
19-07-2017-10:46:11:106 1048768 1049408 1
19-07-2017-10:46:11:147 1049408 1050048 1
19-07-2017-10:46:11:430 1050048 1050688 1
19-07-2017-10:46:11:434 1050688 1051328 1
19-07-2017-10:46:11:434 1051328 1051968 1
19-07-2017-10:46:11:435 1051968 1052608 1
19-07-2017-10:46:11:435 1052608 1053248 1
19-07-2017-10:46:11:435 1053248 1053888 1
19-07-2017-10:46:11:435 1053888 1054528 1
19-07-2017-10:46:11:471 1054528 1055168 1
19-07-2017-10:46:11:515 1055168 1055808 1
19-07-2017-10:46:11:554 1055808 1056448 1
19-07-2017-10:46:11:599 1056448 1057088 1
19-07-2017-10:46:11:639 1057088 1057728 1
19-07-2017-10:46:11:667 1057728 1058368 1
19-07-2017-10:46:11:708 1058368 1059008 1
19-07-2017-10:46:11:752 1059008 1059648 1
19-07-2017-10:46:11:796 1059648 1060288 1
19-07-2017-10:46:11:836 1060288 1060928 1
19-07-2017-10:46:11:865 1060928 1061568 1
19-07-2017-10:46:11:906 1061568 1062208 1
19-07-2017-10:46:11:948 1062208 1062848 1
19-07-2017-10:46:11:989 1062848 1063488 1
19-07-2017-10:46:12:034 1063488 1064128 1
19-07-2017-10:46:12:076 1064128 1064768 1
19-07-2017-10:46:12:116 1064768 1065408 1
19-07-2017-10:46:12:145 1065408 1066048 1
19-07-2017-10:46:12:186 1066048 1066688 1
19-07-2017-10:46:12:232 1066688 1067328 1
19-07-2017-10:46:12:273 1067328 1067968 1
19-07-2017-10:46:12:314 1067968 1068608 1
19-07-2017-10:46:12:352 1068608 1069248 1
19-07-2017-10:46:12:400 1069248 1069888 1
19-07-2017-10:46:12:440 1069888 1070528 1
19-07-2017-10:46:12:470 1070528 1071168 1
19-07-2017-10:46:12:509 1071168 1071808 1
19-07-2017-10:46:12:551 1071808 1072448 1
19-07-2017-10:46:12:597 1072448 1073088 1
19-07-2017-10:46:12:626 1073088 1073728 1
19-07-2017-10:46:12:672 1073728 1074368 1
19-07-2017-10:46:12:714 1074368 1075008 1
19-07-2017-10:46:12:754 1075008 1075648 1
19-07-2017-10:46:12:795 1075648 1076288 1
19-07-2017-10:46:12:841 1076288 1076928 1
19-07-2017-10:46:12:864 1076928 1077568 1
19-07-2017-10:46:12:912 1077568 1078208 1
19-07-2017-10:46:12:951 1078208 1078848 1
19-07-2017-10:46:12:993 1078848 1079488 1
19-07-2017-10:46:13:039 1079488 1080128 1
19-07-2017-10:46:13:079 1080128 1080768 1
19-07-2017-10:46:13:108 1080768 1081408 1
19-07-2017-10:46:13:148 1081408 1082048 1
19-07-2017-10:46:13:189 1082048 1082688 1
19-07-2017-10:46:13:229 1082688 1083328 1
19-07-2017-10:46:13:276 1083328 1083968 1
19-07-2017-10:46:13:316 1083968 1084608 1
19-07-2017-10:46:13:345 1084608 1085248 1
19-07-2017-10:46:13:385 1085248 1085888 1
19-07-2017-10:46:13:427 1085888 1086528 1
19-07-2017-10:46:13:473 1086528 1087168 1
19-07-2017-10:46:13:513 1087168 1087808 1
19-07-2017-10:46:13:554 1087808 1088448 1
19-07-2017-10:46:13:600 1088448 1089088 1
19-07-2017-10:46:13:641 1089088 1089728 1
19-07-2017-10:46:13:670 1089728 1090368 1
19-07-2017-10:46:13:709 1090368 1091008 1
19-07-2017-10:46:13:751 1091008 1091648 1
19-07-2017-10:46:13:790 1091648 1092288 1
19-07-2017-10:46:13:836 1092288 1092928 1
19-07-2017-10:46:13:865 1092928 1093568 1
19-07-2017-10:46:13:907 1093568 1094208 1
19-07-2017-10:46:13:946 1094208 1094848 1
19-07-2017-10:46:13:988 1094848 1095488 1
19-07-2017-10:46:14:034 1095488 1096128 1
19-07-2017-10:46:14:075 1096128 1096768 1
19-07-2017-10:46:14:121 1096768 1097408 1
19-07-2017-10:46:14:149 1097408 1098048 1
19-07-2017-10:46:14:190 1098048 1098688 1
19-07-2017-10:46:14:230 1098688 1099328 1
19-07-2017-10:46:14:270 1099328 1099968 1
19-07-2017-10:46:14:318 1099968 1100608 1
19-07-2017-10:46:14:616 1100608 1101248 1
19-07-2017-10:46:14:617 1101248 1101888 1
19-07-2017-10:46:14:617 1101888 1102528 1
19-07-2017-10:46:14:617 1102528 1103168 1
19-07-2017-10:46:14:618 1103168 1103808 1
19-07-2017-10:46:14:618 1103808 1104448 1
19-07-2017-10:46:14:618 1104448 1105088 1
19-07-2017-10:46:14:641 1105088 1105728 1
19-07-2017-10:46:14:676 1105728 1106368 1
19-07-2017-10:46:14:705 1106368 1107008 1
19-07-2017-10:46:14:747 1107008 1107648 1
19-07-2017-10:46:14:792 1107648 1108288 1
19-07-2017-10:46:14:833 1108288 1108928 1
19-07-2017-10:46:14:873 1108928 1109568 1
19-07-2017-10:46:14:914 1109568 1110208 1
19-07-2017-10:46:14:959 1110208 1110848 1
19-07-2017-10:46:15:000 1110848 1111488 1
19-07-2017-10:46:15:029 1111488 1112128 1
19-07-2017-10:46:15:069 1112128 1112768 1
19-07-2017-10:46:15:110 1112768 1113408 1
19-07-2017-10:46:15:150 1113408 1114048 1
19-07-2017-10:46:15:190 1114048 1114688 1
19-07-2017-10:46:15:229 1114688 1115328 1
19-07-2017-10:46:15:277 1115328 1115968 1
19-07-2017-10:46:15:318 1115968 1116608 1
19-07-2017-10:46:15:347 1116608 1117248 1
19-07-2017-10:46:15:387 1117248 1117888 1
19-07-2017-10:46:15:427 1117888 1118528 1
19-07-2017-10:46:15:468 1118528 1119168 1
19-07-2017-10:46:15:538 1119168 1119808 1
19-07-2017-10:46:15:556 1119808 1120448 1
19-07-2017-10:46:15:596 1120448 1121088 1
19-07-2017-10:46:15:639 1121088 1121728 1
19-07-2017-10:46:15:667 1121728 1122368 1
19-07-2017-10:46:15:710 1122368 1123008 1
19-07-2017-10:46:15:748 1123008 1123648 1
19-07-2017-10:46:15:788 1123648 1124288 1
19-07-2017-10:46:15:835 1124288 1124928 1
19-07-2017-10:46:15:876 1124928 1125568 1
19-07-2017-10:46:15:906 1125568 1126208 1
19-07-2017-10:46:15:945 1126208 1126848 1
19-07-2017-10:46:15:986 1126848 1127488 1
19-07-2017-10:46:16:028 1127488 1128128 1
19-07-2017-10:46:16:073 1128128 1128768 1
19-07-2017-10:46:16:112 1128768 1129408 1
19-07-2017-10:46:16:153 1129408 1130048 1
19-07-2017-10:46:16:200 1130048 1130688 1
19-07-2017-10:46:16:241 1130688 1131328 1
19-07-2017-10:46:16:270 1131328 1131968 1
19-07-2017-10:46:16:310 1131968 1132608 1
19-07-2017-10:46:16:351 1132608 1133248 1
19-07-2017-10:46:16:390 1133248 1133888 1
19-07-2017-10:46:16:439 1133888 1134528 1
19-07-2017-10:46:16:466 1134528 1135168 1
19-07-2017-10:46:16:507 1135168 1135808 1
19-07-2017-10:46:16:547 1135808 1136448 1
19-07-2017-10:46:16:589 1136448 1137088 1
19-07-2017-10:46:16:635 1137088 1137728 1
19-07-2017-10:46:16:675 1137728 1138368 1
19-07-2017-10:46:16:707 1138368 1139008 1
19-07-2017-10:46:16:744 1139008 1139648 1
19-07-2017-10:46:16:786 1139648 1140288 1
19-07-2017-10:46:16:827 1140288 1140928 1
19-07-2017-10:46:16:871 1140928 1141568 1
19-07-2017-10:46:16:914 1141568 1142208 1
19-07-2017-10:46:16:955 1142208 1142848 1
19-07-2017-10:46:16:994 1142848 1143488 1
19-07-2017-10:46:17:040 1143488 1144128 1
19-07-2017-10:46:17:080 1144128 1144768 1
19-07-2017-10:46:17:110 1144768 1145408 1
19-07-2017-10:46:17:151 1145408 1146048 1
19-07-2017-10:46:17:191 1146048 1146688 1
19-07-2017-10:46:17:231 1146688 1147328 1
19-07-2017-10:46:17:278 1147328 1147968 1
19-07-2017-10:46:17:320 1147968 1148608 1
19-07-2017-10:46:17:348 1148608 1149248 1
19-07-2017-10:46:17:390 1149248 1149888 1
19-07-2017-10:46:17:430 1149888 1150528 1
19-07-2017-10:46:17:469 1150528 1151168 1
19-07-2017-10:46:17:516 1151168 1151808 1
19-07-2017-10:46:17:557 1151808 1152448 1
19-07-2017-10:46:17:587 1152448 1153088 1
19-07-2017-10:46:17:626 1153088 1153728 1
19-07-2017-10:46:17:666 1153728 1154368 1
19-07-2017-10:46:17:706 1154368 1155008 1
19-07-2017-10:46:17:754 1155008 1155648 1
19-07-2017-10:46:17:793 1155648 1156288 1
19-07-2017-10:46:17:835 1156288 1156928 1
19-07-2017-10:46:17:874 1156928 1157568 1
19-07-2017-10:46:17:921 1157568 1158208 1
19-07-2017-10:46:17:949 1158208 1158848 1
19-07-2017-10:46:17:991 1158848 1159488 1
19-07-2017-10:46:18:030 1159488 1160128 1
19-07-2017-10:46:18:072 1160128 1160768 1
19-07-2017-10:46:18:117 1160768 1161408 1
19-07-2017-10:46:18:159 1161408 1162048 1
19-07-2017-10:46:18:188 1162048 1162688 1
19-07-2017-10:46:18:228 1162688 1163328 1
19-07-2017-10:46:18:453 1163328 1163968 1
19-07-2017-10:46:18:455 1163968 1164608 1
19-07-2017-10:46:18:455 1164608 1165248 1
19-07-2017-10:46:18:455 1165248 1165888 1
19-07-2017-10:46:18:455 1165888 1166528 1
19-07-2017-10:46:18:468 1166528 1167168 1
19-07-2017-10:46:18:508 1167168 1167808 1
19-07-2017-10:46:18:553 1167808 1168448 1
19-07-2017-10:46:18:595 1168448 1169088 1
19-07-2017-10:46:18:640 1169088 1169728 1
19-07-2017-10:46:18:672 1169728 1170368 1
19-07-2017-10:46:18:711 1170368 1171008 1
19-07-2017-10:46:18:750 1171008 1171648 1
19-07-2017-10:46:18:797 1171648 1172288 1
19-07-2017-10:46:18:836 1172288 1172928 1
19-07-2017-10:46:18:867 1172928 1173568 1
19-07-2017-10:46:18:905 1173568 1174208 1
19-07-2017-10:46:18:947 1174208 1174848 1
19-07-2017-10:46:18:987 1174848 1175488 1
19-07-2017-10:46:19:035 1175488 1176128 1
19-07-2017-10:46:19:074 1176128 1176768 1
19-07-2017-10:46:19:115 1176768 1177408 1
19-07-2017-10:46:19:156 1177408 1178048 1
19-07-2017-10:46:19:185 1178048 1178688 1
19-07-2017-10:46:19:232 1178688 1179328 1
19-07-2017-10:46:19:272 1179328 1179968 1
19-07-2017-10:46:19:312 1179968 1180608 1
19-07-2017-10:46:19:353 1180608 1181248 1
19-07-2017-10:46:19:399 1181248 1181888 1
19-07-2017-10:46:19:440 1181888 1182528 1
19-07-2017-10:46:19:468 1182528 1183168 1
19-07-2017-10:46:19:509 1183168 1183808 1
19-07-2017-10:46:19:550 1183808 1184448 1
19-07-2017-10:46:19:596 1184448 1185088 1
19-07-2017-10:46:19:637 1185088 1185728 1
19-07-2017-10:46:19:666 1185728 1186368 1
19-07-2017-10:46:19:706 1186368 1187008 1
19-07-2017-10:46:19:746 1187008 1187648 1
19-07-2017-10:46:19:787 1187648 1188288 1
19-07-2017-10:46:19:840 1188288 1188928 1
19-07-2017-10:46:19:869 1188928 1189568 1
19-07-2017-10:46:19:909 1189568 1190208 1
19-07-2017-10:46:19:951 1190208 1190848 1
19-07-2017-10:46:19:992 1190848 1191488 1
19-07-2017-10:46:20:039 1191488 1192128 1
19-07-2017-10:46:20:067 1192128 1192768 1
19-07-2017-10:46:20:107 1192768 1193408 1
19-07-2017-10:46:20:153 1193408 1194048 1
19-07-2017-10:46:20:193 1194048 1194688 1
19-07-2017-10:46:20:240 1194688 1195328 1
19-07-2017-10:46:20:280 1195328 1195968 1
19-07-2017-10:46:20:309 1195968 1196608 1
19-07-2017-10:46:20:349 1196608 1197248 1
19-07-2017-10:46:20:393 1197248 1197888 1
19-07-2017-10:46:20:435 1197888 1198528 1
19-07-2017-10:46:20:476 1198528 1199168 1
19-07-2017-10:46:20:516 1199168 1199808 1
19-07-2017-10:46:20:546 1199808 1200448 1
19-07-2017-10:46:20:586 1200448 1201088 1
19-07-2017-10:46:20:629 1201088 1201728 1
19-07-2017-10:46:20:673 1201728 1202368 1
19-07-2017-10:46:20:713 1202368 1203008 1
19-07-2017-10:46:20:754 1203008 1203648 1
19-07-2017-10:46:20:794 1203648 1204288 1
19-07-2017-10:46:20:840 1204288 1204928 1
19-07-2017-10:46:20:870 1204928 1205568 1
19-07-2017-10:46:20:912 1205568 1206208 1
19-07-2017-10:46:20:951 1206208 1206848 1
19-07-2017-10:46:20:992 1206848 1207488 1
19-07-2017-10:46:21:038 1207488 1208128 1
19-07-2017-10:46:21:067 1208128 1208768 1
19-07-2017-10:46:21:108 1208768 1209408 1
19-07-2017-10:46:21:150 1209408 1210048 1
19-07-2017-10:46:21:190 1210048 1210688 1
19-07-2017-10:46:21:236 1210688 1211328 1
19-07-2017-10:46:21:266 1211328 1211968 1
19-07-2017-10:46:21:306 1211968 1212608 1
19-07-2017-10:46:21:346 1212608 1213248 1
19-07-2017-10:46:21:387 1213248 1213888 1
19-07-2017-10:46:21:434 1213888 1214528 1
19-07-2017-10:46:21:474 1214528 1215168 1
19-07-2017-10:46:21:514 1215168 1215808 1
19-07-2017-10:46:21:556 1215808 1216448 1
19-07-2017-10:46:21:584 1216448 1217088 1
19-07-2017-10:46:21:630 1217088 1217728 1
19-07-2017-10:46:21:677 1217728 1218368 1
19-07-2017-10:46:21:717 1218368 1219008 1
19-07-2017-10:46:21:747 1219008 1219648 1
19-07-2017-10:46:21:787 1219648 1220288 1
19-07-2017-10:46:21:827 1220288 1220928 1
19-07-2017-10:46:21:869 1220928 1221568 1
19-07-2017-10:46:21:915 1221568 1222208 1
19-07-2017-10:46:21:954 1222208 1222848 1
19-07-2017-10:46:21:996 1222848 1223488 1
19-07-2017-10:46:22:026 1223488 1224128 1
19-07-2017-10:46:22:072 1224128 1224768 1
19-07-2017-10:46:22:110 1224768 1225408 1
19-07-2017-10:46:22:153 1225408 1226048 1
19-07-2017-10:46:22:193 1226048 1226688 1
19-07-2017-10:46:22:234 1226688 1227328 1
19-07-2017-10:46:22:280 1227328 1227968 1
19-07-2017-10:46:22:321 1227968 1228608 1
19-07-2017-10:46:22:398 1228608 1229248 1
19-07-2017-10:46:22:399 1229248 1229888 1
19-07-2017-10:46:22:431 1229888 1230528 1
19-07-2017-10:46:22:473 1230528 1231168 1
19-07-2017-10:46:22:515 1231168 1231808 1
19-07-2017-10:46:22:553 1231808 1232448 1
19-07-2017-10:46:22:599 1232448 1233088 1
19-07-2017-10:46:22:642 1233088 1233728 1
19-07-2017-10:46:22:672 1233728 1234368 1
19-07-2017-10:46:22:710 1234368 1235008 1
19-07-2017-10:46:22:752 1235008 1235648 1
19-07-2017-10:46:22:791 1235648 1236288 1
19-07-2017-10:46:22:838 1236288 1236928 1
19-07-2017-10:46:22:880 1236928 1237568 1
19-07-2017-10:46:22:908 1237568 1238208 1
19-07-2017-10:46:22:948 1238208 1238848 1
19-07-2017-10:46:22:988 1238848 1239488 1
19-07-2017-10:46:23:028 1239488 1240128 1
19-07-2017-10:46:23:072 1240128 1240768 1
19-07-2017-10:46:23:113 1240768 1241408 1
19-07-2017-10:46:23:154 1241408 1242048 1
19-07-2017-10:46:23:200 1242048 1242688 1
19-07-2017-10:46:23:239 1242688 1243328 1
19-07-2017-10:46:23:272 1243328 1243968 1
19-07-2017-10:46:23:308 1243968 1244608 1
19-07-2017-10:46:23:350 1244608 1245248 1
19-07-2017-10:46:23:398 1245248 1245888 1
19-07-2017-10:46:23:438 1245888 1246528 1
19-07-2017-10:46:23:465 1246528 1247168 1
19-07-2017-10:46:23:506 1247168 1247808 1
19-07-2017-10:46:23:548 1247808 1248448 1
19-07-2017-10:46:23:593 1248448 1249088 1
19-07-2017-10:46:23:636 1249088 1249728 1
19-07-2017-10:46:23:676 1249728 1250368 1
19-07-2017-10:46:23:705 1250368 1251008 1
19-07-2017-10:46:23:745 1251008 1251648 1
19-07-2017-10:46:23:786 1251648 1252288 1
19-07-2017-10:46:23:832 1252288 1252928 1
19-07-2017-10:46:23:874 1252928 1253568 1
19-07-2017-10:46:23:914 1253568 1254208 1
19-07-2017-10:46:23:955 1254208 1254848 1
19-07-2017-10:46:23:995 1254848 1255488 1
19-07-2017-10:46:24:039 1255488 1256128 1
19-07-2017-10:46:24:079 1256128 1256768 1
19-07-2017-10:46:24:109 1256768 1257408 1
19-07-2017-10:46:24:151 1257408 1258048 1
19-07-2017-10:46:24:190 1258048 1258688 1
19-07-2017-10:46:24:231 1258688 1259328 1
19-07-2017-10:46:24:279 1259328 1259968 1
19-07-2017-10:46:24:320 1259968 1260608 1
19-07-2017-10:46:24:348 1260608 1261248 1
19-07-2017-10:46:24:389 1261248 1261888 1
19-07-2017-10:46:24:429 1261888 1262528 1
19-07-2017-10:46:24:472 1262528 1263168 1
19-07-2017-10:46:24:513 1263168 1263808 1
19-07-2017-10:46:24:552 1263808 1264448 1
19-07-2017-10:46:24:599 1264448 1265088 1
19-07-2017-10:46:24:627 1265088 1265728 1
19-07-2017-10:46:24:666 1265728 1266368 1
19-07-2017-10:46:24:707 1266368 1267008 1
19-07-2017-10:46:24:753 1267008 1267648 1
19-07-2017-10:46:24:794 1267648 1268288 1
19-07-2017-10:46:24:835 1268288 1268928 1
19-07-2017-10:46:24:877 1268928 1269568 1
19-07-2017-10:46:24:922 1269568 1270208 1
19-07-2017-10:46:24:949 1270208 1270848 1
19-07-2017-10:46:24:989 1270848 1271488 1
19-07-2017-10:46:25:104 1271488 1272128 1
19-07-2017-10:46:25:105 1272128 1272768 1
19-07-2017-10:46:25:118 1272768 1273408 1
19-07-2017-10:46:25:158 1273408 1274048 1
19-07-2017-10:46:25:186 1274048 1274688 1
19-07-2017-10:46:25:228 1274688 1275328 1
19-07-2017-10:46:25:269 1275328 1275968 1
19-07-2017-10:46:25:310 1275968 1276608 1
19-07-2017-10:46:25:350 1276608 1277248 1
19-07-2017-10:46:25:395 1277248 1277888 1
19-07-2017-10:46:25:426 1277888 1278528 1
19-07-2017-10:46:25:466 1278528 1279168 1
19-07-2017-10:46:25:506 1279168 1279808 1
19-07-2017-10:46:25:547 1279808 1280448 1
19-07-2017-10:46:25:594 1280448 1281088 1
19-07-2017-10:46:25:634 1281088 1281728 1
19-07-2017-10:46:25:675 1281728 1282368 1
19-07-2017-10:46:25:716 1282368 1283008 1
19-07-2017-10:46:25:744 1283008 1283648 1
19-07-2017-10:46:25:786 1283648 1284288 1
19-07-2017-10:46:25:831 1284288 1284928 1
19-07-2017-10:46:25:873 1284928 1285568 1
19-07-2017-10:46:25:912 1285568 1286208 1
19-07-2017-10:46:25:955 1286208 1286848 1
19-07-2017-10:46:25:995 1286848 1287488 1
19-07-2017-10:46:26:042 1287488 1288128 1
19-07-2017-10:46:26:064 1288128 1288768 1
19-07-2017-10:46:26:111 1288768 1289408 1
19-07-2017-10:46:26:150 1289408 1290048 1
19-07-2017-10:46:26:195 1290048 1290688 1
19-07-2017-10:46:26:237 1290688 1291328 1
19-07-2017-10:46:26:266 1291328 1291968 1
19-07-2017-10:46:26:305 1291968 1292608 1
19-07-2017-10:46:26:347 1292608 1293248 1
19-07-2017-10:46:26:393 1293248 1293888 1
19-07-2017-10:46:26:435 1293888 1294528 1
19-07-2017-10:46:26:475 1294528 1295168 1
19-07-2017-10:46:26:514 1295168 1295808 1
19-07-2017-10:46:26:562 1295808 1296448 1
19-07-2017-10:46:26:584 1296448 1297088 1
19-07-2017-10:46:26:631 1297088 1297728 1
19-07-2017-10:46:26:674 1297728 1298368 1
19-07-2017-10:46:26:716 1298368 1299008 1
19-07-2017-10:46:26:754 1299008 1299648 1
19-07-2017-10:46:26:800 1299648 1300288 1
19-07-2017-10:46:26:839 1300288 1300928 1
19-07-2017-10:46:26:870 1300928 1301568 1
19-07-2017-10:46:26:936 1301568 1302208 1
19-07-2017-10:46:26:952 1302208 1302848 1
19-07-2017-10:46:26:992 1302848 1303488 1
19-07-2017-10:46:27:033 1303488 1304128 1
19-07-2017-10:46:27:080 1304128 1304768 1
19-07-2017-10:46:27:120 1304768 1305408 1
19-07-2017-10:46:27:149 1305408 1306048 1
19-07-2017-10:46:27:189 1306048 1306688 1
19-07-2017-10:46:27:229 1306688 1307328 1
19-07-2017-10:46:27:271 1307328 1307968 1
19-07-2017-10:46:27:317 1307968 1308608 1
19-07-2017-10:46:27:358 1308608 1309248 1
19-07-2017-10:46:27:387 1309248 1309888 1
19-07-2017-10:46:27:427 1309888 1310528 1
19-07-2017-10:46:27:468 1310528 1311168 1
19-07-2017-10:46:27:508 1311168 1311808 1
19-07-2017-10:46:27:550 1311808 1312448 1
19-07-2017-10:46:27:596 1312448 1313088 1
19-07-2017-10:46:27:631 1313088 1313728 1
19-07-2017-10:46:27:679 1313728 1314368 1
19-07-2017-10:46:27:719 1314368 1315008 1
19-07-2017-10:46:27:748 1315008 1315648 1
19-07-2017-10:46:27:787 1315648 1316288 1
19-07-2017-10:46:27:828 1316288 1316928 1
19-07-2017-10:46:27:869 1316928 1317568 1
19-07-2017-10:46:27:909 1317568 1318208 1
19-07-2017-10:46:27:949 1318208 1318848 1
19-07-2017-10:46:27:998 1318848 1319488 1
19-07-2017-10:46:28:037 1319488 1320128 1
19-07-2017-10:46:28:066 1320128 1320768 1
19-07-2017-10:46:28:106 1320768 1321408 1
19-07-2017-10:46:28:146 1321408 1322048 1
19-07-2017-10:46:28:186 1322048 1322688 1
19-07-2017-10:46:28:227 1322688 1323328 1
19-07-2017-10:46:28:272 1323328 1323968 1
19-07-2017-10:46:28:314 1323968 1324608 1
19-07-2017-10:46:28:355 1324608 1325248 1
19-07-2017-10:46:28:396 1325248 1325888 1
19-07-2017-10:46:28:435 1325888 1326528 1
19-07-2017-10:46:28:480 1326528 1327168 1
19-07-2017-10:46:28:520 1327168 1327808 1
19-07-2017-10:46:28:550 1327808 1328448 1
19-07-2017-10:46:28:590 1328448 1329088 1
19-07-2017-10:46:28:630 1329088 1329728 1
19-07-2017-10:46:28:671 1329728 1330368 1
19-07-2017-10:46:28:717 1330368 1331008 1
19-07-2017-10:46:28:748 1331008 1331648 1
19-07-2017-10:46:28:788 1331648 1332288 1
19-07-2017-10:46:28:829 1332288 1332928 1
19-07-2017-10:46:28:869 1332928 1333568 1
19-07-2017-10:46:28:917 1333568 1334208 1
19-07-2017-10:46:28:955 1334208 1334848 1
19-07-2017-10:46:28:984 1334848 1335488 1
19-07-2017-10:46:29:026 1335488 1336128 1
19-07-2017-10:46:29:066 1336128 1336768 1
19-07-2017-10:46:29:114 1336768 1337408 1
19-07-2017-10:46:29:151 1337408 1338048 1
19-07-2017-10:46:29:188 1338048 1338688 1
19-07-2017-10:46:29:235 1338688 1339328 1
19-07-2017-10:46:29:277 1339328 1339968 1
19-07-2017-10:46:29:305 1339968 1340608 1
19-07-2017-10:46:29:352 1340608 1341248 1
19-07-2017-10:46:29:392 1341248 1341888 1
19-07-2017-10:46:29:435 1341888 1342528 1
19-07-2017-10:46:29:480 1342528 1343168 1
19-07-2017-10:46:29:510 1343168 1343808 1
19-07-2017-10:46:29:550 1343808 1344448 1
19-07-2017-10:46:29:590 1344448 1345088 1
19-07-2017-10:46:29:634 1345088 1345728 1
19-07-2017-10:46:29:677 1345728 1346368 1
19-07-2017-10:46:29:718 1346368 1347008 1
19-07-2017-10:46:29:747 1347008 1347648 1
19-07-2017-10:46:29:786 1347648 1348288 1
19-07-2017-10:46:29:827 1348288 1348928 1
19-07-2017-10:46:29:873 1348928 1349568 1
19-07-2017-10:46:29:914 1349568 1350208 1
19-07-2017-10:46:29:955 1350208 1350848 1
19-07-2017-10:46:29:995 1350848 1351488 1
19-07-2017-10:46:30:036 1351488 1352128 1
19-07-2017-10:46:30:132 1352128 1352768 1
19-07-2017-10:46:30:135 1352768 1353408 1
19-07-2017-10:46:30:147 1353408 1354048 1
19-07-2017-10:46:30:194 1354048 1354688 1
19-07-2017-10:46:30:233 1354688 1355328 1
19-07-2017-10:46:30:274 1355328 1355968 1
19-07-2017-10:46:30:315 1355968 1356608 1
19-07-2017-10:46:30:361 1356608 1357248 1
19-07-2017-10:46:30:387 1357248 1357888 1
19-07-2017-10:46:30:431 1357888 1358528 1
19-07-2017-10:46:30:472 1358528 1359168 1
19-07-2017-10:46:30:514 1359168 1359808 1
19-07-2017-10:46:30:555 1359808 1360448 1
19-07-2017-10:46:30:594 1360448 1361088 1
19-07-2017-10:46:30:627 1361088 1361728 1
19-07-2017-10:46:30:670 1361728 1362368 1
19-07-2017-10:46:30:712 1362368 1363008 1
19-07-2017-10:46:30:756 1363008 1363648 1
19-07-2017-10:46:30:796 1363648 1364288 1
19-07-2017-10:46:30:826 1364288 1364928 1
19-07-2017-10:46:30:866 1364928 1365568 1
19-07-2017-10:46:30:907 1365568 1366208 1
19-07-2017-10:46:30:947 1366208 1366848 1
19-07-2017-10:46:30:989 1366848 1367488 1
19-07-2017-10:46:31:033 1367488 1368128 1
19-07-2017-10:46:31:073 1368128 1368768 1
19-07-2017-10:46:31:114 1368768 1369408 1
19-07-2017-10:46:31:155 1369408 1370048 1
19-07-2017-10:46:31:185 1370048 1370688 1
19-07-2017-10:46:31:226 1370688 1371328 1
19-07-2017-10:46:31:265 1371328 1371968 1
19-07-2017-10:46:31:305 1371968 1372608 1
19-07-2017-10:46:31:347 1372608 1373248 1
19-07-2017-10:46:31:395 1373248 1373888 1
19-07-2017-10:46:31:432 1373888 1374528 1
19-07-2017-10:46:31:473 1374528 1375168 1
19-07-2017-10:46:31:515 1375168 1375808 1
19-07-2017-10:46:31:555 1375808 1376448 1
19-07-2017-10:46:31:586 1376448 1377088 1
19-07-2017-10:46:31:625 1377088 1377728 1
19-07-2017-10:46:31:667 1377728 1378368 1
19-07-2017-10:46:31:712 1378368 1379008 1
19-07-2017-10:46:31:755 1379008 1379648 1
19-07-2017-10:46:31:794 1379648 1380288 1
19-07-2017-10:46:31:841 1380288 1380928 1
19-07-2017-10:46:31:864 1380928 1381568 1
19-07-2017-10:46:31:911 1381568 1382208 1
19-07-2017-10:46:31:951 1382208 1382848 1
19-07-2017-10:46:31:992 1382848 1383488 1
19-07-2017-10:46:32:032 1383488 1384128 1
19-07-2017-10:46:32:079 1384128 1384768 1
19-07-2017-10:46:32:106 1384768 1385408 1
19-07-2017-10:46:32:159 1385408 1386048 1
19-07-2017-10:46:32:187 1386048 1386688 1
19-07-2017-10:46:32:230 1386688 1387328 1
19-07-2017-10:46:32:270 1387328 1387968 1
19-07-2017-10:46:32:316 1387968 1388608 1
19-07-2017-10:46:32:355 1388608 1389248 1
19-07-2017-10:46:32:385 1389248 1389888 1
19-07-2017-10:46:32:425 1389888 1390528 1
19-07-2017-10:46:32:466 1390528 1391168 1
19-07-2017-10:46:32:508 1391168 1391808 1
19-07-2017-10:46:32:554 1391808 1392448 1
19-07-2017-10:46:32:596 1392448 1393088 1
19-07-2017-10:46:32:636 1393088 1393728 1
19-07-2017-10:46:32:665 1393728 1394368 1
19-07-2017-10:46:32:706 1394368 1395008 1
19-07-2017-10:46:32:747 1395008 1395648 1
19-07-2017-10:46:32:792 1395648 1396288 1
19-07-2017-10:46:32:832 1396288 1396928 1
19-07-2017-10:46:32:875 1396928 1397568 1
19-07-2017-10:46:32:914 1397568 1398208 1
19-07-2017-10:46:32:959 1398208 1398848 1
19-07-2017-10:46:32:989 1398848 1399488 1
19-07-2017-10:46:33:029 1399488 1400128 1
19-07-2017-10:46:33:070 1400128 1400768 1
19-07-2017-10:46:33:111 1400768 1401408 1
19-07-2017-10:46:33:158 1401408 1402048 1
19-07-2017-10:46:33:185 1402048 1402688 1
19-07-2017-10:46:33:364 1402688 1403328 1
19-07-2017-10:46:33:365 1403328 1403968 1
19-07-2017-10:46:33:365 1403968 1404608 1
19-07-2017-10:46:33:365 1404608 1405248 1
19-07-2017-10:46:33:394 1405248 1405888 1
19-07-2017-10:46:33:435 1405888 1406528 1
19-07-2017-10:46:33:475 1406528 1407168 1
19-07-2017-10:46:33:515 1407168 1407808 1
19-07-2017-10:46:33:545 1407808 1408448 1
19-07-2017-10:46:33:590 1408448 1409088 1
19-07-2017-10:46:33:632 1409088 1409728 1
