19-07-2017-09:49:30:477 0 720 1
19-07-2017-09:49:30:517 720 1440 1
19-07-2017-09:49:30:568 1440 2112 1
19-07-2017-09:49:30:613 2112 2784 1
19-07-2017-09:49:30:641 2784 3456 1
19-07-2017-09:49:30:682 3456 4128 1
19-07-2017-09:49:30:734 4128 4784 1
19-07-2017-09:49:30:768 4784 5440 1
19-07-2017-09:49:30:808 5440 6096 1
19-07-2017-09:49:30:854 6096 6752 1
19-07-2017-09:49:30:894 6752 7408 1
19-07-2017-09:49:30:935 7408 8064 1
19-07-2017-09:49:30:976 8064 8720 1
19-07-2017-09:49:31:029 8720 9312 1
19-07-2017-09:49:31:056 9312 9904 1
19-07-2017-09:49:31:087 9904 10496 1
19-07-2017-09:49:31:126 10496 11088 1
19-07-2017-09:49:31:155 11088 11680 1
19-07-2017-09:49:31:197 11680 12272 1
19-07-2017-09:49:31:238 12272 12864 1
19-07-2017-09:49:31:267 12864 13456 1
19-07-2017-09:49:31:307 13456 14048 1
19-07-2017-09:49:31:348 14048 14640 1
19-07-2017-09:49:31:377 14640 15232 1
19-07-2017-09:49:31:418 15232 15824 1
19-07-2017-09:49:31:463 15824 16416 1
19-07-2017-09:49:31:488 16416 17008 1
19-07-2017-09:49:31:532 17008 17600 1
19-07-2017-09:49:31:561 17600 18192 1
19-07-2017-09:49:31:603 18192 18784 1
19-07-2017-09:49:31:644 18784 19376 1
19-07-2017-09:49:31:673 19376 19968 1
19-07-2017-09:49:31:711 19968 20560 1
19-07-2017-09:49:31:757 20560 21152 1
19-07-2017-09:49:31:787 21152 21744 1
19-07-2017-09:49:31:826 21744 22336 1
19-07-2017-09:49:31:866 22336 22928 1
19-07-2017-09:49:31:896 22928 23520 1
19-07-2017-09:49:31:936 23520 24112 1
19-07-2017-09:49:31:982 24112 24704 1
19-07-2017-09:49:32:010 24704 25296 1
19-07-2017-09:49:32:054 25296 25888 1
19-07-2017-09:49:32:094 25888 26480 1
19-07-2017-09:49:32:122 26480 27072 1
19-07-2017-09:49:32:161 27072 27664 1
19-07-2017-09:49:32:191 27664 28256 1
19-07-2017-09:49:32:233 28256 28848 1
19-07-2017-09:49:32:272 28848 29440 1
19-07-2017-09:49:32:301 29440 30032 1
19-07-2017-09:49:32:345 30032 30624 1
19-07-2017-09:49:32:393 30624 31216 1
19-07-2017-09:49:32:414 31216 31808 1
19-07-2017-09:49:32:461 31808 32400 1
19-07-2017-09:49:32:502 32400 32992 1
19-07-2017-09:49:32:529 32992 33584 1
19-07-2017-09:49:32:570 33584 34176 1
19-07-2017-09:49:32:601 34176 34768 1
19-07-2017-09:49:32:639 34768 35360 1
19-07-2017-09:49:32:679 35360 35952 1
19-07-2017-09:49:32:707 35952 36544 1
19-07-2017-09:49:32:754 36544 37136 1
19-07-2017-09:49:32:794 37136 37728 1
19-07-2017-09:49:32:824 37728 38320 1
19-07-2017-09:49:32:866 38320 38912 1
19-07-2017-09:49:32:893 38912 39504 1
19-07-2017-09:49:32:935 39504 40096 1
19-07-2017-09:49:32:975 40096 40688 1
19-07-2017-09:49:33:011 40688 41280 1
19-07-2017-09:49:33:051 41280 41872 1
19-07-2017-09:49:33:079 41872 42464 1
19-07-2017-09:49:33:118 42464 43056 1
19-07-2017-09:49:33:159 43056 43648 1
19-07-2017-09:49:33:188 43648 44240 1
19-07-2017-09:49:33:230 44240 44832 1
19-07-2017-09:49:33:276 44832 45424 1
19-07-2017-09:49:33:316 45424 46016 1
19-07-2017-09:49:33:344 46016 46608 1
19-07-2017-09:49:33:387 46608 47200 1
19-07-2017-09:49:33:416 47200 47792 1
19-07-2017-09:49:33:455 47792 48384 1
19-07-2017-09:49:33:485 48384 48976 1
19-07-2017-09:49:33:525 48976 49568 1
19-07-2017-09:49:33:633 49568 50160 1
19-07-2017-09:49:33:636 50160 50752 1
19-07-2017-09:49:33:640 50752 51344 1
19-07-2017-09:49:33:681 51344 51936 1
19-07-2017-09:49:33:715 51936 52528 1
19-07-2017-09:49:33:751 52528 53120 1
19-07-2017-09:49:33:780 53120 53712 1
19-07-2017-09:49:33:822 53712 54304 1
19-07-2017-09:49:33:863 54304 54896 1
19-07-2017-09:49:33:907 54896 55488 1
19-07-2017-09:49:33:932 55488 56080 1
19-07-2017-09:49:33:978 56080 56672 1
19-07-2017-09:49:34:018 56672 57264 1
19-07-2017-09:49:34:046 57264 57856 1
19-07-2017-09:49:34:088 57856 58448 1
19-07-2017-09:49:34:116 58448 59040 1
19-07-2017-09:49:34:158 59040 59632 1
19-07-2017-09:49:34:199 59632 60224 1
19-07-2017-09:49:34:226 60224 60816 1
19-07-2017-09:49:34:268 60816 61408 1
19-07-2017-09:49:34:314 61408 62000 1
19-07-2017-09:49:34:337 62000 62592 1
19-07-2017-09:49:34:383 62592 63184 1
19-07-2017-09:49:34:412 63184 63776 1
19-07-2017-09:49:34:453 63776 64368 1
19-07-2017-09:49:34:498 64368 64960 1
19-07-2017-09:49:34:521 64960 65552 1
19-07-2017-09:49:34:567 65552 66144 1
19-07-2017-09:49:34:596 66144 66736 1
19-07-2017-09:49:34:637 66736 67328 1
19-07-2017-09:49:34:677 67328 67920 1
19-07-2017-09:49:34:706 67920 68512 1
19-07-2017-09:49:34:746 68512 69104 1
19-07-2017-09:49:34:792 69104 69696 1
19-07-2017-09:49:34:832 69696 70288 1
19-07-2017-09:49:34:867 70288 70880 1
19-07-2017-09:49:34:891 70880 71472 1
19-07-2017-09:49:34:932 71472 72064 1
19-07-2017-09:49:34:973 72064 72656 1
19-07-2017-09:49:35:001 72656 73248 1
19-07-2017-09:49:35:043 73248 73840 1
19-07-2017-09:49:35:083 73840 74432 1
19-07-2017-09:49:35:113 74432 75024 1
19-07-2017-09:49:35:159 75024 75616 1
19-07-2017-09:49:35:198 75616 76208 1
19-07-2017-09:49:35:229 76208 76800 1
19-07-2017-09:49:35:269 76800 77392 1
19-07-2017-09:49:35:298 77392 77984 1
19-07-2017-09:49:35:339 77984 78576 1
19-07-2017-09:49:35:382 78576 79168 1
19-07-2017-09:49:35:408 79168 79760 1
19-07-2017-09:49:35:449 79760 80352 1
19-07-2017-09:49:35:496 80352 80944 1
19-07-2017-09:49:35:519 80944 81536 1
19-07-2017-09:49:35:567 81536 82128 1
19-07-2017-09:49:35:607 82128 82720 1
19-07-2017-09:49:35:635 82720 83312 1
19-07-2017-09:49:35:676 83312 83904 1
19-07-2017-09:49:35:705 83904 84496 1
19-07-2017-09:49:35:747 84496 85088 1
19-07-2017-09:49:35:787 85088 85680 1
19-07-2017-09:49:35:816 85680 86272 1
19-07-2017-09:49:35:858 86272 86864 1
19-07-2017-09:49:35:903 86864 87456 1
19-07-2017-09:49:35:932 87456 88048 1
19-07-2017-09:49:35:973 88048 88640 1
19-07-2017-09:49:36:007 88640 89232 1
19-07-2017-09:49:36:036 89232 89824 1
19-07-2017-09:49:36:083 89824 90416 1
19-07-2017-09:49:36:123 90416 91008 1
19-07-2017-09:49:36:152 91008 91600 1
19-07-2017-09:49:36:195 91600 92192 1
19-07-2017-09:49:36:223 92192 92784 1
19-07-2017-09:49:36:264 92784 93376 1
19-07-2017-09:49:36:304 93376 93968 1
19-07-2017-09:49:36:332 93968 94560 1
19-07-2017-09:49:36:373 94560 95152 1
19-07-2017-09:49:36:420 95152 95744 1
19-07-2017-09:49:36:448 95744 96336 1
19-07-2017-09:49:36:490 96336 96928 1
19-07-2017-09:49:36:520 96928 97520 1
19-07-2017-09:49:36:560 97520 98112 1
19-07-2017-09:49:36:600 98112 98704 1
19-07-2017-09:49:36:629 98704 99296 1
19-07-2017-09:49:36:669 99296 99888 1
19-07-2017-09:49:36:803 99888 100480 1
19-07-2017-09:49:36:804 100480 101072 1
19-07-2017-09:49:36:804 101072 101664 1
19-07-2017-09:49:36:824 101664 102256 1
19-07-2017-09:49:36:855 102256 102848 1
19-07-2017-09:49:36:894 102848 103440 1
19-07-2017-09:49:36:936 103440 104032 1
19-07-2017-09:49:36:964 104032 104624 1
19-07-2017-09:49:37:004 104624 105216 1
19-07-2017-09:49:37:052 105216 105808 1
19-07-2017-09:49:37:080 105808 106400 1
19-07-2017-09:49:37:122 106400 106992 1
19-07-2017-09:49:37:150 106992 107584 1
19-07-2017-09:49:37:191 107584 108176 1
19-07-2017-09:49:37:231 108176 108768 1
19-07-2017-09:49:37:260 108768 109360 1
19-07-2017-09:49:37:301 109360 109952 1
19-07-2017-09:49:37:347 109952 110544 1
19-07-2017-09:49:37:376 110544 111136 1
19-07-2017-09:49:37:418 111136 111728 1
19-07-2017-09:49:37:445 111728 112320 1
19-07-2017-09:49:37:486 112320 112912 1
19-07-2017-09:49:37:528 112912 113504 1
19-07-2017-09:49:37:554 113504 114096 1
19-07-2017-09:49:37:595 114096 114688 1
19-07-2017-09:49:37:641 114688 115280 1
19-07-2017-09:49:37:665 115280 115872 1
19-07-2017-09:49:37:710 115872 116464 1
19-07-2017-09:49:37:740 116464 117056 1
19-07-2017-09:49:37:781 117056 117648 1
19-07-2017-09:49:37:821 117648 118240 1
19-07-2017-09:49:37:850 118240 118832 1
19-07-2017-09:49:37:892 118832 119424 1
19-07-2017-09:49:37:938 119424 120016 1
19-07-2017-09:49:37:967 120016 120608 1
19-07-2017-09:49:38:007 120608 121200 1
19-07-2017-09:49:38:037 121200 121792 1
19-07-2017-09:49:38:077 121792 122384 1
19-07-2017-09:49:38:117 122384 122976 1
19-07-2017-09:49:38:148 122976 123568 1
19-07-2017-09:49:38:193 123568 124160 1
19-07-2017-09:49:38:279 124160 124752 1
19-07-2017-09:49:38:280 124752 125344 1
19-07-2017-09:49:38:304 125344 125936 1
19-07-2017-09:49:38:342 125936 126528 1
19-07-2017-09:49:38:373 126528 127120 1
19-07-2017-09:49:38:412 127120 127712 1
19-07-2017-09:49:38:441 127712 128304 1
19-07-2017-09:49:38:482 128304 128896 1
19-07-2017-09:49:38:528 128896 129488 1
19-07-2017-09:49:38:569 129488 130080 1
19-07-2017-09:49:38:598 130080 130672 1
19-07-2017-09:49:38:640 130672 131264 1
19-07-2017-09:49:38:671 131264 131856 1
19-07-2017-09:49:38:708 131856 132448 1
19-07-2017-09:49:38:750 132448 133040 1
19-07-2017-09:49:38:778 133040 133632 1
19-07-2017-09:49:38:819 133632 134224 1
19-07-2017-09:49:38:868 134224 134816 1
19-07-2017-09:49:38:888 134816 135408 1
19-07-2017-09:49:38:935 135408 136000 1
19-07-2017-09:49:38:963 136000 136592 1
19-07-2017-09:49:39:004 136592 137184 1
19-07-2017-09:49:39:045 137184 137776 1
19-07-2017-09:49:39:075 137776 138368 1
19-07-2017-09:49:39:116 138368 138960 1
19-07-2017-09:49:39:161 138960 139552 1
19-07-2017-09:49:39:185 139552 140144 1
19-07-2017-09:49:39:231 140144 140736 1
19-07-2017-09:49:39:259 140736 141328 1
19-07-2017-09:49:39:300 141328 141920 1
19-07-2017-09:49:39:341 141920 142512 1
19-07-2017-09:49:39:369 142512 143104 1
19-07-2017-09:49:39:409 143104 143696 1
19-07-2017-09:49:39:451 143696 144288 1
19-07-2017-09:49:39:481 144288 144880 1
19-07-2017-09:49:39:527 144880 145472 1
19-07-2017-09:49:39:569 145472 146064 1
19-07-2017-09:49:39:599 146064 146656 1
19-07-2017-09:49:39:653 146656 147248 1
19-07-2017-09:49:39:674 147248 147840 1
19-07-2017-09:49:39:701 147840 148432 1
19-07-2017-09:49:39:743 148432 149024 1
19-07-2017-09:49:39:783 149024 149616 1
19-07-2017-09:49:39:813 149616 150208 1
19-07-2017-09:49:39:854 150208 150800 1
19-07-2017-09:49:39:901 150800 151392 1
19-07-2017-09:49:39:923 151392 151984 1
19-07-2017-09:49:39:968 151984 152576 1
19-07-2017-09:49:39:998 152576 153168 1
19-07-2017-09:49:40:039 153168 153760 1
19-07-2017-09:49:40:080 153760 154352 1
19-07-2017-09:49:40:107 154352 154944 1
19-07-2017-09:49:40:149 154944 155536 1
19-07-2017-09:49:40:189 155536 156128 1
19-07-2017-09:49:40:220 156128 156720 1
19-07-2017-09:49:40:264 156720 157312 1
19-07-2017-09:49:40:306 157312 157904 1
19-07-2017-09:49:40:334 157904 158496 1
19-07-2017-09:49:40:374 158496 159088 1
19-07-2017-09:49:40:403 159088 159680 1
19-07-2017-09:49:40:445 159680 160272 1
19-07-2017-09:49:40:489 160272 160864 1
19-07-2017-09:49:40:518 160864 161456 1
19-07-2017-09:49:40:557 161456 162048 1
19-07-2017-09:49:40:598 162048 162640 1
19-07-2017-09:49:40:629 162640 163232 1
19-07-2017-09:49:40:668 163232 163824 1
19-07-2017-09:49:40:714 163824 164416 1
19-07-2017-09:49:40:737 164416 165008 1
19-07-2017-09:49:40:783 165008 165600 1
19-07-2017-09:49:40:812 165600 166192 1
19-07-2017-09:49:40:854 166192 166784 1
19-07-2017-09:49:40:894 166784 167376 1
19-07-2017-09:49:40:922 167376 167968 1
19-07-2017-09:49:40:965 167968 168560 1
19-07-2017-09:49:41:009 168560 169152 1
19-07-2017-09:49:41:040 169152 169744 1
19-07-2017-09:49:41:080 169744 170336 1
19-07-2017-09:49:41:108 170336 170928 1
19-07-2017-09:49:41:151 170928 171520 1
19-07-2017-09:49:41:192 171520 172112 1
19-07-2017-09:49:41:221 172112 172704 1
19-07-2017-09:49:41:261 172704 173296 1
19-07-2017-09:49:41:306 173296 173888 1
19-07-2017-09:49:41:329 173888 174480 1
19-07-2017-09:49:41:575 174480 175072 1
19-07-2017-09:49:41:576 175072 175664 1
19-07-2017-09:49:41:576 175664 176256 1
19-07-2017-09:49:41:576 176256 176848 1
19-07-2017-09:49:41:576 176848 177440 1
19-07-2017-09:49:41:576 177440 178032 1
19-07-2017-09:49:41:595 178032 178624 1
19-07-2017-09:49:41:625 178624 179216 1
19-07-2017-09:49:41:670 179216 179808 1
19-07-2017-09:49:41:711 179808 180400 1
19-07-2017-09:49:41:739 180400 180992 1
19-07-2017-09:49:41:780 180992 181584 1
19-07-2017-09:49:41:810 181584 182176 1
19-07-2017-09:49:41:850 182176 182768 1
19-07-2017-09:49:41:890 182768 183360 1
19-07-2017-09:49:41:919 183360 183952 1
19-07-2017-09:49:41:967 183952 184544 1
19-07-2017-09:49:42:006 184544 185136 1
19-07-2017-09:49:42:036 185136 185728 1
19-07-2017-09:49:42:077 185728 186320 1
19-07-2017-09:49:42:106 186320 186912 1
19-07-2017-09:49:42:146 186912 187504 1
19-07-2017-09:49:42:186 187504 188096 1
19-07-2017-09:49:42:232 188096 188688 1
19-07-2017-09:49:42:262 188688 189280 1
19-07-2017-09:49:42:302 189280 189872 1
19-07-2017-09:49:42:335 189872 190464 1
19-07-2017-09:49:42:371 190464 191056 1
19-07-2017-09:49:42:401 191056 191648 1
19-07-2017-09:49:42:441 191648 192240 1
19-07-2017-09:49:42:483 192240 192832 1
19-07-2017-09:49:42:528 192832 193424 1
19-07-2017-09:49:42:556 193424 194016 1
19-07-2017-09:49:42:596 194016 194608 1
19-07-2017-09:49:42:626 194608 195200 1
19-07-2017-09:49:42:668 195200 195792 1
19-07-2017-09:49:42:708 195792 196384 1
19-07-2017-09:49:42:738 196384 196976 1
19-07-2017-09:49:42:778 196976 197568 1
19-07-2017-09:49:42:826 197568 198160 1
19-07-2017-09:49:42:857 198160 198752 1
19-07-2017-09:49:42:882 198752 199344 1
19-07-2017-09:49:42:929 199344 199936 1
19-07-2017-09:49:42:971 199936 200528 1
19-07-2017-09:49:42:997 200528 201120 1
19-07-2017-09:49:43:039 201120 201712 1
19-07-2017-09:49:43:068 201712 202304 1
19-07-2017-09:49:43:109 202304 202896 1
19-07-2017-09:49:43:149 202896 203488 1
19-07-2017-09:49:43:188 203488 204080 1
19-07-2017-09:49:43:218 204080 204672 1
19-07-2017-09:49:43:259 204672 205264 1
19-07-2017-09:49:43:304 205264 205856 1
19-07-2017-09:49:43:333 205856 206448 1
19-07-2017-09:49:43:373 206448 207040 1
19-07-2017-09:49:43:402 207040 207632 1
19-07-2017-09:49:43:443 207632 208224 1
19-07-2017-09:49:43:490 208224 208816 1
19-07-2017-09:49:43:514 208816 209408 1
19-07-2017-09:49:43:560 209408 210000 1
19-07-2017-09:49:43:600 210000 210592 1
19-07-2017-09:49:43:631 210592 211184 1
19-07-2017-09:49:43:671 211184 211776 1
19-07-2017-09:49:43:699 211776 212368 1
19-07-2017-09:49:43:739 212368 212960 1
19-07-2017-09:49:43:780 212960 213552 1
19-07-2017-09:49:43:808 213552 214144 1
19-07-2017-09:49:43:849 214144 214736 1
19-07-2017-09:49:43:890 214736 215328 1
19-07-2017-09:49:43:919 215328 215920 1
19-07-2017-09:49:43:965 215920 216512 1
19-07-2017-09:49:44:007 216512 217104 1
19-07-2017-09:49:44:034 217104 217696 1
19-07-2017-09:49:44:076 217696 218288 1
19-07-2017-09:49:44:105 218288 218880 1
19-07-2017-09:49:44:144 218880 219472 1
19-07-2017-09:49:44:190 219472 220064 1
19-07-2017-09:49:44:215 220064 220656 1
19-07-2017-09:49:44:260 220656 221248 1
19-07-2017-09:49:44:301 221248 221840 1
19-07-2017-09:49:44:331 221840 222432 1
19-07-2017-09:49:44:371 222432 223024 1
19-07-2017-09:49:44:400 223024 223616 1
19-07-2017-09:49:44:442 223616 224208 1
19-07-2017-09:49:44:481 224208 224800 1
19-07-2017-09:49:44:616 224800 225392 1
19-07-2017-09:49:44:618 225392 225984 1
19-07-2017-09:49:44:618 225984 226576 1
19-07-2017-09:49:44:627 226576 227168 1
19-07-2017-09:49:44:667 227168 227760 1
19-07-2017-09:49:44:696 227760 228352 1
19-07-2017-09:49:44:738 228352 228944 1
19-07-2017-09:49:44:778 228944 229536 1
19-07-2017-09:49:44:806 229536 230128 1
19-07-2017-09:49:44:846 230128 230720 1
19-07-2017-09:49:44:894 230720 231312 1
19-07-2017-09:49:44:916 231312 231904 1
19-07-2017-09:49:44:962 231904 232496 1
19-07-2017-09:49:44:990 232496 233088 1
19-07-2017-09:49:45:032 233088 233680 1
19-07-2017-09:49:45:078 233680 234272 1
19-07-2017-09:49:45:107 234272 234864 1
19-07-2017-09:49:45:147 234864 235456 1
19-07-2017-09:49:45:187 235456 236048 1
19-07-2017-09:49:45:215 236048 236640 1
19-07-2017-09:49:45:255 236640 237232 1
19-07-2017-09:49:45:303 237232 237824 1
19-07-2017-09:49:45:331 237824 238416 1
19-07-2017-09:49:45:373 238416 239008 1
19-07-2017-09:49:45:401 239008 239600 1
19-07-2017-09:49:45:442 239600 240192 1
19-07-2017-09:49:45:482 240192 240784 1
19-07-2017-09:49:45:512 240784 241376 1
19-07-2017-09:49:45:551 241376 241968 1
19-07-2017-09:49:45:598 241968 242560 1
19-07-2017-09:49:45:626 242560 243152 1
19-07-2017-09:49:45:667 243152 243744 1
19-07-2017-09:49:45:694 243744 244336 1
19-07-2017-09:49:45:736 244336 244928 1
19-07-2017-09:49:45:777 244928 245520 1
19-07-2017-09:49:45:806 245520 246112 1
19-07-2017-09:49:45:845 246112 246704 1
19-07-2017-09:49:45:893 246704 247296 1
19-07-2017-09:49:45:916 247296 247888 1
19-07-2017-09:49:45:963 247888 248480 1
19-07-2017-09:49:45:992 248480 249072 1
19-07-2017-09:49:46:032 249072 249664 1
19-07-2017-09:49:46:073 249664 250256 1
19-07-2017-09:49:46:102 250256 250848 1
19-07-2017-09:49:46:179 250848 251440 1
19-07-2017-09:49:46:189 251440 252032 1
19-07-2017-09:49:46:216 252032 252624 1
19-07-2017-09:49:46:258 252624 253216 1
19-07-2017-09:49:46:286 253216 253808 1
19-07-2017-09:49:46:327 253808 254400 1
19-07-2017-09:49:46:367 254400 254992 1
19-07-2017-09:49:46:398 254992 255584 1
19-07-2017-09:49:46:442 255584 256176 1
19-07-2017-09:49:46:485 256176 256768 1
19-07-2017-09:49:46:512 256768 257360 1
19-07-2017-09:49:46:560 257360 257952 1
19-07-2017-09:49:46:582 257952 258544 1
19-07-2017-09:49:46:630 258544 259136 1
19-07-2017-09:49:46:658 259136 259728 1
19-07-2017-09:49:46:700 259728 260320 1
19-07-2017-09:49:46:739 260320 260912 1
19-07-2017-09:49:46:769 260912 261504 1
19-07-2017-09:49:46:808 261504 262096 1
19-07-2017-09:49:46:856 262096 262688 1
19-07-2017-09:49:46:879 262688 263280 1
19-07-2017-09:49:46:924 263280 263872 1
19-07-2017-09:49:46:955 263872 264464 1
19-07-2017-09:49:46:995 264464 265056 1
19-07-2017-09:49:47:036 265056 265648 1
19-07-2017-09:49:47:065 265648 266240 1
19-07-2017-09:49:47:104 266240 266832 1
19-07-2017-09:49:47:149 266832 267424 1
19-07-2017-09:49:47:174 267424 268016 1
19-07-2017-09:49:47:220 268016 268608 1
19-07-2017-09:49:47:249 268608 269200 1
19-07-2017-09:49:47:289 269200 269792 1
19-07-2017-09:49:47:331 269792 270384 1
19-07-2017-09:49:47:360 270384 270976 1
19-07-2017-09:49:47:400 270976 271568 1
19-07-2017-09:49:47:445 271568 272160 1
19-07-2017-09:49:47:487 272160 272752 1
19-07-2017-09:49:47:514 272752 273344 1
19-07-2017-09:49:47:556 273344 273936 1
19-07-2017-09:49:47:585 273936 274528 1
19-07-2017-09:49:47:626 274528 275120 1
19-07-2017-09:49:47:665 275120 275712 1
19-07-2017-09:49:47:694 275712 276304 1
19-07-2017-09:49:47:734 276304 276896 1
19-07-2017-09:49:47:782 276896 277488 1
19-07-2017-09:49:47:803 277488 278080 1
19-07-2017-09:49:47:851 278080 278672 1
19-07-2017-09:49:47:881 278672 279264 1
19-07-2017-09:49:47:920 279264 279856 1
19-07-2017-09:49:47:960 279856 280448 1
19-07-2017-09:49:47:990 280448 281040 1
19-07-2017-09:49:48:030 281040 281632 1
19-07-2017-09:49:48:072 281632 282224 1
19-07-2017-09:49:48:102 282224 282816 1
19-07-2017-09:49:48:147 282816 283408 1
19-07-2017-09:49:48:188 283408 284000 1
19-07-2017-09:49:48:218 284000 284592 1
19-07-2017-09:49:48:257 284592 285184 1
19-07-2017-09:49:48:287 285184 285776 1
19-07-2017-09:49:48:326 285776 286368 1
19-07-2017-09:49:48:368 286368 286960 1
19-07-2017-09:49:48:395 286960 287552 1
19-07-2017-09:49:48:436 287552 288144 1
19-07-2017-09:49:48:484 288144 288736 1
19-07-2017-09:49:48:507 288736 289328 1
19-07-2017-09:49:48:553 289328 289920 1
19-07-2017-09:49:48:582 289920 290512 1
19-07-2017-09:49:48:622 290512 291104 1
19-07-2017-09:49:48:663 291104 291696 1
19-07-2017-09:49:48:693 291696 292288 1
19-07-2017-09:49:48:733 292288 292880 1
19-07-2017-09:49:48:778 292880 293472 1
19-07-2017-09:49:48:801 293472 294064 1
19-07-2017-09:49:48:848 294064 294656 1
19-07-2017-09:49:48:888 294656 295248 1
19-07-2017-09:49:48:916 295248 295840 1
19-07-2017-09:49:48:958 295840 296432 1
19-07-2017-09:49:48:998 296432 297024 1
19-07-2017-09:49:49:028 297024 297616 1
19-07-2017-09:49:49:067 297616 298208 1
19-07-2017-09:49:49:113 298208 298800 1
19-07-2017-09:49:49:136 298800 299392 1
19-07-2017-09:49:49:182 299392 299984 1
19-07-2017-09:49:49:213 299984 300576 1
19-07-2017-09:49:49:253 300576 301168 1
19-07-2017-09:49:49:401 301168 301760 1
19-07-2017-09:49:49:402 301760 302352 1
19-07-2017-09:49:49:402 302352 302944 1
19-07-2017-09:49:49:407 302944 303536 1
19-07-2017-09:49:49:437 303536 304128 1
19-07-2017-09:49:49:477 304128 304720 1
19-07-2017-09:49:49:505 304720 305312 1
19-07-2017-09:49:49:551 305312 305904 1
19-07-2017-09:49:49:580 305904 306496 1
19-07-2017-09:49:49:620 306496 307088 1
19-07-2017-09:49:49:662 307088 307680 1
19-07-2017-09:49:49:692 307680 308272 1
19-07-2017-09:49:49:732 308272 308864 1
19-07-2017-09:49:49:777 308864 309456 1
19-07-2017-09:49:49:802 309456 310048 1
19-07-2017-09:49:49:846 310048 310640 1
19-07-2017-09:49:49:876 310640 311232 1
19-07-2017-09:49:49:917 311232 311824 1
19-07-2017-09:49:49:958 311824 312416 1
19-07-2017-09:49:49:986 312416 313008 1
19-07-2017-09:49:50:027 313008 313600 1
19-07-2017-09:49:50:074 313600 314192 1
19-07-2017-09:49:50:112 314192 314784 1
19-07-2017-09:49:50:143 314784 315376 1
19-07-2017-09:49:50:183 315376 315968 1
19-07-2017-09:49:50:212 315968 316560 1
19-07-2017-09:49:50:251 316560 317152 1
19-07-2017-09:49:50:292 317152 317744 1
19-07-2017-09:49:50:321 317744 318336 1
19-07-2017-09:49:50:369 318336 318928 1
19-07-2017-09:49:50:408 318928 319520 1
19-07-2017-09:49:50:437 319520 320112 1
19-07-2017-09:49:50:468 320112 320704 1
19-07-2017-09:49:50:507 320704 321296 1
19-07-2017-09:49:50:548 321296 321888 1
19-07-2017-09:49:50:578 321888 322480 1
19-07-2017-09:49:50:618 322480 323072 1
19-07-2017-09:49:50:659 323072 323664 1
19-07-2017-09:49:50:690 323664 324256 1
19-07-2017-09:49:50:734 324256 324848 1
19-07-2017-09:49:50:764 324848 325440 1
19-07-2017-09:49:50:822 325440 326032 1
19-07-2017-09:49:50:849 326032 326624 1
19-07-2017-09:49:50:890 326624 327216 1
19-07-2017-09:49:50:913 327216 327808 1
19-07-2017-09:49:50:954 327808 328400 1
19-07-2017-09:49:51:000 328400 328992 1
19-07-2017-09:49:51:026 328992 329584 1
19-07-2017-09:49:51:068 329584 330176 1
19-07-2017-09:49:51:097 330176 330768 1
19-07-2017-09:49:51:138 330768 331360 1
19-07-2017-09:49:51:183 331360 331952 1
19-07-2017-09:49:51:209 331952 332544 1
19-07-2017-09:49:51:253 332544 333136 1
19-07-2017-09:49:51:283 333136 333728 1
19-07-2017-09:49:51:323 333728 334320 1
19-07-2017-09:49:51:363 334320 334912 1
19-07-2017-09:49:51:391 334912 335504 1
19-07-2017-09:49:51:432 335504 336096 1
19-07-2017-09:49:51:480 336096 336688 1
19-07-2017-09:49:51:505 336688 337280 1
19-07-2017-09:49:51:550 337280 337872 1
19-07-2017-09:49:51:579 337872 338464 1
19-07-2017-09:49:51:624 338464 339056 1
19-07-2017-09:49:51:653 339056 339648 1
19-07-2017-09:49:51:694 339648 340240 1
19-07-2017-09:49:51:736 340240 340832 1
19-07-2017-09:49:51:765 340832 341424 1
19-07-2017-09:49:51:804 341424 342016 1
19-07-2017-09:49:51:850 342016 342608 1
19-07-2017-09:49:51:879 342608 343200 1
19-07-2017-09:49:51:921 343200 343792 1
19-07-2017-09:49:51:950 343792 344384 1
19-07-2017-09:49:51:990 344384 344976 1
19-07-2017-09:49:52:031 344976 345568 1
19-07-2017-09:49:52:059 345568 346160 1
19-07-2017-09:49:52:101 346160 346752 1
19-07-2017-09:49:52:148 346752 347344 1
19-07-2017-09:49:52:171 347344 347936 1
19-07-2017-09:49:52:217 347936 348528 1
19-07-2017-09:49:52:245 348528 349120 1
19-07-2017-09:49:52:286 349120 349712 1
19-07-2017-09:49:52:327 349712 350304 1
19-07-2017-09:49:52:355 350304 350896 1
19-07-2017-09:49:52:396 350896 351488 1
19-07-2017-09:49:52:650 351488 352080 1
19-07-2017-09:49:52:651 352080 352672 1
19-07-2017-09:49:52:651 352672 353264 1
19-07-2017-09:49:52:651 353264 353856 1
19-07-2017-09:49:52:651 353856 354448 1
19-07-2017-09:49:52:651 354448 355040 1
19-07-2017-09:49:52:651 355040 355632 1
19-07-2017-09:49:52:698 355632 356224 1
19-07-2017-09:49:52:725 356224 356816 1
19-07-2017-09:49:52:768 356816 357408 1
19-07-2017-09:49:52:806 357408 358000 1
19-07-2017-09:49:52:836 358000 358592 1
19-07-2017-09:49:52:877 358592 359184 1
19-07-2017-09:49:52:917 359184 359776 1
19-07-2017-09:49:52:946 359776 360368 1
19-07-2017-09:49:52:986 360368 360960 1
19-07-2017-09:49:53:033 360960 361552 1
19-07-2017-09:49:53:063 361552 362144 1
19-07-2017-09:49:53:104 362144 362736 1
19-07-2017-09:49:53:132 362736 363328 1
19-07-2017-09:49:53:172 363328 363920 1
19-07-2017-09:49:53:213 363920 364512 1
