19-07-2017-10:51:02:572 0 784 1
19-07-2017-10:51:02:613 784 1568 1
19-07-2017-10:51:02:664 1568 2320 1
19-07-2017-10:51:02:712 2320 3072 1
19-07-2017-10:51:02:753 3072 3824 1
19-07-2017-10:51:02:805 3824 4560 1
19-07-2017-10:51:02:855 4560 5296 1
19-07-2017-10:51:02:895 5296 6032 1
19-07-2017-10:51:02:942 6032 6768 1
19-07-2017-10:51:02:984 6768 7504 1
19-07-2017-10:51:03:035 7504 8144 1
19-07-2017-10:51:03:082 8144 8784 1
19-07-2017-10:51:03:107 8784 9424 1
19-07-2017-10:51:03:161 9424 10064 1
19-07-2017-10:51:03:193 10064 10704 1
19-07-2017-10:51:03:236 10704 11344 1
19-07-2017-10:51:03:275 11344 11984 1
19-07-2017-10:51:03:314 11984 12624 1
19-07-2017-10:51:03:344 12624 13264 1
19-07-2017-10:51:03:385 13264 13904 1
19-07-2017-10:51:03:428 13904 14544 1
19-07-2017-10:51:03:465 14544 15184 1
19-07-2017-10:51:03:507 15184 15824 1
19-07-2017-10:51:03:554 15824 16464 1
19-07-2017-10:51:03:601 16464 17104 1
19-07-2017-10:51:03:628 17104 17744 1
19-07-2017-10:51:03:667 17744 18384 1
19-07-2017-10:51:03:709 18384 19024 1
19-07-2017-10:51:03:754 19024 19664 1
19-07-2017-10:51:03:792 19664 20304 1
19-07-2017-10:51:03:823 20304 20944 1
19-07-2017-10:51:03:870 20944 21584 1
19-07-2017-10:51:03:908 21584 22224 1
19-07-2017-10:51:03:947 22224 22864 1
19-07-2017-10:51:03:989 22864 23504 1
19-07-2017-10:51:04:034 23504 24144 1
19-07-2017-10:51:04:069 24144 24784 1
19-07-2017-10:51:04:111 24784 25424 1
19-07-2017-10:51:04:151 25424 26064 1
19-07-2017-10:51:04:191 26064 26704 1
19-07-2017-10:51:04:232 26704 27344 1
19-07-2017-10:51:04:278 27344 27984 1
19-07-2017-10:51:04:308 27984 28624 1
19-07-2017-10:51:04:350 28624 29264 1
19-07-2017-10:51:04:390 29264 29904 1
19-07-2017-10:51:04:429 29904 30544 1
19-07-2017-10:51:04:476 30544 31184 1
19-07-2017-10:51:04:517 31184 31824 1
19-07-2017-10:51:04:546 31824 32464 1
19-07-2017-10:51:04:586 32464 33104 1
19-07-2017-10:51:04:626 33104 33744 1
19-07-2017-10:51:04:672 33744 34384 1
19-07-2017-10:51:04:713 34384 35024 1
19-07-2017-10:51:04:755 35024 35664 1
19-07-2017-10:51:04:783 35664 36304 1
19-07-2017-10:51:04:824 36304 36944 1
19-07-2017-10:51:04:871 36944 37584 1
19-07-2017-10:51:04:911 37584 38224 1
19-07-2017-10:51:04:951 38224 38864 1
19-07-2017-10:51:04:991 38864 39504 1
19-07-2017-10:51:05:038 39504 40144 1
19-07-2017-10:51:05:066 40144 40784 1
19-07-2017-10:51:05:103 40784 41424 1
19-07-2017-10:51:05:149 41424 42064 1
19-07-2017-10:51:05:189 42064 42704 1
19-07-2017-10:51:05:231 42704 43344 1
19-07-2017-10:51:05:277 43344 43984 1
19-07-2017-10:51:05:317 43984 44624 1
19-07-2017-10:51:05:346 44624 45264 1
19-07-2017-10:51:05:387 45264 45904 1
19-07-2017-10:51:05:427 45904 46544 1
19-07-2017-10:51:05:475 46544 47184 1
19-07-2017-10:51:05:513 47184 47824 1
19-07-2017-10:51:05:543 47824 48464 1
19-07-2017-10:51:05:583 48464 49104 1
19-07-2017-10:51:05:625 49104 49744 1
19-07-2017-10:51:05:748 49744 50384 1
19-07-2017-10:51:05:749 50384 51024 1
19-07-2017-10:51:05:752 51024 51664 1
19-07-2017-10:51:05:799 51664 52304 1
19-07-2017-10:51:05:839 52304 52944 1
19-07-2017-10:51:05:868 52944 53584 1
19-07-2017-10:51:05:907 53584 54224 1
19-07-2017-10:51:05:949 54224 54864 1
19-07-2017-10:51:05:994 54864 55504 1
19-07-2017-10:51:06:034 55504 56144 1
19-07-2017-10:51:06:063 56144 56784 1
19-07-2017-10:51:06:103 56784 57424 1
19-07-2017-10:51:06:144 57424 58064 1
19-07-2017-10:51:06:183 58064 58704 1
19-07-2017-10:51:06:229 58704 59344 1
19-07-2017-10:51:06:269 59344 59984 1
19-07-2017-10:51:06:310 59984 60624 1
19-07-2017-10:51:06:351 60624 61264 1
19-07-2017-10:51:06:397 61264 61904 1
19-07-2017-10:51:06:439 61904 62544 1
19-07-2017-10:51:06:468 62544 63184 1
19-07-2017-10:51:06:509 63184 63824 1
19-07-2017-10:51:06:550 63824 64464 1
19-07-2017-10:51:06:593 64464 65104 1
19-07-2017-10:51:06:633 65104 65744 1
19-07-2017-10:51:06:666 65744 66384 1
19-07-2017-10:51:06:703 66384 67024 1
19-07-2017-10:51:06:744 67024 67664 1
19-07-2017-10:51:06:791 67664 68304 1
19-07-2017-10:51:06:831 68304 68944 1
19-07-2017-10:51:06:872 68944 69584 1
19-07-2017-10:51:06:919 69584 70224 1
19-07-2017-10:51:06:947 70224 70864 1
19-07-2017-10:51:06:988 70864 71504 1
19-07-2017-10:51:07:028 71504 72144 1
19-07-2017-10:51:07:069 72144 72784 1
19-07-2017-10:51:07:115 72784 73424 1
19-07-2017-10:51:07:144 73424 74064 1
19-07-2017-10:51:07:185 74064 74704 1
19-07-2017-10:51:07:225 74704 75344 1
19-07-2017-10:51:07:265 75344 75984 1
19-07-2017-10:51:07:312 75984 76624 1
19-07-2017-10:51:07:354 76624 77264 1
19-07-2017-10:51:07:393 77264 77904 1
19-07-2017-10:51:07:422 77904 78544 1
19-07-2017-10:51:07:463 78544 79184 1
19-07-2017-10:51:07:510 79184 79824 1
19-07-2017-10:51:07:550 79824 80464 1
19-07-2017-10:51:07:590 80464 81104 1
19-07-2017-10:51:07:632 81104 81744 1
19-07-2017-10:51:07:678 81744 82384 1
19-07-2017-10:51:07:707 82384 83024 1
19-07-2017-10:51:07:746 83024 83664 1
19-07-2017-10:51:07:786 83664 84304 1
19-07-2017-10:51:07:828 84304 84944 1
19-07-2017-10:51:07:873 84944 85584 1
19-07-2017-10:51:07:903 85584 86224 1
19-07-2017-10:51:07:944 86224 86864 1
19-07-2017-10:51:07:984 86864 87504 1
19-07-2017-10:51:08:024 87504 88144 1
19-07-2017-10:51:08:070 88144 88784 1
19-07-2017-10:51:08:116 88784 89424 1
19-07-2017-10:51:08:144 89424 90064 1
19-07-2017-10:51:08:185 90064 90704 1
19-07-2017-10:51:08:227 90704 91344 1
19-07-2017-10:51:08:267 91344 91984 1
19-07-2017-10:51:08:313 91984 92624 1
19-07-2017-10:51:08:343 92624 93264 1
19-07-2017-10:51:08:383 93264 93904 1
19-07-2017-10:51:08:424 93904 94544 1
19-07-2017-10:51:08:465 94544 95184 1
19-07-2017-10:51:08:512 95184 95824 1
19-07-2017-10:51:08:551 95824 96464 1
19-07-2017-10:51:08:592 96464 97104 1
19-07-2017-10:51:08:639 97104 97744 1
19-07-2017-10:51:08:662 97744 98384 1
19-07-2017-10:51:08:709 98384 99024 1
19-07-2017-10:51:08:748 99024 99664 1
19-07-2017-10:51:08:790 99664 100304 1
19-07-2017-10:51:09:005 100304 100944 1
19-07-2017-10:51:09:006 100944 101584 1
19-07-2017-10:51:09:006 101584 102224 1
19-07-2017-10:51:09:006 102224 102864 1
19-07-2017-10:51:09:006 102864 103504 1
19-07-2017-10:51:09:030 103504 104144 1
19-07-2017-10:51:09:075 104144 104784 1
19-07-2017-10:51:09:115 104784 105424 1
19-07-2017-10:51:09:145 105424 106064 1
19-07-2017-10:51:09:185 106064 106704 1
19-07-2017-10:51:09:227 106704 107344 1
19-07-2017-10:51:09:266 107344 107984 1
19-07-2017-10:51:09:313 107984 108624 1
19-07-2017-10:51:09:353 108624 109264 1
19-07-2017-10:51:09:383 109264 109904 1
19-07-2017-10:51:09:423 109904 110544 1
19-07-2017-10:51:09:463 110544 111184 1
19-07-2017-10:51:09:509 111184 111824 1
19-07-2017-10:51:09:550 111824 112464 1
19-07-2017-10:51:09:594 112464 113104 1
19-07-2017-10:51:09:623 113104 113744 1
19-07-2017-10:51:09:664 113744 114384 1
19-07-2017-10:51:09:703 114384 115024 1
19-07-2017-10:51:09:744 115024 115664 1
19-07-2017-10:51:09:791 115664 116304 1
19-07-2017-10:51:09:831 116304 116944 1
19-07-2017-10:51:09:873 116944 117584 1
19-07-2017-10:51:09:918 117584 118224 1
19-07-2017-10:51:09:943 118224 118864 1
19-07-2017-10:51:09:989 118864 119504 1
19-07-2017-10:51:10:028 119504 120144 1
19-07-2017-10:51:10:070 120144 120784 1
19-07-2017-10:51:10:114 120784 121424 1
19-07-2017-10:51:10:156 121424 122064 1
19-07-2017-10:51:10:185 122064 122704 1
19-07-2017-10:51:10:225 122704 123344 1
19-07-2017-10:51:10:266 123344 123984 1
19-07-2017-10:51:10:308 123984 124624 1
19-07-2017-10:51:10:353 124624 125264 1
19-07-2017-10:51:10:383 125264 125904 1
19-07-2017-10:51:10:424 125904 126544 1
19-07-2017-10:51:10:464 126544 127184 1
19-07-2017-10:51:10:506 127184 127824 1
19-07-2017-10:51:10:552 127824 128464 1
19-07-2017-10:51:10:593 128464 129104 1
19-07-2017-10:51:10:633 129104 129744 1
19-07-2017-10:51:10:662 129744 130384 1
19-07-2017-10:51:10:703 130384 131024 1
19-07-2017-10:51:10:750 131024 131664 1
19-07-2017-10:51:10:791 131664 132304 1
19-07-2017-10:51:10:831 132304 132944 1
19-07-2017-10:51:10:872 132944 133584 1
19-07-2017-10:51:10:917 133584 134224 1
19-07-2017-10:51:10:946 134224 134864 1
19-07-2017-10:51:10:987 134864 135504 1
19-07-2017-10:51:11:028 135504 136144 1
19-07-2017-10:51:11:068 136144 136784 1
19-07-2017-10:51:11:112 136784 137424 1
19-07-2017-10:51:11:159 137424 138064 1
19-07-2017-10:51:11:187 138064 138704 1
19-07-2017-10:51:11:229 138704 139344 1
19-07-2017-10:51:11:268 139344 139984 1
19-07-2017-10:51:11:309 139984 140624 1
19-07-2017-10:51:11:354 140624 141264 1
19-07-2017-10:51:11:383 141264 141904 1
19-07-2017-10:51:11:423 141904 142544 1
19-07-2017-10:51:11:464 142544 143184 1
19-07-2017-10:51:11:504 143184 143824 1
19-07-2017-10:51:11:552 143824 144464 1
19-07-2017-10:51:11:592 144464 145104 1
19-07-2017-10:51:11:633 145104 145744 1
19-07-2017-10:51:11:673 145744 146384 1
19-07-2017-10:51:11:702 146384 147024 1
19-07-2017-10:51:11:748 147024 147664 1
19-07-2017-10:51:11:789 147664 148304 1
19-07-2017-10:51:11:830 148304 148944 1
19-07-2017-10:51:11:870 148944 149584 1
19-07-2017-10:51:11:917 149584 150224 1
19-07-2017-10:51:11:956 150224 150864 1
19-07-2017-10:51:12:136 150864 151504 1
19-07-2017-10:51:12:139 151504 152144 1
19-07-2017-10:51:12:139 152144 152784 1
19-07-2017-10:51:12:139 152784 153424 1
19-07-2017-10:51:12:155 153424 154064 1
19-07-2017-10:51:12:187 154064 154704 1
19-07-2017-10:51:12:225 154704 155344 1
19-07-2017-10:51:12:265 155344 155984 1
19-07-2017-10:51:12:304 155984 156624 1
19-07-2017-10:51:12:352 156624 157264 1
19-07-2017-10:51:12:393 157264 157904 1
19-07-2017-10:51:12:432 157904 158544 1
19-07-2017-10:51:12:462 158544 159184 1
19-07-2017-10:51:12:502 159184 159824 1
19-07-2017-10:51:12:544 159824 160464 1
19-07-2017-10:51:12:589 160464 161104 1
19-07-2017-10:51:12:637 161104 161744 1
19-07-2017-10:51:12:677 161744 162384 1
19-07-2017-10:51:12:706 162384 163024 1
19-07-2017-10:51:12:744 163024 163664 1
19-07-2017-10:51:12:786 163664 164304 1
19-07-2017-10:51:12:826 164304 164944 1
19-07-2017-10:51:12:874 164944 165584 1
19-07-2017-10:51:12:903 165584 166224 1
19-07-2017-10:51:12:943 166224 166864 1
19-07-2017-10:51:12:985 166864 167504 1
19-07-2017-10:51:13:031 167504 168144 1
19-07-2017-10:51:13:073 168144 168784 1
19-07-2017-10:51:13:112 168784 169424 1
19-07-2017-10:51:13:152 169424 170064 1
19-07-2017-10:51:13:198 170064 170704 1
19-07-2017-10:51:13:221 170704 171344 1
19-07-2017-10:51:13:267 171344 171984 1
19-07-2017-10:51:13:307 171984 172624 1
19-07-2017-10:51:13:349 172624 173264 1
19-07-2017-10:51:13:394 173264 173904 1
19-07-2017-10:51:13:434 173904 174544 1
19-07-2017-10:51:13:463 174544 175184 1
19-07-2017-10:51:13:505 175184 175824 1
19-07-2017-10:51:13:544 175824 176464 1
19-07-2017-10:51:13:586 176464 177104 1
19-07-2017-10:51:13:632 177104 177744 1
19-07-2017-10:51:13:674 177744 178384 1
19-07-2017-10:51:13:702 178384 179024 1
19-07-2017-10:51:13:744 179024 179664 1
19-07-2017-10:51:13:784 179664 180304 1
19-07-2017-10:51:13:830 180304 180944 1
19-07-2017-10:51:13:871 180944 181584 1
19-07-2017-10:51:13:911 181584 182224 1
19-07-2017-10:51:13:951 182224 182864 1
19-07-2017-10:51:13:997 182864 183504 1
19-07-2017-10:51:14:038 183504 184144 1
19-07-2017-10:51:14:068 184144 184784 1
19-07-2017-10:51:14:113 184784 185424 1
19-07-2017-10:51:14:142 185424 186064 1
19-07-2017-10:51:14:183 186064 186704 1
19-07-2017-10:51:14:229 186704 187344 1
19-07-2017-10:51:14:271 187344 187984 1
19-07-2017-10:51:14:311 187984 188624 1
19-07-2017-10:51:14:356 188624 189264 1
19-07-2017-10:51:14:398 189264 189904 1
19-07-2017-10:51:14:427 189904 190544 1
19-07-2017-10:51:14:467 190544 191184 1
19-07-2017-10:51:14:509 191184 191824 1
19-07-2017-10:51:14:549 191824 192464 1
19-07-2017-10:51:14:596 192464 193104 1
19-07-2017-10:51:14:624 193104 193744 1
19-07-2017-10:51:14:666 193744 194384 1
19-07-2017-10:51:14:707 194384 195024 1
19-07-2017-10:51:14:747 195024 195664 1
19-07-2017-10:51:14:792 195664 196304 1
19-07-2017-10:51:14:834 196304 196944 1
19-07-2017-10:51:14:863 196944 197584 1
19-07-2017-10:51:14:903 197584 198224 1
19-07-2017-10:51:14:945 198224 198864 1
19-07-2017-10:51:14:985 198864 199504 1
19-07-2017-10:51:15:031 199504 200144 1
19-07-2017-10:51:15:070 200144 200784 1
19-07-2017-10:51:15:112 200784 201424 1
19-07-2017-10:51:15:158 201424 202064 1
19-07-2017-10:51:15:199 202064 202704 1
19-07-2017-10:51:15:226 202704 203344 1
19-07-2017-10:51:15:268 203344 203984 1
19-07-2017-10:51:15:309 203984 204624 1
19-07-2017-10:51:15:355 204624 205264 1
19-07-2017-10:51:15:394 205264 205904 1
19-07-2017-10:51:15:422 205904 206544 1
19-07-2017-10:51:15:464 206544 207184 1
19-07-2017-10:51:15:503 207184 207824 1
19-07-2017-10:51:15:545 207824 208464 1
19-07-2017-10:51:15:591 208464 209104 1
19-07-2017-10:51:15:630 209104 209744 1
19-07-2017-10:51:15:777 209744 210384 1
19-07-2017-10:51:15:781 210384 211024 1
19-07-2017-10:51:15:782 211024 211664 1
19-07-2017-10:51:15:788 211664 212304 1
19-07-2017-10:51:15:840 212304 212944 1
19-07-2017-10:51:15:874 212944 213584 1
19-07-2017-10:51:15:915 213584 214224 1
19-07-2017-10:51:15:944 214224 214864 1
19-07-2017-10:51:15:986 214864 215504 1
19-07-2017-10:51:16:026 215504 216144 1
19-07-2017-10:51:16:073 216144 216784 1
19-07-2017-10:51:16:114 216784 217424 1
19-07-2017-10:51:16:142 217424 218064 1
19-07-2017-10:51:16:183 218064 218704 1
19-07-2017-10:51:16:223 218704 219344 1
19-07-2017-10:51:16:270 219344 219984 1
19-07-2017-10:51:16:310 219984 220624 1
19-07-2017-10:51:16:352 220624 221264 1
19-07-2017-10:51:16:392 221264 221904 1
19-07-2017-10:51:16:438 221904 222544 1
19-07-2017-10:51:16:478 222544 223184 1
19-07-2017-10:51:16:507 223184 223824 1
19-07-2017-10:51:16:547 223824 224464 1
19-07-2017-10:51:16:588 224464 225104 1
19-07-2017-10:51:16:635 225104 225744 1
19-07-2017-10:51:16:676 225744 226384 1
19-07-2017-10:51:16:705 226384 227024 1
19-07-2017-10:51:16:743 227024 227664 1
19-07-2017-10:51:16:784 227664 228304 1
19-07-2017-10:51:16:832 228304 228944 1
19-07-2017-10:51:16:873 228944 229584 1
19-07-2017-10:51:16:913 229584 230224 1
19-07-2017-10:51:16:953 230224 230864 1
19-07-2017-10:51:16:982 230864 231504 1
19-07-2017-10:51:17:028 231504 232144 1
19-07-2017-10:51:17:069 232144 232784 1
19-07-2017-10:51:17:115 232784 233424 1
19-07-2017-10:51:17:144 233424 234064 1
19-07-2017-10:51:17:183 234064 234704 1
19-07-2017-10:51:17:225 234704 235344 1
19-07-2017-10:51:17:270 235344 235984 1
19-07-2017-10:51:17:312 235984 236624 1
19-07-2017-10:51:17:351 236624 237264 1
19-07-2017-10:51:17:397 237264 237904 1
19-07-2017-10:51:17:439 237904 238544 1
19-07-2017-10:51:17:468 238544 239184 1
19-07-2017-10:51:17:509 239184 239824 1
19-07-2017-10:51:17:549 239824 240464 1
19-07-2017-10:51:17:595 240464 241104 1
19-07-2017-10:51:17:636 241104 241744 1
19-07-2017-10:51:17:666 241744 242384 1
19-07-2017-10:51:17:705 242384 243024 1
19-07-2017-10:51:17:746 243024 243664 1
19-07-2017-10:51:17:791 243664 244304 1
19-07-2017-10:51:17:833 244304 244944 1
19-07-2017-10:51:17:873 244944 245584 1
19-07-2017-10:51:17:902 245584 246224 1
19-07-2017-10:51:17:943 246224 246864 1
19-07-2017-10:51:17:983 246864 247504 1
19-07-2017-10:51:18:031 247504 248144 1
19-07-2017-10:51:18:070 248144 248784 1
19-07-2017-10:51:18:110 248784 249424 1
19-07-2017-10:51:18:152 249424 250064 1
19-07-2017-10:51:18:197 250064 250704 1
19-07-2017-10:51:18:227 250704 251344 1
19-07-2017-10:51:18:267 251344 251984 1
19-07-2017-10:51:18:309 251984 252624 1
19-07-2017-10:51:18:350 252624 253264 1
19-07-2017-10:51:18:395 253264 253904 1
19-07-2017-10:51:18:435 253904 254544 1
19-07-2017-10:51:18:466 254544 255184 1
19-07-2017-10:51:18:505 255184 255824 1
19-07-2017-10:51:18:544 255824 256464 1
19-07-2017-10:51:18:586 256464 257104 1
19-07-2017-10:51:18:627 257104 257744 1
19-07-2017-10:51:18:673 257744 258384 1
19-07-2017-10:51:18:713 258384 259024 1
19-07-2017-10:51:18:743 259024 259664 1
19-07-2017-10:51:18:784 259664 260304 1
19-07-2017-10:51:18:920 260304 260944 1
19-07-2017-10:51:18:921 260944 261584 1
19-07-2017-10:51:18:921 261584 262224 1
19-07-2017-10:51:18:952 262224 262864 1
19-07-2017-10:51:19:007 262864 263504 1
19-07-2017-10:51:19:023 263504 264144 1
19-07-2017-10:51:19:065 264144 264784 1
19-07-2017-10:51:19:110 264784 265424 1
19-07-2017-10:51:19:150 265424 266064 1
19-07-2017-10:51:19:192 266064 266704 1
19-07-2017-10:51:19:231 266704 267344 1
19-07-2017-10:51:19:278 267344 267984 1
19-07-2017-10:51:19:308 267984 268624 1
19-07-2017-10:51:19:349 268624 269264 1
19-07-2017-10:51:19:390 269264 269904 1
19-07-2017-10:51:19:429 269904 270544 1
19-07-2017-10:51:19:476 270544 271184 1
19-07-2017-10:51:19:516 271184 271824 1
19-07-2017-10:51:19:544 271824 272464 1
19-07-2017-10:51:19:586 272464 273104 1
19-07-2017-10:51:19:626 273104 273744 1
19-07-2017-10:51:19:672 273744 274384 1
19-07-2017-10:51:19:712 274384 275024 1
19-07-2017-10:51:19:753 275024 275664 1
19-07-2017-10:51:19:782 275664 276304 1
19-07-2017-10:51:19:824 276304 276944 1
19-07-2017-10:51:19:864 276944 277584 1
19-07-2017-10:51:19:909 277584 278224 1
19-07-2017-10:51:19:950 278224 278864 1
19-07-2017-10:51:19:991 278864 279504 1
19-07-2017-10:51:20:038 279504 280144 1
19-07-2017-10:51:20:076 280144 280784 1
19-07-2017-10:51:20:105 280784 281424 1
19-07-2017-10:51:20:151 281424 282064 1
19-07-2017-10:51:20:191 282064 282704 1
19-07-2017-10:51:20:230 282704 283344 1
19-07-2017-10:51:20:273 283344 283984 1
19-07-2017-10:51:20:318 283984 284624 1
19-07-2017-10:51:20:347 284624 285264 1
19-07-2017-10:51:20:389 285264 285904 1
19-07-2017-10:51:20:428 285904 286544 1
19-07-2017-10:51:20:474 286544 287184 1
19-07-2017-10:51:20:515 287184 287824 1
19-07-2017-10:51:20:544 287824 288464 1
19-07-2017-10:51:20:583 288464 289104 1
19-07-2017-10:51:20:625 289104 289744 1
19-07-2017-10:51:20:671 289744 290384 1
19-07-2017-10:51:20:712 290384 291024 1
19-07-2017-10:51:20:751 291024 291664 1
19-07-2017-10:51:20:797 291664 292304 1
19-07-2017-10:51:20:826 292304 292944 1
19-07-2017-10:51:20:867 292944 293584 1
19-07-2017-10:51:20:908 293584 294224 1
19-07-2017-10:51:20:948 294224 294864 1
19-07-2017-10:51:20:996 294864 295504 1
19-07-2017-10:51:21:024 295504 296144 1
19-07-2017-10:51:21:066 296144 296784 1
19-07-2017-10:51:21:105 296784 297424 1
19-07-2017-10:51:21:146 297424 298064 1
19-07-2017-10:51:21:192 298064 298704 1
19-07-2017-10:51:21:233 298704 299344 1
19-07-2017-10:51:21:265 299344 299984 1
19-07-2017-10:51:21:303 299984 300624 1
19-07-2017-10:51:21:343 300624 301264 1
19-07-2017-10:51:21:390 301264 301904 1
19-07-2017-10:51:21:430 301904 302544 1
19-07-2017-10:51:21:471 302544 303184 1
19-07-2017-10:51:21:512 303184 303824 1
19-07-2017-10:51:21:559 303824 304464 1
19-07-2017-10:51:21:587 304464 305104 1
19-07-2017-10:51:21:626 305104 305744 1
19-07-2017-10:51:21:673 305744 306384 1
19-07-2017-10:51:21:713 306384 307024 1
19-07-2017-10:51:21:743 307024 307664 1
19-07-2017-10:51:21:784 307664 308304 1
19-07-2017-10:51:21:822 308304 308944 1
19-07-2017-10:51:21:869 308944 309584 1
19-07-2017-10:51:21:911 309584 310224 1
19-07-2017-10:51:21:950 310224 310864 1
19-07-2017-10:51:22:299 310864 311504 1
19-07-2017-10:51:22:300 311504 312144 1
19-07-2017-10:51:22:300 312144 312784 1
19-07-2017-10:51:22:300 312784 313424 1
19-07-2017-10:51:22:300 313424 314064 1
19-07-2017-10:51:22:300 314064 314704 1
19-07-2017-10:51:22:300 314704 315344 1
19-07-2017-10:51:22:301 315344 315984 1
19-07-2017-10:51:22:305 315984 316624 1
19-07-2017-10:51:22:345 316624 317264 1
19-07-2017-10:51:22:385 317264 317904 1
19-07-2017-10:51:22:431 317904 318544 1
19-07-2017-10:51:22:472 318544 319184 1
19-07-2017-10:51:22:514 319184 319824 1
19-07-2017-10:51:22:543 319824 320464 1
19-07-2017-10:51:22:583 320464 321104 1
19-07-2017-10:51:22:628 321104 321744 1
19-07-2017-10:51:22:671 321744 322384 1
19-07-2017-10:51:22:710 322384 323024 1
19-07-2017-10:51:22:752 323024 323664 1
19-07-2017-10:51:22:796 323664 324304 1
19-07-2017-10:51:22:825 324304 324944 1
19-07-2017-10:51:22:867 324944 325584 1
19-07-2017-10:51:22:908 325584 326224 1
19-07-2017-10:51:22:947 326224 326864 1
19-07-2017-10:51:22:994 326864 327504 1
19-07-2017-10:51:23:025 327504 328144 1
19-07-2017-10:51:23:064 328144 328784 1
19-07-2017-10:51:23:116 328784 329424 1
19-07-2017-10:51:23:146 329424 330064 1
19-07-2017-10:51:23:186 330064 330704 1
19-07-2017-10:51:23:226 330704 331344 1
19-07-2017-10:51:23:266 331344 331984 1
19-07-2017-10:51:23:313 331984 332624 1
19-07-2017-10:51:23:352 332624 333264 1
19-07-2017-10:51:23:381 333264 333904 1
19-07-2017-10:51:23:422 333904 334544 1
19-07-2017-10:51:23:463 334544 335184 1
19-07-2017-10:51:23:508 335184 335824 1
19-07-2017-10:51:23:551 335824 336464 1
19-07-2017-10:51:23:590 336464 337104 1
19-07-2017-10:51:23:636 337104 337744 1
19-07-2017-10:51:23:678 337744 338384 1
19-07-2017-10:51:23:706 338384 339024 1
19-07-2017-10:51:23:747 339024 339664 1
19-07-2017-10:51:23:792 339664 340304 1
19-07-2017-10:51:23:829 340304 340944 1
19-07-2017-10:51:23:875 340944 341584 1
19-07-2017-10:51:23:904 341584 342224 1
19-07-2017-10:51:23:946 342224 342864 1
19-07-2017-10:51:23:985 342864 343504 1
19-07-2017-10:51:24:027 343504 344144 1
19-07-2017-10:51:24:072 344144 344784 1
19-07-2017-10:51:24:102 344784 345424 1
19-07-2017-10:51:24:143 345424 346064 1
19-07-2017-10:51:24:184 346064 346704 1
19-07-2017-10:51:24:224 346704 347344 1
19-07-2017-10:51:24:271 347344 347984 1
19-07-2017-10:51:24:311 347984 348624 1
19-07-2017-10:51:24:353 348624 349264 1
19-07-2017-10:51:24:383 349264 349904 1
19-07-2017-10:51:24:422 349904 350544 1
19-07-2017-10:51:24:462 350544 351184 1
19-07-2017-10:51:24:509 351184 351824 1
19-07-2017-10:51:24:549 351824 352464 1
19-07-2017-10:51:24:589 352464 353104 1
19-07-2017-10:51:24:631 353104 353744 1
19-07-2017-10:51:24:672 353744 354384 1
19-07-2017-10:51:24:719 354384 355024 1
19-07-2017-10:51:24:746 355024 355664 1
19-07-2017-10:51:24:786 355664 356304 1
19-07-2017-10:51:24:828 356304 356944 1
19-07-2017-10:51:24:868 356944 357584 1
19-07-2017-10:51:24:916 357584 358224 1
19-07-2017-10:51:24:956 358224 358864 1
19-07-2017-10:51:24:986 358864 359504 1
19-07-2017-10:51:25:026 359504 360144 1
19-07-2017-10:51:25:066 360144 360784 1
19-07-2017-10:51:25:114 360784 361424 1
19-07-2017-10:51:25:360 361424 362064 1
19-07-2017-10:51:25:362 362064 362704 1
19-07-2017-10:51:25:362 362704 363344 1
19-07-2017-10:51:25:362 363344 363984 1
19-07-2017-10:51:25:362 363984 364624 1
19-07-2017-10:51:25:362 364624 365264 1
19-07-2017-10:51:25:391 365264 365904 1
19-07-2017-10:51:25:432 365904 366544 1
19-07-2017-10:51:25:479 366544 367184 1
19-07-2017-10:51:25:502 367184 367824 1
19-07-2017-10:51:25:548 367824 368464 1
19-07-2017-10:51:25:589 368464 369104 1
19-07-2017-10:51:25:628 369104 369744 1
19-07-2017-10:51:25:674 369744 370384 1
19-07-2017-10:51:25:716 370384 371024 1
19-07-2017-10:51:25:745 371024 371664 1
19-07-2017-10:51:25:784 371664 372304 1
19-07-2017-10:51:25:824 372304 372944 1
19-07-2017-10:51:25:867 372944 373584 1
19-07-2017-10:51:25:913 373584 374224 1
19-07-2017-10:51:25:951 374224 374864 1
19-07-2017-10:51:25:994 374864 375504 1
19-07-2017-10:51:26:022 375504 376144 1
19-07-2017-10:51:26:064 376144 376784 1
19-07-2017-10:51:26:103 376784 377424 1
19-07-2017-10:51:26:144 377424 378064 1
19-07-2017-10:51:26:189 378064 378704 1
19-07-2017-10:51:26:232 378704 379344 1
19-07-2017-10:51:26:271 379344 379984 1
19-07-2017-10:51:26:318 379984 380624 1
19-07-2017-10:51:26:342 380624 381264 1
19-07-2017-10:51:26:388 381264 381904 1
19-07-2017-10:51:26:428 381904 382544 1
19-07-2017-10:51:26:469 382544 383184 1
19-07-2017-10:51:26:509 383184 383824 1
19-07-2017-10:51:26:555 383824 384464 1
19-07-2017-10:51:26:584 384464 385104 1
19-07-2017-10:51:26:626 385104 385744 1
19-07-2017-10:51:26:665 385744 386384 1
19-07-2017-10:51:26:706 386384 387024 1
19-07-2017-10:51:26:753 387024 387664 1
19-07-2017-10:51:26:793 387664 388304 1
19-07-2017-10:51:26:823 388304 388944 1
19-07-2017-10:51:26:865 388944 389584 1
19-07-2017-10:51:26:905 389584 390224 1
19-07-2017-10:51:26:948 390224 390864 1
19-07-2017-10:51:26:990 390864 391504 1
19-07-2017-10:51:27:031 391504 392144 1
19-07-2017-10:51:27:071 392144 392784 1
19-07-2017-10:51:27:118 392784 393424 1
19-07-2017-10:51:27:146 393424 394064 1
19-07-2017-10:51:27:186 394064 394704 1
19-07-2017-10:51:27:228 394704 395344 1
19-07-2017-10:51:27:268 395344 395984 1
19-07-2017-10:51:27:314 395984 396624 1
19-07-2017-10:51:27:344 396624 397264 1
19-07-2017-10:51:27:386 397264 397904 1
19-07-2017-10:51:27:427 397904 398544 1
19-07-2017-10:51:27:466 398544 399184 1
19-07-2017-10:51:27:513 399184 399824 1
19-07-2017-10:51:27:553 399824 400464 1
19-07-2017-10:51:27:598 400464 401104 1
19-07-2017-10:51:27:627 401104 401744 1
19-07-2017-10:51:27:666 401744 402384 1
19-07-2017-10:51:27:707 402384 403024 1
19-07-2017-10:51:27:747 403024 403664 1
19-07-2017-10:51:27:794 403664 404304 1
19-07-2017-10:51:27:823 404304 404944 1
19-07-2017-10:51:27:864 404944 405584 1
19-07-2017-10:51:27:904 405584 406224 1
19-07-2017-10:51:27:944 406224 406864 1
19-07-2017-10:51:27:991 406864 407504 1
19-07-2017-10:51:28:032 407504 408144 1
19-07-2017-10:51:28:073 408144 408784 1
19-07-2017-10:51:28:102 408784 409424 1
19-07-2017-10:51:28:142 409424 410064 1
19-07-2017-10:51:28:189 410064 410704 1
19-07-2017-10:51:28:229 410704 411344 1
19-07-2017-10:51:28:270 411344 411984 1
19-07-2017-10:51:28:494 411984 412624 1
19-07-2017-10:51:28:496 412624 413264 1
19-07-2017-10:51:28:496 413264 413904 1
19-07-2017-10:51:28:496 413904 414544 1
19-07-2017-10:51:28:496 414544 415184 1
19-07-2017-10:51:28:509 415184 415824 1
19-07-2017-10:51:28:554 415824 416464 1
19-07-2017-10:51:28:595 416464 417104 1
19-07-2017-10:51:28:626 417104 417744 1
19-07-2017-10:51:28:664 417744 418384 1
19-07-2017-10:51:28:708 418384 419024 1
19-07-2017-10:51:28:746 419024 419664 1
19-07-2017-10:51:28:791 419664 420304 1
19-07-2017-10:51:28:833 420304 420944 1
19-07-2017-10:51:28:872 420944 421584 1
19-07-2017-10:51:28:904 421584 422224 1
19-07-2017-10:51:28:941 422224 422864 1
19-07-2017-10:51:28:989 422864 423504 1
19-07-2017-10:51:29:031 423504 424144 1
19-07-2017-10:51:29:069 424144 424784 1
19-07-2017-10:51:29:103 424784 425424 1
19-07-2017-10:51:29:144 425424 426064 1
19-07-2017-10:51:29:185 426064 426704 1
19-07-2017-10:51:29:224 426704 427344 1
19-07-2017-10:51:29:272 427344 427984 1
19-07-2017-10:51:29:311 427984 428624 1
19-07-2017-10:51:29:353 428624 429264 1
19-07-2017-10:51:29:383 429264 429904 1
19-07-2017-10:51:29:422 429904 430544 1
19-07-2017-10:51:29:470 430544 431184 1
19-07-2017-10:51:29:507 431184 431824 1
19-07-2017-10:51:29:549 431824 432464 1
19-07-2017-10:51:29:590 432464 433104 1
19-07-2017-10:51:29:635 433104 433744 1
19-07-2017-10:51:29:665 433744 434384 1
19-07-2017-10:51:29:706 434384 435024 1
19-07-2017-10:51:29:746 435024 435664 1
19-07-2017-10:51:29:787 435664 436304 1
19-07-2017-10:51:29:832 436304 436944 1
19-07-2017-10:51:29:874 436944 437584 1
19-07-2017-10:51:29:903 437584 438224 1
19-07-2017-10:51:29:943 438224 438864 1
19-07-2017-10:51:29:982 438864 439504 1
19-07-2017-10:51:30:023 439504 440144 1
19-07-2017-10:51:30:070 440144 440784 1
19-07-2017-10:51:30:109 440784 441424 1
19-07-2017-10:51:30:151 441424 442064 1
19-07-2017-10:51:30:195 442064 442704 1
19-07-2017-10:51:30:238 442704 443344 1
19-07-2017-10:51:30:267 443344 443984 1
19-07-2017-10:51:30:308 443984 444624 1
19-07-2017-10:51:30:349 444624 445264 1
19-07-2017-10:51:30:387 445264 445904 1
19-07-2017-10:51:30:433 445904 446544 1
19-07-2017-10:51:30:475 446544 447184 1
19-07-2017-10:51:30:504 447184 447824 1
19-07-2017-10:51:30:544 447824 448464 1
19-07-2017-10:51:30:586 448464 449104 1
19-07-2017-10:51:30:626 449104 449744 1
19-07-2017-10:51:30:666 449744 450384 1
19-07-2017-10:51:30:713 450384 451024 1
19-07-2017-10:51:30:754 451024 451664 1
19-07-2017-10:51:30:782 451664 452304 1
19-07-2017-10:51:30:822 452304 452944 1
19-07-2017-10:51:30:864 452944 453584 1
19-07-2017-10:51:30:904 453584 454224 1
19-07-2017-10:51:30:952 454224 454864 1
19-07-2017-10:51:30:992 454864 455504 1
19-07-2017-10:51:31:032 455504 456144 1
19-07-2017-10:51:31:072 456144 456784 1
19-07-2017-10:51:31:101 456784 457424 1
19-07-2017-10:51:31:147 457424 458064 1
19-07-2017-10:51:31:188 458064 458704 1
19-07-2017-10:51:31:228 458704 459344 1
19-07-2017-10:51:31:269 459344 459984 1
19-07-2017-10:51:31:388 459984 460624 1
19-07-2017-10:51:31:389 460624 461264 1
19-07-2017-10:51:31:390 461264 461904 1
19-07-2017-10:51:31:426 461904 462544 1
19-07-2017-10:51:31:467 462544 463184 1
19-07-2017-10:51:31:506 463184 463824 1
19-07-2017-10:51:31:553 463824 464464 1
19-07-2017-10:51:31:592 464464 465104 1
19-07-2017-10:51:31:623 465104 465744 1
19-07-2017-10:51:31:662 465744 466384 1
19-07-2017-10:51:31:704 466384 467024 1
19-07-2017-10:51:31:750 467024 467664 1
19-07-2017-10:51:31:791 467664 468304 1
19-07-2017-10:51:31:831 468304 468944 1
19-07-2017-10:51:31:877 468944 469584 1
19-07-2017-10:51:31:919 469584 470224 1
19-07-2017-10:51:31:947 470224 470864 1
19-07-2017-10:51:31:988 470864 471504 1
19-07-2017-10:51:32:028 471504 472144 1
19-07-2017-10:51:32:073 472144 472784 1
19-07-2017-10:51:32:108 472784 473424 1
19-07-2017-10:51:32:154 473424 474064 1
19-07-2017-10:51:32:184 474064 474704 1
19-07-2017-10:51:32:225 474704 475344 1
19-07-2017-10:51:32:265 475344 475984 1
19-07-2017-10:51:32:307 475984 476624 1
19-07-2017-10:51:32:352 476624 477264 1
19-07-2017-10:51:32:391 477264 477904 1
19-07-2017-10:51:32:434 477904 478544 1
19-07-2017-10:51:32:462 478544 479184 1
19-07-2017-10:51:32:502 479184 479824 1
19-07-2017-10:51:32:548 479824 480464 1
19-07-2017-10:51:32:588 480464 481104 1
19-07-2017-10:51:32:631 481104 481744 1
19-07-2017-10:51:32:671 481744 482384 1
19-07-2017-10:51:32:715 482384 483024 1
19-07-2017-10:51:32:745 483024 483664 1
19-07-2017-10:51:32:792 483664 484304 1
19-07-2017-10:51:32:826 484304 484944 1
19-07-2017-10:51:32:868 484944 485584 1
19-07-2017-10:51:32:912 485584 486224 1
19-07-2017-10:51:32:954 486224 486864 1
19-07-2017-10:51:32:981 486864 487504 1
19-07-2017-10:51:33:024 487504 488144 1
19-07-2017-10:51:33:063 488144 488784 1
19-07-2017-10:51:33:109 488784 489424 1
19-07-2017-10:51:33:151 489424 490064 1
19-07-2017-10:51:33:191 490064 490704 1
19-07-2017-10:51:33:231 490704 491344 1
19-07-2017-10:51:33:279 491344 491984 1
19-07-2017-10:51:33:307 491984 492624 1
19-07-2017-10:51:33:347 492624 493264 1
19-07-2017-10:51:33:388 493264 493904 1
19-07-2017-10:51:33:428 493904 494544 1
19-07-2017-10:51:33:474 494544 495184 1
19-07-2017-10:51:33:515 495184 495824 1
19-07-2017-10:51:33:544 495824 496464 1
19-07-2017-10:51:33:589 496464 497104 1
19-07-2017-10:51:33:630 497104 497744 1
19-07-2017-10:51:33:670 497744 498384 1
19-07-2017-10:51:33:709 498384 499024 1
19-07-2017-10:51:33:750 499024 499664 1
19-07-2017-10:51:33:797 499664 500304 1
19-07-2017-10:51:33:825 500304 500944 1
19-07-2017-10:51:33:867 500944 501584 1
19-07-2017-10:51:33:907 501584 502224 1
19-07-2017-10:51:33:948 502224 502864 1
19-07-2017-10:51:33:995 502864 503504 1
19-07-2017-10:51:34:023 503504 504144 1
19-07-2017-10:51:34:063 504144 504784 1
19-07-2017-10:51:34:103 504784 505424 1
19-07-2017-10:51:34:145 505424 506064 1
19-07-2017-10:51:34:193 506064 506704 1
19-07-2017-10:51:34:236 506704 507344 1
19-07-2017-10:51:34:274 507344 507984 1
19-07-2017-10:51:34:302 507984 508624 1
19-07-2017-10:51:34:342 508624 509264 1
19-07-2017-10:51:34:382 509264 509904 1
19-07-2017-10:51:34:429 509904 510544 1
19-07-2017-10:51:34:658 510544 511184 1
19-07-2017-10:51:34:659 511184 511824 1
19-07-2017-10:51:34:659 511824 512464 1
19-07-2017-10:51:34:659 512464 513104 1
19-07-2017-10:51:34:659 513104 513744 1
19-07-2017-10:51:34:666 513744 514384 1
19-07-2017-10:51:34:706 514384 515024 1
19-07-2017-10:51:34:747 515024 515664 1
19-07-2017-10:51:34:788 515664 516304 1
19-07-2017-10:51:34:834 516304 516944 1
19-07-2017-10:51:34:863 516944 517584 1
19-07-2017-10:51:34:905 517584 518224 1
19-07-2017-10:51:34:945 518224 518864 1
19-07-2017-10:51:34:985 518864 519504 1
19-07-2017-10:51:35:032 519504 520144 1
19-07-2017-10:51:35:072 520144 520784 1
19-07-2017-10:51:35:118 520784 521424 1
19-07-2017-10:51:35:148 521424 522064 1
19-07-2017-10:51:35:187 522064 522704 1
19-07-2017-10:51:35:227 522704 523344 1
19-07-2017-10:51:35:268 523344 523984 1
19-07-2017-10:51:35:314 523984 524624 1
19-07-2017-10:51:35:344 524624 525264 1
19-07-2017-10:51:35:383 525264 525904 1
19-07-2017-10:51:35:425 525904 526544 1
19-07-2017-10:51:35:465 526544 527184 1
19-07-2017-10:51:35:512 527184 527824 1
19-07-2017-10:51:35:551 527824 528464 1
19-07-2017-10:51:35:593 528464 529104 1
19-07-2017-10:51:35:622 529104 529744 1
19-07-2017-10:51:35:664 529744 530384 1
19-07-2017-10:51:35:703 530384 531024 1
19-07-2017-10:51:35:750 531024 531664 1
19-07-2017-10:51:35:789 531664 532304 1
19-07-2017-10:51:35:831 532304 532944 1
19-07-2017-10:51:35:871 532944 533584 1
19-07-2017-10:51:35:918 533584 534224 1
19-07-2017-10:51:35:958 534224 534864 1
19-07-2017-10:51:35:987 534864 535504 1
19-07-2017-10:51:36:027 535504 536144 1
19-07-2017-10:51:36:069 536144 536784 1
19-07-2017-10:51:36:109 536784 537424 1
19-07-2017-10:51:36:156 537424 538064 1
19-07-2017-10:51:36:185 538064 538704 1
19-07-2017-10:51:36:225 538704 539344 1
19-07-2017-10:51:36:266 539344 539984 1
19-07-2017-10:51:36:308 539984 540624 1
19-07-2017-10:51:36:355 540624 541264 1
19-07-2017-10:51:36:395 541264 541904 1
19-07-2017-10:51:36:424 541904 542544 1
19-07-2017-10:51:36:466 542544 543184 1
19-07-2017-10:51:36:505 543184 543824 1
19-07-2017-10:51:36:552 543824 544464 1
19-07-2017-10:51:36:589 544464 545104 1
19-07-2017-10:51:36:633 545104 545744 1
19-07-2017-10:51:36:672 545744 546384 1
19-07-2017-10:51:36:713 546384 547024 1
19-07-2017-10:51:36:751 547024 547664 1
19-07-2017-10:51:36:798 547664 548304 1
19-07-2017-10:51:36:828 548304 548944 1
19-07-2017-10:51:36:868 548944 549584 1
19-07-2017-10:51:36:909 549584 550224 1
19-07-2017-10:51:36:950 550224 550864 1
19-07-2017-10:51:36:995 550864 551504 1
19-07-2017-10:51:37:035 551504 552144 1
19-07-2017-10:51:37:064 552144 552784 1
19-07-2017-10:51:37:105 552784 553424 1
19-07-2017-10:51:37:145 553424 554064 1
19-07-2017-10:51:37:186 554064 554704 1
19-07-2017-10:51:37:234 554704 555344 1
19-07-2017-10:51:37:262 555344 555984 1
19-07-2017-10:51:37:302 555984 556624 1
19-07-2017-10:51:37:344 556624 557264 1
19-07-2017-10:51:37:385 557264 557904 1
19-07-2017-10:51:37:432 557904 558544 1
19-07-2017-10:51:37:471 558544 559184 1
19-07-2017-10:51:37:512 559184 559824 1
19-07-2017-10:51:37:542 559824 560464 1
19-07-2017-10:51:37:582 560464 561104 1
19-07-2017-10:51:37:711 561104 561744 1
19-07-2017-10:51:37:712 561744 562384 1
19-07-2017-10:51:37:712 562384 563024 1
19-07-2017-10:51:37:750 563024 563664 1
19-07-2017-10:51:37:792 563664 564304 1
19-07-2017-10:51:37:839 564304 564944 1
19-07-2017-10:51:37:866 564944 565584 1
19-07-2017-10:51:37:908 565584 566224 1
19-07-2017-10:51:37:949 566224 566864 1
19-07-2017-10:51:37:990 566864 567504 1
19-07-2017-10:51:38:035 567504 568144 1
19-07-2017-10:51:38:075 568144 568784 1
19-07-2017-10:51:38:116 568784 569424 1
19-07-2017-10:51:38:145 569424 570064 1
19-07-2017-10:51:38:186 570064 570704 1
19-07-2017-10:51:38:225 570704 571344 1
19-07-2017-10:51:38:273 571344 571984 1
19-07-2017-10:51:38:313 571984 572624 1
19-07-2017-10:51:38:343 572624 573264 1
19-07-2017-10:51:38:383 573264 573904 1
19-07-2017-10:51:38:423 573904 574544 1
19-07-2017-10:51:38:471 574544 575184 1
19-07-2017-10:51:38:511 575184 575824 1
19-07-2017-10:51:38:553 575824 576464 1
19-07-2017-10:51:38:592 576464 577104 1
19-07-2017-10:51:38:639 577104 577744 1
19-07-2017-10:51:38:666 577744 578384 1
19-07-2017-10:51:38:707 578384 579024 1
19-07-2017-10:51:38:747 579024 579664 1
19-07-2017-10:51:38:788 579664 580304 1
19-07-2017-10:51:38:836 580304 580944 1
19-07-2017-10:51:38:864 580944 581584 1
19-07-2017-10:51:38:903 581584 582224 1
19-07-2017-10:51:38:944 582224 582864 1
19-07-2017-10:51:38:985 582864 583504 1
19-07-2017-10:51:39:030 583504 584144 1
19-07-2017-10:51:39:073 584144 584784 1
19-07-2017-10:51:39:112 584784 585424 1
19-07-2017-10:51:39:142 585424 586064 1
19-07-2017-10:51:39:183 586064 586704 1
19-07-2017-10:51:39:229 586704 587344 1
19-07-2017-10:51:39:269 587344 587984 1
19-07-2017-10:51:39:310 587984 588624 1
19-07-2017-10:51:39:350 588624 589264 1
19-07-2017-10:51:39:397 589264 589904 1
19-07-2017-10:51:39:437 589904 590544 1
19-07-2017-10:51:39:470 590544 591184 1
19-07-2017-10:51:39:506 591184 591824 1
19-07-2017-10:51:39:547 591824 592464 1
19-07-2017-10:51:39:588 592464 593104 1
19-07-2017-10:51:39:629 593104 593744 1
19-07-2017-10:51:39:675 593744 594384 1
19-07-2017-10:51:39:716 594384 595024 1
19-07-2017-10:51:39:744 595024 595664 1
19-07-2017-10:51:39:786 595664 596304 1
19-07-2017-10:51:39:826 596304 596944 1
19-07-2017-10:51:39:868 596944 597584 1
19-07-2017-10:51:39:914 597584 598224 1
19-07-2017-10:51:39:942 598224 598864 1
19-07-2017-10:51:39:984 598864 599504 1
19-07-2017-10:51:40:025 599504 600144 1
19-07-2017-10:51:40:065 600144 600784 1
19-07-2017-10:51:40:112 600784 601424 1
19-07-2017-10:51:40:152 601424 602064 1
19-07-2017-10:51:40:194 602064 602704 1
19-07-2017-10:51:40:223 602704 603344 1
19-07-2017-10:51:40:263 603344 603984 1
19-07-2017-10:51:40:303 603984 604624 1
19-07-2017-10:51:40:350 604624 605264 1
19-07-2017-10:51:40:390 605264 605904 1
19-07-2017-10:51:40:431 605904 606544 1
19-07-2017-10:51:40:473 606544 607184 1
19-07-2017-10:51:40:501 607184 607824 1
19-07-2017-10:51:40:548 607824 608464 1
19-07-2017-10:51:40:590 608464 609104 1
19-07-2017-10:51:40:631 609104 609744 1
19-07-2017-10:51:40:669 609744 610384 1
19-07-2017-10:51:40:715 610384 611024 1
19-07-2017-10:51:40:757 611024 611664 1
19-07-2017-10:51:40:941 611664 612304 1
19-07-2017-10:51:40:942 612304 612944 1
19-07-2017-10:51:40:942 612944 613584 1
19-07-2017-10:51:40:943 613584 614224 1
19-07-2017-10:51:40:954 614224 614864 1
19-07-2017-10:51:40:983 614864 615504 1
19-07-2017-10:51:41:023 615504 616144 1
19-07-2017-10:51:41:062 616144 616784 1
19-07-2017-10:51:41:104 616784 617424 1
19-07-2017-10:51:41:144 617424 618064 1
19-07-2017-10:51:41:189 618064 618704 1
19-07-2017-10:51:41:229 618704 619344 1
19-07-2017-10:51:41:271 619344 619984 1
19-07-2017-10:51:41:311 619984 620624 1
19-07-2017-10:51:41:358 620624 621264 1
19-07-2017-10:51:41:387 621264 621904 1
19-07-2017-10:51:41:427 621904 622544 1
19-07-2017-10:51:41:467 622544 623184 1
19-07-2017-10:51:41:507 623184 623824 1
19-07-2017-10:51:41:554 623824 624464 1
19-07-2017-10:51:41:581 624464 625104 1
19-07-2017-10:51:41:623 625104 625744 1
19-07-2017-10:51:41:663 625744 626384 1
19-07-2017-10:51:41:703 626384 627024 1
19-07-2017-10:51:41:751 627024 627664 1
19-07-2017-10:51:41:792 627664 628304 1
19-07-2017-10:51:41:832 628304 628944 1
19-07-2017-10:51:41:862 628944 629584 1
19-07-2017-10:51:41:903 629584 630224 1
19-07-2017-10:51:41:948 630224 630864 1
19-07-2017-10:51:41:990 630864 631504 1
19-07-2017-10:51:42:028 631504 632144 1
19-07-2017-10:51:42:068 632144 632784 1
19-07-2017-10:51:42:116 632784 633424 1
19-07-2017-10:51:42:144 633424 634064 1
19-07-2017-10:51:42:185 634064 634704 1
19-07-2017-10:51:42:226 634704 635344 1
19-07-2017-10:51:42:266 635344 635984 1
19-07-2017-10:51:42:312 635984 636624 1
19-07-2017-10:51:42:352 636624 637264 1
19-07-2017-10:51:42:382 637264 637904 1
19-07-2017-10:51:42:422 637904 638544 1
19-07-2017-10:51:42:463 638544 639184 1
19-07-2017-10:51:42:510 639184 639824 1
19-07-2017-10:51:42:551 639824 640464 1
19-07-2017-10:51:42:591 640464 641104 1
19-07-2017-10:51:42:632 641104 641744 1
19-07-2017-10:51:42:673 641744 642384 1
19-07-2017-10:51:42:701 642384 643024 1
19-07-2017-10:51:42:743 643024 643664 1
19-07-2017-10:51:42:788 643664 644304 1
19-07-2017-10:51:42:830 644304 644944 1
19-07-2017-10:51:42:869 644944 645584 1
19-07-2017-10:51:42:910 645584 646224 1
19-07-2017-10:51:42:957 646224 646864 1
19-07-2017-10:51:42:985 646864 647504 1
19-07-2017-10:51:43:026 647504 648144 1
19-07-2017-10:51:43:066 648144 648784 1
19-07-2017-10:51:43:107 648784 649424 1
19-07-2017-10:51:43:153 649424 650064 1
19-07-2017-10:51:43:194 650064 650704 1
19-07-2017-10:51:43:223 650704 651344 1
19-07-2017-10:51:43:263 651344 651984 1
19-07-2017-10:51:43:303 651984 652624 1
19-07-2017-10:51:43:345 652624 653264 1
19-07-2017-10:51:43:390 653264 653904 1
19-07-2017-10:51:43:432 653904 654544 1
19-07-2017-10:51:43:473 654544 655184 1
19-07-2017-10:51:43:502 655184 655824 1
19-07-2017-10:51:43:542 655824 656464 1
19-07-2017-10:51:43:588 656464 657104 1
19-07-2017-10:51:43:629 657104 657744 1
19-07-2017-10:51:43:669 657744 658384 1
19-07-2017-10:51:43:710 658384 659024 1
19-07-2017-10:51:43:756 659024 659664 1
19-07-2017-10:51:43:796 659664 660304 1
19-07-2017-10:51:43:825 660304 660944 1
19-07-2017-10:51:43:867 660944 661584 1
19-07-2017-10:51:43:907 661584 662224 1
19-07-2017-10:51:44:045 662224 662864 1
19-07-2017-10:51:44:047 662864 663504 1
19-07-2017-10:51:44:048 663504 664144 1
19-07-2017-10:51:44:063 664144 664784 1
19-07-2017-10:51:44:102 664784 665424 1
19-07-2017-10:51:44:144 665424 666064 1
19-07-2017-10:51:44:184 666064 666704 1
19-07-2017-10:51:44:231 666704 667344 1
19-07-2017-10:51:44:271 667344 667984 1
19-07-2017-10:51:44:313 667984 668624 1
19-07-2017-10:51:44:341 668624 669264 1
19-07-2017-10:51:44:387 669264 669904 1
19-07-2017-10:51:44:426 669904 670544 1
19-07-2017-10:51:44:467 670544 671184 1
19-07-2017-10:51:44:509 671184 671824 1
19-07-2017-10:51:44:554 671824 672464 1
19-07-2017-10:51:44:596 672464 673104 1
19-07-2017-10:51:44:625 673104 673744 1
19-07-2017-10:51:44:664 673744 674384 1
19-07-2017-10:51:44:706 674384 675024 1
19-07-2017-10:51:44:751 675024 675664 1
19-07-2017-10:51:44:792 675664 676304 1
19-07-2017-10:51:44:822 676304 676944 1
19-07-2017-10:51:44:863 676944 677584 1
19-07-2017-10:51:44:904 677584 678224 1
19-07-2017-10:51:44:949 678224 678864 1
19-07-2017-10:51:44:990 678864 679504 1
19-07-2017-10:51:45:030 679504 680144 1
19-07-2017-10:51:45:071 680144 680784 1
19-07-2017-10:51:45:117 680784 681424 1
19-07-2017-10:51:45:146 681424 682064 1
19-07-2017-10:51:45:186 682064 682704 1
19-07-2017-10:51:45:227 682704 683344 1
19-07-2017-10:51:45:269 683344 683984 1
19-07-2017-10:51:45:314 683984 684624 1
19-07-2017-10:51:45:356 684624 685264 1
19-07-2017-10:51:45:385 685264 685904 1
19-07-2017-10:51:45:425 685904 686544 1
19-07-2017-10:51:45:466 686544 687184 1
19-07-2017-10:51:45:506 687184 687824 1
19-07-2017-10:51:45:553 687824 688464 1
19-07-2017-10:51:45:581 688464 689104 1
19-07-2017-10:51:45:627 689104 689744 1
19-07-2017-10:51:45:668 689744 690384 1
19-07-2017-10:51:45:709 690384 691024 1
19-07-2017-10:51:45:749 691024 691664 1
19-07-2017-10:51:45:795 691664 692304 1
19-07-2017-10:51:45:837 692304 692944 1
19-07-2017-10:51:45:865 692944 693584 1
19-07-2017-10:51:45:906 693584 694224 1
19-07-2017-10:51:45:948 694224 694864 1
19-07-2017-10:51:45:988 694864 695504 1
19-07-2017-10:51:46:034 695504 696144 1
19-07-2017-10:51:46:062 696144 696784 1
19-07-2017-10:51:46:103 696784 697424 1
19-07-2017-10:51:46:145 697424 698064 1
19-07-2017-10:51:46:185 698064 698704 1
19-07-2017-10:51:46:232 698704 699344 1
19-07-2017-10:51:46:274 699344 699984 1
19-07-2017-10:51:46:312 699984 700624 1
19-07-2017-10:51:46:355 700624 701264 1
19-07-2017-10:51:46:382 701264 701904 1
19-07-2017-10:51:46:428 701904 702544 1
19-07-2017-10:51:46:469 702544 703184 1
19-07-2017-10:51:46:507 703184 703824 1
19-07-2017-10:51:46:549 703824 704464 1
19-07-2017-10:51:46:594 704464 705104 1
19-07-2017-10:51:46:636 705104 705744 1
19-07-2017-10:51:46:665 705744 706384 1
19-07-2017-10:51:46:706 706384 707024 1
19-07-2017-10:51:46:746 707024 707664 1
19-07-2017-10:51:46:791 707664 708304 1
19-07-2017-10:51:46:833 708304 708944 1
19-07-2017-10:51:46:861 708944 709584 1
19-07-2017-10:51:46:902 709584 710224 1
19-07-2017-10:51:46:942 710224 710864 1
19-07-2017-10:51:46:983 710864 711504 1
19-07-2017-10:51:47:029 711504 712144 1
19-07-2017-10:51:47:071 712144 712784 1
