19-07-2017-09:58:32:948 0 736 1
19-07-2017-09:58:32:987 736 1472 1
19-07-2017-09:58:33:034 1472 2208 1
19-07-2017-09:58:33:076 2208 2944 1
19-07-2017-09:58:33:128 2944 3680 1
19-07-2017-09:58:33:174 3680 4416 1
19-07-2017-09:58:33:221 4416 5152 1
19-07-2017-09:58:33:266 5152 5888 1
19-07-2017-09:58:33:308 5888 6624 1
19-07-2017-09:58:33:359 6624 7328 1
19-07-2017-09:58:33:396 7328 8032 1
19-07-2017-09:58:33:447 8032 8736 1
19-07-2017-09:58:33:488 8736 9440 1
19-07-2017-09:58:33:533 9440 10144 1
19-07-2017-09:58:33:579 10144 10848 1
19-07-2017-09:58:33:619 10848 11552 1
19-07-2017-09:58:33:663 11552 12256 1
19-07-2017-09:58:33:702 12256 12960 1
19-07-2017-09:58:33:754 12960 13664 1
19-07-2017-09:58:33:800 13664 14368 1
19-07-2017-09:58:33:841 14368 15072 1
19-07-2017-09:58:33:882 15072 15776 1
19-07-2017-09:58:33:922 15776 16480 1
19-07-2017-09:58:33:972 16480 17184 1
19-07-2017-09:58:34:012 17184 17888 1
19-07-2017-09:58:34:061 17888 18592 1
19-07-2017-09:58:34:112 18592 19296 1
19-07-2017-09:58:34:147 19296 20000 1
19-07-2017-09:58:34:190 20000 20704 1
19-07-2017-09:58:34:231 20704 21408 1
19-07-2017-09:58:34:273 21408 22112 1
19-07-2017-09:58:34:319 22112 22816 1
19-07-2017-09:58:34:360 22816 23520 1
19-07-2017-09:58:34:413 23520 24176 1
19-07-2017-09:58:34:459 24176 24832 1
19-07-2017-09:58:34:488 24832 25488 1
19-07-2017-09:58:34:528 25488 26144 1
19-07-2017-09:58:34:568 26144 26800 1
19-07-2017-09:58:34:609 26800 27456 1
19-07-2017-09:58:34:656 27456 28112 1
19-07-2017-09:58:34:697 28112 28768 1
19-07-2017-09:58:34:739 28768 29424 1
19-07-2017-09:58:34:785 29424 30080 1
19-07-2017-09:58:34:825 30080 30736 1
19-07-2017-09:58:34:852 30736 31392 1
19-07-2017-09:58:34:894 31392 32048 1
19-07-2017-09:58:34:934 32048 32704 1
19-07-2017-09:58:34:982 32704 33360 1
19-07-2017-09:58:35:023 33360 34016 1
19-07-2017-09:58:35:062 34016 34672 1
19-07-2017-09:58:35:103 34672 35328 1
19-07-2017-09:58:35:149 35328 35984 1
19-07-2017-09:58:35:189 35984 36640 1
19-07-2017-09:58:35:231 36640 37296 1
19-07-2017-09:58:35:277 37296 37952 1
19-07-2017-09:58:35:318 37952 38608 1
19-07-2017-09:58:35:349 38608 39264 1
19-07-2017-09:58:35:386 39264 39920 1
19-07-2017-09:58:35:427 39920 40576 1
19-07-2017-09:58:35:473 40576 41232 1
19-07-2017-09:58:35:517 41232 41888 1
19-07-2017-09:58:35:560 41888 42544 1
19-07-2017-09:58:35:602 42544 43200 1
19-07-2017-09:58:35:641 43200 43856 1
19-07-2017-09:58:35:682 43856 44512 1
19-07-2017-09:58:35:727 44512 45168 1
19-07-2017-09:58:35:758 45168 45824 1
19-07-2017-09:58:35:798 45824 46480 1
19-07-2017-09:58:35:838 46480 47136 1
19-07-2017-09:58:35:880 47136 47792 1
19-07-2017-09:58:35:925 47792 48448 1
19-07-2017-09:58:35:968 48448 49104 1
19-07-2017-09:58:36:006 49104 49760 1
19-07-2017-09:58:36:113 49760 50416 1
19-07-2017-09:58:36:114 50416 51072 1
19-07-2017-09:58:36:134 51072 51728 1
19-07-2017-09:58:36:175 51728 52384 1
19-07-2017-09:58:36:221 52384 53040 1
19-07-2017-09:58:36:262 53040 53696 1
19-07-2017-09:58:36:290 53696 54352 1
19-07-2017-09:58:36:329 54352 55008 1
19-07-2017-09:58:36:370 55008 55664 1
19-07-2017-09:58:36:416 55664 56320 1
19-07-2017-09:58:36:458 56320 56976 1
19-07-2017-09:58:36:498 56976 57632 1
19-07-2017-09:58:36:539 57632 58288 1
19-07-2017-09:58:36:587 58288 58944 1
19-07-2017-09:58:36:615 58944 59600 1
19-07-2017-09:58:36:655 59600 60256 1
19-07-2017-09:58:36:707 60256 60896 1
19-07-2017-09:58:36:737 60896 61536 1
19-07-2017-09:58:36:782 61536 62176 1
19-07-2017-09:58:36:823 62176 62816 1
19-07-2017-09:58:36:865 62816 63456 1
19-07-2017-09:58:36:910 63456 64096 1
19-07-2017-09:58:36:939 64096 64736 1
19-07-2017-09:58:36:979 64736 65376 1
19-07-2017-09:58:37:020 65376 66016 1
19-07-2017-09:58:37:060 66016 66656 1
19-07-2017-09:58:37:100 66656 67296 1
19-07-2017-09:58:37:145 67296 67936 1
19-07-2017-09:58:37:186 67936 68576 1
19-07-2017-09:58:37:215 68576 69216 1
19-07-2017-09:58:37:257 69216 69856 1
19-07-2017-09:58:37:298 69856 70496 1
19-07-2017-09:58:37:344 70496 71136 1
19-07-2017-09:58:37:384 71136 71776 1
19-07-2017-09:58:37:425 71776 72416 1
19-07-2017-09:58:37:471 72416 73056 1
19-07-2017-09:58:37:512 73056 73696 1
19-07-2017-09:58:37:542 73696 74336 1
19-07-2017-09:58:37:583 74336 74976 1
19-07-2017-09:58:37:622 74976 75616 1
19-07-2017-09:58:37:668 75616 76256 1
19-07-2017-09:58:37:708 76256 76896 1
19-07-2017-09:58:37:738 76896 77536 1
19-07-2017-09:58:37:778 77536 78176 1
19-07-2017-09:58:37:819 78176 78816 1
19-07-2017-09:58:37:861 78816 79456 1
19-07-2017-09:58:37:906 79456 80096 1
19-07-2017-09:58:37:935 80096 80736 1
19-07-2017-09:58:37:976 80736 81376 1
19-07-2017-09:58:38:016 81376 82016 1
19-07-2017-09:58:38:064 82016 82656 1
19-07-2017-09:58:38:104 82656 83296 1
19-07-2017-09:58:38:145 83296 83936 1
19-07-2017-09:58:38:184 83936 84576 1
19-07-2017-09:58:38:231 84576 85216 1
19-07-2017-09:58:38:259 85216 85856 1
19-07-2017-09:58:38:299 85856 86496 1
19-07-2017-09:58:38:340 86496 87136 1
19-07-2017-09:58:38:386 87136 87776 1
19-07-2017-09:58:38:427 87776 88416 1
19-07-2017-09:58:38:467 88416 89056 1
19-07-2017-09:58:38:495 89056 89696 1
19-07-2017-09:58:38:537 89696 90336 1
19-07-2017-09:58:38:578 90336 90976 1
19-07-2017-09:58:38:625 90976 91616 1
19-07-2017-09:58:38:665 91616 92256 1
19-07-2017-09:58:38:761 92256 92896 1
19-07-2017-09:58:38:762 92896 93536 1
19-07-2017-09:58:38:777 93536 94176 1
19-07-2017-09:58:38:821 94176 94816 1
19-07-2017-09:58:38:862 94816 95456 1
19-07-2017-09:58:38:903 95456 96096 1
19-07-2017-09:58:38:945 96096 96736 1
19-07-2017-09:58:38:991 96736 97376 1
19-07-2017-09:58:39:019 97376 98016 1
19-07-2017-09:58:39:062 98016 98656 1
19-07-2017-09:58:39:100 98656 99296 1
19-07-2017-09:58:39:142 99296 99936 1
19-07-2017-09:58:39:187 99936 100576 1
19-07-2017-09:58:39:218 100576 101216 1
19-07-2017-09:58:39:257 101216 101856 1
19-07-2017-09:58:39:298 101856 102496 1
19-07-2017-09:58:39:339 102496 103136 1
19-07-2017-09:58:39:385 103136 103776 1
19-07-2017-09:58:39:426 103776 104416 1
19-07-2017-09:58:39:467 104416 105056 1
19-07-2017-09:58:39:512 105056 105696 1
19-07-2017-09:58:39:537 105696 106336 1
19-07-2017-09:58:39:582 106336 106976 1
19-07-2017-09:58:39:621 106976 107616 1
19-07-2017-09:58:39:662 107616 108256 1
19-07-2017-09:58:39:707 108256 108896 1
19-07-2017-09:58:39:749 108896 109536 1
19-07-2017-09:58:39:778 109536 110176 1
19-07-2017-09:58:39:818 110176 110816 1
19-07-2017-09:58:39:859 110816 111456 1
19-07-2017-09:58:39:900 111456 112096 1
19-07-2017-09:58:39:946 112096 112736 1
19-07-2017-09:58:39:988 112736 113376 1
19-07-2017-09:58:40:027 113376 114016 1
19-07-2017-09:58:40:056 114016 114656 1
19-07-2017-09:58:40:096 114656 115296 1
19-07-2017-09:58:40:138 115296 115936 1
19-07-2017-09:58:40:183 115936 116576 1
19-07-2017-09:58:40:226 116576 117216 1
19-07-2017-09:58:40:266 117216 117856 1
19-07-2017-09:58:40:313 117856 118496 1
19-07-2017-09:58:40:339 118496 119136 1
19-07-2017-09:58:40:381 119136 119776 1
19-07-2017-09:58:40:423 119776 120416 1
19-07-2017-09:58:40:463 120416 121056 1
19-07-2017-09:58:40:508 121056 121696 1
19-07-2017-09:58:40:549 121696 122336 1
19-07-2017-09:58:40:578 122336 122976 1
19-07-2017-09:58:40:619 122976 123616 1
19-07-2017-09:58:40:660 123616 124256 1
19-07-2017-09:58:40:700 124256 124896 1
19-07-2017-09:58:40:746 124896 125536 1
19-07-2017-09:58:40:776 125536 126176 1
19-07-2017-09:58:40:816 126176 126816 1
19-07-2017-09:58:40:858 126816 127456 1
19-07-2017-09:58:40:899 127456 128096 1
19-07-2017-09:58:40:946 128096 128736 1
19-07-2017-09:58:40:986 128736 129376 1
19-07-2017-09:58:41:026 129376 130016 1
19-07-2017-09:58:41:055 130016 130656 1
19-07-2017-09:58:41:101 130656 131296 1
19-07-2017-09:58:41:142 131296 131936 1
19-07-2017-09:58:41:182 131936 132576 1
19-07-2017-09:58:41:224 132576 133216 1
19-07-2017-09:58:41:270 133216 133856 1
19-07-2017-09:58:41:298 133856 134496 1
19-07-2017-09:58:41:340 134496 135136 1
19-07-2017-09:58:41:380 135136 135776 1
19-07-2017-09:58:41:420 135776 136416 1
19-07-2017-09:58:41:466 136416 137056 1
19-07-2017-09:58:41:505 137056 137696 1
19-07-2017-09:58:41:547 137696 138336 1
19-07-2017-09:58:41:576 138336 138976 1
19-07-2017-09:58:41:616 138976 139616 1
19-07-2017-09:58:41:662 139616 140256 1
19-07-2017-09:58:41:705 140256 140896 1
19-07-2017-09:58:41:744 140896 141536 1
19-07-2017-09:58:41:789 141536 142176 1
19-07-2017-09:58:41:830 142176 142816 1
19-07-2017-09:58:42:188 142816 143456 1
19-07-2017-09:58:42:189 143456 144096 1
19-07-2017-09:58:42:189 144096 144736 1
19-07-2017-09:58:42:189 144736 145376 1
19-07-2017-09:58:42:190 145376 146016 1
19-07-2017-09:58:42:190 146016 146656 1
19-07-2017-09:58:42:190 146656 147296 1
19-07-2017-09:58:42:190 147296 147936 1
19-07-2017-09:58:42:190 147936 148576 1
19-07-2017-09:58:42:223 148576 149216 1
19-07-2017-09:58:42:265 149216 149856 1
19-07-2017-09:58:42:305 149856 150496 1
19-07-2017-09:58:42:351 150496 151136 1
19-07-2017-09:58:42:381 151136 151776 1
19-07-2017-09:58:42:420 151776 152416 1
19-07-2017-09:58:42:461 152416 153056 1
19-07-2017-09:58:42:507 153056 153696 1
19-07-2017-09:58:42:548 153696 154336 1
19-07-2017-09:58:42:579 154336 154976 1
19-07-2017-09:58:42:617 154976 155616 1
19-07-2017-09:58:42:658 155616 156256 1
19-07-2017-09:58:42:706 156256 156896 1
19-07-2017-09:58:42:749 156896 157536 1
19-07-2017-09:58:42:788 157536 158176 1
19-07-2017-09:58:42:827 158176 158816 1
19-07-2017-09:58:42:856 158816 159456 1
19-07-2017-09:58:42:901 159456 160096 1
19-07-2017-09:58:42:941 160096 160736 1
19-07-2017-09:58:42:982 160736 161376 1
19-07-2017-09:58:43:023 161376 162016 1
19-07-2017-09:58:43:071 162016 162656 1
19-07-2017-09:58:43:111 162656 163296 1
19-07-2017-09:58:43:139 163296 163936 1
19-07-2017-09:58:43:180 163936 164576 1
19-07-2017-09:58:43:220 164576 165216 1
19-07-2017-09:58:43:267 165216 165856 1
19-07-2017-09:58:43:297 165856 166496 1
19-07-2017-09:58:43:336 166496 167136 1
19-07-2017-09:58:43:378 167136 167776 1
19-07-2017-09:58:43:424 167776 168416 1
19-07-2017-09:58:43:466 168416 169056 1
19-07-2017-09:58:43:506 169056 169696 1
19-07-2017-09:58:43:546 169696 170336 1
19-07-2017-09:58:43:576 170336 170976 1
19-07-2017-09:58:43:622 170976 171616 1
19-07-2017-09:58:43:663 171616 172256 1
19-07-2017-09:58:43:703 172256 172896 1
19-07-2017-09:58:43:746 172896 173536 1
19-07-2017-09:58:43:789 173536 174176 1
19-07-2017-09:58:43:818 174176 174816 1
19-07-2017-09:58:43:862 174816 175456 1
19-07-2017-09:58:43:900 175456 176096 1
19-07-2017-09:58:43:941 176096 176736 1
19-07-2017-09:58:43:986 176736 177376 1
19-07-2017-09:58:44:027 177376 178016 1
19-07-2017-09:58:44:056 178016 178656 1
19-07-2017-09:58:44:098 178656 179296 1
19-07-2017-09:58:44:138 179296 179936 1
19-07-2017-09:58:44:183 179936 180576 1
19-07-2017-09:58:44:225 180576 181216 1
19-07-2017-09:58:44:266 181216 181856 1
19-07-2017-09:58:44:312 181856 182496 1
19-07-2017-09:58:44:352 182496 183136 1
19-07-2017-09:58:44:382 183136 183776 1
19-07-2017-09:58:44:420 183776 184416 1
19-07-2017-09:58:44:465 184416 185056 1
19-07-2017-09:58:44:507 185056 185696 1
19-07-2017-09:58:44:536 185696 186336 1
19-07-2017-09:58:44:576 186336 186976 1
19-07-2017-09:58:44:615 186976 187616 1
19-07-2017-09:58:44:661 187616 188256 1
19-07-2017-09:58:44:701 188256 188896 1
19-07-2017-09:58:44:743 188896 189536 1
19-07-2017-09:58:44:782 189536 190176 1
19-07-2017-09:58:44:830 190176 190816 1
19-07-2017-09:58:44:869 190816 191456 1
19-07-2017-09:58:44:899 191456 192096 1
19-07-2017-09:58:44:939 192096 192736 1
19-07-2017-09:58:44:979 192736 193376 1
19-07-2017-09:58:45:360 193376 194016 1
19-07-2017-09:58:45:361 194016 194656 1
19-07-2017-09:58:45:362 194656 195296 1
19-07-2017-09:58:45:362 195296 195936 1
19-07-2017-09:58:45:362 195936 196576 1
19-07-2017-09:58:45:362 196576 197216 1
19-07-2017-09:58:45:362 197216 197856 1
19-07-2017-09:58:45:362 197856 198496 1
19-07-2017-09:58:45:362 198496 199136 1
19-07-2017-09:58:45:382 199136 199776 1
19-07-2017-09:58:45:421 199776 200416 1
19-07-2017-09:58:45:462 200416 201056 1
19-07-2017-09:58:45:502 201056 201696 1
19-07-2017-09:58:45:548 201696 202336 1
19-07-2017-09:58:45:578 202336 202976 1
19-07-2017-09:58:45:619 202976 203616 1
19-07-2017-09:58:45:658 203616 204256 1
19-07-2017-09:58:45:700 204256 204896 1
19-07-2017-09:58:45:746 204896 205536 1
19-07-2017-09:58:45:786 205536 206176 1
19-07-2017-09:58:45:826 206176 206816 1
19-07-2017-09:58:45:856 206816 207456 1
19-07-2017-09:58:45:896 207456 208096 1
19-07-2017-09:58:45:942 208096 208736 1
19-07-2017-09:58:45:983 208736 209376 1
19-07-2017-09:58:46:023 209376 210016 1
19-07-2017-09:58:46:065 210016 210656 1
19-07-2017-09:58:46:110 210656 211296 1
19-07-2017-09:58:46:153 211296 211936 1
19-07-2017-09:58:46:180 211936 212576 1
19-07-2017-09:58:46:223 212576 213216 1
19-07-2017-09:58:46:263 213216 213856 1
19-07-2017-09:58:46:309 213856 214496 1
19-07-2017-09:58:46:349 214496 215136 1
19-07-2017-09:58:46:378 215136 215776 1
19-07-2017-09:58:46:420 215776 216416 1
19-07-2017-09:58:46:460 216416 217056 1
19-07-2017-09:58:46:506 217056 217696 1
19-07-2017-09:58:46:548 217696 218336 1
19-07-2017-09:58:46:575 218336 218976 1
19-07-2017-09:58:46:617 218976 219616 1
19-07-2017-09:58:46:657 219616 220256 1
19-07-2017-09:58:46:703 220256 220896 1
19-07-2017-09:58:46:745 220896 221536 1
19-07-2017-09:58:46:786 221536 222176 1
19-07-2017-09:58:46:826 222176 222816 1
19-07-2017-09:58:46:872 222816 223456 1
19-07-2017-09:58:46:896 223456 224096 1
19-07-2017-09:58:46:941 224096 224736 1
19-07-2017-09:58:46:982 224736 225376 1
19-07-2017-09:58:47:022 225376 226016 1
19-07-2017-09:58:47:068 226016 226656 1
19-07-2017-09:58:47:110 226656 227296 1
19-07-2017-09:58:47:138 227296 227936 1
19-07-2017-09:58:47:179 227936 228576 1
19-07-2017-09:58:47:220 228576 229216 1
19-07-2017-09:58:47:265 229216 229856 1
19-07-2017-09:58:47:306 229856 230496 1
19-07-2017-09:58:47:346 230496 231136 1
19-07-2017-09:58:47:386 231136 231776 1
19-07-2017-09:58:47:416 231776 232416 1
19-07-2017-09:58:47:462 232416 233056 1
19-07-2017-09:58:47:503 233056 233696 1
19-07-2017-09:58:47:548 233696 234336 1
19-07-2017-09:58:47:579 234336 234976 1
19-07-2017-09:58:47:619 234976 235616 1
19-07-2017-09:58:47:661 235616 236256 1
19-07-2017-09:58:47:704 236256 236896 1
19-07-2017-09:58:47:746 236896 237536 1
19-07-2017-09:58:47:786 237536 238176 1
19-07-2017-09:58:47:815 238176 238816 1
19-07-2017-09:58:47:855 238816 239456 1
19-07-2017-09:58:47:898 239456 240096 1
19-07-2017-09:58:47:945 240096 240736 1
19-07-2017-09:58:47:985 240736 241376 1
19-07-2017-09:58:48:026 241376 242016 1
19-07-2017-09:58:48:072 242016 242656 1
19-07-2017-09:58:48:095 242656 243296 1
19-07-2017-09:58:48:142 243296 243936 1
19-07-2017-09:58:48:236 243936 244576 1
19-07-2017-09:58:48:238 244576 245216 1
19-07-2017-09:58:48:270 245216 245856 1
19-07-2017-09:58:48:310 245856 246496 1
19-07-2017-09:58:48:339 246496 247136 1
19-07-2017-09:58:48:379 247136 247776 1
19-07-2017-09:58:48:421 247776 248416 1
19-07-2017-09:58:48:467 248416 249056 1
19-07-2017-09:58:48:507 249056 249696 1
19-07-2017-09:58:48:535 249696 250336 1
19-07-2017-09:58:48:576 250336 250976 1
19-07-2017-09:58:48:616 250976 251616 1
19-07-2017-09:58:48:662 251616 252256 1
19-07-2017-09:58:48:703 252256 252896 1
19-07-2017-09:58:48:743 252896 253536 1
19-07-2017-09:58:48:785 253536 254176 1
19-07-2017-09:58:48:831 254176 254816 1
19-07-2017-09:58:48:873 254816 255456 1
19-07-2017-09:58:48:901 255456 256096 1
19-07-2017-09:58:48:941 256096 256736 1
19-07-2017-09:58:48:985 256736 257376 1
19-07-2017-09:58:49:027 257376 258016 1
19-07-2017-09:58:49:067 258016 258656 1
19-07-2017-09:58:49:096 258656 259296 1
19-07-2017-09:58:49:136 259296 259936 1
19-07-2017-09:58:49:183 259936 260576 1
19-07-2017-09:58:49:223 260576 261216 1
19-07-2017-09:58:49:265 261216 261856 1
19-07-2017-09:58:49:311 261856 262496 1
19-07-2017-09:58:49:351 262496 263136 1
19-07-2017-09:58:49:382 263136 263776 1
19-07-2017-09:58:49:421 263776 264416 1
19-07-2017-09:58:49:461 264416 265056 1
19-07-2017-09:58:49:506 265056 265696 1
19-07-2017-09:58:49:549 265696 266336 1
19-07-2017-09:58:49:576 266336 266976 1
19-07-2017-09:58:49:616 266976 267616 1
19-07-2017-09:58:49:658 267616 268256 1
19-07-2017-09:58:49:704 268256 268896 1
19-07-2017-09:58:49:744 268896 269536 1
19-07-2017-09:58:49:784 269536 270176 1
19-07-2017-09:58:49:825 270176 270816 1
19-07-2017-09:58:49:871 270816 271456 1
19-07-2017-09:58:49:900 271456 272096 1
19-07-2017-09:58:49:942 272096 272736 1
19-07-2017-09:58:49:982 272736 273376 1
19-07-2017-09:58:50:028 273376 274016 1
19-07-2017-09:58:50:070 274016 274656 1
19-07-2017-09:58:50:097 274656 275296 1
19-07-2017-09:58:50:139 275296 275936 1
19-07-2017-09:58:50:179 275936 276576 1
19-07-2017-09:58:50:224 276576 277216 1
19-07-2017-09:58:50:264 277216 277856 1
19-07-2017-09:58:50:303 277856 278496 1
19-07-2017-09:58:50:352 278496 279136 1
19-07-2017-09:58:50:381 279136 279776 1
19-07-2017-09:58:50:422 279776 280416 1
19-07-2017-09:58:50:466 280416 281056 1
19-07-2017-09:58:50:507 281056 281696 1
19-07-2017-09:58:50:538 281696 282336 1
19-07-2017-09:58:50:578 282336 282976 1
19-07-2017-09:58:50:617 282976 283616 1
19-07-2017-09:58:50:664 283616 284256 1
19-07-2017-09:58:50:705 284256 284896 1
19-07-2017-09:58:50:745 284896 285536 1
19-07-2017-09:58:50:791 285536 286176 1
19-07-2017-09:58:50:816 286176 286816 1
19-07-2017-09:58:50:861 286816 287456 1
19-07-2017-09:58:50:901 287456 288096 1
19-07-2017-09:58:50:943 288096 288736 1
19-07-2017-09:58:50:988 288736 289376 1
19-07-2017-09:58:51:029 289376 290016 1
19-07-2017-09:58:51:059 290016 290656 1
19-07-2017-09:58:51:097 290656 291296 1
19-07-2017-09:58:51:138 291296 291936 1
19-07-2017-09:58:51:186 291936 292576 1
19-07-2017-09:58:51:226 292576 293216 1
19-07-2017-09:58:51:267 293216 293856 1
19-07-2017-09:58:51:296 293856 294496 1
19-07-2017-09:58:51:450 294496 295136 1
19-07-2017-09:58:51:451 295136 295776 1
19-07-2017-09:58:51:451 295776 296416 1
19-07-2017-09:58:51:464 296416 297056 1
19-07-2017-09:58:51:505 297056 297696 1
19-07-2017-09:58:51:551 297696 298336 1
19-07-2017-09:58:51:578 298336 298976 1
19-07-2017-09:58:51:619 298976 299616 1
19-07-2017-09:58:51:660 299616 300256 1
19-07-2017-09:58:51:701 300256 300896 1
19-07-2017-09:58:51:748 300896 301536 1
19-07-2017-09:58:51:777 301536 302176 1
19-07-2017-09:58:51:817 302176 302816 1
19-07-2017-09:58:51:857 302816 303456 1
19-07-2017-09:58:51:897 303456 304096 1
19-07-2017-09:58:51:946 304096 304736 1
19-07-2017-09:58:51:985 304736 305376 1
19-07-2017-09:58:52:026 305376 306016 1
19-07-2017-09:58:52:066 306016 306656 1
19-07-2017-09:58:52:095 306656 307296 1
19-07-2017-09:58:52:135 307296 307936 1
19-07-2017-09:58:52:182 307936 308576 1
19-07-2017-09:58:52:224 308576 309216 1
19-07-2017-09:58:52:265 309216 309856 1
19-07-2017-09:58:52:304 309856 310496 1
19-07-2017-09:58:52:350 310496 311136 1
19-07-2017-09:58:52:380 311136 311776 1
19-07-2017-09:58:52:419 311776 312416 1
19-07-2017-09:58:52:459 312416 313056 1
19-07-2017-09:58:52:501 313056 313696 1
19-07-2017-09:58:52:546 313696 314336 1
19-07-2017-09:58:52:586 314336 314976 1
19-07-2017-09:58:52:615 314976 315616 1
19-07-2017-09:58:52:657 315616 316256 1
19-07-2017-09:58:52:697 316256 316896 1
19-07-2017-09:58:52:743 316896 317536 1
19-07-2017-09:58:52:785 317536 318176 1
19-07-2017-09:58:52:824 318176 318816 1
19-07-2017-09:58:52:866 318816 319456 1
19-07-2017-09:58:52:912 319456 320096 1
19-07-2017-09:58:52:941 320096 320736 1
19-07-2017-09:58:52:982 320736 321376 1
19-07-2017-09:58:53:021 321376 322016 1
19-07-2017-09:58:53:063 322016 322656 1
19-07-2017-09:58:53:111 322656 323296 1
19-07-2017-09:58:53:138 323296 323936 1
19-07-2017-09:58:53:179 323936 324576 1
19-07-2017-09:58:53:219 324576 325216 1
19-07-2017-09:58:53:260 325216 325856 1
19-07-2017-09:58:53:305 325856 326496 1
19-07-2017-09:58:53:345 326496 327136 1
19-07-2017-09:58:53:375 327136 327776 1
19-07-2017-09:58:53:417 327776 328416 1
19-07-2017-09:58:53:457 328416 329056 1
19-07-2017-09:58:53:499 329056 329696 1
19-07-2017-09:58:53:545 329696 330336 1
19-07-2017-09:58:53:586 330336 330976 1
19-07-2017-09:58:53:626 330976 331616 1
19-07-2017-09:58:53:655 331616 332256 1
19-07-2017-09:58:53:697 332256 332896 1
19-07-2017-09:58:53:743 332896 333536 1
19-07-2017-09:58:53:783 333536 334176 1
19-07-2017-09:58:53:825 334176 334816 1
19-07-2017-09:58:53:865 334816 335456 1
19-07-2017-09:58:53:910 335456 336096 1
19-07-2017-09:58:53:951 336096 336736 1
19-07-2017-09:58:53:980 336736 337376 1
19-07-2017-09:58:54:021 337376 338016 1
19-07-2017-09:58:54:065 338016 338656 1
19-07-2017-09:58:54:108 338656 339296 1
19-07-2017-09:58:54:149 339296 339936 1
19-07-2017-09:58:54:178 339936 340576 1
19-07-2017-09:58:54:219 340576 341216 1
19-07-2017-09:58:54:260 341216 341856 1
19-07-2017-09:58:54:299 341856 342496 1
19-07-2017-09:58:54:346 342496 343136 1
19-07-2017-09:58:54:387 343136 343776 1
19-07-2017-09:58:54:416 343776 344416 1
19-07-2017-09:58:54:457 344416 345056 1
19-07-2017-09:58:54:644 345056 345696 1
19-07-2017-09:58:54:645 345696 346336 1
19-07-2017-09:58:54:646 346336 346976 1
19-07-2017-09:58:54:646 346976 347616 1
19-07-2017-09:58:54:664 347616 348256 1
19-07-2017-09:58:54:711 348256 348896 1
19-07-2017-09:58:54:741 348896 349536 1
19-07-2017-09:58:54:780 349536 350176 1
19-07-2017-09:58:54:820 350176 350816 1
19-07-2017-09:58:54:859 350816 351456 1
19-07-2017-09:58:54:908 351456 352096 1
19-07-2017-09:58:54:946 352096 352736 1
19-07-2017-09:58:54:988 352736 353376 1
19-07-2017-09:58:55:016 353376 354016 1
19-07-2017-09:58:55:056 354016 354656 1
19-07-2017-09:58:55:097 354656 355296 1
19-07-2017-09:58:55:138 355296 355936 1
19-07-2017-09:58:55:183 355936 356576 1
19-07-2017-09:58:55:223 356576 357216 1
19-07-2017-09:58:55:266 357216 357856 1
19-07-2017-09:58:55:311 357856 358496 1
19-07-2017-09:58:55:351 358496 359136 1
19-07-2017-09:58:55:381 359136 359776 1
19-07-2017-09:58:55:420 359776 360416 1
19-07-2017-09:58:55:465 360416 361056 1
19-07-2017-09:58:55:504 361056 361696 1
19-07-2017-09:58:55:550 361696 362336 1
19-07-2017-09:58:55:585 362336 362976 1
19-07-2017-09:58:55:619 362976 363616 1
19-07-2017-09:58:55:659 363616 364256 1
19-07-2017-09:58:55:701 364256 364896 1
19-07-2017-09:58:55:746 364896 365536 1
19-07-2017-09:58:55:804 365536 366176 1
19-07-2017-09:58:55:820 366176 366816 1
19-07-2017-09:58:55:857 366816 367456 1
19-07-2017-09:58:55:904 367456 368096 1
19-07-2017-09:58:55:944 368096 368736 1
19-07-2017-09:58:55:984 368736 369376 1
19-07-2017-09:58:56:032 369376 370016 1
19-07-2017-09:58:56:060 370016 370656 1
19-07-2017-09:58:56:101 370656 371296 1
19-07-2017-09:58:56:140 371296 371936 1
19-07-2017-09:58:56:182 371936 372576 1
19-07-2017-09:58:56:227 372576 373216 1
19-07-2017-09:58:56:256 373216 373856 1
19-07-2017-09:58:56:298 373856 374496 1
19-07-2017-09:58:56:339 374496 375136 1
19-07-2017-09:58:56:378 375136 375776 1
19-07-2017-09:58:56:427 375776 376416 1
19-07-2017-09:58:56:471 376416 377056 1
19-07-2017-09:58:56:512 377056 377696 1
19-07-2017-09:58:56:540 377696 378336 1
19-07-2017-09:58:56:581 378336 378976 1
19-07-2017-09:58:56:621 378976 379616 1
19-07-2017-09:58:56:663 379616 380256 1
19-07-2017-09:58:56:708 380256 380896 1
19-07-2017-09:58:56:748 380896 381536 1
19-07-2017-09:58:56:779 381536 382176 1
19-07-2017-09:58:56:818 382176 382816 1
19-07-2017-09:58:56:859 382816 383456 1
19-07-2017-09:58:56:901 383456 384096 1
19-07-2017-09:58:56:946 384096 384736 1
19-07-2017-09:58:56:986 384736 385376 1
19-07-2017-09:58:57:016 385376 386016 1
19-07-2017-09:58:57:056 386016 386656 1
19-07-2017-09:58:57:096 386656 387296 1
19-07-2017-09:58:57:138 387296 387936 1
19-07-2017-09:58:57:183 387936 388576 1
19-07-2017-09:58:57:225 388576 389216 1
19-07-2017-09:58:57:264 389216 389856 1
19-07-2017-09:58:57:306 389856 390496 1
19-07-2017-09:58:57:335 390496 391136 1
19-07-2017-09:58:57:376 391136 391776 1
19-07-2017-09:58:57:422 391776 392416 1
19-07-2017-09:58:57:462 392416 393056 1
19-07-2017-09:58:57:504 393056 393696 1
19-07-2017-09:58:57:549 393696 394336 1
19-07-2017-09:58:57:589 394336 394976 1
19-07-2017-09:58:57:618 394976 395616 1
19-07-2017-09:58:57:660 395616 396256 1
19-07-2017-09:58:57:699 396256 396896 1
19-07-2017-09:58:57:740 396896 397536 1
19-07-2017-09:58:57:788 397536 398176 1
19-07-2017-09:58:57:827 398176 398816 1
19-07-2017-09:58:57:856 398816 399456 1
19-07-2017-09:58:57:898 399456 400096 1
19-07-2017-09:58:57:938 400096 400736 1
19-07-2017-09:58:57:984 400736 401376 1
19-07-2017-09:58:58:023 401376 402016 1
19-07-2017-09:58:58:071 402016 402656 1
19-07-2017-09:58:58:111 402656 403296 1
19-07-2017-09:58:58:141 403296 403936 1
19-07-2017-09:58:58:186 403936 404576 1
19-07-2017-09:58:58:221 404576 405216 1
19-07-2017-09:58:58:263 405216 405856 1
19-07-2017-09:58:58:310 405856 406496 1
19-07-2017-09:58:58:350 406496 407136 1
19-07-2017-09:58:58:381 407136 407776 1
19-07-2017-09:58:58:419 407776 408416 1
19-07-2017-09:58:58:460 408416 409056 1
19-07-2017-09:58:58:501 409056 409696 1
19-07-2017-09:58:58:547 409696 410336 1
19-07-2017-09:58:58:575 410336 410976 1
19-07-2017-09:58:58:616 410976 411616 1
19-07-2017-09:58:58:657 411616 412256 1
19-07-2017-09:58:58:697 412256 412896 1
19-07-2017-09:58:58:745 412896 413536 1
19-07-2017-09:58:58:788 413536 414176 1
19-07-2017-09:58:58:825 414176 414816 1
19-07-2017-09:58:58:867 414816 415456 1
19-07-2017-09:58:58:895 415456 416096 1
19-07-2017-09:58:59:117 416096 416736 1
19-07-2017-09:58:59:119 416736 417376 1
19-07-2017-09:58:59:119 417376 418016 1
19-07-2017-09:58:59:119 418016 418656 1
19-07-2017-09:58:59:119 418656 419296 1
19-07-2017-09:58:59:154 419296 419936 1
19-07-2017-09:58:59:181 419936 420576 1
19-07-2017-09:58:59:221 420576 421216 1
19-07-2017-09:58:59:261 421216 421856 1
19-07-2017-09:58:59:301 421856 422496 1
19-07-2017-09:58:59:348 422496 423136 1
19-07-2017-09:58:59:377 423136 423776 1
19-07-2017-09:58:59:418 423776 424416 1
19-07-2017-09:58:59:457 424416 425056 1
19-07-2017-09:58:59:500 425056 425696 1
19-07-2017-09:58:59:539 425696 426336 1
19-07-2017-09:58:59:581 426336 426976 1
19-07-2017-09:58:59:626 426976 427616 1
19-07-2017-09:58:59:668 427616 428256 1
19-07-2017-09:58:59:697 428256 428896 1
19-07-2017-09:58:59:738 428896 429536 1
19-07-2017-09:58:59:777 429536 430176 1
19-07-2017-09:58:59:824 430176 430816 1
19-07-2017-09:58:59:863 430816 431456 1
19-07-2017-09:58:59:905 431456 432096 1
19-07-2017-09:58:59:946 432096 432736 1
19-07-2017-09:58:59:990 432736 433376 1
19-07-2017-09:59:00:032 433376 434016 1
19-07-2017-09:59:00:060 434016 434656 1
19-07-2017-09:59:00:102 434656 435296 1
19-07-2017-09:59:00:143 435296 435936 1
19-07-2017-09:59:00:187 435936 436576 1
19-07-2017-09:59:00:229 436576 437216 1
19-07-2017-09:59:00:257 437216 437856 1
19-07-2017-09:59:00:298 437856 438496 1
19-07-2017-09:59:00:340 438496 439136 1
19-07-2017-09:59:00:385 439136 439776 1
19-07-2017-09:59:00:425 439776 440416 1
19-07-2017-09:59:00:466 440416 441056 1
19-07-2017-09:59:00:506 441056 441696 1
19-07-2017-09:59:00:536 441696 442336 1
19-07-2017-09:59:00:580 442336 442976 1
19-07-2017-09:59:00:622 442976 443616 1
19-07-2017-09:59:00:663 443616 444256 1
19-07-2017-09:59:00:703 444256 444896 1
19-07-2017-09:59:00:750 444896 445536 1
19-07-2017-09:59:00:777 445536 446176 1
19-07-2017-09:59:00:819 446176 446816 1
19-07-2017-09:59:00:858 446816 447456 1
19-07-2017-09:59:00:899 447456 448096 1
19-07-2017-09:59:00:947 448096 448736 1
19-07-2017-09:59:00:984 448736 449376 1
19-07-2017-09:59:01:030 449376 450016 1
19-07-2017-09:59:01:060 450016 450656 1
19-07-2017-09:59:01:100 450656 451296 1
19-07-2017-09:59:01:140 451296 451936 1
19-07-2017-09:59:01:183 451936 452576 1
19-07-2017-09:59:01:229 452576 453216 1
19-07-2017-09:59:01:270 453216 453856 1
19-07-2017-09:59:01:299 453856 454496 1
19-07-2017-09:59:01:340 454496 455136 1
19-07-2017-09:59:01:381 455136 455776 1
19-07-2017-09:59:01:425 455776 456416 1
19-07-2017-09:59:01:466 456416 457056 1
19-07-2017-09:59:01:495 457056 457696 1
19-07-2017-09:59:01:535 457696 458336 1
19-07-2017-09:59:01:577 458336 458976 1
19-07-2017-09:59:01:617 458976 459616 1
19-07-2017-09:59:01:663 459616 460256 1
19-07-2017-09:59:01:704 460256 460896 1
19-07-2017-09:59:01:744 460896 461536 1
19-07-2017-09:59:01:791 461536 462176 1
19-07-2017-09:59:01:815 462176 462816 1
19-07-2017-09:59:01:861 462816 463456 1
19-07-2017-09:59:01:900 463456 464096 1
19-07-2017-09:59:01:942 464096 464736 1
19-07-2017-09:59:01:982 464736 465376 1
19-07-2017-09:59:02:029 465376 466016 1
19-07-2017-09:59:02:057 466016 466656 1
19-07-2017-09:59:02:217 466656 467296 1
19-07-2017-09:59:02:218 467296 467936 1
19-07-2017-09:59:02:218 467936 468576 1
19-07-2017-09:59:02:226 468576 469216 1
19-07-2017-09:59:02:271 469216 469856 1
19-07-2017-09:59:02:296 469856 470496 1
19-07-2017-09:59:02:336 470496 471136 1
19-07-2017-09:59:02:376 471136 471776 1
19-07-2017-09:59:02:418 471776 472416 1
19-07-2017-09:59:02:461 472416 473056 1
19-07-2017-09:59:02:509 473056 473696 1
19-07-2017-09:59:02:550 473696 474336 1
19-07-2017-09:59:02:579 474336 474976 1
19-07-2017-09:59:02:619 474976 475616 1
19-07-2017-09:59:02:661 475616 476256 1
19-07-2017-09:59:02:706 476256 476896 1
19-07-2017-09:59:02:747 476896 477536 1
