19-07-2017-09:51:13:201 0 640 1
19-07-2017-09:51:13:231 640 1280 1
19-07-2017-09:51:13:286 1280 1920 1
19-07-2017-09:51:13:317 1920 2560 1
19-07-2017-09:51:13:357 2560 3200 1
19-07-2017-09:51:13:387 3200 3840 1
19-07-2017-09:51:13:427 3840 4480 1
19-07-2017-09:51:13:471 4480 5120 1
19-07-2017-09:51:13:512 5120 5760 1
19-07-2017-09:51:13:553 5760 6400 1
19-07-2017-09:51:13:593 6400 7040 1
19-07-2017-09:51:13:632 7040 7680 1
19-07-2017-09:51:13:676 7680 8320 1
19-07-2017-09:51:13:715 8320 8960 1
19-07-2017-09:51:13:756 8960 9600 1
19-07-2017-09:51:13:785 9600 10240 1
19-07-2017-09:51:13:847 10240 10880 1
19-07-2017-09:51:13:869 10880 11520 1
19-07-2017-09:51:13:908 11520 12160 1
19-07-2017-09:51:13:950 12160 12800 1
19-07-2017-09:51:13:990 12800 13440 1
19-07-2017-09:51:14:033 13440 14080 1
19-07-2017-09:51:14:073 14080 14720 1
19-07-2017-09:51:14:121 14720 15360 1
19-07-2017-09:51:14:155 15360 16000 1
19-07-2017-09:51:14:205 16000 16640 1
19-07-2017-09:51:14:225 16640 17280 1
19-07-2017-09:51:14:264 17280 17920 1
19-07-2017-09:51:14:309 17920 18560 1
19-07-2017-09:51:14:360 18560 19200 1
19-07-2017-09:51:14:393 19200 19840 1
19-07-2017-09:51:14:433 19840 20480 1
19-07-2017-09:51:14:474 20480 21120 1
19-07-2017-09:51:14:520 21120 21760 1
19-07-2017-09:51:14:545 21760 22400 1
19-07-2017-09:51:14:597 22400 23040 1
19-07-2017-09:51:14:632 23040 23680 1
19-07-2017-09:51:14:671 23680 24320 1
19-07-2017-09:51:14:712 24320 24960 1
19-07-2017-09:51:14:759 24960 25600 1
19-07-2017-09:51:14:799 25600 26240 1
19-07-2017-09:51:14:827 26240 26880 1
19-07-2017-09:51:14:868 26880 27520 1
19-07-2017-09:51:14:910 27520 28160 1
19-07-2017-09:51:14:949 28160 28800 1
19-07-2017-09:51:14:996 28800 29440 1
19-07-2017-09:51:15:038 29440 30080 1
19-07-2017-09:51:15:067 30080 30720 1
19-07-2017-09:51:15:107 30720 31360 1
19-07-2017-09:51:15:149 31360 32000 1
19-07-2017-09:51:15:188 32000 32640 1
19-07-2017-09:51:15:236 32640 33280 1
19-07-2017-09:51:15:275 33280 33920 1
19-07-2017-09:51:15:317 33920 34560 1
19-07-2017-09:51:15:346 34560 35200 1
19-07-2017-09:51:15:387 35200 35840 1
19-07-2017-09:51:15:428 35840 36480 1
19-07-2017-09:51:15:474 36480 37120 1
19-07-2017-09:51:15:514 37120 37760 1
19-07-2017-09:51:15:556 37760 38400 1
19-07-2017-09:51:15:601 38400 39040 1
19-07-2017-09:51:15:624 39040 39680 1
19-07-2017-09:51:15:672 39680 40320 1
19-07-2017-09:51:15:707 40320 40960 1
19-07-2017-09:51:15:753 40960 41600 1
19-07-2017-09:51:15:795 41600 42240 1
19-07-2017-09:51:15:835 42240 42880 1
19-07-2017-09:51:15:880 42880 43520 1
19-07-2017-09:51:15:903 43520 44160 1
19-07-2017-09:51:15:949 44160 44800 1
19-07-2017-09:51:15:991 44800 45440 1
19-07-2017-09:51:16:030 45440 46080 1
19-07-2017-09:51:16:072 46080 46720 1
19-07-2017-09:51:16:118 46720 47360 1
19-07-2017-09:51:16:147 47360 48000 1
19-07-2017-09:51:16:187 48000 48640 1
19-07-2017-09:51:16:229 48640 49280 1
19-07-2017-09:51:16:269 49280 49920 1
19-07-2017-09:51:16:658 49920 50560 1
19-07-2017-09:51:16:660 50560 51200 1
19-07-2017-09:51:16:660 51200 51840 1
19-07-2017-09:51:16:660 51840 52480 1
19-07-2017-09:51:16:661 52480 53120 1
19-07-2017-09:51:16:661 53120 53760 1
19-07-2017-09:51:16:661 53760 54400 1
19-07-2017-09:51:16:661 54400 55040 1
19-07-2017-09:51:16:662 55040 55680 1
19-07-2017-09:51:16:664 55680 56320 1
19-07-2017-09:51:16:706 56320 56960 1
19-07-2017-09:51:16:752 56960 57600 1
19-07-2017-09:51:16:792 57600 58240 1
19-07-2017-09:51:16:832 58240 58880 1
19-07-2017-09:51:16:875 58880 59520 1
19-07-2017-09:51:16:919 59520 60160 1
19-07-2017-09:51:16:950 60160 60800 1
19-07-2017-09:51:16:991 60800 61440 1
19-07-2017-09:51:17:031 61440 62080 1
19-07-2017-09:51:17:072 62080 62720 1
19-07-2017-09:51:17:118 62720 63360 1
19-07-2017-09:51:17:147 63360 64000 1
19-07-2017-09:51:17:186 64000 64640 1
19-07-2017-09:51:17:225 64640 65280 1
19-07-2017-09:51:17:267 65280 65920 1
19-07-2017-09:51:17:314 65920 66560 1
19-07-2017-09:51:17:354 66560 67200 1
19-07-2017-09:51:17:395 67200 67840 1
19-07-2017-09:51:17:441 67840 68480 1
19-07-2017-09:51:17:464 68480 69120 1
19-07-2017-09:51:17:510 69120 69760 1
19-07-2017-09:51:17:551 69760 70400 1
19-07-2017-09:51:17:592 70400 71040 1
19-07-2017-09:51:17:639 71040 71680 1
19-07-2017-09:51:17:679 71680 72320 1
19-07-2017-09:51:17:709 72320 72960 1
19-07-2017-09:51:17:748 72960 73600 1
19-07-2017-09:51:17:788 73600 74240 1
19-07-2017-09:51:17:828 74240 74880 1
19-07-2017-09:51:17:876 74880 75520 1
19-07-2017-09:51:17:915 75520 76160 1
19-07-2017-09:51:17:945 76160 76800 1
19-07-2017-09:51:17:986 76800 77440 1
19-07-2017-09:51:18:026 77440 78080 1
19-07-2017-09:51:18:071 78080 78720 1
19-07-2017-09:51:18:112 78720 79360 1
19-07-2017-09:51:18:153 79360 80000 1
19-07-2017-09:51:18:194 80000 80640 1
19-07-2017-09:51:18:240 80640 81280 1
19-07-2017-09:51:18:280 81280 81920 1
19-07-2017-09:51:18:311 81920 82560 1
19-07-2017-09:51:18:351 82560 83200 1
19-07-2017-09:51:18:391 83200 83840 1
19-07-2017-09:51:18:432 83840 84480 1
19-07-2017-09:51:18:479 84480 85120 1
19-07-2017-09:51:18:520 85120 85760 1
19-07-2017-09:51:18:548 85760 86400 1
19-07-2017-09:51:18:590 86400 87040 1
19-07-2017-09:51:18:630 87040 87680 1
19-07-2017-09:51:18:670 87680 88320 1
19-07-2017-09:51:18:715 88320 88960 1
19-07-2017-09:51:18:745 88960 89600 1
19-07-2017-09:51:18:831 89600 90240 1
19-07-2017-09:51:18:834 90240 90880 1
19-07-2017-09:51:18:868 90880 91520 1
19-07-2017-09:51:18:914 91520 92160 1
19-07-2017-09:51:18:956 92160 92800 1
19-07-2017-09:51:18:996 92800 93440 1
19-07-2017-09:51:19:024 93440 94080 1
19-07-2017-09:51:19:064 94080 94720 1
19-07-2017-09:51:19:110 94720 95360 1
19-07-2017-09:51:19:151 95360 96000 1
19-07-2017-09:51:19:193 96000 96640 1
19-07-2017-09:51:19:234 96640 97280 1
19-07-2017-09:51:19:274 97280 97920 1
19-07-2017-09:51:19:320 97920 98560 1
19-07-2017-09:51:19:348 98560 99200 1
19-07-2017-09:51:19:390 99200 99840 1
19-07-2017-09:51:19:431 99840 100480 1
19-07-2017-09:51:19:472 100480 101120 1
19-07-2017-09:51:19:519 101120 101760 1
19-07-2017-09:51:19:557 101760 102400 1
19-07-2017-09:51:19:588 102400 103040 1
19-07-2017-09:51:19:629 103040 103680 1
19-07-2017-09:51:19:669 103680 104320 1
19-07-2017-09:51:19:710 104320 104960 1
19-07-2017-09:51:19:756 104960 105600 1
19-07-2017-09:51:19:786 105600 106240 1
19-07-2017-09:51:19:826 106240 106880 1
19-07-2017-09:51:19:868 106880 107520 1
19-07-2017-09:51:19:908 107520 108160 1
19-07-2017-09:51:19:954 108160 108800 1
19-07-2017-09:51:19:993 108800 109440 1
19-07-2017-09:51:20:035 109440 110080 1
19-07-2017-09:51:20:075 110080 110720 1
19-07-2017-09:51:20:105 110720 111360 1
19-07-2017-09:51:20:144 111360 112000 1
19-07-2017-09:51:20:191 112000 112640 1
19-07-2017-09:51:20:226 112640 113280 1
19-07-2017-09:51:20:268 113280 113920 1
19-07-2017-09:51:20:313 113920 114560 1
19-07-2017-09:51:20:353 114560 115200 1
19-07-2017-09:51:20:393 115200 115840 1
19-07-2017-09:51:20:435 115840 116480 1
19-07-2017-09:51:20:465 116480 117120 1
19-07-2017-09:51:20:505 117120 117760 1
19-07-2017-09:51:20:552 117760 118400 1
19-07-2017-09:51:20:592 118400 119040 1
19-07-2017-09:51:20:632 119040 119680 1
19-07-2017-09:51:20:673 119680 120320 1
19-07-2017-09:51:20:720 120320 120960 1
19-07-2017-09:51:20:748 120960 121600 1
19-07-2017-09:51:20:788 121600 122240 1
19-07-2017-09:51:20:829 122240 122880 1
19-07-2017-09:51:20:871 122880 123520 1
19-07-2017-09:51:20:916 123520 124160 1
19-07-2017-09:51:20:957 124160 124800 1
19-07-2017-09:51:20:986 124800 125440 1
19-07-2017-09:51:21:027 125440 126080 1
19-07-2017-09:51:21:067 126080 126720 1
19-07-2017-09:51:21:106 126720 127360 1
19-07-2017-09:51:21:154 127360 128000 1
19-07-2017-09:51:21:194 128000 128640 1
19-07-2017-09:51:21:235 128640 129280 1
19-07-2017-09:51:21:275 129280 129920 1
19-07-2017-09:51:21:304 129920 130560 1
19-07-2017-09:51:21:352 130560 131200 1
19-07-2017-09:51:21:390 131200 131840 1
19-07-2017-09:51:21:432 131840 132480 1
19-07-2017-09:51:21:473 132480 133120 1
19-07-2017-09:51:21:519 133120 133760 1
19-07-2017-09:51:21:559 133760 134400 1
19-07-2017-09:51:21:588 134400 135040 1
19-07-2017-09:51:21:629 135040 135680 1
19-07-2017-09:51:21:671 135680 136320 1
19-07-2017-09:51:21:712 136320 136960 1
19-07-2017-09:51:21:750 136960 137600 1
19-07-2017-09:51:21:799 137600 138240 1
19-07-2017-09:51:21:838 138240 138880 1
19-07-2017-09:51:21:868 138880 139520 1
19-07-2017-09:51:21:909 139520 140160 1
19-07-2017-09:51:22:349 140160 140800 1
19-07-2017-09:51:22:350 140800 141440 1
19-07-2017-09:51:22:350 141440 142080 1
19-07-2017-09:51:22:351 142080 142720 1
19-07-2017-09:51:22:351 142720 143360 1
19-07-2017-09:51:22:351 143360 144000 1
19-07-2017-09:51:22:352 144000 144640 1
19-07-2017-09:51:22:352 144640 145280 1
19-07-2017-09:51:22:352 145280 145920 1
19-07-2017-09:51:22:352 145920 146560 1
19-07-2017-09:51:22:352 146560 147200 1
19-07-2017-09:51:22:395 147200 147840 1
19-07-2017-09:51:22:440 147840 148480 1
19-07-2017-09:51:22:464 148480 149120 1
19-07-2017-09:51:22:510 149120 149760 1
19-07-2017-09:51:22:552 149760 150400 1
19-07-2017-09:51:22:593 150400 151040 1
19-07-2017-09:51:22:632 151040 151680 1
19-07-2017-09:51:22:681 151680 152320 1
19-07-2017-09:51:22:720 152320 152960 1
19-07-2017-09:51:22:750 152960 153600 1
19-07-2017-09:51:22:790 153600 154240 1
19-07-2017-09:51:22:830 154240 154880 1
19-07-2017-09:51:22:870 154880 155520 1
19-07-2017-09:51:22:917 155520 156160 1
19-07-2017-09:51:22:958 156160 156800 1
19-07-2017-09:51:22:987 156800 157440 1
19-07-2017-09:51:23:026 157440 158080 1
19-07-2017-09:51:23:068 158080 158720 1
19-07-2017-09:51:23:109 158720 159360 1
19-07-2017-09:51:23:155 159360 160000 1
19-07-2017-09:51:23:185 160000 160640 1
19-07-2017-09:51:23:230 160640 161280 1
19-07-2017-09:51:23:270 161280 161920 1
19-07-2017-09:51:23:309 161920 162560 1
19-07-2017-09:51:23:351 162560 163200 1
19-07-2017-09:51:23:398 163200 163840 1
19-07-2017-09:51:23:437 163840 164480 1
19-07-2017-09:51:23:466 164480 165120 1
19-07-2017-09:51:23:508 165120 165760 1
19-07-2017-09:51:23:548 165760 166400 1
19-07-2017-09:51:23:589 166400 167040 1
19-07-2017-09:51:23:636 167040 167680 1
19-07-2017-09:51:23:666 167680 168320 1
19-07-2017-09:51:23:706 168320 168960 1
19-07-2017-09:51:23:746 168960 169600 1
19-07-2017-09:51:23:787 169600 170240 1
19-07-2017-09:51:23:833 170240 170880 1
19-07-2017-09:51:23:873 170880 171520 1
19-07-2017-09:51:23:915 171520 172160 1
19-07-2017-09:51:23:956 172160 172800 1
19-07-2017-09:51:23:983 172800 173440 1
19-07-2017-09:51:24:025 173440 174080 1
19-07-2017-09:51:24:072 174080 174720 1
19-07-2017-09:51:24:111 174720 175360 1
19-07-2017-09:51:24:151 175360 176000 1
19-07-2017-09:51:24:192 176000 176640 1
19-07-2017-09:51:24:239 176640 177280 1
19-07-2017-09:51:24:269 177280 177920 1
19-07-2017-09:51:24:310 177920 178560 1
19-07-2017-09:51:24:350 178560 179200 1
19-07-2017-09:51:24:390 179200 179840 1
19-07-2017-09:51:24:437 179840 180480 1
19-07-2017-09:51:24:465 180480 181120 1
19-07-2017-09:51:24:506 181120 181760 1
19-07-2017-09:51:24:547 181760 182400 1
19-07-2017-09:51:24:587 182400 183040 1
19-07-2017-09:51:24:629 183040 183680 1
19-07-2017-09:51:24:675 183680 184320 1
19-07-2017-09:51:24:769 184320 184960 1
19-07-2017-09:51:24:772 184960 185600 1
19-07-2017-09:51:24:788 185600 186240 1
19-07-2017-09:51:24:830 186240 186880 1
19-07-2017-09:51:24:871 186880 187520 1
19-07-2017-09:51:24:917 187520 188160 1
19-07-2017-09:51:24:958 188160 188800 1
19-07-2017-09:51:24:988 188800 189440 1
19-07-2017-09:51:25:028 189440 190080 1
19-07-2017-09:51:25:066 190080 190720 1
19-07-2017-09:51:25:114 190720 191360 1
19-07-2017-09:51:25:154 191360 192000 1
19-07-2017-09:51:25:193 192000 192640 1
19-07-2017-09:51:25:235 192640 193280 1
19-07-2017-09:51:25:263 193280 193920 1
19-07-2017-09:51:25:310 193920 194560 1
19-07-2017-09:51:25:350 194560 195200 1
19-07-2017-09:51:25:391 195200 195840 1
19-07-2017-09:51:25:432 195840 196480 1
19-07-2017-09:51:25:473 196480 197120 1
19-07-2017-09:51:25:518 197120 197760 1
19-07-2017-09:51:25:548 197760 198400 1
19-07-2017-09:51:25:588 198400 199040 1
19-07-2017-09:51:25:630 199040 199680 1
19-07-2017-09:51:25:670 199680 200320 1
19-07-2017-09:51:25:717 200320 200960 1
19-07-2017-09:51:25:758 200960 201600 1
19-07-2017-09:51:25:786 201600 202240 1
19-07-2017-09:51:25:826 202240 202880 1
19-07-2017-09:51:25:867 202880 203520 1
19-07-2017-09:51:25:913 203520 204160 1
19-07-2017-09:51:25:954 204160 204800 1
19-07-2017-09:51:25:994 204800 205440 1
19-07-2017-09:51:26:035 205440 206080 1
19-07-2017-09:51:26:064 206080 206720 1
19-07-2017-09:51:26:105 206720 207360 1
19-07-2017-09:51:26:150 207360 208000 1
19-07-2017-09:51:26:192 208000 208640 1
19-07-2017-09:51:26:236 208640 209280 1
19-07-2017-09:51:26:265 209280 209920 1
19-07-2017-09:51:26:305 209920 210560 1
19-07-2017-09:51:26:346 210560 211200 1
19-07-2017-09:51:26:386 211200 211840 1
19-07-2017-09:51:26:433 211840 212480 1
19-07-2017-09:51:26:474 212480 213120 1
19-07-2017-09:51:26:515 213120 213760 1
19-07-2017-09:51:26:544 213760 214400 1
19-07-2017-09:51:26:583 214400 215040 1
19-07-2017-09:51:26:630 215040 215680 1
19-07-2017-09:51:26:670 215680 216320 1
19-07-2017-09:51:26:712 216320 216960 1
19-07-2017-09:51:26:752 216960 217600 1
19-07-2017-09:51:26:799 217600 218240 1
19-07-2017-09:51:26:839 218240 218880 1
19-07-2017-09:51:26:869 218880 219520 1
19-07-2017-09:51:26:909 219520 220160 1
19-07-2017-09:51:26:949 220160 220800 1
19-07-2017-09:51:26:991 220800 221440 1
19-07-2017-09:51:27:036 221440 222080 1
19-07-2017-09:51:27:078 222080 222720 1
19-07-2017-09:51:27:106 222720 223360 1
19-07-2017-09:51:27:146 223360 224000 1
19-07-2017-09:51:27:188 224000 224640 1
19-07-2017-09:51:27:228 224640 225280 1
19-07-2017-09:51:27:274 225280 225920 1
19-07-2017-09:51:27:313 225920 226560 1
19-07-2017-09:51:27:355 226560 227200 1
19-07-2017-09:51:27:384 227200 227840 1
19-07-2017-09:51:27:425 227840 228480 1
19-07-2017-09:51:27:471 228480 229120 1
19-07-2017-09:51:27:512 229120 229760 1
19-07-2017-09:51:27:552 229760 230400 1
19-07-2017-09:51:27:593 230400 231040 1
19-07-2017-09:51:27:639 231040 231680 1
19-07-2017-09:51:27:668 231680 232320 1
19-07-2017-09:51:27:708 232320 232960 1
19-07-2017-09:51:27:754 232960 233600 1
19-07-2017-09:51:27:794 233600 234240 1
19-07-2017-09:51:27:835 234240 234880 1
19-07-2017-09:51:28:055 234880 235520 1
19-07-2017-09:51:28:056 235520 236160 1
19-07-2017-09:51:28:056 236160 236800 1
19-07-2017-09:51:28:056 236800 237440 1
19-07-2017-09:51:28:056 237440 238080 1
19-07-2017-09:51:28:071 238080 238720 1
19-07-2017-09:51:28:118 238720 239360 1
19-07-2017-09:51:28:159 239360 240000 1
19-07-2017-09:51:28:187 240000 240640 1
19-07-2017-09:51:28:228 240640 241280 1
19-07-2017-09:51:28:270 241280 241920 1
19-07-2017-09:51:28:311 241920 242560 1
19-07-2017-09:51:28:356 242560 243200 1
19-07-2017-09:51:28:386 243200 243840 1
19-07-2017-09:51:28:426 243840 244480 1
19-07-2017-09:51:28:466 244480 245120 1
19-07-2017-09:51:28:506 245120 245760 1
19-07-2017-09:51:28:552 245760 246400 1
19-07-2017-09:51:28:594 246400 247040 1
19-07-2017-09:51:28:633 247040 247680 1
19-07-2017-09:51:28:676 247680 248320 1
19-07-2017-09:51:28:705 248320 248960 1
19-07-2017-09:51:28:744 248960 249600 1
19-07-2017-09:51:28:792 249600 250240 1
19-07-2017-09:51:28:832 250240 250880 1
19-07-2017-09:51:28:872 250880 251520 1
19-07-2017-09:51:28:912 251520 252160 1
19-07-2017-09:51:28:960 252160 252800 1
19-07-2017-09:51:28:989 252800 253440 1
19-07-2017-09:51:29:028 253440 254080 1
19-07-2017-09:51:29:070 254080 254720 1
19-07-2017-09:51:29:115 254720 255360 1
19-07-2017-09:51:29:157 255360 256000 1
19-07-2017-09:51:29:186 256000 256640 1
19-07-2017-09:51:29:231 256640 257280 1
19-07-2017-09:51:29:273 257280 257920 1
19-07-2017-09:51:29:313 257920 258560 1
19-07-2017-09:51:29:358 258560 259200 1
19-07-2017-09:51:29:400 259200 259840 1
19-07-2017-09:51:29:427 259840 260480 1
19-07-2017-09:51:29:469 260480 261120 1
19-07-2017-09:51:29:509 261120 261760 1
19-07-2017-09:51:29:554 261760 262400 1
19-07-2017-09:51:29:583 262400 263040 1
19-07-2017-09:51:29:625 263040 263680 1
19-07-2017-09:51:29:667 263680 264320 1
19-07-2017-09:51:29:713 264320 264960 1
19-07-2017-09:51:29:753 264960 265600 1
19-07-2017-09:51:29:794 265600 266240 1
19-07-2017-09:51:29:839 266240 266880 1
19-07-2017-09:51:29:880 266880 267520 1
19-07-2017-09:51:29:909 267520 268160 1
19-07-2017-09:51:29:949 268160 268800 1
19-07-2017-09:51:29:989 268800 269440 1
19-07-2017-09:51:30:035 269440 270080 1
19-07-2017-09:51:30:076 270080 270720 1
19-07-2017-09:51:30:105 270720 271360 1
19-07-2017-09:51:30:145 271360 272000 1
19-07-2017-09:51:30:186 272000 272640 1
19-07-2017-09:51:30:233 272640 273280 1
19-07-2017-09:51:30:272 273280 273920 1
19-07-2017-09:51:30:314 273920 274560 1
19-07-2017-09:51:30:353 274560 275200 1
19-07-2017-09:51:30:399 275200 275840 1
19-07-2017-09:51:30:429 275840 276480 1
19-07-2017-09:51:30:469 276480 277120 1
19-07-2017-09:51:30:510 277120 277760 1
19-07-2017-09:51:30:552 277760 278400 1
19-07-2017-09:51:30:597 278400 279040 1
19-07-2017-09:51:30:627 279040 279680 1
19-07-2017-09:51:30:666 279680 280320 1
19-07-2017-09:51:30:709 280320 280960 1
19-07-2017-09:51:30:748 280960 281600 1
19-07-2017-09:51:30:795 281600 282240 1
19-07-2017-09:51:30:835 282240 282880 1
19-07-2017-09:51:30:864 282880 283520 1
19-07-2017-09:51:30:906 283520 284160 1
19-07-2017-09:51:30:946 284160 284800 1
19-07-2017-09:51:30:992 284800 285440 1
19-07-2017-09:51:31:367 285440 286080 1
19-07-2017-09:51:31:368 286080 286720 1
19-07-2017-09:51:31:368 286720 287360 1
19-07-2017-09:51:31:368 287360 288000 1
19-07-2017-09:51:31:368 288000 288640 1
19-07-2017-09:51:31:368 288640 289280 1
19-07-2017-09:51:31:369 289280 289920 1
19-07-2017-09:51:31:369 289920 290560 1
19-07-2017-09:51:31:369 290560 291200 1
19-07-2017-09:51:31:400 291200 291840 1
19-07-2017-09:51:31:427 291840 292480 1
19-07-2017-09:51:31:469 292480 293120 1
19-07-2017-09:51:31:510 293120 293760 1
19-07-2017-09:51:31:550 293760 294400 1
19-07-2017-09:51:31:596 294400 295040 1
19-07-2017-09:51:31:638 295040 295680 1
19-07-2017-09:51:31:666 295680 296320 1
19-07-2017-09:51:31:705 296320 296960 1
19-07-2017-09:51:31:748 296960 297600 1
19-07-2017-09:51:31:787 297600 298240 1
19-07-2017-09:51:31:834 298240 298880 1
19-07-2017-09:51:31:876 298880 299520 1
19-07-2017-09:51:31:904 299520 300160 1
19-07-2017-09:51:31:945 300160 300800 1
19-07-2017-09:51:31:985 300800 301440 1
19-07-2017-09:51:32:033 301440 302080 1
19-07-2017-09:51:32:073 302080 302720 1
19-07-2017-09:51:32:113 302720 303360 1
19-07-2017-09:51:32:154 303360 304000 1
19-07-2017-09:51:32:185 304000 304640 1
19-07-2017-09:51:32:225 304640 305280 1
19-07-2017-09:51:32:265 305280 305920 1
19-07-2017-09:51:32:311 305920 306560 1
19-07-2017-09:51:32:353 306560 307200 1
19-07-2017-09:51:32:393 307200 307840 1
19-07-2017-09:51:32:433 307840 308480 1
19-07-2017-09:51:32:481 308480 309120 1
19-07-2017-09:51:32:511 309120 309760 1
19-07-2017-09:51:32:550 309760 310400 1
19-07-2017-09:51:32:592 310400 311040 1
19-07-2017-09:51:32:631 311040 311680 1
19-07-2017-09:51:32:678 311680 312320 1
19-07-2017-09:51:32:718 312320 312960 1
19-07-2017-09:51:32:748 312960 313600 1
19-07-2017-09:51:32:789 313600 314240 1
19-07-2017-09:51:32:829 314240 314880 1
19-07-2017-09:51:32:869 314880 315520 1
19-07-2017-09:51:32:916 315520 316160 1
19-07-2017-09:51:32:945 316160 316800 1
19-07-2017-09:51:32:985 316800 317440 1
19-07-2017-09:51:33:026 317440 318080 1
19-07-2017-09:51:33:066 318080 318720 1
19-07-2017-09:51:33:114 318720 319360 1
19-07-2017-09:51:33:153 319360 320000 1
19-07-2017-09:51:33:195 320000 320640 1
19-07-2017-09:51:33:224 320640 321280 1
19-07-2017-09:51:33:264 321280 321920 1
19-07-2017-09:51:33:311 321920 322560 1
19-07-2017-09:51:33:351 322560 323200 1
19-07-2017-09:51:33:393 323200 323840 1
19-07-2017-09:51:33:440 323840 324480 1
19-07-2017-09:51:33:480 324480 325120 1
19-07-2017-09:51:33:509 325120 325760 1
19-07-2017-09:51:33:549 325760 326400 1
19-07-2017-09:51:33:589 326400 327040 1
19-07-2017-09:51:33:630 327040 327680 1
19-07-2017-09:51:33:677 327680 328320 1
19-07-2017-09:51:33:715 328320 328960 1
19-07-2017-09:51:33:755 328960 329600 1
19-07-2017-09:51:33:796 329600 330240 1
19-07-2017-09:51:33:824 330240 330880 1
19-07-2017-09:51:33:866 330880 331520 1
19-07-2017-09:51:33:907 331520 332160 1
19-07-2017-09:51:33:954 332160 332800 1
19-07-2017-09:51:33:994 332800 333440 1
19-07-2017-09:51:34:036 333440 334080 1
19-07-2017-09:51:34:065 334080 334720 1
19-07-2017-09:51:34:106 334720 335360 1
19-07-2017-09:51:34:145 335360 336000 1
19-07-2017-09:51:34:399 336000 336640 1
19-07-2017-09:51:34:400 336640 337280 1
19-07-2017-09:51:34:400 337280 337920 1
19-07-2017-09:51:34:401 337920 338560 1
19-07-2017-09:51:34:401 338560 339200 1
19-07-2017-09:51:34:401 339200 339840 1
19-07-2017-09:51:34:425 339840 340480 1
19-07-2017-09:51:34:473 340480 341120 1
19-07-2017-09:51:34:509 341120 341760 1
19-07-2017-09:51:34:550 341760 342400 1
19-07-2017-09:51:34:598 342400 343040 1
19-07-2017-09:51:34:637 343040 343680 1
19-07-2017-09:51:34:667 343680 344320 1
19-07-2017-09:51:34:707 344320 344960 1
19-07-2017-09:51:34:748 344960 345600 1
19-07-2017-09:51:34:794 345600 346240 1
19-07-2017-09:51:34:835 346240 346880 1
19-07-2017-09:51:34:864 346880 347520 1
19-07-2017-09:51:34:906 347520 348160 1
19-07-2017-09:51:34:946 348160 348800 1
19-07-2017-09:51:34:992 348800 349440 1
19-07-2017-09:51:35:033 349440 350080 1
19-07-2017-09:51:35:074 350080 350720 1
19-07-2017-09:51:35:115 350720 351360 1
19-07-2017-09:51:35:144 351360 352000 1
19-07-2017-09:51:35:190 352000 352640 1
19-07-2017-09:51:35:225 352640 353280 1
19-07-2017-09:51:35:267 353280 353920 1
19-07-2017-09:51:35:312 353920 354560 1
19-07-2017-09:51:35:355 354560 355200 1
19-07-2017-09:51:35:394 355200 355840 1
19-07-2017-09:51:35:423 355840 356480 1
19-07-2017-09:51:35:471 356480 357120 1
19-07-2017-09:51:35:510 357120 357760 1
19-07-2017-09:51:35:553 357760 358400 1
19-07-2017-09:51:35:597 358400 359040 1
19-07-2017-09:51:35:638 359040 359680 1
19-07-2017-09:51:35:669 359680 360320 1
19-07-2017-09:51:35:709 360320 360960 1
19-07-2017-09:51:35:748 360960 361600 1
19-07-2017-09:51:35:790 361600 362240 1
19-07-2017-09:51:35:836 362240 362880 1
19-07-2017-09:51:35:865 362880 363520 1
19-07-2017-09:51:35:907 363520 364160 1
19-07-2017-09:51:35:946 364160 364800 1
19-07-2017-09:51:35:988 364800 365440 1
19-07-2017-09:51:36:033 365440 366080 1
19-07-2017-09:51:36:073 366080 366720 1
19-07-2017-09:51:36:114 366720 367360 1
19-07-2017-09:51:36:154 367360 368000 1
19-07-2017-09:51:36:184 368000 368640 1
19-07-2017-09:51:36:230 368640 369280 1
19-07-2017-09:51:36:271 369280 369920 1
19-07-2017-09:51:36:311 369920 370560 1
19-07-2017-09:51:36:356 370560 371200 1
19-07-2017-09:51:36:397 371200 371840 1
19-07-2017-09:51:36:427 371840 372480 1
19-07-2017-09:51:36:467 372480 373120 1
19-07-2017-09:51:36:507 373120 373760 1
19-07-2017-09:51:36:554 373760 374400 1
19-07-2017-09:51:36:596 374400 375040 1
19-07-2017-09:51:36:635 375040 375680 1
19-07-2017-09:51:36:681 375680 376320 1
19-07-2017-09:51:36:709 376320 376960 1
19-07-2017-09:51:36:756 376960 377600 1
19-07-2017-09:51:36:795 377600 378240 1
19-07-2017-09:51:36:824 378240 378880 1
19-07-2017-09:51:36:865 378880 379520 1
19-07-2017-09:51:36:911 379520 380160 1
19-07-2017-09:51:36:950 380160 380800 1
19-07-2017-09:51:36:990 380800 381440 1
19-07-2017-09:51:37:036 381440 382080 1
19-07-2017-09:51:37:067 382080 382720 1
19-07-2017-09:51:37:108 382720 383360 1
19-07-2017-09:51:37:149 383360 384000 1
19-07-2017-09:51:37:189 384000 384640 1
19-07-2017-09:51:37:236 384640 385280 1
19-07-2017-09:51:37:263 385280 385920 1
19-07-2017-09:51:37:304 385920 386560 1
19-07-2017-09:51:37:585 386560 387200 1
19-07-2017-09:51:37:589 387200 387840 1
19-07-2017-09:51:37:589 387840 388480 1
19-07-2017-09:51:37:589 388480 389120 1
19-07-2017-09:51:37:589 389120 389760 1
19-07-2017-09:51:37:589 389760 390400 1
19-07-2017-09:51:37:589 390400 391040 1
19-07-2017-09:51:37:630 391040 391680 1
19-07-2017-09:51:37:677 391680 392320 1
19-07-2017-09:51:37:713 392320 392960 1
19-07-2017-09:51:37:758 392960 393600 1
19-07-2017-09:51:37:798 393600 394240 1
19-07-2017-09:51:37:827 394240 394880 1
19-07-2017-09:51:37:868 394880 395520 1
19-07-2017-09:51:37:908 395520 396160 1
19-07-2017-09:51:37:948 396160 396800 1
19-07-2017-09:51:37:996 396800 397440 1
19-07-2017-09:51:38:035 397440 398080 1
19-07-2017-09:51:38:065 398080 398720 1
19-07-2017-09:51:38:104 398720 399360 1
19-07-2017-09:51:38:146 399360 400000 1
19-07-2017-09:51:38:192 400000 400640 1
19-07-2017-09:51:38:233 400640 401280 1
19-07-2017-09:51:38:273 401280 401920 1
19-07-2017-09:51:38:315 401920 402560 1
19-07-2017-09:51:38:355 402560 403200 1
19-07-2017-09:51:38:384 403200 403840 1
19-07-2017-09:51:38:430 403840 404480 1
19-07-2017-09:51:38:471 404480 405120 1
19-07-2017-09:51:38:512 405120 405760 1
19-07-2017-09:51:38:553 405760 406400 1
19-07-2017-09:51:38:598 406400 407040 1
19-07-2017-09:51:38:639 407040 407680 1
19-07-2017-09:51:38:668 407680 408320 1
19-07-2017-09:51:38:708 408320 408960 1
19-07-2017-09:51:38:748 408960 409600 1
19-07-2017-09:51:38:789 409600 410240 1
19-07-2017-09:51:38:835 410240 410880 1
19-07-2017-09:51:38:865 410880 411520 1
19-07-2017-09:51:38:907 411520 412160 1
19-07-2017-09:51:38:947 412160 412800 1
19-07-2017-09:51:38:987 412800 413440 1
19-07-2017-09:51:39:034 413440 414080 1
19-07-2017-09:51:39:074 414080 414720 1
19-07-2017-09:51:39:114 414720 415360 1
19-07-2017-09:51:39:143 415360 416000 1
19-07-2017-09:51:39:184 416000 416640 1
19-07-2017-09:51:39:230 416640 417280 1
19-07-2017-09:51:39:312 417280 417920 1
19-07-2017-09:51:39:314 417920 418560 1
19-07-2017-09:51:39:354 418560 419200 1
19-07-2017-09:51:39:400 419200 419840 1
19-07-2017-09:51:39:429 419840 420480 1
19-07-2017-09:51:39:469 420480 421120 1
19-07-2017-09:51:39:511 421120 421760 1
19-07-2017-09:51:39:551 421760 422400 1
19-07-2017-09:51:39:597 422400 423040 1
19-07-2017-09:51:39:626 423040 423680 1
19-07-2017-09:51:39:666 423680 424320 1
19-07-2017-09:51:39:708 424320 424960 1
19-07-2017-09:51:39:753 424960 425600 1
19-07-2017-09:51:39:793 425600 426240 1
19-07-2017-09:51:39:834 426240 426880 1
19-07-2017-09:51:39:880 426880 427520 1
19-07-2017-09:51:39:906 427520 428160 1
19-07-2017-09:51:39:950 428160 428800 1
19-07-2017-09:51:39:991 428800 429440 1
19-07-2017-09:51:40:032 429440 430080 1
19-07-2017-09:51:40:078 430080 430720 1
19-07-2017-09:51:40:119 430720 431360 1
19-07-2017-09:51:40:148 431360 432000 1
19-07-2017-09:51:40:187 432000 432640 1
19-07-2017-09:51:40:229 432640 433280 1
19-07-2017-09:51:40:274 433280 433920 1
19-07-2017-09:51:40:315 433920 434560 1
19-07-2017-09:51:40:345 434560 435200 1
19-07-2017-09:51:40:385 435200 435840 1
19-07-2017-09:51:40:425 435840 436480 1
19-07-2017-09:51:40:467 436480 437120 1
19-07-2017-09:51:40:514 437120 437760 1
19-07-2017-09:51:40:554 437760 438400 1
19-07-2017-09:51:40:594 438400 439040 1
19-07-2017-09:51:40:625 439040 439680 1
19-07-2017-09:51:40:669 439680 440320 1
19-07-2017-09:51:40:710 440320 440960 1
19-07-2017-09:51:40:750 440960 441600 1
19-07-2017-09:51:40:791 441600 442240 1
19-07-2017-09:51:40:836 442240 442880 1
19-07-2017-09:51:40:865 442880 443520 1
19-07-2017-09:51:40:907 443520 444160 1
19-07-2017-09:51:40:947 444160 444800 1
19-07-2017-09:51:40:988 444800 445440 1
19-07-2017-09:51:41:036 445440 446080 1
19-07-2017-09:51:41:063 446080 446720 1
19-07-2017-09:51:41:105 446720 447360 1
19-07-2017-09:51:41:145 447360 448000 1
19-07-2017-09:51:41:185 448000 448640 1
19-07-2017-09:51:41:229 448640 449280 1
19-07-2017-09:51:41:274 449280 449920 1
19-07-2017-09:51:41:316 449920 450560 1
19-07-2017-09:51:41:345 450560 451200 1
19-07-2017-09:51:41:384 451200 451840 1
19-07-2017-09:51:41:426 451840 452480 1
19-07-2017-09:51:41:465 452480 453120 1
19-07-2017-09:51:41:513 453120 453760 1
19-07-2017-09:51:41:552 453760 454400 1
19-07-2017-09:51:41:594 454400 455040 1
19-07-2017-09:51:41:639 455040 455680 1
19-07-2017-09:51:41:679 455680 456320 1
19-07-2017-09:51:41:709 456320 456960 1
19-07-2017-09:51:41:749 456960 457600 1
19-07-2017-09:51:41:790 457600 458240 1
19-07-2017-09:51:41:831 458240 458880 1
19-07-2017-09:51:41:876 458880 459520 1
19-07-2017-09:51:41:907 459520 460160 1
19-07-2017-09:51:41:946 460160 460800 1
19-07-2017-09:51:41:986 460800 461440 1
19-07-2017-09:51:42:028 461440 462080 1
19-07-2017-09:51:42:072 462080 462720 1
19-07-2017-09:51:42:114 462720 463360 1
19-07-2017-09:51:42:154 463360 464000 1
19-07-2017-09:51:42:183 464000 464640 1
19-07-2017-09:51:42:222 464640 465280 1
19-07-2017-09:51:42:271 465280 465920 1
19-07-2017-09:51:42:310 465920 466560 1
19-07-2017-09:51:42:351 466560 467200 1
19-07-2017-09:51:42:395 467200 467840 1
19-07-2017-09:51:42:536 467840 468480 1
19-07-2017-09:51:42:537 468480 469120 1
19-07-2017-09:51:42:539 469120 469760 1
19-07-2017-09:51:42:547 469760 470400 1
19-07-2017-09:51:42:593 470400 471040 1
19-07-2017-09:51:42:635 471040 471680 1
19-07-2017-09:51:42:674 471680 472320 1
19-07-2017-09:51:42:704 472320 472960 1
19-07-2017-09:51:42:751 472960 473600 1
19-07-2017-09:51:42:791 473600 474240 1
19-07-2017-09:51:42:831 474240 474880 1
19-07-2017-09:51:42:872 474880 475520 1
19-07-2017-09:51:42:917 475520 476160 1
19-07-2017-09:51:42:957 476160 476800 1
19-07-2017-09:51:42:987 476800 477440 1
19-07-2017-09:51:43:028 477440 478080 1
19-07-2017-09:51:43:069 478080 478720 1
19-07-2017-09:51:43:110 478720 479360 1
19-07-2017-09:51:43:156 479360 480000 1
19-07-2017-09:51:43:197 480000 480640 1
19-07-2017-09:51:43:225 480640 481280 1
19-07-2017-09:51:43:266 481280 481920 1
19-07-2017-09:51:43:307 481920 482560 1
19-07-2017-09:51:43:346 482560 483200 1
19-07-2017-09:51:43:394 483200 483840 1
19-07-2017-09:51:43:435 483840 484480 1
19-07-2017-09:51:43:475 484480 485120 1
19-07-2017-09:51:43:517 485120 485760 1
19-07-2017-09:51:43:543 485760 486400 1
19-07-2017-09:51:43:585 486400 487040 1
19-07-2017-09:51:43:630 487040 487680 1
19-07-2017-09:51:43:671 487680 488320 1
19-07-2017-09:51:43:712 488320 488960 1
19-07-2017-09:51:43:754 488960 489600 1
19-07-2017-09:51:43:800 489600 490240 1
