19-07-2017-10:54:28:884 0 720 1
19-07-2017-10:54:28:933 720 1440 1
19-07-2017-10:54:28:972 1440 2160 1
19-07-2017-10:54:29:013 2160 2880 1
19-07-2017-10:54:29:065 2880 3600 1
19-07-2017-10:54:29:111 3600 4320 1
19-07-2017-10:54:29:156 4320 5040 1
19-07-2017-10:54:29:197 5040 5760 1
19-07-2017-10:54:29:238 5760 6480 1
19-07-2017-10:54:29:280 6480 7200 1
19-07-2017-10:54:29:326 7200 7920 1
19-07-2017-10:54:29:378 7920 8592 1
19-07-2017-10:54:29:423 8592 9264 1
19-07-2017-10:54:29:452 9264 9936 1
19-07-2017-10:54:29:494 9936 10608 1
19-07-2017-10:54:29:549 10608 11280 1
19-07-2017-10:54:29:581 11280 11952 1
19-07-2017-10:54:29:629 11952 12624 1
19-07-2017-10:54:29:677 12624 13296 1
19-07-2017-10:54:29:713 13296 13968 1
19-07-2017-10:54:29:761 13968 14640 1
19-07-2017-10:54:29:801 14640 15312 1
19-07-2017-10:54:29:838 15312 15984 1
19-07-2017-10:54:29:884 15984 16656 1
19-07-2017-10:54:29:913 16656 17328 1
19-07-2017-10:54:29:965 17328 18000 1
19-07-2017-10:54:30:007 18000 18672 1
19-07-2017-10:54:30:057 18672 19344 1
19-07-2017-10:54:30:094 19344 20016 1
19-07-2017-10:54:30:130 20016 20688 1
19-07-2017-10:54:30:175 20688 21360 1
19-07-2017-10:54:30:215 21360 22032 1
19-07-2017-10:54:30:255 22032 22704 1
19-07-2017-10:54:30:297 22704 23376 1
19-07-2017-10:54:30:342 23376 24048 1
19-07-2017-10:54:30:382 24048 24720 1
19-07-2017-10:54:30:425 24720 25392 1
19-07-2017-10:54:30:465 25392 26064 1
19-07-2017-10:54:30:511 26064 26736 1
19-07-2017-10:54:30:552 26736 27408 1
19-07-2017-10:54:30:594 27408 28080 1
19-07-2017-10:54:30:638 28080 28752 1
19-07-2017-10:54:30:679 28752 29424 1
19-07-2017-10:54:30:720 29424 30096 1
19-07-2017-10:54:30:760 30096 30768 1
19-07-2017-10:54:30:804 30768 31440 1
19-07-2017-10:54:30:846 31440 32112 1
19-07-2017-10:54:30:886 32112 32784 1
19-07-2017-10:54:30:933 32784 33456 1
19-07-2017-10:54:30:962 33456 34128 1
19-07-2017-10:54:31:014 34128 34784 1
19-07-2017-10:54:31:044 34784 35440 1
19-07-2017-10:54:31:096 35440 36080 1
19-07-2017-10:54:31:129 36080 36720 1
19-07-2017-10:54:31:171 36720 37360 1
19-07-2017-10:54:31:213 37360 38000 1
19-07-2017-10:54:31:257 38000 38640 1
19-07-2017-10:54:31:297 38640 39280 1
19-07-2017-10:54:31:327 39280 39920 1
19-07-2017-10:54:31:368 39920 40560 1
19-07-2017-10:54:31:408 40560 41200 1
19-07-2017-10:54:31:449 41200 41840 1
19-07-2017-10:54:31:491 41840 42480 1
19-07-2017-10:54:31:535 42480 43120 1
19-07-2017-10:54:31:577 43120 43760 1
19-07-2017-10:54:31:607 43760 44400 1
19-07-2017-10:54:31:648 44400 45040 1
19-07-2017-10:54:31:688 45040 45680 1
19-07-2017-10:54:31:727 45680 46320 1
19-07-2017-10:54:31:772 46320 46960 1
19-07-2017-10:54:31:815 46960 47600 1
19-07-2017-10:54:31:855 47600 48240 1
19-07-2017-10:54:31:885 48240 48880 1
19-07-2017-10:54:31:924 48880 49520 1
19-07-2017-10:54:32:079 49520 50160 1
19-07-2017-10:54:32:081 50160 50800 1
19-07-2017-10:54:32:081 50800 51440 1
19-07-2017-10:54:32:099 51440 52080 1
19-07-2017-10:54:32:140 52080 52720 1
19-07-2017-10:54:32:170 52720 53360 1
19-07-2017-10:54:32:209 53360 54000 1
19-07-2017-10:54:32:251 54000 54640 1
19-07-2017-10:54:32:296 54640 55280 1
19-07-2017-10:54:32:338 55280 55920 1
19-07-2017-10:54:32:366 55920 56560 1
19-07-2017-10:54:32:408 56560 57200 1
19-07-2017-10:54:32:448 57200 57840 1
19-07-2017-10:54:32:493 57840 58480 1
19-07-2017-10:54:32:535 58480 59120 1
19-07-2017-10:54:32:575 59120 59760 1
19-07-2017-10:54:32:605 59760 60400 1
19-07-2017-10:54:32:645 60400 61040 1
19-07-2017-10:54:32:691 61040 61680 1
19-07-2017-10:54:32:731 61680 62320 1
19-07-2017-10:54:32:771 62320 62960 1
19-07-2017-10:54:32:812 62960 63600 1
19-07-2017-10:54:32:858 63600 64240 1
19-07-2017-10:54:32:888 64240 64880 1
19-07-2017-10:54:32:932 64880 65520 1
19-07-2017-10:54:32:972 65520 66160 1
19-07-2017-10:54:33:012 66160 66800 1
19-07-2017-10:54:33:059 66800 67440 1
19-07-2017-10:54:33:100 67440 68080 1
19-07-2017-10:54:33:129 68080 68720 1
19-07-2017-10:54:33:169 68720 69360 1
19-07-2017-10:54:33:210 69360 70000 1
19-07-2017-10:54:33:256 70000 70640 1
19-07-2017-10:54:33:297 70640 71280 1
19-07-2017-10:54:33:327 71280 71920 1
19-07-2017-10:54:33:368 71920 72560 1
19-07-2017-10:54:33:407 72560 73200 1
19-07-2017-10:54:33:454 73200 73840 1
19-07-2017-10:54:33:494 73840 74480 1
19-07-2017-10:54:33:533 74480 75120 1
19-07-2017-10:54:33:574 75120 75760 1
19-07-2017-10:54:33:604 75760 76400 1
19-07-2017-10:54:33:650 76400 77040 1
19-07-2017-10:54:33:690 77040 77680 1
19-07-2017-10:54:33:730 77680 78320 1
19-07-2017-10:54:33:772 78320 78960 1
19-07-2017-10:54:33:816 78960 79600 1
19-07-2017-10:54:33:846 79600 80240 1
19-07-2017-10:54:33:887 80240 80880 1
19-07-2017-10:54:33:927 80880 81520 1
19-07-2017-10:54:33:968 81520 82160 1
19-07-2017-10:54:34:013 82160 82800 1
19-07-2017-10:54:34:055 82800 83440 1
19-07-2017-10:54:34:084 83440 84080 1
19-07-2017-10:54:34:126 84080 84720 1
19-07-2017-10:54:34:172 84720 85360 1
19-07-2017-10:54:34:213 85360 86000 1
19-07-2017-10:54:34:251 86000 86640 1
19-07-2017-10:54:34:293 86640 87280 1
