19-07-2017-16:15:18:714 0 752 1
19-07-2017-16:15:18:764 752 1504 1
19-07-2017-16:15:18:804 1504 2256 1
19-07-2017-16:15:18:850 2256 3008 1
19-07-2017-16:15:18:901 3008 3760 1
19-07-2017-16:15:18:942 3760 4512 1
19-07-2017-16:15:18:986 4512 5264 1
19-07-2017-16:15:19:037 5264 5984 1
19-07-2017-16:15:19:085 5984 6704 1
19-07-2017-16:15:19:125 6704 7424 1
19-07-2017-16:15:19:171 7424 8144 1
19-07-2017-16:15:19:213 8144 8864 1
19-07-2017-16:15:19:266 8864 9584 1
19-07-2017-16:15:19:306 9584 10304 1
19-07-2017-16:15:19:352 10304 11024 1
19-07-2017-16:15:19:393 11024 11744 1
19-07-2017-16:15:19:445 11744 12400 1
19-07-2017-16:15:19:488 12400 13056 1
19-07-2017-16:15:19:531 13056 13712 1
19-07-2017-16:15:19:562 13712 14368 1
19-07-2017-16:15:19:600 14368 15024 1
19-07-2017-16:15:19:640 15024 15680 1
19-07-2017-16:15:19:680 15680 16336 1
19-07-2017-16:15:19:721 16336 16992 1
19-07-2017-16:15:19:761 16992 17648 1
19-07-2017-16:15:19:802 17648 18304 1
19-07-2017-16:15:19:848 18304 18960 1
19-07-2017-16:15:19:891 18960 19616 1
19-07-2017-16:15:19:931 19616 20272 1
19-07-2017-16:15:19:977 20272 20928 1
19-07-2017-16:15:20:018 20928 21584 1
19-07-2017-16:15:20:058 21584 22240 1
19-07-2017-16:15:20:103 22240 22896 1
19-07-2017-16:15:20:145 22896 23552 1
19-07-2017-16:15:20:172 23552 24208 1
19-07-2017-16:15:20:211 24208 24864 1
19-07-2017-16:15:20:266 24864 25520 1
19-07-2017-16:15:20:310 25520 26176 1
19-07-2017-16:15:20:351 26176 26832 1
19-07-2017-16:15:20:390 26832 27488 1
19-07-2017-16:15:20:431 27488 28144 1
19-07-2017-16:15:20:460 28144 28800 1
19-07-2017-16:15:20:505 28800 29456 1
19-07-2017-16:15:20:542 29456 30112 1
19-07-2017-16:15:20:582 30112 30768 1
19-07-2017-16:15:20:623 30768 31424 1
19-07-2017-16:15:20:671 31424 32080 1
19-07-2017-16:15:20:711 32080 32736 1
19-07-2017-16:15:20:752 32736 33392 1
19-07-2017-16:15:20:793 33392 34048 1
19-07-2017-16:15:20:839 34048 34704 1
19-07-2017-16:15:20:879 34704 35360 1
19-07-2017-16:15:20:919 35360 36016 1
19-07-2017-16:15:20:966 36016 36672 1
19-07-2017-16:15:21:005 36672 37328 1
19-07-2017-16:15:21:037 37328 37984 1
19-07-2017-16:15:21:074 37984 38640 1
19-07-2017-16:15:21:115 38640 39296 1
19-07-2017-16:15:21:161 39296 39952 1
19-07-2017-16:15:21:202 39952 40608 1
19-07-2017-16:15:21:241 40608 41264 1
19-07-2017-16:15:21:286 41264 41920 1
19-07-2017-16:15:21:327 41920 42576 1
19-07-2017-16:15:21:370 42576 43232 1
19-07-2017-16:15:21:410 43232 43888 1
19-07-2017-16:15:21:455 43888 44544 1
19-07-2017-16:15:21:495 44544 45200 1
19-07-2017-16:15:21:524 45200 45856 1
19-07-2017-16:15:21:567 45856 46512 1
19-07-2017-16:15:21:607 46512 47168 1
19-07-2017-16:15:21:647 47168 47824 1
19-07-2017-16:15:21:692 47824 48480 1
19-07-2017-16:15:21:733 48480 49136 1
19-07-2017-16:15:21:775 49136 49792 1
19-07-2017-16:15:21:914 49792 50448 1
19-07-2017-16:15:21:916 50448 51104 1
19-07-2017-16:15:21:916 51104 51760 1
19-07-2017-16:15:21:954 51760 52416 1
19-07-2017-16:15:21:984 52416 53072 1
19-07-2017-16:15:22:024 53072 53728 1
19-07-2017-16:15:22:070 53728 54384 1
19-07-2017-16:15:22:112 54384 55040 1
19-07-2017-16:15:22:140 55040 55696 1
19-07-2017-16:15:22:181 55696 56352 1
19-07-2017-16:15:22:221 56352 57008 1
19-07-2017-16:15:22:263 57008 57664 1
19-07-2017-16:15:22:308 57664 58320 1
19-07-2017-16:15:22:349 58320 58976 1
19-07-2017-16:15:22:391 58976 59632 1
19-07-2017-16:15:22:429 59632 60288 1
19-07-2017-16:15:22:475 60288 60944 1
19-07-2017-16:15:22:515 60944 61600 1
19-07-2017-16:15:22:555 61600 62256 1
19-07-2017-16:15:22:598 62256 62912 1
19-07-2017-16:15:22:638 62912 63568 1
19-07-2017-16:15:22:684 63568 64224 1
19-07-2017-16:15:22:713 64224 64880 1
19-07-2017-16:15:22:767 64880 65520 1
19-07-2017-16:15:22:798 65520 66160 1
19-07-2017-16:15:22:837 66160 66800 1
19-07-2017-16:15:22:878 66800 67440 1
19-07-2017-16:15:22:919 67440 68080 1
19-07-2017-16:15:22:966 68080 68720 1
19-07-2017-16:15:22:994 68720 69360 1
19-07-2017-16:15:23:036 69360 70000 1
19-07-2017-16:15:23:075 70000 70640 1
19-07-2017-16:15:23:121 70640 71280 1
19-07-2017-16:15:23:163 71280 71920 1
19-07-2017-16:15:23:204 71920 72560 1
19-07-2017-16:15:23:244 72560 73200 1
19-07-2017-16:15:23:273 73200 73840 1
19-07-2017-16:15:23:313 73840 74480 1
19-07-2017-16:15:23:359 74480 75120 1
19-07-2017-16:15:23:399 75120 75760 1
19-07-2017-16:15:23:440 75760 76400 1
19-07-2017-16:15:23:481 76400 77040 1
19-07-2017-16:15:23:527 77040 77680 1
19-07-2017-16:15:23:568 77680 78320 1
19-07-2017-16:15:23:597 78320 78960 1
19-07-2017-16:15:23:637 78960 79600 1
19-07-2017-16:15:23:678 79600 80240 1
19-07-2017-16:15:23:719 80240 80880 1
19-07-2017-16:15:23:767 80880 81520 1
19-07-2017-16:15:23:793 81520 82160 1
19-07-2017-16:15:23:834 82160 82800 1
19-07-2017-16:15:23:876 82800 83440 1
19-07-2017-16:15:23:917 83440 84080 1
19-07-2017-16:15:23:962 84080 84720 1
19-07-2017-16:15:24:003 84720 85360 1
19-07-2017-16:15:24:043 85360 86000 1
19-07-2017-16:15:24:072 86000 86640 1
19-07-2017-16:15:24:114 86640 87280 1
19-07-2017-16:15:24:154 87280 87920 1
19-07-2017-16:15:24:200 87920 88560 1
19-07-2017-16:15:24:242 88560 89200 1
19-07-2017-16:15:24:287 89200 89840 1
19-07-2017-16:15:24:328 89840 90480 1
19-07-2017-16:15:24:357 90480 91120 1
19-07-2017-16:15:24:398 91120 91760 1
19-07-2017-16:15:24:438 91760 92400 1
19-07-2017-16:15:24:479 92400 93040 1
19-07-2017-16:15:24:526 93040 93680 1
19-07-2017-16:15:24:567 93680 94320 1
19-07-2017-16:15:24:596 94320 94960 1
19-07-2017-16:15:24:636 94960 95600 1
19-07-2017-16:15:24:677 95600 96240 1
19-07-2017-16:15:24:717 96240 96880 1
19-07-2017-16:15:24:765 96880 97520 1
19-07-2017-16:15:24:804 97520 98160 1
19-07-2017-16:15:24:835 98160 98800 1
19-07-2017-16:15:24:874 98800 99440 1
19-07-2017-16:15:24:914 99440 100080 1
19-07-2017-16:15:25:165 100080 100720 1
19-07-2017-16:15:25:166 100720 101360 1
19-07-2017-16:15:25:166 101360 102000 1
19-07-2017-16:15:25:166 102000 102640 1
19-07-2017-16:15:25:166 102640 103280 1
19-07-2017-16:15:25:166 103280 103920 1
19-07-2017-16:15:25:198 103920 104560 1
19-07-2017-16:15:25:239 104560 105200 1
19-07-2017-16:15:25:279 105200 105840 1
19-07-2017-16:15:25:321 105840 106480 1
19-07-2017-16:15:25:367 106480 107120 1
19-07-2017-16:15:25:407 107120 107760 1
19-07-2017-16:15:25:436 107760 108400 1
19-07-2017-16:15:25:477 108400 109040 1
19-07-2017-16:15:25:518 109040 109680 1
19-07-2017-16:15:25:564 109680 110320 1
19-07-2017-16:15:25:605 110320 110960 1
19-07-2017-16:15:25:634 110960 111600 1
19-07-2017-16:15:25:674 111600 112240 1
19-07-2017-16:15:25:713 112240 112880 1
19-07-2017-16:15:25:760 112880 113520 1
19-07-2017-16:15:25:801 113520 114160 1
19-07-2017-16:15:25:847 114160 114800 1
19-07-2017-16:15:25:875 114800 115440 1
19-07-2017-16:15:25:918 115440 116080 1
19-07-2017-16:15:25:958 116080 116720 1
19-07-2017-16:15:25:999 116720 117360 1
19-07-2017-16:15:26:045 117360 118000 1
19-07-2017-16:15:26:087 118000 118640 1
19-07-2017-16:15:26:114 118640 119280 1
19-07-2017-16:15:26:155 119280 119920 1
19-07-2017-16:15:26:196 119920 120560 1
19-07-2017-16:15:26:235 120560 121200 1
19-07-2017-16:15:26:282 121200 121840 1
