19-07-2017-10:09:37:105 0 800 1
19-07-2017-10:09:37:156 800 1584 1
19-07-2017-10:09:37:202 1584 2368 1
19-07-2017-10:09:37:246 2368 3152 1
19-07-2017-10:09:37:299 3152 3872 1
19-07-2017-10:09:37:346 3872 4592 1
19-07-2017-10:09:37:391 4592 5312 1
19-07-2017-10:09:37:432 5312 6032 1
19-07-2017-10:09:37:479 6032 6752 1
19-07-2017-10:09:37:519 6752 7472 1
19-07-2017-10:09:37:572 7472 8160 1
19-07-2017-10:09:37:618 8160 8848 1
19-07-2017-10:09:37:659 8848 9536 1
19-07-2017-10:09:37:706 9536 10224 1
19-07-2017-10:09:37:745 10224 10912 1
19-07-2017-10:09:37:786 10912 11600 1
19-07-2017-10:09:37:827 11600 12288 1
19-07-2017-10:09:37:867 12288 12976 1
19-07-2017-10:09:37:909 12976 13664 1
19-07-2017-10:09:37:954 13664 14352 1
19-07-2017-10:09:37:996 14352 15040 1
19-07-2017-10:09:38:038 15040 15728 1
19-07-2017-10:09:38:077 15728 16416 1
19-07-2017-10:09:38:124 16416 17104 1
19-07-2017-10:09:38:164 17104 17792 1
19-07-2017-10:09:38:205 17792 18480 1
19-07-2017-10:09:38:258 18480 19136 1
19-07-2017-10:09:38:293 19136 19792 1
19-07-2017-10:09:38:332 19792 20448 1
19-07-2017-10:09:38:376 20448 21104 1
19-07-2017-10:09:38:415 21104 21760 1
19-07-2017-10:09:38:455 21760 22416 1
19-07-2017-10:09:38:496 22416 23072 1
19-07-2017-10:09:38:541 23072 23728 1
19-07-2017-10:09:38:582 23728 24384 1
19-07-2017-10:09:38:622 24384 25040 1
19-07-2017-10:09:38:662 25040 25696 1
19-07-2017-10:09:38:708 25696 26352 1
19-07-2017-10:09:38:751 26352 27008 1
19-07-2017-10:09:38:790 27008 27664 1
19-07-2017-10:09:38:831 27664 28320 1
19-07-2017-10:09:38:877 28320 28976 1
19-07-2017-10:09:38:919 28976 29632 1
19-07-2017-10:09:38:948 29632 30288 1
19-07-2017-10:09:38:988 30288 30944 1
19-07-2017-10:09:39:028 30944 31600 1
19-07-2017-10:09:39:075 31600 32256 1
19-07-2017-10:09:39:114 32256 32912 1
19-07-2017-10:09:39:155 32912 33568 1
19-07-2017-10:09:39:196 33568 34224 1
19-07-2017-10:09:39:243 34224 34880 1
19-07-2017-10:09:39:283 34880 35536 1
19-07-2017-10:09:39:312 35536 36192 1
19-07-2017-10:09:39:364 36192 36848 1
19-07-2017-10:09:39:410 36848 37504 1
19-07-2017-10:09:39:438 37504 38160 1
19-07-2017-10:09:39:480 38160 38816 1
19-07-2017-10:09:39:520 38816 39472 1
19-07-2017-10:09:39:559 39472 40128 1
19-07-2017-10:09:39:606 40128 40784 1
19-07-2017-10:09:39:646 40784 41440 1
19-07-2017-10:09:39:692 41440 42096 1
19-07-2017-10:09:39:731 42096 42752 1
19-07-2017-10:09:39:772 42752 43408 1
19-07-2017-10:09:39:817 43408 44064 1
19-07-2017-10:09:39:857 44064 44720 1
19-07-2017-10:09:39:886 44720 45376 1
19-07-2017-10:09:39:928 45376 46032 1
19-07-2017-10:09:39:968 46032 46688 1
19-07-2017-10:09:40:009 46688 47344 1
19-07-2017-10:09:40:055 47344 48000 1
19-07-2017-10:09:40:096 48000 48656 1
19-07-2017-10:09:40:136 48656 49312 1
19-07-2017-10:09:40:177 49312 49968 1
19-07-2017-10:09:40:322 49968 50624 1
19-07-2017-10:09:40:324 50624 51280 1
19-07-2017-10:09:40:324 51280 51936 1
19-07-2017-10:09:40:343 51936 52592 1
19-07-2017-10:09:40:390 52592 53248 1
19-07-2017-10:09:40:431 53248 53904 1
19-07-2017-10:09:40:459 53904 54560 1
19-07-2017-10:09:40:500 54560 55216 1
19-07-2017-10:09:40:543 55216 55872 1
