19-07-2017-17:15:43:350 0 624 1
19-07-2017-17:15:43:382 624 1248 1
19-07-2017-17:15:43:422 1248 1872 1
19-07-2017-17:15:43:471 1872 2496 1
19-07-2017-17:15:43:496 2496 3120 1
19-07-2017-17:15:43:537 3120 3744 1
19-07-2017-17:15:43:576 3744 4368 1
19-07-2017-17:15:43:617 4368 4992 1
19-07-2017-17:15:43:659 4992 5616 1
19-07-2017-17:15:43:687 5616 6240 1
19-07-2017-17:15:43:732 6240 6864 1
19-07-2017-17:15:43:773 6864 7488 1
19-07-2017-17:15:43:814 7488 8112 1
19-07-2017-17:15:43:842 8112 8736 1
19-07-2017-17:15:43:895 8736 9360 1
19-07-2017-17:15:43:925 9360 9984 1
19-07-2017-17:15:43:965 9984 10608 1
19-07-2017-17:15:44:006 10608 11232 1
19-07-2017-17:15:44:047 11232 11856 1
19-07-2017-17:15:44:087 11856 12480 1
19-07-2017-17:15:44:128 12480 13104 1
19-07-2017-17:15:44:155 13104 13728 1
19-07-2017-17:15:44:197 13728 14352 1
19-07-2017-17:15:44:242 14352 14976 1
19-07-2017-17:15:44:283 14976 15600 1
19-07-2017-17:15:44:313 15600 16224 1
19-07-2017-17:15:44:354 16224 16848 1
19-07-2017-17:15:44:393 16848 17472 1
19-07-2017-17:15:44:434 17472 18096 1
19-07-2017-17:15:44:475 18096 18720 1
19-07-2017-17:15:44:522 18720 19344 1
19-07-2017-17:15:44:547 19344 19968 1
19-07-2017-17:15:44:592 19968 20592 1
19-07-2017-17:15:44:636 20592 21216 1
19-07-2017-17:15:44:677 21216 21840 1
19-07-2017-17:15:44:704 21840 22464 1
19-07-2017-17:15:44:746 22464 23088 1
19-07-2017-17:15:44:787 23088 23712 1
19-07-2017-17:15:44:828 23712 24336 1
19-07-2017-17:15:44:856 24336 24960 1
19-07-2017-17:15:44:898 24960 25584 1
19-07-2017-17:15:44:942 25584 26208 1
19-07-2017-17:15:44:984 26208 26832 1
19-07-2017-17:15:45:013 26832 27456 1
19-07-2017-17:15:45:054 27456 28080 1
19-07-2017-17:15:45:094 28080 28704 1
19-07-2017-17:15:45:135 28704 29328 1
19-07-2017-17:15:45:181 29328 29952 1
19-07-2017-17:15:45:209 29952 30576 1
19-07-2017-17:15:45:250 30576 31200 1
19-07-2017-17:15:45:289 31200 31824 1
19-07-2017-17:15:45:329 31824 32448 1
19-07-2017-17:15:45:376 32448 33072 1
19-07-2017-17:15:45:404 33072 33696 1
19-07-2017-17:15:45:446 33696 34320 1
19-07-2017-17:15:45:485 34320 34944 1
19-07-2017-17:15:45:526 34944 35568 1
19-07-2017-17:15:45:571 35568 36192 1
19-07-2017-17:15:45:602 36192 36816 1
19-07-2017-17:15:45:642 36816 37440 1
19-07-2017-17:15:45:683 37440 38064 1
19-07-2017-17:15:45:722 38064 38688 1
19-07-2017-17:15:45:769 38688 39312 1
19-07-2017-17:15:45:798 39312 39936 1
19-07-2017-17:15:45:840 39936 40560 1
19-07-2017-17:15:45:884 40560 41184 1
19-07-2017-17:15:45:925 41184 41808 1
19-07-2017-17:15:45:952 41808 42432 1
19-07-2017-17:15:45:991 42432 43056 1
19-07-2017-17:15:46:034 43056 43680 1
19-07-2017-17:15:46:074 43680 44304 1
19-07-2017-17:15:46:121 44304 44928 1
19-07-2017-17:15:46:150 44928 45552 1
19-07-2017-17:15:46:190 45552 46176 1
19-07-2017-17:15:46:231 46176 46800 1
19-07-2017-17:15:46:261 46800 47424 1
19-07-2017-17:15:46:302 47424 48048 1
19-07-2017-17:15:46:347 48048 48672 1
19-07-2017-17:15:46:388 48672 49296 1
19-07-2017-17:15:46:416 49296 49920 1
19-07-2017-17:15:46:520 49920 50544 1
19-07-2017-17:15:46:521 50544 51168 1
19-07-2017-17:15:46:539 51168 51792 1
19-07-2017-17:15:46:584 51792 52416 1
19-07-2017-17:15:46:625 52416 53040 1
19-07-2017-17:15:46:653 53040 53664 1
19-07-2017-17:15:46:695 53664 54288 1
19-07-2017-17:15:46:735 54288 54912 1
19-07-2017-17:15:46:776 54912 55536 1
19-07-2017-17:15:46:822 55536 56160 1
19-07-2017-17:15:46:846 56160 56784 1
19-07-2017-17:15:46:890 56784 57408 1
19-07-2017-17:15:46:933 57408 58032 1
19-07-2017-17:15:46:970 58032 58656 1
19-07-2017-17:15:47:012 58656 59280 1
19-07-2017-17:15:47:040 59280 59904 1
19-07-2017-17:15:47:087 59904 60528 1
19-07-2017-17:15:47:127 60528 61152 1
19-07-2017-17:15:47:169 61152 61776 1
19-07-2017-17:15:47:198 61776 62400 1
19-07-2017-17:15:47:238 62400 63024 1
19-07-2017-17:15:47:284 63024 63648 1
19-07-2017-17:15:47:324 63648 64272 1
19-07-2017-17:15:47:351 64272 64896 1
19-07-2017-17:15:47:404 64896 65504 1
19-07-2017-17:15:47:437 65504 66112 1
19-07-2017-17:15:47:477 66112 66720 1
19-07-2017-17:15:47:504 66720 67328 1
19-07-2017-17:15:47:547 67328 67936 1
19-07-2017-17:15:47:586 67936 68544 1
19-07-2017-17:15:47:634 68544 69152 1
19-07-2017-17:15:47:663 69152 69760 1
19-07-2017-17:15:47:703 69760 70368 1
19-07-2017-17:15:47:732 70368 70976 1
19-07-2017-17:15:47:773 70976 71584 1
19-07-2017-17:15:47:813 71584 72192 1
19-07-2017-17:15:47:861 72192 72800 1
19-07-2017-17:15:47:884 72800 73408 1
19-07-2017-17:15:47:930 73408 74016 1
19-07-2017-17:15:47:970 74016 74624 1
19-07-2017-17:15:47:999 74624 75232 1
19-07-2017-17:15:48:041 75232 75840 1
19-07-2017-17:15:48:080 75840 76448 1
19-07-2017-17:15:48:128 76448 77056 1
19-07-2017-17:15:48:155 77056 77664 1
19-07-2017-17:15:48:197 77664 78272 1
19-07-2017-17:15:48:237 78272 78880 1
19-07-2017-17:15:48:266 78880 79488 1
19-07-2017-17:15:48:315 79488 80096 1
19-07-2017-17:15:48:345 80096 80704 1
19-07-2017-17:15:48:384 80704 81312 1
19-07-2017-17:15:48:430 81312 81920 1
19-07-2017-17:15:48:457 81920 82528 1
19-07-2017-17:15:48:500 82528 83136 1
19-07-2017-17:15:48:540 83136 83744 1
19-07-2017-17:15:48:569 83744 84352 1
19-07-2017-17:15:48:610 84352 84960 1
19-07-2017-17:15:48:656 84960 85568 1
19-07-2017-17:15:48:696 85568 86176 1
19-07-2017-17:15:48:723 86176 86784 1
19-07-2017-17:15:48:765 86784 87392 1
19-07-2017-17:15:48:805 87392 88000 1
19-07-2017-17:15:48:834 88000 88608 1
19-07-2017-17:15:48:878 88608 89216 1
19-07-2017-17:15:48:921 89216 89824 1
19-07-2017-17:15:48:949 89824 90432 1
19-07-2017-17:15:48:988 90432 91040 1
19-07-2017-17:15:49:036 91040 91648 1
19-07-2017-17:15:49:063 91648 92256 1
19-07-2017-17:15:49:105 92256 92864 1
19-07-2017-17:15:49:145 92864 93472 1
19-07-2017-17:15:49:186 93472 94080 1
19-07-2017-17:15:49:216 94080 94688 1
19-07-2017-17:15:49:256 94688 95296 1
19-07-2017-17:15:49:303 95296 95904 1
19-07-2017-17:15:49:342 95904 96512 1
19-07-2017-17:15:49:371 96512 97120 1
19-07-2017-17:15:49:411 97120 97728 1
19-07-2017-17:15:49:453 97728 98336 1
19-07-2017-17:15:49:483 98336 98944 1
19-07-2017-17:15:49:522 98944 99552 1
19-07-2017-17:15:49:568 99552 100160 1
19-07-2017-17:15:49:811 100160 100768 1
19-07-2017-17:15:49:812 100768 101376 1
19-07-2017-17:15:49:813 101376 101984 1
19-07-2017-17:15:49:813 101984 102592 1
19-07-2017-17:15:49:813 102592 103200 1
19-07-2017-17:15:49:813 103200 103808 1
19-07-2017-17:15:49:836 103808 104416 1
19-07-2017-17:15:49:860 104416 105024 1
19-07-2017-17:15:49:913 105024 105632 1
19-07-2017-17:15:49:949 105632 106240 1
19-07-2017-17:15:49:978 106240 106848 1
19-07-2017-17:15:50:019 106848 107456 1
19-07-2017-17:15:50:057 107456 108064 1
19-07-2017-17:15:50:105 108064 108672 1
19-07-2017-17:15:50:127 108672 109280 1
19-07-2017-17:15:50:174 109280 109888 1
19-07-2017-17:15:50:215 109888 110496 1
19-07-2017-17:15:50:245 110496 111104 1
19-07-2017-17:15:50:285 111104 111712 1
19-07-2017-17:15:50:324 111712 112320 1
19-07-2017-17:15:50:354 112320 112928 1
19-07-2017-17:15:50:398 112928 113536 1
19-07-2017-17:15:50:440 113536 114144 1
19-07-2017-17:15:50:468 114144 114752 1
19-07-2017-17:15:50:508 114752 115360 1
19-07-2017-17:15:50:549 115360 115968 1
19-07-2017-17:15:50:590 115968 116576 1
19-07-2017-17:15:50:635 116576 117184 1
19-07-2017-17:15:50:658 117184 117792 1
19-07-2017-17:15:50:700 117792 118400 1
19-07-2017-17:15:50:744 118400 119008 1
19-07-2017-17:15:50:784 119008 119616 1
19-07-2017-17:15:50:814 119616 120224 1
19-07-2017-17:15:50:855 120224 120832 1
19-07-2017-17:15:50:896 120832 121440 1
19-07-2017-17:15:50:930 121440 122048 1
19-07-2017-17:15:50:966 122048 122656 1
19-07-2017-17:15:51:006 122656 123264 1
19-07-2017-17:15:51:046 123264 123872 1
