19-07-2017-09:46:59:822 0 704 1
19-07-2017-09:46:59:873 704 1408 1
19-07-2017-09:46:59:911 1408 2112 1
19-07-2017-09:46:59:945 2112 2816 1
19-07-2017-09:46:59:998 2816 3520 1
19-07-2017-09:47:00:043 3520 4224 1
19-07-2017-09:47:00:088 4224 4928 1
19-07-2017-09:47:00:129 4928 5632 1
19-07-2017-09:47:00:171 5632 6336 1
19-07-2017-09:47:00:210 6336 7040 1
19-07-2017-09:47:00:256 7040 7744 1
19-07-2017-09:47:00:308 7744 8448 1
19-07-2017-09:47:00:347 8448 9152 1
19-07-2017-09:47:00:387 9152 9856 1
19-07-2017-09:47:00:431 9856 10560 1
19-07-2017-09:47:00:474 10560 11264 1
19-07-2017-09:47:00:526 11264 11920 1
19-07-2017-09:47:00:557 11920 12576 1
19-07-2017-09:47:00:599 12576 13232 1
19-07-2017-09:47:00:644 13232 13888 1
19-07-2017-09:47:00:684 13888 14544 1
19-07-2017-09:47:00:724 14544 15200 1
19-07-2017-09:47:00:764 15200 15856 1
19-07-2017-09:47:00:811 15856 16512 1
19-07-2017-09:47:00:851 16512 17168 1
19-07-2017-09:47:00:894 17168 17824 1
19-07-2017-09:47:00:934 17824 18480 1
19-07-2017-09:47:00:979 18480 19136 1
19-07-2017-09:47:01:019 19136 19792 1
19-07-2017-09:47:01:049 19792 20448 1
19-07-2017-09:47:01:089 20448 21104 1
19-07-2017-09:47:01:130 21104 21760 1
19-07-2017-09:47:01:172 21760 22416 1
19-07-2017-09:47:01:210 22416 23072 1
19-07-2017-09:47:01:257 23072 23728 1
19-07-2017-09:47:01:298 23728 24384 1
19-07-2017-09:47:01:338 24384 25040 1
19-07-2017-09:47:01:378 25040 25696 1
19-07-2017-09:47:01:423 25696 26352 1
19-07-2017-09:47:01:463 26352 27008 1
19-07-2017-09:47:01:501 27008 27664 1
19-07-2017-09:47:01:540 27664 28320 1
19-07-2017-09:47:01:588 28320 28976 1
19-07-2017-09:47:01:628 28976 29632 1
19-07-2017-09:47:01:669 29632 30288 1
19-07-2017-09:47:01:709 30288 30944 1
19-07-2017-09:47:01:756 30944 31600 1
19-07-2017-09:47:01:796 31600 32256 1
19-07-2017-09:47:01:829 32256 32912 1
19-07-2017-09:47:01:872 32912 33568 1
19-07-2017-09:47:01:917 33568 34224 1
19-07-2017-09:47:01:957 34224 34880 1
19-07-2017-09:47:01:998 34880 35536 1
19-07-2017-09:47:02:039 35536 36192 1
19-07-2017-09:47:02:085 36192 36848 1
19-07-2017-09:47:02:114 36848 37504 1
19-07-2017-09:47:02:158 37504 38160 1
19-07-2017-09:47:02:195 38160 38816 1
19-07-2017-09:47:02:236 38816 39472 1
19-07-2017-09:47:02:282 39472 40128 1
19-07-2017-09:47:02:322 40128 40784 1
19-07-2017-09:47:02:360 40784 41440 1
19-07-2017-09:47:02:405 41440 42096 1
19-07-2017-09:47:02:445 42096 42752 1
19-07-2017-09:47:02:487 42752 43408 1
19-07-2017-09:47:02:528 43408 44064 1
19-07-2017-09:47:02:574 44064 44720 1
19-07-2017-09:47:02:613 44720 45376 1
19-07-2017-09:47:02:655 45376 46032 1
19-07-2017-09:47:02:701 46032 46688 1
19-07-2017-09:47:02:743 46688 47344 1
19-07-2017-09:47:02:772 47344 48000 1
19-07-2017-09:47:02:810 48000 48656 1
19-07-2017-09:47:02:853 48656 49312 1
19-07-2017-09:47:02:897 49312 49968 1
19-07-2017-09:47:02:997 49968 50624 1
19-07-2017-09:47:02:998 50624 51280 1
19-07-2017-09:47:03:018 51280 51936 1
19-07-2017-09:47:03:066 51936 52592 1
19-07-2017-09:47:03:106 52592 53248 1
19-07-2017-09:47:03:147 53248 53904 1
19-07-2017-09:47:03:188 53904 54560 1
19-07-2017-09:47:03:235 54560 55216 1
19-07-2017-09:47:03:264 55216 55872 1
19-07-2017-09:47:03:304 55872 56528 1
19-07-2017-09:47:03:344 56528 57184 1
19-07-2017-09:47:03:385 57184 57840 1
19-07-2017-09:47:03:430 57840 58496 1
19-07-2017-09:47:03:471 58496 59152 1
19-07-2017-09:47:03:511 59152 59808 1
19-07-2017-09:47:03:550 59808 60464 1
19-07-2017-09:47:03:598 60464 61120 1
19-07-2017-09:47:03:639 61120 61776 1
19-07-2017-09:47:03:678 61776 62432 1
19-07-2017-09:47:03:719 62432 63088 1
19-07-2017-09:47:03:767 63088 63744 1
19-07-2017-09:47:03:794 63744 64400 1
19-07-2017-09:47:03:846 64400 65024 1
19-07-2017-09:47:03:879 65024 65648 1
19-07-2017-09:47:03:919 65648 66272 1
19-07-2017-09:47:03:960 66272 66896 1
19-07-2017-09:47:03:989 66896 67520 1
19-07-2017-09:47:04:029 67520 68144 1
19-07-2017-09:47:04:076 68144 68768 1
19-07-2017-09:47:04:117 68768 69392 1
19-07-2017-09:47:04:145 69392 70016 1
19-07-2017-09:47:04:186 70016 70640 1
19-07-2017-09:47:04:235 70640 71264 1
19-07-2017-09:47:04:269 71264 71888 1
19-07-2017-09:47:04:305 71888 72512 1
19-07-2017-09:47:04:351 72512 73136 1
19-07-2017-09:47:04:390 73136 73760 1
19-07-2017-09:47:04:417 73760 74384 1
19-07-2017-09:47:04:459 74384 75008 1
19-07-2017-09:47:04:499 75008 75632 1
19-07-2017-09:47:04:539 75632 76256 1
19-07-2017-09:47:04:585 76256 76880 1
19-07-2017-09:47:04:627 76880 77504 1
19-07-2017-09:47:04:656 77504 78128 1
19-07-2017-09:47:04:696 78128 78752 1
19-07-2017-09:47:04:737 78752 79376 1
19-07-2017-09:47:04:782 79376 80000 1
19-07-2017-09:47:04:825 80000 80624 1
19-07-2017-09:47:04:851 80624 81248 1
19-07-2017-09:47:04:894 81248 81872 1
19-07-2017-09:47:04:934 81872 82496 1
19-07-2017-09:47:04:974 82496 83120 1
19-07-2017-09:47:05:003 83120 83744 1
19-07-2017-09:47:05:050 83744 84368 1
19-07-2017-09:47:05:089 84368 84992 1
19-07-2017-09:47:05:131 84992 85616 1
19-07-2017-09:47:05:159 85616 86240 1
19-07-2017-09:47:05:201 86240 86864 1
19-07-2017-09:47:05:241 86864 87488 1
19-07-2017-09:47:05:288 87488 88112 1
19-07-2017-09:47:05:328 88112 88736 1
19-07-2017-09:47:05:355 88736 89360 1
19-07-2017-09:47:05:402 89360 89984 1
19-07-2017-09:47:05:444 89984 90608 1
19-07-2017-09:47:05:473 90608 91232 1
19-07-2017-09:47:05:512 91232 91856 1
19-07-2017-09:47:05:553 91856 92480 1
19-07-2017-09:47:05:592 92480 93104 1
19-07-2017-09:47:05:639 93104 93728 1
19-07-2017-09:47:05:670 93728 94352 1
19-07-2017-09:47:05:709 94352 94976 1
19-07-2017-09:47:05:751 94976 95600 1
19-07-2017-09:47:05:792 95600 96224 1
19-07-2017-09:47:05:839 96224 96848 1
19-07-2017-09:47:05:865 96848 97472 1
19-07-2017-09:47:05:907 97472 98096 1
