19-07-2017-17:09:21:663 0 704 1
19-07-2017-17:09:21:710 704 1408 1
19-07-2017-17:09:21:761 1408 2112 1
19-07-2017-17:09:21:792 2112 2816 1
19-07-2017-17:09:21:833 2816 3520 1
19-07-2017-17:09:21:879 3520 4224 1
19-07-2017-17:09:21:919 4224 4928 1
19-07-2017-17:09:21:964 4928 5632 1
19-07-2017-17:09:22:006 5632 6336 1
19-07-2017-17:09:22:059 6336 7008 1
19-07-2017-17:09:22:093 7008 7680 1
19-07-2017-17:09:22:132 7680 8352 1
19-07-2017-17:09:22:175 8352 9024 1
19-07-2017-17:09:22:220 9024 9696 1
19-07-2017-17:09:22:267 9696 10368 1
19-07-2017-17:09:22:301 10368 11040 1
19-07-2017-17:09:22:348 11040 11712 1
19-07-2017-17:09:22:388 11712 12384 1
19-07-2017-17:09:22:428 12384 13056 1
19-07-2017-17:09:22:469 13056 13728 1
19-07-2017-17:09:22:517 13728 14400 1
19-07-2017-17:09:22:557 14400 15072 1
19-07-2017-17:09:22:598 15072 15744 1
19-07-2017-17:09:22:638 15744 16416 1
19-07-2017-17:09:22:684 16416 17088 1
19-07-2017-17:09:22:726 17088 17760 1
19-07-2017-17:09:22:766 17760 18432 1
19-07-2017-17:09:22:813 18432 19104 1
19-07-2017-17:09:22:854 19104 19776 1
19-07-2017-17:09:22:896 19776 20448 1
19-07-2017-17:09:22:937 20448 21120 1
19-07-2017-17:09:22:977 21120 21792 1
19-07-2017-17:09:23:018 21792 22464 1
19-07-2017-17:09:23:064 22464 23136 1
19-07-2017-17:09:23:105 23136 23808 1
19-07-2017-17:09:23:145 23808 24480 1
19-07-2017-17:09:23:194 24480 25152 1
19-07-2017-17:09:23:231 25152 25824 1
19-07-2017-17:09:23:274 25824 26496 1
19-07-2017-17:09:23:317 26496 27168 1
19-07-2017-17:09:23:354 27168 27840 1
19-07-2017-17:09:23:401 27840 28512 1
19-07-2017-17:09:23:440 28512 29184 1
19-07-2017-17:09:23:481 29184 29856 1
19-07-2017-17:09:23:530 29856 30528 1
19-07-2017-17:09:23:569 30528 31200 1
19-07-2017-17:09:23:610 31200 31872 1
19-07-2017-17:09:23:651 31872 32544 1
19-07-2017-17:09:23:696 32544 33216 1
19-07-2017-17:09:23:737 33216 33888 1
19-07-2017-17:09:23:781 33888 34560 1
19-07-2017-17:09:23:818 34560 35232 1
19-07-2017-17:09:23:862 35232 35904 1
19-07-2017-17:09:23:904 35904 36576 1
19-07-2017-17:09:23:950 36576 37248 1
19-07-2017-17:09:23:992 37248 37920 1
19-07-2017-17:09:24:031 37920 38592 1
19-07-2017-17:09:24:073 38592 39264 1
19-07-2017-17:09:24:116 39264 39936 1
19-07-2017-17:09:24:162 39936 40608 1
19-07-2017-17:09:24:199 40608 41280 1
19-07-2017-17:09:24:241 41280 41952 1
19-07-2017-17:09:24:280 41952 42624 1
19-07-2017-17:09:24:326 42624 43296 1
19-07-2017-17:09:24:367 43296 43968 1
19-07-2017-17:09:24:407 43968 44640 1
19-07-2017-17:09:24:452 44640 45312 1
19-07-2017-17:09:24:493 45312 45984 1
19-07-2017-17:09:24:533 45984 46656 1
19-07-2017-17:09:24:574 46656 47328 1
19-07-2017-17:09:24:622 47328 48000 1
19-07-2017-17:09:24:662 48000 48672 1
19-07-2017-17:09:24:701 48672 49344 1
19-07-2017-17:09:24:743 49344 50016 1
