19-07-2017-10:34:40:330 0 800 1
19-07-2017-10:34:40:382 800 1552 1
19-07-2017-10:34:40:433 1552 2304 1
19-07-2017-10:34:40:473 2304 3056 1
19-07-2017-10:34:40:526 3056 3760 1
19-07-2017-10:34:40:559 3760 4464 1
19-07-2017-10:34:40:611 4464 5136 1
19-07-2017-10:34:40:645 5136 5808 1
19-07-2017-10:34:40:684 5808 6480 1
19-07-2017-10:34:40:726 6480 7152 1
19-07-2017-10:34:40:766 7152 7824 1
19-07-2017-10:34:40:814 7824 8496 1
19-07-2017-10:34:40:855 8496 9168 1
19-07-2017-10:34:40:896 9168 9840 1
19-07-2017-10:34:40:943 9840 10512 1
19-07-2017-10:34:40:984 10512 11184 1
19-07-2017-10:34:41:022 11184 11856 1
19-07-2017-10:34:41:062 11856 12528 1
19-07-2017-10:34:41:105 12528 13200 1
19-07-2017-10:34:41:157 13200 13856 1
19-07-2017-10:34:41:185 13856 14512 1
19-07-2017-10:34:41:231 14512 15168 1
19-07-2017-10:34:41:272 15168 15824 1
19-07-2017-10:34:41:314 15824 16480 1
19-07-2017-10:34:41:354 16480 17136 1
19-07-2017-10:34:41:399 17136 17792 1
19-07-2017-10:34:41:442 17792 18448 1
19-07-2017-10:34:41:482 18448 19104 1
19-07-2017-10:34:41:522 19104 19760 1
19-07-2017-10:34:41:567 19760 20416 1
19-07-2017-10:34:41:596 20416 21072 1
19-07-2017-10:34:41:637 21072 21728 1
19-07-2017-10:34:41:676 21728 22384 1
19-07-2017-10:34:41:724 22384 23040 1
19-07-2017-10:34:41:763 23040 23696 1
19-07-2017-10:34:41:803 23696 24352 1
19-07-2017-10:34:41:845 24352 25008 1
19-07-2017-10:34:41:891 25008 25664 1
19-07-2017-10:34:41:932 25664 26320 1
19-07-2017-10:34:41:972 26320 26976 1
19-07-2017-10:34:42:016 26976 27632 1
19-07-2017-10:34:42:058 27632 28288 1
19-07-2017-10:34:42:087 28288 28944 1
19-07-2017-10:34:42:128 28944 29600 1
19-07-2017-10:34:42:168 29600 30256 1
19-07-2017-10:34:42:214 30256 30912 1
19-07-2017-10:34:42:255 30912 31568 1
19-07-2017-10:34:42:296 31568 32224 1
19-07-2017-10:34:42:336 32224 32880 1
19-07-2017-10:34:42:384 32880 33536 1
19-07-2017-10:34:42:423 33536 34192 1
19-07-2017-10:34:42:464 34192 34848 1
19-07-2017-10:34:42:504 34848 35504 1
19-07-2017-10:34:42:557 35504 36160 1
19-07-2017-10:34:42:580 36160 36816 1
19-07-2017-10:34:42:622 36816 37472 1
19-07-2017-10:34:42:662 37472 38128 1
19-07-2017-10:34:42:702 38128 38784 1
19-07-2017-10:34:42:748 38784 39440 1
19-07-2017-10:34:42:789 39440 40096 1
19-07-2017-10:34:42:829 40096 40752 1
19-07-2017-10:34:42:871 40752 41408 1
19-07-2017-10:34:42:916 41408 42064 1
19-07-2017-10:34:42:956 42064 42720 1
19-07-2017-10:34:42:998 42720 43376 1
19-07-2017-10:34:43:036 43376 44032 1
19-07-2017-10:34:43:084 44032 44688 1
19-07-2017-10:34:43:124 44688 45344 1
19-07-2017-10:34:43:162 45344 46000 1
19-07-2017-10:34:43:204 46000 46656 1
19-07-2017-10:34:43:250 46656 47312 1
19-07-2017-10:34:43:278 47312 47968 1
19-07-2017-10:34:43:319 47968 48624 1
19-07-2017-10:34:43:360 48624 49280 1
19-07-2017-10:34:43:402 49280 49936 1
19-07-2017-10:34:43:497 49936 50592 1
19-07-2017-10:34:43:499 50592 51248 1
19-07-2017-10:34:43:528 51248 51904 1
19-07-2017-10:34:43:569 51904 52560 1
19-07-2017-10:34:43:617 52560 53216 1
19-07-2017-10:34:43:656 53216 53872 1
19-07-2017-10:34:43:697 53872 54528 1
19-07-2017-10:34:43:738 54528 55184 1
19-07-2017-10:34:43:782 55184 55840 1
19-07-2017-10:34:43:824 55840 56496 1
19-07-2017-10:34:43:851 56496 57152 1
19-07-2017-10:34:43:892 57152 57808 1
19-07-2017-10:34:43:935 57808 58464 1
19-07-2017-10:34:43:979 58464 59120 1
19-07-2017-10:34:44:019 59120 59776 1
19-07-2017-10:34:44:062 59776 60432 1
19-07-2017-10:34:44:103 60432 61088 1
19-07-2017-10:34:44:147 61088 61744 1
19-07-2017-10:34:44:189 61744 62400 1
19-07-2017-10:34:44:229 62400 63056 1
19-07-2017-10:34:44:269 63056 63712 1
19-07-2017-10:34:44:317 63712 64368 1
19-07-2017-10:34:44:352 64368 65024 1
19-07-2017-10:34:44:398 65024 65680 1
19-07-2017-10:34:44:440 65680 66336 1
19-07-2017-10:34:44:467 66336 66992 1
19-07-2017-10:34:44:508 66992 67648 1
19-07-2017-10:34:44:548 67648 68304 1
19-07-2017-10:34:44:595 68304 68960 1
19-07-2017-10:34:44:636 68960 69616 1
19-07-2017-10:34:44:674 69616 70272 1
19-07-2017-10:34:44:716 70272 70928 1
19-07-2017-10:34:44:763 70928 71584 1
19-07-2017-10:34:44:803 71584 72240 1
19-07-2017-10:34:44:843 72240 72896 1
19-07-2017-10:34:44:884 72896 73552 1
19-07-2017-10:34:44:931 73552 74208 1
19-07-2017-10:34:44:960 74208 74864 1
19-07-2017-10:34:45:001 74864 75520 1
19-07-2017-10:34:45:041 75520 76176 1
19-07-2017-10:34:45:083 76176 76832 1
19-07-2017-10:34:45:129 76832 77488 1
19-07-2017-10:34:45:169 77488 78144 1
19-07-2017-10:34:45:209 78144 78800 1
19-07-2017-10:34:45:249 78800 79456 1
19-07-2017-10:34:45:295 79456 80112 1
19-07-2017-10:34:45:337 80112 80768 1
19-07-2017-10:34:45:378 80768 81424 1
19-07-2017-10:34:45:424 81424 82080 1
19-07-2017-10:34:45:452 82080 82736 1
19-07-2017-10:34:45:494 82736 83392 1
19-07-2017-10:34:45:535 83392 84048 1
19-07-2017-10:34:45:575 84048 84704 1
19-07-2017-10:34:45:621 84704 85360 1
19-07-2017-10:34:45:663 85360 86016 1
19-07-2017-10:34:45:702 86016 86672 1
19-07-2017-10:34:45:744 86672 87328 1
19-07-2017-10:34:45:790 87328 87984 1
19-07-2017-10:34:45:819 87984 88640 1
19-07-2017-10:34:45:860 88640 89296 1
19-07-2017-10:34:45:900 89296 89952 1
19-07-2017-10:34:45:940 89952 90608 1
19-07-2017-10:34:45:987 90608 91264 1
19-07-2017-10:34:46:029 91264 91920 1
19-07-2017-10:34:46:069 91920 92576 1
19-07-2017-10:34:46:109 92576 93232 1
19-07-2017-10:34:46:155 93232 93888 1
19-07-2017-10:34:46:196 93888 94544 1
19-07-2017-10:34:46:238 94544 95200 1
19-07-2017-10:34:46:278 95200 95856 1
19-07-2017-10:34:46:323 95856 96512 1
19-07-2017-10:34:46:364 96512 97168 1
19-07-2017-10:34:46:394 97168 97824 1
19-07-2017-10:34:46:434 97824 98480 1
19-07-2017-10:34:46:475 98480 99136 1
19-07-2017-10:34:46:515 99136 99792 1
19-07-2017-10:34:46:562 99792 100448 1
19-07-2017-10:34:46:722 100448 101104 1
19-07-2017-10:34:46:723 101104 101760 1
19-07-2017-10:34:46:723 101760 102416 1
19-07-2017-10:34:46:730 102416 103072 1
19-07-2017-10:34:46:771 103072 103728 1
19-07-2017-10:34:46:812 103728 104384 1
19-07-2017-10:34:46:853 104384 105040 1
19-07-2017-10:34:46:899 105040 105696 1
19-07-2017-10:34:46:941 105696 106352 1
19-07-2017-10:34:46:970 106352 107008 1
19-07-2017-10:34:47:011 107008 107664 1
19-07-2017-10:34:47:051 107664 108320 1
19-07-2017-10:34:47:097 108320 108976 1
19-07-2017-10:34:47:138 108976 109632 1
19-07-2017-10:34:47:178 109632 110288 1
19-07-2017-10:34:47:219 110288 110944 1
19-07-2017-10:34:47:265 110944 111600 1
19-07-2017-10:34:47:340 111600 112256 1
19-07-2017-10:34:47:347 112256 112912 1
19-07-2017-10:34:47:387 112912 113568 1
19-07-2017-10:34:47:434 113568 114224 1
19-07-2017-10:34:47:474 114224 114880 1
19-07-2017-10:34:47:504 114880 115536 1
19-07-2017-10:34:47:544 115536 116192 1
19-07-2017-10:34:47:585 116192 116848 1
19-07-2017-10:34:47:630 116848 117504 1
19-07-2017-10:34:47:671 117504 118160 1
19-07-2017-10:34:47:710 118160 118816 1
19-07-2017-10:34:47:751 118816 119472 1
19-07-2017-10:34:47:798 119472 120128 1
19-07-2017-10:34:47:827 120128 120784 1
19-07-2017-10:34:47:869 120784 121440 1
19-07-2017-10:34:47:910 121440 122096 1
19-07-2017-10:34:47:951 122096 122752 1
19-07-2017-10:34:47:995 122752 123408 1
19-07-2017-10:34:48:036 123408 124064 1
19-07-2017-10:34:48:078 124064 124720 1
19-07-2017-10:34:48:123 124720 125376 1
19-07-2017-10:34:48:164 125376 126032 1
19-07-2017-10:34:48:204 126032 126688 1
19-07-2017-10:34:48:244 126688 127344 1
19-07-2017-10:34:48:290 127344 128000 1
19-07-2017-10:34:48:320 128000 128656 1
19-07-2017-10:34:48:361 128656 129312 1
19-07-2017-10:34:48:404 129312 129968 1
19-07-2017-10:34:48:441 129968 130624 1
19-07-2017-10:34:48:489 130624 131280 1
19-07-2017-10:34:48:527 131280 131936 1
19-07-2017-10:34:48:570 131936 132592 1
19-07-2017-10:34:48:609 132592 133248 1
19-07-2017-10:34:48:658 133248 133904 1
19-07-2017-10:34:48:698 133904 134560 1
19-07-2017-10:34:48:738 134560 135216 1
19-07-2017-10:34:48:784 135216 135872 1
19-07-2017-10:34:48:832 135872 136528 1
19-07-2017-10:34:48:860 136528 137184 1
19-07-2017-10:34:48:906 137184 137840 1
19-07-2017-10:34:48:935 137840 138496 1
19-07-2017-10:34:48:975 138496 139152 1
19-07-2017-10:34:49:017 139152 139808 1
19-07-2017-10:34:49:070 139808 140448 1
19-07-2017-10:34:49:103 140448 141088 1
19-07-2017-10:34:49:144 141088 141728 1
19-07-2017-10:34:49:183 141728 142368 1
19-07-2017-10:34:49:225 142368 143008 1
19-07-2017-10:34:49:271 143008 143648 1
19-07-2017-10:34:49:300 143648 144288 1
19-07-2017-10:34:49:341 144288 144928 1
19-07-2017-10:34:49:381 144928 145568 1
19-07-2017-10:34:49:422 145568 146208 1
19-07-2017-10:34:49:469 146208 146848 1
19-07-2017-10:34:49:496 146848 147488 1
19-07-2017-10:34:49:538 147488 148128 1
19-07-2017-10:34:49:579 148128 148768 1
19-07-2017-10:34:49:619 148768 149408 1
19-07-2017-10:34:49:665 149408 150048 1
19-07-2017-10:34:49:707 150048 150688 1
19-07-2017-10:34:49:747 150688 151328 1
19-07-2017-10:34:49:787 151328 151968 1
19-07-2017-10:34:49:817 151968 152608 1
19-07-2017-10:34:49:861 152608 153248 1
19-07-2017-10:34:49:901 153248 153888 1
19-07-2017-10:34:49:941 153888 154528 1
19-07-2017-10:34:49:982 154528 155168 1
19-07-2017-10:34:50:028 155168 155808 1
19-07-2017-10:34:50:058 155808 156448 1
19-07-2017-10:34:50:098 156448 157088 1
19-07-2017-10:34:50:137 157088 157728 1
19-07-2017-10:34:50:179 157728 158368 1
19-07-2017-10:34:50:226 158368 159008 1
19-07-2017-10:34:50:266 159008 159648 1
19-07-2017-10:34:50:306 159648 160288 1
19-07-2017-10:34:50:349 160288 160928 1
19-07-2017-10:34:50:378 160928 161568 1
19-07-2017-10:34:50:419 161568 162208 1
19-07-2017-10:34:50:642 162208 162848 1
19-07-2017-10:34:50:644 162848 163488 1
19-07-2017-10:34:50:644 163488 164128 1
19-07-2017-10:34:50:644 164128 164768 1
19-07-2017-10:34:50:644 164768 165408 1
19-07-2017-10:34:50:657 165408 166048 1
19-07-2017-10:34:50:698 166048 166688 1
19-07-2017-10:34:50:744 166688 167328 1
19-07-2017-10:34:50:783 167328 167968 1
19-07-2017-10:34:50:824 167968 168608 1
19-07-2017-10:34:50:870 168608 169248 1
19-07-2017-10:34:50:910 169248 169888 1
19-07-2017-10:34:50:941 169888 170528 1
19-07-2017-10:34:50:985 170528 171168 1
19-07-2017-10:34:51:027 171168 171808 1
19-07-2017-10:34:51:057 171808 172448 1
19-07-2017-10:34:51:102 172448 173088 1
19-07-2017-10:34:51:145 173088 173728 1
19-07-2017-10:34:51:184 173728 174368 1
19-07-2017-10:34:51:224 174368 175008 1
19-07-2017-10:34:51:272 175008 175648 1
19-07-2017-10:34:51:312 175648 176288 1
19-07-2017-10:34:51:339 176288 176928 1
19-07-2017-10:34:51:381 176928 177568 1
19-07-2017-10:34:51:421 177568 178208 1
19-07-2017-10:34:51:467 178208 178848 1
19-07-2017-10:34:51:512 178848 179488 1
19-07-2017-10:34:51:543 179488 180128 1
19-07-2017-10:34:51:578 180128 180768 1
19-07-2017-10:34:51:622 180768 181408 1
19-07-2017-10:34:51:657 181408 182048 1
19-07-2017-10:34:51:705 182048 182688 1
19-07-2017-10:34:51:744 182688 183328 1
19-07-2017-10:34:51:789 183328 183968 1
19-07-2017-10:34:51:826 183968 184608 1
19-07-2017-10:34:51:857 184608 185248 1
19-07-2017-10:34:51:898 185248 185888 1
19-07-2017-10:34:51:938 185888 186528 1
19-07-2017-10:34:51:977 186528 187168 1
19-07-2017-10:34:52:023 187168 187808 1
19-07-2017-10:34:52:065 187808 188448 1
19-07-2017-10:34:52:106 188448 189088 1
19-07-2017-10:34:52:147 189088 189728 1
19-07-2017-10:34:52:193 189728 190368 1
19-07-2017-10:34:52:223 190368 191008 1
19-07-2017-10:34:52:262 191008 191648 1
19-07-2017-10:34:52:302 191648 192288 1
19-07-2017-10:34:52:345 192288 192928 1
19-07-2017-10:34:52:390 192928 193568 1
19-07-2017-10:34:52:419 193568 194208 1
19-07-2017-10:34:52:459 194208 194848 1
19-07-2017-10:34:52:499 194848 195488 1
19-07-2017-10:34:52:538 195488 196128 1
19-07-2017-10:34:52:585 196128 196768 1
19-07-2017-10:34:52:624 196768 197408 1
19-07-2017-10:34:52:666 197408 198048 1
19-07-2017-10:34:52:710 198048 198688 1
19-07-2017-10:34:52:737 198688 199328 1
19-07-2017-10:34:52:777 199328 199968 1
19-07-2017-10:34:52:823 199968 200608 1
19-07-2017-10:34:52:864 200608 201248 1
19-07-2017-10:34:52:904 201248 201888 1
19-07-2017-10:34:52:943 201888 202528 1
19-07-2017-10:34:52:990 202528 203168 1
19-07-2017-10:34:53:031 203168 203808 1
19-07-2017-10:34:53:059 203808 204448 1
19-07-2017-10:34:53:100 204448 205088 1
19-07-2017-10:34:53:140 205088 205728 1
19-07-2017-10:34:53:182 205728 206368 1
19-07-2017-10:34:53:227 206368 207008 1
19-07-2017-10:34:53:257 207008 207648 1
19-07-2017-10:34:53:297 207648 208288 1
19-07-2017-10:34:53:338 208288 208928 1
19-07-2017-10:34:53:379 208928 209568 1
19-07-2017-10:34:53:420 209568 210208 1
19-07-2017-10:34:53:459 210208 210848 1
19-07-2017-10:34:53:500 210848 211488 1
19-07-2017-10:34:53:546 211488 212128 1
19-07-2017-10:34:53:576 212128 212768 1
19-07-2017-10:34:53:843 212768 213408 1
19-07-2017-10:34:53:844 213408 214048 1
19-07-2017-10:34:53:845 214048 214688 1
19-07-2017-10:34:53:845 214688 215328 1
19-07-2017-10:34:53:846 215328 215968 1
19-07-2017-10:34:53:846 215968 216608 1
19-07-2017-10:34:53:870 216608 217248 1
19-07-2017-10:34:53:911 217248 217888 1
19-07-2017-10:34:53:941 217888 218528 1
19-07-2017-10:34:53:980 218528 219168 1
19-07-2017-10:34:54:022 219168 219808 1
19-07-2017-10:34:54:063 219808 220448 1
19-07-2017-10:34:54:111 220448 221088 1
19-07-2017-10:34:54:136 221088 221728 1
19-07-2017-10:34:54:178 221728 222368 1
19-07-2017-10:34:54:220 222368 223008 1
19-07-2017-10:34:54:260 223008 223648 1
19-07-2017-10:34:54:310 223648 224288 1
19-07-2017-10:34:54:346 224288 224928 1
19-07-2017-10:34:54:388 224928 225568 1
19-07-2017-10:34:54:415 225568 226208 1
19-07-2017-10:34:54:455 226208 226848 1
19-07-2017-10:34:54:497 226848 227488 1
19-07-2017-10:34:54:544 227488 228128 1
19-07-2017-10:34:54:584 228128 228768 1
19-07-2017-10:34:54:626 228768 229408 1
19-07-2017-10:34:54:665 229408 230048 1
19-07-2017-10:34:54:711 230048 230688 1
19-07-2017-10:34:54:741 230688 231328 1
19-07-2017-10:34:54:783 231328 231968 1
19-07-2017-10:34:54:823 231968 232608 1
19-07-2017-10:34:54:856 232608 233248 1
19-07-2017-10:34:54:898 233248 233888 1
19-07-2017-10:34:54:937 233888 234528 1
19-07-2017-10:34:54:985 234528 235168 1
19-07-2017-10:34:55:025 235168 235808 1
19-07-2017-10:34:55:065 235808 236448 1
19-07-2017-10:34:55:107 236448 237088 1
19-07-2017-10:34:55:135 237088 237728 1
19-07-2017-10:34:55:183 237728 238368 1
19-07-2017-10:34:55:224 238368 239008 1
19-07-2017-10:34:55:263 239008 239648 1
19-07-2017-10:34:55:303 239648 240288 1
19-07-2017-10:34:55:349 240288 240928 1
19-07-2017-10:34:55:377 240928 241568 1
19-07-2017-10:34:55:419 241568 242208 1
19-07-2017-10:34:55:459 242208 242848 1
19-07-2017-10:34:55:499 242848 243488 1
19-07-2017-10:34:55:545 243488 244128 1
19-07-2017-10:34:55:587 244128 244768 1
19-07-2017-10:34:55:616 244768 245408 1
19-07-2017-10:34:55:657 245408 246048 1
19-07-2017-10:34:55:704 246048 246688 1
19-07-2017-10:34:55:746 246688 247328 1
19-07-2017-10:34:55:784 247328 247968 1
19-07-2017-10:34:55:824 247968 248608 1
19-07-2017-10:34:55:870 248608 249248 1
19-07-2017-10:34:55:900 249248 249888 1
19-07-2017-10:34:55:941 249888 250528 1
19-07-2017-10:34:55:981 250528 251168 1
19-07-2017-10:34:56:026 251168 251808 1
19-07-2017-10:34:56:068 251808 252448 1
19-07-2017-10:34:56:098 252448 253088 1
19-07-2017-10:34:56:138 253088 253728 1
19-07-2017-10:34:56:179 253728 254368 1
19-07-2017-10:34:56:223 254368 255008 1
19-07-2017-10:34:56:264 255008 255648 1
19-07-2017-10:34:56:305 255648 256288 1
19-07-2017-10:34:56:348 256288 256928 1
19-07-2017-10:34:56:388 256928 257568 1
19-07-2017-10:34:56:417 257568 258208 1
19-07-2017-10:34:56:465 258208 258848 1
19-07-2017-10:34:56:507 258848 259488 1
19-07-2017-10:34:56:536 259488 260128 1
19-07-2017-10:34:56:578 260128 260768 1
19-07-2017-10:34:56:619 260768 261408 1
19-07-2017-10:34:56:660 261408 262048 1
19-07-2017-10:34:56:706 262048 262688 1
19-07-2017-10:34:56:746 262688 263328 1
19-07-2017-10:34:57:009 263328 263968 1
19-07-2017-10:34:57:016 263968 264608 1
19-07-2017-10:34:57:016 264608 265248 1
19-07-2017-10:34:57:016 265248 265888 1
19-07-2017-10:34:57:016 265888 266528 1
19-07-2017-10:34:57:016 266528 267168 1
19-07-2017-10:34:57:024 267168 267808 1
19-07-2017-10:34:57:072 267808 268448 1
19-07-2017-10:34:57:111 268448 269088 1
19-07-2017-10:34:57:141 269088 269728 1
19-07-2017-10:34:57:183 269728 270368 1
19-07-2017-10:34:57:222 270368 271008 1
19-07-2017-10:34:57:269 271008 271648 1
19-07-2017-10:34:57:310 271648 272288 1
19-07-2017-10:34:57:339 272288 272928 1
19-07-2017-10:34:57:379 272928 273568 1
19-07-2017-10:34:57:420 273568 274208 1
19-07-2017-10:34:57:468 274208 274848 1
19-07-2017-10:34:57:508 274848 275488 1
19-07-2017-10:34:57:537 275488 276128 1
19-07-2017-10:34:57:576 276128 276768 1
19-07-2017-10:34:57:617 276768 277408 1
19-07-2017-10:34:57:663 277408 278048 1
19-07-2017-10:34:57:703 278048 278688 1
19-07-2017-10:34:57:748 278688 279328 1
19-07-2017-10:34:57:790 279328 279968 1
19-07-2017-10:34:57:831 279968 280608 1
19-07-2017-10:34:57:865 280608 281248 1
19-07-2017-10:34:57:905 281248 281888 1
19-07-2017-10:34:57:946 281888 282528 1
19-07-2017-10:34:57:978 282528 283168 1
19-07-2017-10:34:58:020 283168 283808 1
19-07-2017-10:34:58:061 283808 284448 1
19-07-2017-10:34:58:101 284448 285088 1
19-07-2017-10:34:58:143 285088 285728 1
19-07-2017-10:34:58:195 285728 286368 1
19-07-2017-10:34:58:235 286368 287008 1
19-07-2017-10:34:58:264 287008 287648 1
19-07-2017-10:34:58:304 287648 288288 1
19-07-2017-10:34:58:345 288288 288928 1
19-07-2017-10:34:58:392 288928 289568 1
19-07-2017-10:34:58:433 289568 290208 1
19-07-2017-10:34:58:462 290208 290848 1
19-07-2017-10:34:58:502 290848 291488 1
19-07-2017-10:34:58:542 291488 292128 1
19-07-2017-10:34:58:588 292128 292768 1
19-07-2017-10:34:58:630 292768 293408 1
19-07-2017-10:34:58:656 293408 294048 1
19-07-2017-10:34:58:699 294048 294688 1
19-07-2017-10:34:58:738 294688 295328 1
19-07-2017-10:34:58:783 295328 295968 1
19-07-2017-10:34:58:825 295968 296608 1
19-07-2017-10:34:58:865 296608 297248 1
19-07-2017-10:34:58:906 297248 297888 1
19-07-2017-10:34:58:951 297888 298528 1
19-07-2017-10:34:58:983 298528 299168 1
19-07-2017-10:34:59:022 299168 299808 1
19-07-2017-10:34:59:061 299808 300448 1
19-07-2017-10:34:59:109 300448 301088 1
19-07-2017-10:34:59:149 301088 301728 1
19-07-2017-10:34:59:180 301728 302368 1
19-07-2017-10:34:59:220 302368 303008 1
19-07-2017-10:34:59:261 303008 303648 1
19-07-2017-10:34:59:306 303648 304288 1
19-07-2017-10:34:59:346 304288 304928 1
19-07-2017-10:34:59:389 304928 305568 1
19-07-2017-10:34:59:417 305568 306208 1
19-07-2017-10:34:59:458 306208 306848 1
19-07-2017-10:34:59:499 306848 307488 1
19-07-2017-10:34:59:545 307488 308128 1
19-07-2017-10:34:59:587 308128 308768 1
19-07-2017-10:34:59:627 308768 309408 1
19-07-2017-10:34:59:666 309408 310048 1
19-07-2017-10:34:59:695 310048 310688 1
19-07-2017-10:34:59:742 310688 311328 1
19-07-2017-10:34:59:781 311328 311968 1
19-07-2017-10:34:59:823 311968 312608 1
19-07-2017-10:34:59:863 312608 313248 1
19-07-2017-10:34:59:909 313248 313888 1
19-07-2017-10:34:59:936 313888 314528 1
19-07-2017-10:34:59:977 314528 315168 1
19-07-2017-10:35:00:019 315168 315808 1
19-07-2017-10:35:00:060 315808 316448 1
19-07-2017-10:35:00:105 316448 317088 1
19-07-2017-10:35:00:147 317088 317728 1
19-07-2017-10:35:00:176 317728 318368 1
19-07-2017-10:35:00:216 318368 319008 1
19-07-2017-10:35:00:256 319008 319648 1
19-07-2017-10:35:00:303 319648 320288 1
19-07-2017-10:35:00:343 320288 320928 1
19-07-2017-10:35:00:387 320928 321568 1
19-07-2017-10:35:00:431 321568 322208 1
19-07-2017-10:35:00:472 322208 322848 1
19-07-2017-10:35:00:501 322848 323488 1
19-07-2017-10:35:00:542 323488 324128 1
19-07-2017-10:35:00:581 324128 324768 1
19-07-2017-10:35:00:627 324768 325408 1
19-07-2017-10:35:00:658 325408 326048 1
19-07-2017-10:35:00:697 326048 326688 1
19-07-2017-10:35:00:737 326688 327328 1
19-07-2017-10:35:00:778 327328 327968 1
19-07-2017-10:35:00:826 327968 328608 1
19-07-2017-10:35:00:931 328608 329248 1
19-07-2017-10:35:00:932 329248 329888 1
19-07-2017-10:35:00:949 329888 330528 1
19-07-2017-10:35:00:987 330528 331168 1
19-07-2017-10:35:01:016 331168 331808 1
19-07-2017-10:35:01:057 331808 332448 1
19-07-2017-10:35:01:104 332448 333088 1
19-07-2017-10:35:01:145 333088 333728 1
19-07-2017-10:35:01:185 333728 334368 1
19-07-2017-10:35:01:231 334368 335008 1
19-07-2017-10:35:01:272 335008 335648 1
19-07-2017-10:35:01:302 335648 336288 1
19-07-2017-10:35:01:340 336288 336928 1
19-07-2017-10:35:01:381 336928 337568 1
19-07-2017-10:35:01:424 337568 338208 1
19-07-2017-10:35:01:471 338208 338848 1
19-07-2017-10:35:01:499 338848 339488 1
19-07-2017-10:35:01:539 339488 340128 1
19-07-2017-10:35:01:579 340128 340768 1
19-07-2017-10:35:01:621 340768 341408 1
19-07-2017-10:35:01:665 341408 342048 1
19-07-2017-10:35:01:707 342048 342688 1
19-07-2017-10:35:01:747 342688 343328 1
19-07-2017-10:35:01:775 343328 343968 1
19-07-2017-10:35:01:815 343968 344608 1
19-07-2017-10:35:01:862 344608 345248 1
19-07-2017-10:35:01:902 345248 345888 1
19-07-2017-10:35:01:942 345888 346528 1
19-07-2017-10:35:01:984 346528 347168 1
19-07-2017-10:35:02:029 347168 347808 1
19-07-2017-10:35:02:059 347808 348448 1
19-07-2017-10:35:02:098 348448 349088 1
19-07-2017-10:35:02:139 349088 349728 1
19-07-2017-10:35:02:184 349728 350368 1
19-07-2017-10:35:02:224 350368 351008 1
19-07-2017-10:35:02:266 351008 351648 1
19-07-2017-10:35:02:312 351648 352288 1
19-07-2017-10:35:02:349 352288 352928 1
19-07-2017-10:35:02:379 352928 353568 1
19-07-2017-10:35:02:424 353568 354208 1
19-07-2017-10:35:02:465 354208 354848 1
19-07-2017-10:35:02:504 354848 355488 1
19-07-2017-10:35:02:546 355488 356128 1
19-07-2017-10:35:02:575 356128 356768 1
19-07-2017-10:35:02:623 356768 357408 1
19-07-2017-10:35:02:664 357408 358048 1
19-07-2017-10:35:02:704 358048 358688 1
19-07-2017-10:35:02:743 358688 359328 1
19-07-2017-10:35:02:791 359328 359968 1
19-07-2017-10:35:02:833 359968 360608 1
19-07-2017-10:35:02:860 360608 361248 1
19-07-2017-10:35:02:902 361248 361888 1
19-07-2017-10:35:02:947 361888 362528 1
19-07-2017-10:35:02:983 362528 363168 1
19-07-2017-10:35:03:029 363168 363808 1
19-07-2017-10:35:03:071 363808 364448 1
19-07-2017-10:35:03:100 364448 365088 1
19-07-2017-10:35:03:142 365088 365728 1
19-07-2017-10:35:03:182 365728 366368 1
19-07-2017-10:35:03:228 366368 367008 1
19-07-2017-10:35:03:269 367008 367648 1
19-07-2017-10:35:03:298 367648 368288 1
19-07-2017-10:35:03:338 368288 368928 1
19-07-2017-10:35:03:378 368928 369568 1
19-07-2017-10:35:03:419 369568 370208 1
19-07-2017-10:35:03:466 370208 370848 1
19-07-2017-10:35:03:505 370848 371488 1
19-07-2017-10:35:03:545 371488 372128 1
19-07-2017-10:35:03:587 372128 372768 1
19-07-2017-10:35:03:616 372768 373408 1
19-07-2017-10:35:03:662 373408 374048 1
19-07-2017-10:35:03:703 374048 374688 1
19-07-2017-10:35:03:743 374688 375328 1
19-07-2017-10:35:03:779 375328 375968 1
19-07-2017-10:35:03:817 375968 376608 1
19-07-2017-10:35:03:864 376608 377248 1
19-07-2017-10:35:03:905 377248 377888 1
19-07-2017-10:35:03:944 377888 378528 1
19-07-2017-10:35:03:986 378528 379168 1
19-07-2017-10:35:04:237 379168 379808 1
19-07-2017-10:35:04:240 379808 380448 1
19-07-2017-10:35:04:240 380448 381088 1
19-07-2017-10:35:04:241 381088 381728 1
19-07-2017-10:35:04:241 381728 382368 1
19-07-2017-10:35:04:241 382368 383008 1
19-07-2017-10:35:04:258 383008 383648 1
19-07-2017-10:35:04:298 383648 384288 1
19-07-2017-10:35:04:338 384288 384928 1
19-07-2017-10:35:04:380 384928 385568 1
19-07-2017-10:35:04:426 385568 386208 1
19-07-2017-10:35:04:467 386208 386848 1
19-07-2017-10:35:04:507 386848 387488 1
19-07-2017-10:35:04:535 387488 388128 1
19-07-2017-10:35:04:577 388128 388768 1
19-07-2017-10:35:04:623 388768 389408 1
19-07-2017-10:35:04:663 389408 390048 1
19-07-2017-10:35:04:707 390048 390688 1
19-07-2017-10:35:04:750 390688 391328 1
19-07-2017-10:35:04:790 391328 391968 1
19-07-2017-10:35:04:819 391968 392608 1
19-07-2017-10:35:04:860 392608 393248 1
19-07-2017-10:35:04:902 393248 393888 1
19-07-2017-10:35:04:943 393888 394528 1
19-07-2017-10:35:04:988 394528 395168 1
19-07-2017-10:35:05:016 395168 395808 1
19-07-2017-10:35:05:058 395808 396448 1
19-07-2017-10:35:05:098 396448 397088 1
19-07-2017-10:35:05:139 397088 397728 1
19-07-2017-10:35:05:186 397728 398368 1
19-07-2017-10:35:05:224 398368 399008 1
19-07-2017-10:35:05:265 399008 399648 1
19-07-2017-10:35:05:307 399648 400288 1
19-07-2017-10:35:05:336 400288 400928 1
19-07-2017-10:35:05:380 400928 401568 1
19-07-2017-10:35:05:420 401568 402208 1
19-07-2017-10:35:05:465 402208 402848 1
19-07-2017-10:35:05:508 402848 403488 1
19-07-2017-10:35:05:537 403488 404128 1
19-07-2017-10:35:05:577 404128 404768 1
19-07-2017-10:35:05:618 404768 405408 1
19-07-2017-10:35:05:663 405408 406048 1
19-07-2017-10:35:05:704 406048 406688 1
19-07-2017-10:35:05:745 406688 407328 1
19-07-2017-10:35:05:785 407328 407968 1
19-07-2017-10:35:05:831 407968 408608 1
19-07-2017-10:35:05:870 408608 409248 1
19-07-2017-10:35:05:899 409248 409888 1
19-07-2017-10:35:05:940 409888 410528 1
19-07-2017-10:35:05:981 410528 411168 1
19-07-2017-10:35:06:020 411168 411808 1
19-07-2017-10:35:06:068 411808 412448 1
19-07-2017-10:35:06:109 412448 413088 1
19-07-2017-10:35:06:137 413088 413728 1
19-07-2017-10:35:06:178 413728 414368 1
19-07-2017-10:35:06:221 414368 415008 1
19-07-2017-10:35:06:265 415008 415648 1
19-07-2017-10:35:06:305 415648 416288 1
19-07-2017-10:35:06:355 416288 416928 1
19-07-2017-10:35:06:387 416928 417568 1
19-07-2017-10:35:06:415 417568 418208 1
19-07-2017-10:35:06:462 418208 418848 1
19-07-2017-10:35:06:501 418848 419488 1
19-07-2017-10:35:06:543 419488 420128 1
19-07-2017-10:35:06:584 420128 420768 1
19-07-2017-10:35:06:629 420768 421408 1
19-07-2017-10:35:06:670 421408 422048 1
19-07-2017-10:35:06:700 422048 422688 1
19-07-2017-10:35:06:739 422688 423328 1
19-07-2017-10:35:06:780 423328 423968 1
19-07-2017-10:35:06:826 423968 424608 1
19-07-2017-10:35:06:866 424608 425248 1
19-07-2017-10:35:06:907 425248 425888 1
19-07-2017-10:35:06:936 425888 426528 1
19-07-2017-10:35:06:979 426528 427168 1
19-07-2017-10:35:07:019 427168 427808 1
19-07-2017-10:35:07:063 427808 428448 1
19-07-2017-10:35:07:105 428448 429088 1
19-07-2017-10:35:07:145 429088 429728 1
19-07-2017-10:35:07:395 429728 430368 1
19-07-2017-10:35:07:397 430368 431008 1
19-07-2017-10:35:07:398 431008 431648 1
19-07-2017-10:35:07:398 431648 432288 1
19-07-2017-10:35:07:398 432288 432928 1
19-07-2017-10:35:07:398 432928 433568 1
19-07-2017-10:35:07:427 433568 434208 1
19-07-2017-10:35:07:468 434208 434848 1
19-07-2017-10:35:07:497 434848 435488 1
19-07-2017-10:35:07:538 435488 436128 1
19-07-2017-10:35:07:578 436128 436768 1
19-07-2017-10:35:07:618 436768 437408 1
19-07-2017-10:35:07:666 437408 438048 1
19-07-2017-10:35:07:707 438048 438688 1
19-07-2017-10:35:07:735 438688 439328 1
19-07-2017-10:35:07:776 439328 439968 1
19-07-2017-10:35:07:817 439968 440608 1
19-07-2017-10:35:07:863 440608 441248 1
19-07-2017-10:35:07:903 441248 441888 1
19-07-2017-10:35:07:946 441888 442528 1
19-07-2017-10:35:07:985 442528 443168 1
19-07-2017-10:35:08:031 443168 443808 1
19-07-2017-10:35:08:059 443808 444448 1
19-07-2017-10:35:08:100 444448 445088 1
19-07-2017-10:35:08:142 445088 445728 1
19-07-2017-10:35:08:182 445728 446368 1
19-07-2017-10:35:08:227 446368 447008 1
19-07-2017-10:35:08:268 447008 447648 1
19-07-2017-10:35:08:298 447648 448288 1
19-07-2017-10:35:08:338 448288 448928 1
19-07-2017-10:35:08:390 448928 449568 1
19-07-2017-10:35:08:432 449568 450208 1
19-07-2017-10:35:08:460 450208 450848 1
19-07-2017-10:35:08:500 450848 451488 1
19-07-2017-10:35:08:578 451488 452128 1
19-07-2017-10:35:08:588 452128 452768 1
19-07-2017-10:35:08:629 452768 453408 1
19-07-2017-10:35:08:657 453408 454048 1
19-07-2017-10:35:08:697 454048 454688 1
19-07-2017-10:35:08:738 454688 455328 1
19-07-2017-10:35:08:784 455328 455968 1
19-07-2017-10:35:08:825 455968 456608 1
19-07-2017-10:35:08:865 456608 457248 1
19-07-2017-10:35:08:906 457248 457888 1
19-07-2017-10:35:08:935 457888 458528 1
19-07-2017-10:35:08:983 458528 459168 1
19-07-2017-10:35:09:022 459168 459808 1
19-07-2017-10:35:09:063 459808 460448 1
19-07-2017-10:35:09:104 460448 461088 1
19-07-2017-10:35:09:152 461088 461728 1
19-07-2017-10:35:09:179 461728 462368 1
19-07-2017-10:35:09:222 462368 463008 1
19-07-2017-10:35:09:261 463008 463648 1
19-07-2017-10:35:09:302 463648 464288 1
19-07-2017-10:35:09:348 464288 464928 1
19-07-2017-10:35:09:390 464928 465568 1
19-07-2017-10:35:09:418 465568 466208 1
19-07-2017-10:35:09:458 466208 466848 1
19-07-2017-10:35:09:499 466848 467488 1
19-07-2017-10:35:09:539 467488 468128 1
19-07-2017-10:35:09:585 468128 468768 1
19-07-2017-10:35:09:627 468768 469408 1
19-07-2017-10:35:09:656 469408 470048 1
19-07-2017-10:35:09:696 470048 470688 1
19-07-2017-10:35:09:737 470688 471328 1
19-07-2017-10:35:09:783 471328 471968 1
19-07-2017-10:35:09:825 471968 472608 1
19-07-2017-10:35:09:870 472608 473248 1
19-07-2017-10:35:09:911 473248 473888 1
19-07-2017-10:35:09:938 473888 474528 1
19-07-2017-10:35:09:980 474528 475168 1
19-07-2017-10:35:10:020 475168 475808 1
19-07-2017-10:35:10:067 475808 476448 1
19-07-2017-10:35:10:108 476448 477088 1
19-07-2017-10:35:10:137 477088 477728 1
19-07-2017-10:35:10:178 477728 478368 1
19-07-2017-10:35:10:218 478368 479008 1
19-07-2017-10:35:10:264 479008 479648 1
19-07-2017-10:35:10:305 479648 480288 1
19-07-2017-10:35:10:347 480288 480928 1
19-07-2017-10:35:10:387 480928 481568 1
19-07-2017-10:35:10:418 481568 482208 1
19-07-2017-10:35:10:456 482208 482848 1
19-07-2017-10:35:10:502 482848 483488 1
19-07-2017-10:35:10:542 483488 484128 1
19-07-2017-10:35:10:582 484128 484768 1
19-07-2017-10:35:10:629 484768 485408 1
19-07-2017-10:35:10:669 485408 486048 1
19-07-2017-10:35:10:697 486048 486688 1
19-07-2017-10:35:10:739 486688 487328 1
19-07-2017-10:35:10:779 487328 487968 1
19-07-2017-10:35:10:820 487968 488608 1
19-07-2017-10:35:10:866 488608 489248 1
19-07-2017-10:35:10:906 489248 489888 1
19-07-2017-10:35:10:936 489888 490528 1
19-07-2017-10:35:10:977 490528 491168 1
19-07-2017-10:35:11:017 491168 491808 1
19-07-2017-10:35:11:058 491808 492448 1
19-07-2017-10:35:11:104 492448 493088 1
19-07-2017-10:35:11:139 493088 493728 1
19-07-2017-10:35:11:181 493728 494368 1
19-07-2017-10:35:11:221 494368 495008 1
19-07-2017-10:35:11:267 495008 495648 1
19-07-2017-10:35:11:309 495648 496288 1
19-07-2017-10:35:11:338 496288 496928 1
19-07-2017-10:35:11:382 496928 497568 1
19-07-2017-10:35:11:423 497568 498208 1
19-07-2017-10:35:11:462 498208 498848 1
19-07-2017-10:35:11:510 498848 499488 1
19-07-2017-10:35:11:539 499488 500128 1
19-07-2017-10:35:11:581 500128 500768 1
19-07-2017-10:35:11:620 500768 501408 1
19-07-2017-10:35:11:662 501408 502048 1
19-07-2017-10:35:12:021 502048 502688 1
19-07-2017-10:35:12:023 502688 503328 1
19-07-2017-10:35:12:023 503328 503968 1
19-07-2017-10:35:12:024 503968 504608 1
19-07-2017-10:35:12:024 504608 505248 1
19-07-2017-10:35:12:024 505248 505888 1
19-07-2017-10:35:12:024 505888 506528 1
19-07-2017-10:35:12:024 506528 507168 1
19-07-2017-10:35:12:024 507168 507808 1
19-07-2017-10:35:12:056 507808 508448 1
19-07-2017-10:35:12:097 508448 509088 1
19-07-2017-10:35:12:142 509088 509728 1
19-07-2017-10:35:12:183 509728 510368 1
19-07-2017-10:35:12:225 510368 511008 1
19-07-2017-10:35:12:269 511008 511648 1
19-07-2017-10:35:12:310 511648 512288 1
19-07-2017-10:35:12:339 512288 512928 1
19-07-2017-10:35:12:379 512928 513568 1
19-07-2017-10:35:12:421 513568 514208 1
19-07-2017-10:35:12:461 514208 514848 1
19-07-2017-10:35:12:508 514848 515488 1
19-07-2017-10:35:12:537 515488 516128 1
19-07-2017-10:35:12:576 516128 516768 1
19-07-2017-10:35:12:618 516768 517408 1
19-07-2017-10:35:12:658 517408 518048 1
19-07-2017-10:35:12:703 518048 518688 1
19-07-2017-10:35:12:744 518688 519328 1
19-07-2017-10:35:12:784 519328 519968 1
19-07-2017-10:35:12:826 519968 520608 1
19-07-2017-10:35:12:859 520608 521248 1
19-07-2017-10:35:12:898 521248 521888 1
19-07-2017-10:35:12:940 521888 522528 1
19-07-2017-10:35:12:985 522528 523168 1
19-07-2017-10:35:13:026 523168 523808 1
19-07-2017-10:35:13:065 523808 524448 1
19-07-2017-10:35:13:095 524448 525088 1
19-07-2017-10:35:13:135 525088 525728 1
19-07-2017-10:35:13:177 525728 526368 1
19-07-2017-10:35:13:223 526368 527008 1
19-07-2017-10:35:13:264 527008 527648 1
19-07-2017-10:35:13:304 527648 528288 1
19-07-2017-10:35:13:344 528288 528928 1
19-07-2017-10:35:13:391 528928 529568 1
19-07-2017-10:35:13:415 529568 530208 1
19-07-2017-10:35:13:461 530208 530848 1
19-07-2017-10:35:13:501 530848 531488 1
19-07-2017-10:35:13:542 531488 532128 1
19-07-2017-10:35:13:588 532128 532768 1
19-07-2017-10:35:13:628 532768 533408 1
19-07-2017-10:35:13:657 533408 534048 1
19-07-2017-10:35:13:698 534048 534688 1
19-07-2017-10:35:13:739 534688 535328 1
19-07-2017-10:35:13:780 535328 535968 1
19-07-2017-10:35:13:826 535968 536608 1
19-07-2017-10:35:13:866 536608 537248 1
19-07-2017-10:35:13:896 537248 537888 1
19-07-2017-10:35:13:935 537888 538528 1
19-07-2017-10:35:13:977 538528 539168 1
19-07-2017-10:35:14:022 539168 539808 1
19-07-2017-10:35:14:063 539808 540448 1
19-07-2017-10:35:14:104 540448 541088 1
19-07-2017-10:35:14:144 541088 541728 1
19-07-2017-10:35:14:191 541728 542368 1
19-07-2017-10:35:14:220 542368 543008 1
19-07-2017-10:35:14:259 543008 543648 1
19-07-2017-10:35:14:302 543648 544288 1
19-07-2017-10:35:14:341 544288 544928 1
19-07-2017-10:35:14:377 544928 545568 1
19-07-2017-10:35:14:416 545568 546208 1
19-07-2017-10:35:14:463 546208 546848 1
19-07-2017-10:35:14:504 546848 547488 1
19-07-2017-10:35:14:544 547488 548128 1
19-07-2017-10:35:14:586 548128 548768 1
19-07-2017-10:35:14:628 548768 549408 1
19-07-2017-10:35:14:655 549408 550048 1
19-07-2017-10:35:14:701 550048 550688 1
19-07-2017-10:35:14:743 550688 551328 1
19-07-2017-10:35:14:784 551328 551968 1
19-07-2017-10:35:14:823 551968 552608 1
19-07-2017-10:35:14:970 552608 553248 1
19-07-2017-10:35:14:971 553248 553888 1
19-07-2017-10:35:14:972 553888 554528 1
19-07-2017-10:35:14:980 554528 555168 1
19-07-2017-10:35:15:021 555168 555808 1
19-07-2017-10:35:15:066 555808 556448 1
19-07-2017-10:35:15:108 556448 557088 1
19-07-2017-10:35:15:137 557088 557728 1
19-07-2017-10:35:15:176 557728 558368 1
19-07-2017-10:35:15:217 558368 559008 1
19-07-2017-10:35:15:257 559008 559648 1
19-07-2017-10:35:15:305 559648 560288 1
19-07-2017-10:35:15:345 560288 560928 1
19-07-2017-10:35:15:386 560928 561568 1
19-07-2017-10:35:15:427 561568 562208 1
19-07-2017-10:35:15:454 562208 562848 1
19-07-2017-10:35:15:495 562848 563488 1
19-07-2017-10:35:15:542 563488 564128 1
19-07-2017-10:35:15:582 564128 564768 1
19-07-2017-10:35:15:625 564768 565408 1
19-07-2017-10:35:15:669 565408 566048 1
19-07-2017-10:35:15:710 566048 566688 1
19-07-2017-10:35:15:741 566688 567328 1
19-07-2017-10:35:15:779 567328 567968 1
19-07-2017-10:35:15:820 567968 568608 1
19-07-2017-10:35:15:861 568608 569248 1
19-07-2017-10:35:15:902 569248 569888 1
19-07-2017-10:35:15:941 569888 570528 1
19-07-2017-10:35:15:988 570528 571168 1
19-07-2017-10:35:16:017 571168 571808 1
19-07-2017-10:35:16:057 571808 572448 1
19-07-2017-10:35:16:098 572448 573088 1
19-07-2017-10:35:16:139 573088 573728 1
19-07-2017-10:35:16:179 573728 574368 1
19-07-2017-10:35:16:227 574368 575008 1
19-07-2017-10:35:16:255 575008 575648 1
19-07-2017-10:35:16:294 575648 576288 1
19-07-2017-10:35:16:336 576288 576928 1
19-07-2017-10:35:16:384 576928 577568 1
19-07-2017-10:35:16:424 577568 578208 1
19-07-2017-10:35:16:464 578208 578848 1
19-07-2017-10:35:16:505 578848 579488 1
19-07-2017-10:35:16:550 579488 580128 1
19-07-2017-10:35:16:578 580128 580768 1
19-07-2017-10:35:16:622 580768 581408 1
