19-07-2017-09:50:34:035 0 800 1
19-07-2017-09:50:34:080 800 1600 1
19-07-2017-09:50:34:132 1600 2352 1
19-07-2017-09:50:34:192 2352 3104 1
19-07-2017-09:50:34:219 3104 3856 1
19-07-2017-09:50:34:270 3856 4560 1
19-07-2017-09:50:34:321 4560 5264 1
19-07-2017-09:50:34:362 5264 5968 1
19-07-2017-09:50:34:401 5968 6672 1
19-07-2017-09:50:34:441 6672 7376 1
19-07-2017-09:50:34:489 7376 8080 1
19-07-2017-09:50:34:530 8080 8784 1
19-07-2017-09:50:34:583 8784 9488 1
19-07-2017-09:50:34:624 9488 10192 1
19-07-2017-09:50:34:664 10192 10896 1
19-07-2017-09:50:34:705 10896 11600 1
19-07-2017-09:50:34:757 11600 12288 1
19-07-2017-09:50:34:793 12288 12976 1
19-07-2017-09:50:34:833 12976 13664 1
19-07-2017-09:50:34:885 13664 14336 1
19-07-2017-09:50:34:932 14336 15008 1
19-07-2017-09:50:34:975 15008 15680 1
19-07-2017-09:50:35:003 15680 16352 1
19-07-2017-09:50:35:043 16352 17024 1
19-07-2017-09:50:35:084 17024 17696 1
19-07-2017-09:50:35:137 17696 18352 1
19-07-2017-09:50:35:171 18352 19008 1
19-07-2017-09:50:35:213 19008 19664 1
19-07-2017-09:50:35:253 19664 20320 1
19-07-2017-09:50:35:293 20320 20976 1
19-07-2017-09:50:35:334 20976 21632 1
19-07-2017-09:50:35:375 21632 22288 1
19-07-2017-09:50:35:427 22288 22800 1
19-07-2017-09:50:35:437 22800 23312 1
19-07-2017-09:50:35:483 23312 23824 1
19-07-2017-09:50:35:507 23824 24336 1
19-07-2017-09:50:35:534 24336 24848 1
19-07-2017-09:50:35:565 24848 25360 1
19-07-2017-09:50:35:604 25360 25872 1
19-07-2017-09:50:35:634 25872 26384 1
19-07-2017-09:50:35:663 26384 26896 1
19-07-2017-09:50:35:691 26896 27408 1
19-07-2017-09:50:35:733 27408 27920 1
19-07-2017-09:50:35:762 27920 28432 1
19-07-2017-09:50:35:792 28432 28944 1
19-07-2017-09:50:35:820 28944 29456 1
19-07-2017-09:50:35:860 29456 29968 1
19-07-2017-09:50:35:888 29968 30480 1
19-07-2017-09:50:35:919 30480 30992 1
19-07-2017-09:50:35:957 30992 31504 1
19-07-2017-09:50:35:987 31504 32016 1
19-07-2017-09:50:36:015 32016 32528 1
19-07-2017-09:50:36:045 32528 33040 1
19-07-2017-09:50:36:085 33040 33552 1
19-07-2017-09:50:36:114 33552 34064 1
19-07-2017-09:50:36:144 34064 34576 1
19-07-2017-09:50:36:172 34576 35088 1
19-07-2017-09:50:36:214 35088 35600 1
19-07-2017-09:50:36:243 35600 36112 1
19-07-2017-09:50:36:271 36112 36624 1
19-07-2017-09:50:36:302 36624 37136 1
19-07-2017-09:50:36:342 37136 37648 1
19-07-2017-09:50:36:371 37648 38160 1
19-07-2017-09:50:36:399 38160 38672 1
19-07-2017-09:50:36:440 38672 39184 1
19-07-2017-09:50:36:464 39184 39696 1
19-07-2017-09:50:36:492 39696 40208 1
19-07-2017-09:50:36:539 40208 40720 1
19-07-2017-09:50:36:562 40720 41232 1
19-07-2017-09:50:36:592 41232 41744 1
19-07-2017-09:50:36:621 41744 42256 1
19-07-2017-09:50:36:661 42256 42768 1
19-07-2017-09:50:36:690 42768 43280 1
19-07-2017-09:50:36:719 43280 43792 1
19-07-2017-09:50:36:747 43792 44304 1
19-07-2017-09:50:36:788 44304 44816 1
19-07-2017-09:50:36:816 44816 45328 1
19-07-2017-09:50:36:846 45328 45840 1
19-07-2017-09:50:36:887 45840 46352 1
19-07-2017-09:50:36:919 46352 46864 1
19-07-2017-09:50:36:940 46864 47376 1
19-07-2017-09:50:36:986 47376 47888 1
19-07-2017-09:50:37:014 47888 48400 1
19-07-2017-09:50:37:038 48400 48912 1
19-07-2017-09:50:37:068 48912 49424 1
19-07-2017-09:50:37:269 49424 49936 1
19-07-2017-09:50:37:272 49936 50448 1
19-07-2017-09:50:37:272 50448 50960 1
19-07-2017-09:50:37:272 50960 51472 1
19-07-2017-09:50:37:273 51472 51984 1
19-07-2017-09:50:37:273 51984 52496 1
19-07-2017-09:50:37:293 52496 53008 1
19-07-2017-09:50:37:336 53008 53520 1
19-07-2017-09:50:37:363 53520 54032 1
19-07-2017-09:50:37:391 54032 54544 1
19-07-2017-09:50:37:420 54544 55056 1
19-07-2017-09:50:37:462 55056 55568 1
19-07-2017-09:50:37:491 55568 56080 1
19-07-2017-09:50:37:520 56080 56592 1
19-07-2017-09:50:37:550 56592 57104 1
19-07-2017-09:50:37:590 57104 57616 1
19-07-2017-09:50:37:619 57616 58128 1
19-07-2017-09:50:37:647 58128 58640 1
19-07-2017-09:50:37:687 58640 59152 1
19-07-2017-09:50:37:716 59152 59664 1
19-07-2017-09:50:37:739 59664 60176 1
19-07-2017-09:50:37:787 60176 60688 1
19-07-2017-09:50:37:815 60688 61200 1
19-07-2017-09:50:37:838 61200 61712 1
19-07-2017-09:50:37:867 61712 62224 1
19-07-2017-09:50:37:913 62224 62736 1
19-07-2017-09:50:37:936 62736 63248 1
19-07-2017-09:50:37:965 63248 63760 1
19-07-2017-09:50:38:011 63760 64272 1
19-07-2017-09:50:38:040 64272 64784 1
19-07-2017-09:50:38:067 64784 65296 1
19-07-2017-09:50:38:097 65296 65808 1
19-07-2017-09:50:38:126 65808 66320 1
19-07-2017-09:50:38:168 66320 66832 1
19-07-2017-09:50:38:196 66832 67344 1
19-07-2017-09:50:38:225 67344 67856 1
19-07-2017-09:50:38:266 67856 68368 1
19-07-2017-09:50:38:296 68368 68880 1
19-07-2017-09:50:38:319 68880 69392 1
19-07-2017-09:50:38:348 69392 69904 1
19-07-2017-09:50:38:395 69904 70416 1
19-07-2017-09:50:38:417 70416 70928 1
19-07-2017-09:50:38:447 70928 71440 1
19-07-2017-09:50:38:475 71440 71952 1
19-07-2017-09:50:38:516 71952 72464 1
19-07-2017-09:50:38:546 72464 72976 1
19-07-2017-09:50:38:625 72976 73488 1
19-07-2017-09:50:38:627 73488 74000 1
19-07-2017-09:50:38:644 74000 74512 1
19-07-2017-09:50:38:672 74512 75024 1
19-07-2017-09:50:38:703 75024 75536 1
19-07-2017-09:50:38:742 75536 76048 1
19-07-2017-09:50:38:770 76048 76560 1
19-07-2017-09:50:38:800 76560 77072 1
19-07-2017-09:50:38:842 77072 77584 1
19-07-2017-09:50:38:870 77584 78096 1
19-07-2017-09:50:38:898 78096 78608 1
19-07-2017-09:50:38:939 78608 79120 1
19-07-2017-09:50:38:968 79120 79632 1
19-07-2017-09:50:38:991 79632 80144 1
19-07-2017-09:50:39:021 80144 80656 1
19-07-2017-09:50:39:060 80656 81168 1
19-07-2017-09:50:39:089 81168 81680 1
19-07-2017-09:50:39:119 81680 82192 1
19-07-2017-09:50:39:149 82192 82704 1
19-07-2017-09:50:39:188 82704 83216 1
19-07-2017-09:50:39:217 83216 83728 1
19-07-2017-09:50:39:246 83728 84240 1
19-07-2017-09:50:39:276 84240 84752 1
19-07-2017-09:50:39:315 84752 85264 1
19-07-2017-09:50:39:344 85264 85776 1
19-07-2017-09:50:39:373 85776 86288 1
19-07-2017-09:50:39:415 86288 86800 1
19-07-2017-09:50:39:442 86800 87312 1
19-07-2017-09:50:39:471 87312 87824 1
19-07-2017-09:50:39:514 87824 88336 1
19-07-2017-09:50:39:541 88336 88848 1
19-07-2017-09:50:39:572 88848 89360 1
19-07-2017-09:50:39:600 89360 89872 1
19-07-2017-09:50:39:629 89872 90384 1
19-07-2017-09:50:39:669 90384 90896 1
19-07-2017-09:50:39:697 90896 91408 1
19-07-2017-09:50:39:726 91408 91920 1
19-07-2017-09:50:39:767 91920 92432 1
19-07-2017-09:50:39:797 92432 92944 1
19-07-2017-09:50:39:820 92944 93456 1
19-07-2017-09:50:39:866 93456 93968 1
19-07-2017-09:50:39:890 93968 94480 1
19-07-2017-09:50:39:919 94480 94992 1
19-07-2017-09:50:39:948 94992 95504 1
19-07-2017-09:50:39:990 95504 96016 1
19-07-2017-09:50:40:020 96016 96528 1
19-07-2017-09:50:40:047 96528 97040 1
19-07-2017-09:50:40:077 97040 97552 1
19-07-2017-09:50:40:117 97552 98064 1
19-07-2017-09:50:40:146 98064 98576 1
19-07-2017-09:50:40:175 98576 99088 1
19-07-2017-09:50:40:204 99088 99600 1
19-07-2017-09:50:40:244 99600 100112 1
19-07-2017-09:50:40:273 100112 100624 1
19-07-2017-09:50:40:314 100624 101136 1
19-07-2017-09:50:40:343 101136 101648 1
19-07-2017-09:50:40:373 101648 102160 1
19-07-2017-09:50:40:396 102160 102672 1
19-07-2017-09:50:40:442 102672 103184 1
19-07-2017-09:50:40:467 103184 103696 1
19-07-2017-09:50:40:494 103696 104208 1
19-07-2017-09:50:40:524 104208 104720 1
19-07-2017-09:50:40:567 104720 105232 1
19-07-2017-09:50:40:595 105232 105744 1
19-07-2017-09:50:40:625 105744 106256 1
19-07-2017-09:50:40:653 106256 106768 1
19-07-2017-09:50:40:692 106768 107280 1
19-07-2017-09:50:40:723 107280 107792 1
19-07-2017-09:50:40:751 107792 108304 1
19-07-2017-09:50:40:791 108304 108816 1
19-07-2017-09:50:40:820 108816 109328 1
19-07-2017-09:50:40:849 109328 109840 1
19-07-2017-09:50:40:893 109840 110352 1
19-07-2017-09:50:40:921 110352 110864 1
19-07-2017-09:50:40:942 110864 111376 1
19-07-2017-09:50:40:976 111376 111888 1
19-07-2017-09:50:41:016 111888 112400 1
19-07-2017-09:50:41:044 112400 112912 1
19-07-2017-09:50:41:068 112912 113424 1
19-07-2017-09:50:41:117 113424 113936 1
19-07-2017-09:50:41:138 113936 114448 1
19-07-2017-09:50:41:166 114448 114960 1
19-07-2017-09:50:41:196 114960 115472 1
19-07-2017-09:50:41:237 115472 115984 1
19-07-2017-09:50:41:267 115984 116496 1
19-07-2017-09:50:41:297 116496 117008 1
19-07-2017-09:50:41:334 117008 117520 1
19-07-2017-09:50:41:363 117520 118032 1
19-07-2017-09:50:41:392 118032 118544 1
19-07-2017-09:50:41:421 118544 119056 1
19-07-2017-09:50:41:462 119056 119568 1
19-07-2017-09:50:41:491 119568 120080 1
19-07-2017-09:50:41:520 120080 120592 1
19-07-2017-09:50:41:561 120592 121104 1
19-07-2017-09:50:41:590 121104 121616 1
19-07-2017-09:50:41:620 121616 122128 1
19-07-2017-09:50:41:660 122128 122640 1
19-07-2017-09:50:41:689 122640 123152 1
19-07-2017-09:50:42:116 123152 123664 1
19-07-2017-09:50:42:118 123664 124176 1
19-07-2017-09:50:42:118 124176 124688 1
19-07-2017-09:50:42:118 124688 125200 1
19-07-2017-09:50:42:120 125200 125712 1
19-07-2017-09:50:42:120 125712 126224 1
19-07-2017-09:50:42:120 126224 126736 1
19-07-2017-09:50:42:120 126736 127248 1
19-07-2017-09:50:42:120 127248 127760 1
19-07-2017-09:50:42:120 127760 128272 1
19-07-2017-09:50:42:120 128272 128784 1
19-07-2017-09:50:42:120 128784 129296 1
19-07-2017-09:50:42:120 129296 129808 1
19-07-2017-09:50:42:124 129808 130320 1
19-07-2017-09:50:42:166 130320 130832 1
19-07-2017-09:50:42:195 130832 131344 1
19-07-2017-09:50:42:234 131344 131856 1
19-07-2017-09:50:42:264 131856 132368 1
19-07-2017-09:50:42:294 132368 132880 1
19-07-2017-09:50:42:317 132880 133392 1
19-07-2017-09:50:42:363 133392 133904 1
19-07-2017-09:50:42:386 133904 134416 1
19-07-2017-09:50:42:415 134416 134928 1
19-07-2017-09:50:42:444 134928 135440 1
19-07-2017-09:50:42:485 135440 135952 1
19-07-2017-09:50:42:514 135952 136464 1
19-07-2017-09:50:42:543 136464 136976 1
19-07-2017-09:50:42:584 136976 137488 1
19-07-2017-09:50:42:613 137488 138000 1
19-07-2017-09:50:42:636 138000 138512 1
19-07-2017-09:50:42:682 138512 139024 1
19-07-2017-09:50:42:711 139024 139536 1
19-07-2017-09:50:42:734 139536 140048 1
19-07-2017-09:50:42:763 140048 140560 1
19-07-2017-09:50:42:805 140560 141072 1
19-07-2017-09:50:42:834 141072 141584 1
19-07-2017-09:50:42:863 141584 142096 1
19-07-2017-09:50:42:892 142096 142608 1
19-07-2017-09:50:42:934 142608 143120 1
19-07-2017-09:50:42:963 143120 143632 1
19-07-2017-09:50:42:991 143632 144144 1
19-07-2017-09:50:43:020 144144 144656 1
19-07-2017-09:50:43:062 144656 145168 1
19-07-2017-09:50:43:090 145168 145680 1
19-07-2017-09:50:43:131 145680 146192 1
19-07-2017-09:50:43:161 146192 146704 1
19-07-2017-09:50:43:189 146704 147216 1
19-07-2017-09:50:43:212 147216 147728 1
19-07-2017-09:50:43:261 147728 148240 1
19-07-2017-09:50:43:283 148240 148752 1
19-07-2017-09:50:43:314 148752 149264 1
19-07-2017-09:50:43:340 149264 149776 1
19-07-2017-09:50:43:382 149776 150288 1
19-07-2017-09:50:43:411 150288 150800 1
19-07-2017-09:50:43:438 150800 151312 1
19-07-2017-09:50:43:469 151312 151824 1
19-07-2017-09:50:43:510 151824 152336 1
19-07-2017-09:50:43:542 152336 152848 1
19-07-2017-09:50:43:567 152848 153360 1
19-07-2017-09:50:43:607 153360 153872 1
19-07-2017-09:50:43:637 153872 154384 1
19-07-2017-09:50:43:661 154384 154896 1
19-07-2017-09:50:43:707 154896 155408 1
19-07-2017-09:50:43:730 155408 155920 1
19-07-2017-09:50:43:759 155920 156432 1
19-07-2017-09:50:43:789 156432 156944 1
19-07-2017-09:50:43:830 156944 157456 1
19-07-2017-09:50:43:857 157456 157968 1
19-07-2017-09:50:43:886 157968 158480 1
19-07-2017-09:50:43:916 158480 158992 1
19-07-2017-09:50:43:956 158992 159504 1
19-07-2017-09:50:43:985 159504 160016 1
19-07-2017-09:50:44:013 160016 160528 1
19-07-2017-09:50:44:060 160528 161040 1
19-07-2017-09:50:44:083 161040 161552 1
19-07-2017-09:50:44:112 161552 162064 1
19-07-2017-09:50:44:139 162064 162576 1
19-07-2017-09:50:44:181 162576 163088 1
19-07-2017-09:50:44:210 163088 163600 1
19-07-2017-09:50:44:240 163600 164112 1
19-07-2017-09:50:44:269 164112 164624 1
19-07-2017-09:50:44:308 164624 165136 1
19-07-2017-09:50:44:338 165136 165648 1
19-07-2017-09:50:44:367 165648 166160 1
19-07-2017-09:50:44:396 166160 166672 1
19-07-2017-09:50:44:437 166672 167184 1
19-07-2017-09:50:44:467 167184 167696 1
19-07-2017-09:50:44:494 167696 168208 1
19-07-2017-09:50:44:536 168208 168720 1
19-07-2017-09:50:44:564 168720 169232 1
19-07-2017-09:50:44:593 169232 169744 1
19-07-2017-09:50:44:633 169744 170256 1
19-07-2017-09:50:44:662 170256 170768 1
19-07-2017-09:50:44:691 170768 171280 1
19-07-2017-09:50:44:731 171280 171792 1
19-07-2017-09:50:44:760 171792 172304 1
19-07-2017-09:50:44:788 172304 172816 1
19-07-2017-09:50:44:813 172816 173328 1
19-07-2017-09:50:45:089 173328 173840 1
19-07-2017-09:50:45:090 173840 174352 1
19-07-2017-09:50:45:090 174352 174864 1
19-07-2017-09:50:45:090 174864 175376 1
19-07-2017-09:50:45:090 175376 175888 1
19-07-2017-09:50:45:090 175888 176400 1
19-07-2017-09:50:45:090 176400 176912 1
19-07-2017-09:50:45:090 176912 177424 1
19-07-2017-09:50:45:107 177424 177936 1
19-07-2017-09:50:45:137 177936 178448 1
19-07-2017-09:50:45:167 178448 178960 1
19-07-2017-09:50:45:196 178960 179472 1
19-07-2017-09:50:45:236 179472 179984 1
19-07-2017-09:50:45:265 179984 180496 1
19-07-2017-09:50:45:306 180496 181008 1
19-07-2017-09:50:45:334 181008 181520 1
19-07-2017-09:50:45:363 181520 182032 1
19-07-2017-09:50:45:387 182032 182544 1
19-07-2017-09:50:45:434 182544 183056 1
19-07-2017-09:50:45:456 183056 183568 1
19-07-2017-09:50:45:486 183568 184080 1
19-07-2017-09:50:45:531 184080 184592 1
19-07-2017-09:50:45:554 184592 185104 1
19-07-2017-09:50:45:584 185104 185616 1
19-07-2017-09:50:45:613 185616 186128 1
19-07-2017-09:50:45:655 186128 186640 1
19-07-2017-09:50:45:682 186640 187152 1
19-07-2017-09:50:45:711 187152 187664 1
19-07-2017-09:50:45:759 187664 188176 1
19-07-2017-09:50:45:781 188176 188688 1
19-07-2017-09:50:45:803 188688 189200 1
19-07-2017-09:50:45:850 189200 189712 1
19-07-2017-09:50:45:874 189712 190224 1
19-07-2017-09:50:45:903 190224 190736 1
19-07-2017-09:50:45:933 190736 191248 1
19-07-2017-09:50:45:971 191248 191760 1
19-07-2017-09:50:46:001 191760 192272 1
19-07-2017-09:50:46:031 192272 192784 1
19-07-2017-09:50:46:060 192784 193296 1
19-07-2017-09:50:46:100 193296 193808 1
19-07-2017-09:50:46:128 193808 194320 1
19-07-2017-09:50:46:158 194320 194832 1
19-07-2017-09:50:46:197 194832 195344 1
19-07-2017-09:50:46:227 195344 195856 1
19-07-2017-09:50:46:259 195856 196368 1
19-07-2017-09:50:46:287 196368 196880 1
19-07-2017-09:50:46:328 196880 197392 1
19-07-2017-09:50:46:355 197392 197904 1
19-07-2017-09:50:46:382 197904 198416 1
19-07-2017-09:50:46:412 198416 198928 1
19-07-2017-09:50:46:453 198928 199440 1
19-07-2017-09:50:46:482 199440 199952 1
19-07-2017-09:50:46:511 199952 200464 1
19-07-2017-09:50:46:551 200464 200976 1
19-07-2017-09:50:46:580 200976 201488 1
19-07-2017-09:50:46:610 201488 202000 1
19-07-2017-09:50:46:649 202000 202512 1
19-07-2017-09:50:46:677 202512 203024 1
19-07-2017-09:50:46:701 203024 203536 1
19-07-2017-09:50:46:748 203536 204048 1
19-07-2017-09:50:46:771 204048 204560 1
19-07-2017-09:50:46:799 204560 205072 1
19-07-2017-09:50:46:828 205072 205584 1
19-07-2017-09:50:46:869 205584 206096 1
19-07-2017-09:50:46:898 206096 206608 1
19-07-2017-09:50:46:927 206608 207120 1
19-07-2017-09:50:46:956 207120 207632 1
19-07-2017-09:50:46:997 207632 208144 1
19-07-2017-09:50:47:025 208144 208656 1
19-07-2017-09:50:47:066 208656 209168 1
19-07-2017-09:50:47:094 209168 209680 1
19-07-2017-09:50:47:117 209680 210192 1
19-07-2017-09:50:47:147 210192 210704 1
19-07-2017-09:50:47:187 210704 211216 1
19-07-2017-09:50:47:217 211216 211728 1
19-07-2017-09:50:47:245 211728 212240 1
19-07-2017-09:50:47:285 212240 212752 1
19-07-2017-09:50:47:314 212752 213264 1
19-07-2017-09:50:47:344 213264 213776 1
19-07-2017-09:50:47:372 213776 214288 1
19-07-2017-09:50:47:412 214288 214800 1
19-07-2017-09:50:47:443 214800 215312 1
19-07-2017-09:50:47:471 215312 215824 1
19-07-2017-09:50:47:499 215824 216336 1
19-07-2017-09:50:47:541 216336 216848 1
19-07-2017-09:50:47:569 216848 217360 1
19-07-2017-09:50:47:598 217360 217872 1
19-07-2017-09:50:47:628 217872 218384 1
19-07-2017-09:50:47:669 218384 218896 1
19-07-2017-09:50:47:697 218896 219408 1
19-07-2017-09:50:47:737 219408 219920 1
19-07-2017-09:50:47:767 219920 220432 1
19-07-2017-09:50:47:796 220432 220944 1
19-07-2017-09:50:47:819 220944 221456 1
19-07-2017-09:50:47:865 221456 221968 1
19-07-2017-09:50:47:889 221968 222480 1
19-07-2017-09:50:47:917 222480 222992 1
19-07-2017-09:50:47:963 222992 223504 1
19-07-2017-09:50:48:428 223504 224016 1
19-07-2017-09:50:48:429 224016 224528 1
19-07-2017-09:50:48:429 224528 225040 1
19-07-2017-09:50:48:429 225040 225552 1
19-07-2017-09:50:48:429 225552 226064 1
19-07-2017-09:50:48:429 226064 226576 1
19-07-2017-09:50:48:429 226576 227088 1
19-07-2017-09:50:48:429 227088 227600 1
19-07-2017-09:50:48:429 227600 228112 1
19-07-2017-09:50:48:429 228112 228624 1
19-07-2017-09:50:48:429 228624 229136 1
19-07-2017-09:50:48:429 229136 229648 1
19-07-2017-09:50:48:429 229648 230160 1
19-07-2017-09:50:48:430 230160 230672 1
19-07-2017-09:50:48:440 230672 231184 1
19-07-2017-09:50:48:464 231184 231696 1
19-07-2017-09:50:48:493 231696 232208 1
19-07-2017-09:50:48:537 232208 232720 1
19-07-2017-09:50:48:563 232720 233232 1
19-07-2017-09:50:48:593 233232 233744 1
19-07-2017-09:50:48:621 233744 234256 1
19-07-2017-09:50:48:662 234256 234768 1
19-07-2017-09:50:48:692 234768 235280 1
19-07-2017-09:50:48:714 235280 235792 1
19-07-2017-09:50:48:759 235792 236304 1
19-07-2017-09:50:48:790 236304 236816 1
19-07-2017-09:50:48:813 236816 237328 1
19-07-2017-09:50:48:859 237328 237840 1
19-07-2017-09:50:48:888 237840 238352 1
19-07-2017-09:50:48:910 238352 238864 1
19-07-2017-09:50:48:939 238864 239376 1
19-07-2017-09:50:48:986 239376 239888 1
19-07-2017-09:50:49:009 239888 240400 1
19-07-2017-09:50:49:038 240400 240912 1
19-07-2017-09:50:49:068 240912 241424 1
19-07-2017-09:50:49:108 241424 241936 1
19-07-2017-09:50:49:136 241936 242448 1
19-07-2017-09:50:49:166 242448 242960 1
19-07-2017-09:50:49:207 242960 243472 1
19-07-2017-09:50:49:236 243472 243984 1
19-07-2017-09:50:49:265 243984 244496 1
19-07-2017-09:50:49:293 244496 245008 1
19-07-2017-09:50:49:334 245008 245520 1
19-07-2017-09:50:49:361 245520 246032 1
19-07-2017-09:50:49:391 246032 246544 1
19-07-2017-09:50:49:420 246544 247056 1
19-07-2017-09:50:49:461 247056 247568 1
19-07-2017-09:50:49:488 247568 248080 1
19-07-2017-09:50:49:518 248080 248592 1
19-07-2017-09:50:49:558 248592 249104 1
19-07-2017-09:50:49:588 249104 249616 1
19-07-2017-09:50:49:617 249616 250128 1
19-07-2017-09:50:49:657 250128 250640 1
19-07-2017-09:50:49:686 250640 251152 1
19-07-2017-09:50:49:714 251152 251664 1
19-07-2017-09:50:49:756 251664 252176 1
19-07-2017-09:50:49:784 252176 252688 1
19-07-2017-09:50:49:807 252688 253200 1
19-07-2017-09:50:49:837 253200 253712 1
19-07-2017-09:50:49:883 253712 254224 1
19-07-2017-09:50:49:907 254224 254736 1
19-07-2017-09:50:49:935 254736 255248 1
19-07-2017-09:50:49:964 255248 255760 1
19-07-2017-09:50:50:006 255760 256272 1
19-07-2017-09:50:50:035 256272 256784 1
19-07-2017-09:50:50:070 256784 257296 1
19-07-2017-09:50:50:093 257296 257808 1
19-07-2017-09:50:50:139 257808 258320 1
19-07-2017-09:50:50:169 258320 258832 1
19-07-2017-09:50:50:192 258832 259344 1
19-07-2017-09:50:50:222 259344 259856 1
19-07-2017-09:50:50:262 259856 260368 1
19-07-2017-09:50:50:291 260368 260880 1
19-07-2017-09:50:50:320 260880 261392 1
19-07-2017-09:50:50:348 261392 261904 1
19-07-2017-09:50:50:389 261904 262416 1
19-07-2017-09:50:50:418 262416 262928 1
19-07-2017-09:50:50:447 262928 263440 1
19-07-2017-09:50:50:540 263440 263952 1
19-07-2017-09:50:50:540 263952 264464 1
19-07-2017-09:50:50:547 264464 264976 1
19-07-2017-09:50:50:576 264976 265488 1
19-07-2017-09:50:50:605 265488 266000 1
19-07-2017-09:50:50:645 266000 266512 1
19-07-2017-09:50:50:674 266512 267024 1
19-07-2017-09:50:50:716 267024 267536 1
19-07-2017-09:50:50:743 267536 268048 1
19-07-2017-09:50:50:773 268048 268560 1
19-07-2017-09:50:50:796 268560 269072 1
19-07-2017-09:50:50:842 269072 269584 1
19-07-2017-09:50:50:871 269584 270096 1
19-07-2017-09:50:50:895 270096 270608 1
19-07-2017-09:50:50:922 270608 271120 1
19-07-2017-09:50:50:969 271120 271632 1
19-07-2017-09:50:50:992 271632 272144 1
19-07-2017-09:50:51:021 272144 272656 1
19-07-2017-09:50:51:051 272656 273168 1
19-07-2017-09:50:51:092 273168 273680 1
19-07-2017-09:50:51:121 273680 274192 1
19-07-2017-09:50:51:150 274192 274704 1
19-07-2017-09:50:51:180 274704 275216 1
19-07-2017-09:50:51:220 275216 275728 1
19-07-2017-09:50:51:249 275728 276240 1
19-07-2017-09:50:51:278 276240 276752 1
19-07-2017-09:50:51:308 276752 277264 1
19-07-2017-09:50:51:349 277264 277776 1
19-07-2017-09:50:51:377 277776 278288 1
19-07-2017-09:50:51:406 278288 278800 1
19-07-2017-09:50:51:446 278800 279312 1
19-07-2017-09:50:51:475 279312 279824 1
19-07-2017-09:50:51:504 279824 280336 1
19-07-2017-09:50:51:533 280336 280848 1
19-07-2017-09:50:51:573 280848 281360 1
19-07-2017-09:50:51:596 281360 281872 1
19-07-2017-09:50:51:642 281872 282384 1
19-07-2017-09:50:51:665 282384 282896 1
19-07-2017-09:50:51:694 282896 283408 1
19-07-2017-09:50:51:724 283408 283920 1
19-07-2017-09:50:51:765 283920 284432 1
19-07-2017-09:50:51:795 284432 284944 1
19-07-2017-09:50:51:823 284944 285456 1
19-07-2017-09:50:51:852 285456 285968 1
19-07-2017-09:50:51:892 285968 286480 1
19-07-2017-09:50:51:920 286480 286992 1
19-07-2017-09:50:51:951 286992 287504 1
19-07-2017-09:50:51:980 287504 288016 1
19-07-2017-09:50:52:020 288016 288528 1
19-07-2017-09:50:52:050 288528 289040 1
19-07-2017-09:50:52:079 289040 289552 1
19-07-2017-09:50:52:108 289552 290064 1
19-07-2017-09:50:52:147 290064 290576 1
19-07-2017-09:50:52:177 290576 291088 1
19-07-2017-09:50:52:205 291088 291600 1
19-07-2017-09:50:52:246 291600 292112 1
19-07-2017-09:50:52:276 292112 292624 1
19-07-2017-09:50:52:305 292624 293136 1
19-07-2017-09:50:52:346 293136 293648 1
19-07-2017-09:50:52:375 293648 294160 1
19-07-2017-09:50:52:398 294160 294672 1
19-07-2017-09:50:52:427 294672 295184 1
19-07-2017-09:50:52:473 295184 295696 1
19-07-2017-09:50:52:498 295696 296208 1
19-07-2017-09:50:52:526 296208 296720 1
19-07-2017-09:50:52:571 296720 297232 1
19-07-2017-09:50:52:594 297232 297744 1
19-07-2017-09:50:52:624 297744 298256 1
19-07-2017-09:50:52:652 298256 298768 1
19-07-2017-09:50:52:694 298768 299280 1
19-07-2017-09:50:52:722 299280 299792 1
19-07-2017-09:50:52:752 299792 300304 1
19-07-2017-09:50:52:781 300304 300816 1
19-07-2017-09:50:52:822 300816 301328 1
19-07-2017-09:50:52:850 301328 301840 1
19-07-2017-09:50:52:881 301840 302352 1
19-07-2017-09:50:52:909 302352 302864 1
19-07-2017-09:50:52:949 302864 303376 1
19-07-2017-09:50:52:978 303376 303888 1
19-07-2017-09:50:53:006 303888 304400 1
19-07-2017-09:50:53:045 304400 304912 1
19-07-2017-09:50:53:069 304912 305424 1
19-07-2017-09:50:53:109 305424 305936 1
19-07-2017-09:50:53:138 305936 306448 1
19-07-2017-09:50:53:167 306448 306960 1
19-07-2017-09:50:53:197 306960 307472 1
19-07-2017-09:50:53:238 307472 307984 1
19-07-2017-09:50:53:267 307984 308496 1
19-07-2017-09:50:53:296 308496 309008 1
19-07-2017-09:50:53:324 309008 309520 1
19-07-2017-09:50:53:365 309520 310032 1
19-07-2017-09:50:53:395 310032 310544 1
19-07-2017-09:50:53:424 310544 311056 1
19-07-2017-09:50:53:464 311056 311568 1
19-07-2017-09:50:53:493 311568 312080 1
19-07-2017-09:50:53:522 312080 312592 1
19-07-2017-09:50:53:563 312592 313104 1
19-07-2017-09:50:53:591 313104 313616 1
19-07-2017-09:50:53:754 313616 314128 1
19-07-2017-09:50:53:755 314128 314640 1
19-07-2017-09:50:53:755 314640 315152 1
19-07-2017-09:50:53:756 315152 315664 1
19-07-2017-09:50:53:756 315664 316176 1
19-07-2017-09:50:53:771 316176 316688 1
19-07-2017-09:50:53:820 316688 317200 1
19-07-2017-09:50:53:841 317200 317712 1
19-07-2017-09:50:53:869 317712 318224 1
19-07-2017-09:50:53:900 318224 318736 1
19-07-2017-09:50:53:940 318736 319248 1
19-07-2017-09:50:53:969 319248 319760 1
19-07-2017-09:50:53:998 319760 320272 1
19-07-2017-09:50:54:038 320272 320784 1
19-07-2017-09:50:54:067 320784 321296 1
19-07-2017-09:50:54:097 321296 321808 1
19-07-2017-09:50:54:126 321808 322320 1
19-07-2017-09:50:54:167 322320 322832 1
19-07-2017-09:50:54:195 322832 323344 1
19-07-2017-09:50:54:226 323344 323856 1
19-07-2017-09:50:54:264 323856 324368 1
19-07-2017-09:50:54:294 324368 324880 1
19-07-2017-09:50:54:319 324880 325392 1
19-07-2017-09:50:54:363 325392 325904 1
19-07-2017-09:50:54:391 325904 326416 1
19-07-2017-09:50:54:416 326416 326928 1
19-07-2017-09:50:54:443 326928 327440 1
19-07-2017-09:50:54:485 327440 327952 1
19-07-2017-09:50:54:514 327952 328464 1
19-07-2017-09:50:54:544 328464 328976 1
19-07-2017-09:50:54:576 328976 329488 1
19-07-2017-09:50:54:618 329488 330000 1
19-07-2017-09:50:54:646 330000 330512 1
19-07-2017-09:50:54:669 330512 331024 1
19-07-2017-09:50:54:704 331024 331536 1
19-07-2017-09:50:54:735 331536 332048 1
19-07-2017-09:50:54:780 332048 332560 1
19-07-2017-09:50:54:806 332560 333072 1
19-07-2017-09:50:54:838 333072 333584 1
19-07-2017-09:50:54:866 333584 334096 1
19-07-2017-09:50:54:895 334096 334608 1
19-07-2017-09:50:54:924 334608 335120 1
19-07-2017-09:50:54:966 335120 335632 1
19-07-2017-09:50:54:996 335632 336144 1
19-07-2017-09:50:55:024 336144 336656 1
19-07-2017-09:50:55:053 336656 337168 1
19-07-2017-09:50:55:094 337168 337680 1
19-07-2017-09:50:55:123 337680 338192 1
19-07-2017-09:50:55:151 338192 338704 1
19-07-2017-09:50:55:180 338704 339216 1
19-07-2017-09:50:55:221 339216 339728 1
19-07-2017-09:50:55:249 339728 340240 1
19-07-2017-09:50:55:280 340240 340752 1
19-07-2017-09:50:55:321 340752 341264 1
19-07-2017-09:50:55:347 341264 341776 1
19-07-2017-09:50:55:378 341776 342288 1
19-07-2017-09:50:55:407 342288 342800 1
19-07-2017-09:50:55:438 342800 343312 1
19-07-2017-09:50:55:475 343312 343824 1
19-07-2017-09:50:55:504 343824 344336 1
19-07-2017-09:50:55:535 344336 344848 1
19-07-2017-09:50:55:575 344848 345360 1
19-07-2017-09:50:55:604 345360 345872 1
19-07-2017-09:50:55:633 345872 346384 1
19-07-2017-09:50:55:674 346384 346896 1
19-07-2017-09:50:55:704 346896 347408 1
19-07-2017-09:50:55:733 347408 347920 1
19-07-2017-09:50:55:755 347920 348432 1
19-07-2017-09:50:55:803 348432 348944 1
19-07-2017-09:50:55:827 348944 349456 1
19-07-2017-09:50:55:854 349456 349968 1
19-07-2017-09:50:55:884 349968 350480 1
19-07-2017-09:50:55:924 350480 350992 1
19-07-2017-09:50:55:954 350992 351504 1
19-07-2017-09:50:55:981 351504 352016 1
19-07-2017-09:50:56:011 352016 352528 1
19-07-2017-09:50:56:052 352528 353040 1
19-07-2017-09:50:56:082 353040 353552 1
19-07-2017-09:50:56:110 353552 354064 1
19-07-2017-09:50:56:139 354064 354576 1
19-07-2017-09:50:56:179 354576 355088 1
19-07-2017-09:50:56:209 355088 355600 1
19-07-2017-09:50:56:237 355600 356112 1
19-07-2017-09:50:56:279 356112 356624 1
19-07-2017-09:50:56:307 356624 357136 1
19-07-2017-09:50:56:337 357136 357648 1
19-07-2017-09:50:56:378 357648 358160 1
19-07-2017-09:50:56:407 358160 358672 1
19-07-2017-09:50:56:435 358672 359184 1
19-07-2017-09:50:56:475 359184 359696 1
19-07-2017-09:50:56:505 359696 360208 1
19-07-2017-09:50:56:528 360208 360720 1
19-07-2017-09:50:56:557 360720 361232 1
19-07-2017-09:50:56:605 361232 361744 1
19-07-2017-09:50:56:626 361744 362256 1
19-07-2017-09:50:56:655 362256 362768 1
19-07-2017-09:50:56:685 362768 363280 1
19-07-2017-09:50:56:726 363280 363792 1
19-07-2017-09:50:56:921 363792 364304 1
19-07-2017-09:50:56:922 364304 364816 1
19-07-2017-09:50:56:922 364816 365328 1
19-07-2017-09:50:56:922 365328 365840 1
19-07-2017-09:50:56:922 365840 366352 1
19-07-2017-09:50:56:922 366352 366864 1
19-07-2017-09:50:56:940 366864 367376 1
19-07-2017-09:50:56:980 367376 367888 1
19-07-2017-09:50:57:008 367888 368400 1
19-07-2017-09:50:57:038 368400 368912 1
19-07-2017-09:50:57:077 368912 369424 1
19-07-2017-09:50:57:107 369424 369936 1
19-07-2017-09:50:57:136 369936 370448 1
19-07-2017-09:50:57:165 370448 370960 1
19-07-2017-09:50:57:205 370960 371472 1
19-07-2017-09:50:57:234 371472 371984 1
19-07-2017-09:50:57:274 371984 372496 1
19-07-2017-09:50:57:305 372496 373008 1
19-07-2017-09:50:57:333 373008 373520 1
19-07-2017-09:50:57:356 373520 374032 1
19-07-2017-09:50:57:402 374032 374544 1
19-07-2017-09:50:57:432 374544 375056 1
19-07-2017-09:50:57:455 375056 375568 1
19-07-2017-09:50:57:485 375568 376080 1
19-07-2017-09:50:57:529 376080 376592 1
19-07-2017-09:50:57:554 376592 377104 1
19-07-2017-09:50:57:583 377104 377616 1
19-07-2017-09:50:57:612 377616 378128 1
19-07-2017-09:50:57:652 378128 378640 1
19-07-2017-09:50:57:680 378640 379152 1
19-07-2017-09:50:57:710 379152 379664 1
19-07-2017-09:50:57:748 379664 380176 1
19-07-2017-09:50:57:777 380176 380688 1
19-07-2017-09:50:57:808 380688 381200 1
19-07-2017-09:50:57:848 381200 381712 1
19-07-2017-09:50:57:877 381712 382224 1
19-07-2017-09:50:57:907 382224 382736 1
19-07-2017-09:50:57:947 382736 383248 1
19-07-2017-09:50:57:976 383248 383760 1
19-07-2017-09:50:58:005 383760 384272 1
19-07-2017-09:50:58:028 384272 384784 1
19-07-2017-09:50:58:074 384784 385296 1
19-07-2017-09:50:58:103 385296 385808 1
19-07-2017-09:50:58:125 385808 386320 1
19-07-2017-09:50:58:154 386320 386832 1
19-07-2017-09:50:58:201 386832 387344 1
19-07-2017-09:50:58:224 387344 387856 1
19-07-2017-09:50:58:253 387856 388368 1
19-07-2017-09:50:58:283 388368 388880 1
19-07-2017-09:50:58:323 388880 389392 1
19-07-2017-09:50:58:353 389392 389904 1
19-07-2017-09:50:58:383 389904 390416 1
19-07-2017-09:50:58:410 390416 390928 1
19-07-2017-09:50:58:450 390928 391440 1
19-07-2017-09:50:58:480 391440 391952 1
19-07-2017-09:50:58:509 391952 392464 1
19-07-2017-09:50:58:549 392464 392976 1
19-07-2017-09:50:58:578 392976 393488 1
19-07-2017-09:50:58:606 393488 394000 1
19-07-2017-09:50:58:635 394000 394512 1
19-07-2017-09:50:58:677 394512 395024 1
19-07-2017-09:50:58:706 395024 395536 1
19-07-2017-09:50:58:736 395536 396048 1
19-07-2017-09:50:58:765 396048 396560 1
19-07-2017-09:50:58:805 396560 397072 1
19-07-2017-09:50:58:834 397072 397584 1
19-07-2017-09:50:58:863 397584 398096 1
19-07-2017-09:50:58:892 398096 398608 1
19-07-2017-09:50:58:934 398608 399120 1
19-07-2017-09:50:58:963 399120 399632 1
19-07-2017-09:50:59:003 399632 400144 1
19-07-2017-09:50:59:032 400144 400656 1
19-07-2017-09:50:59:055 400656 401168 1
19-07-2017-09:50:59:084 401168 401680 1
19-07-2017-09:50:59:125 401680 402192 1
19-07-2017-09:50:59:156 402192 402704 1
19-07-2017-09:50:59:183 402704 403216 1
19-07-2017-09:50:59:213 403216 403728 1
19-07-2017-09:50:59:254 403728 404240 1
19-07-2017-09:50:59:282 404240 404752 1
19-07-2017-09:50:59:313 404752 405264 1
19-07-2017-09:50:59:341 405264 405776 1
19-07-2017-09:50:59:384 405776 406288 1
19-07-2017-09:50:59:411 406288 406800 1
19-07-2017-09:50:59:440 406800 407312 1
19-07-2017-09:50:59:482 407312 407824 1
19-07-2017-09:50:59:510 407824 408336 1
19-07-2017-09:50:59:538 408336 408848 1
19-07-2017-09:50:59:580 408848 409360 1
19-07-2017-09:50:59:607 409360 409872 1
19-07-2017-09:50:59:636 409872 410384 1
19-07-2017-09:50:59:659 410384 410896 1
19-07-2017-09:50:59:707 410896 411408 1
19-07-2017-09:50:59:730 411408 411920 1
19-07-2017-09:50:59:759 411920 412432 1
19-07-2017-09:50:59:787 412432 412944 1
19-07-2017-09:50:59:827 412944 413456 1
19-07-2017-09:50:59:857 413456 413968 1
19-07-2017-09:51:00:102 413968 414480 1
19-07-2017-09:51:00:103 414480 414992 1
19-07-2017-09:51:00:103 414992 415504 1
19-07-2017-09:51:00:104 415504 416016 1
19-07-2017-09:51:00:104 416016 416528 1
19-07-2017-09:51:00:104 416528 417040 1
19-07-2017-09:51:00:104 417040 417552 1
19-07-2017-09:51:00:112 417552 418064 1
19-07-2017-09:51:00:154 418064 418576 1
19-07-2017-09:51:00:183 418576 419088 1
19-07-2017-09:51:00:211 419088 419600 1
19-07-2017-09:51:00:234 419600 420112 1
19-07-2017-09:51:00:282 420112 420624 1
19-07-2017-09:51:00:305 420624 421136 1
19-07-2017-09:51:00:334 421136 421648 1
19-07-2017-09:51:00:362 421648 422160 1
19-07-2017-09:51:00:404 422160 422672 1
19-07-2017-09:51:00:432 422672 423184 1
19-07-2017-09:51:00:461 423184 423696 1
19-07-2017-09:51:00:501 423696 424208 1
19-07-2017-09:51:00:531 424208 424720 1
19-07-2017-09:51:00:556 424720 425232 1
19-07-2017-09:51:00:601 425232 425744 1
19-07-2017-09:51:00:625 425744 426256 1
19-07-2017-09:51:00:657 426256 426768 1
19-07-2017-09:51:00:682 426768 427280 1
19-07-2017-09:51:00:723 427280 427792 1
19-07-2017-09:51:00:753 427792 428304 1
19-07-2017-09:51:00:781 428304 428816 1
19-07-2017-09:51:00:812 428816 429328 1
19-07-2017-09:51:00:852 429328 429840 1
19-07-2017-09:51:00:881 429840 430352 1
19-07-2017-09:51:00:908 430352 430864 1
19-07-2017-09:51:00:950 430864 431376 1
19-07-2017-09:51:00:978 431376 431888 1
19-07-2017-09:51:01:008 431888 432400 1
19-07-2017-09:51:01:049 432400 432912 1
19-07-2017-09:51:01:077 432912 433424 1
19-07-2017-09:51:01:107 433424 433936 1
19-07-2017-09:51:01:131 433936 434448 1
19-07-2017-09:51:01:178 434448 434960 1
19-07-2017-09:51:01:205 434960 435472 1
19-07-2017-09:51:01:229 435472 435984 1
19-07-2017-09:51:01:259 435984 436496 1
19-07-2017-09:51:01:304 436496 437008 1
19-07-2017-09:51:01:328 437008 437520 1
19-07-2017-09:51:01:357 437520 438032 1
19-07-2017-09:51:01:386 438032 438544 1
19-07-2017-09:51:01:426 438544 439056 1
19-07-2017-09:51:01:456 439056 439568 1
19-07-2017-09:51:01:485 439568 440080 1
19-07-2017-09:51:01:525 440080 440592 1
19-07-2017-09:51:01:553 440592 441104 1
19-07-2017-09:51:01:581 441104 441616 1
19-07-2017-09:51:01:610 441616 442128 1
19-07-2017-09:51:01:652 442128 442640 1
19-07-2017-09:51:01:679 442640 443152 1
19-07-2017-09:51:01:708 443152 443664 1
19-07-2017-09:51:01:748 443664 444176 1
19-07-2017-09:51:01:778 444176 444688 1
19-07-2017-09:51:01:807 444688 445200 1
19-07-2017-09:51:01:848 445200 445712 1
19-07-2017-09:51:01:875 445712 446224 1
19-07-2017-09:51:01:905 446224 446736 1
19-07-2017-09:51:01:944 446736 447248 1
19-07-2017-09:51:01:972 447248 447760 1
19-07-2017-09:51:01:996 447760 448272 1
19-07-2017-09:51:02:044 448272 448784 1
19-07-2017-09:51:02:067 448784 449296 1
19-07-2017-09:51:02:096 449296 449808 1
19-07-2017-09:51:02:125 449808 450320 1
19-07-2017-09:51:02:167 450320 450832 1
19-07-2017-09:51:02:195 450832 451344 1
19-07-2017-09:51:02:222 451344 451856 1
19-07-2017-09:51:02:252 451856 452368 1
19-07-2017-09:51:02:292 452368 452880 1
19-07-2017-09:51:02:322 452880 453392 1
19-07-2017-09:51:02:362 453392 453904 1
19-07-2017-09:51:02:392 453904 454416 1
19-07-2017-09:51:02:420 454416 454928 1
19-07-2017-09:51:02:445 454928 455440 1
19-07-2017-09:51:02:490 455440 455952 1
19-07-2017-09:51:02:518 455952 456464 1
19-07-2017-09:51:02:544 456464 456976 1
19-07-2017-09:51:02:573 456976 457488 1
19-07-2017-09:51:02:618 457488 458000 1
19-07-2017-09:51:02:641 458000 458512 1
19-07-2017-09:51:02:670 458512 459024 1
19-07-2017-09:51:02:716 459024 459536 1
19-07-2017-09:51:02:743 459536 460048 1
19-07-2017-09:51:02:766 460048 460560 1
19-07-2017-09:51:02:795 460560 461072 1
19-07-2017-09:51:02:842 461072 461584 1
19-07-2017-09:51:02:865 461584 462096 1
19-07-2017-09:51:02:894 462096 462608 1
19-07-2017-09:51:02:923 462608 463120 1
19-07-2017-09:51:02:962 463120 463632 1
19-07-2017-09:51:02:993 463632 464144 1
19-07-2017-09:51:03:265 464144 464656 1
19-07-2017-09:51:03:267 464656 465168 1
19-07-2017-09:51:03:267 465168 465680 1
19-07-2017-09:51:03:267 465680 466192 1
19-07-2017-09:51:03:267 466192 466704 1
19-07-2017-09:51:03:267 466704 467216 1
19-07-2017-09:51:03:267 467216 467728 1
19-07-2017-09:51:03:267 467728 468240 1
19-07-2017-09:51:03:275 468240 468752 1
19-07-2017-09:51:03:316 468752 469264 1
19-07-2017-09:51:03:346 469264 469776 1
19-07-2017-09:51:03:373 469776 470288 1
19-07-2017-09:51:03:414 470288 470800 1
19-07-2017-09:51:03:443 470800 471312 1
19-07-2017-09:51:03:472 471312 471824 1
19-07-2017-09:51:03:514 471824 472336 1
19-07-2017-09:51:03:543 472336 472848 1
19-07-2017-09:51:03:570 472848 473360 1
19-07-2017-09:51:03:599 473360 473872 1
19-07-2017-09:51:03:626 473872 474384 1
19-07-2017-09:51:03:668 474384 474896 1
19-07-2017-09:51:03:697 474896 475408 1
19-07-2017-09:51:03:726 475408 475920 1
19-07-2017-09:51:03:756 475920 476432 1
19-07-2017-09:51:03:796 476432 476944 1
19-07-2017-09:51:03:825 476944 477456 1
19-07-2017-09:51:03:854 477456 477968 1
19-07-2017-09:51:03:883 477968 478480 1
19-07-2017-09:51:03:922 478480 478992 1
19-07-2017-09:51:03:951 478992 479504 1
19-07-2017-09:51:03:981 479504 480016 1
19-07-2017-09:51:04:020 480016 480528 1
19-07-2017-09:51:04:050 480528 481040 1
19-07-2017-09:51:04:078 481040 481552 1
19-07-2017-09:51:04:120 481552 482064 1
19-07-2017-09:51:04:150 482064 482576 1
19-07-2017-09:51:04:178 482576 483088 1
19-07-2017-09:51:04:218 483088 483600 1
19-07-2017-09:51:04:247 483600 484112 1
19-07-2017-09:51:04:276 484112 484624 1
19-07-2017-09:51:04:299 484624 485136 1
19-07-2017-09:51:04:345 485136 485648 1
19-07-2017-09:51:04:370 485648 486160 1
19-07-2017-09:51:04:398 486160 486672 1
19-07-2017-09:51:04:427 486672 487184 1
19-07-2017-09:51:04:473 487184 487696 1
19-07-2017-09:51:04:496 487696 488208 1
19-07-2017-09:51:04:525 488208 488720 1
19-07-2017-09:51:04:554 488720 489232 1
19-07-2017-09:51:04:596 489232 489744 1
19-07-2017-09:51:04:625 489744 490256 1
19-07-2017-09:51:04:654 490256 490768 1
19-07-2017-09:51:04:683 490768 491280 1
19-07-2017-09:51:04:723 491280 491792 1
19-07-2017-09:51:04:752 491792 492304 1
19-07-2017-09:51:04:781 492304 492816 1
19-07-2017-09:51:04:811 492816 493328 1
19-07-2017-09:51:04:851 493328 493840 1
19-07-2017-09:51:04:881 493840 494352 1
19-07-2017-09:51:04:911 494352 494864 1
19-07-2017-09:51:04:950 494864 495376 1
19-07-2017-09:51:04:980 495376 495888 1
19-07-2017-09:51:05:008 495888 496400 1
19-07-2017-09:51:05:035 496400 496912 1
19-07-2017-09:51:05:077 496912 497424 1
19-07-2017-09:51:05:107 497424 497936 1
19-07-2017-09:51:05:134 497936 498448 1
19-07-2017-09:51:05:163 498448 498960 1
19-07-2017-09:51:05:203 498960 499472 1
19-07-2017-09:51:05:233 499472 499984 1
19-07-2017-09:51:05:262 499984 500496 1
19-07-2017-09:51:05:292 500496 501008 1
19-07-2017-09:51:05:331 501008 501520 1
19-07-2017-09:51:05:360 501520 502032 1
19-07-2017-09:51:05:389 502032 502544 1
19-07-2017-09:51:05:431 502544 503056 1
19-07-2017-09:51:05:460 503056 503568 1
19-07-2017-09:51:05:487 503568 504080 1
19-07-2017-09:51:05:529 504080 504592 1
19-07-2017-09:51:05:558 504592 505104 1
19-07-2017-09:51:05:586 505104 505616 1
19-07-2017-09:51:05:609 505616 506128 1
19-07-2017-09:51:05:656 506128 506640 1
19-07-2017-09:51:05:686 506640 507152 1
19-07-2017-09:51:05:709 507152 507664 1
19-07-2017-09:51:05:738 507664 508176 1
19-07-2017-09:51:05:785 508176 508688 1
19-07-2017-09:51:05:808 508688 509200 1
19-07-2017-09:51:05:838 509200 509712 1
19-07-2017-09:51:05:867 509712 510224 1
19-07-2017-09:51:05:907 510224 510736 1
19-07-2017-09:51:05:936 510736 511248 1
19-07-2017-09:51:05:964 511248 511760 1
19-07-2017-09:51:06:005 511760 512272 1
19-07-2017-09:51:06:034 512272 512784 1
19-07-2017-09:51:06:064 512784 513296 1
19-07-2017-09:51:06:094 513296 513808 1
19-07-2017-09:51:06:133 513808 514320 1
19-07-2017-09:51:06:347 514320 514832 1
19-07-2017-09:51:06:349 514832 515344 1
19-07-2017-09:51:06:349 515344 515856 1
19-07-2017-09:51:06:349 515856 516368 1
19-07-2017-09:51:06:349 516368 516880 1
19-07-2017-09:51:06:349 516880 517392 1
19-07-2017-09:51:06:349 517392 517904 1
19-07-2017-09:51:06:389 517904 518416 1
19-07-2017-09:51:06:416 518416 518928 1
19-07-2017-09:51:06:446 518928 519440 1
19-07-2017-09:51:06:487 519440 519952 1
19-07-2017-09:51:06:514 519952 520464 1
19-07-2017-09:51:06:543 520464 520976 1
19-07-2017-09:51:06:572 520976 521488 1
19-07-2017-09:51:06:612 521488 522000 1
19-07-2017-09:51:06:642 522000 522512 1
19-07-2017-09:51:06:671 522512 523024 1
19-07-2017-09:51:06:698 523024 523536 1
19-07-2017-09:51:06:740 523536 524048 1
19-07-2017-09:51:06:769 524048 524560 1
19-07-2017-09:51:06:798 524560 525072 1
19-07-2017-09:51:06:827 525072 525584 1
19-07-2017-09:51:06:867 525584 526096 1
19-07-2017-09:51:06:896 526096 526608 1
19-07-2017-09:51:06:925 526608 527120 1
19-07-2017-09:51:06:966 527120 527632 1
19-07-2017-09:51:06:994 527632 528144 1
19-07-2017-09:51:07:024 528144 528656 1
19-07-2017-09:51:07:052 528656 529168 1
19-07-2017-09:51:07:093 529168 529680 1
19-07-2017-09:51:07:122 529680 530192 1
19-07-2017-09:51:07:162 530192 530704 1
19-07-2017-09:51:07:192 530704 531216 1
19-07-2017-09:51:07:221 531216 531728 1
19-07-2017-09:51:07:244 531728 532240 1
19-07-2017-09:51:07:292 532240 532752 1
19-07-2017-09:51:07:318 532752 533264 1
19-07-2017-09:51:07:343 533264 533776 1
19-07-2017-09:51:07:372 533776 534288 1
19-07-2017-09:51:07:412 534288 534800 1
19-07-2017-09:51:07:441 534800 535312 1
19-07-2017-09:51:07:470 535312 535824 1
19-07-2017-09:51:07:499 535824 536336 1
19-07-2017-09:51:07:539 536336 536848 1
19-07-2017-09:51:07:568 536848 537360 1
19-07-2017-09:51:07:597 537360 537872 1
19-07-2017-09:51:07:637 537872 538384 1
19-07-2017-09:51:07:666 538384 538896 1
19-07-2017-09:51:07:695 538896 539408 1
19-07-2017-09:51:07:725 539408 539920 1
19-07-2017-09:51:07:767 539920 540432 1
19-07-2017-09:51:07:794 540432 540944 1
19-07-2017-09:51:07:823 540944 541456 1
19-07-2017-09:51:07:853 541456 541968 1
19-07-2017-09:51:07:893 541968 542480 1
19-07-2017-09:51:07:922 542480 542992 1
19-07-2017-09:51:07:950 542992 543504 1
19-07-2017-09:51:07:992 543504 544016 1
19-07-2017-09:51:08:026 544016 544528 1
19-07-2017-09:51:08:054 544528 545040 1
19-07-2017-09:51:08:082 545040 545552 1
19-07-2017-09:51:08:110 545552 546064 1
19-07-2017-09:51:08:141 546064 546576 1
19-07-2017-09:51:08:178 546576 547088 1
19-07-2017-09:51:08:205 547088 547600 1
19-07-2017-09:51:08:247 547600 548112 1
19-07-2017-09:51:08:275 548112 548624 1
19-07-2017-09:51:08:301 548624 549136 1
19-07-2017-09:51:08:347 549136 549648 1
19-07-2017-09:51:08:375 549648 550160 1
19-07-2017-09:51:08:396 550160 550672 1
19-07-2017-09:51:08:443 550672 551184 1
19-07-2017-09:51:08:470 551184 551696 1
19-07-2017-09:51:08:494 551696 552208 1
19-07-2017-09:51:08:540 552208 552720 1
19-07-2017-09:51:08:568 552720 553232 1
19-07-2017-09:51:08:592 553232 553744 1
19-07-2017-09:51:08:620 553744 554256 1
19-07-2017-09:51:08:663 554256 554768 1
19-07-2017-09:51:08:689 554768 555280 1
19-07-2017-09:51:08:719 555280 555792 1
19-07-2017-09:51:08:747 555792 556304 1
19-07-2017-09:51:08:788 556304 556816 1
19-07-2017-09:51:08:815 556816 557328 1
19-07-2017-09:51:08:846 557328 557840 1
19-07-2017-09:51:08:886 557840 558352 1
19-07-2017-09:51:08:914 558352 558864 1
19-07-2017-09:51:08:942 558864 559376 1
19-07-2017-09:51:08:971 559376 559888 1
19-07-2017-09:51:09:012 559888 560400 1
19-07-2017-09:51:09:041 560400 560912 1
19-07-2017-09:51:09:070 560912 561424 1
19-07-2017-09:51:09:104 561424 561936 1
19-07-2017-09:51:09:140 561936 562448 1
19-07-2017-09:51:09:168 562448 562960 1
19-07-2017-09:51:09:202 562960 563472 1
