19-07-2017-10:00:11:862 0 800 1
19-07-2017-10:00:11:913 800 1552 1
19-07-2017-10:00:11:963 1552 2304 1
19-07-2017-10:00:12:005 2304 3056 1
19-07-2017-10:00:12:045 3056 3808 1
19-07-2017-10:00:12:098 3808 4512 1
19-07-2017-10:00:12:132 4512 5216 1
19-07-2017-10:00:12:179 5216 5920 1
19-07-2017-10:00:12:229 5920 6624 1
19-07-2017-10:00:12:270 6624 7328 1
19-07-2017-10:00:12:317 7328 8032 1
19-07-2017-10:00:12:358 8032 8736 1
19-07-2017-10:00:12:400 8736 9440 1
19-07-2017-10:00:12:453 9440 10144 1
19-07-2017-10:00:12:499 10144 10848 1
19-07-2017-10:00:12:538 10848 11552 1
19-07-2017-10:00:12:581 11552 12256 1
19-07-2017-10:00:12:620 12256 12960 1
19-07-2017-10:00:12:660 12960 13664 1
19-07-2017-10:00:12:713 13664 14352 1
19-07-2017-10:00:12:759 14352 15040 1
19-07-2017-10:00:12:790 15040 15728 1
19-07-2017-10:00:12:841 15728 16416 1
19-07-2017-10:00:12:889 16416 17104 1
19-07-2017-10:00:12:928 17104 17792 1
19-07-2017-10:00:12:970 17792 18480 1
19-07-2017-10:00:13:010 18480 19168 1
19-07-2017-10:00:13:051 19168 19856 1
19-07-2017-10:00:13:093 19856 20544 1
19-07-2017-10:00:13:141 20544 21232 1
19-07-2017-10:00:13:180 21232 21920 1
19-07-2017-10:00:13:229 21920 22608 1
19-07-2017-10:00:13:262 22608 23296 1
19-07-2017-10:00:13:308 23296 23984 1
19-07-2017-10:00:13:349 23984 24672 1
19-07-2017-10:00:13:401 24672 25344 1
19-07-2017-10:00:13:435 25344 26016 1
19-07-2017-10:00:13:476 26016 26688 1
19-07-2017-10:00:13:518 26688 27360 1
19-07-2017-10:00:13:563 27360 28032 1
19-07-2017-10:00:13:605 28032 28704 1
19-07-2017-10:00:13:644 28704 29376 1
19-07-2017-10:00:13:684 29376 30048 1
19-07-2017-10:00:13:732 30048 30720 1
19-07-2017-10:00:13:773 30720 31392 1
19-07-2017-10:00:13:813 31392 32064 1
19-07-2017-10:00:13:859 32064 32736 1
19-07-2017-10:00:13:901 32736 33408 1
19-07-2017-10:00:13:941 33408 34080 1
19-07-2017-10:00:13:981 34080 34752 1
19-07-2017-10:00:14:028 34752 35424 1
19-07-2017-10:00:14:075 35424 36096 1
19-07-2017-10:00:14:109 36096 36768 1
19-07-2017-10:00:14:151 36768 37440 1
19-07-2017-10:00:14:196 37440 38112 1
19-07-2017-10:00:14:236 38112 38784 1
19-07-2017-10:00:14:277 38784 39456 1
19-07-2017-10:00:14:318 39456 40128 1
19-07-2017-10:00:14:363 40128 40800 1
19-07-2017-10:00:14:412 40800 41472 1
19-07-2017-10:00:14:450 41472 42144 1
19-07-2017-10:00:14:489 42144 42816 1
19-07-2017-10:00:14:530 42816 43488 1
19-07-2017-10:00:14:577 43488 44160 1
19-07-2017-10:00:14:618 44160 44832 1
19-07-2017-10:00:14:659 44832 45504 1
19-07-2017-10:00:14:705 45504 46176 1
19-07-2017-10:00:14:746 46176 46848 1
19-07-2017-10:00:14:775 46848 47520 1
19-07-2017-10:00:14:827 47520 48192 1
19-07-2017-10:00:14:873 48192 48864 1
19-07-2017-10:00:14:915 48864 49536 1
19-07-2017-10:00:15:043 49536 50208 1
19-07-2017-10:00:15:044 50208 50880 1
19-07-2017-10:00:15:044 50880 51552 1
19-07-2017-10:00:15:072 51552 52224 1
19-07-2017-10:00:15:112 52224 52896 1
19-07-2017-10:00:15:164 52896 53536 1
19-07-2017-10:00:15:191 53536 54176 1
19-07-2017-10:00:15:237 54176 54816 1
19-07-2017-10:00:15:279 54816 55456 1
19-07-2017-10:00:15:321 55456 56096 1
19-07-2017-10:00:15:366 56096 56736 1
19-07-2017-10:00:15:396 56736 57376 1
19-07-2017-10:00:15:435 57376 58016 1
19-07-2017-10:00:15:476 58016 58656 1
19-07-2017-10:00:15:522 58656 59296 1
19-07-2017-10:00:15:563 59296 59936 1
19-07-2017-10:00:15:591 59936 60576 1
19-07-2017-10:00:15:632 60576 61216 1
19-07-2017-10:00:15:672 61216 61856 1
19-07-2017-10:00:15:719 61856 62496 1
19-07-2017-10:00:15:761 62496 63136 1
19-07-2017-10:00:15:802 63136 63776 1
19-07-2017-10:00:15:841 63776 64416 1
19-07-2017-10:00:15:876 64416 65056 1
19-07-2017-10:00:15:915 65056 65696 1
19-07-2017-10:00:15:955 65696 66336 1
19-07-2017-10:00:16:003 66336 66976 1
19-07-2017-10:00:16:031 66976 67616 1
19-07-2017-10:00:16:072 67616 68256 1
19-07-2017-10:00:16:113 68256 68896 1
19-07-2017-10:00:16:153 68896 69536 1
19-07-2017-10:00:16:200 69536 70176 1
19-07-2017-10:00:16:241 70176 70816 1
