19-07-2017-10:05:03:644 0 672 1
19-07-2017-10:05:03:676 672 1344 1
19-07-2017-10:05:03:714 1344 2016 1
19-07-2017-10:05:03:759 2016 2688 1
19-07-2017-10:05:03:802 2688 3360 1
19-07-2017-10:05:03:847 3360 4032 1
19-07-2017-10:05:03:886 4032 4704 1
19-07-2017-10:05:03:932 4704 5376 1
19-07-2017-10:05:03:971 5376 6048 1
19-07-2017-10:05:04:012 6048 6720 1
19-07-2017-10:05:04:056 6720 7392 1
19-07-2017-10:05:04:101 7392 8064 1
19-07-2017-10:05:04:142 8064 8736 1
19-07-2017-10:05:04:187 8736 9408 1
19-07-2017-10:05:04:228 9408 10080 1
19-07-2017-10:05:04:264 10080 10752 1
19-07-2017-10:05:04:304 10752 11424 1
19-07-2017-10:05:04:356 11424 12096 1
19-07-2017-10:05:04:396 12096 12768 1
19-07-2017-10:05:04:433 12768 13440 1
19-07-2017-10:05:04:474 13440 14112 1
19-07-2017-10:05:04:513 14112 14784 1
19-07-2017-10:05:04:559 14784 15456 1
19-07-2017-10:05:04:600 15456 16128 1
19-07-2017-10:05:04:641 16128 16800 1
19-07-2017-10:05:04:683 16800 17472 1
19-07-2017-10:05:04:721 17472 18144 1
19-07-2017-10:05:04:769 18144 18816 1
19-07-2017-10:05:04:810 18816 19488 1
19-07-2017-10:05:04:849 19488 20160 1
19-07-2017-10:05:04:893 20160 20832 1
19-07-2017-10:05:04:934 20832 21504 1
19-07-2017-10:05:04:975 21504 22176 1
19-07-2017-10:05:05:022 22176 22848 1
19-07-2017-10:05:05:062 22848 23520 1
19-07-2017-10:05:05:104 23520 24192 1
19-07-2017-10:05:05:149 24192 24864 1
19-07-2017-10:05:05:190 24864 25536 1
19-07-2017-10:05:05:231 25536 26208 1
19-07-2017-10:05:05:271 26208 26880 1
19-07-2017-10:05:05:317 26880 27552 1
19-07-2017-10:05:05:358 27552 28224 1
19-07-2017-10:05:05:398 28224 28896 1
19-07-2017-10:05:05:444 28896 29568 1
19-07-2017-10:05:05:486 29568 30240 1
19-07-2017-10:05:05:524 30240 30912 1
19-07-2017-10:05:05:566 30912 31584 1
19-07-2017-10:05:05:613 31584 32256 1
19-07-2017-10:05:05:652 32256 32928 1
19-07-2017-10:05:05:692 32928 33600 1
19-07-2017-10:05:05:734 33600 34272 1
19-07-2017-10:05:05:779 34272 34944 1
19-07-2017-10:05:05:820 34944 35616 1
19-07-2017-10:05:05:860 35616 36288 1
19-07-2017-10:05:05:902 36288 36960 1
19-07-2017-10:05:05:947 36960 37632 1
19-07-2017-10:05:05:987 37632 38304 1
19-07-2017-10:05:06:029 38304 38976 1
19-07-2017-10:05:06:074 38976 39648 1
19-07-2017-10:05:06:114 39648 40320 1
19-07-2017-10:05:06:156 40320 40992 1
19-07-2017-10:05:06:196 40992 41664 1
19-07-2017-10:05:06:238 41664 42336 1
19-07-2017-10:05:06:284 42336 43008 1
19-07-2017-10:05:06:323 43008 43680 1
19-07-2017-10:05:06:365 43680 44352 1
19-07-2017-10:05:06:405 44352 45024 1
19-07-2017-10:05:06:453 45024 45696 1
19-07-2017-10:05:06:494 45696 46368 1
19-07-2017-10:05:06:533 46368 47040 1
19-07-2017-10:05:06:574 47040 47712 1
19-07-2017-10:05:06:618 47712 48384 1
19-07-2017-10:05:06:660 48384 49056 1
19-07-2017-10:05:06:701 49056 49728 1
19-07-2017-10:05:06:829 49728 50400 1
19-07-2017-10:05:06:831 50400 51072 1
19-07-2017-10:05:06:831 51072 51744 1
19-07-2017-10:05:06:870 51744 52416 1
19-07-2017-10:05:06:917 52416 53088 1
19-07-2017-10:05:06:958 53088 53760 1
19-07-2017-10:05:06:998 53760 54432 1
19-07-2017-10:05:07:038 54432 55104 1
19-07-2017-10:05:07:085 55104 55776 1
19-07-2017-10:05:07:126 55776 56448 1
19-07-2017-10:05:07:166 56448 57120 1
19-07-2017-10:05:07:211 57120 57792 1
19-07-2017-10:05:07:253 57792 58464 1
19-07-2017-10:05:07:282 58464 59136 1
19-07-2017-10:05:07:335 59136 59808 1
19-07-2017-10:05:07:382 59808 60480 1
19-07-2017-10:05:07:408 60480 61152 1
19-07-2017-10:05:07:450 61152 61824 1
19-07-2017-10:05:07:501 61824 62480 1
19-07-2017-10:05:07:533 62480 63136 1
19-07-2017-10:05:07:578 63136 63792 1
19-07-2017-10:05:07:617 63792 64448 1
19-07-2017-10:05:07:661 64448 65104 1
19-07-2017-10:05:07:704 65104 65760 1
19-07-2017-10:05:07:743 65760 66416 1
19-07-2017-10:05:07:785 66416 67072 1
19-07-2017-10:05:07:830 67072 67728 1
19-07-2017-10:05:07:870 67728 68384 1
19-07-2017-10:05:07:910 68384 69040 1
19-07-2017-10:05:07:952 69040 69696 1
19-07-2017-10:05:08:000 69696 70352 1
19-07-2017-10:05:08:028 70352 71008 1
19-07-2017-10:05:08:067 71008 71664 1
19-07-2017-10:05:08:108 71664 72320 1
19-07-2017-10:05:08:149 72320 72976 1
19-07-2017-10:05:08:195 72976 73632 1
19-07-2017-10:05:08:236 73632 74288 1
19-07-2017-10:05:08:276 74288 74944 1
19-07-2017-10:05:08:318 74944 75600 1
19-07-2017-10:05:08:363 75600 76256 1
19-07-2017-10:05:08:403 76256 76912 1
19-07-2017-10:05:08:445 76912 77568 1
19-07-2017-10:05:08:485 77568 78224 1
19-07-2017-10:05:08:532 78224 78880 1
19-07-2017-10:05:08:560 78880 79536 1
19-07-2017-10:05:08:600 79536 80192 1
19-07-2017-10:05:08:642 80192 80848 1
19-07-2017-10:05:08:682 80848 81504 1
19-07-2017-10:05:08:730 81504 82160 1
19-07-2017-10:05:08:771 82160 82816 1
19-07-2017-10:05:08:811 82816 83472 1
19-07-2017-10:05:08:851 83472 84128 1
19-07-2017-10:05:08:898 84128 84784 1
19-07-2017-10:05:08:939 84784 85440 1
19-07-2017-10:05:08:967 85440 86096 1
19-07-2017-10:05:09:008 86096 86752 1
19-07-2017-10:05:09:061 86752 87392 1
19-07-2017-10:05:09:088 87392 88032 1
19-07-2017-10:05:09:135 88032 88672 1
19-07-2017-10:05:09:180 88672 89312 1
19-07-2017-10:05:09:220 89312 89952 1
19-07-2017-10:05:09:251 89952 90592 1
19-07-2017-10:05:09:292 90592 91232 1
19-07-2017-10:05:09:331 91232 91872 1
19-07-2017-10:05:09:373 91872 92512 1
19-07-2017-10:05:09:419 92512 93152 1
19-07-2017-10:05:09:458 93152 93792 1
19-07-2017-10:05:09:499 93792 94432 1
19-07-2017-10:05:09:529 94432 95072 1
19-07-2017-10:05:09:568 95072 95712 1
19-07-2017-10:05:09:610 95712 96352 1
19-07-2017-10:05:09:656 96352 96992 1
19-07-2017-10:05:09:695 96992 97632 1
19-07-2017-10:05:09:737 97632 98272 1
19-07-2017-10:05:09:778 98272 98912 1
19-07-2017-10:05:09:824 98912 99552 1
19-07-2017-10:05:09:853 99552 100192 1
19-07-2017-10:05:10:038 100192 100832 1
19-07-2017-10:05:10:039 100832 101472 1
19-07-2017-10:05:10:039 101472 102112 1
19-07-2017-10:05:10:039 102112 102752 1
19-07-2017-10:05:10:049 102752 103392 1
19-07-2017-10:05:10:091 103392 104032 1
19-07-2017-10:05:10:130 104032 104672 1
19-07-2017-10:05:10:171 104672 105312 1
19-07-2017-10:05:10:216 105312 105952 1
19-07-2017-10:05:10:258 105952 106592 1
19-07-2017-10:05:10:299 106592 107232 1
19-07-2017-10:05:10:328 107232 107872 1
19-07-2017-10:05:10:369 107872 108512 1
19-07-2017-10:05:10:415 108512 109152 1
19-07-2017-10:05:10:455 109152 109792 1
19-07-2017-10:05:10:497 109792 110432 1
19-07-2017-10:05:10:538 110432 111072 1
19-07-2017-10:05:10:582 111072 111712 1
19-07-2017-10:05:10:624 111712 112352 1
19-07-2017-10:05:10:651 112352 112992 1
19-07-2017-10:05:10:698 112992 113632 1
19-07-2017-10:05:10:738 113632 114272 1
19-07-2017-10:05:10:779 114272 114912 1
19-07-2017-10:05:10:808 114912 115552 1
19-07-2017-10:05:10:849 115552 116192 1
19-07-2017-10:05:10:889 116192 116832 1
19-07-2017-10:05:10:936 116832 117472 1
19-07-2017-10:05:10:975 117472 118112 1
19-07-2017-10:05:11:015 118112 118752 1
19-07-2017-10:05:11:056 118752 119392 1
19-07-2017-10:05:11:103 119392 120032 1
19-07-2017-10:05:11:144 120032 120672 1
19-07-2017-10:05:11:173 120672 121312 1
19-07-2017-10:05:11:213 121312 121952 1
19-07-2017-10:05:11:254 121952 122592 1
19-07-2017-10:05:11:294 122592 123232 1
19-07-2017-10:05:11:339 123232 123872 1
19-07-2017-10:05:11:380 123872 124512 1
19-07-2017-10:05:11:410 124512 125152 1
19-07-2017-10:05:11:450 125152 125792 1
19-07-2017-10:05:11:492 125792 126432 1
19-07-2017-10:05:11:533 126432 127072 1
19-07-2017-10:05:11:577 127072 127712 1
19-07-2017-10:05:11:617 127712 128352 1
19-07-2017-10:05:11:659 128352 128992 1
19-07-2017-10:05:11:699 128992 129632 1
19-07-2017-10:05:11:729 129632 130272 1
19-07-2017-10:05:11:769 130272 130912 1
19-07-2017-10:05:11:816 130912 131552 1
19-07-2017-10:05:11:856 131552 132192 1
19-07-2017-10:05:11:896 132192 132832 1
19-07-2017-10:05:11:942 132832 133472 1
19-07-2017-10:05:11:982 133472 134112 1
19-07-2017-10:05:12:012 134112 134752 1
19-07-2017-10:05:12:051 134752 135392 1
19-07-2017-10:05:12:093 135392 136032 1
19-07-2017-10:05:12:132 136032 136672 1
19-07-2017-10:05:12:176 136672 137312 1
19-07-2017-10:05:12:224 137312 137952 1
19-07-2017-10:05:12:263 137952 138592 1
19-07-2017-10:05:12:295 138592 139232 1
19-07-2017-10:05:12:334 139232 139872 1
19-07-2017-10:05:12:373 139872 140512 1
19-07-2017-10:05:12:415 140512 141152 1
19-07-2017-10:05:12:462 141152 141792 1
19-07-2017-10:05:12:493 141792 142432 1
19-07-2017-10:05:12:530 142432 143072 1
19-07-2017-10:05:12:573 143072 143712 1
19-07-2017-10:05:12:612 143712 144352 1
19-07-2017-10:05:12:660 144352 144992 1
19-07-2017-10:05:12:700 144992 145632 1
19-07-2017-10:05:12:729 145632 146272 1
19-07-2017-10:05:12:769 146272 146912 1
19-07-2017-10:05:12:811 146912 147552 1
19-07-2017-10:05:12:854 147552 148192 1
19-07-2017-10:05:12:896 148192 148832 1
19-07-2017-10:05:12:937 148832 149472 1
19-07-2017-10:05:12:977 149472 150112 1
19-07-2017-10:05:13:025 150112 150752 1
19-07-2017-10:05:13:050 150752 151392 1
19-07-2017-10:05:13:263 151392 152032 1
19-07-2017-10:05:13:264 152032 152672 1
19-07-2017-10:05:13:264 152672 153312 1
19-07-2017-10:05:13:264 153312 153952 1
19-07-2017-10:05:13:264 153952 154592 1
19-07-2017-10:05:13:293 154592 155232 1
19-07-2017-10:05:13:333 155232 155872 1
19-07-2017-10:05:13:374 155872 156512 1
19-07-2017-10:05:13:414 156512 157152 1
19-07-2017-10:05:13:460 157152 157792 1
19-07-2017-10:05:13:490 157792 158432 1
19-07-2017-10:05:13:532 158432 159072 1
19-07-2017-10:05:13:571 159072 159712 1
19-07-2017-10:05:13:611 159712 160352 1
19-07-2017-10:05:13:651 160352 160992 1
19-07-2017-10:05:13:699 160992 161632 1
19-07-2017-10:05:13:739 161632 162272 1
19-07-2017-10:05:13:779 162272 162912 1
19-07-2017-10:05:13:808 162912 163552 1
19-07-2017-10:05:13:849 163552 164192 1
19-07-2017-10:05:13:894 164192 164832 1
19-07-2017-10:05:13:935 164832 165472 1
19-07-2017-10:05:13:975 165472 166112 1
19-07-2017-10:05:14:016 166112 166752 1
19-07-2017-10:05:14:062 166752 167392 1
19-07-2017-10:05:14:102 167392 168032 1
19-07-2017-10:05:14:131 168032 168672 1
19-07-2017-10:05:14:173 168672 169312 1
19-07-2017-10:05:14:213 169312 169952 1
19-07-2017-10:05:14:253 169952 170592 1
19-07-2017-10:05:14:300 170592 171232 1
19-07-2017-10:05:14:341 171232 171872 1
19-07-2017-10:05:14:369 171872 172512 1
19-07-2017-10:05:14:409 172512 173152 1
19-07-2017-10:05:14:450 173152 173792 1
19-07-2017-10:05:14:492 173792 174432 1
19-07-2017-10:05:14:537 174432 175072 1
19-07-2017-10:05:14:578 175072 175712 1
19-07-2017-10:05:14:619 175712 176352 1
19-07-2017-10:05:14:648 176352 176992 1
19-07-2017-10:05:14:689 176992 177632 1
19-07-2017-10:05:14:786 177632 178272 1
19-07-2017-10:05:14:788 178272 178912 1
19-07-2017-10:05:14:815 178912 179552 1
19-07-2017-10:05:14:856 179552 180192 1
19-07-2017-10:05:14:903 180192 180832 1
19-07-2017-10:05:14:945 180832 181472 1
19-07-2017-10:05:14:972 181472 182112 1
19-07-2017-10:05:15:014 182112 182752 1
19-07-2017-10:05:15:055 182752 183392 1
19-07-2017-10:05:15:100 183392 184032 1
19-07-2017-10:05:15:140 184032 184672 1
19-07-2017-10:05:15:180 184672 185312 1
19-07-2017-10:05:15:211 185312 185952 1
19-07-2017-10:05:15:252 185952 186592 1
19-07-2017-10:05:15:291 186592 187232 1
19-07-2017-10:05:15:333 187232 187872 1
19-07-2017-10:05:15:380 187872 188512 1
19-07-2017-10:05:15:421 188512 189152 1
19-07-2017-10:05:15:450 189152 189792 1
19-07-2017-10:05:15:489 189792 190432 1
19-07-2017-10:05:15:530 190432 191072 1
19-07-2017-10:05:15:569 191072 191712 1
19-07-2017-10:05:15:615 191712 192352 1
19-07-2017-10:05:15:657 192352 192992 1
19-07-2017-10:05:15:698 192992 193632 1
19-07-2017-10:05:15:738 193632 194272 1
19-07-2017-10:05:15:768 194272 194912 1
19-07-2017-10:05:15:813 194912 195552 1
19-07-2017-10:05:15:853 195552 196192 1
19-07-2017-10:05:15:894 196192 196832 1
19-07-2017-10:05:15:934 196832 197472 1
19-07-2017-10:05:15:976 197472 198112 1
19-07-2017-10:05:16:023 198112 198752 1
19-07-2017-10:05:16:053 198752 199392 1
19-07-2017-10:05:16:092 199392 200032 1
19-07-2017-10:05:16:133 200032 200672 1
19-07-2017-10:05:16:174 200672 201312 1
19-07-2017-10:05:16:219 201312 201952 1
19-07-2017-10:05:16:260 201952 202592 1
19-07-2017-10:05:16:290 202592 203232 1
19-07-2017-10:05:16:332 203232 203872 1
19-07-2017-10:05:16:372 203872 204512 1
19-07-2017-10:05:16:412 204512 205152 1
19-07-2017-10:05:16:452 205152 205792 1
19-07-2017-10:05:16:498 205792 206432 1
19-07-2017-10:05:16:539 206432 207072 1
19-07-2017-10:05:16:579 207072 207712 1
19-07-2017-10:05:16:618 207712 208352 1
19-07-2017-10:05:16:649 208352 208992 1
19-07-2017-10:05:16:690 208992 209632 1
19-07-2017-10:05:16:730 209632 210272 1
19-07-2017-10:05:16:769 210272 210912 1
19-07-2017-10:05:16:817 210912 211552 1
19-07-2017-10:05:16:858 211552 212192 1
19-07-2017-10:05:16:898 212192 212832 1
19-07-2017-10:05:16:938 212832 213472 1
19-07-2017-10:05:16:968 213472 214112 1
19-07-2017-10:05:17:014 214112 214752 1
19-07-2017-10:05:17:054 214752 215392 1
19-07-2017-10:05:17:094 215392 216032 1
19-07-2017-10:05:17:137 216032 216672 1
19-07-2017-10:05:17:182 216672 217312 1
19-07-2017-10:05:17:212 217312 217952 1
19-07-2017-10:05:17:253 217952 218592 1
19-07-2017-10:05:17:292 218592 219232 1
19-07-2017-10:05:17:334 219232 219872 1
19-07-2017-10:05:17:379 219872 220512 1
19-07-2017-10:05:17:420 220512 221152 1
19-07-2017-10:05:17:450 221152 221792 1
19-07-2017-10:05:17:491 221792 222432 1
19-07-2017-10:05:17:532 222432 223072 1
19-07-2017-10:05:17:572 223072 223712 1
19-07-2017-10:05:17:617 223712 224352 1
19-07-2017-10:05:17:660 224352 224992 1
19-07-2017-10:05:17:688 224992 225632 1
19-07-2017-10:05:17:730 225632 226272 1
19-07-2017-10:05:17:770 226272 226912 1
19-07-2017-10:05:17:816 226912 227552 1
19-07-2017-10:05:17:857 227552 228192 1
19-07-2017-10:05:17:949 228192 228832 1
19-07-2017-10:05:17:950 228832 229472 1
19-07-2017-10:05:17:985 229472 230112 1
19-07-2017-10:05:18:008 230112 230752 1
19-07-2017-10:05:18:053 230752 231392 1
19-07-2017-10:05:18:095 231392 232032 1
19-07-2017-10:05:18:134 232032 232672 1
19-07-2017-10:05:18:178 232672 233312 1
19-07-2017-10:05:18:207 233312 233952 1
19-07-2017-10:05:18:249 233952 234592 1
19-07-2017-10:05:18:287 234592 235232 1
19-07-2017-10:05:18:336 235232 235872 1
19-07-2017-10:05:18:376 235872 236512 1
19-07-2017-10:05:18:417 236512 237152 1
19-07-2017-10:05:18:456 237152 237792 1
19-07-2017-10:05:18:502 237792 238432 1
19-07-2017-10:05:18:544 238432 239072 1
19-07-2017-10:05:18:572 239072 239712 1
19-07-2017-10:05:18:613 239712 240352 1
19-07-2017-10:05:18:654 240352 240992 1
19-07-2017-10:05:18:699 240992 241632 1
19-07-2017-10:05:18:740 241632 242272 1
19-07-2017-10:05:18:769 242272 242912 1
19-07-2017-10:05:18:811 242912 243552 1
19-07-2017-10:05:18:851 243552 244192 1
19-07-2017-10:05:18:897 244192 244832 1
19-07-2017-10:05:18:936 244832 245472 1
19-07-2017-10:05:18:977 245472 246112 1
19-07-2017-10:05:19:019 246112 246752 1
19-07-2017-10:05:19:048 246752 247392 1
19-07-2017-10:05:19:089 247392 248032 1
19-07-2017-10:05:19:135 248032 248672 1
19-07-2017-10:05:19:175 248672 249312 1
19-07-2017-10:05:19:216 249312 249952 1
19-07-2017-10:05:19:256 249952 250592 1
19-07-2017-10:05:19:297 250592 251232 1
19-07-2017-10:05:19:344 251232 251872 1
19-07-2017-10:05:19:368 251872 252512 1
19-07-2017-10:05:19:417 252512 253152 1
19-07-2017-10:05:19:455 253152 253792 1
19-07-2017-10:05:19:496 253792 254432 1
19-07-2017-10:05:19:537 254432 255072 1
19-07-2017-10:05:19:583 255072 255712 1
19-07-2017-10:05:19:610 255712 256352 1
19-07-2017-10:05:19:650 256352 256992 1
19-07-2017-10:05:19:696 256992 257632 1
19-07-2017-10:05:19:738 257632 258272 1
19-07-2017-10:05:19:778 258272 258912 1
19-07-2017-10:05:19:808 258912 259552 1
19-07-2017-10:05:19:848 259552 260192 1
19-07-2017-10:05:19:894 260192 260832 1
19-07-2017-10:05:19:934 260832 261472 1
19-07-2017-10:05:19:976 261472 262112 1
19-07-2017-10:05:20:015 262112 262752 1
19-07-2017-10:05:20:061 262752 263392 1
19-07-2017-10:05:20:102 263392 264032 1
19-07-2017-10:05:20:133 264032 264672 1
19-07-2017-10:05:20:172 264672 265312 1
19-07-2017-10:05:20:213 265312 265952 1
19-07-2017-10:05:20:259 265952 266592 1
19-07-2017-10:05:20:301 266592 267232 1
19-07-2017-10:05:20:328 267232 267872 1
19-07-2017-10:05:20:370 267872 268512 1
19-07-2017-10:05:20:410 268512 269152 1
19-07-2017-10:05:20:455 269152 269792 1
19-07-2017-10:05:20:497 269792 270432 1
19-07-2017-10:05:20:537 270432 271072 1
19-07-2017-10:05:20:583 271072 271712 1
19-07-2017-10:05:20:623 271712 272352 1
19-07-2017-10:05:20:653 272352 272992 1
19-07-2017-10:05:20:693 272992 273632 1
19-07-2017-10:05:20:734 273632 274272 1
19-07-2017-10:05:20:780 274272 274912 1
19-07-2017-10:05:20:821 274912 275552 1
19-07-2017-10:05:20:852 275552 276192 1
19-07-2017-10:05:20:890 276192 276832 1
19-07-2017-10:05:20:932 276832 277472 1
19-07-2017-10:05:20:972 277472 278112 1
19-07-2017-10:05:21:018 278112 278752 1
19-07-2017-10:05:21:416 278752 279392 1
19-07-2017-10:05:21:418 279392 280032 1
19-07-2017-10:05:21:418 280032 280672 1
19-07-2017-10:05:21:418 280672 281312 1
19-07-2017-10:05:21:418 281312 281952 1
19-07-2017-10:05:21:418 281952 282592 1
19-07-2017-10:05:21:418 282592 283232 1
19-07-2017-10:05:21:418 283232 283872 1
19-07-2017-10:05:21:418 283872 284512 1
19-07-2017-10:05:21:418 284512 285152 1
19-07-2017-10:05:21:457 285152 285792 1
19-07-2017-10:05:21:498 285792 286432 1
19-07-2017-10:05:21:529 286432 287072 1
19-07-2017-10:05:21:568 287072 287712 1
19-07-2017-10:05:21:616 287712 288352 1
19-07-2017-10:05:21:656 288352 288992 1
19-07-2017-10:05:21:696 288992 289632 1
19-07-2017-10:05:21:743 289632 290272 1
19-07-2017-10:05:21:784 290272 290912 1
19-07-2017-10:05:21:811 290912 291552 1
19-07-2017-10:05:21:853 291552 292192 1
19-07-2017-10:05:21:893 292192 292832 1
19-07-2017-10:05:21:940 292832 293472 1
19-07-2017-10:05:21:978 293472 294112 1
19-07-2017-10:05:22:008 294112 294752 1
19-07-2017-10:05:22:049 294752 295392 1
19-07-2017-10:05:22:090 295392 296032 1
19-07-2017-10:05:22:130 296032 296672 1
19-07-2017-10:05:22:177 296672 297312 1
19-07-2017-10:05:22:217 297312 297952 1
19-07-2017-10:05:22:256 297952 298592 1
19-07-2017-10:05:22:299 298592 299232 1
19-07-2017-10:05:22:327 299232 299872 1
19-07-2017-10:05:22:373 299872 300512 1
19-07-2017-10:05:22:414 300512 301152 1
19-07-2017-10:05:22:456 301152 301792 1
19-07-2017-10:05:22:494 301792 302432 1
19-07-2017-10:05:22:541 302432 303072 1
19-07-2017-10:05:22:582 303072 303712 1
19-07-2017-10:05:22:611 303712 304352 1
19-07-2017-10:05:22:657 304352 304992 1
19-07-2017-10:05:22:698 304992 305632 1
19-07-2017-10:05:22:739 305632 306272 1
19-07-2017-10:05:22:769 306272 306912 1
19-07-2017-10:05:22:809 306912 307552 1
19-07-2017-10:05:22:853 307552 308192 1
19-07-2017-10:05:22:894 308192 308832 1
19-07-2017-10:05:22:936 308832 309472 1
19-07-2017-10:05:22:975 309472 310112 1
19-07-2017-10:05:23:021 310112 310752 1
19-07-2017-10:05:23:062 310752 311392 1
19-07-2017-10:05:23:092 311392 312032 1
19-07-2017-10:05:23:133 312032 312672 1
19-07-2017-10:05:23:173 312672 313312 1
19-07-2017-10:05:23:219 313312 313952 1
19-07-2017-10:05:23:261 313952 314592 1
19-07-2017-10:05:23:288 314592 315232 1
19-07-2017-10:05:23:329 315232 315872 1
19-07-2017-10:05:23:369 315872 316512 1
19-07-2017-10:05:23:410 316512 317152 1
19-07-2017-10:05:23:457 317152 317792 1
19-07-2017-10:05:23:498 317792 318432 1
19-07-2017-10:05:23:538 318432 319072 1
19-07-2017-10:05:23:567 319072 319712 1
19-07-2017-10:05:23:607 319712 320352 1
19-07-2017-10:05:23:653 320352 320992 1
19-07-2017-10:05:23:694 320992 321632 1
19-07-2017-10:05:23:735 321632 322272 1
19-07-2017-10:05:23:776 322272 322912 1
19-07-2017-10:05:23:823 322912 323552 1
19-07-2017-10:05:23:852 323552 324192 1
19-07-2017-10:05:23:892 324192 324832 1
19-07-2017-10:05:23:932 324832 325472 1
19-07-2017-10:05:23:973 325472 326112 1
19-07-2017-10:05:24:020 326112 326752 1
19-07-2017-10:05:24:048 326752 327392 1
19-07-2017-10:05:24:089 327392 328032 1
19-07-2017-10:05:24:129 328032 328672 1
19-07-2017-10:05:24:180 328672 329312 1
19-07-2017-10:05:24:482 329312 329952 1
19-07-2017-10:05:24:484 329952 330592 1
19-07-2017-10:05:24:484 330592 331232 1
19-07-2017-10:05:24:484 331232 331872 1
19-07-2017-10:05:24:484 331872 332512 1
19-07-2017-10:05:24:484 332512 333152 1
19-07-2017-10:05:24:484 333152 333792 1
19-07-2017-10:05:24:490 333792 334432 1
19-07-2017-10:05:24:530 334432 335072 1
19-07-2017-10:05:24:575 335072 335712 1
19-07-2017-10:05:24:617 335712 336352 1
19-07-2017-10:05:24:656 336352 336992 1
19-07-2017-10:05:24:697 336992 337632 1
19-07-2017-10:05:24:743 337632 338272 1
19-07-2017-10:05:24:771 338272 338912 1
19-07-2017-10:05:24:812 338912 339552 1
19-07-2017-10:05:24:854 339552 340192 1
19-07-2017-10:05:24:895 340192 340832 1
19-07-2017-10:05:24:939 340832 341472 1
19-07-2017-10:05:24:981 341472 342112 1
19-07-2017-10:05:25:010 342112 342752 1
19-07-2017-10:05:25:050 342752 343392 1
19-07-2017-10:05:25:091 343392 344032 1
19-07-2017-10:05:25:131 344032 344672 1
19-07-2017-10:05:25:177 344672 345312 1
19-07-2017-10:05:25:217 345312 345952 1
19-07-2017-10:05:25:258 345952 346592 1
19-07-2017-10:05:25:288 346592 347232 1
19-07-2017-10:05:25:328 347232 347872 1
19-07-2017-10:05:25:376 347872 348512 1
19-07-2017-10:05:25:415 348512 349152 1
19-07-2017-10:05:25:455 349152 349792 1
19-07-2017-10:05:25:497 349792 350432 1
19-07-2017-10:05:25:543 350432 351072 1
19-07-2017-10:05:25:583 351072 351712 1
19-07-2017-10:05:25:612 351712 352352 1
19-07-2017-10:05:25:658 352352 352992 1
19-07-2017-10:05:25:699 352992 353632 1
19-07-2017-10:05:25:738 353632 354272 1
19-07-2017-10:05:25:768 354272 354912 1
19-07-2017-10:05:25:808 354912 355552 1
19-07-2017-10:05:25:848 355552 356192 1
19-07-2017-10:05:25:894 356192 356832 1
19-07-2017-10:05:25:935 356832 357472 1
19-07-2017-10:05:26:061 357472 358112 1
19-07-2017-10:05:26:063 358112 358752 1
19-07-2017-10:05:26:063 358752 359392 1
19-07-2017-10:05:26:092 359392 360032 1
19-07-2017-10:05:26:133 360032 360672 1
19-07-2017-10:05:26:172 360672 361312 1
19-07-2017-10:05:26:213 361312 361952 1
19-07-2017-10:05:26:259 361952 362592 1
19-07-2017-10:05:26:288 362592 363232 1
19-07-2017-10:05:26:330 363232 363872 1
19-07-2017-10:05:26:370 363872 364512 1
19-07-2017-10:05:26:411 364512 365152 1
19-07-2017-10:05:26:456 365152 365792 1
19-07-2017-10:05:26:498 365792 366432 1
19-07-2017-10:05:26:537 366432 367072 1
19-07-2017-10:05:26:567 367072 367712 1
19-07-2017-10:05:26:607 367712 368352 1
19-07-2017-10:05:26:654 368352 368992 1
19-07-2017-10:05:26:695 368992 369632 1
19-07-2017-10:05:26:736 369632 370272 1
19-07-2017-10:05:26:777 370272 370912 1
19-07-2017-10:05:26:823 370912 371552 1
19-07-2017-10:05:26:853 371552 372192 1
19-07-2017-10:05:26:892 372192 372832 1
19-07-2017-10:05:26:933 372832 373472 1
19-07-2017-10:05:26:975 373472 374112 1
19-07-2017-10:05:27:019 374112 374752 1
19-07-2017-10:05:27:049 374752 375392 1
19-07-2017-10:05:27:089 375392 376032 1
19-07-2017-10:05:27:128 376032 376672 1
19-07-2017-10:05:27:170 376672 377312 1
19-07-2017-10:05:27:209 377312 377952 1
19-07-2017-10:05:27:257 377952 378592 1
19-07-2017-10:05:27:297 378592 379232 1
19-07-2017-10:05:27:336 379232 379872 1
19-07-2017-10:05:27:379 379872 380512 1
19-07-2017-10:05:27:408 380512 381152 1
19-07-2017-10:05:27:454 381152 381792 1
19-07-2017-10:05:27:494 381792 382432 1
19-07-2017-10:05:27:535 382432 383072 1
19-07-2017-10:05:27:575 383072 383712 1
19-07-2017-10:05:27:623 383712 384352 1
19-07-2017-10:05:27:662 384352 384992 1
19-07-2017-10:05:27:689 384992 385632 1
19-07-2017-10:05:27:732 385632 386272 1
19-07-2017-10:05:27:773 386272 386912 1
19-07-2017-10:05:27:813 386912 387552 1
19-07-2017-10:05:27:858 387552 388192 1
19-07-2017-10:05:27:887 388192 388832 1
19-07-2017-10:05:27:929 388832 389472 1
19-07-2017-10:05:27:969 389472 390112 1
19-07-2017-10:05:28:011 390112 390752 1
19-07-2017-10:05:28:056 390752 391392 1
19-07-2017-10:05:28:096 391392 392032 1
19-07-2017-10:05:28:138 392032 392672 1
19-07-2017-10:05:28:177 392672 393312 1
19-07-2017-10:05:28:223 393312 393952 1
19-07-2017-10:05:28:247 393952 394592 1
19-07-2017-10:05:28:293 394592 395232 1
19-07-2017-10:05:28:334 395232 395872 1
19-07-2017-10:05:28:374 395872 396512 1
19-07-2017-10:05:28:416 396512 397152 1
19-07-2017-10:05:28:462 397152 397792 1
19-07-2017-10:05:28:491 397792 398432 1
19-07-2017-10:05:28:530 398432 399072 1
19-07-2017-10:05:28:572 399072 399712 1
19-07-2017-10:05:28:614 399712 400352 1
19-07-2017-10:05:28:658 400352 400992 1
19-07-2017-10:05:28:687 400992 401632 1
19-07-2017-10:05:28:727 401632 402272 1
19-07-2017-10:05:28:773 402272 402912 1
19-07-2017-10:05:28:813 402912 403552 1
19-07-2017-10:05:28:855 403552 404192 1
19-07-2017-10:05:28:895 404192 404832 1
19-07-2017-10:05:28:941 404832 405472 1
19-07-2017-10:05:28:970 405472 406112 1
19-07-2017-10:05:29:011 406112 406752 1
19-07-2017-10:05:29:050 406752 407392 1
19-07-2017-10:05:29:092 407392 408032 1
19-07-2017-10:05:29:214 408032 408672 1
19-07-2017-10:05:29:215 408672 409312 1
19-07-2017-10:05:29:215 409312 409952 1
19-07-2017-10:05:29:248 409952 410592 1
19-07-2017-10:05:29:289 410592 411232 1
19-07-2017-10:05:29:339 411232 411872 1
19-07-2017-10:05:29:376 411872 412512 1
19-07-2017-10:05:29:416 412512 413152 1
19-07-2017-10:05:29:455 413152 413792 1
19-07-2017-10:05:29:493 413792 414432 1
19-07-2017-10:05:29:538 414432 415072 1
19-07-2017-10:05:29:578 415072 415712 1
19-07-2017-10:05:29:619 415712 416352 1
19-07-2017-10:05:29:647 416352 416992 1
19-07-2017-10:05:29:690 416992 417632 1
19-07-2017-10:05:29:728 417632 418272 1
19-07-2017-10:05:29:774 418272 418912 1
19-07-2017-10:05:29:817 418912 419552 1
19-07-2017-10:05:29:859 419552 420192 1
19-07-2017-10:05:29:897 420192 420832 1
19-07-2017-10:05:29:926 420832 421472 1
19-07-2017-10:05:29:974 421472 422112 1
19-07-2017-10:05:30:015 422112 422752 1
19-07-2017-10:05:30:055 422752 423392 1
19-07-2017-10:05:30:096 423392 424032 1
19-07-2017-10:05:30:144 424032 424672 1
19-07-2017-10:05:30:177 424672 425312 1
19-07-2017-10:05:30:208 425312 425952 1
19-07-2017-10:05:30:248 425952 426592 1
19-07-2017-10:05:30:295 426592 427232 1
19-07-2017-10:05:30:336 427232 427872 1
19-07-2017-10:05:30:376 427872 428512 1
19-07-2017-10:05:30:417 428512 429152 1
19-07-2017-10:05:30:463 429152 429792 1
19-07-2017-10:05:30:492 429792 430432 1
19-07-2017-10:05:30:534 430432 431072 1
19-07-2017-10:05:30:573 431072 431712 1
19-07-2017-10:05:30:615 431712 432352 1
19-07-2017-10:05:30:660 432352 432992 1
19-07-2017-10:05:30:700 432992 433632 1
19-07-2017-10:05:30:730 433632 434272 1
19-07-2017-10:05:30:770 434272 434912 1
19-07-2017-10:05:30:811 434912 435552 1
19-07-2017-10:05:30:857 435552 436192 1
19-07-2017-10:05:30:898 436192 436832 1
19-07-2017-10:05:30:938 436832 437472 1
19-07-2017-10:05:30:968 437472 438112 1
19-07-2017-10:05:31:008 438112 438752 1
19-07-2017-10:05:31:048 438752 439392 1
19-07-2017-10:05:31:096 439392 440032 1
19-07-2017-10:05:31:136 440032 440672 1
19-07-2017-10:05:31:176 440672 441312 1
19-07-2017-10:05:31:222 441312 441952 1
19-07-2017-10:05:31:262 441952 442592 1
19-07-2017-10:05:31:292 442592 443232 1
19-07-2017-10:05:31:332 443232 443872 1
19-07-2017-10:05:31:375 443872 444512 1
19-07-2017-10:05:31:420 444512 445152 1
19-07-2017-10:05:31:459 445152 445792 1
19-07-2017-10:05:31:488 445792 446432 1
19-07-2017-10:05:31:528 446432 447072 1
19-07-2017-10:05:31:570 447072 447712 1
19-07-2017-10:05:31:611 447712 448352 1
19-07-2017-10:05:31:657 448352 448992 1
19-07-2017-10:05:31:697 448992 449632 1
19-07-2017-10:05:31:743 449632 450272 1
19-07-2017-10:05:31:771 450272 450912 1
19-07-2017-10:05:31:812 450912 451552 1
19-07-2017-10:05:31:854 451552 452192 1
19-07-2017-10:05:31:895 452192 452832 1
19-07-2017-10:05:31:939 452832 453472 1
19-07-2017-10:05:31:968 453472 454112 1
