19-07-2017-10:06:35:167 0 768 1
19-07-2017-10:06:35:216 768 1536 1
19-07-2017-10:06:35:259 1536 2304 1
19-07-2017-10:06:35:303 2304 3072 1
19-07-2017-10:06:35:355 3072 3744 1
19-07-2017-10:06:35:403 3744 4416 1
19-07-2017-10:06:35:430 4416 5088 1
19-07-2017-10:06:35:471 5088 5760 1
19-07-2017-10:06:35:524 5760 6416 1
19-07-2017-10:06:35:558 6416 7072 1
19-07-2017-10:06:35:599 7072 7728 1
19-07-2017-10:06:35:640 7728 8384 1
19-07-2017-10:06:35:680 8384 9040 1
19-07-2017-10:06:35:727 9040 9696 1
19-07-2017-10:06:35:762 9696 10352 1
19-07-2017-10:06:35:804 10352 11008 1
19-07-2017-10:06:35:846 11008 11664 1
19-07-2017-10:06:35:886 11664 12320 1
19-07-2017-10:06:35:924 12320 12976 1
19-07-2017-10:06:35:963 12976 13632 1
19-07-2017-10:06:36:009 13632 14288 1
19-07-2017-10:06:36:051 14288 14944 1
19-07-2017-10:06:36:093 14944 15600 1
19-07-2017-10:06:36:147 15600 16256 1
19-07-2017-10:06:36:172 16256 16912 1
19-07-2017-10:06:36:220 16912 17568 1
19-07-2017-10:06:36:261 17568 18224 1
19-07-2017-10:06:36:302 18224 18880 1
19-07-2017-10:06:36:341 18880 19536 1
19-07-2017-10:06:36:389 19536 20192 1
19-07-2017-10:06:36:419 20192 20848 1
19-07-2017-10:06:36:459 20848 21504 1
19-07-2017-10:06:36:502 21504 22160 1
19-07-2017-10:06:36:547 22160 22816 1
19-07-2017-10:06:36:587 22816 23472 1
19-07-2017-10:06:36:627 23472 24128 1
19-07-2017-10:06:36:670 24128 24784 1
19-07-2017-10:06:36:709 24784 25440 1
19-07-2017-10:06:36:749 25440 26096 1
19-07-2017-10:06:36:797 26096 26752 1
19-07-2017-10:06:36:837 26752 27408 1
19-07-2017-10:06:36:866 27408 28064 1
19-07-2017-10:06:36:906 28064 28720 1
19-07-2017-10:06:36:950 28720 29376 1
19-07-2017-10:06:36:990 29376 30032 1
19-07-2017-10:06:37:029 30032 30688 1
19-07-2017-10:06:37:078 30688 31344 1
19-07-2017-10:06:37:117 31344 32000 1
19-07-2017-10:06:37:158 32000 32656 1
19-07-2017-10:06:37:198 32656 33312 1
19-07-2017-10:06:37:244 33312 33968 1
19-07-2017-10:06:37:287 33968 34624 1
19-07-2017-10:06:37:325 34624 35280 1
19-07-2017-10:06:37:365 35280 35936 1
19-07-2017-10:06:37:411 35936 36592 1
19-07-2017-10:06:37:439 36592 37248 1
19-07-2017-10:06:37:480 37248 37904 1
19-07-2017-10:06:37:521 37904 38560 1
19-07-2017-10:06:37:563 38560 39216 1
19-07-2017-10:06:37:609 39216 39872 1
19-07-2017-10:06:37:650 39872 40528 1
19-07-2017-10:06:37:694 40528 41184 1
19-07-2017-10:06:37:737 41184 41840 1
19-07-2017-10:06:37:782 41840 42496 1
19-07-2017-10:06:37:823 42496 43152 1
19-07-2017-10:06:37:863 43152 43808 1
19-07-2017-10:06:37:892 43808 44464 1
19-07-2017-10:06:37:933 44464 45120 1
19-07-2017-10:06:37:973 45120 45776 1
19-07-2017-10:06:38:014 45776 46432 1
19-07-2017-10:06:38:060 46432 47088 1
19-07-2017-10:06:38:102 47088 47744 1
19-07-2017-10:06:38:142 47744 48400 1
19-07-2017-10:06:38:184 48400 49056 1
19-07-2017-10:06:38:230 49056 49712 1
19-07-2017-10:06:38:355 49712 50368 1
19-07-2017-10:06:38:356 50368 51024 1
19-07-2017-10:06:38:356 51024 51680 1
19-07-2017-10:06:38:398 51680 52336 1
19-07-2017-10:06:38:439 52336 52992 1
19-07-2017-10:06:38:467 52992 53648 1
19-07-2017-10:06:38:508 53648 54304 1
19-07-2017-10:06:38:549 54304 54960 1
19-07-2017-10:06:38:589 54960 55616 1
19-07-2017-10:06:38:636 55616 56272 1
19-07-2017-10:06:38:680 56272 56928 1
19-07-2017-10:06:38:718 56928 57584 1
19-07-2017-10:06:38:758 57584 58240 1
19-07-2017-10:06:38:806 58240 58896 1
19-07-2017-10:06:38:846 58896 59552 1
19-07-2017-10:06:38:874 59552 60208 1
19-07-2017-10:06:38:915 60208 60864 1
19-07-2017-10:06:38:968 60864 61504 1
19-07-2017-10:06:38:996 61504 62144 1
19-07-2017-10:06:39:042 62144 62784 1
19-07-2017-10:06:39:081 62784 63424 1
19-07-2017-10:06:39:123 63424 64064 1
19-07-2017-10:06:39:163 64064 64704 1
19-07-2017-10:06:39:202 64704 65344 1
19-07-2017-10:06:39:247 65344 65984 1
19-07-2017-10:06:39:277 65984 66624 1
19-07-2017-10:06:39:317 66624 67264 1
19-07-2017-10:06:39:357 67264 67904 1
19-07-2017-10:06:39:398 67904 68544 1
19-07-2017-10:06:39:444 68544 69184 1
19-07-2017-10:06:39:485 69184 69824 1
19-07-2017-10:06:39:525 69824 70464 1
19-07-2017-10:06:39:570 70464 71104 1
19-07-2017-10:06:39:599 71104 71744 1
19-07-2017-10:06:39:640 71744 72384 1
19-07-2017-10:06:39:682 72384 73024 1
19-07-2017-10:06:39:727 73024 73664 1
19-07-2017-10:06:39:769 73664 74304 1
19-07-2017-10:06:39:796 74304 74944 1
19-07-2017-10:06:39:838 74944 75584 1
19-07-2017-10:06:39:878 75584 76224 1
19-07-2017-10:06:39:924 76224 76864 1
19-07-2017-10:06:39:968 76864 77504 1
19-07-2017-10:06:40:005 77504 78144 1
19-07-2017-10:06:40:044 78144 78784 1
19-07-2017-10:06:40:074 78784 79424 1
19-07-2017-10:06:40:120 79424 80064 1
19-07-2017-10:06:40:162 80064 80704 1
19-07-2017-10:06:40:202 80704 81344 1
19-07-2017-10:06:40:249 81344 81984 1
19-07-2017-10:06:40:279 81984 82624 1
19-07-2017-10:06:40:320 82624 83264 1
19-07-2017-10:06:40:359 83264 83904 1
19-07-2017-10:06:40:400 83904 84544 1
19-07-2017-10:06:40:446 84544 85184 1
19-07-2017-10:06:40:474 85184 85824 1
19-07-2017-10:06:40:515 85824 86464 1
19-07-2017-10:06:40:600 86464 87104 1
19-07-2017-10:06:40:602 87104 87744 1
19-07-2017-10:06:40:643 87744 88384 1
19-07-2017-10:06:40:691 88384 89024 1
19-07-2017-10:06:40:720 89024 89664 1
19-07-2017-10:06:40:759 89664 90304 1
19-07-2017-10:06:40:799 90304 90944 1
19-07-2017-10:06:40:840 90944 91584 1
19-07-2017-10:06:40:886 91584 92224 1
19-07-2017-10:06:40:915 92224 92864 1
19-07-2017-10:06:40:955 92864 93504 1
19-07-2017-10:06:40:997 93504 94144 1
19-07-2017-10:06:41:038 94144 94784 1
19-07-2017-10:06:41:082 94784 95424 1
19-07-2017-10:06:41:123 95424 96064 1
19-07-2017-10:06:41:164 96064 96704 1
19-07-2017-10:06:41:212 96704 97344 1
19-07-2017-10:06:41:235 97344 97984 1
19-07-2017-10:06:41:281 97984 98624 1
19-07-2017-10:06:41:321 98624 99264 1
19-07-2017-10:06:41:362 99264 99904 1
19-07-2017-10:06:41:407 99904 100544 1
19-07-2017-10:06:41:449 100544 101184 1
19-07-2017-10:06:41:478 101184 101824 1
19-07-2017-10:06:41:518 101824 102464 1
19-07-2017-10:06:41:558 102464 103104 1
19-07-2017-10:06:41:598 103104 103744 1
19-07-2017-10:06:41:645 103744 104384 1
19-07-2017-10:06:41:685 104384 105024 1
19-07-2017-10:06:41:726 105024 105664 1
19-07-2017-10:06:41:755 105664 106304 1
19-07-2017-10:06:41:795 106304 106944 1
19-07-2017-10:06:41:842 106944 107584 1
19-07-2017-10:06:41:882 107584 108224 1
19-07-2017-10:06:41:923 108224 108864 1
19-07-2017-10:06:41:964 108864 109504 1
19-07-2017-10:06:42:010 109504 110144 1
19-07-2017-10:06:42:050 110144 110784 1
19-07-2017-10:06:42:081 110784 111424 1
19-07-2017-10:06:42:120 111424 112064 1
19-07-2017-10:06:42:160 112064 112704 1
19-07-2017-10:06:42:206 112704 113344 1
19-07-2017-10:06:42:235 113344 113984 1
19-07-2017-10:06:42:276 113984 114624 1
19-07-2017-10:06:42:323 114624 115264 1
19-07-2017-10:06:42:363 115264 115904 1
19-07-2017-10:06:42:403 115904 116544 1
19-07-2017-10:06:42:444 116544 117184 1
19-07-2017-10:06:42:489 117184 117824 1
19-07-2017-10:06:42:531 117824 118464 1
19-07-2017-10:06:42:560 118464 119104 1
19-07-2017-10:06:42:601 119104 119744 1
19-07-2017-10:06:42:642 119744 120384 1
19-07-2017-10:06:42:688 120384 121024 1
19-07-2017-10:06:42:727 121024 121664 1
19-07-2017-10:06:42:757 121664 122304 1
19-07-2017-10:06:42:797 122304 122944 1
19-07-2017-10:06:42:838 122944 123584 1
19-07-2017-10:06:42:886 123584 124224 1
19-07-2017-10:06:42:925 124224 124864 1
19-07-2017-10:06:42:966 124864 125504 1
19-07-2017-10:06:42:996 125504 126144 1
19-07-2017-10:06:43:036 126144 126784 1
19-07-2017-10:06:43:081 126784 127424 1
19-07-2017-10:06:43:122 127424 128064 1
19-07-2017-10:06:43:163 128064 128704 1
19-07-2017-10:06:43:204 128704 129344 1
19-07-2017-10:06:43:250 129344 129984 1
19-07-2017-10:06:43:291 129984 130624 1
19-07-2017-10:06:43:320 130624 131264 1
19-07-2017-10:06:43:361 131264 131904 1
19-07-2017-10:06:43:401 131904 132544 1
19-07-2017-10:06:43:440 132544 133184 1
19-07-2017-10:06:43:488 133184 133824 1
19-07-2017-10:06:43:529 133824 134464 1
19-07-2017-10:06:43:557 134464 135104 1
19-07-2017-10:06:43:597 135104 135744 1
19-07-2017-10:06:43:638 135744 136384 1
19-07-2017-10:06:43:678 136384 137024 1
19-07-2017-10:06:43:720 137024 137664 1
19-07-2017-10:06:43:764 137664 138304 1
19-07-2017-10:06:43:806 138304 138944 1
19-07-2017-10:06:43:836 138944 139584 1
19-07-2017-10:06:43:988 139584 140224 1
19-07-2017-10:06:43:990 140224 140864 1
19-07-2017-10:06:43:990 140864 141504 1
19-07-2017-10:06:44:003 141504 142144 1
19-07-2017-10:06:44:043 142144 142784 1
19-07-2017-10:06:44:083 142784 143424 1
19-07-2017-10:06:44:125 143424 144064 1
19-07-2017-10:06:44:165 144064 144704 1
19-07-2017-10:06:44:195 144704 145344 1
19-07-2017-10:06:44:242 145344 145984 1
19-07-2017-10:06:44:282 145984 146624 1
19-07-2017-10:06:44:339 146624 147264 1
19-07-2017-10:06:44:363 147264 147904 1
19-07-2017-10:06:44:409 147904 148544 1
19-07-2017-10:06:44:450 148544 149184 1
19-07-2017-10:06:44:478 149184 149824 1
19-07-2017-10:06:44:519 149824 150464 1
19-07-2017-10:06:44:560 150464 151104 1
19-07-2017-10:06:44:600 151104 151744 1
19-07-2017-10:06:44:645 151744 152384 1
19-07-2017-10:06:44:686 152384 153024 1
19-07-2017-10:06:44:717 153024 153664 1
19-07-2017-10:06:44:757 153664 154304 1
19-07-2017-10:06:44:798 154304 154944 1
19-07-2017-10:06:44:838 154944 155584 1
19-07-2017-10:06:44:884 155584 156224 1
19-07-2017-10:06:44:926 156224 156864 1
19-07-2017-10:06:44:966 156864 157504 1
19-07-2017-10:06:44:994 157504 158144 1
19-07-2017-10:06:45:036 158144 158784 1
19-07-2017-10:06:45:075 158784 159424 1
19-07-2017-10:06:45:123 159424 160064 1
19-07-2017-10:06:45:162 160064 160704 1
19-07-2017-10:06:45:209 160704 161344 1
19-07-2017-10:06:45:238 161344 161984 1
19-07-2017-10:06:45:279 161984 162624 1
19-07-2017-10:06:45:321 162624 163264 1
19-07-2017-10:06:45:359 163264 163904 1
19-07-2017-10:06:45:406 163904 164544 1
19-07-2017-10:06:45:448 164544 165184 1
19-07-2017-10:06:45:475 165184 165824 1
19-07-2017-10:06:45:517 165824 166464 1
19-07-2017-10:06:45:557 166464 167104 1
19-07-2017-10:06:45:602 167104 167744 1
19-07-2017-10:06:45:643 167744 168384 1
19-07-2017-10:06:45:686 168384 169024 1
19-07-2017-10:06:45:726 169024 169664 1
19-07-2017-10:06:45:771 169664 170304 1
19-07-2017-10:06:45:797 170304 170944 1
19-07-2017-10:06:45:839 170944 171584 1
19-07-2017-10:06:45:880 171584 172224 1
19-07-2017-10:06:45:922 172224 172864 1
19-07-2017-10:06:45:968 172864 173504 1
19-07-2017-10:06:46:009 173504 174144 1
19-07-2017-10:06:46:039 174144 174784 1
19-07-2017-10:06:46:079 174784 175424 1
19-07-2017-10:06:46:118 175424 176064 1
19-07-2017-10:06:46:164 176064 176704 1
19-07-2017-10:06:46:205 176704 177344 1
19-07-2017-10:06:46:234 177344 177984 1
19-07-2017-10:06:46:277 177984 178624 1
19-07-2017-10:06:46:316 178624 179264 1
19-07-2017-10:06:46:358 179264 179904 1
19-07-2017-10:06:46:405 179904 180544 1
19-07-2017-10:06:46:444 180544 181184 1
19-07-2017-10:06:46:483 181184 181824 1
19-07-2017-10:06:46:522 181824 182464 1
19-07-2017-10:06:46:563 182464 183104 1
19-07-2017-10:06:46:606 183104 183744 1
19-07-2017-10:06:46:647 183744 184384 1
19-07-2017-10:06:46:677 184384 185024 1
19-07-2017-10:06:46:721 185024 185664 1
19-07-2017-10:06:46:761 185664 186304 1
19-07-2017-10:06:46:802 186304 186944 1
19-07-2017-10:06:46:842 186944 187584 1
19-07-2017-10:06:46:889 187584 188224 1
19-07-2017-10:06:46:930 188224 188864 1
19-07-2017-10:06:46:960 188864 189504 1
19-07-2017-10:06:46:999 189504 190144 1
19-07-2017-10:06:47:441 190144 190784 1
19-07-2017-10:06:47:445 190784 191424 1
19-07-2017-10:06:47:445 191424 192064 1
19-07-2017-10:06:47:445 192064 192704 1
19-07-2017-10:06:47:445 192704 193344 1
19-07-2017-10:06:47:445 193344 193984 1
19-07-2017-10:06:47:445 193984 194624 1
19-07-2017-10:06:47:445 194624 195264 1
19-07-2017-10:06:47:446 195264 195904 1
19-07-2017-10:06:47:446 195904 196544 1
19-07-2017-10:06:47:446 196544 197184 1
19-07-2017-10:06:47:492 197184 197824 1
19-07-2017-10:06:47:516 197824 198464 1
19-07-2017-10:06:47:557 198464 199104 1
19-07-2017-10:06:47:603 199104 199744 1
19-07-2017-10:06:47:643 199744 200384 1
19-07-2017-10:06:47:694 200384 201024 1
19-07-2017-10:06:47:725 201024 201664 1
19-07-2017-10:06:47:755 201664 202304 1
19-07-2017-10:06:47:800 202304 202944 1
19-07-2017-10:06:47:842 202944 203584 1
19-07-2017-10:06:47:882 203584 204224 1
19-07-2017-10:06:47:923 204224 204864 1
19-07-2017-10:06:47:969 204864 205504 1
19-07-2017-10:06:47:998 205504 206144 1
19-07-2017-10:06:48:039 206144 206784 1
19-07-2017-10:06:48:078 206784 207424 1
19-07-2017-10:06:48:123 207424 208064 1
19-07-2017-10:06:48:170 208064 208704 1
19-07-2017-10:06:48:205 208704 209344 1
19-07-2017-10:06:48:253 209344 209984 1
19-07-2017-10:06:48:280 209984 210624 1
19-07-2017-10:06:48:320 210624 211264 1
19-07-2017-10:06:48:361 211264 211904 1
19-07-2017-10:06:48:401 211904 212544 1
19-07-2017-10:06:48:446 212544 213184 1
19-07-2017-10:06:48:488 213184 213824 1
19-07-2017-10:06:48:516 213824 214464 1
19-07-2017-10:06:48:557 214464 215104 1
19-07-2017-10:06:48:598 215104 215744 1
19-07-2017-10:06:48:644 215744 216384 1
19-07-2017-10:06:48:686 216384 217024 1
19-07-2017-10:06:48:724 217024 217664 1
19-07-2017-10:06:48:766 217664 218304 1
19-07-2017-10:06:48:795 218304 218944 1
19-07-2017-10:06:48:835 218944 219584 1
19-07-2017-10:06:48:883 219584 220224 1
19-07-2017-10:06:48:923 220224 220864 1
19-07-2017-10:06:48:963 220864 221504 1
19-07-2017-10:06:49:003 221504 222144 1
19-07-2017-10:06:49:050 222144 222784 1
19-07-2017-10:06:49:079 222784 223424 1
19-07-2017-10:06:49:120 223424 224064 1
19-07-2017-10:06:49:160 224064 224704 1
19-07-2017-10:06:49:200 224704 225344 1
19-07-2017-10:06:49:248 225344 225984 1
19-07-2017-10:06:49:274 225984 226624 1
19-07-2017-10:06:49:315 226624 227264 1
19-07-2017-10:06:49:357 227264 227904 1
19-07-2017-10:06:49:397 227904 228544 1
19-07-2017-10:06:49:444 228544 229184 1
19-07-2017-10:06:49:485 229184 229824 1
19-07-2017-10:06:49:526 229824 230464 1
19-07-2017-10:06:49:554 230464 231104 1
19-07-2017-10:06:49:596 231104 231744 1
19-07-2017-10:06:49:636 231744 232384 1
19-07-2017-10:06:49:680 232384 233024 1
19-07-2017-10:06:49:727 233024 233664 1
19-07-2017-10:06:49:768 233664 234304 1
19-07-2017-10:06:49:797 234304 234944 1
19-07-2017-10:06:49:837 234944 235584 1
19-07-2017-10:06:49:879 235584 236224 1
19-07-2017-10:06:49:919 236224 236864 1
19-07-2017-10:06:49:965 236864 237504 1
19-07-2017-10:06:49:994 237504 238144 1
19-07-2017-10:06:50:036 238144 238784 1
19-07-2017-10:06:50:075 238784 239424 1
19-07-2017-10:06:50:115 239424 240064 1
19-07-2017-10:06:50:163 240064 240704 1
19-07-2017-10:06:50:552 240704 241344 1
19-07-2017-10:06:50:554 241344 241984 1
19-07-2017-10:06:50:554 241984 242624 1
19-07-2017-10:06:50:554 242624 243264 1
19-07-2017-10:06:50:554 243264 243904 1
19-07-2017-10:06:50:554 243904 244544 1
19-07-2017-10:06:50:554 244544 245184 1
19-07-2017-10:06:50:554 245184 245824 1
19-07-2017-10:06:50:554 245824 246464 1
19-07-2017-10:06:50:558 246464 247104 1
19-07-2017-10:06:50:598 247104 247744 1
19-07-2017-10:06:50:640 247744 248384 1
19-07-2017-10:06:50:681 248384 249024 1
19-07-2017-10:06:50:727 249024 249664 1
19-07-2017-10:06:50:756 249664 250304 1
19-07-2017-10:06:50:796 250304 250944 1
19-07-2017-10:06:50:838 250944 251584 1
19-07-2017-10:06:50:876 251584 252224 1
19-07-2017-10:06:50:924 252224 252864 1
19-07-2017-10:06:50:965 252864 253504 1
19-07-2017-10:06:51:007 253504 254144 1
19-07-2017-10:06:51:034 254144 254784 1
19-07-2017-10:06:51:076 254784 255424 1
19-07-2017-10:06:51:123 255424 256064 1
19-07-2017-10:06:51:163 256064 256704 1
19-07-2017-10:06:51:204 256704 257344 1
19-07-2017-10:06:51:244 257344 257984 1
19-07-2017-10:06:51:285 257984 258624 1
19-07-2017-10:06:51:315 258624 259264 1
19-07-2017-10:06:51:354 259264 259904 1
19-07-2017-10:06:51:396 259904 260544 1
19-07-2017-10:06:51:441 260544 261184 1
19-07-2017-10:06:51:482 261184 261824 1
19-07-2017-10:06:51:523 261824 262464 1
19-07-2017-10:06:51:563 262464 263104 1
19-07-2017-10:06:51:611 263104 263744 1
19-07-2017-10:06:51:638 263744 264384 1
19-07-2017-10:06:51:679 264384 265024 1
19-07-2017-10:06:51:720 265024 265664 1
19-07-2017-10:06:51:764 265664 266304 1
19-07-2017-10:06:51:808 266304 266944 1
19-07-2017-10:06:51:837 266944 267584 1
19-07-2017-10:06:51:930 267584 268224 1
19-07-2017-10:06:51:931 268224 268864 1
19-07-2017-10:06:51:960 268864 269504 1
19-07-2017-10:06:52:002 269504 270144 1
19-07-2017-10:06:52:042 270144 270784 1
19-07-2017-10:06:52:082 270784 271424 1
19-07-2017-10:06:52:129 271424 272064 1
19-07-2017-10:06:52:159 272064 272704 1
19-07-2017-10:06:52:198 272704 273344 1
19-07-2017-10:06:52:239 273344 273984 1
19-07-2017-10:06:52:279 273984 274624 1
19-07-2017-10:06:52:324 274624 275264 1
19-07-2017-10:06:52:366 275264 275904 1
19-07-2017-10:06:52:393 275904 276544 1
19-07-2017-10:06:52:435 276544 277184 1
19-07-2017-10:06:52:476 277184 277824 1
19-07-2017-10:06:52:521 277824 278464 1
19-07-2017-10:06:52:562 278464 279104 1
19-07-2017-10:06:52:603 279104 279744 1
19-07-2017-10:06:52:649 279744 280384 1
19-07-2017-10:06:52:688 280384 281024 1
19-07-2017-10:06:52:718 281024 281664 1
19-07-2017-10:06:52:763 281664 282304 1
19-07-2017-10:06:52:804 282304 282944 1
19-07-2017-10:06:52:846 282944 283584 1
19-07-2017-10:06:52:875 283584 284224 1
19-07-2017-10:06:52:916 284224 284864 1
19-07-2017-10:06:52:961 284864 285504 1
19-07-2017-10:06:53:003 285504 286144 1
19-07-2017-10:06:53:042 286144 286784 1
19-07-2017-10:06:53:084 286784 287424 1
19-07-2017-10:06:53:131 287424 288064 1
19-07-2017-10:06:53:161 288064 288704 1
19-07-2017-10:06:53:200 288704 289344 1
19-07-2017-10:06:53:242 289344 289984 1
19-07-2017-10:06:53:283 289984 290624 1
19-07-2017-10:06:53:328 290624 291264 1
19-07-2017-10:06:53:357 291264 291904 1
19-07-2017-10:06:53:399 291904 292544 1
19-07-2017-10:06:53:438 292544 293184 1
19-07-2017-10:06:53:479 293184 293824 1
19-07-2017-10:06:53:526 293824 294464 1
19-07-2017-10:06:53:556 294464 295104 1
19-07-2017-10:06:53:596 295104 295744 1
19-07-2017-10:06:53:637 295744 296384 1
19-07-2017-10:06:53:677 296384 297024 1
19-07-2017-10:06:53:723 297024 297664 1
19-07-2017-10:06:53:765 297664 298304 1
19-07-2017-10:06:53:804 298304 298944 1
19-07-2017-10:06:53:836 298944 299584 1
19-07-2017-10:06:53:886 299584 300224 1
19-07-2017-10:06:53:916 300224 300864 1
19-07-2017-10:06:53:955 300864 301504 1
19-07-2017-10:06:53:995 301504 302144 1
19-07-2017-10:06:54:036 302144 302784 1
19-07-2017-10:06:54:082 302784 303424 1
19-07-2017-10:06:54:123 303424 304064 1
19-07-2017-10:06:54:164 304064 304704 1
19-07-2017-10:06:54:195 304704 305344 1
19-07-2017-10:06:54:235 305344 305984 1
19-07-2017-10:06:54:277 305984 306624 1
19-07-2017-10:06:54:323 306624 307264 1
19-07-2017-10:06:54:363 307264 307904 1
19-07-2017-10:06:54:404 307904 308544 1
19-07-2017-10:06:54:450 308544 309184 1
19-07-2017-10:06:54:490 309184 309824 1
19-07-2017-10:06:54:519 309824 310464 1
19-07-2017-10:06:54:560 310464 311104 1
19-07-2017-10:06:54:602 311104 311744 1
19-07-2017-10:06:54:647 311744 312384 1
19-07-2017-10:06:54:690 312384 313024 1
19-07-2017-10:06:54:718 313024 313664 1
19-07-2017-10:06:54:757 313664 314304 1
19-07-2017-10:06:54:798 314304 314944 1
19-07-2017-10:06:54:839 314944 315584 1
19-07-2017-10:06:54:885 315584 316224 1
19-07-2017-10:06:54:926 316224 316864 1
19-07-2017-10:06:54:955 316864 317504 1
19-07-2017-10:06:54:995 317504 318144 1
19-07-2017-10:06:55:117 318144 318784 1
19-07-2017-10:06:55:120 318784 319424 1
19-07-2017-10:06:55:125 319424 320064 1
19-07-2017-10:06:55:163 320064 320704 1
19-07-2017-10:06:55:209 320704 321344 1
19-07-2017-10:06:55:239 321344 321984 1
19-07-2017-10:06:55:280 321984 322624 1
19-07-2017-10:06:55:320 322624 323264 1
19-07-2017-10:06:55:360 323264 323904 1
19-07-2017-10:06:55:405 323904 324544 1
19-07-2017-10:06:55:434 324544 325184 1
19-07-2017-10:06:55:474 325184 325824 1
19-07-2017-10:06:55:516 325824 326464 1
19-07-2017-10:06:55:556 326464 327104 1
19-07-2017-10:06:55:603 327104 327744 1
19-07-2017-10:06:55:644 327744 328384 1
19-07-2017-10:06:55:688 328384 329024 1
19-07-2017-10:06:55:730 329024 329664 1
19-07-2017-10:06:55:770 329664 330304 1
19-07-2017-10:06:55:799 330304 330944 1
19-07-2017-10:06:55:839 330944 331584 1
19-07-2017-10:06:55:879 331584 332224 1
19-07-2017-10:06:55:926 332224 332864 1
19-07-2017-10:06:55:967 332864 333504 1
19-07-2017-10:06:55:997 333504 334144 1
19-07-2017-10:06:56:037 334144 334784 1
19-07-2017-10:06:56:076 334784 335424 1
19-07-2017-10:06:56:124 335424 336064 1
19-07-2017-10:06:56:164 336064 336704 1
19-07-2017-10:06:56:206 336704 337344 1
19-07-2017-10:06:56:234 337344 337984 1
19-07-2017-10:06:56:274 337984 338624 1
19-07-2017-10:06:56:316 338624 339264 1
19-07-2017-10:06:56:362 339264 339904 1
19-07-2017-10:06:56:401 339904 340544 1
19-07-2017-10:06:56:443 340544 341184 1
19-07-2017-10:06:56:489 341184 341824 1
19-07-2017-10:06:56:529 341824 342464 1
19-07-2017-10:06:56:558 342464 343104 1
19-07-2017-10:06:56:599 343104 343744 1
19-07-2017-10:06:56:639 343744 344384 1
19-07-2017-10:06:56:687 344384 345024 1
19-07-2017-10:06:56:728 345024 345664 1
19-07-2017-10:06:56:757 345664 346304 1
19-07-2017-10:06:56:797 346304 346944 1
19-07-2017-10:06:56:838 346944 347584 1
19-07-2017-10:06:56:885 347584 348224 1
19-07-2017-10:06:56:927 348224 348864 1
19-07-2017-10:06:56:955 348864 349504 1
19-07-2017-10:06:56:999 349504 350144 1
19-07-2017-10:06:57:036 350144 350784 1
19-07-2017-10:06:57:080 350784 351424 1
19-07-2017-10:06:57:121 351424 352064 1
19-07-2017-10:06:57:162 352064 352704 1
19-07-2017-10:06:57:208 352704 353344 1
19-07-2017-10:06:57:249 353344 353984 1
19-07-2017-10:06:57:276 353984 354624 1
19-07-2017-10:06:57:318 354624 355264 1
19-07-2017-10:06:57:360 355264 355904 1
19-07-2017-10:06:57:406 355904 356544 1
19-07-2017-10:06:57:447 356544 357184 1
19-07-2017-10:06:57:475 357184 357824 1
19-07-2017-10:06:57:515 357824 358464 1
19-07-2017-10:06:57:557 358464 359104 1
19-07-2017-10:06:57:596 359104 359744 1
19-07-2017-10:06:57:642 359744 360384 1
19-07-2017-10:06:57:685 360384 361024 1
19-07-2017-10:06:57:724 361024 361664 1
19-07-2017-10:06:57:771 361664 362304 1
19-07-2017-10:06:57:799 362304 362944 1
19-07-2017-10:06:57:844 362944 363584 1
19-07-2017-10:06:57:879 363584 364224 1
19-07-2017-10:06:57:920 364224 364864 1
19-07-2017-10:06:57:966 364864 365504 1
19-07-2017-10:06:57:994 365504 366144 1
19-07-2017-10:06:58:034 366144 366784 1
19-07-2017-10:06:58:075 366784 367424 1
19-07-2017-10:06:58:115 367424 368064 1
19-07-2017-10:06:58:163 368064 368704 1
19-07-2017-10:06:58:482 368704 369344 1
19-07-2017-10:06:58:483 369344 369984 1
19-07-2017-10:06:58:483 369984 370624 1
19-07-2017-10:06:58:483 370624 371264 1
19-07-2017-10:06:58:483 371264 371904 1
19-07-2017-10:06:58:486 371904 372544 1
19-07-2017-10:06:58:486 372544 373184 1
19-07-2017-10:06:58:486 373184 373824 1
19-07-2017-10:06:58:528 373824 374464 1
19-07-2017-10:06:58:569 374464 375104 1
19-07-2017-10:06:58:599 375104 375744 1
19-07-2017-10:06:58:638 375744 376384 1
19-07-2017-10:06:58:680 376384 377024 1
19-07-2017-10:06:58:725 377024 377664 1
19-07-2017-10:06:58:760 377664 378304 1
19-07-2017-10:06:58:795 378304 378944 1
19-07-2017-10:06:58:836 378944 379584 1
19-07-2017-10:06:58:877 379584 380224 1
19-07-2017-10:06:58:922 380224 380864 1
19-07-2017-10:06:59:017 380864 381504 1
19-07-2017-10:06:59:021 381504 382144 1
19-07-2017-10:06:59:050 382144 382784 1
19-07-2017-10:06:59:078 382784 383424 1
19-07-2017-10:06:59:121 383424 384064 1
19-07-2017-10:06:59:159 384064 384704 1
19-07-2017-10:06:59:202 384704 385344 1
19-07-2017-10:06:59:251 385344 385984 1
19-07-2017-10:06:59:275 385984 386624 1
19-07-2017-10:06:59:317 386624 387264 1
19-07-2017-10:06:59:357 387264 387904 1
19-07-2017-10:06:59:397 387904 388544 1
19-07-2017-10:06:59:443 388544 389184 1
19-07-2017-10:06:59:483 389184 389824 1
19-07-2017-10:06:59:524 389824 390464 1
19-07-2017-10:06:59:564 390464 391104 1
19-07-2017-10:06:59:593 391104 391744 1
19-07-2017-10:06:59:634 391744 392384 1
19-07-2017-10:06:59:680 392384 393024 1
19-07-2017-10:06:59:722 393024 393664 1
19-07-2017-10:06:59:761 393664 394304 1
19-07-2017-10:06:59:807 394304 394944 1
19-07-2017-10:06:59:848 394944 395584 1
19-07-2017-10:06:59:878 395584 396224 1
19-07-2017-10:06:59:917 396224 396864 1
19-07-2017-10:06:59:959 396864 397504 1
19-07-2017-10:06:59:999 397504 398144 1
19-07-2017-10:07:00:045 398144 398784 1
19-07-2017-10:07:00:084 398784 399424 1
19-07-2017-10:07:00:113 399424 400064 1
19-07-2017-10:07:00:155 400064 400704 1
19-07-2017-10:07:00:197 400704 401344 1
19-07-2017-10:07:00:236 401344 401984 1
19-07-2017-10:07:00:282 401984 402624 1
19-07-2017-10:07:00:324 402624 403264 1
19-07-2017-10:07:00:363 403264 403904 1
19-07-2017-10:07:00:405 403904 404544 1
19-07-2017-10:07:00:444 404544 405184 1
19-07-2017-10:07:00:473 405184 405824 1
19-07-2017-10:07:00:520 405824 406464 1
19-07-2017-10:07:00:560 406464 407104 1
19-07-2017-10:07:00:602 407104 407744 1
19-07-2017-10:07:00:642 407744 408384 1
19-07-2017-10:07:00:689 408384 409024 1
19-07-2017-10:07:00:729 409024 409664 1
19-07-2017-10:07:00:758 409664 410304 1
19-07-2017-10:07:00:797 410304 410944 1
19-07-2017-10:07:00:839 410944 411584 1
19-07-2017-10:07:00:879 411584 412224 1
19-07-2017-10:07:00:927 412224 412864 1
19-07-2017-10:07:00:956 412864 413504 1
19-07-2017-10:07:00:996 413504 414144 1
19-07-2017-10:07:01:037 414144 414784 1
19-07-2017-10:07:01:077 414784 415424 1
19-07-2017-10:07:01:125 415424 416064 1
19-07-2017-10:07:01:165 416064 416704 1
19-07-2017-10:07:01:205 416704 417344 1
19-07-2017-10:07:01:234 417344 417984 1
19-07-2017-10:07:01:275 417984 418624 1
19-07-2017-10:07:01:321 418624 419264 1
19-07-2017-10:07:01:362 419264 419904 1
19-07-2017-10:07:01:402 419904 420544 1
19-07-2017-10:07:01:442 420544 421184 1
19-07-2017-10:07:01:488 421184 421824 1
19-07-2017-10:07:01:529 421824 422464 1
19-07-2017-10:07:01:559 422464 423104 1
19-07-2017-10:07:01:600 423104 423744 1
19-07-2017-10:07:01:639 423744 424384 1
19-07-2017-10:07:01:681 424384 425024 1
19-07-2017-10:07:01:721 425024 425664 1
19-07-2017-10:07:01:767 425664 426304 1
19-07-2017-10:07:01:798 426304 426944 1
19-07-2017-10:07:01:839 426944 427584 1
19-07-2017-10:07:01:879 427584 428224 1
19-07-2017-10:07:01:920 428224 428864 1
19-07-2017-10:07:01:960 428864 429504 1
19-07-2017-10:07:02:008 429504 430144 1
19-07-2017-10:07:02:037 430144 430784 1
19-07-2017-10:07:02:076 430784 431424 1
19-07-2017-10:07:02:117 431424 432064 1
19-07-2017-10:07:02:488 432064 432704 1
19-07-2017-10:07:02:490 432704 433344 1
19-07-2017-10:07:02:490 433344 433984 1
19-07-2017-10:07:02:490 433984 434624 1
19-07-2017-10:07:02:490 434624 435264 1
19-07-2017-10:07:02:490 435264 435904 1
19-07-2017-10:07:02:490 435904 436544 1
19-07-2017-10:07:02:494 436544 437184 1
19-07-2017-10:07:02:494 437184 437824 1
19-07-2017-10:07:02:534 437824 438464 1
19-07-2017-10:07:02:563 438464 439104 1
19-07-2017-10:07:02:609 439104 439744 1
19-07-2017-10:07:02:652 439744 440384 1
19-07-2017-10:07:02:679 440384 441024 1
19-07-2017-10:07:02:724 441024 441664 1
19-07-2017-10:07:02:760 441664 442304 1
19-07-2017-10:07:02:801 442304 442944 1
19-07-2017-10:07:02:848 442944 443584 1
19-07-2017-10:07:02:888 443584 444224 1
19-07-2017-10:07:02:917 444224 444864 1
19-07-2017-10:07:02:957 444864 445504 1
19-07-2017-10:07:03:001 445504 446144 1
19-07-2017-10:07:03:046 446144 446784 1
19-07-2017-10:07:03:087 446784 447424 1
19-07-2017-10:07:03:117 447424 448064 1
19-07-2017-10:07:03:156 448064 448704 1
19-07-2017-10:07:03:194 448704 449344 1
19-07-2017-10:07:03:236 449344 449984 1
19-07-2017-10:07:03:281 449984 450624 1
19-07-2017-10:07:03:323 450624 451264 1
19-07-2017-10:07:03:363 451264 451904 1
19-07-2017-10:07:03:405 451904 452544 1
19-07-2017-10:07:03:450 452544 453184 1
19-07-2017-10:07:03:479 453184 453824 1
19-07-2017-10:07:03:519 453824 454464 1
19-07-2017-10:07:03:559 454464 455104 1
19-07-2017-10:07:03:600 455104 455744 1
19-07-2017-10:07:03:647 455744 456384 1
19-07-2017-10:07:03:674 456384 457024 1
19-07-2017-10:07:03:716 457024 457664 1
19-07-2017-10:07:03:756 457664 458304 1
19-07-2017-10:07:03:797 458304 458944 1
19-07-2017-10:07:03:843 458944 459584 1
19-07-2017-10:07:03:884 459584 460224 1
19-07-2017-10:07:03:924 460224 460864 1
19-07-2017-10:07:03:971 460864 461504 1
19-07-2017-10:07:03:995 461504 462144 1
19-07-2017-10:07:04:040 462144 462784 1
19-07-2017-10:07:04:082 462784 463424 1
19-07-2017-10:07:04:121 463424 464064 1
19-07-2017-10:07:04:169 464064 464704 1
19-07-2017-10:07:04:208 464704 465344 1
19-07-2017-10:07:04:238 465344 465984 1
19-07-2017-10:07:04:285 465984 466624 1
19-07-2017-10:07:04:324 466624 467264 1
19-07-2017-10:07:04:354 467264 467904 1
19-07-2017-10:07:04:400 467904 468544 1
19-07-2017-10:07:04:440 468544 469184 1
19-07-2017-10:07:04:481 469184 469824 1
19-07-2017-10:07:04:520 469824 470464 1
19-07-2017-10:07:04:567 470464 471104 1
19-07-2017-10:07:04:596 471104 471744 1
19-07-2017-10:07:04:637 471744 472384 1
19-07-2017-10:07:04:678 472384 473024 1
19-07-2017-10:07:04:717 473024 473664 1
19-07-2017-10:07:04:763 473664 474304 1
19-07-2017-10:07:04:804 474304 474944 1
19-07-2017-10:07:04:845 474944 475584 1
19-07-2017-10:07:04:874 475584 476224 1
19-07-2017-10:07:04:914 476224 476864 1
19-07-2017-10:07:04:961 476864 477504 1
19-07-2017-10:07:05:003 477504 478144 1
19-07-2017-10:07:05:043 478144 478784 1
19-07-2017-10:07:05:084 478784 479424 1
19-07-2017-10:07:05:130 479424 480064 1
19-07-2017-10:07:05:160 480064 480704 1
19-07-2017-10:07:05:201 480704 481344 1
19-07-2017-10:07:05:241 481344 481984 1
19-07-2017-10:07:05:282 481984 482624 1
19-07-2017-10:07:05:455 482624 483264 1
19-07-2017-10:07:05:458 483264 483904 1
19-07-2017-10:07:05:458 483904 484544 1
19-07-2017-10:07:05:458 484544 485184 1
19-07-2017-10:07:05:479 485184 485824 1
19-07-2017-10:07:05:525 485824 486464 1
19-07-2017-10:07:05:566 486464 487104 1
19-07-2017-10:07:05:595 487104 487744 1
19-07-2017-10:07:05:637 487744 488384 1
19-07-2017-10:07:05:677 488384 489024 1
19-07-2017-10:07:05:716 489024 489664 1
19-07-2017-10:07:05:763 489664 490304 1
19-07-2017-10:07:05:802 490304 490944 1
19-07-2017-10:07:05:844 490944 491584 1
19-07-2017-10:07:05:891 491584 492224 1
19-07-2017-10:07:05:914 492224 492864 1
19-07-2017-10:07:05:960 492864 493504 1
19-07-2017-10:07:06:001 493504 494144 1
19-07-2017-10:07:06:041 494144 494784 1
19-07-2017-10:07:06:087 494784 495424 1
19-07-2017-10:07:06:130 495424 496064 1
19-07-2017-10:07:06:157 496064 496704 1
19-07-2017-10:07:06:201 496704 497344 1
19-07-2017-10:07:06:243 497344 497984 1
19-07-2017-10:07:06:282 497984 498624 1
19-07-2017-10:07:06:329 498624 499264 1
19-07-2017-10:07:06:369 499264 499904 1
19-07-2017-10:07:06:399 499904 500544 1
19-07-2017-10:07:06:439 500544 501184 1
19-07-2017-10:07:06:479 501184 501824 1
19-07-2017-10:07:06:526 501824 502464 1
19-07-2017-10:07:06:566 502464 503104 1
19-07-2017-10:07:06:596 503104 503744 1
19-07-2017-10:07:06:636 503744 504384 1
19-07-2017-10:07:06:677 504384 505024 1
19-07-2017-10:07:06:723 505024 505664 1
19-07-2017-10:07:06:765 505664 506304 1
19-07-2017-10:07:06:803 506304 506944 1
19-07-2017-10:07:06:850 506944 507584 1
19-07-2017-10:07:06:890 507584 508224 1
19-07-2017-10:07:06:920 508224 508864 1
19-07-2017-10:07:06:959 508864 509504 1
19-07-2017-10:07:07:001 509504 510144 1
19-07-2017-10:07:07:047 510144 510784 1
19-07-2017-10:07:07:087 510784 511424 1
19-07-2017-10:07:07:117 511424 512064 1
19-07-2017-10:07:07:157 512064 512704 1
19-07-2017-10:07:07:198 512704 513344 1
19-07-2017-10:07:07:239 513344 513984 1
19-07-2017-10:07:07:286 513984 514624 1
19-07-2017-10:07:07:315 514624 515264 1
19-07-2017-10:07:07:354 515264 515904 1
19-07-2017-10:07:07:394 515904 516544 1
19-07-2017-10:07:07:435 516544 517184 1
19-07-2017-10:07:07:480 517184 517824 1
19-07-2017-10:07:07:522 517824 518464 1
19-07-2017-10:07:07:563 518464 519104 1
19-07-2017-10:07:07:610 519104 519744 1
19-07-2017-10:07:07:650 519744 520384 1
19-07-2017-10:07:07:680 520384 521024 1
19-07-2017-10:07:07:725 521024 521664 1
19-07-2017-10:07:07:764 521664 522304 1
19-07-2017-10:07:07:794 522304 522944 1
19-07-2017-10:07:07:835 522944 523584 1
19-07-2017-10:07:07:875 523584 524224 1
19-07-2017-10:07:07:922 524224 524864 1
19-07-2017-10:07:07:961 524864 525504 1
19-07-2017-10:07:08:003 525504 526144 1
19-07-2017-10:07:08:049 526144 526784 1
19-07-2017-10:07:08:090 526784 527424 1
19-07-2017-10:07:08:120 527424 528064 1
19-07-2017-10:07:08:160 528064 528704 1
19-07-2017-10:07:08:200 528704 529344 1
19-07-2017-10:07:08:247 529344 529984 1
19-07-2017-10:07:08:287 529984 530624 1
19-07-2017-10:07:08:316 530624 531264 1
19-07-2017-10:07:08:358 531264 531904 1
19-07-2017-10:07:08:398 531904 532544 1
19-07-2017-10:07:08:443 532544 533184 1
19-07-2017-10:07:08:726 533184 533824 1
19-07-2017-10:07:08:728 533824 534464 1
19-07-2017-10:07:08:728 534464 535104 1
19-07-2017-10:07:08:728 535104 535744 1
19-07-2017-10:07:08:728 535744 536384 1
19-07-2017-10:07:08:729 536384 537024 1
19-07-2017-10:07:08:729 537024 537664 1
19-07-2017-10:07:08:764 537664 538304 1
19-07-2017-10:07:08:804 538304 538944 1
19-07-2017-10:07:08:851 538944 539584 1
19-07-2017-10:07:08:881 539584 540224 1
19-07-2017-10:07:08:920 540224 540864 1
19-07-2017-10:07:08:961 540864 541504 1
19-07-2017-10:07:09:003 541504 542144 1
19-07-2017-10:07:09:052 542144 542784 1
19-07-2017-10:07:09:077 542784 543424 1
19-07-2017-10:07:09:118 543424 544064 1
19-07-2017-10:07:09:159 544064 544704 1
19-07-2017-10:07:09:203 544704 545344 1
19-07-2017-10:07:09:243 545344 545984 1
19-07-2017-10:07:09:289 545984 546624 1
19-07-2017-10:07:09:313 546624 547264 1
19-07-2017-10:07:09:360 547264 547904 1
19-07-2017-10:07:09:399 547904 548544 1
19-07-2017-10:07:09:441 548544 549184 1
19-07-2017-10:07:09:487 549184 549824 1
19-07-2017-10:07:09:528 549824 550464 1
19-07-2017-10:07:09:561 550464 551104 1
19-07-2017-10:07:09:599 551104 551744 1
19-07-2017-10:07:09:639 551744 552384 1
19-07-2017-10:07:09:685 552384 553024 1
19-07-2017-10:07:09:725 553024 553664 1
19-07-2017-10:07:09:755 553664 554304 1
19-07-2017-10:07:09:796 554304 554944 1
19-07-2017-10:07:09:864 554944 555584 1
19-07-2017-10:07:09:878 555584 556224 1
19-07-2017-10:07:09:923 556224 556864 1
19-07-2017-10:07:09:963 556864 557504 1
19-07-2017-10:07:10:004 557504 558144 1
19-07-2017-10:07:10:051 558144 558784 1
19-07-2017-10:07:10:075 558784 559424 1
19-07-2017-10:07:10:120 559424 560064 1
19-07-2017-10:07:10:162 560064 560704 1
19-07-2017-10:07:10:201 560704 561344 1
19-07-2017-10:07:10:247 561344 561984 1
19-07-2017-10:07:10:276 561984 562624 1
19-07-2017-10:07:10:316 562624 563264 1
19-07-2017-10:07:10:356 563264 563904 1
19-07-2017-10:07:10:404 563904 564544 1
19-07-2017-10:07:10:443 564544 565184 1
19-07-2017-10:07:10:486 565184 565824 1
19-07-2017-10:07:10:524 565824 566464 1
19-07-2017-10:07:10:553 566464 567104 1
19-07-2017-10:07:10:601 567104 567744 1
19-07-2017-10:07:10:642 567744 568384 1
19-07-2017-10:07:10:681 568384 569024 1
19-07-2017-10:07:10:715 569024 569664 1
19-07-2017-10:07:10:755 569664 570304 1
19-07-2017-10:07:10:795 570304 570944 1
19-07-2017-10:07:10:837 570944 571584 1
19-07-2017-10:07:10:883 571584 572224 1
19-07-2017-10:07:10:922 572224 572864 1
19-07-2017-10:07:10:964 572864 573504 1
19-07-2017-10:07:11:010 573504 574144 1
19-07-2017-10:07:11:050 574144 574784 1
19-07-2017-10:07:11:081 574784 575424 1
19-07-2017-10:07:11:119 575424 576064 1
19-07-2017-10:07:11:160 576064 576704 1
19-07-2017-10:07:11:206 576704 577344 1
19-07-2017-10:07:11:246 577344 577984 1
19-07-2017-10:07:11:274 577984 578624 1
19-07-2017-10:07:11:315 578624 579264 1
19-07-2017-10:07:11:357 579264 579904 1
19-07-2017-10:07:11:403 579904 580544 1
19-07-2017-10:07:11:442 580544 581184 1
19-07-2017-10:07:11:484 581184 581824 1
19-07-2017-10:07:11:524 581824 582464 1
19-07-2017-10:07:11:553 582464 583104 1
19-07-2017-10:07:11:594 583104 583744 1
19-07-2017-10:07:11:640 583744 584384 1
19-07-2017-10:07:11:683 584384 585024 1
19-07-2017-10:07:11:722 585024 585664 1
19-07-2017-10:07:11:768 585664 586304 1
19-07-2017-10:07:11:797 586304 586944 1
19-07-2017-10:07:11:837 586944 587584 1
19-07-2017-10:07:11:878 587584 588224 1
19-07-2017-10:07:11:919 588224 588864 1
19-07-2017-10:07:11:965 588864 589504 1
19-07-2017-10:07:11:995 589504 590144 1
19-07-2017-10:07:12:034 590144 590784 1
19-07-2017-10:07:12:076 590784 591424 1
19-07-2017-10:07:12:116 591424 592064 1
19-07-2017-10:07:12:163 592064 592704 1
19-07-2017-10:07:12:204 592704 593344 1
19-07-2017-10:07:12:244 593344 593984 1
19-07-2017-10:07:12:285 593984 594624 1
19-07-2017-10:07:12:314 594624 595264 1
19-07-2017-10:07:12:360 595264 595904 1
19-07-2017-10:07:12:401 595904 596544 1
19-07-2017-10:07:12:443 596544 597184 1
19-07-2017-10:07:12:484 597184 597824 1
19-07-2017-10:07:12:529 597824 598464 1
19-07-2017-10:07:12:569 598464 599104 1
19-07-2017-10:07:12:598 599104 599744 1
19-07-2017-10:07:12:638 599744 600384 1
19-07-2017-10:07:12:680 600384 601024 1
19-07-2017-10:07:12:725 601024 601664 1
19-07-2017-10:07:12:766 601664 602304 1
19-07-2017-10:07:12:796 602304 602944 1
19-07-2017-10:07:12:836 602944 603584 1
19-07-2017-10:07:12:877 603584 604224 1
19-07-2017-10:07:12:916 604224 604864 1
19-07-2017-10:07:12:962 604864 605504 1
19-07-2017-10:07:13:284 605504 606144 1
19-07-2017-10:07:13:288 606144 606784 1
19-07-2017-10:07:13:288 606784 607424 1
19-07-2017-10:07:13:288 607424 608064 1
19-07-2017-10:07:13:288 608064 608704 1
19-07-2017-10:07:13:288 608704 609344 1
19-07-2017-10:07:13:289 609344 609984 1
19-07-2017-10:07:13:289 609984 610624 1
19-07-2017-10:07:13:328 610624 611264 1
19-07-2017-10:07:13:356 611264 611904 1
19-07-2017-10:07:13:398 611904 612544 1
19-07-2017-10:07:13:439 612544 613184 1
19-07-2017-10:07:13:485 613184 613824 1
19-07-2017-10:07:13:525 613824 614464 1
19-07-2017-10:07:13:554 614464 615104 1
19-07-2017-10:07:13:594 615104 615744 1
19-07-2017-10:07:13:646 615744 616384 1
19-07-2017-10:07:13:674 616384 617024 1
19-07-2017-10:07:13:716 617024 617664 1
19-07-2017-10:07:13:756 617664 618304 1
19-07-2017-10:07:13:797 618304 618944 1
19-07-2017-10:07:13:838 618944 619584 1
19-07-2017-10:07:13:885 619584 620224 1
19-07-2017-10:07:13:924 620224 620864 1
19-07-2017-10:07:13:953 620864 621504 1
19-07-2017-10:07:13:994 621504 622144 1
19-07-2017-10:07:14:034 622144 622784 1
19-07-2017-10:07:14:081 622784 623424 1
19-07-2017-10:07:14:122 623424 624064 1
19-07-2017-10:07:14:162 624064 624704 1
19-07-2017-10:07:14:207 624704 625344 1
19-07-2017-10:07:14:248 625344 625984 1
19-07-2017-10:07:14:277 625984 626624 1
19-07-2017-10:07:14:319 626624 627264 1
19-07-2017-10:07:14:359 627264 627904 1
19-07-2017-10:07:14:405 627904 628544 1
19-07-2017-10:07:14:445 628544 629184 1
19-07-2017-10:07:14:476 629184 629824 1
19-07-2017-10:07:14:515 629824 630464 1
19-07-2017-10:07:14:556 630464 631104 1
19-07-2017-10:07:14:594 631104 631744 1
19-07-2017-10:07:14:641 631744 632384 1
19-07-2017-10:07:14:682 632384 633024 1
19-07-2017-10:07:14:722 633024 633664 1
19-07-2017-10:07:14:770 633664 634304 1
19-07-2017-10:07:14:809 634304 634944 1
19-07-2017-10:07:14:840 634944 635584 1
19-07-2017-10:07:14:879 635584 636224 1
19-07-2017-10:07:14:921 636224 636864 1
19-07-2017-10:07:14:967 636864 637504 1
19-07-2017-10:07:14:995 637504 638144 1
19-07-2017-10:07:15:035 638144 638784 1
19-07-2017-10:07:15:078 638784 639424 1
19-07-2017-10:07:15:117 639424 640064 1
19-07-2017-10:07:15:163 640064 640704 1
19-07-2017-10:07:15:205 640704 641344 1
19-07-2017-10:07:15:246 641344 641984 1
19-07-2017-10:07:15:274 641984 642624 1
19-07-2017-10:07:15:316 642624 643264 1
19-07-2017-10:07:15:356 643264 643904 1
19-07-2017-10:07:15:396 643904 644544 1
19-07-2017-10:07:15:443 644544 645184 1
19-07-2017-10:07:15:485 645184 645824 1
19-07-2017-10:07:15:523 645824 646464 1
19-07-2017-10:07:15:553 646464 647104 1
19-07-2017-10:07:15:595 647104 647744 1
19-07-2017-10:07:15:641 647744 648384 1
19-07-2017-10:07:15:681 648384 649024 1
19-07-2017-10:07:15:722 649024 649664 1
19-07-2017-10:07:15:763 649664 650304 1
19-07-2017-10:07:15:808 650304 650944 1
19-07-2017-10:07:15:836 650944 651584 1
19-07-2017-10:07:15:877 651584 652224 1
19-07-2017-10:07:15:919 652224 652864 1
19-07-2017-10:07:15:960 652864 653504 1
19-07-2017-10:07:16:006 653504 654144 1
19-07-2017-10:07:16:047 654144 654784 1
19-07-2017-10:07:16:075 654784 655424 1
19-07-2017-10:07:16:117 655424 656064 1
19-07-2017-10:07:16:157 656064 656704 1
19-07-2017-10:07:16:584 656704 657344 1
19-07-2017-10:07:16:585 657344 657984 1
19-07-2017-10:07:16:585 657984 658624 1
19-07-2017-10:07:16:585 658624 659264 1
19-07-2017-10:07:16:585 659264 659904 1
19-07-2017-10:07:16:585 659904 660544 1
19-07-2017-10:07:16:585 660544 661184 1
19-07-2017-10:07:16:586 661184 661824 1
19-07-2017-10:07:16:586 661824 662464 1
19-07-2017-10:07:16:586 662464 663104 1
19-07-2017-10:07:16:606 663104 663744 1
19-07-2017-10:07:16:634 663744 664384 1
19-07-2017-10:07:16:678 664384 665024 1
19-07-2017-10:07:16:719 665024 665664 1
19-07-2017-10:07:16:758 665664 666304 1
19-07-2017-10:07:16:798 666304 666944 1
19-07-2017-10:07:16:845 666944 667584 1
19-07-2017-10:07:16:885 667584 668224 1
19-07-2017-10:07:16:915 668224 668864 1
19-07-2017-10:07:16:955 668864 669504 1
19-07-2017-10:07:16:995 669504 670144 1
19-07-2017-10:07:17:043 670144 670784 1
19-07-2017-10:07:17:082 670784 671424 1
19-07-2017-10:07:17:123 671424 672064 1
19-07-2017-10:07:17:165 672064 672704 1
19-07-2017-10:07:17:196 672704 673344 1
19-07-2017-10:07:17:236 673344 673984 1
19-07-2017-10:07:17:280 673984 674624 1
19-07-2017-10:07:17:322 674624 675264 1
19-07-2017-10:07:17:361 675264 675904 1
19-07-2017-10:07:17:409 675904 676544 1
19-07-2017-10:07:17:450 676544 677184 1
19-07-2017-10:07:17:479 677184 677824 1
19-07-2017-10:07:17:518 677824 678464 1
19-07-2017-10:07:17:560 678464 679104 1
19-07-2017-10:07:17:663 679104 679744 1
19-07-2017-10:07:17:665 679744 680384 1
19-07-2017-10:07:17:677 680384 681024 1
19-07-2017-10:07:17:717 681024 681664 1
19-07-2017-10:07:17:772 681664 682304 1
19-07-2017-10:07:17:796 682304 682944 1
19-07-2017-10:07:17:845 682944 683584 1
19-07-2017-10:07:17:884 683584 684224 1
19-07-2017-10:07:17:914 684224 684864 1
19-07-2017-10:07:17:954 684864 685504 1
19-07-2017-10:07:17:996 685504 686144 1
19-07-2017-10:07:18:042 686144 686784 1
19-07-2017-10:07:18:084 686784 687424 1
19-07-2017-10:07:18:123 687424 688064 1
19-07-2017-10:07:18:164 688064 688704 1
19-07-2017-10:07:18:198 688704 689344 1
19-07-2017-10:07:18:240 689344 689984 1
19-07-2017-10:07:18:280 689984 690624 1
19-07-2017-10:07:18:325 690624 691264 1
19-07-2017-10:07:18:365 691264 691904 1
19-07-2017-10:07:18:395 691904 692544 1
19-07-2017-10:07:18:435 692544 693184 1
19-07-2017-10:07:18:476 693184 693824 1
19-07-2017-10:07:18:516 693824 694464 1
19-07-2017-10:07:18:561 694464 695104 1
19-07-2017-10:07:18:603 695104 695744 1
19-07-2017-10:07:18:644 695744 696384 1
19-07-2017-10:07:18:689 696384 697024 1
19-07-2017-10:07:18:719 697024 697664 1
19-07-2017-10:07:18:759 697664 698304 1
19-07-2017-10:07:18:800 698304 698944 1
19-07-2017-10:07:18:841 698944 699584 1
19-07-2017-10:07:18:883 699584 700224 1
19-07-2017-10:07:18:929 700224 700864 1
19-07-2017-10:07:18:956 700864 701504 1
19-07-2017-10:07:18:998 701504 702144 1
19-07-2017-10:07:19:038 702144 702784 1
19-07-2017-10:07:19:079 702784 703424 1
19-07-2017-10:07:19:126 703424 704064 1
19-07-2017-10:07:19:167 704064 704704 1
19-07-2017-10:07:19:196 704704 705344 1
19-07-2017-10:07:19:237 705344 705984 1
19-07-2017-10:07:19:278 705984 706624 1
19-07-2017-10:07:19:324 706624 707264 1
19-07-2017-10:07:19:364 707264 707904 1
19-07-2017-10:07:19:405 707904 708544 1
19-07-2017-10:07:19:433 708544 709184 1
19-07-2017-10:07:19:473 709184 709824 1
19-07-2017-10:07:19:514 709824 710464 1
19-07-2017-10:07:19:560 710464 711104 1
19-07-2017-10:07:19:601 711104 711744 1
19-07-2017-10:07:19:641 711744 712384 1
19-07-2017-10:07:19:682 712384 713024 1
19-07-2017-10:07:19:723 713024 713664 1
19-07-2017-10:07:19:765 713664 714304 1
19-07-2017-10:07:19:793 714304 714944 1
19-07-2017-10:07:19:833 714944 715584 1
19-07-2017-10:07:19:879 715584 716224 1
19-07-2017-10:07:19:921 716224 716864 1
19-07-2017-10:07:19:961 716864 717504 1
19-07-2017-10:07:20:001 717504 718144 1
19-07-2017-10:07:20:047 718144 718784 1
19-07-2017-10:07:20:077 718784 719424 1
19-07-2017-10:07:20:117 719424 720064 1
19-07-2017-10:07:20:157 720064 720704 1
19-07-2017-10:07:20:198 720704 721344 1
19-07-2017-10:07:20:240 721344 721984 1
19-07-2017-10:07:20:286 721984 722624 1
19-07-2017-10:07:20:315 722624 723264 1
19-07-2017-10:07:20:354 723264 723904 1
19-07-2017-10:07:20:401 723904 724544 1
19-07-2017-10:07:20:436 724544 725184 1
19-07-2017-10:07:20:477 725184 725824 1
19-07-2017-10:07:20:523 725824 726464 1
19-07-2017-10:07:20:564 726464 727104 1
19-07-2017-10:07:20:593 727104 727744 1
19-07-2017-10:07:20:634 727744 728384 1
19-07-2017-10:07:20:675 728384 729024 1
19-07-2017-10:07:20:716 729024 729664 1
19-07-2017-10:07:20:860 729664 730304 1
19-07-2017-10:07:20:861 730304 730944 1
19-07-2017-10:07:20:861 730944 731584 1
19-07-2017-10:07:20:883 731584 732224 1
19-07-2017-10:07:20:913 732224 732864 1
19-07-2017-10:07:20:953 732864 733504 1
19-07-2017-10:07:21:002 733504 734144 1
19-07-2017-10:07:21:041 734144 734784 1
19-07-2017-10:07:21:079 734784 735424 1
19-07-2017-10:07:21:122 735424 736064 1
19-07-2017-10:07:21:168 736064 736704 1
19-07-2017-10:07:21:196 736704 737344 1
19-07-2017-10:07:21:237 737344 737984 1
19-07-2017-10:07:21:281 737984 738624 1
19-07-2017-10:07:21:322 738624 739264 1
19-07-2017-10:07:21:362 739264 739904 1
19-07-2017-10:07:21:405 739904 740544 1
19-07-2017-10:07:21:449 740544 741184 1
19-07-2017-10:07:21:474 741184 741824 1
19-07-2017-10:07:21:519 741824 742464 1
19-07-2017-10:07:21:560 742464 743104 1
19-07-2017-10:07:21:600 743104 743744 1
19-07-2017-10:07:21:646 743744 744384 1
19-07-2017-10:07:21:687 744384 745024 1
19-07-2017-10:07:21:717 745024 745664 1
19-07-2017-10:07:21:757 745664 746304 1
19-07-2017-10:07:21:798 746304 746944 1
19-07-2017-10:07:21:838 746944 747584 1
19-07-2017-10:07:21:885 747584 748224 1
19-07-2017-10:07:21:926 748224 748864 1
19-07-2017-10:07:21:953 748864 749504 1
19-07-2017-10:07:21:994 749504 750144 1
19-07-2017-10:07:22:035 750144 750784 1
19-07-2017-10:07:22:077 750784 751424 1
19-07-2017-10:07:22:121 751424 752064 1
19-07-2017-10:07:22:162 752064 752704 1
19-07-2017-10:07:22:204 752704 753344 1
19-07-2017-10:07:22:243 753344 753984 1
19-07-2017-10:07:22:275 753984 754624 1
19-07-2017-10:07:22:320 754624 755264 1
19-07-2017-10:07:22:361 755264 755904 1
19-07-2017-10:07:22:401 755904 756544 1
19-07-2017-10:07:22:442 756544 757184 1
19-07-2017-10:07:22:488 757184 757824 1
19-07-2017-10:07:22:529 757824 758464 1
19-07-2017-10:07:22:558 758464 759104 1
19-07-2017-10:07:22:599 759104 759744 1
19-07-2017-10:07:22:638 759744 760384 1
19-07-2017-10:07:22:680 760384 761024 1
19-07-2017-10:07:22:714 761024 761664 1
19-07-2017-10:07:22:754 761664 762304 1
19-07-2017-10:07:22:796 762304 762944 1
19-07-2017-10:07:22:841 762944 763584 1
19-07-2017-10:07:22:882 763584 764224 1
19-07-2017-10:07:22:921 764224 764864 1
19-07-2017-10:07:22:963 764864 765504 1
19-07-2017-10:07:23:009 765504 766144 1
19-07-2017-10:07:23:033 766144 766784 1
19-07-2017-10:07:23:079 766784 767424 1
19-07-2017-10:07:23:120 767424 768064 1
19-07-2017-10:07:23:161 768064 768704 1
19-07-2017-10:07:23:200 768704 769344 1
19-07-2017-10:07:23:248 769344 769984 1
19-07-2017-10:07:23:276 769984 770624 1
19-07-2017-10:07:23:317 770624 771264 1
19-07-2017-10:07:23:358 771264 771904 1
19-07-2017-10:07:23:399 771904 772544 1
19-07-2017-10:07:23:441 772544 773184 1
19-07-2017-10:07:23:487 773184 773824 1
19-07-2017-10:07:23:515 773824 774464 1
19-07-2017-10:07:23:556 774464 775104 1
19-07-2017-10:07:23:597 775104 775744 1
19-07-2017-10:07:23:638 775744 776384 1
19-07-2017-10:07:23:682 776384 777024 1
19-07-2017-10:07:23:724 777024 777664 1
19-07-2017-10:07:23:763 777664 778304 1
19-07-2017-10:07:23:804 778304 778944 1
19-07-2017-10:07:23:833 778944 779584 1
19-07-2017-10:07:23:874 779584 780224 1
19-07-2017-10:07:24:229 780224 780864 1
19-07-2017-10:07:24:231 780864 781504 1
19-07-2017-10:07:24:231 781504 782144 1
19-07-2017-10:07:24:231 782144 782784 1
19-07-2017-10:07:24:231 782784 783424 1
19-07-2017-10:07:24:231 783424 784064 1
19-07-2017-10:07:24:232 784064 784704 1
19-07-2017-10:07:24:232 784704 785344 1
19-07-2017-10:07:24:244 785344 785984 1
19-07-2017-10:07:24:285 785984 786624 1
19-07-2017-10:07:24:316 786624 787264 1
19-07-2017-10:07:24:354 787264 787904 1
19-07-2017-10:07:24:395 787904 788544 1
19-07-2017-10:07:24:434 788544 789184 1
19-07-2017-10:07:24:481 789184 789824 1
19-07-2017-10:07:24:523 789824 790464 1
19-07-2017-10:07:24:563 790464 791104 1
19-07-2017-10:07:24:608 791104 791744 1
19-07-2017-10:07:24:649 791744 792384 1
19-07-2017-10:07:24:679 792384 793024 1
19-07-2017-10:07:24:720 793024 793664 1
19-07-2017-10:07:24:759 793664 794304 1
19-07-2017-10:07:24:799 794304 794944 1
19-07-2017-10:07:24:845 794944 795584 1
19-07-2017-10:07:24:875 795584 796224 1
19-07-2017-10:07:24:915 796224 796864 1
19-07-2017-10:07:24:955 796864 797504 1
19-07-2017-10:07:24:995 797504 798144 1
19-07-2017-10:07:25:042 798144 798784 1
19-07-2017-10:07:25:083 798784 799424 1
19-07-2017-10:07:25:123 799424 800064 1
19-07-2017-10:07:25:164 800064 800704 1
19-07-2017-10:07:25:195 800704 801344 1
19-07-2017-10:07:25:238 801344 801984 1
19-07-2017-10:07:25:279 801984 802624 1
19-07-2017-10:07:25:321 802624 803264 1
19-07-2017-10:07:25:361 803264 803904 1
19-07-2017-10:07:25:401 803904 804544 1
19-07-2017-10:07:25:447 804544 805184 1
19-07-2017-10:07:25:478 805184 805824 1
19-07-2017-10:07:25:518 805824 806464 1
19-07-2017-10:07:25:558 806464 807104 1
19-07-2017-10:07:25:598 807104 807744 1
19-07-2017-10:07:25:646 807744 808384 1
19-07-2017-10:07:25:673 808384 809024 1
19-07-2017-10:07:25:726 809024 809664 1
19-07-2017-10:07:25:766 809664 810304 1
19-07-2017-10:07:25:795 810304 810944 1
19-07-2017-10:07:25:836 810944 811584 1
19-07-2017-10:07:25:876 811584 812224 1
19-07-2017-10:07:25:918 812224 812864 1
19-07-2017-10:07:25:964 812864 813504 1
19-07-2017-10:07:26:004 813504 814144 1
19-07-2017-10:07:26:033 814144 814784 1
19-07-2017-10:07:26:074 814784 815424 1
19-07-2017-10:07:26:117 815424 816064 1
19-07-2017-10:07:26:162 816064 816704 1
19-07-2017-10:07:26:203 816704 817344 1
19-07-2017-10:07:26:242 817344 817984 1
19-07-2017-10:07:26:283 817984 818624 1
19-07-2017-10:07:26:330 818624 819264 1
19-07-2017-10:07:26:361 819264 819904 1
19-07-2017-10:07:26:400 819904 820544 1
19-07-2017-10:07:26:439 820544 821184 1
19-07-2017-10:07:26:480 821184 821824 1
19-07-2017-10:07:26:527 821824 822464 1
19-07-2017-10:07:26:568 822464 823104 1
19-07-2017-10:07:26:597 823104 823744 1
19-07-2017-10:07:26:636 823744 824384 1
19-07-2017-10:07:26:679 824384 825024 1
19-07-2017-10:07:26:724 825024 825664 1
19-07-2017-10:07:26:764 825664 826304 1
19-07-2017-10:07:26:794 826304 826944 1
19-07-2017-10:07:26:834 826944 827584 1
19-07-2017-10:07:26:875 827584 828224 1
19-07-2017-10:07:26:922 828224 828864 1
19-07-2017-10:07:26:960 828864 829504 1
19-07-2017-10:07:27:002 829504 830144 1
19-07-2017-10:07:27:048 830144 830784 1
19-07-2017-10:07:27:090 830784 831424 1
19-07-2017-10:07:27:118 831424 832064 1
19-07-2017-10:07:27:158 832064 832704 1
19-07-2017-10:07:27:203 832704 833344 1
19-07-2017-10:07:27:246 833344 833984 1
19-07-2017-10:07:27:274 833984 834624 1
19-07-2017-10:07:27:405 834624 835264 1
19-07-2017-10:07:27:406 835264 835904 1
19-07-2017-10:07:27:406 835904 836544 1
19-07-2017-10:07:27:442 836544 837184 1
19-07-2017-10:07:27:489 837184 837824 1
19-07-2017-10:07:27:529 837824 838464 1
19-07-2017-10:07:27:559 838464 839104 1
19-07-2017-10:07:27:601 839104 839744 1
19-07-2017-10:07:27:641 839744 840384 1
19-07-2017-10:07:27:686 840384 841024 1
19-07-2017-10:07:27:728 841024 841664 1
19-07-2017-10:07:27:756 841664 842304 1
19-07-2017-10:07:27:797 842304 842944 1
19-07-2017-10:07:27:839 842944 843584 1
19-07-2017-10:07:27:883 843584 844224 1
19-07-2017-10:07:27:925 844224 844864 1
19-07-2017-10:07:27:954 844864 845504 1
19-07-2017-10:07:27:994 845504 846144 1
19-07-2017-10:07:28:035 846144 846784 1
19-07-2017-10:07:28:074 846784 847424 1
19-07-2017-10:07:28:121 847424 848064 1
19-07-2017-10:07:28:161 848064 848704 1
19-07-2017-10:07:28:202 848704 849344 1
19-07-2017-10:07:28:247 849344 849984 1
19-07-2017-10:07:28:289 849984 850624 1
19-07-2017-10:07:28:316 850624 851264 1
19-07-2017-10:07:28:359 851264 851904 1
19-07-2017-10:07:28:399 851904 852544 1
19-07-2017-10:07:28:440 852544 853184 1
19-07-2017-10:07:28:487 853184 853824 1
19-07-2017-10:07:28:514 853824 854464 1
19-07-2017-10:07:28:555 854464 855104 1
19-07-2017-10:07:28:597 855104 855744 1
19-07-2017-10:07:28:638 855744 856384 1
19-07-2017-10:07:28:683 856384 857024 1
19-07-2017-10:07:28:716 857024 857664 1
19-07-2017-10:07:28:754 857664 858304 1
19-07-2017-10:07:28:796 858304 858944 1
19-07-2017-10:07:28:842 858944 859584 1
19-07-2017-10:07:28:883 859584 860224 1
19-07-2017-10:07:28:922 860224 860864 1
19-07-2017-10:07:28:964 860864 861504 1
19-07-2017-10:07:28:992 861504 862144 1
19-07-2017-10:07:29:040 862144 862784 1
19-07-2017-10:07:29:082 862784 863424 1
19-07-2017-10:07:29:119 863424 864064 1
19-07-2017-10:07:29:161 864064 864704 1
19-07-2017-10:07:29:207 864704 865344 1
19-07-2017-10:07:29:237 865344 865984 1
19-07-2017-10:07:29:277 865984 866624 1
19-07-2017-10:07:29:319 866624 867264 1
19-07-2017-10:07:29:359 867264 867904 1
19-07-2017-10:07:29:406 867904 868544 1
19-07-2017-10:07:29:446 868544 869184 1
19-07-2017-10:07:29:475 869184 869824 1
19-07-2017-10:07:29:517 869824 870464 1
19-07-2017-10:07:29:556 870464 871104 1
19-07-2017-10:07:29:597 871104 871744 1
19-07-2017-10:07:29:642 871744 872384 1
19-07-2017-10:07:29:686 872384 873024 1
19-07-2017-10:07:29:723 873024 873664 1
19-07-2017-10:07:29:753 873664 874304 1
19-07-2017-10:07:29:793 874304 874944 1
19-07-2017-10:07:29:839 874944 875584 1
19-07-2017-10:07:29:881 875584 876224 1
19-07-2017-10:07:29:920 876224 876864 1
19-07-2017-10:07:29:961 876864 877504 1
19-07-2017-10:07:30:007 877504 878144 1
19-07-2017-10:07:30:048 878144 878784 1
19-07-2017-10:07:30:078 878784 879424 1
19-07-2017-10:07:30:118 879424 880064 1
19-07-2017-10:07:30:158 880064 880704 1
19-07-2017-10:07:30:205 880704 881344 1
19-07-2017-10:07:30:232 881344 881984 1
19-07-2017-10:07:30:273 881984 882624 1
19-07-2017-10:07:30:318 882624 883264 1
19-07-2017-10:07:30:360 883264 883904 1
19-07-2017-10:07:30:402 883904 884544 1
19-07-2017-10:07:30:447 884544 885184 1
19-07-2017-10:07:30:703 885184 885824 1
19-07-2017-10:07:30:707 885824 886464 1
19-07-2017-10:07:30:707 886464 887104 1
19-07-2017-10:07:30:708 887104 887744 1
19-07-2017-10:07:30:708 887744 888384 1
19-07-2017-10:07:30:708 888384 889024 1
19-07-2017-10:07:30:725 889024 889664 1
19-07-2017-10:07:30:754 889664 890304 1
19-07-2017-10:07:30:794 890304 890944 1
19-07-2017-10:07:30:833 890944 891584 1
19-07-2017-10:07:30:879 891584 892224 1
19-07-2017-10:07:30:921 892224 892864 1
19-07-2017-10:07:30:960 892864 893504 1
19-07-2017-10:07:31:001 893504 894144 1
19-07-2017-10:07:31:047 894144 894784 1
19-07-2017-10:07:31:076 894784 895424 1
19-07-2017-10:07:31:118 895424 896064 1
19-07-2017-10:07:31:163 896064 896704 1
19-07-2017-10:07:31:205 896704 897344 1
19-07-2017-10:07:31:246 897344 897984 1
19-07-2017-10:07:31:285 897984 898624 1
19-07-2017-10:07:31:313 898624 899264 1
19-07-2017-10:07:31:354 899264 899904 1
19-07-2017-10:07:31:396 899904 900544 1
19-07-2017-10:07:31:441 900544 901184 1
19-07-2017-10:07:31:481 901184 901824 1
19-07-2017-10:07:31:522 901824 902464 1
19-07-2017-10:07:31:563 902464 903104 1
19-07-2017-10:07:31:609 903104 903744 1
19-07-2017-10:07:31:638 903744 904384 1
19-07-2017-10:07:31:677 904384 905024 1
19-07-2017-10:07:31:722 905024 905664 1
19-07-2017-10:07:31:763 905664 906304 1
19-07-2017-10:07:31:802 906304 906944 1
19-07-2017-10:07:31:848 906944 907584 1
19-07-2017-10:07:31:879 907584 908224 1
19-07-2017-10:07:31:917 908224 908864 1
19-07-2017-10:07:31:960 908864 909504 1
19-07-2017-10:07:31:999 909504 910144 1
19-07-2017-10:07:32:048 910144 910784 1
19-07-2017-10:07:32:087 910784 911424 1
19-07-2017-10:07:32:115 911424 912064 1
19-07-2017-10:07:32:156 912064 912704 1
19-07-2017-10:07:32:198 912704 913344 1
19-07-2017-10:07:32:236 913344 913984 1
19-07-2017-10:07:32:282 913984 914624 1
19-07-2017-10:07:32:322 914624 915264 1
19-07-2017-10:07:32:364 915264 915904 1
19-07-2017-10:07:32:392 915904 916544 1
19-07-2017-10:07:32:433 916544 917184 1
19-07-2017-10:07:32:479 917184 917824 1
