19-07-2017-16:37:43:818 0 720 1
19-07-2017-16:37:43:868 720 1440 1
19-07-2017-16:37:43:912 1440 2160 1
19-07-2017-16:37:43:952 2160 2880 1
19-07-2017-16:37:43:991 2880 3600 1
19-07-2017-16:37:44:043 3600 4304 1
19-07-2017-16:37:44:078 4304 5008 1
19-07-2017-16:37:44:126 5008 5712 1
19-07-2017-16:37:44:171 5712 6416 1
19-07-2017-16:37:44:211 6416 7120 1
19-07-2017-16:37:44:258 7120 7824 1
19-07-2017-16:37:44:297 7824 8528 1
19-07-2017-16:37:44:349 8528 9200 1
19-07-2017-16:37:44:398 9200 9872 1
19-07-2017-16:37:44:447 9872 10544 1
19-07-2017-16:37:44:471 10544 11216 1
19-07-2017-16:37:44:513 11216 11888 1
19-07-2017-16:37:44:550 11888 12560 1
19-07-2017-16:37:44:601 12560 13232 1
19-07-2017-16:37:44:642 13232 13904 1
19-07-2017-16:37:44:689 13904 14576 1
19-07-2017-16:37:44:729 14576 15248 1
19-07-2017-16:37:44:770 15248 15920 1
19-07-2017-16:37:44:811 15920 16592 1
19-07-2017-16:37:44:852 16592 17264 1
19-07-2017-16:37:44:898 17264 17936 1
19-07-2017-16:37:44:938 17936 18608 1
19-07-2017-16:37:44:980 18608 19280 1
19-07-2017-16:37:45:022 19280 19952 1
19-07-2017-16:37:45:054 19952 20624 1
19-07-2017-16:37:45:095 20624 21296 1
19-07-2017-16:37:45:146 21296 21952 1
19-07-2017-16:37:45:177 21952 22608 1
19-07-2017-16:37:45:223 22608 23264 1
19-07-2017-16:37:45:264 23264 23920 1
19-07-2017-16:37:45:304 23920 24576 1
19-07-2017-16:37:45:346 24576 25232 1
19-07-2017-16:37:45:387 25232 25888 1
19-07-2017-16:37:45:433 25888 26544 1
19-07-2017-16:37:45:474 26544 27200 1
19-07-2017-16:37:45:514 27200 27856 1
19-07-2017-16:37:45:555 27856 28512 1
19-07-2017-16:37:45:601 28512 29168 1
19-07-2017-16:37:45:642 29168 29824 1
19-07-2017-16:37:45:671 29824 30480 1
19-07-2017-16:37:45:715 30480 31136 1
19-07-2017-16:37:45:755 31136 31792 1
19-07-2017-16:37:45:805 31792 32448 1
19-07-2017-16:37:45:846 32448 33104 1
19-07-2017-16:37:45:874 33104 33760 1
19-07-2017-16:37:45:929 33760 34400 1
19-07-2017-16:37:45:956 34400 35040 1
19-07-2017-16:37:45:996 35040 35680 1
19-07-2017-16:37:46:038 35680 36320 1
19-07-2017-16:37:46:084 36320 36960 1
19-07-2017-16:37:46:123 36960 37600 1
19-07-2017-16:37:46:165 37600 38240 1
19-07-2017-16:37:46:194 38240 38880 1
19-07-2017-16:37:46:234 38880 39520 1
19-07-2017-16:37:46:276 39520 40160 1
19-07-2017-16:37:46:319 40160 40800 1
19-07-2017-16:37:46:366 40800 41440 1
19-07-2017-16:37:46:394 41440 42080 1
19-07-2017-16:37:46:436 42080 42720 1
19-07-2017-16:37:46:476 42720 43360 1
19-07-2017-16:37:46:516 43360 44000 1
19-07-2017-16:37:46:563 44000 44640 1
19-07-2017-16:37:46:604 44640 45280 1
19-07-2017-16:37:46:644 45280 45920 1
19-07-2017-16:37:46:689 45920 46560 1
19-07-2017-16:37:46:730 46560 47200 1
19-07-2017-16:37:46:759 47200 47840 1
19-07-2017-16:37:46:800 47840 48480 1
19-07-2017-16:37:46:840 48480 49120 1
19-07-2017-16:37:46:880 49120 49760 1
19-07-2017-16:37:47:032 49760 50400 1
19-07-2017-16:37:47:032 50400 51040 1
19-07-2017-16:37:47:033 51040 51680 1
19-07-2017-16:37:47:038 51680 52320 1
19-07-2017-16:37:47:079 52320 52960 1
19-07-2017-16:37:47:119 52960 53600 1
19-07-2017-16:37:47:166 53600 54240 1
19-07-2017-16:37:47:208 54240 54880 1
19-07-2017-16:37:47:236 54880 55520 1
19-07-2017-16:37:47:277 55520 56160 1
19-07-2017-16:37:47:317 56160 56800 1
19-07-2017-16:37:47:357 56800 57440 1
19-07-2017-16:37:47:400 57440 58080 1
19-07-2017-16:37:47:446 58080 58720 1
19-07-2017-16:37:47:488 58720 59360 1
19-07-2017-16:37:47:516 59360 60000 1
19-07-2017-16:37:47:557 60000 60640 1
19-07-2017-16:37:47:597 60640 61280 1
19-07-2017-16:37:47:638 61280 61920 1
19-07-2017-16:37:47:679 61920 62560 1
19-07-2017-16:37:47:720 62560 63200 1
19-07-2017-16:37:47:767 63200 63840 1
19-07-2017-16:37:47:807 63840 64480 1
19-07-2017-16:37:47:843 64480 65120 1
19-07-2017-16:37:47:889 65120 65760 1
19-07-2017-16:37:47:930 65760 66400 1
19-07-2017-16:37:47:958 66400 67040 1
19-07-2017-16:37:47:998 67040 67680 1
19-07-2017-16:37:48:040 67680 68320 1
19-07-2017-16:37:48:080 68320 68960 1
