07-07-2017-12:14:14:597 0 800 1
07-07-2017-12:14:14:649 800 1547 1
07-07-2017-12:14:14:688 1547 2294 1
07-07-2017-12:14:14:738 2294 3041 1
07-07-2017-12:14:14:785 3041 3788 1
07-07-2017-12:14:14:833 3788 4535 1
07-07-2017-12:14:14:883 4535 5282 1
07-07-2017-12:14:14:930 5282 6029 1
07-07-2017-12:14:14:976 6029 6776 1
07-07-2017-12:14:15:023 6776 7523 1
07-07-2017-12:14:15:066 7523 8270 1
07-07-2017-12:14:15:116 8270 9017 1
07-07-2017-12:14:15:161 9017 9764 1
07-07-2017-12:14:15:208 9764 10511 1
07-07-2017-12:14:15:256 10511 11258 1
07-07-2017-12:14:15:302 11258 12005 1
07-07-2017-12:14:15:351 12005 12752 1
07-07-2017-12:14:15:395 12752 13499 1
07-07-2017-12:14:15:447 13499 14246 1
07-07-2017-12:14:15:485 14246 14993 1
07-07-2017-12:14:15:532 14993 15740 1
07-07-2017-12:14:15:578 15740 16487 1
07-07-2017-12:14:15:626 16487 17234 1
07-07-2017-12:14:15:672 17234 17981 1
07-07-2017-12:14:15:719 17981 18728 1
07-07-2017-12:14:15:765 18728 19475 1
07-07-2017-12:14:15:812 19475 20222 1
07-07-2017-12:14:15:865 20222 20840 1
07-07-2017-12:14:15:888 20840 21458 1
07-07-2017-12:14:15:935 21458 22076 1
07-07-2017-12:14:15:971 22076 22694 1
07-07-2017-12:14:16:006 22694 23312 1
07-07-2017-12:14:16:053 23312 23930 1
07-07-2017-12:14:16:086 23930 24548 1
07-07-2017-12:14:16:121 24548 25166 1
07-07-2017-12:14:16:163 25166 25784 1
07-07-2017-12:14:16:209 25784 26402 1
07-07-2017-12:14:16:236 26402 27020 1
07-07-2017-12:14:16:283 27020 27638 1
07-07-2017-12:14:16:318 27638 28256 1
07-07-2017-12:14:16:353 28256 28874 1
07-07-2017-12:14:16:388 28874 29492 1
07-07-2017-12:14:16:434 29492 30110 1
07-07-2017-12:14:16:471 30110 30728 1
07-07-2017-12:14:16:510 30728 31346 1
07-07-2017-12:14:16:551 31346 31964 1
07-07-2017-12:14:16:588 31964 32582 1
07-07-2017-12:14:16:626 32582 33200 1
07-07-2017-12:14:16:669 33200 33818 1
07-07-2017-12:14:16:713 33818 34436 1
07-07-2017-12:14:16:739 34436 35054 1
07-07-2017-12:14:16:780 35054 35672 1
07-07-2017-12:14:16:822 35672 36290 1
07-07-2017-12:14:16:853 36290 36908 1
07-07-2017-12:14:16:893 36908 37526 1
07-07-2017-12:14:16:938 37526 38144 1
07-07-2017-12:14:16:974 38144 38762 1
07-07-2017-12:14:17:009 38762 39380 1
07-07-2017-12:14:17:055 39380 39998 1
07-07-2017-12:14:17:091 39998 40616 1
07-07-2017-12:14:17:131 40616 41234 1
07-07-2017-12:14:17:164 41234 41852 1
07-07-2017-12:14:17:201 41852 42470 1
07-07-2017-12:14:17:247 42470 43088 1
07-07-2017-12:14:17:282 43088 43706 1
07-07-2017-12:14:17:318 43706 44324 1
07-07-2017-12:14:17:355 44324 44942 1
07-07-2017-12:14:17:401 44942 45560 1
07-07-2017-12:14:17:441 45560 46178 1
07-07-2017-12:14:17:475 46178 46796 1
07-07-2017-12:14:17:511 46796 47414 1
07-07-2017-12:14:17:557 47414 48032 1
07-07-2017-12:14:17:592 48032 48650 1
07-07-2017-12:14:17:627 48650 49268 1
07-07-2017-12:14:17:673 49268 49886 1
07-07-2017-12:14:17:906 49886 50504 1
07-07-2017-12:14:17:907 50504 51122 1
07-07-2017-12:14:17:907 51122 51740 1
07-07-2017-12:14:17:907 51740 52358 1
07-07-2017-12:14:17:910 52358 52976 1
07-07-2017-12:14:17:910 52976 53594 1
07-07-2017-12:14:17:943 53594 54212 1
07-07-2017-12:14:17:974 54212 54830 1
07-07-2017-12:14:18:020 54830 55448 1
07-07-2017-12:14:18:055 55448 56066 1
07-07-2017-12:14:18:092 56066 56684 1
07-07-2017-12:14:18:137 56684 57302 1
07-07-2017-12:14:18:173 57302 57920 1
07-07-2017-12:14:18:207 57920 58538 1
07-07-2017-12:14:18:243 58538 59156 1
07-07-2017-12:14:18:290 59156 59774 1
07-07-2017-12:14:18:328 59774 60392 1
07-07-2017-12:14:18:368 60392 61010 1
07-07-2017-12:14:18:403 61010 61628 1
07-07-2017-12:14:18:437 61628 62246 1
07-07-2017-12:14:18:482 62246 62864 1
07-07-2017-12:14:18:519 62864 63482 1
07-07-2017-12:14:18:553 63482 64100 1
07-07-2017-12:14:18:600 64100 64718 1
07-07-2017-12:14:18:640 64718 65336 1
07-07-2017-12:14:18:673 65336 65954 1
07-07-2017-12:14:18:708 65954 66572 1
07-07-2017-12:14:18:755 66572 67190 1
07-07-2017-12:14:18:791 67190 67808 1
07-07-2017-12:14:18:826 67808 68426 1
07-07-2017-12:14:18:861 68426 69044 1
07-07-2017-12:14:18:907 69044 69662 1
07-07-2017-12:14:18:942 69662 70280 1
07-07-2017-12:14:18:979 70280 70898 1
07-07-2017-12:14:19:025 70898 71516 1
07-07-2017-12:14:19:059 71516 72134 1
07-07-2017-12:14:19:095 72134 72752 1
07-07-2017-12:14:19:141 72752 73370 1
07-07-2017-12:14:19:177 73370 73988 1
07-07-2017-12:14:19:211 73988 74606 1
07-07-2017-12:14:19:257 74606 75224 1
07-07-2017-12:14:19:292 75224 75842 1
07-07-2017-12:14:19:328 75842 76460 1
07-07-2017-12:14:19:367 76460 77078 1
07-07-2017-12:14:19:408 77078 77696 1
07-07-2017-12:14:19:449 77696 78314 1
07-07-2017-12:14:19:482 78314 78932 1
07-07-2017-12:14:19:516 78932 79550 1
07-07-2017-12:14:19:564 79550 80168 1
07-07-2017-12:14:19:600 80168 80786 1
07-07-2017-12:14:19:634 80786 81404 1
07-07-2017-12:14:19:682 81404 82022 1
07-07-2017-12:14:19:718 82022 82640 1
07-07-2017-12:14:19:752 82640 83258 1
07-07-2017-12:14:19:798 83258 83876 1
07-07-2017-12:14:19:832 83876 84494 1
07-07-2017-12:14:19:868 84494 85112 1
07-07-2017-12:14:19:914 85112 85730 1
07-07-2017-12:14:19:951 85730 86348 1
07-07-2017-12:14:19:992 86348 86966 1
07-07-2017-12:14:20:026 86966 87584 1
07-07-2017-12:14:20:061 87584 88202 1
07-07-2017-12:14:20:107 88202 88820 1
07-07-2017-12:14:20:142 88820 89438 1
07-07-2017-12:14:20:177 89438 90056 1
07-07-2017-12:14:20:212 90056 90674 1
07-07-2017-12:14:20:260 90674 91292 1
07-07-2017-12:14:20:293 91292 91910 1
07-07-2017-12:14:20:330 91910 92528 1
07-07-2017-12:14:20:371 92528 93146 1
07-07-2017-12:14:20:411 93146 93764 1
07-07-2017-12:14:20:446 93764 94382 1
07-07-2017-12:14:20:494 94382 95000 1
07-07-2017-12:14:20:529 95000 95618 1
07-07-2017-12:14:20:563 95618 96236 1
07-07-2017-12:14:20:598 96236 96854 1
07-07-2017-12:14:20:645 96854 97472 1
07-07-2017-12:14:20:680 97472 98090 1
07-07-2017-12:14:20:716 98090 98708 1
07-07-2017-12:14:20:761 98708 99326 1
07-07-2017-12:14:20:797 99326 99944 1
07-07-2017-12:14:21:000 99944 100562 1
07-07-2017-12:14:21:001 100562 101180 1
07-07-2017-12:14:21:001 101180 101798 1
07-07-2017-12:14:21:001 101798 102416 1
07-07-2017-12:14:21:002 102416 103034 1
07-07-2017-12:14:21:025 103034 103652 1
07-07-2017-12:14:21:072 103652 104270 1
07-07-2017-12:14:21:106 104270 104888 1
07-07-2017-12:14:21:142 104888 105506 1
07-07-2017-12:14:21:192 105506 106124 1
07-07-2017-12:14:21:225 106124 106742 1
07-07-2017-12:14:21:258 106742 107360 1
07-07-2017-12:14:21:295 107360 107978 1
07-07-2017-12:14:21:341 107978 108596 1
07-07-2017-12:14:21:376 108596 109214 1
07-07-2017-12:14:21:413 109214 109832 1
07-07-2017-12:14:21:457 109832 110450 1
07-07-2017-12:14:21:492 110450 111068 1
07-07-2017-12:14:21:528 111068 111686 1
07-07-2017-12:14:21:575 111686 112304 1
07-07-2017-12:14:21:614 112304 112922 1
07-07-2017-12:14:21:649 112922 113540 1
07-07-2017-12:14:21:683 113540 114158 1
07-07-2017-12:14:21:718 114158 114776 1
07-07-2017-12:14:21:765 114776 115394 1
07-07-2017-12:14:21:800 115394 116012 1
07-07-2017-12:14:21:836 116012 116630 1
07-07-2017-12:14:21:882 116630 117248 1
07-07-2017-12:14:21:919 117248 117866 1
07-07-2017-12:14:21:953 117866 118484 1
07-07-2017-12:14:21:999 118484 119102 1
07-07-2017-12:14:22:035 119102 119720 1
07-07-2017-12:14:22:069 119720 120338 1
07-07-2017-12:14:22:115 120338 120956 1
07-07-2017-12:14:22:143 120956 121574 1
07-07-2017-12:14:22:183 121574 122192 1
07-07-2017-12:14:22:229 122192 122810 1
07-07-2017-12:14:22:265 122810 123428 1
07-07-2017-12:14:22:300 123428 124046 1
07-07-2017-12:14:22:346 124046 124664 1
07-07-2017-12:14:22:382 124664 125282 1
07-07-2017-12:14:22:417 125282 125900 1
07-07-2017-12:14:22:464 125900 126518 1
07-07-2017-12:14:22:499 126518 127136 1
07-07-2017-12:14:22:533 127136 127754 1
07-07-2017-12:14:22:612 127754 128372 1
07-07-2017-12:14:22:615 128372 128990 1
07-07-2017-12:14:22:647 128990 129608 1
07-07-2017-12:14:22:694 129608 130226 1
07-07-2017-12:14:22:732 130226 130844 1
07-07-2017-12:14:22:764 130844 131462 1
07-07-2017-12:14:22:799 131462 132080 1
07-07-2017-12:14:22:847 132080 132698 1
07-07-2017-12:14:22:882 132698 133316 1
07-07-2017-12:14:22:916 133316 133934 1
07-07-2017-12:14:22:962 133934 134552 1
07-07-2017-12:14:22:999 134552 135170 1
07-07-2017-12:14:23:032 135170 135788 1
07-07-2017-12:14:23:080 135788 136406 1
07-07-2017-12:14:23:114 136406 137024 1
07-07-2017-12:14:23:149 137024 137642 1
07-07-2017-12:14:23:197 137642 138260 1
07-07-2017-12:14:23:231 138260 138878 1
07-07-2017-12:14:23:267 138878 139496 1
07-07-2017-12:14:23:314 139496 140114 1
07-07-2017-12:14:23:349 140114 140732 1
07-07-2017-12:14:23:383 140732 141350 1
07-07-2017-12:14:23:418 141350 141968 1
07-07-2017-12:14:23:466 141968 142586 1
07-07-2017-12:14:23:501 142586 143204 1
07-07-2017-12:14:23:539 143204 143822 1
07-07-2017-12:14:23:575 143822 144440 1
07-07-2017-12:14:23:621 144440 145058 1
07-07-2017-12:14:23:656 145058 145676 1
07-07-2017-12:14:23:692 145676 146294 1
07-07-2017-12:14:23:737 146294 146912 1
07-07-2017-12:14:23:774 146912 147530 1
07-07-2017-12:14:23:809 147530 148148 1
07-07-2017-12:14:23:845 148148 148766 1
07-07-2017-12:14:23:890 148766 149384 1
07-07-2017-12:14:23:925 149384 150002 1
07-07-2017-12:14:23:960 150002 150620 1
07-07-2017-12:14:24:004 150620 151238 1
07-07-2017-12:14:24:045 151238 151856 1
07-07-2017-12:14:24:079 151856 152474 1
07-07-2017-12:14:24:115 152474 153092 1
07-07-2017-12:14:24:165 153092 153710 1
07-07-2017-12:14:24:196 153710 154328 1
07-07-2017-12:14:24:231 154328 154946 1
07-07-2017-12:14:24:278 154946 155564 1
07-07-2017-12:14:24:314 155564 156182 1
07-07-2017-12:14:24:349 156182 156800 1
07-07-2017-12:14:24:395 156800 157418 1
07-07-2017-12:14:24:430 157418 158036 1
07-07-2017-12:14:24:465 158036 158654 1
07-07-2017-12:14:24:506 158654 159272 1
07-07-2017-12:14:24:552 159272 159890 1
07-07-2017-12:14:24:588 159890 160508 1
07-07-2017-12:14:24:615 160508 161126 1
07-07-2017-12:14:24:663 161126 161744 1
07-07-2017-12:14:24:698 161744 162362 1
07-07-2017-12:14:24:733 162362 162980 1
07-07-2017-12:14:24:780 162980 163598 1
07-07-2017-12:14:24:818 163598 164216 1
07-07-2017-12:14:24:853 164216 164834 1
07-07-2017-12:14:24:887 164834 165452 1
07-07-2017-12:14:24:935 165452 166070 1
07-07-2017-12:14:24:971 166070 166688 1
07-07-2017-12:14:25:005 166688 167306 1
07-07-2017-12:14:25:044 167306 167924 1
07-07-2017-12:14:25:080 167924 168542 1
07-07-2017-12:14:25:127 168542 169160 1
07-07-2017-12:14:25:160 169160 169778 1
07-07-2017-12:14:25:195 169778 170396 1
07-07-2017-12:14:25:242 170396 171014 1
07-07-2017-12:14:25:280 171014 171632 1
07-07-2017-12:14:25:313 171632 172250 1
07-07-2017-12:14:25:352 172250 172868 1
07-07-2017-12:14:25:398 172868 173486 1
07-07-2017-12:14:25:435 173486 174104 1
07-07-2017-12:14:25:469 174104 174722 1
07-07-2017-12:14:25:518 174722 175340 1
07-07-2017-12:14:25:553 175340 175958 1
07-07-2017-12:14:25:587 175958 176576 1
07-07-2017-12:14:25:623 176576 177194 1
07-07-2017-12:14:25:659 177194 177812 1
07-07-2017-12:14:25:941 177812 178430 1
07-07-2017-12:14:25:943 178430 179048 1
07-07-2017-12:14:25:943 179048 179666 1
07-07-2017-12:14:25:943 179666 180284 1
07-07-2017-12:14:25:943 180284 180902 1
07-07-2017-12:14:25:943 180902 181520 1
07-07-2017-12:14:25:947 181520 182138 1
07-07-2017-12:14:25:972 182138 182756 1
07-07-2017-12:14:26:011 182756 183374 1
07-07-2017-12:14:26:047 183374 183992 1
07-07-2017-12:14:26:093 183992 184610 1
07-07-2017-12:14:26:125 184610 185228 1
07-07-2017-12:14:26:160 185228 185846 1
07-07-2017-12:14:26:207 185846 186464 1
07-07-2017-12:14:26:242 186464 187082 1
07-07-2017-12:14:26:278 187082 187700 1
07-07-2017-12:14:26:316 187700 188318 1
07-07-2017-12:14:26:364 188318 188936 1
07-07-2017-12:14:26:399 188936 189554 1
07-07-2017-12:14:26:432 189554 190172 1
07-07-2017-12:14:26:480 190172 190790 1
07-07-2017-12:14:26:515 190790 191408 1
07-07-2017-12:14:26:549 191408 192026 1
07-07-2017-12:14:26:596 192026 192644 1
07-07-2017-12:14:26:631 192644 193262 1
07-07-2017-12:14:26:670 193262 193880 1
07-07-2017-12:14:26:706 193880 194498 1
07-07-2017-12:14:26:742 194498 195116 1
07-07-2017-12:14:26:793 195116 195707 1
07-07-2017-12:14:26:817 195707 196298 1
07-07-2017-12:14:26:857 196298 196889 1
07-07-2017-12:14:26:902 196889 197480 1
07-07-2017-12:14:26:925 197480 198071 1
07-07-2017-12:14:26:973 198071 198662 1
07-07-2017-12:14:27:008 198662 199253 1
07-07-2017-12:14:27:047 199253 199844 1
07-07-2017-12:14:27:081 199844 200435 1
07-07-2017-12:14:27:117 200435 201026 1
07-07-2017-12:14:27:152 201026 201617 1
07-07-2017-12:14:27:187 201617 202208 1
07-07-2017-12:14:27:227 202208 202799 1
07-07-2017-12:14:27:261 202799 203390 1
07-07-2017-12:14:27:297 203390 203981 1
07-07-2017-12:14:27:332 203981 204572 1
07-07-2017-12:14:27:371 204572 205163 1
07-07-2017-12:14:27:413 205163 205754 1
07-07-2017-12:14:27:446 205754 206345 1
07-07-2017-12:14:27:481 206345 206936 1
07-07-2017-12:14:27:518 206936 207527 1
07-07-2017-12:14:27:557 207527 208118 1
07-07-2017-12:14:27:592 208118 208709 1
07-07-2017-12:14:27:637 208709 209300 1
07-07-2017-12:14:27:673 209300 209891 1
07-07-2017-12:14:27:707 209891 210482 1
07-07-2017-12:14:27:738 210482 211073 1
07-07-2017-12:14:27:773 211073 211664 1
07-07-2017-12:14:27:821 211664 212255 1
07-07-2017-12:14:27:855 212255 212846 1
07-07-2017-12:14:27:892 212846 213437 1
07-07-2017-12:14:27:921 213437 214028 1
07-07-2017-12:14:27:969 214028 214619 1
07-07-2017-12:14:28:004 214619 215210 1
07-07-2017-12:14:28:039 215210 215801 1
07-07-2017-12:14:28:074 215801 216392 1
07-07-2017-12:14:28:113 216392 216983 1
07-07-2017-12:14:28:147 216983 217574 1
07-07-2017-12:14:28:182 217574 218165 1
07-07-2017-12:14:28:220 218165 218756 1
07-07-2017-12:14:28:259 218756 219347 1
07-07-2017-12:14:28:295 219347 219938 1
07-07-2017-12:14:28:330 219938 220529 1
07-07-2017-12:14:28:377 220529 221120 1
07-07-2017-12:14:28:404 221120 221711 1
07-07-2017-12:14:28:450 221711 222302 1
07-07-2017-12:14:28:485 222302 222893 1
07-07-2017-12:14:28:512 222893 223484 1
07-07-2017-12:14:28:558 223484 224075 1
07-07-2017-12:14:28:595 224075 224666 1
07-07-2017-12:14:28:630 224666 225257 1
07-07-2017-12:14:28:670 225257 225848 1
07-07-2017-12:14:28:698 225848 226439 1
07-07-2017-12:14:28:744 226439 227030 1
07-07-2017-12:14:28:778 227030 227621 1
07-07-2017-12:14:28:821 227621 228212 1
07-07-2017-12:14:29:103 228212 228803 1
07-07-2017-12:14:29:104 228803 229394 1
07-07-2017-12:14:29:104 229394 229985 1
07-07-2017-12:14:29:104 229985 230576 1
07-07-2017-12:14:29:104 230576 231167 1
07-07-2017-12:14:29:104 231167 231758 1
07-07-2017-12:14:29:105 231758 232349 1
07-07-2017-12:14:29:116 232349 232940 1
07-07-2017-12:14:29:159 232940 233531 1
07-07-2017-12:14:29:180 233531 234122 1
07-07-2017-12:14:29:224 234122 234713 1
07-07-2017-12:14:29:260 234713 235304 1
07-07-2017-12:14:29:294 235304 235895 1
07-07-2017-12:14:29:329 235895 236486 1
07-07-2017-12:14:29:365 236486 237077 1
07-07-2017-12:14:29:400 237077 237668 1
07-07-2017-12:14:29:447 237668 238259 1
07-07-2017-12:14:29:481 238259 238850 1
07-07-2017-12:14:29:516 238850 239441 1
07-07-2017-12:14:29:551 239441 240032 1
07-07-2017-12:14:29:586 240032 240623 1
07-07-2017-12:14:29:628 240623 241214 1
07-07-2017-12:14:29:665 241214 241805 1
07-07-2017-12:14:29:700 241805 242396 1
07-07-2017-12:14:29:736 242396 242987 1
07-07-2017-12:14:29:769 242987 243578 1
07-07-2017-12:14:29:822 243578 244169 1
07-07-2017-12:14:29:851 244169 244760 1
07-07-2017-12:14:29:888 244760 245351 1
07-07-2017-12:14:29:921 245351 245942 1
07-07-2017-12:14:29:961 245942 246533 1
07-07-2017-12:14:30:000 246533 247124 1
07-07-2017-12:14:30:031 247124 247715 1
07-07-2017-12:14:30:068 247715 248306 1
07-07-2017-12:14:30:106 248306 248897 1
07-07-2017-12:14:30:139 248897 249488 1
07-07-2017-12:14:30:175 249488 250079 1
07-07-2017-12:14:30:224 250079 250670 1
07-07-2017-12:14:30:257 250670 251261 1
07-07-2017-12:14:30:298 251261 251852 1
07-07-2017-12:14:30:330 251852 252443 1
07-07-2017-12:14:30:363 252443 253034 1
07-07-2017-12:14:30:398 253034 253625 1
07-07-2017-12:14:30:448 253625 254216 1
07-07-2017-12:14:30:472 254216 254807 1
07-07-2017-12:14:30:517 254807 255398 1
07-07-2017-12:14:30:556 255398 255989 1
07-07-2017-12:14:30:589 255989 256580 1
07-07-2017-12:14:30:622 256580 257171 1
07-07-2017-12:14:30:659 257171 257762 1
07-07-2017-12:14:30:694 257762 258353 1
07-07-2017-12:14:30:739 258353 258944 1
07-07-2017-12:14:30:779 258944 259535 1
07-07-2017-12:14:30:809 259535 260126 1
07-07-2017-12:14:30:846 260126 260717 1
07-07-2017-12:14:30:885 260717 261308 1
07-07-2017-12:14:30:919 261308 261899 1
07-07-2017-12:14:30:954 261899 262490 1
07-07-2017-12:14:30:989 262490 263081 1
07-07-2017-12:14:31:028 263081 263672 1
