07-07-2017-12:31:14:623 0 800 1
07-07-2017-12:31:14:676 800 1574 1
07-07-2017-12:31:14:721 1574 2348 1
07-07-2017-12:31:14:773 2348 3040 1
07-07-2017-12:31:14:814 3040 3732 1
07-07-2017-12:31:14:854 3732 4424 1
07-07-2017-12:31:14:893 4424 5116 1
07-07-2017-12:31:14:939 5116 5808 1
07-07-2017-12:31:14:987 5808 6500 1
07-07-2017-12:31:15:022 6500 7192 1
07-07-2017-12:31:15:068 7192 7884 1
07-07-2017-12:31:15:114 7884 8576 1
07-07-2017-12:31:15:155 8576 9268 1
07-07-2017-12:31:15:202 9268 9960 1
07-07-2017-12:31:15:248 9960 10652 1
07-07-2017-12:31:15:284 10652 11344 1
07-07-2017-12:31:15:331 11344 12036 1
07-07-2017-12:31:15:371 12036 12728 1
07-07-2017-12:31:15:417 12728 13420 1
07-07-2017-12:31:15:464 13420 14112 1
07-07-2017-12:31:15:499 14112 14804 1
07-07-2017-12:31:15:553 14804 15496 1
07-07-2017-12:31:15:585 15496 16188 1
07-07-2017-12:31:15:638 16188 16867 1
07-07-2017-12:31:15:678 16867 17546 1
07-07-2017-12:31:15:715 17546 18225 1
07-07-2017-12:31:15:760 18225 18904 1
07-07-2017-12:31:15:806 18904 19583 1
07-07-2017-12:31:15:841 19583 20262 1
07-07-2017-12:31:15:889 20262 20941 1
07-07-2017-12:31:15:935 20941 21620 1
07-07-2017-12:31:15:968 21620 22299 1
07-07-2017-12:31:16:015 22299 22978 1
07-07-2017-12:31:16:051 22978 23657 1
07-07-2017-12:31:16:097 23657 24336 1
07-07-2017-12:31:16:139 24336 25015 1
07-07-2017-12:31:16:184 25015 25694 1
07-07-2017-12:31:16:230 25694 26373 1
07-07-2017-12:31:16:272 26373 27052 1
07-07-2017-12:31:16:307 27052 27731 1
07-07-2017-12:31:16:352 27731 28410 1
07-07-2017-12:31:16:401 28410 29089 1
07-07-2017-12:31:16:436 29089 29768 1
07-07-2017-12:31:16:481 29768 30447 1
07-07-2017-12:31:16:521 30447 31126 1
07-07-2017-12:31:16:561 31126 31805 1
07-07-2017-12:31:16:613 31805 32408 1
07-07-2017-12:31:16:637 32408 33011 1
07-07-2017-12:31:16:678 33011 33614 1
07-07-2017-12:31:16:720 33614 34217 1
07-07-2017-12:31:16:760 34217 34820 1
07-07-2017-12:31:16:805 34820 35423 1
07-07-2017-12:31:16:828 35423 36026 1
07-07-2017-12:31:16:863 36026 36629 1
07-07-2017-12:31:16:909 36629 37232 1
07-07-2017-12:31:16:949 37232 37835 1
07-07-2017-12:31:16:984 37835 38438 1
07-07-2017-12:31:17:018 38438 39041 1
07-07-2017-12:31:17:054 39041 39644 1
07-07-2017-12:31:17:094 39644 40247 1
07-07-2017-12:31:17:134 40247 40850 1
07-07-2017-12:31:17:169 40850 41453 1
07-07-2017-12:31:17:209 41453 42056 1
07-07-2017-12:31:17:250 42056 42659 1
07-07-2017-12:31:17:284 42659 43262 1
07-07-2017-12:31:17:313 43262 43865 1
07-07-2017-12:31:17:361 43865 44468 1
07-07-2017-12:31:17:396 44468 45071 1
07-07-2017-12:31:17:427 45071 45674 1
07-07-2017-12:31:17:474 45674 46277 1
07-07-2017-12:31:17:510 46277 46880 1
07-07-2017-12:31:17:545 46880 47483 1
07-07-2017-12:31:17:578 47483 48086 1
07-07-2017-12:31:17:624 48086 48689 1
07-07-2017-12:31:17:654 48689 49292 1
07-07-2017-12:31:17:705 49292 49895 1
07-07-2017-12:31:18:011 49895 50498 1
07-07-2017-12:31:18:016 50498 51101 1
07-07-2017-12:31:18:016 51101 51704 1
07-07-2017-12:31:18:016 51704 52307 1
07-07-2017-12:31:18:016 52307 52910 1
07-07-2017-12:31:18:016 52910 53513 1
07-07-2017-12:31:18:016 53513 54116 1
07-07-2017-12:31:18:016 54116 54719 1
07-07-2017-12:31:18:030 54719 55322 1
07-07-2017-12:31:18:077 55322 55925 1
07-07-2017-12:31:18:115 55925 56528 1
07-07-2017-12:31:18:156 56528 57131 1
07-07-2017-12:31:18:185 57131 57734 1
07-07-2017-12:31:18:220 57734 58337 1
07-07-2017-12:31:18:256 58337 58940 1
07-07-2017-12:31:18:302 58940 59543 1
07-07-2017-12:31:18:342 59543 60146 1
07-07-2017-12:31:18:376 60146 60749 1
07-07-2017-12:31:18:413 60749 61352 1
07-07-2017-12:31:18:447 61352 61955 1
07-07-2017-12:31:18:483 61955 62558 1
07-07-2017-12:31:18:528 62558 63161 1
07-07-2017-12:31:18:563 63161 63764 1
07-07-2017-12:31:18:602 63764 64367 1
07-07-2017-12:31:18:642 64367 64970 1
07-07-2017-12:31:18:676 64970 65573 1
07-07-2017-12:31:18:711 65573 66176 1
07-07-2017-12:31:18:746 66176 66779 1
07-07-2017-12:31:18:792 66779 67382 1
07-07-2017-12:31:18:827 67382 67985 1
07-07-2017-12:31:18:868 67985 68588 1
07-07-2017-12:31:18:902 68588 69191 1
07-07-2017-12:31:18:937 69191 69794 1
07-07-2017-12:31:18:972 69794 70397 1
07-07-2017-12:31:19:019 70397 71000 1
07-07-2017-12:31:19:053 71000 71603 1
07-07-2017-12:31:19:095 71603 72206 1
07-07-2017-12:31:19:129 72206 72809 1
07-07-2017-12:31:19:164 72809 73412 1
07-07-2017-12:31:19:200 73412 74015 1
07-07-2017-12:31:19:245 74015 74618 1
07-07-2017-12:31:19:280 74618 75221 1
07-07-2017-12:31:19:317 75221 75824 1
07-07-2017-12:31:19:357 75824 76427 1
07-07-2017-12:31:19:390 76427 77030 1
07-07-2017-12:31:19:425 77030 77633 1
07-07-2017-12:31:19:472 77633 78236 1
07-07-2017-12:31:19:507 78236 78839 1
07-07-2017-12:31:19:547 78839 79442 1
07-07-2017-12:31:19:581 79442 80045 1
07-07-2017-12:31:19:616 80045 80648 1
07-07-2017-12:31:19:651 80648 81251 1
07-07-2017-12:31:19:697 81251 81854 1
07-07-2017-12:31:19:733 81854 82457 1
07-07-2017-12:31:19:772 82457 83060 1
07-07-2017-12:31:19:808 83060 83663 1
07-07-2017-12:31:19:841 83663 84266 1
07-07-2017-12:31:19:879 84266 84869 1
07-07-2017-12:31:19:923 84869 85472 1
07-07-2017-12:31:19:952 85472 86075 1
07-07-2017-12:31:19:999 86075 86678 1
07-07-2017-12:31:20:033 86678 87281 1
07-07-2017-12:31:20:068 87281 87884 1
07-07-2017-12:31:20:102 87884 88487 1
07-07-2017-12:31:20:142 88487 89090 1
07-07-2017-12:31:20:182 89090 89693 1
07-07-2017-12:31:20:216 89693 90296 1
07-07-2017-12:31:20:261 90296 90899 1
07-07-2017-12:31:20:299 90899 91502 1
07-07-2017-12:31:20:333 91502 92105 1
07-07-2017-12:31:20:366 92105 92708 1
07-07-2017-12:31:20:406 92708 93311 1
07-07-2017-12:31:20:442 93311 93914 1
07-07-2017-12:31:20:487 93914 94517 1
07-07-2017-12:31:20:523 94517 95120 1
07-07-2017-12:31:20:559 95120 95723 1
07-07-2017-12:31:20:594 95723 96326 1
07-07-2017-12:31:20:645 96326 96929 1
07-07-2017-12:31:20:680 96929 97532 1
07-07-2017-12:31:20:716 97532 98135 1
07-07-2017-12:31:20:748 98135 98738 1
07-07-2017-12:31:20:784 98738 99341 1
07-07-2017-12:31:20:819 99341 99944 1
07-07-2017-12:31:20:962 99944 100547 1
07-07-2017-12:31:20:963 100547 101150 1
07-07-2017-12:31:20:963 101150 101753 1
07-07-2017-12:31:20:974 101753 102356 1
07-07-2017-12:31:21:010 102356 102959 1
07-07-2017-12:31:21:044 102959 103562 1
07-07-2017-12:31:21:092 103562 104165 1
07-07-2017-12:31:21:125 104165 104768 1
07-07-2017-12:31:21:166 104768 105371 1
07-07-2017-12:31:21:200 105371 105974 1
07-07-2017-12:31:21:236 105974 106577 1
07-07-2017-12:31:21:270 106577 107180 1
07-07-2017-12:31:21:317 107180 107783 1
07-07-2017-12:31:21:353 107783 108386 1
07-07-2017-12:31:21:392 108386 108989 1
07-07-2017-12:31:21:427 108989 109592 1
07-07-2017-12:31:21:462 109592 110195 1
07-07-2017-12:31:21:495 110195 110798 1
07-07-2017-12:31:21:543 110798 111401 1
07-07-2017-12:31:21:577 111401 112004 1
07-07-2017-12:31:21:614 112004 112607 1
07-07-2017-12:31:21:650 112607 113210 1
07-07-2017-12:31:21:686 113210 113813 1
07-07-2017-12:31:21:738 113813 114416 1
07-07-2017-12:31:21:762 114416 115019 1
07-07-2017-12:31:21:806 115019 115622 1
07-07-2017-12:31:21:842 115622 116225 1
07-07-2017-12:31:21:876 116225 116828 1
07-07-2017-12:31:21:911 116828 117431 1
07-07-2017-12:31:21:959 117431 118034 1
07-07-2017-12:31:21:989 118034 118637 1
07-07-2017-12:31:22:036 118637 119240 1
07-07-2017-12:31:22:069 119240 119843 1
07-07-2017-12:31:22:105 119843 120446 1
07-07-2017-12:31:22:138 120446 121049 1
07-07-2017-12:31:22:188 121049 121652 1
07-07-2017-12:31:22:221 121652 122255 1
07-07-2017-12:31:22:254 122255 122858 1
07-07-2017-12:31:22:287 122858 123461 1
07-07-2017-12:31:22:336 123461 124064 1
07-07-2017-12:31:22:369 124064 124667 1
07-07-2017-12:31:22:404 124667 125270 1
07-07-2017-12:31:22:439 125270 125873 1
07-07-2017-12:31:22:487 125873 126476 1
07-07-2017-12:31:22:525 126476 127079 1
07-07-2017-12:31:22:560 127079 127682 1
07-07-2017-12:31:22:596 127682 128285 1
07-07-2017-12:31:22:630 128285 128888 1
07-07-2017-12:31:22:664 128888 129491 1
07-07-2017-12:31:22:711 129491 130094 1
07-07-2017-12:31:22:831 130094 130697 1
07-07-2017-12:31:22:834 130697 131300 1
07-07-2017-12:31:22:834 131300 131903 1
07-07-2017-12:31:22:863 131903 132506 1
07-07-2017-12:31:22:896 132506 133109 1
07-07-2017-12:31:22:932 133109 133712 1
07-07-2017-12:31:22:978 133712 134315 1
07-07-2017-12:31:23:013 134315 134918 1
07-07-2017-12:31:23:046 134918 135521 1
07-07-2017-12:31:23:082 135521 136124 1
07-07-2017-12:31:23:116 136124 136727 1
07-07-2017-12:31:23:163 136727 137330 1
07-07-2017-12:31:23:199 137330 137933 1
07-07-2017-12:31:23:234 137933 138536 1
07-07-2017-12:31:23:269 138536 139139 1
07-07-2017-12:31:23:314 139139 139742 1
07-07-2017-12:31:23:356 139742 140345 1
07-07-2017-12:31:23:390 140345 140948 1
07-07-2017-12:31:23:425 140948 141551 1
07-07-2017-12:31:23:460 141551 142154 1
07-07-2017-12:31:23:497 142154 142757 1
07-07-2017-12:31:23:542 142757 143360 1
07-07-2017-12:31:23:577 143360 143963 1
07-07-2017-12:31:23:613 143963 144566 1
07-07-2017-12:31:23:645 144566 145169 1
07-07-2017-12:31:23:698 145169 145772 1
07-07-2017-12:31:23:721 145772 146375 1
07-07-2017-12:31:23:768 146375 146978 1
07-07-2017-12:31:23:806 146978 147581 1
07-07-2017-12:31:23:838 147581 148184 1
07-07-2017-12:31:23:872 148184 148787 1
07-07-2017-12:31:23:919 148787 149390 1
07-07-2017-12:31:23:953 149390 149993 1
07-07-2017-12:31:23:989 149993 150596 1
07-07-2017-12:31:24:027 150596 151199 1
07-07-2017-12:31:24:063 151199 151802 1
07-07-2017-12:31:24:097 151802 152405 1
07-07-2017-12:31:24:144 152405 153008 1
07-07-2017-12:31:24:179 153008 153611 1
07-07-2017-12:31:24:215 153611 154214 1
07-07-2017-12:31:24:248 154214 154817 1
07-07-2017-12:31:24:289 154817 155420 1
07-07-2017-12:31:24:323 155420 156023 1
07-07-2017-12:31:24:370 156023 156626 1
07-07-2017-12:31:24:405 156626 157229 1
07-07-2017-12:31:24:440 157229 157832 1
07-07-2017-12:31:24:476 157832 158435 1
07-07-2017-12:31:24:522 158435 159038 1
07-07-2017-12:31:24:550 159038 159641 1
07-07-2017-12:31:24:596 159641 160244 1
07-07-2017-12:31:24:636 160244 160847 1
07-07-2017-12:31:24:672 160847 161450 1
07-07-2017-12:31:24:705 161450 162053 1
07-07-2017-12:31:24:741 162053 162656 1
07-07-2017-12:31:24:774 162656 163259 1
07-07-2017-12:31:24:822 163259 163862 1
07-07-2017-12:31:24:862 163862 164465 1
07-07-2017-12:31:24:897 164465 165068 1
07-07-2017-12:31:24:933 165068 165671 1
07-07-2017-12:31:24:967 165671 166274 1
07-07-2017-12:31:25:002 166274 166877 1
07-07-2017-12:31:25:048 166877 167480 1
07-07-2017-12:31:25:087 167480 168083 1
07-07-2017-12:31:25:123 168083 168686 1
07-07-2017-12:31:25:157 168686 169289 1
07-07-2017-12:31:25:192 169289 169892 1
07-07-2017-12:31:25:238 169892 170495 1
07-07-2017-12:31:25:277 170495 171098 1
07-07-2017-12:31:25:308 171098 171701 1
07-07-2017-12:31:25:348 171701 172304 1
07-07-2017-12:31:25:383 172304 172907 1
07-07-2017-12:31:25:421 172907 173510 1
07-07-2017-12:31:25:464 173510 174113 1
07-07-2017-12:31:25:499 174113 174716 1
07-07-2017-12:31:25:535 174716 175319 1
07-07-2017-12:31:25:568 175319 175922 1
07-07-2017-12:31:25:608 175922 176525 1
07-07-2017-12:31:25:643 176525 177128 1
07-07-2017-12:31:25:690 177128 177731 1
07-07-2017-12:31:25:725 177731 178334 1
07-07-2017-12:31:25:760 178334 178937 1
07-07-2017-12:31:25:794 178937 179540 1
07-07-2017-12:31:25:846 179540 180143 1
07-07-2017-12:31:26:062 180143 180746 1
07-07-2017-12:31:26:063 180746 181349 1
07-07-2017-12:31:26:063 181349 181952 1
07-07-2017-12:31:26:063 181952 182555 1
07-07-2017-12:31:26:065 182555 183158 1
07-07-2017-12:31:26:067 183158 183761 1
07-07-2017-12:31:26:103 183761 184364 1
07-07-2017-12:31:26:142 184364 184967 1
07-07-2017-12:31:26:177 184967 185570 1
07-07-2017-12:31:26:213 185570 186173 1
07-07-2017-12:31:26:247 186173 186776 1
07-07-2017-12:31:26:287 186776 187379 1
07-07-2017-12:31:26:321 187379 187982 1
07-07-2017-12:31:26:369 187982 188585 1
07-07-2017-12:31:26:403 188585 189188 1
07-07-2017-12:31:26:437 189188 189791 1
07-07-2017-12:31:26:473 189791 190394 1
07-07-2017-12:31:26:525 190394 190997 1
07-07-2017-12:31:26:547 190997 191600 1
07-07-2017-12:31:26:597 191600 192203 1
07-07-2017-12:31:26:629 192203 192806 1
07-07-2017-12:31:26:663 192806 193409 1
07-07-2017-12:31:26:698 193409 194012 1
07-07-2017-12:31:26:750 194012 194615 1
07-07-2017-12:31:26:772 194615 195218 1
07-07-2017-12:31:26:820 195218 195821 1
07-07-2017-12:31:26:849 195821 196424 1
07-07-2017-12:31:26:895 196424 197027 1
07-07-2017-12:31:26:930 197027 197630 1
07-07-2017-12:31:26:966 197630 198233 1
07-07-2017-12:31:27:001 198233 198836 1
07-07-2017-12:31:27:047 198836 199439 1
07-07-2017-12:31:27:081 199439 200042 1
07-07-2017-12:31:27:120 200042 200645 1
07-07-2017-12:31:27:156 200645 201248 1
07-07-2017-12:31:27:192 201248 201851 1
07-07-2017-12:31:27:226 201851 202454 1
07-07-2017-12:31:27:273 202454 203057 1
07-07-2017-12:31:27:307 203057 203660 1
07-07-2017-12:31:27:342 203660 204263 1
07-07-2017-12:31:27:378 204263 204866 1
07-07-2017-12:31:27:424 204866 205469 1
07-07-2017-12:31:27:453 205469 206072 1
07-07-2017-12:31:27:504 206072 206675 1
07-07-2017-12:31:27:534 206675 207278 1
07-07-2017-12:31:27:569 207278 207881 1
07-07-2017-12:31:27:603 207881 208484 1
07-07-2017-12:31:27:643 208484 209087 1
07-07-2017-12:31:27:678 209087 209690 1
07-07-2017-12:31:27:724 209690 210293 1
07-07-2017-12:31:27:758 210293 210896 1
07-07-2017-12:31:27:792 210896 211499 1
07-07-2017-12:31:27:838 211499 212102 1
07-07-2017-12:31:27:873 212102 212705 1
07-07-2017-12:31:27:908 212705 213308 1
07-07-2017-12:31:27:943 213308 213911 1
07-07-2017-12:31:27:979 213911 214514 1
07-07-2017-12:31:28:019 214514 215117 1
07-07-2017-12:31:28:067 215117 215720 1
07-07-2017-12:31:28:101 215720 216323 1
