07-07-2017-12:26:53:981 0 800 1
07-07-2017-12:26:54:032 800 1600 1
07-07-2017-12:26:54:078 1600 2400 1
07-07-2017-12:26:54:130 2400 3200 1
07-07-2017-12:26:54:182 3200 3974 1
07-07-2017-12:26:54:234 3974 4720 1
07-07-2017-12:26:54:274 4720 5466 1
07-07-2017-12:26:54:320 5466 6212 1
07-07-2017-12:26:54:366 6212 6958 1
07-07-2017-12:26:54:414 6958 7704 1
07-07-2017-12:26:54:459 7704 8450 1
07-07-2017-12:26:54:506 8450 9196 1
07-07-2017-12:26:54:553 9196 9942 1
07-07-2017-12:26:54:605 9942 10688 1
07-07-2017-12:26:54:651 10688 11434 1
07-07-2017-12:26:54:699 11434 12180 1
07-07-2017-12:26:54:743 12180 12926 1
07-07-2017-12:26:54:783 12926 13672 1
07-07-2017-12:26:54:833 13672 14418 1
07-07-2017-12:26:54:877 14418 15164 1
07-07-2017-12:26:54:927 15164 15910 1
07-07-2017-12:26:54:973 15910 16656 1
07-07-2017-12:26:55:018 16656 17402 1
07-07-2017-12:26:55:066 17402 18148 1
07-07-2017-12:26:55:111 18148 18894 1
07-07-2017-12:26:55:158 18894 19640 1
07-07-2017-12:26:55:205 19640 20386 1
07-07-2017-12:26:55:252 20386 21132 1
07-07-2017-12:26:55:299 21132 21878 1
07-07-2017-12:26:55:352 21878 22624 1
07-07-2017-12:26:55:389 22624 23370 1
07-07-2017-12:26:55:439 23370 24116 1
07-07-2017-12:26:55:487 24116 24862 1
07-07-2017-12:26:55:537 24862 25608 1
07-07-2017-12:26:55:580 25608 26354 1
07-07-2017-12:26:55:628 26354 27100 1
07-07-2017-12:26:55:675 27100 27846 1
07-07-2017-12:26:55:720 27846 28592 1
07-07-2017-12:26:55:768 28592 29338 1
07-07-2017-12:26:55:815 29338 30084 1
07-07-2017-12:26:55:860 30084 30830 1
07-07-2017-12:26:55:913 30830 31576 1
07-07-2017-12:26:55:959 31576 32322 1
07-07-2017-12:26:55:997 32322 33068 1
07-07-2017-12:26:56:044 33068 33814 1
07-07-2017-12:26:56:097 33814 34507 1
07-07-2017-12:26:56:130 34507 35200 1
07-07-2017-12:26:56:178 35200 35893 1
07-07-2017-12:26:56:225 35893 36586 1
07-07-2017-12:26:56:266 36586 37279 1
07-07-2017-12:26:56:308 37279 37972 1
07-07-2017-12:26:56:355 37972 38665 1
07-07-2017-12:26:56:398 38665 39358 1
07-07-2017-12:26:56:434 39358 40051 1
07-07-2017-12:26:56:481 40051 40744 1
07-07-2017-12:26:56:527 40744 41437 1
07-07-2017-12:26:56:562 41437 42130 1
07-07-2017-12:26:56:607 42130 42823 1
07-07-2017-12:26:56:654 42823 43516 1
07-07-2017-12:26:56:701 43516 44209 1
07-07-2017-12:26:56:737 44209 44902 1
07-07-2017-12:26:56:783 44902 45595 1
07-07-2017-12:26:56:830 45595 46288 1
07-07-2017-12:26:56:864 46288 46981 1
07-07-2017-12:26:56:913 46981 47674 1
07-07-2017-12:26:56:958 47674 48367 1
07-07-2017-12:26:57:004 48367 49060 1
07-07-2017-12:26:57:040 49060 49753 1
07-07-2017-12:26:57:338 49753 50446 1
07-07-2017-12:26:57:339 50446 51139 1
07-07-2017-12:26:57:340 51139 51832 1
07-07-2017-12:26:57:341 51832 52525 1
07-07-2017-12:26:57:341 52525 53218 1
07-07-2017-12:26:57:341 53218 53911 1
07-07-2017-12:26:57:344 53911 54604 1
07-07-2017-12:26:57:390 54604 55297 1
07-07-2017-12:26:57:435 55297 55990 1
07-07-2017-12:26:57:472 55990 56683 1
07-07-2017-12:26:57:518 56683 57376 1
07-07-2017-12:26:57:564 57376 58069 1
07-07-2017-12:26:57:612 58069 58762 1
07-07-2017-12:26:57:647 58762 59455 1
07-07-2017-12:26:57:693 59455 60148 1
07-07-2017-12:26:57:736 60148 60841 1
07-07-2017-12:26:57:783 60841 61534 1
07-07-2017-12:26:57:831 61534 62227 1
07-07-2017-12:26:57:872 62227 62920 1
07-07-2017-12:26:57:920 62920 63613 1
07-07-2017-12:26:57:959 63613 64306 1
07-07-2017-12:26:57:996 64306 64999 1
07-07-2017-12:26:58:043 64999 65692 1
07-07-2017-12:26:58:078 65692 66385 1
07-07-2017-12:26:58:124 66385 67078 1
07-07-2017-12:26:58:172 67078 67771 1
07-07-2017-12:26:58:219 67771 68464 1
07-07-2017-12:26:58:254 68464 69157 1
07-07-2017-12:26:58:299 69157 69850 1
07-07-2017-12:26:58:347 69850 70543 1
07-07-2017-12:26:58:382 70543 71236 1
07-07-2017-12:26:58:427 71236 71929 1
07-07-2017-12:26:58:475 71929 72622 1
07-07-2017-12:26:58:523 72622 73315 1
07-07-2017-12:26:58:558 73315 74008 1
07-07-2017-12:26:58:603 74008 74701 1
07-07-2017-12:26:58:651 74701 75394 1
07-07-2017-12:26:58:686 75394 76087 1
07-07-2017-12:26:58:731 76087 76780 1
07-07-2017-12:26:58:779 76780 77473 1
07-07-2017-12:26:58:826 77473 78166 1
07-07-2017-12:26:58:860 78166 78859 1
07-07-2017-12:26:58:908 78859 79552 1
07-07-2017-12:26:58:955 79552 80245 1
07-07-2017-12:26:58:994 80245 80938 1
07-07-2017-12:26:59:036 80938 81631 1
07-07-2017-12:26:59:078 81631 82324 1
07-07-2017-12:26:59:126 82324 83017 1
07-07-2017-12:26:59:161 83017 83710 1
07-07-2017-12:26:59:207 83710 84403 1
07-07-2017-12:26:59:254 84403 85096 1
07-07-2017-12:26:59:300 85096 85789 1
07-07-2017-12:26:59:336 85789 86482 1
07-07-2017-12:26:59:425 86482 87175 1
07-07-2017-12:26:59:430 87175 87868 1
07-07-2017-12:26:59:463 87868 88561 1
07-07-2017-12:26:59:510 88561 89254 1
07-07-2017-12:26:59:556 89254 89947 1
07-07-2017-12:26:59:604 89947 90640 1
07-07-2017-12:26:59:639 90640 91333 1
07-07-2017-12:26:59:685 91333 92026 1
07-07-2017-12:26:59:734 92026 92719 1
07-07-2017-12:26:59:768 92719 93412 1
07-07-2017-12:26:59:813 93412 94105 1
07-07-2017-12:26:59:861 94105 94798 1
07-07-2017-12:26:59:906 94798 95491 1
07-07-2017-12:26:59:942 95491 96184 1
07-07-2017-12:26:59:990 96184 96877 1
07-07-2017-12:27:00:035 96877 97570 1
07-07-2017-12:27:00:072 97570 98263 1
07-07-2017-12:27:00:118 98263 98956 1
07-07-2017-12:27:00:163 98956 99649 1
07-07-2017-12:27:00:211 99649 100342 1
07-07-2017-12:27:00:246 100342 101035 1
07-07-2017-12:27:00:292 101035 101728 1
07-07-2017-12:27:00:339 101728 102421 1
07-07-2017-12:27:00:375 102421 103114 1
07-07-2017-12:27:00:421 103114 103807 1
07-07-2017-12:27:00:466 103807 104500 1
07-07-2017-12:27:00:514 104500 105193 1
07-07-2017-12:27:00:550 105193 105886 1
07-07-2017-12:27:00:596 105886 106579 1
07-07-2017-12:27:00:641 106579 107272 1
07-07-2017-12:27:00:677 107272 107965 1
07-07-2017-12:27:00:725 107965 108658 1
07-07-2017-12:27:00:771 108658 109351 1
07-07-2017-12:27:00:819 109351 110044 1
07-07-2017-12:27:00:853 110044 110737 1
07-07-2017-12:27:00:900 110737 111430 1
07-07-2017-12:27:00:947 111430 112123 1
07-07-2017-12:27:00:981 112123 112816 1
07-07-2017-12:27:01:028 112816 113509 1
07-07-2017-12:27:01:074 113509 114202 1
07-07-2017-12:27:01:120 114202 114895 1
07-07-2017-12:27:01:156 114895 115588 1
07-07-2017-12:27:01:202 115588 116281 1
07-07-2017-12:27:01:248 116281 116974 1
07-07-2017-12:27:01:284 116974 117667 1
07-07-2017-12:27:01:330 117667 118360 1
07-07-2017-12:27:01:378 118360 119053 1
07-07-2017-12:27:01:411 119053 119746 1
07-07-2017-12:27:01:459 119746 120439 1
07-07-2017-12:27:01:504 120439 121132 1
07-07-2017-12:27:01:553 121132 121825 1
07-07-2017-12:27:01:590 121825 122518 1
07-07-2017-12:27:01:634 122518 123211 1
07-07-2017-12:27:01:680 123211 123904 1
07-07-2017-12:27:01:715 123904 124597 1
07-07-2017-12:27:01:761 124597 125290 1
07-07-2017-12:27:01:809 125290 125983 1
07-07-2017-12:27:01:855 125983 126676 1
07-07-2017-12:27:01:891 126676 127369 1
07-07-2017-12:27:01:938 127369 128062 1
07-07-2017-12:27:01:984 128062 128755 1
07-07-2017-12:27:02:018 128755 129448 1
07-07-2017-12:27:02:065 129448 130141 1
07-07-2017-12:27:02:111 130141 130834 1
07-07-2017-12:27:02:158 130834 131527 1
07-07-2017-12:27:02:194 131527 132220 1
07-07-2017-12:27:02:240 132220 132913 1
07-07-2017-12:27:02:288 132913 133606 1
07-07-2017-12:27:02:321 133606 134299 1
07-07-2017-12:27:02:369 134299 134992 1
07-07-2017-12:27:02:416 134992 135685 1
07-07-2017-12:27:02:462 135685 136378 1
07-07-2017-12:27:02:501 136378 137071 1
07-07-2017-12:27:02:749 137071 137764 1
07-07-2017-12:27:02:750 137764 138457 1
07-07-2017-12:27:02:750 138457 139150 1
07-07-2017-12:27:02:750 139150 139843 1
07-07-2017-12:27:02:751 139843 140536 1
07-07-2017-12:27:02:761 140536 141229 1
07-07-2017-12:27:02:807 141229 141922 1
07-07-2017-12:27:02:843 141922 142615 1
07-07-2017-12:27:02:889 142615 143308 1
07-07-2017-12:27:02:935 143308 144001 1
07-07-2017-12:27:02:982 144001 144694 1
07-07-2017-12:27:03:016 144694 145387 1
07-07-2017-12:27:03:063 145387 146080 1
07-07-2017-12:27:03:109 146080 146773 1
07-07-2017-12:27:03:145 146773 147466 1
07-07-2017-12:27:03:192 147466 148159 1
07-07-2017-12:27:03:238 148159 148852 1
07-07-2017-12:27:03:286 148852 149545 1
07-07-2017-12:27:03:320 149545 150238 1
07-07-2017-12:27:03:366 150238 150931 1
07-07-2017-12:27:03:414 150931 151624 1
07-07-2017-12:27:03:450 151624 152317 1
07-07-2017-12:27:03:497 152317 153010 1
07-07-2017-12:27:03:542 153010 153703 1
07-07-2017-12:27:03:589 153703 154396 1
07-07-2017-12:27:03:624 154396 155089 1
07-07-2017-12:27:03:677 155089 155782 1
07-07-2017-12:27:03:715 155782 156475 1
07-07-2017-12:27:03:759 156475 157168 1
07-07-2017-12:27:03:804 157168 157861 1
07-07-2017-12:27:03:839 157861 158554 1
07-07-2017-12:27:03:886 158554 159247 1
07-07-2017-12:27:03:933 159247 159940 1
07-07-2017-12:27:03:975 159940 160633 1
07-07-2017-12:27:04:014 160633 161326 1
07-07-2017-12:27:04:061 161326 162019 1
07-07-2017-12:27:04:107 162019 162712 1
07-07-2017-12:27:04:142 162712 163405 1
07-07-2017-12:27:04:188 163405 164098 1
07-07-2017-12:27:04:234 164098 164791 1
07-07-2017-12:27:04:282 164791 165484 1
07-07-2017-12:27:04:317 165484 166177 1
07-07-2017-12:27:04:364 166177 166870 1
07-07-2017-12:27:04:409 166870 167563 1
07-07-2017-12:27:04:444 167563 168256 1
07-07-2017-12:27:04:491 168256 168949 1
07-07-2017-12:27:04:539 168949 169642 1
07-07-2017-12:27:04:585 169642 170335 1
07-07-2017-12:27:04:618 170335 171028 1
07-07-2017-12:27:04:666 171028 171721 1
07-07-2017-12:27:04:712 171721 172414 1
07-07-2017-12:27:04:747 172414 173107 1
07-07-2017-12:27:04:795 173107 173800 1
07-07-2017-12:27:04:841 173800 174493 1
07-07-2017-12:27:04:888 174493 175186 1
07-07-2017-12:27:04:923 175186 175879 1
07-07-2017-12:27:04:969 175879 176572 1
07-07-2017-12:27:05:016 176572 177265 1
07-07-2017-12:27:05:051 177265 177958 1
07-07-2017-12:27:05:099 177958 178651 1
07-07-2017-12:27:05:147 178651 179344 1
07-07-2017-12:27:05:192 179344 180037 1
07-07-2017-12:27:05:226 180037 180730 1
07-07-2017-12:27:05:274 180730 181423 1
07-07-2017-12:27:05:319 181423 182116 1
07-07-2017-12:27:05:355 182116 182809 1
07-07-2017-12:27:05:402 182809 183502 1
07-07-2017-12:27:05:448 183502 184195 1
07-07-2017-12:27:05:494 184195 184888 1
07-07-2017-12:27:05:530 184888 185581 1
07-07-2017-12:27:05:577 185581 186274 1
07-07-2017-12:27:05:623 186274 186967 1
07-07-2017-12:27:05:657 186967 187660 1
07-07-2017-12:27:05:909 187660 188353 1
07-07-2017-12:27:05:910 188353 189046 1
07-07-2017-12:27:05:910 189046 189739 1
07-07-2017-12:27:05:910 189739 190432 1
07-07-2017-12:27:05:911 190432 191125 1
07-07-2017-12:27:05:920 191125 191818 1
07-07-2017-12:27:05:967 191818 192511 1
07-07-2017-12:27:06:014 192511 193204 1
07-07-2017-12:27:06:050 193204 193897 1
07-07-2017-12:27:06:100 193897 194590 1
07-07-2017-12:27:06:144 194590 195283 1
07-07-2017-12:27:06:187 195283 195976 1
07-07-2017-12:27:06:234 195976 196669 1
07-07-2017-12:27:06:278 196669 197362 1
07-07-2017-12:27:06:313 197362 198055 1
07-07-2017-12:27:06:358 198055 198748 1
07-07-2017-12:27:06:400 198748 199441 1
07-07-2017-12:27:06:438 199441 200134 1
07-07-2017-12:27:06:487 200134 200827 1
07-07-2017-12:27:06:533 200827 201520 1
07-07-2017-12:27:06:567 201520 202213 1
07-07-2017-12:27:06:616 202213 202906 1
07-07-2017-12:27:06:660 202906 203599 1
07-07-2017-12:27:06:696 203599 204292 1
07-07-2017-12:27:06:743 204292 204985 1
07-07-2017-12:27:06:790 204985 205678 1
07-07-2017-12:27:06:837 205678 206371 1
07-07-2017-12:27:06:871 206371 207064 1
07-07-2017-12:27:06:918 207064 207757 1
07-07-2017-12:27:06:965 207757 208450 1
07-07-2017-12:27:06:999 208450 209143 1
07-07-2017-12:27:07:046 209143 209836 1
07-07-2017-12:27:07:093 209836 210529 1
07-07-2017-12:27:07:140 210529 211222 1
07-07-2017-12:27:07:178 211222 211915 1
07-07-2017-12:27:07:223 211915 212608 1
07-07-2017-12:27:07:268 212608 213301 1
07-07-2017-12:27:07:304 213301 213994 1
07-07-2017-12:27:07:357 213994 214560 1
07-07-2017-12:27:07:385 214560 215126 1
07-07-2017-12:27:07:417 215126 215692 1
07-07-2017-12:27:07:449 215692 216258 1
07-07-2017-12:27:07:483 216258 216824 1
07-07-2017-12:27:07:518 216824 217390 1
07-07-2017-12:27:07:555 217390 217956 1
07-07-2017-12:27:07:587 217956 218522 1
07-07-2017-12:27:07:623 218522 219088 1
07-07-2017-12:27:07:658 219088 219654 1
07-07-2017-12:27:07:818 219654 220220 1
07-07-2017-12:27:07:818 220220 220786 1
07-07-2017-12:27:07:819 220786 221352 1
07-07-2017-12:27:07:819 221352 221918 1
07-07-2017-12:27:07:833 221918 222484 1
07-07-2017-12:27:07:869 222484 223050 1
07-07-2017-12:27:07:916 223050 223616 1
07-07-2017-12:27:07:958 223616 224182 1
07-07-2017-12:27:07:985 224182 224748 1
07-07-2017-12:27:08:014 224748 225314 1
07-07-2017-12:27:08:049 225314 225880 1
07-07-2017-12:27:08:083 225880 226446 1
07-07-2017-12:27:08:118 226446 227012 1
07-07-2017-12:27:08:156 227012 227578 1
07-07-2017-12:27:08:189 227578 228144 1
07-07-2017-12:27:08:223 228144 228710 1
07-07-2017-12:27:08:261 228710 229276 1
07-07-2017-12:27:08:293 229276 229842 1
07-07-2017-12:27:08:328 229842 230408 1
07-07-2017-12:27:08:364 230408 230974 1
07-07-2017-12:27:08:411 230974 231540 1
07-07-2017-12:27:08:446 231540 232106 1
07-07-2017-12:27:08:480 232106 232672 1
07-07-2017-12:27:08:509 232672 233238 1
07-07-2017-12:27:08:543 233238 233804 1
07-07-2017-12:27:08:581 233804 234370 1
07-07-2017-12:27:08:617 234370 234936 1
07-07-2017-12:27:08:651 234936 235502 1
07-07-2017-12:27:08:686 235502 236068 1
07-07-2017-12:27:08:722 236068 236634 1
07-07-2017-12:27:08:758 236634 237200 1
07-07-2017-12:27:08:791 237200 237766 1
07-07-2017-12:27:08:827 237766 238332 1
07-07-2017-12:27:08:862 238332 238898 1
07-07-2017-12:27:08:897 238898 239464 1
07-07-2017-12:27:08:934 239464 240030 1
07-07-2017-12:27:08:967 240030 240596 1
07-07-2017-12:27:09:003 240596 241162 1
07-07-2017-12:27:09:037 241162 241728 1
07-07-2017-12:27:09:075 241728 242294 1
07-07-2017-12:27:09:107 242294 242860 1
07-07-2017-12:27:09:142 242860 243426 1
07-07-2017-12:27:09:189 243426 243992 1
07-07-2017-12:27:09:225 243992 244558 1
07-07-2017-12:27:09:259 244558 245124 1
07-07-2017-12:27:09:294 245124 245690 1
07-07-2017-12:27:09:330 245690 246256 1
07-07-2017-12:27:09:365 246256 246822 1
07-07-2017-12:27:09:401 246822 247388 1
07-07-2017-12:27:09:434 247388 247954 1
07-07-2017-12:27:09:469 247954 248520 1
07-07-2017-12:27:09:505 248520 249086 1
07-07-2017-12:27:09:540 249086 249652 1
07-07-2017-12:27:09:575 249652 250218 1
07-07-2017-12:27:09:602 250218 250784 1
07-07-2017-12:27:09:648 250784 251350 1
07-07-2017-12:27:09:683 251350 251916 1
07-07-2017-12:27:09:719 251916 252482 1
07-07-2017-12:27:09:753 252482 253048 1
07-07-2017-12:27:09:789 253048 253614 1
07-07-2017-12:27:09:823 253614 254180 1
07-07-2017-12:27:09:859 254180 254746 1
07-07-2017-12:27:09:894 254746 255312 1
07-07-2017-12:27:09:929 255312 255878 1
07-07-2017-12:27:09:964 255878 256444 1
07-07-2017-12:27:10:004 256444 257010 1
07-07-2017-12:27:10:038 257010 257576 1
07-07-2017-12:27:10:071 257576 258142 1
07-07-2017-12:27:10:108 258142 258708 1
07-07-2017-12:27:10:142 258708 259274 1
07-07-2017-12:27:10:177 259274 259840 1
07-07-2017-12:27:10:205 259840 260406 1
07-07-2017-12:27:10:243 260406 260972 1
07-07-2017-12:27:10:280 260972 261538 1
07-07-2017-12:27:10:314 261538 262104 1
07-07-2017-12:27:10:350 262104 262670 1
07-07-2017-12:27:10:384 262670 263236 1
07-07-2017-12:27:10:420 263236 263802 1
07-07-2017-12:27:10:455 263802 264368 1
07-07-2017-12:27:10:490 264368 264934 1
07-07-2017-12:27:10:524 264934 265500 1
07-07-2017-12:27:10:559 265500 266066 1
07-07-2017-12:27:10:599 266066 266632 1
07-07-2017-12:27:10:638 266632 267198 1
07-07-2017-12:27:10:673 267198 267764 1
07-07-2017-12:27:10:708 267764 268330 1
07-07-2017-12:27:10:743 268330 268896 1
07-07-2017-12:27:10:874 268896 269462 1
07-07-2017-12:27:10:876 269462 270028 1
07-07-2017-12:27:10:876 270028 270594 1
07-07-2017-12:27:10:882 270594 271160 1
07-07-2017-12:27:10:919 271160 271726 1
07-07-2017-12:27:10:953 271726 272292 1
07-07-2017-12:27:10:987 272292 272858 1
07-07-2017-12:27:11:023 272858 273424 1
07-07-2017-12:27:11:059 273424 273990 1
07-07-2017-12:27:11:094 273990 274556 1
07-07-2017-12:27:11:127 274556 275122 1
07-07-2017-12:27:11:169 275122 275688 1
07-07-2017-12:27:11:200 275688 276254 1
07-07-2017-12:27:11:234 276254 276820 1
07-07-2017-12:27:11:269 276820 277386 1
07-07-2017-12:27:11:304 277386 277952 1
07-07-2017-12:27:11:339 277952 278518 1
07-07-2017-12:27:11:375 278518 279084 1
07-07-2017-12:27:11:409 279084 279650 1
07-07-2017-12:27:11:447 279650 280216 1
07-07-2017-12:27:11:481 280216 280782 1
07-07-2017-12:27:11:516 280782 281348 1
07-07-2017-12:27:11:549 281348 281914 1
07-07-2017-12:27:11:585 281914 282480 1
07-07-2017-12:27:11:621 282480 283046 1
07-07-2017-12:27:11:656 283046 283612 1
07-07-2017-12:27:11:690 283612 284178 1
07-07-2017-12:27:11:725 284178 284744 1
07-07-2017-12:27:11:760 284744 285310 1
07-07-2017-12:27:11:795 285310 285876 1
07-07-2017-12:27:11:841 285876 286442 1
07-07-2017-12:27:11:877 286442 287008 1
07-07-2017-12:27:11:911 287008 287574 1
07-07-2017-12:27:11:948 287574 288140 1
07-07-2017-12:27:11:982 288140 288706 1
07-07-2017-12:27:12:016 288706 289272 1
07-07-2017-12:27:12:052 289272 289838 1
07-07-2017-12:27:12:086 289838 290404 1
07-07-2017-12:27:12:123 290404 290970 1
07-07-2017-12:27:12:164 290970 291536 1
07-07-2017-12:27:12:191 291536 292102 1
07-07-2017-12:27:12:231 292102 292668 1
07-07-2017-12:27:12:264 292668 293234 1
07-07-2017-12:27:12:300 293234 293800 1
07-07-2017-12:27:12:334 293800 294366 1
07-07-2017-12:27:12:369 294366 294932 1
07-07-2017-12:27:12:405 294932 295498 1
07-07-2017-12:27:12:439 295498 296064 1
07-07-2017-12:27:12:476 296064 296630 1
07-07-2017-12:27:12:510 296630 297196 1
07-07-2017-12:27:12:544 297196 297762 1
07-07-2017-12:27:12:580 297762 298328 1
07-07-2017-12:27:12:616 298328 298894 1
07-07-2017-12:27:12:649 298894 299460 1
07-07-2017-12:27:12:686 299460 300026 1
07-07-2017-12:27:12:809 300026 300592 1
07-07-2017-12:27:12:810 300592 301158 1
07-07-2017-12:27:12:810 301158 301724 1
07-07-2017-12:27:12:825 301724 302290 1
07-07-2017-12:27:12:861 302290 302856 1
07-07-2017-12:27:12:895 302856 303422 1
07-07-2017-12:27:12:930 303422 303988 1
07-07-2017-12:27:12:965 303988 304554 1
07-07-2017-12:27:13:004 304554 305120 1
07-07-2017-12:27:13:041 305120 305686 1
07-07-2017-12:27:13:074 305686 306252 1
07-07-2017-12:27:13:109 306252 306818 1
07-07-2017-12:27:13:144 306818 307384 1
07-07-2017-12:27:13:181 307384 307950 1
07-07-2017-12:27:13:214 307950 308516 1
07-07-2017-12:27:13:250 308516 309082 1
07-07-2017-12:27:13:284 309082 309648 1
07-07-2017-12:27:13:329 309648 310214 1
07-07-2017-12:27:13:358 310214 310780 1
07-07-2017-12:27:13:398 310780 311346 1
07-07-2017-12:27:13:435 311346 311912 1
07-07-2017-12:27:13:468 311912 312478 1
07-07-2017-12:27:13:505 312478 313044 1
07-07-2017-12:27:13:539 313044 313610 1
07-07-2017-12:27:13:573 313610 314176 1
07-07-2017-12:27:13:608 314176 314742 1
07-07-2017-12:27:13:644 314742 315308 1
07-07-2017-12:27:13:678 315308 315874 1
07-07-2017-12:27:13:712 315874 316440 1
07-07-2017-12:27:13:748 316440 317006 1
07-07-2017-12:27:13:784 317006 317572 1
07-07-2017-12:27:13:819 317572 318138 1
07-07-2017-12:27:13:860 318138 318704 1
07-07-2017-12:27:13:887 318704 319270 1
07-07-2017-12:27:13:930 319270 319836 1
07-07-2017-12:27:13:960 319836 320402 1
07-07-2017-12:27:13:988 320402 320968 1
07-07-2017-12:27:14:034 320968 321534 1
07-07-2017-12:27:14:065 321534 322100 1
07-07-2017-12:27:14:098 322100 322666 1
07-07-2017-12:27:14:133 322666 323232 1
07-07-2017-12:27:14:169 323232 323798 1
07-07-2017-12:27:14:211 323798 324364 1
07-07-2017-12:27:14:247 324364 324930 1
07-07-2017-12:27:14:280 324930 325496 1
07-07-2017-12:27:14:316 325496 326062 1
07-07-2017-12:27:14:352 326062 326628 1
07-07-2017-12:27:14:379 326628 327194 1
07-07-2017-12:27:14:415 327194 327760 1
07-07-2017-12:27:14:448 327760 328326 1
07-07-2017-12:27:14:485 328326 328892 1
07-07-2017-12:27:14:526 328892 329458 1
07-07-2017-12:27:14:558 329458 330024 1
07-07-2017-12:27:14:593 330024 330590 1
07-07-2017-12:27:14:627 330590 331156 1
07-07-2017-12:27:14:720 331156 331722 1
07-07-2017-12:27:14:721 331722 332288 1
07-07-2017-12:27:14:732 332288 332854 1
07-07-2017-12:27:14:768 332854 333420 1
07-07-2017-12:27:14:803 333420 333986 1
07-07-2017-12:27:14:838 333986 334552 1
07-07-2017-12:27:14:874 334552 335118 1
07-07-2017-12:27:14:920 335118 335684 1
07-07-2017-12:27:14:955 335684 336250 1
07-07-2017-12:27:14:991 336250 336816 1
07-07-2017-12:27:15:024 336816 337382 1
07-07-2017-12:27:15:060 337382 337948 1
07-07-2017-12:27:15:094 337948 338514 1
07-07-2017-12:27:15:132 338514 339080 1
07-07-2017-12:27:15:164 339080 339646 1
07-07-2017-12:27:15:201 339646 340212 1
07-07-2017-12:27:15:235 340212 340778 1
07-07-2017-12:27:15:269 340778 341344 1
07-07-2017-12:27:15:304 341344 341910 1
07-07-2017-12:27:15:341 341910 342476 1
07-07-2017-12:27:15:374 342476 343042 1
07-07-2017-12:27:15:409 343042 343608 1
07-07-2017-12:27:15:444 343608 344174 1
07-07-2017-12:27:15:479 344174 344740 1
07-07-2017-12:27:15:515 344740 345306 1
07-07-2017-12:27:15:550 345306 345872 1
07-07-2017-12:27:15:584 345872 346438 1
07-07-2017-12:27:15:619 346438 347004 1
07-07-2017-12:27:15:655 347004 347570 1
07-07-2017-12:27:15:689 347570 348136 1
07-07-2017-12:27:15:724 348136 348702 1
07-07-2017-12:27:15:764 348702 349268 1
07-07-2017-12:27:15:808 349268 349834 1
07-07-2017-12:27:15:832 349834 350400 1
07-07-2017-12:27:15:867 350400 350966 1
07-07-2017-12:27:15:899 350966 351532 1
07-07-2017-12:27:15:936 351532 352098 1
07-07-2017-12:27:15:974 352098 352664 1
07-07-2017-12:27:16:006 352664 353230 1
07-07-2017-12:27:16:041 353230 353796 1
07-07-2017-12:27:16:077 353796 354362 1
07-07-2017-12:27:16:147 354362 354928 1
07-07-2017-12:27:16:148 354928 355494 1
07-07-2017-12:27:16:192 355494 356060 1
07-07-2017-12:27:16:228 356060 356626 1
07-07-2017-12:27:16:263 356626 357192 1
07-07-2017-12:27:16:298 357192 357758 1
07-07-2017-12:27:16:332 357758 358324 1
07-07-2017-12:27:16:368 358324 358890 1
07-07-2017-12:27:16:402 358890 359456 1
07-07-2017-12:27:16:438 359456 360022 1
07-07-2017-12:27:16:472 360022 360588 1
07-07-2017-12:27:16:508 360588 361154 1
07-07-2017-12:27:16:539 361154 361720 1
07-07-2017-12:27:16:573 361720 362286 1
07-07-2017-12:27:16:607 362286 362852 1
07-07-2017-12:27:16:642 362852 363418 1
07-07-2017-12:27:16:678 363418 363984 1
07-07-2017-12:27:16:722 363984 364550 1
07-07-2017-12:27:16:758 364550 365116 1
07-07-2017-12:27:16:794 365116 365682 1
07-07-2017-12:27:16:829 365682 366248 1
07-07-2017-12:27:16:864 366248 366814 1
07-07-2017-12:27:16:898 366814 367380 1
07-07-2017-12:27:16:933 367380 367946 1
07-07-2017-12:27:16:968 367946 368512 1
07-07-2017-12:27:17:004 368512 369078 1
07-07-2017-12:27:17:039 369078 369644 1
07-07-2017-12:27:17:076 369644 370210 1
07-07-2017-12:27:17:109 370210 370776 1
07-07-2017-12:27:17:146 370776 371342 1
07-07-2017-12:27:17:179 371342 371908 1
07-07-2017-12:27:17:213 371908 372474 1
07-07-2017-12:27:17:248 372474 373040 1
07-07-2017-12:27:17:283 373040 373606 1
07-07-2017-12:27:17:318 373606 374172 1
07-07-2017-12:27:17:353 374172 374738 1
07-07-2017-12:27:17:389 374738 375304 1
07-07-2017-12:27:17:424 375304 375870 1
07-07-2017-12:27:17:460 375870 376436 1
07-07-2017-12:27:17:495 376436 377002 1
07-07-2017-12:27:17:528 377002 377568 1
07-07-2017-12:27:17:564 377568 378134 1
07-07-2017-12:27:17:598 378134 378700 1
07-07-2017-12:27:17:632 378700 379266 1
07-07-2017-12:27:17:669 379266 379832 1
07-07-2017-12:27:17:704 379832 380398 1
07-07-2017-12:27:17:738 380398 380964 1
07-07-2017-12:27:17:772 380964 381530 1
07-07-2017-12:27:17:821 381530 382096 1
07-07-2017-12:27:17:855 382096 382662 1
07-07-2017-12:27:17:891 382662 383228 1
07-07-2017-12:27:17:924 383228 383794 1
07-07-2017-12:27:17:960 383794 384360 1
07-07-2017-12:27:17:998 384360 384926 1
07-07-2017-12:27:18:031 384926 385492 1
07-07-2017-12:27:18:067 385492 386058 1
07-07-2017-12:27:18:101 386058 386624 1
07-07-2017-12:27:18:135 386624 387190 1
07-07-2017-12:27:18:171 387190 387756 1
07-07-2017-12:27:18:207 387756 388322 1
07-07-2017-12:27:18:240 388322 388888 1
07-07-2017-12:27:18:277 388888 389454 1
07-07-2017-12:27:18:397 389454 390020 1
07-07-2017-12:27:18:399 390020 390586 1
07-07-2017-12:27:18:400 390586 391152 1
07-07-2017-12:27:18:416 391152 391718 1
07-07-2017-12:27:18:451 391718 392284 1
07-07-2017-12:27:18:486 392284 392850 1
07-07-2017-12:27:18:521 392850 393416 1
07-07-2017-12:27:18:554 393416 393982 1
07-07-2017-12:27:18:590 393982 394548 1
07-07-2017-12:27:18:625 394548 395114 1
07-07-2017-12:27:18:661 395114 395680 1
07-07-2017-12:27:18:695 395680 396246 1
07-07-2017-12:27:18:730 396246 396812 1
07-07-2017-12:27:18:765 396812 397378 1
07-07-2017-12:27:18:799 397378 397944 1
07-07-2017-12:27:18:835 397944 398510 1
07-07-2017-12:27:18:870 398510 399076 1
07-07-2017-12:27:18:918 399076 399642 1
07-07-2017-12:27:18:953 399642 400208 1
07-07-2017-12:27:18:988 400208 400774 1
07-07-2017-12:27:19:014 400774 401340 1
07-07-2017-12:27:19:050 401340 401906 1
07-07-2017-12:27:19:083 401906 402472 1
07-07-2017-12:27:19:119 402472 403038 1
07-07-2017-12:27:19:153 403038 403604 1
07-07-2017-12:27:19:189 403604 404170 1
07-07-2017-12:27:19:225 404170 404736 1
07-07-2017-12:27:19:259 404736 405302 1
07-07-2017-12:27:19:307 405302 405868 1
07-07-2017-12:27:19:340 405868 406434 1
07-07-2017-12:27:19:376 406434 407000 1
07-07-2017-12:27:19:410 407000 407566 1
07-07-2017-12:27:19:446 407566 408132 1
07-07-2017-12:27:19:482 408132 408698 1
07-07-2017-12:27:19:515 408698 409264 1
07-07-2017-12:27:19:551 409264 409830 1
07-07-2017-12:27:19:585 409830 410396 1
07-07-2017-12:27:19:621 410396 410962 1
07-07-2017-12:27:19:655 410962 411528 1
07-07-2017-12:27:19:691 411528 412094 1
07-07-2017-12:27:19:726 412094 412660 1
07-07-2017-12:27:19:761 412660 413226 1
07-07-2017-12:27:19:796 413226 413792 1
07-07-2017-12:27:19:831 413792 414358 1
07-07-2017-12:27:19:865 414358 414924 1
07-07-2017-12:27:19:901 414924 415490 1
07-07-2017-12:27:19:935 415490 416056 1
07-07-2017-12:27:19:970 416056 416622 1
07-07-2017-12:27:20:007 416622 417188 1
07-07-2017-12:27:20:041 417188 417754 1
07-07-2017-12:27:20:076 417754 418320 1
07-07-2017-12:27:20:111 418320 418886 1
07-07-2017-12:27:20:146 418886 419452 1
07-07-2017-12:27:20:180 419452 420018 1
07-07-2017-12:27:20:220 420018 420584 1
07-07-2017-12:27:20:252 420584 421150 1
07-07-2017-12:27:20:287 421150 421716 1
07-07-2017-12:27:20:320 421716 422282 1
07-07-2017-12:27:20:356 422282 422848 1
07-07-2017-12:27:20:390 422848 423414 1
07-07-2017-12:27:20:439 423414 423980 1
07-07-2017-12:27:20:472 423980 424546 1
07-07-2017-12:27:20:508 424546 425112 1
07-07-2017-12:27:20:542 425112 425678 1
07-07-2017-12:27:20:577 425678 426244 1
07-07-2017-12:27:20:613 426244 426810 1
07-07-2017-12:27:20:649 426810 427376 1
07-07-2017-12:27:20:682 427376 427942 1
07-07-2017-12:27:20:720 427942 428508 1
07-07-2017-12:27:20:752 428508 429074 1
07-07-2017-12:27:20:788 429074 429640 1
07-07-2017-12:27:20:822 429640 430206 1
07-07-2017-12:27:20:862 430206 430772 1
07-07-2017-12:27:20:893 430772 431338 1
07-07-2017-12:27:20:934 431338 431904 1
07-07-2017-12:27:20:961 431904 432470 1
07-07-2017-12:27:20:993 432470 433036 1
07-07-2017-12:27:21:029 433036 433602 1
07-07-2017-12:27:21:065 433602 434168 1
07-07-2017-12:27:21:232 434168 434734 1
07-07-2017-12:27:21:233 434734 435300 1
07-07-2017-12:27:21:233 435300 435866 1
07-07-2017-12:27:21:233 435866 436432 1
07-07-2017-12:27:21:250 436432 436998 1
07-07-2017-12:27:21:285 436998 437564 1
07-07-2017-12:27:21:321 437564 438130 1
07-07-2017-12:27:21:356 438130 438696 1
07-07-2017-12:27:21:391 438696 439262 1
07-07-2017-12:27:21:426 439262 439828 1
07-07-2017-12:27:21:462 439828 440394 1
07-07-2017-12:27:21:495 440394 440960 1
07-07-2017-12:27:21:531 440960 441526 1
07-07-2017-12:27:21:565 441526 442092 1
07-07-2017-12:27:21:600 442092 442658 1
07-07-2017-12:27:21:635 442658 443224 1
07-07-2017-12:27:21:671 443224 443790 1
07-07-2017-12:27:21:706 443790 444356 1
07-07-2017-12:27:21:741 444356 444922 1
07-07-2017-12:27:21:775 444922 445488 1
07-07-2017-12:27:21:810 445488 446054 1
07-07-2017-12:27:21:846 446054 446620 1
07-07-2017-12:27:21:882 446620 447186 1
07-07-2017-12:27:21:919 447186 447752 1
07-07-2017-12:27:21:951 447752 448318 1
07-07-2017-12:27:21:987 448318 448884 1
07-07-2017-12:27:22:020 448884 449450 1
07-07-2017-12:27:22:058 449450 450016 1
07-07-2017-12:27:22:091 450016 450582 1
07-07-2017-12:27:22:127 450582 451148 1
07-07-2017-12:27:22:160 451148 451714 1
07-07-2017-12:27:22:196 451714 452280 1
07-07-2017-12:27:22:231 452280 452846 1
07-07-2017-12:27:22:267 452846 453412 1
07-07-2017-12:27:22:313 453412 453978 1
07-07-2017-12:27:22:348 453978 454544 1
07-07-2017-12:27:22:382 454544 455110 1
07-07-2017-12:27:22:419 455110 455676 1
07-07-2017-12:27:22:453 455676 456242 1
07-07-2017-12:27:22:487 456242 456808 1
07-07-2017-12:27:22:524 456808 457374 1
07-07-2017-12:27:22:561 457374 457940 1
07-07-2017-12:27:22:592 457940 458506 1
07-07-2017-12:27:22:628 458506 459072 1
07-07-2017-12:27:22:662 459072 459638 1
07-07-2017-12:27:22:698 459638 460204 1
07-07-2017-12:27:22:732 460204 460770 1
07-07-2017-12:27:22:767 460770 461336 1
07-07-2017-12:27:22:802 461336 461902 1
07-07-2017-12:27:22:840 461902 462468 1
07-07-2017-12:27:22:874 462468 463034 1
07-07-2017-12:27:22:907 463034 463600 1
07-07-2017-12:27:22:943 463600 464166 1
07-07-2017-12:27:22:977 464166 464732 1
07-07-2017-12:27:23:013 464732 465298 1
07-07-2017-12:27:23:047 465298 465864 1
07-07-2017-12:27:23:083 465864 466430 1
07-07-2017-12:27:23:119 466430 466996 1
07-07-2017-12:27:23:153 466996 467562 1
07-07-2017-12:27:23:190 467562 468128 1
07-07-2017-12:27:23:227 468128 468694 1
07-07-2017-12:27:23:271 468694 469260 1
07-07-2017-12:27:23:302 469260 469826 1
07-07-2017-12:27:23:342 469826 470392 1
07-07-2017-12:27:23:367 470392 470958 1
07-07-2017-12:27:23:399 470958 471524 1
07-07-2017-12:27:23:439 471524 472090 1
07-07-2017-12:27:23:478 472090 472656 1
07-07-2017-12:27:23:519 472656 473222 1
07-07-2017-12:27:23:551 473222 473788 1
07-07-2017-12:27:23:586 473788 474354 1
07-07-2017-12:27:23:622 474354 474920 1
07-07-2017-12:27:23:659 474920 475486 1
07-07-2017-12:27:23:723 475486 476052 1
07-07-2017-12:27:23:727 476052 476618 1
07-07-2017-12:27:23:760 476618 477184 1
07-07-2017-12:27:23:795 477184 477750 1
07-07-2017-12:27:23:830 477750 478316 1
07-07-2017-12:27:23:867 478316 478882 1
07-07-2017-12:27:23:900 478882 479448 1
07-07-2017-12:27:23:938 479448 480014 1
07-07-2017-12:27:23:971 480014 480580 1
07-07-2017-12:27:24:006 480580 481146 1
07-07-2017-12:27:24:042 481146 481712 1
07-07-2017-12:27:24:078 481712 482278 1
07-07-2017-12:27:24:110 482278 482844 1
07-07-2017-12:27:24:145 482844 483410 1
07-07-2017-12:27:24:181 483410 483976 1
07-07-2017-12:27:24:217 483976 484542 1
07-07-2017-12:27:24:250 484542 485108 1
07-07-2017-12:27:24:287 485108 485674 1
07-07-2017-12:27:24:321 485674 486240 1
07-07-2017-12:27:24:356 486240 486806 1
07-07-2017-12:27:24:390 486806 487372 1
07-07-2017-12:27:24:426 487372 487938 1
07-07-2017-12:27:24:462 487938 488504 1
07-07-2017-12:27:24:495 488504 489070 1
07-07-2017-12:27:24:531 489070 489636 1
07-07-2017-12:27:24:566 489636 490202 1
07-07-2017-12:27:24:600 490202 490768 1
07-07-2017-12:27:24:637 490768 491334 1
07-07-2017-12:27:24:683 491334 491900 1
07-07-2017-12:27:24:717 491900 492466 1
07-07-2017-12:27:24:753 492466 493032 1
07-07-2017-12:27:24:787 493032 493598 1
07-07-2017-12:27:24:822 493598 494164 1
07-07-2017-12:27:24:856 494164 494730 1
07-07-2017-12:27:24:892 494730 495296 1
07-07-2017-12:27:24:927 495296 495862 1
07-07-2017-12:27:24:962 495862 496428 1
07-07-2017-12:27:24:997 496428 496994 1
07-07-2017-12:27:25:029 496994 497560 1
07-07-2017-12:27:25:074 497560 498126 1
07-07-2017-12:27:25:105 498126 498692 1
07-07-2017-12:27:25:136 498692 499258 1
07-07-2017-12:27:25:166 499258 499824 1
07-07-2017-12:27:25:213 499824 500390 1
07-07-2017-12:27:25:248 500390 500956 1
07-07-2017-12:27:25:285 500956 501522 1
07-07-2017-12:27:25:319 501522 502088 1
07-07-2017-12:27:25:354 502088 502654 1
07-07-2017-12:27:25:389 502654 503220 1
07-07-2017-12:27:25:424 503220 503786 1
07-07-2017-12:27:25:460 503786 504352 1
07-07-2017-12:27:25:486 504352 504918 1
07-07-2017-12:27:25:527 504918 505484 1
07-07-2017-12:27:25:562 505484 506050 1
07-07-2017-12:27:25:598 506050 506616 1
07-07-2017-12:27:25:631 506616 507182 1
07-07-2017-12:27:25:668 507182 507748 1
07-07-2017-12:27:25:703 507748 508314 1
07-07-2017-12:27:25:738 508314 508880 1
07-07-2017-12:27:25:773 508880 509446 1
07-07-2017-12:27:25:806 509446 510012 1
07-07-2017-12:27:25:843 510012 510578 1
07-07-2017-12:27:25:877 510578 511144 1
07-07-2017-12:27:25:913 511144 511710 1
07-07-2017-12:27:25:947 511710 512276 1
07-07-2017-12:27:25:983 512276 512842 1
07-07-2017-12:27:26:017 512842 513408 1
07-07-2017-12:27:26:053 513408 513974 1
07-07-2017-12:27:26:086 513974 514540 1
07-07-2017-12:27:26:122 514540 515106 1
07-07-2017-12:27:26:158 515106 515672 1
07-07-2017-12:27:26:193 515672 516238 1
07-07-2017-12:27:26:239 516238 516804 1
07-07-2017-12:27:26:274 516804 517370 1
07-07-2017-12:27:26:308 517370 517936 1
07-07-2017-12:27:26:344 517936 518502 1
07-07-2017-12:27:26:380 518502 519068 1
07-07-2017-12:27:26:413 519068 519634 1
07-07-2017-12:27:26:449 519634 520200 1
07-07-2017-12:27:26:485 520200 520766 1
07-07-2017-12:27:26:510 520766 521332 1
07-07-2017-12:27:26:556 521332 521898 1
07-07-2017-12:27:26:599 521898 522464 1
07-07-2017-12:27:26:627 522464 523030 1
07-07-2017-12:27:26:662 523030 523596 1
07-07-2017-12:27:26:698 523596 524162 1
07-07-2017-12:27:26:733 524162 524728 1
07-07-2017-12:27:26:768 524728 525294 1
07-07-2017-12:27:26:806 525294 525860 1
07-07-2017-12:27:27:025 525860 526426 1
07-07-2017-12:27:27:026 526426 526992 1
07-07-2017-12:27:27:027 526992 527558 1
07-07-2017-12:27:27:027 527558 528124 1
07-07-2017-12:27:27:027 528124 528690 1
07-07-2017-12:27:27:027 528690 529256 1
07-07-2017-12:27:27:047 529256 529822 1
07-07-2017-12:27:27:082 529822 530388 1
07-07-2017-12:27:27:117 530388 530954 1
07-07-2017-12:27:27:152 530954 531520 1
07-07-2017-12:27:27:187 531520 532086 1
07-07-2017-12:27:27:222 532086 532652 1
07-07-2017-12:27:27:257 532652 533218 1
07-07-2017-12:27:27:293 533218 533784 1
07-07-2017-12:27:27:327 533784 534350 1
07-07-2017-12:27:27:365 534350 534916 1
07-07-2017-12:27:27:397 534916 535482 1
07-07-2017-12:27:27:436 535482 536048 1
07-07-2017-12:27:27:468 536048 536614 1
07-07-2017-12:27:27:514 536614 537180 1
07-07-2017-12:27:27:539 537180 537746 1
07-07-2017-12:27:27:574 537746 538312 1
07-07-2017-12:27:27:608 538312 538878 1
07-07-2017-12:27:27:643 538878 539444 1
07-07-2017-12:27:27:679 539444 540010 1
07-07-2017-12:27:27:713 540010 540576 1
07-07-2017-12:27:27:749 540576 541142 1
07-07-2017-12:27:27:794 541142 541708 1
07-07-2017-12:27:27:830 541708 542274 1
07-07-2017-12:27:27:866 542274 542840 1
07-07-2017-12:27:27:901 542840 543406 1
07-07-2017-12:27:27:936 543406 543972 1
07-07-2017-12:27:27:971 543972 544538 1
07-07-2017-12:27:28:006 544538 545104 1
07-07-2017-12:27:28:039 545104 545670 1
07-07-2017-12:27:28:075 545670 546236 1
07-07-2017-12:27:28:111 546236 546802 1
07-07-2017-12:27:28:146 546802 547368 1
07-07-2017-12:27:28:180 547368 547934 1
07-07-2017-12:27:28:216 547934 548500 1
07-07-2017-12:27:28:251 548500 549066 1
07-07-2017-12:27:28:285 549066 549632 1
07-07-2017-12:27:28:322 549632 550198 1
07-07-2017-12:27:28:355 550198 550764 1
07-07-2017-12:27:28:392 550764 551330 1
07-07-2017-12:27:28:426 551330 551896 1
07-07-2017-12:27:28:463 551896 552462 1
07-07-2017-12:27:28:497 552462 553028 1
07-07-2017-12:27:28:536 553028 553594 1
07-07-2017-12:27:28:572 553594 554160 1
07-07-2017-12:27:28:607 554160 554726 1
07-07-2017-12:27:28:641 554726 555292 1
07-07-2017-12:27:28:676 555292 555858 1
07-07-2017-12:27:28:713 555858 556424 1
07-07-2017-12:27:28:751 556424 556990 1
07-07-2017-12:27:28:877 556990 557556 1
07-07-2017-12:27:28:878 557556 558122 1
07-07-2017-12:27:28:878 558122 558688 1
07-07-2017-12:27:28:886 558688 559254 1
07-07-2017-12:27:28:922 559254 559820 1
07-07-2017-12:27:28:956 559820 560386 1
07-07-2017-12:27:28:990 560386 560952 1
07-07-2017-12:27:29:027 560952 561518 1
07-07-2017-12:27:29:062 561518 562084 1
07-07-2017-12:27:29:096 562084 562650 1
07-07-2017-12:27:29:131 562650 563216 1
07-07-2017-12:27:29:167 563216 563782 1
07-07-2017-12:27:29:202 563782 564348 1
07-07-2017-12:27:29:237 564348 564914 1
07-07-2017-12:27:29:272 564914 565480 1
07-07-2017-12:27:29:306 565480 566046 1
07-07-2017-12:27:29:341 566046 566612 1
07-07-2017-12:27:29:377 566612 567178 1
07-07-2017-12:27:29:412 567178 567744 1
07-07-2017-12:27:29:461 567744 568310 1
07-07-2017-12:27:29:494 568310 568876 1
07-07-2017-12:27:29:528 568876 569442 1
07-07-2017-12:27:29:564 569442 570008 1
07-07-2017-12:27:29:599 570008 570574 1
07-07-2017-12:27:29:632 570574 571140 1
07-07-2017-12:27:29:669 571140 571706 1
07-07-2017-12:27:29:703 571706 572272 1
07-07-2017-12:27:29:739 572272 572838 1
07-07-2017-12:27:29:773 572838 573404 1
07-07-2017-12:27:29:810 573404 573970 1
07-07-2017-12:27:29:844 573970 574536 1
07-07-2017-12:27:29:878 574536 575102 1
07-07-2017-12:27:29:913 575102 575668 1
07-07-2017-12:27:29:947 575668 576234 1
07-07-2017-12:27:29:982 576234 576800 1
07-07-2017-12:27:30:019 576800 577366 1
07-07-2017-12:27:30:052 577366 577932 1
07-07-2017-12:27:30:091 577932 578498 1
07-07-2017-12:27:30:123 578498 579064 1
07-07-2017-12:27:30:157 579064 579630 1
07-07-2017-12:27:30:194 579630 580196 1
07-07-2017-12:27:30:229 580196 580762 1
07-07-2017-12:27:30:263 580762 581328 1
07-07-2017-12:27:30:299 581328 581894 1
07-07-2017-12:27:30:333 581894 582460 1
07-07-2017-12:27:30:370 582460 583026 1
07-07-2017-12:27:30:405 583026 583592 1
07-07-2017-12:27:30:438 583592 584158 1
07-07-2017-12:27:30:473 584158 584724 1
07-07-2017-12:27:30:509 584724 585290 1
07-07-2017-12:27:30:556 585290 585856 1
07-07-2017-12:27:30:590 585856 586422 1
07-07-2017-12:27:30:627 586422 586988 1
07-07-2017-12:27:30:664 586988 587554 1
07-07-2017-12:27:30:696 587554 588120 1
07-07-2017-12:27:30:724 588120 588686 1
07-07-2017-12:27:30:764 588686 589252 1
07-07-2017-12:27:30:793 589252 589818 1
07-07-2017-12:27:30:837 589818 590384 1
07-07-2017-12:27:30:870 590384 590950 1
07-07-2017-12:27:30:907 590950 591516 1
07-07-2017-12:27:30:942 591516 592082 1
07-07-2017-12:27:30:977 592082 592648 1
07-07-2017-12:27:31:017 592648 593214 1
07-07-2017-12:27:31:056 593214 593780 1
07-07-2017-12:27:31:077 593780 594346 1
07-07-2017-12:27:31:112 594346 594912 1
07-07-2017-12:27:31:151 594912 595478 1
07-07-2017-12:27:31:191 595478 596044 1
07-07-2017-12:27:31:226 596044 596610 1
07-07-2017-12:27:31:261 596610 597176 1
07-07-2017-12:27:31:297 597176 597742 1
07-07-2017-12:27:31:333 597742 598308 1
07-07-2017-12:27:31:367 598308 598874 1
07-07-2017-12:27:31:403 598874 599440 1
07-07-2017-12:27:31:435 599440 600006 1
07-07-2017-12:27:31:472 600006 600572 1
07-07-2017-12:27:31:507 600572 601138 1
07-07-2017-12:27:31:542 601138 601704 1
07-07-2017-12:27:31:575 601704 602270 1
07-07-2017-12:27:31:613 602270 602836 1
07-07-2017-12:27:31:647 602836 603402 1
07-07-2017-12:27:31:683 603402 603968 1
07-07-2017-12:27:31:717 603968 604534 1
07-07-2017-12:27:31:751 604534 605100 1
07-07-2017-12:27:31:793 605100 605666 1
07-07-2017-12:27:31:827 605666 606232 1
07-07-2017-12:27:31:864 606232 606798 1
07-07-2017-12:27:31:897 606798 607364 1
07-07-2017-12:27:32:314 607364 607930 1
07-07-2017-12:27:32:315 607930 608496 1
07-07-2017-12:27:32:315 608496 609062 1
07-07-2017-12:27:32:315 609062 609628 1
07-07-2017-12:27:32:315 609628 610194 1
07-07-2017-12:27:32:315 610194 610760 1
07-07-2017-12:27:32:315 610760 611326 1
07-07-2017-12:27:32:315 611326 611892 1
07-07-2017-12:27:32:315 611892 612458 1
07-07-2017-12:27:32:316 612458 613024 1
07-07-2017-12:27:32:316 613024 613590 1
07-07-2017-12:27:32:321 613590 614156 1
07-07-2017-12:27:32:353 614156 614722 1
07-07-2017-12:27:32:389 614722 615288 1
07-07-2017-12:27:32:422 615288 615854 1
07-07-2017-12:27:32:465 615854 616420 1
07-07-2017-12:27:32:494 616420 616986 1
07-07-2017-12:27:32:534 616986 617552 1
07-07-2017-12:27:32:574 617552 618118 1
07-07-2017-12:27:32:605 618118 618684 1
07-07-2017-12:27:32:641 618684 619250 1
07-07-2017-12:27:32:674 619250 619816 1
07-07-2017-12:27:32:711 619816 620382 1
07-07-2017-12:27:32:745 620382 620948 1
07-07-2017-12:27:32:780 620948 621514 1
07-07-2017-12:27:32:814 621514 622080 1
07-07-2017-12:27:32:852 622080 622646 1
07-07-2017-12:27:32:886 622646 623212 1
07-07-2017-12:27:32:922 623212 623778 1
07-07-2017-12:27:32:955 623778 624344 1
07-07-2017-12:27:32:990 624344 624910 1
07-07-2017-12:27:33:025 624910 625476 1
07-07-2017-12:27:33:060 625476 626042 1
07-07-2017-12:27:33:094 626042 626608 1
07-07-2017-12:27:33:131 626608 627174 1
07-07-2017-12:27:33:168 627174 627740 1
07-07-2017-12:27:33:197 627740 628306 1
07-07-2017-12:27:33:243 628306 628872 1
07-07-2017-12:27:33:279 628872 629438 1
07-07-2017-12:27:33:313 629438 630004 1
07-07-2017-12:27:33:348 630004 630570 1
07-07-2017-12:27:33:384 630570 631136 1
07-07-2017-12:27:33:418 631136 631702 1
07-07-2017-12:27:33:454 631702 632268 1
07-07-2017-12:27:33:488 632268 632834 1
07-07-2017-12:27:33:522 632834 633400 1
07-07-2017-12:27:33:558 633400 633966 1
