07-07-2017-12:14:39:928 0 720 1
07-07-2017-12:14:39:968 720 1440 1
07-07-2017-12:14:40:016 1440 2160 1
07-07-2017-12:14:40:060 2160 2880 1
07-07-2017-12:14:40:106 2880 3600 1
07-07-2017-12:14:40:153 3600 4320 1
07-07-2017-12:14:40:187 4320 5040 1
07-07-2017-12:14:40:239 5040 5680 1
07-07-2017-12:14:40:275 5680 6320 1
07-07-2017-12:14:40:309 6320 6960 1
07-07-2017-12:14:40:355 6960 7600 1
07-07-2017-12:14:40:389 7600 8240 1
07-07-2017-12:14:40:432 8240 8880 1
07-07-2017-12:14:40:478 8880 9520 1
07-07-2017-12:14:40:512 9520 10160 1
07-07-2017-12:14:40:553 10160 10800 1
07-07-2017-12:14:40:586 10800 11440 1
07-07-2017-12:14:40:634 11440 12080 1
07-07-2017-12:14:40:673 12080 12720 1
07-07-2017-12:14:40:709 12720 13360 1
07-07-2017-12:14:40:755 13360 14000 1
07-07-2017-12:14:40:791 14000 14640 1
07-07-2017-12:14:40:837 14640 15280 1
07-07-2017-12:14:40:876 15280 15920 1
07-07-2017-12:14:40:912 15920 16560 1
07-07-2017-12:14:40:958 16560 17200 1
07-07-2017-12:14:40:993 17200 17840 1
07-07-2017-12:14:41:028 17840 18480 1
07-07-2017-12:14:41:075 18480 19120 1
07-07-2017-12:14:41:111 19120 19760 1
07-07-2017-12:14:41:150 19760 20400 1
07-07-2017-12:14:41:188 20400 21040 1
07-07-2017-12:14:41:229 21040 21680 1
07-07-2017-12:14:41:277 21680 22320 1
07-07-2017-12:14:41:311 22320 22960 1
07-07-2017-12:14:41:357 22960 23600 1
07-07-2017-12:14:41:392 23600 24240 1
07-07-2017-12:14:41:427 24240 24880 1
07-07-2017-12:14:41:476 24880 25520 1
07-07-2017-12:14:41:513 25520 26160 1
07-07-2017-12:14:41:558 26160 26800 1
07-07-2017-12:14:41:594 26800 27440 1
07-07-2017-12:14:41:628 27440 28080 1
07-07-2017-12:14:41:676 28080 28720 1
07-07-2017-12:14:41:710 28720 29360 1
07-07-2017-12:14:41:757 29360 30000 1
07-07-2017-12:14:41:792 30000 30640 1
07-07-2017-12:14:41:838 30640 31280 1
07-07-2017-12:14:41:874 31280 31920 1
07-07-2017-12:14:41:914 31920 32560 1
07-07-2017-12:14:41:949 32560 33200 1
07-07-2017-12:14:41:995 33200 33840 1
07-07-2017-12:14:42:031 33840 34480 1
07-07-2017-12:14:42:078 34480 35120 1
07-07-2017-12:14:42:117 35120 35760 1
07-07-2017-12:14:42:152 35760 36400 1
07-07-2017-12:14:42:198 36400 37040 1
07-07-2017-12:14:42:234 37040 37680 1
07-07-2017-12:14:42:268 37680 38320 1
07-07-2017-12:14:42:315 38320 38960 1
07-07-2017-12:14:42:350 38960 39600 1
07-07-2017-12:14:42:397 39600 40240 1
07-07-2017-12:14:42:434 40240 40880 1
07-07-2017-12:14:42:476 40880 41520 1
07-07-2017-12:14:42:511 41520 42160 1
07-07-2017-12:14:42:557 42160 42800 1
07-07-2017-12:14:42:591 42800 43440 1
07-07-2017-12:14:42:638 43440 44080 1
07-07-2017-12:14:42:672 44080 44720 1
07-07-2017-12:14:42:714 44720 45360 1
07-07-2017-12:14:42:748 45360 46000 1
07-07-2017-12:14:42:795 46000 46640 1
07-07-2017-12:14:42:830 46640 47280 1
07-07-2017-12:14:42:881 47280 47920 1
07-07-2017-12:14:42:911 47920 48560 1
07-07-2017-12:14:42:958 48560 49200 1
07-07-2017-12:14:42:997 49200 49840 1
07-07-2017-12:14:43:309 49840 50480 1
07-07-2017-12:14:43:310 50480 51120 1
07-07-2017-12:14:43:310 51120 51760 1
07-07-2017-12:14:43:310 51760 52400 1
07-07-2017-12:14:43:313 52400 53040 1
07-07-2017-12:14:43:313 53040 53680 1
07-07-2017-12:14:43:313 53680 54320 1
07-07-2017-12:14:43:318 54320 54960 1
07-07-2017-12:14:43:352 54960 55600 1
07-07-2017-12:14:43:398 55600 56240 1
07-07-2017-12:14:43:432 56240 56880 1
07-07-2017-12:14:43:468 56880 57520 1
07-07-2017-12:14:43:515 57520 58160 1
07-07-2017-12:14:43:549 58160 58800 1
07-07-2017-12:14:43:600 58800 59400 1
07-07-2017-12:14:43:629 59400 60000 1
07-07-2017-12:14:43:667 60000 60600 1
07-07-2017-12:14:43:700 60600 61200 1
07-07-2017-12:14:43:738 61200 61800 1
07-07-2017-12:14:43:782 61800 62400 1
07-07-2017-12:14:43:816 62400 63000 1
07-07-2017-12:14:43:858 63000 63600 1
07-07-2017-12:14:43:891 63600 64200 1
07-07-2017-12:14:43:930 64200 64800 1
07-07-2017-12:14:43:962 64800 65400 1
07-07-2017-12:14:44:005 65400 66000 1
07-07-2017-12:14:44:036 66000 66600 1
07-07-2017-12:14:44:089 66600 67200 1
07-07-2017-12:14:44:114 67200 67800 1
07-07-2017-12:14:44:147 67800 68400 1
07-07-2017-12:14:44:193 68400 69000 1
07-07-2017-12:14:44:235 69000 69600 1
07-07-2017-12:14:44:268 69600 70200 1
07-07-2017-12:14:44:304 70200 70800 1
07-07-2017-12:14:44:339 70800 71400 1
07-07-2017-12:14:44:373 71400 72000 1
07-07-2017-12:14:44:419 72000 72600 1
07-07-2017-12:14:44:460 72600 73200 1
07-07-2017-12:14:44:495 73200 73800 1
07-07-2017-12:14:44:531 73800 74400 1
07-07-2017-12:14:44:564 74400 75000 1
07-07-2017-12:14:44:603 75000 75600 1
07-07-2017-12:14:44:645 75600 76200 1
07-07-2017-12:14:44:680 76200 76800 1
07-07-2017-12:14:44:721 76800 77400 1
07-07-2017-12:14:44:756 77400 78000 1
07-07-2017-12:14:44:789 78000 78600 1
07-07-2017-12:14:44:824 78600 79200 1
07-07-2017-12:14:44:860 79200 79800 1
07-07-2017-12:14:44:906 79800 80400 1
07-07-2017-12:14:44:944 80400 81000 1
07-07-2017-12:14:44:974 81000 81600 1
07-07-2017-12:14:45:024 81600 82200 1
07-07-2017-12:14:45:056 82200 82800 1
07-07-2017-12:14:45:094 82800 83400 1
07-07-2017-12:14:45:126 83400 84000 1
07-07-2017-12:14:45:163 84000 84600 1
07-07-2017-12:14:45:208 84600 85200 1
07-07-2017-12:14:45:246 85200 85800 1
07-07-2017-12:14:45:283 85800 86400 1
07-07-2017-12:14:45:317 86400 87000 1
07-07-2017-12:14:45:352 87000 87600 1
07-07-2017-12:14:45:386 87600 88200 1
07-07-2017-12:14:45:434 88200 88800 1
07-07-2017-12:14:45:474 88800 89400 1
07-07-2017-12:14:45:509 89400 90000 1
07-07-2017-12:14:45:542 90000 90600 1
07-07-2017-12:14:45:577 90600 91200 1
07-07-2017-12:14:45:613 91200 91800 1
07-07-2017-12:14:45:647 91800 92400 1
07-07-2017-12:14:45:694 92400 93000 1
07-07-2017-12:14:45:730 93000 93600 1
07-07-2017-12:14:45:769 93600 94200 1
07-07-2017-12:14:45:804 94200 94800 1
07-07-2017-12:14:45:840 94800 95400 1
07-07-2017-12:14:45:874 95400 96000 1
07-07-2017-12:14:45:921 96000 96600 1
07-07-2017-12:14:45:955 96600 97200 1
07-07-2017-12:14:45:991 97200 97800 1
07-07-2017-12:14:46:026 97800 98400 1
07-07-2017-12:14:46:060 98400 99000 1
07-07-2017-12:14:46:101 99000 99600 1
07-07-2017-12:14:46:137 99600 100200 1
07-07-2017-12:14:46:391 100200 100800 1
07-07-2017-12:14:46:392 100800 101400 1
07-07-2017-12:14:46:393 101400 102000 1
07-07-2017-12:14:46:393 102000 102600 1
07-07-2017-12:14:46:393 102600 103200 1
07-07-2017-12:14:46:393 103200 103800 1
07-07-2017-12:14:46:409 103800 104400 1
07-07-2017-12:14:46:445 104400 105000 1
07-07-2017-12:14:46:478 105000 105600 1
07-07-2017-12:14:46:513 105600 106200 1
07-07-2017-12:14:46:549 106200 106800 1
07-07-2017-12:14:46:595 106800 107400 1
07-07-2017-12:14:46:631 107400 108000 1
07-07-2017-12:14:46:666 108000 108600 1
07-07-2017-12:14:46:700 108600 109200 1
07-07-2017-12:14:46:735 109200 109800 1
07-07-2017-12:14:46:775 109800 110400 1
07-07-2017-12:14:46:820 110400 111000 1
07-07-2017-12:14:46:855 111000 111600 1
07-07-2017-12:14:46:891 111600 112200 1
07-07-2017-12:14:46:926 112200 112800 1
07-07-2017-12:14:46:965 112800 113400 1
07-07-2017-12:14:47:000 113400 114000 1
07-07-2017-12:14:47:036 114000 114600 1
07-07-2017-12:14:47:082 114600 115200 1
07-07-2017-12:14:47:115 115200 115800 1
07-07-2017-12:14:47:151 115800 116400 1
07-07-2017-12:14:47:185 116400 117000 1
07-07-2017-12:14:47:230 117000 117600 1
07-07-2017-12:14:47:265 117600 118200 1
07-07-2017-12:14:47:301 118200 118800 1
07-07-2017-12:14:47:335 118800 119400 1
07-07-2017-12:14:47:385 119400 120000 1
07-07-2017-12:14:47:416 120000 120600 1
07-07-2017-12:14:47:452 120600 121200 1
07-07-2017-12:14:47:485 121200 121800 1
07-07-2017-12:14:47:527 121800 122400 1
07-07-2017-12:14:47:561 122400 123000 1
07-07-2017-12:14:47:609 123000 123600 1
07-07-2017-12:14:47:648 123600 124200 1
07-07-2017-12:14:47:678 124200 124800 1
07-07-2017-12:14:47:714 124800 125400 1
07-07-2017-12:14:47:747 125400 126000 1
07-07-2017-12:14:47:789 126000 126600 1
07-07-2017-12:14:47:870 126600 127200 1
07-07-2017-12:14:47:871 127200 127800 1
07-07-2017-12:14:47:903 127800 128400 1
07-07-2017-12:14:47:938 128400 129000 1
07-07-2017-12:14:47:973 129000 129600 1
07-07-2017-12:14:48:020 129600 130200 1
07-07-2017-12:14:48:054 130200 130800 1
07-07-2017-12:14:48:094 130800 131400 1
07-07-2017-12:14:48:129 131400 132000 1
07-07-2017-12:14:48:166 132000 132600 1
07-07-2017-12:14:48:199 132600 133200 1
07-07-2017-12:14:48:244 133200 133800 1
07-07-2017-12:14:48:280 133800 134400 1
07-07-2017-12:14:48:316 134400 135000 1
07-07-2017-12:14:48:356 135000 135600 1
07-07-2017-12:14:48:389 135600 136200 1
07-07-2017-12:14:48:425 136200 136800 1
07-07-2017-12:14:48:460 136800 137400 1
07-07-2017-12:14:48:506 137400 138000 1
07-07-2017-12:14:48:541 138000 138600 1
07-07-2017-12:14:48:577 138600 139200 1
07-07-2017-12:14:48:617 139200 139800 1
07-07-2017-12:14:48:655 139800 140400 1
07-07-2017-12:14:48:686 140400 141000 1
07-07-2017-12:14:48:733 141000 141600 1
07-07-2017-12:14:48:767 141600 142200 1
07-07-2017-12:14:48:804 142200 142800 1
07-07-2017-12:14:48:839 142800 143400 1
07-07-2017-12:14:48:872 143400 144000 1
07-07-2017-12:14:48:917 144000 144600 1
07-07-2017-12:14:48:952 144600 145200 1
07-07-2017-12:14:48:988 145200 145800 1
07-07-2017-12:14:49:026 145800 146400 1
07-07-2017-12:14:49:069 146400 147000 1
07-07-2017-12:14:49:104 147000 147600 1
07-07-2017-12:14:49:138 147600 148200 1
07-07-2017-12:14:49:173 148200 148800 1
07-07-2017-12:14:49:214 148800 149400 1
07-07-2017-12:14:49:249 149400 150000 1
07-07-2017-12:14:49:296 150000 150600 1
07-07-2017-12:14:49:330 150600 151200 1
07-07-2017-12:14:49:366 151200 151800 1
07-07-2017-12:14:49:399 151800 152400 1
07-07-2017-12:14:49:434 152400 153000 1
07-07-2017-12:14:49:482 153000 153600 1
07-07-2017-12:14:49:523 153600 154200 1
07-07-2017-12:14:49:556 154200 154800 1
07-07-2017-12:14:49:591 154800 155400 1
07-07-2017-12:14:49:627 155400 156000 1
07-07-2017-12:14:49:662 156000 156600 1
07-07-2017-12:14:49:707 156600 157200 1
07-07-2017-12:14:49:742 157200 157800 1
07-07-2017-12:14:49:777 157800 158400 1
07-07-2017-12:14:49:817 158400 159000 1
07-07-2017-12:14:49:850 159000 159600 1
07-07-2017-12:14:49:886 159600 160200 1
07-07-2017-12:14:49:932 160200 160800 1
07-07-2017-12:14:49:964 160800 161400 1
07-07-2017-12:14:50:006 161400 162000 1
07-07-2017-12:14:50:043 162000 162600 1
07-07-2017-12:14:50:076 162600 163200 1
07-07-2017-12:14:50:112 163200 163800 1
07-07-2017-12:14:50:172 163800 164400 1
07-07-2017-12:14:50:199 164400 165000 1
07-07-2017-12:14:50:234 165000 165600 1
07-07-2017-12:14:50:269 165600 166200 1
07-07-2017-12:14:50:308 166200 166800 1
07-07-2017-12:14:50:337 166800 167400 1
07-07-2017-12:14:50:373 167400 168000 1
07-07-2017-12:14:50:420 168000 168600 1
07-07-2017-12:14:50:455 168600 169200 1
07-07-2017-12:14:50:487 169200 169800 1
07-07-2017-12:14:50:532 169800 170400 1
07-07-2017-12:14:50:570 170400 171000 1
07-07-2017-12:14:50:604 171000 171600 1
07-07-2017-12:14:50:637 171600 172200 1
07-07-2017-12:14:50:672 172200 172800 1
07-07-2017-12:14:50:719 172800 173400 1
07-07-2017-12:14:50:757 173400 174000 1
07-07-2017-12:14:50:792 174000 174600 1
07-07-2017-12:14:50:827 174600 175200 1
07-07-2017-12:14:50:862 175200 175800 1
07-07-2017-12:14:50:898 175800 176400 1
07-07-2017-12:14:50:943 176400 177000 1
07-07-2017-12:14:50:979 177000 177600 1
07-07-2017-12:14:51:014 177600 178200 1
07-07-2017-12:14:51:053 178200 178800 1
07-07-2017-12:14:51:089 178800 179400 1
07-07-2017-12:14:51:124 179400 180000 1
07-07-2017-12:14:51:170 180000 180600 1
07-07-2017-12:14:51:207 180600 181200 1
07-07-2017-12:14:51:240 181200 181800 1
07-07-2017-12:14:51:275 181800 182400 1
07-07-2017-12:14:51:309 182400 183000 1
07-07-2017-12:14:51:349 183000 183600 1
07-07-2017-12:14:51:396 183600 184200 1
07-07-2017-12:14:51:430 184200 184800 1
07-07-2017-12:14:51:465 184800 185400 1
07-07-2017-12:14:51:505 185400 186000 1
07-07-2017-12:14:51:539 186000 186600 1
07-07-2017-12:14:51:577 186600 187200 1
07-07-2017-12:14:51:610 187200 187800 1
07-07-2017-12:14:51:656 187800 188400 1
07-07-2017-12:14:51:690 188400 189000 1
07-07-2017-12:14:51:726 189000 189600 1
07-07-2017-12:14:51:766 189600 190200 1
07-07-2017-12:14:51:800 190200 190800 1
07-07-2017-12:14:51:836 190800 191400 1
07-07-2017-12:14:51:883 191400 192000 1
07-07-2017-12:14:51:916 192000 192600 1
07-07-2017-12:14:51:953 192600 193200 1
07-07-2017-12:14:51:987 193200 193800 1
07-07-2017-12:14:52:022 193800 194400 1
07-07-2017-12:14:52:062 194400 195000 1
07-07-2017-12:14:52:109 195000 195600 1
07-07-2017-12:14:52:147 195600 196200 1
07-07-2017-12:14:52:177 196200 196800 1
07-07-2017-12:14:52:212 196800 197400 1
07-07-2017-12:14:52:247 197400 198000 1
07-07-2017-12:14:52:295 198000 198600 1
07-07-2017-12:14:52:330 198600 199200 1
07-07-2017-12:14:52:370 199200 199800 1
07-07-2017-12:14:52:403 199800 200400 1
07-07-2017-12:14:52:439 200400 201000 1
07-07-2017-12:14:52:566 201000 201600 1
07-07-2017-12:14:52:567 201600 202200 1
07-07-2017-12:14:52:567 202200 202800 1
07-07-2017-12:14:52:590 202800 203400 1
07-07-2017-12:14:52:626 203400 204000 1
07-07-2017-12:14:52:664 204000 204600 1
07-07-2017-12:14:52:699 204600 205200 1
07-07-2017-12:14:52:746 205200 205800 1
07-07-2017-12:14:52:780 205800 206400 1
07-07-2017-12:14:52:816 206400 207000 1
07-07-2017-12:14:52:851 207000 207600 1
07-07-2017-12:14:52:890 207600 208200 1
07-07-2017-12:14:52:931 208200 208800 1
07-07-2017-12:14:52:965 208800 209400 1
07-07-2017-12:14:52:998 209400 210000 1
07-07-2017-12:14:53:036 210000 210600 1
07-07-2017-12:14:53:080 210600 211200 1
07-07-2017-12:14:53:114 211200 211800 1
07-07-2017-12:14:53:148 211800 212400 1
07-07-2017-12:14:53:195 212400 213000 1
07-07-2017-12:14:53:229 213000 213600 1
07-07-2017-12:14:53:265 213600 214200 1
07-07-2017-12:14:53:299 214200 214800 1
07-07-2017-12:14:53:336 214800 215400 1
07-07-2017-12:14:53:381 215400 216000 1
07-07-2017-12:14:53:421 216000 216600 1
07-07-2017-12:14:53:457 216600 217200 1
07-07-2017-12:14:53:490 217200 217800 1
07-07-2017-12:14:53:527 217800 218400 1
07-07-2017-12:14:53:561 218400 219000 1
07-07-2017-12:14:53:607 219000 219600 1
07-07-2017-12:14:53:644 219600 220200 1
07-07-2017-12:14:53:677 220200 220800 1
07-07-2017-12:14:53:718 220800 221400 1
07-07-2017-12:14:53:757 221400 222000 1
07-07-2017-12:14:53:791 222000 222600 1
07-07-2017-12:14:53:827 222600 223200 1
07-07-2017-12:14:53:861 223200 223800 1
07-07-2017-12:14:53:909 223800 224400 1
07-07-2017-12:14:53:942 224400 225000 1
07-07-2017-12:14:53:977 225000 225600 1
07-07-2017-12:14:54:013 225600 226200 1
07-07-2017-12:14:54:053 226200 226800 1
07-07-2017-12:14:54:088 226800 227400 1
07-07-2017-12:14:54:123 227400 228000 1
07-07-2017-12:14:54:169 228000 228600 1
07-07-2017-12:14:54:203 228600 229200 1
07-07-2017-12:14:54:239 229200 229800 1
07-07-2017-12:14:54:273 229800 230400 1
07-07-2017-12:14:54:313 230400 231000 1
07-07-2017-12:14:54:348 231000 231600 1
07-07-2017-12:14:54:395 231600 232200 1
07-07-2017-12:14:54:430 232200 232800 1
07-07-2017-12:14:54:466 232800 233400 1
07-07-2017-12:14:54:500 233400 234000 1
07-07-2017-12:14:54:535 234000 234600 1
07-07-2017-12:14:54:581 234600 235200 1
07-07-2017-12:14:54:618 235200 235800 1
07-07-2017-12:14:54:657 235800 236400 1
07-07-2017-12:14:54:691 236400 237000 1
07-07-2017-12:14:54:725 237000 237600 1
07-07-2017-12:14:54:760 237600 238200 1
07-07-2017-12:14:54:807 238200 238800 1
07-07-2017-12:14:54:841 238800 239400 1
07-07-2017-12:14:54:877 239400 240000 1
07-07-2017-12:14:54:916 240000 240600 1
07-07-2017-12:14:54:951 240600 241200 1
07-07-2017-12:14:54:988 241200 241800 1
07-07-2017-12:14:55:031 241800 242400 1
07-07-2017-12:14:55:067 242400 243000 1
07-07-2017-12:14:55:103 243000 243600 1
07-07-2017-12:14:55:137 243600 244200 1
07-07-2017-12:14:55:172 244200 244800 1
07-07-2017-12:14:55:211 244800 245400 1
07-07-2017-12:14:55:258 245400 246000 1
07-07-2017-12:14:55:293 246000 246600 1
07-07-2017-12:14:55:326 246600 247200 1
07-07-2017-12:14:55:361 247200 247800 1
07-07-2017-12:14:55:397 247800 248400 1
07-07-2017-12:14:55:444 248400 249000 1
07-07-2017-12:14:55:483 249000 249600 1
07-07-2017-12:14:55:519 249600 250200 1
07-07-2017-12:14:55:552 250200 250800 1
07-07-2017-12:14:55:588 250800 251400 1
07-07-2017-12:14:55:847 251400 252000 1
07-07-2017-12:14:55:851 252000 252600 1
07-07-2017-12:14:55:851 252600 253200 1
07-07-2017-12:14:55:851 253200 253800 1
07-07-2017-12:14:55:852 253800 254400 1
07-07-2017-12:14:55:853 254400 255000 1
07-07-2017-12:14:55:853 255000 255600 1
07-07-2017-12:14:55:895 255600 256200 1
07-07-2017-12:14:55:932 256200 256800 1
07-07-2017-12:14:55:969 256800 257400 1
07-07-2017-12:14:56:004 257400 258000 1
07-07-2017-12:14:56:040 258000 258600 1
07-07-2017-12:14:56:075 258600 259200 1
07-07-2017-12:14:56:120 259200 259800 1
07-07-2017-12:14:56:156 259800 260400 1
07-07-2017-12:14:56:189 260400 261000 1
07-07-2017-12:14:56:229 261000 261600 1
07-07-2017-12:14:56:265 261600 262200 1
07-07-2017-12:14:56:299 262200 262800 1
07-07-2017-12:14:56:335 262800 263400 1
07-07-2017-12:14:56:381 263400 264000 1
07-07-2017-12:14:56:415 264000 264600 1
07-07-2017-12:14:56:451 264600 265200 1
07-07-2017-12:14:56:486 265200 265800 1
07-07-2017-12:14:56:531 265800 266400 1
07-07-2017-12:14:56:567 266400 267000 1
07-07-2017-12:14:56:600 267000 267600 1
07-07-2017-12:14:56:635 267600 268200 1
07-07-2017-12:14:56:683 268200 268800 1
07-07-2017-12:14:56:716 268800 269400 1
07-07-2017-12:14:56:751 269400 270000 1
07-07-2017-12:14:56:787 270000 270600 1
07-07-2017-12:14:56:829 270600 271200 1
07-07-2017-12:14:56:861 271200 271800 1
07-07-2017-12:14:56:908 271800 272400 1
07-07-2017-12:14:56:943 272400 273000 1
07-07-2017-12:14:56:977 273000 273600 1
07-07-2017-12:14:57:013 273600 274200 1
07-07-2017-12:14:57:048 274200 274800 1
07-07-2017-12:14:57:094 274800 275400 1
07-07-2017-12:14:57:123 275400 276000 1
07-07-2017-12:14:57:168 276000 276600 1
07-07-2017-12:14:57:206 276600 277200 1
07-07-2017-12:14:57:239 277200 277800 1
07-07-2017-12:14:57:273 277800 278400 1
07-07-2017-12:14:57:321 278400 279000 1
07-07-2017-12:14:57:355 279000 279600 1
07-07-2017-12:14:57:391 279600 280200 1
07-07-2017-12:14:57:426 280200 280800 1
07-07-2017-12:14:57:470 280800 281400 1
07-07-2017-12:14:57:497 281400 282000 1
07-07-2017-12:14:57:545 282000 282600 1
07-07-2017-12:14:57:654 282600 283200 1
07-07-2017-12:14:57:656 283200 283800 1
07-07-2017-12:14:57:656 283800 284400 1
07-07-2017-12:14:57:695 284400 285000 1
07-07-2017-12:14:57:730 285000 285600 1
07-07-2017-12:14:57:765 285600 286200 1
07-07-2017-12:14:57:804 286200 286800 1
07-07-2017-12:14:57:841 286800 287400 1
07-07-2017-12:14:57:874 287400 288000 1
07-07-2017-12:14:57:909 288000 288600 1
07-07-2017-12:14:57:957 288600 289200 1
07-07-2017-12:14:57:990 289200 289800 1
07-07-2017-12:14:58:030 289800 290400 1
07-07-2017-12:14:58:060 290400 291000 1
07-07-2017-12:14:58:100 291000 291600 1
07-07-2017-12:14:58:136 291600 292200 1
07-07-2017-12:14:58:180 292200 292800 1
07-07-2017-12:14:58:215 292800 293400 1
07-07-2017-12:14:58:250 293400 294000 1
07-07-2017-12:14:58:286 294000 294600 1
07-07-2017-12:14:58:332 294600 295200 1
07-07-2017-12:14:58:372 295200 295800 1
07-07-2017-12:14:58:407 295800 296400 1
07-07-2017-12:14:58:442 296400 297000 1
07-07-2017-12:14:58:476 297000 297600 1
07-07-2017-12:14:58:511 297600 298200 1
07-07-2017-12:14:58:547 298200 298800 1
07-07-2017-12:14:58:595 298800 299400 1
07-07-2017-12:14:58:629 299400 300000 1
07-07-2017-12:14:58:667 300000 300600 1
07-07-2017-12:14:58:704 300600 301200 1
07-07-2017-12:14:58:737 301200 301800 1
07-07-2017-12:14:58:772 301800 302400 1
07-07-2017-12:14:58:818 302400 303000 1
07-07-2017-12:14:58:855 303000 303600 1
07-07-2017-12:14:58:889 303600 304200 1
07-07-2017-12:14:58:925 304200 304800 1
07-07-2017-12:14:58:970 304800 305400 1
07-07-2017-12:14:59:005 305400 306000 1
07-07-2017-12:14:59:040 306000 306600 1
07-07-2017-12:14:59:080 306600 307200 1
07-07-2017-12:14:59:115 307200 307800 1
07-07-2017-12:14:59:150 307800 308400 1
07-07-2017-12:14:59:184 308400 309000 1
07-07-2017-12:14:59:232 309000 309600 1
07-07-2017-12:14:59:265 309600 310200 1
07-07-2017-12:14:59:300 310200 310800 1
07-07-2017-12:14:59:335 310800 311400 1
07-07-2017-12:14:59:380 311400 312000 1
07-07-2017-12:14:59:415 312000 312600 1
07-07-2017-12:14:59:450 312600 313200 1
07-07-2017-12:14:59:487 313200 313800 1
07-07-2017-12:14:59:531 313800 314400 1
07-07-2017-12:14:59:567 314400 315000 1
07-07-2017-12:14:59:601 315000 315600 1
07-07-2017-12:14:59:637 315600 316200 1
07-07-2017-12:14:59:677 316200 316800 1
07-07-2017-12:14:59:710 316800 317400 1
07-07-2017-12:14:59:759 317400 318000 1
07-07-2017-12:14:59:793 318000 318600 1
07-07-2017-12:14:59:829 318600 319200 1
07-07-2017-12:14:59:954 319200 319800 1
07-07-2017-12:14:59:956 319800 320400 1
07-07-2017-12:14:59:956 320400 321000 1
07-07-2017-12:14:59:985 321000 321600 1
07-07-2017-12:15:00:020 321600 322200 1
07-07-2017-12:15:00:053 322200 322800 1
07-07-2017-12:15:00:089 322800 323400 1
07-07-2017-12:15:00:123 323400 324000 1
07-07-2017-12:15:00:170 324000 324600 1
07-07-2017-12:15:00:206 324600 325200 1
07-07-2017-12:15:00:241 325200 325800 1
07-07-2017-12:15:00:276 325800 326400 1
07-07-2017-12:15:00:315 326400 327000 1
07-07-2017-12:15:00:351 327000 327600 1
07-07-2017-12:15:00:385 327600 328200 1
07-07-2017-12:15:00:431 328200 328800 1
07-07-2017-12:15:00:470 328800 329400 1
07-07-2017-12:15:00:509 329400 330000 1
07-07-2017-12:15:00:541 330000 330600 1
07-07-2017-12:15:00:574 330600 331200 1
07-07-2017-12:15:00:611 331200 331800 1
07-07-2017-12:15:00:651 331800 332400 1
07-07-2017-12:15:00:685 332400 333000 1
07-07-2017-12:15:00:730 333000 333600 1
07-07-2017-12:15:00:768 333600 334200 1
07-07-2017-12:15:00:801 334200 334800 1
07-07-2017-12:15:00:836 334800 335400 1
07-07-2017-12:15:00:885 335400 336000 1
07-07-2017-12:15:00:917 336000 336600 1
07-07-2017-12:15:00:950 336600 337200 1
07-07-2017-12:15:00:986 337200 337800 1
07-07-2017-12:15:01:035 337800 338400 1
07-07-2017-12:15:01:066 338400 339000 1
07-07-2017-12:15:01:102 339000 339600 1
07-07-2017-12:15:01:138 339600 340200 1
07-07-2017-12:15:01:171 340200 340800 1
07-07-2017-12:15:01:223 340800 341400 1
07-07-2017-12:15:01:258 341400 342000 1
07-07-2017-12:15:01:293 342000 342600 1
07-07-2017-12:15:01:328 342600 343200 1
07-07-2017-12:15:01:363 343200 343800 1
07-07-2017-12:15:01:398 343800 344400 1
07-07-2017-12:15:01:444 344400 345000 1
07-07-2017-12:15:01:480 345000 345600 1
07-07-2017-12:15:01:515 345600 346200 1
07-07-2017-12:15:01:556 346200 346800 1
07-07-2017-12:15:01:594 346800 347400 1
07-07-2017-12:15:01:627 347400 348000 1
07-07-2017-12:15:01:662 348000 348600 1
07-07-2017-12:15:01:697 348600 349200 1
07-07-2017-12:15:01:745 349200 349800 1
07-07-2017-12:15:01:779 349800 350400 1
07-07-2017-12:15:01:814 350400 351000 1
07-07-2017-12:15:01:848 351000 351600 1
07-07-2017-12:15:01:886 351600 352200 1
07-07-2017-12:15:01:926 352200 352800 1
07-07-2017-12:15:01:968 352800 353400 1
07-07-2017-12:15:02:004 353400 354000 1
07-07-2017-12:15:02:044 354000 354600 1
07-07-2017-12:15:02:078 354600 355200 1
07-07-2017-12:15:02:115 355200 355800 1
07-07-2017-12:15:02:148 355800 356400 1
07-07-2017-12:15:02:282 356400 357000 1
07-07-2017-12:15:02:283 357000 357600 1
07-07-2017-12:15:02:283 357600 358200 1
07-07-2017-12:15:02:300 358200 358800 1
07-07-2017-12:15:02:334 358800 359400 1
07-07-2017-12:15:02:388 359400 359976 1
07-07-2017-12:15:02:410 359976 360552 1
07-07-2017-12:15:02:445 360552 361128 1
07-07-2017-12:15:02:480 361128 361704 1
07-07-2017-12:15:02:514 361704 362280 1
07-07-2017-12:15:02:561 362280 362856 1
07-07-2017-12:15:02:596 362856 363432 1
07-07-2017-12:15:02:636 363432 364008 1
07-07-2017-12:15:02:665 364008 364584 1
07-07-2017-12:15:02:701 364584 365160 1
07-07-2017-12:15:02:742 365160 365736 1
07-07-2017-12:15:02:775 365736 366312 1
07-07-2017-12:15:02:809 366312 366888 1
07-07-2017-12:15:02:844 366888 367464 1
07-07-2017-12:15:02:880 367464 368040 1
07-07-2017-12:15:02:914 368040 368616 1
07-07-2017-12:15:02:949 368616 369192 1
07-07-2017-12:15:02:983 369192 369768 1
07-07-2017-12:15:03:024 369768 370344 1
07-07-2017-12:15:03:059 370344 370920 1
07-07-2017-12:15:03:094 370920 371496 1
07-07-2017-12:15:03:131 371496 372072 1
07-07-2017-12:15:03:164 372072 372648 1
07-07-2017-12:15:03:201 372648 373224 1
07-07-2017-12:15:03:246 373224 373800 1
07-07-2017-12:15:03:281 373800 374376 1
07-07-2017-12:15:03:316 374376 374952 1
07-07-2017-12:15:03:355 374952 375528 1
07-07-2017-12:15:03:390 375528 376104 1
07-07-2017-12:15:03:424 376104 376680 1
07-07-2017-12:15:03:461 376680 377256 1
07-07-2017-12:15:03:495 377256 377832 1
07-07-2017-12:15:03:529 377832 378408 1
07-07-2017-12:15:03:564 378408 378984 1
07-07-2017-12:15:03:600 378984 379560 1
07-07-2017-12:15:03:637 379560 380136 1
07-07-2017-12:15:03:671 380136 380712 1
07-07-2017-12:15:03:707 380712 381288 1
07-07-2017-12:15:03:738 381288 381864 1
07-07-2017-12:15:03:784 381864 382440 1
07-07-2017-12:15:03:819 382440 383016 1
07-07-2017-12:15:03:855 383016 383592 1
07-07-2017-12:15:03:889 383592 384168 1
07-07-2017-12:15:03:923 384168 384744 1
07-07-2017-12:15:03:958 384744 385320 1
07-07-2017-12:15:03:994 385320 385896 1
07-07-2017-12:15:04:030 385896 386472 1
07-07-2017-12:15:04:064 386472 387048 1
07-07-2017-12:15:04:101 387048 387624 1
07-07-2017-12:15:04:140 387624 388200 1
07-07-2017-12:15:04:173 388200 388776 1
07-07-2017-12:15:04:210 388776 389352 1
07-07-2017-12:15:04:243 389352 389928 1
07-07-2017-12:15:04:278 389928 390504 1
07-07-2017-12:15:04:324 390504 391080 1
07-07-2017-12:15:04:360 391080 391656 1
07-07-2017-12:15:04:396 391656 392232 1
07-07-2017-12:15:04:528 392232 392808 1
07-07-2017-12:15:04:529 392808 393384 1
07-07-2017-12:15:04:529 393384 393960 1
07-07-2017-12:15:04:540 393960 394536 1
07-07-2017-12:15:04:573 394536 395112 1
07-07-2017-12:15:04:607 395112 395688 1
07-07-2017-12:15:04:643 395688 396264 1
07-07-2017-12:15:04:678 396264 396840 1
07-07-2017-12:15:04:714 396840 397416 1
07-07-2017-12:15:04:747 397416 397992 1
07-07-2017-12:15:04:789 397992 398568 1
07-07-2017-12:15:04:822 398568 399144 1
07-07-2017-12:15:04:858 399144 399720 1
07-07-2017-12:15:04:893 399720 400296 1
07-07-2017-12:15:04:928 400296 400872 1
07-07-2017-12:15:04:968 400872 401448 1
07-07-2017-12:15:05:001 401448 402024 1
07-07-2017-12:15:05:038 402024 402600 1
07-07-2017-12:15:05:070 402600 403176 1
07-07-2017-12:15:05:117 403176 403752 1
07-07-2017-12:15:05:153 403752 404328 1
07-07-2017-12:15:05:192 404328 404904 1
07-07-2017-12:15:05:216 404904 405480 1
07-07-2017-12:15:05:250 405480 406056 1
07-07-2017-12:15:05:299 406056 406632 1
07-07-2017-12:15:05:332 406632 407208 1
07-07-2017-12:15:05:370 407208 407784 1
07-07-2017-12:15:05:402 407784 408360 1
07-07-2017-12:15:05:436 408360 408936 1
07-07-2017-12:15:05:472 408936 409512 1
07-07-2017-12:15:05:509 409512 410088 1
07-07-2017-12:15:05:547 410088 410664 1
07-07-2017-12:15:05:581 410664 411240 1
07-07-2017-12:15:05:617 411240 411816 1
07-07-2017-12:15:05:650 411816 412392 1
07-07-2017-12:15:05:685 412392 412968 1
07-07-2017-12:15:05:721 412968 413544 1
07-07-2017-12:15:05:755 413544 414120 1
07-07-2017-12:15:05:790 414120 414696 1
07-07-2017-12:15:05:829 414696 415272 1
07-07-2017-12:15:05:864 415272 415848 1
07-07-2017-12:15:05:900 415848 416424 1
07-07-2017-12:15:05:933 416424 417000 1
07-07-2017-12:15:05:981 417000 417576 1
07-07-2017-12:15:06:016 417576 418152 1
07-07-2017-12:15:06:052 418152 418728 1
07-07-2017-12:15:06:085 418728 419304 1
07-07-2017-12:15:06:127 419304 419880 1
07-07-2017-12:15:06:160 419880 420456 1
07-07-2017-12:15:06:196 420456 421032 1
07-07-2017-12:15:06:229 421032 421608 1
07-07-2017-12:15:06:265 421608 422184 1
07-07-2017-12:15:06:301 422184 422760 1
07-07-2017-12:15:06:334 422760 423336 1
07-07-2017-12:15:06:370 423336 423912 1
07-07-2017-12:15:06:405 423912 424488 1
07-07-2017-12:15:06:451 424488 425064 1
07-07-2017-12:15:06:483 425064 425640 1
07-07-2017-12:15:06:519 425640 426216 1
07-07-2017-12:15:06:554 426216 426792 1
07-07-2017-12:15:06:590 426792 427368 1
07-07-2017-12:15:06:623 427368 427944 1
07-07-2017-12:15:06:659 427944 428520 1
07-07-2017-12:15:06:698 428520 429096 1
07-07-2017-12:15:06:734 429096 429672 1
07-07-2017-12:15:06:769 429672 430248 1
07-07-2017-12:15:06:804 430248 430824 1
07-07-2017-12:15:06:839 430824 431400 1
07-07-2017-12:15:06:873 431400 431976 1
07-07-2017-12:15:06:910 431976 432552 1
07-07-2017-12:15:06:943 432552 433128 1
07-07-2017-12:15:06:978 433128 433704 1
07-07-2017-12:15:07:024 433704 434280 1
07-07-2017-12:15:07:052 434280 434856 1
07-07-2017-12:15:07:087 434856 435432 1
07-07-2017-12:15:07:134 435432 436008 1
07-07-2017-12:15:07:171 436008 436584 1
07-07-2017-12:15:07:204 436584 437160 1
07-07-2017-12:15:07:240 437160 437736 1
07-07-2017-12:15:07:273 437736 438312 1
07-07-2017-12:15:07:309 438312 438888 1
07-07-2017-12:15:07:349 438888 439464 1
07-07-2017-12:15:07:383 439464 440040 1
07-07-2017-12:15:07:419 440040 440616 1
07-07-2017-12:15:07:455 440616 441192 1
07-07-2017-12:15:07:491 441192 441768 1
07-07-2017-12:15:07:523 441768 442344 1
07-07-2017-12:15:07:742 442344 442920 1
07-07-2017-12:15:07:743 442920 443496 1
07-07-2017-12:15:07:744 443496 444072 1
07-07-2017-12:15:07:744 444072 444648 1
07-07-2017-12:15:07:744 444648 445224 1
07-07-2017-12:15:07:744 445224 445800 1
07-07-2017-12:15:07:773 445800 446376 1
07-07-2017-12:15:07:810 446376 446952 1
07-07-2017-12:15:07:843 446952 447528 1
07-07-2017-12:15:07:888 447528 448104 1
07-07-2017-12:15:07:925 448104 448680 1
07-07-2017-12:15:07:958 448680 449256 1
07-07-2017-12:15:07:992 449256 449832 1
07-07-2017-12:15:08:025 449832 450408 1
07-07-2017-12:15:08:061 450408 450984 1
07-07-2017-12:15:08:109 450984 451560 1
07-07-2017-12:15:08:142 451560 452136 1
07-07-2017-12:15:08:176 452136 452712 1
07-07-2017-12:15:08:210 452712 453288 1
07-07-2017-12:15:08:245 453288 453864 1
07-07-2017-12:15:08:280 453864 454440 1
07-07-2017-12:15:08:316 454440 455016 1
07-07-2017-12:15:08:349 455016 455592 1
07-07-2017-12:15:08:391 455592 456168 1
07-07-2017-12:15:08:427 456168 456744 1
07-07-2017-12:15:08:460 456744 457320 1
07-07-2017-12:15:08:494 457320 457896 1
07-07-2017-12:15:08:531 457896 458472 1
07-07-2017-12:15:08:565 458472 459048 1
07-07-2017-12:15:08:600 459048 459624 1
07-07-2017-12:15:08:634 459624 460200 1
07-07-2017-12:15:08:684 460200 460776 1
07-07-2017-12:15:08:708 460776 461352 1
07-07-2017-12:15:08:743 461352 461928 1
07-07-2017-12:15:08:791 461928 462504 1
07-07-2017-12:15:08:823 462504 463080 1
07-07-2017-12:15:08:861 463080 463656 1
07-07-2017-12:15:08:895 463656 464232 1
07-07-2017-12:15:08:932 464232 464808 1
07-07-2017-12:15:08:965 464808 465384 1
07-07-2017-12:15:08:999 465384 465960 1
07-07-2017-12:15:09:037 465960 466536 1
07-07-2017-12:15:09:074 466536 467112 1
07-07-2017-12:15:09:107 467112 467688 1
07-07-2017-12:15:09:142 467688 468264 1
07-07-2017-12:15:09:177 468264 468840 1
07-07-2017-12:15:09:227 468840 469416 1
07-07-2017-12:15:09:250 469416 469992 1
07-07-2017-12:15:09:283 469992 470568 1
07-07-2017-12:15:09:323 470568 471144 1
07-07-2017-12:15:09:362 471144 471720 1
07-07-2017-12:15:09:398 471720 472296 1
07-07-2017-12:15:09:431 472296 472872 1
07-07-2017-12:15:09:466 472872 473448 1
07-07-2017-12:15:09:506 473448 474024 1
07-07-2017-12:15:09:541 474024 474600 1
07-07-2017-12:15:09:576 474600 475176 1
07-07-2017-12:15:09:611 475176 475752 1
07-07-2017-12:15:09:645 475752 476328 1
07-07-2017-12:15:09:680 476328 476904 1
07-07-2017-12:15:09:715 476904 477480 1
07-07-2017-12:15:09:751 477480 478056 1
07-07-2017-12:15:09:791 478056 478632 1
07-07-2017-12:15:09:824 478632 479208 1
07-07-2017-12:15:09:861 479208 479784 1
07-07-2017-12:15:09:895 479784 480360 1
07-07-2017-12:15:09:930 480360 480936 1
07-07-2017-12:15:09:978 480936 481512 1
07-07-2017-12:15:10:011 481512 482088 1
07-07-2017-12:15:10:047 482088 482664 1
07-07-2017-12:15:10:086 482664 483240 1
07-07-2017-12:15:10:120 483240 483816 1
07-07-2017-12:15:10:157 483816 484392 1
07-07-2017-12:15:10:192 484392 484968 1
07-07-2017-12:15:10:225 484968 485544 1
07-07-2017-12:15:10:261 485544 486120 1
07-07-2017-12:15:10:295 486120 486696 1
07-07-2017-12:15:10:331 486696 487272 1
07-07-2017-12:15:10:366 487272 487848 1
07-07-2017-12:15:10:401 487848 488424 1
07-07-2017-12:15:10:440 488424 489000 1
07-07-2017-12:15:10:475 489000 489576 1
07-07-2017-12:15:10:510 489576 490152 1
07-07-2017-12:15:10:544 490152 490728 1
07-07-2017-12:15:10:580 490728 491304 1
07-07-2017-12:15:10:615 491304 491880 1
07-07-2017-12:15:10:661 491880 492456 1
07-07-2017-12:15:10:696 492456 493032 1
07-07-2017-12:15:10:735 493032 493608 1
07-07-2017-12:15:10:758 493608 494184 1
07-07-2017-12:15:10:805 494184 494760 1
07-07-2017-12:15:10:841 494760 495336 1
07-07-2017-12:15:10:875 495336 495912 1
07-07-2017-12:15:10:912 495912 496488 1
07-07-2017-12:15:10:944 496488 497064 1
07-07-2017-12:15:10:979 497064 497640 1
07-07-2017-12:15:11:016 497640 498216 1
07-07-2017-12:15:11:050 498216 498792 1
07-07-2017-12:15:11:084 498792 499368 1
07-07-2017-12:15:11:120 499368 499944 1
07-07-2017-12:15:11:159 499944 500520 1
07-07-2017-12:15:11:194 500520 501096 1
07-07-2017-12:15:11:229 501096 501672 1
07-07-2017-12:15:11:264 501672 502248 1
07-07-2017-12:15:11:301 502248 502824 1
07-07-2017-12:15:11:335 502824 503400 1
07-07-2017-12:15:11:380 503400 503976 1
07-07-2017-12:15:11:415 503976 504552 1
07-07-2017-12:15:11:443 504552 505128 1
07-07-2017-12:15:11:490 505128 505704 1
07-07-2017-12:15:11:524 505704 506280 1
07-07-2017-12:15:11:559 506280 506856 1
07-07-2017-12:15:11:593 506856 507432 1
07-07-2017-12:15:11:629 507432 508008 1
07-07-2017-12:15:11:663 508008 508584 1
07-07-2017-12:15:11:699 508584 509160 1
07-07-2017-12:15:11:734 509160 509736 1
07-07-2017-12:15:11:812 509736 510312 1
07-07-2017-12:15:11:814 510312 510888 1
07-07-2017-12:15:11:844 510888 511464 1
07-07-2017-12:15:11:878 511464 512040 1
07-07-2017-12:15:11:914 512040 512616 1
07-07-2017-12:15:11:949 512616 513192 1
07-07-2017-12:15:11:983 513192 513768 1
07-07-2017-12:15:12:019 513768 514344 1
07-07-2017-12:15:12:071 514344 514920 1
07-07-2017-12:15:12:092 514920 515496 1
07-07-2017-12:15:12:128 515496 516072 1
07-07-2017-12:15:12:163 516072 516648 1
07-07-2017-12:15:12:209 516648 517224 1
07-07-2017-12:15:12:244 517224 517800 1
07-07-2017-12:15:12:280 517800 518376 1
07-07-2017-12:15:12:315 518376 518952 1
07-07-2017-12:15:12:355 518952 519528 1
07-07-2017-12:15:12:382 519528 520104 1
07-07-2017-12:15:12:417 520104 520680 1
07-07-2017-12:15:12:456 520680 521256 1
07-07-2017-12:15:12:496 521256 521832 1
07-07-2017-12:15:12:530 521832 522408 1
07-07-2017-12:15:12:567 522408 522984 1
07-07-2017-12:15:12:601 522984 523560 1
07-07-2017-12:15:12:636 523560 524136 1
07-07-2017-12:15:12:671 524136 524712 1
07-07-2017-12:15:12:706 524712 525288 1
07-07-2017-12:15:12:741 525288 525864 1
07-07-2017-12:15:12:776 525864 526440 1
07-07-2017-12:15:12:815 526440 527016 1
07-07-2017-12:15:12:850 527016 527592 1
07-07-2017-12:15:12:883 527592 528168 1
07-07-2017-12:15:12:918 528168 528744 1
07-07-2017-12:15:12:955 528744 529320 1
07-07-2017-12:15:13:000 529320 529896 1
07-07-2017-12:15:13:035 529896 530472 1
07-07-2017-12:15:13:071 530472 531048 1
07-07-2017-12:15:13:099 531048 531624 1
07-07-2017-12:15:13:149 531624 532200 1
07-07-2017-12:15:13:181 532200 532776 1
07-07-2017-12:15:13:216 532776 533352 1
07-07-2017-12:15:13:251 533352 533928 1
07-07-2017-12:15:13:285 533928 534504 1
07-07-2017-12:15:13:320 534504 535080 1
07-07-2017-12:15:13:355 535080 535656 1
07-07-2017-12:15:13:396 535656 536232 1
07-07-2017-12:15:13:430 536232 536808 1
07-07-2017-12:15:13:466 536808 537384 1
07-07-2017-12:15:13:499 537384 537960 1
07-07-2017-12:15:13:535 537960 538536 1
07-07-2017-12:15:13:571 538536 539112 1
07-07-2017-12:15:13:605 539112 539688 1
07-07-2017-12:15:13:640 539688 540264 1
07-07-2017-12:15:13:674 540264 540840 1
07-07-2017-12:15:13:709 540840 541416 1
07-07-2017-12:15:13:748 541416 541992 1
07-07-2017-12:15:13:784 541992 542568 1
07-07-2017-12:15:13:820 542568 543144 1
07-07-2017-12:15:13:853 543144 543720 1
07-07-2017-12:15:13:901 543720 544296 1
07-07-2017-12:15:13:936 544296 544872 1
07-07-2017-12:15:13:962 544872 545448 1
07-07-2017-12:15:13:998 545448 546024 1
07-07-2017-12:15:14:045 546024 546600 1
07-07-2017-12:15:14:072 546600 547176 1
07-07-2017-12:15:14:107 547176 547752 1
07-07-2017-12:15:14:153 547752 548328 1
07-07-2017-12:15:14:188 548328 548904 1
07-07-2017-12:15:14:222 548904 549480 1
07-07-2017-12:15:14:257 549480 550056 1
07-07-2017-12:15:14:293 550056 550632 1
07-07-2017-12:15:14:328 550632 551208 1
07-07-2017-12:15:14:366 551208 551784 1
07-07-2017-12:15:14:401 551784 552360 1
07-07-2017-12:15:14:440 552360 552936 1
07-07-2017-12:15:14:474 552936 553512 1
07-07-2017-12:15:14:529 553512 554088 1
07-07-2017-12:15:14:544 554088 554664 1
07-07-2017-12:15:14:577 554664 555240 1
07-07-2017-12:15:14:612 555240 555816 1
07-07-2017-12:15:14:645 555816 556392 1
07-07-2017-12:15:14:691 556392 556968 1
07-07-2017-12:15:14:726 556968 557544 1
07-07-2017-12:15:14:763 557544 558120 1
07-07-2017-12:15:14:796 558120 558696 1
07-07-2017-12:15:14:830 558696 559272 1
07-07-2017-12:15:14:865 559272 559848 1
07-07-2017-12:15:14:900 559848 560424 1
07-07-2017-12:15:14:940 560424 561000 1
07-07-2017-12:15:14:974 561000 561576 1
07-07-2017-12:15:15:011 561576 562152 1
07-07-2017-12:15:15:044 562152 562728 1
07-07-2017-12:15:15:079 562728 563304 1
07-07-2017-12:15:15:115 563304 563880 1
07-07-2017-12:15:15:149 563880 564456 1
07-07-2017-12:15:15:200 564456 565032 1
07-07-2017-12:15:15:223 565032 565608 1
07-07-2017-12:15:15:260 565608 566184 1
07-07-2017-12:15:15:294 566184 566760 1
07-07-2017-12:15:15:340 566760 567336 1
07-07-2017-12:15:15:376 567336 567912 1
07-07-2017-12:15:15:411 567912 568488 1
07-07-2017-12:15:15:445 568488 569064 1
07-07-2017-12:15:15:481 569064 569640 1
07-07-2017-12:15:15:516 569640 570216 1
07-07-2017-12:15:15:551 570216 570792 1
07-07-2017-12:15:15:585 570792 571368 1
07-07-2017-12:15:15:620 571368 571944 1
07-07-2017-12:15:15:666 571944 572520 1
07-07-2017-12:15:15:701 572520 573096 1
07-07-2017-12:15:15:735 573096 573672 1
07-07-2017-12:15:15:770 573672 574248 1
07-07-2017-12:15:15:807 574248 574824 1
07-07-2017-12:15:15:839 574824 575400 1
07-07-2017-12:15:15:876 575400 575976 1
07-07-2017-12:15:15:910 575976 576552 1
07-07-2017-12:15:15:944 576552 577128 1
07-07-2017-12:15:15:990 577128 577704 1
07-07-2017-12:15:16:024 577704 578280 1
07-07-2017-12:15:16:059 578280 578856 1
07-07-2017-12:15:16:096 578856 579432 1
07-07-2017-12:15:16:130 579432 580008 1
07-07-2017-12:15:16:165 580008 580584 1
07-07-2017-12:15:16:199 580584 581160 1
07-07-2017-12:15:16:243 581160 581736 1
07-07-2017-12:15:16:266 581736 582312 1
07-07-2017-12:15:16:316 582312 582888 1
07-07-2017-12:15:16:347 582888 583464 1
07-07-2017-12:15:16:386 583464 584040 1
07-07-2017-12:15:16:418 584040 584616 1
07-07-2017-12:15:16:454 584616 585192 1
07-07-2017-12:15:16:488 585192 585768 1
07-07-2017-12:15:16:526 585768 586344 1
07-07-2017-12:15:16:563 586344 586920 1
07-07-2017-12:15:16:597 586920 587496 1
07-07-2017-12:15:16:637 587496 588072 1
07-07-2017-12:15:16:667 588072 588648 1
07-07-2017-12:15:16:762 588648 589224 1
07-07-2017-12:15:16:763 589224 589800 1
07-07-2017-12:15:16:772 589800 590376 1
07-07-2017-12:15:16:812 590376 590952 1
07-07-2017-12:15:16:845 590952 591528 1
07-07-2017-12:15:16:882 591528 592104 1
07-07-2017-12:15:16:916 592104 592680 1
07-07-2017-12:15:16:952 592680 593256 1
07-07-2017-12:15:16:994 593256 593832 1
07-07-2017-12:15:17:023 593832 594408 1
07-07-2017-12:15:17:059 594408 594984 1
07-07-2017-12:15:17:094 594984 595560 1
07-07-2017-12:15:17:140 595560 596136 1
07-07-2017-12:15:17:175 596136 596712 1
07-07-2017-12:15:17:211 596712 597288 1
07-07-2017-12:15:17:246 597288 597864 1
07-07-2017-12:15:17:285 597864 598440 1
07-07-2017-12:15:17:320 598440 599016 1
07-07-2017-12:15:17:355 599016 599592 1
07-07-2017-12:15:17:390 599592 600168 1
07-07-2017-12:15:17:424 600168 600744 1
07-07-2017-12:15:17:460 600744 601320 1
07-07-2017-12:15:17:495 601320 601896 1
07-07-2017-12:15:17:529 601896 602472 1
07-07-2017-12:15:17:569 602472 603048 1
07-07-2017-12:15:17:603 603048 603624 1
07-07-2017-12:15:17:638 603624 604200 1
07-07-2017-12:15:17:672 604200 604776 1
07-07-2017-12:15:17:710 604776 605352 1
07-07-2017-12:15:17:743 605352 605928 1
07-07-2017-12:15:17:777 605928 606504 1
07-07-2017-12:15:17:830 606504 607070 1
07-07-2017-12:15:17:852 607070 607636 1
07-07-2017-12:15:17:888 607636 608202 1
07-07-2017-12:15:17:921 608202 608768 1
07-07-2017-12:15:17:957 608768 609334 1
07-07-2017-12:15:17:991 609334 609900 1
07-07-2017-12:15:18:028 609900 610466 1
07-07-2017-12:15:18:061 610466 611032 1
07-07-2017-12:15:18:096 611032 611598 1
07-07-2017-12:15:18:136 611598 612164 1
07-07-2017-12:15:18:172 612164 612730 1
07-07-2017-12:15:18:207 612730 613296 1
07-07-2017-12:15:18:241 613296 613862 1
07-07-2017-12:15:18:277 613862 614428 1
07-07-2017-12:15:18:313 614428 614994 1
07-07-2017-12:15:18:352 614994 615560 1
07-07-2017-12:15:18:393 615560 616126 1
07-07-2017-12:15:18:424 616126 616692 1
07-07-2017-12:15:18:458 616692 617258 1
07-07-2017-12:15:18:494 617258 617824 1
07-07-2017-12:15:18:529 617824 618390 1
07-07-2017-12:15:18:564 618390 618956 1
07-07-2017-12:15:18:599 618956 619522 1
07-07-2017-12:15:18:634 619522 620088 1
07-07-2017-12:15:18:669 620088 620654 1
07-07-2017-12:15:18:709 620654 621220 1
07-07-2017-12:15:18:738 621220 621786 1
07-07-2017-12:15:18:773 621786 622352 1
07-07-2017-12:15:18:806 622352 622918 1
07-07-2017-12:15:18:842 622918 623484 1
07-07-2017-12:15:18:877 623484 624050 1
07-07-2017-12:15:18:911 624050 624616 1
07-07-2017-12:15:18:946 624616 625182 1
07-07-2017-12:15:18:981 625182 625748 1
07-07-2017-12:15:19:016 625748 626314 1
07-07-2017-12:15:19:054 626314 626880 1
07-07-2017-12:15:19:093 626880 627446 1
07-07-2017-12:15:19:125 627446 628012 1
07-07-2017-12:15:19:160 628012 628578 1
07-07-2017-12:15:19:195 628578 629144 1
07-07-2017-12:15:19:232 629144 629710 1
07-07-2017-12:15:19:265 629710 630276 1
07-07-2017-12:15:19:301 630276 630842 1
07-07-2017-12:15:19:335 630842 631408 1
07-07-2017-12:15:19:369 631408 631974 1
07-07-2017-12:15:19:410 631974 632540 1
07-07-2017-12:15:19:444 632540 633106 1
07-07-2017-12:15:19:480 633106 633672 1
07-07-2017-12:15:19:514 633672 634238 1
07-07-2017-12:15:19:550 634238 634804 1
07-07-2017-12:15:19:583 634804 635370 1
07-07-2017-12:15:19:619 635370 635936 1
07-07-2017-12:15:19:653 635936 636502 1
07-07-2017-12:15:19:693 636502 637068 1
07-07-2017-12:15:19:731 637068 637634 1
07-07-2017-12:15:19:763 637634 638200 1
07-07-2017-12:15:19:799 638200 638766 1
07-07-2017-12:15:20:013 638766 639332 1
07-07-2017-12:15:20:014 639332 639898 1
07-07-2017-12:15:20:015 639898 640464 1
07-07-2017-12:15:20:015 640464 641030 1
07-07-2017-12:15:20:015 641030 641596 1
07-07-2017-12:15:20:015 641596 642162 1
07-07-2017-12:15:20:044 642162 642728 1
07-07-2017-12:15:20:082 642728 643294 1
07-07-2017-12:15:20:114 643294 643860 1
07-07-2017-12:15:20:156 643860 644426 1
07-07-2017-12:15:20:193 644426 644992 1
07-07-2017-12:15:20:226 644992 645558 1
07-07-2017-12:15:20:261 645558 646124 1
07-07-2017-12:15:20:296 646124 646690 1
07-07-2017-12:15:20:333 646690 647256 1
07-07-2017-12:15:20:365 647256 647822 1
07-07-2017-12:15:20:402 647822 648388 1
07-07-2017-12:15:20:435 648388 648954 1
07-07-2017-12:15:20:471 648954 649520 1
07-07-2017-12:15:20:503 649520 650086 1
07-07-2017-12:15:20:539 650086 650652 1
07-07-2017-12:15:20:574 650652 651218 1
07-07-2017-12:15:20:608 651218 651784 1
07-07-2017-12:15:20:643 651784 652350 1
07-07-2017-12:15:20:690 652350 652916 1
07-07-2017-12:15:20:724 652916 653482 1
07-07-2017-12:15:20:759 653482 654048 1
07-07-2017-12:15:20:799 654048 654614 1
07-07-2017-12:15:20:823 654614 655180 1
07-07-2017-12:15:20:857 655180 655746 1
07-07-2017-12:15:20:893 655746 656312 1
07-07-2017-12:15:20:928 656312 656878 1
07-07-2017-12:15:20:961 656878 657444 1
07-07-2017-12:15:20:997 657444 658010 1
07-07-2017-12:15:21:038 658010 658576 1
07-07-2017-12:15:21:078 658576 659142 1
07-07-2017-12:15:21:114 659142 659708 1
07-07-2017-12:15:21:149 659708 660274 1
07-07-2017-12:15:21:175 660274 660840 1
07-07-2017-12:15:21:210 660840 661406 1
07-07-2017-12:15:21:245 661406 661972 1
07-07-2017-12:15:21:282 661972 662538 1
07-07-2017-12:15:21:315 662538 663104 1
07-07-2017-12:15:21:350 663104 663670 1
07-07-2017-12:15:21:398 663670 664236 1
07-07-2017-12:15:21:433 664236 664802 1
07-07-2017-12:15:21:471 664802 665368 1
07-07-2017-12:15:21:501 665368 665934 1
07-07-2017-12:15:21:542 665934 666500 1
07-07-2017-12:15:21:566 666500 667066 1
07-07-2017-12:15:21:600 667066 667632 1
07-07-2017-12:15:21:636 667632 668198 1
07-07-2017-12:15:21:671 668198 668764 1
07-07-2017-12:15:21:706 668764 669330 1
07-07-2017-12:15:21:739 669330 669896 1
07-07-2017-12:15:21:780 669896 670462 1
07-07-2017-12:15:21:816 670462 671028 1
07-07-2017-12:15:21:852 671028 671594 1
07-07-2017-12:15:21:885 671594 672160 1
07-07-2017-12:15:21:919 672160 672726 1
07-07-2017-12:15:21:953 672726 673292 1
07-07-2017-12:15:21:992 673292 673858 1
07-07-2017-12:15:22:025 673858 674424 1
07-07-2017-12:15:22:065 674424 674990 1
07-07-2017-12:15:22:100 674990 675556 1
07-07-2017-12:15:22:133 675556 676122 1
07-07-2017-12:15:22:169 676122 676688 1
07-07-2017-12:15:22:205 676688 677254 1
07-07-2017-12:15:22:238 677254 677820 1
07-07-2017-12:15:22:276 677820 678386 1
07-07-2017-12:15:22:308 678386 678952 1
07-07-2017-12:15:22:344 678952 679518 1
07-07-2017-12:15:22:378 679518 680084 1
07-07-2017-12:15:22:416 680084 680650 1
07-07-2017-12:15:22:455 680650 681216 1
07-07-2017-12:15:22:488 681216 681782 1
07-07-2017-12:15:22:555 681782 682348 1
07-07-2017-12:15:22:560 682348 682914 1
07-07-2017-12:15:22:596 682914 683480 1
07-07-2017-12:15:22:629 683480 684046 1
07-07-2017-12:15:22:662 684046 684612 1
07-07-2017-12:15:22:699 684612 685178 1
07-07-2017-12:15:22:735 685178 685744 1
07-07-2017-12:15:22:768 685744 686310 1
07-07-2017-12:15:22:804 686310 686876 1
07-07-2017-12:15:22:838 686876 687442 1
07-07-2017-12:15:22:872 687442 688008 1
07-07-2017-12:15:22:908 688008 688574 1
07-07-2017-12:15:22:948 688574 689140 1
07-07-2017-12:15:22:982 689140 689706 1
07-07-2017-12:15:23:016 689706 690272 1
07-07-2017-12:15:23:052 690272 690838 1
07-07-2017-12:15:23:091 690838 691404 1
07-07-2017-12:15:23:127 691404 691970 1
07-07-2017-12:15:23:161 691970 692536 1
07-07-2017-12:15:23:196 692536 693102 1
07-07-2017-12:15:23:232 693102 693668 1
07-07-2017-12:15:23:265 693668 694234 1
07-07-2017-12:15:23:301 694234 694800 1
07-07-2017-12:15:23:336 694800 695366 1
07-07-2017-12:15:23:375 695366 695932 1
07-07-2017-12:15:23:412 695932 696498 1
07-07-2017-12:15:23:446 696498 697064 1
07-07-2017-12:15:23:481 697064 697630 1
07-07-2017-12:15:23:515 697630 698196 1
07-07-2017-12:15:23:551 698196 698762 1
07-07-2017-12:15:23:585 698762 699328 1
07-07-2017-12:15:23:621 699328 699894 1
07-07-2017-12:15:23:654 699894 700460 1
07-07-2017-12:15:23:694 700460 701026 1
07-07-2017-12:15:23:722 701026 701592 1
07-07-2017-12:15:23:757 701592 702158 1
07-07-2017-12:15:23:793 702158 702724 1
07-07-2017-12:15:23:828 702724 703290 1
07-07-2017-12:15:23:862 703290 703856 1
07-07-2017-12:15:23:898 703856 704422 1
07-07-2017-12:15:23:932 704422 704988 1
07-07-2017-12:15:23:980 704988 705554 1
07-07-2017-12:15:24:015 705554 706120 1
07-07-2017-12:15:24:056 706120 706686 1
07-07-2017-12:15:24:077 706686 707252 1
07-07-2017-12:15:24:114 707252 707818 1
07-07-2017-12:15:24:148 707818 708384 1
07-07-2017-12:15:24:183 708384 708950 1
07-07-2017-12:15:24:217 708950 709516 1
07-07-2017-12:15:24:252 709516 710082 1
07-07-2017-12:15:24:286 710082 710648 1
07-07-2017-12:15:24:322 710648 711214 1
07-07-2017-12:15:24:370 711214 711780 1
07-07-2017-12:15:24:410 711780 712346 1
07-07-2017-12:15:24:433 712346 712912 1
07-07-2017-12:15:24:471 712912 713478 1
07-07-2017-12:15:24:506 713478 714044 1
07-07-2017-12:15:24:541 714044 714610 1
07-07-2017-12:15:24:575 714610 715176 1
07-07-2017-12:15:24:611 715176 715742 1
07-07-2017-12:15:24:645 715742 716308 1
07-07-2017-12:15:24:681 716308 716874 1
07-07-2017-12:15:24:715 716874 717440 1
07-07-2017-12:15:24:751 717440 718006 1
07-07-2017-12:15:24:785 718006 718572 1
07-07-2017-12:15:24:830 718572 719138 1
07-07-2017-12:15:24:864 719138 719704 1
07-07-2017-12:15:24:898 719704 720270 1
07-07-2017-12:15:24:934 720270 720836 1
07-07-2017-12:15:24:968 720836 721402 1
07-07-2017-12:15:25:004 721402 721968 1
07-07-2017-12:15:25:038 721968 722534 1
07-07-2017-12:15:25:076 722534 723100 1
07-07-2017-12:15:25:108 723100 723666 1
07-07-2017-12:15:25:147 723666 724232 1
07-07-2017-12:15:25:172 724232 724798 1
07-07-2017-12:15:25:218 724798 725364 1
07-07-2017-12:15:25:254 725364 725930 1
07-07-2017-12:15:25:287 725930 726496 1
07-07-2017-12:15:25:323 726496 727062 1
07-07-2017-12:15:25:357 727062 727628 1
07-07-2017-12:15:25:392 727628 728194 1
07-07-2017-12:15:25:427 728194 728760 1
07-07-2017-12:15:25:463 728760 729326 1
07-07-2017-12:15:25:491 729326 729892 1
07-07-2017-12:15:25:531 729892 730458 1
07-07-2017-12:15:25:566 730458 731024 1
07-07-2017-12:15:25:601 731024 731590 1
07-07-2017-12:15:25:636 731590 732156 1
07-07-2017-12:15:25:674 732156 732722 1
07-07-2017-12:15:25:704 732722 733288 1
07-07-2017-12:15:25:741 733288 733854 1
07-07-2017-12:15:25:776 733854 734420 1
07-07-2017-12:15:25:812 734420 734986 1
07-07-2017-12:15:25:844 734986 735552 1
07-07-2017-12:15:25:957 735552 736118 1
07-07-2017-12:15:25:958 736118 736684 1
07-07-2017-12:15:25:958 736684 737250 1
07-07-2017-12:15:25:993 737250 737816 1
07-07-2017-12:15:26:035 737816 738382 1
07-07-2017-12:15:26:057 738382 738948 1
07-07-2017-12:15:26:093 738948 739514 1
07-07-2017-12:15:26:128 739514 740080 1
07-07-2017-12:15:26:162 740080 740646 1
07-07-2017-12:15:26:197 740646 741212 1
07-07-2017-12:15:26:242 741212 741778 1
07-07-2017-12:15:26:278 741778 742344 1
07-07-2017-12:15:26:313 742344 742910 1
07-07-2017-12:15:26:342 742910 743476 1
07-07-2017-12:15:26:375 743476 744042 1
07-07-2017-12:15:26:411 744042 744608 1
07-07-2017-12:15:26:446 744608 745174 1
07-07-2017-12:15:26:481 745174 745740 1
07-07-2017-12:15:26:516 745740 746306 1
07-07-2017-12:15:26:562 746306 746872 1
07-07-2017-12:15:26:596 746872 747438 1
07-07-2017-12:15:26:636 747438 748004 1
07-07-2017-12:15:26:662 748004 748570 1
07-07-2017-12:15:26:696 748570 749136 1
07-07-2017-12:15:26:730 749136 749702 1
07-07-2017-12:15:26:764 749702 750268 1
07-07-2017-12:15:26:799 750268 750834 1
07-07-2017-12:15:26:842 750834 751400 1
07-07-2017-12:15:26:876 751400 751966 1
07-07-2017-12:15:26:911 751966 752532 1
07-07-2017-12:15:26:944 752532 753098 1
07-07-2017-12:15:26:979 753098 753664 1
07-07-2017-12:15:27:015 753664 754230 1
07-07-2017-12:15:27:054 754230 754796 1
07-07-2017-12:15:27:089 754796 755362 1
07-07-2017-12:15:27:125 755362 755928 1
07-07-2017-12:15:27:159 755928 756494 1
07-07-2017-12:15:27:198 756494 757060 1
07-07-2017-12:15:27:229 757060 757626 1
07-07-2017-12:15:27:265 757626 758192 1
07-07-2017-12:15:27:299 758192 758758 1
07-07-2017-12:15:27:340 758758 759324 1
07-07-2017-12:15:27:366 759324 759890 1
07-07-2017-12:15:27:402 759890 760456 1
07-07-2017-12:15:27:437 760456 761022 1
07-07-2017-12:15:27:475 761022 761588 1
07-07-2017-12:15:27:510 761588 762154 1
07-07-2017-12:15:27:546 762154 762720 1
07-07-2017-12:15:27:580 762720 763286 1
07-07-2017-12:15:27:618 763286 763852 1
07-07-2017-12:15:27:657 763852 764418 1
07-07-2017-12:15:27:689 764418 764984 1
07-07-2017-12:15:27:724 764984 765550 1
07-07-2017-12:15:27:760 765550 766116 1
07-07-2017-12:15:27:795 766116 766682 1
07-07-2017-12:15:27:829 766682 767248 1
07-07-2017-12:15:27:863 767248 767814 1
07-07-2017-12:15:27:899 767814 768380 1
07-07-2017-12:15:27:935 768380 768946 1
07-07-2017-12:15:27:972 768946 769512 1
07-07-2017-12:15:28:007 769512 770078 1
07-07-2017-12:15:28:043 770078 770644 1
07-07-2017-12:15:28:079 770644 771210 1
07-07-2017-12:15:28:117 771210 771776 1
07-07-2017-12:15:28:147 771776 772342 1
07-07-2017-12:15:28:182 772342 772908 1
07-07-2017-12:15:28:218 772908 773474 1
07-07-2017-12:15:28:253 773474 774040 1
07-07-2017-12:15:28:295 774040 774606 1
07-07-2017-12:15:28:327 774606 775172 1
07-07-2017-12:15:28:362 775172 775738 1
07-07-2017-12:15:28:397 775738 776304 1
07-07-2017-12:15:28:436 776304 776870 1
07-07-2017-12:15:28:468 776870 777436 1
07-07-2017-12:15:28:504 777436 778002 1
07-07-2017-12:15:28:537 778002 778568 1
07-07-2017-12:15:28:571 778568 779134 1
07-07-2017-12:15:28:608 779134 779700 1
07-07-2017-12:15:28:646 779700 780266 1
07-07-2017-12:15:28:680 780266 780832 1
07-07-2017-12:15:28:717 780832 781398 1
07-07-2017-12:15:28:751 781398 781964 1
07-07-2017-12:15:28:786 781964 782530 1
07-07-2017-12:15:28:820 782530 783096 1
07-07-2017-12:15:28:857 783096 783662 1
07-07-2017-12:15:28:893 783662 784228 1
07-07-2017-12:15:28:924 784228 784794 1
07-07-2017-12:15:28:958 784794 785360 1
07-07-2017-12:15:28:996 785360 785926 1
07-07-2017-12:15:29:222 785926 786492 1
07-07-2017-12:15:29:223 786492 787058 1
07-07-2017-12:15:29:223 787058 787624 1
07-07-2017-12:15:29:224 787624 788190 1
07-07-2017-12:15:29:224 788190 788756 1
07-07-2017-12:15:29:224 788756 789322 1
07-07-2017-12:15:29:240 789322 789888 1
07-07-2017-12:15:29:277 789888 790454 1
07-07-2017-12:15:29:312 790454 791020 1
07-07-2017-12:15:29:347 791020 791586 1
07-07-2017-12:15:29:381 791586 792152 1
07-07-2017-12:15:29:421 792152 792718 1
07-07-2017-12:15:29:457 792718 793284 1
07-07-2017-12:15:29:493 793284 793850 1
07-07-2017-12:15:29:525 793850 794416 1
07-07-2017-12:15:29:561 794416 794982 1
07-07-2017-12:15:29:595 794982 795548 1
07-07-2017-12:15:29:635 795548 796114 1
07-07-2017-12:15:29:664 796114 796680 1
07-07-2017-12:15:29:701 796680 797246 1
07-07-2017-12:15:29:735 797246 797812 1
07-07-2017-12:15:29:775 797812 798378 1
07-07-2017-12:15:29:811 798378 798944 1
07-07-2017-12:15:29:845 798944 799510 1
07-07-2017-12:15:29:880 799510 800076 1
07-07-2017-12:15:29:915 800076 800642 1
07-07-2017-12:15:29:949 800642 801208 1
07-07-2017-12:15:29:984 801208 801774 1
07-07-2017-12:15:30:019 801774 802340 1
07-07-2017-12:15:30:054 802340 802906 1
07-07-2017-12:15:30:094 802906 803472 1
07-07-2017-12:15:30:129 803472 804038 1
07-07-2017-12:15:30:165 804038 804604 1
07-07-2017-12:15:30:197 804604 805170 1
07-07-2017-12:15:30:232 805170 805736 1
07-07-2017-12:15:30:268 805736 806302 1
07-07-2017-12:15:30:318 806302 806868 1
07-07-2017-12:15:30:338 806868 807434 1
07-07-2017-12:15:30:374 807434 808000 1
07-07-2017-12:15:30:408 808000 808566 1
07-07-2017-12:15:30:444 808566 809132 1
07-07-2017-12:15:30:480 809132 809698 1
07-07-2017-12:15:30:516 809698 810264 1
07-07-2017-12:15:30:551 810264 810830 1
07-07-2017-12:15:30:588 810830 811396 1
07-07-2017-12:15:30:620 811396 811962 1
07-07-2017-12:15:30:656 811962 812528 1
07-07-2017-12:15:30:691 812528 813094 1
07-07-2017-12:15:30:725 813094 813660 1
07-07-2017-12:15:30:764 813660 814226 1
07-07-2017-12:15:30:795 814226 814792 1
07-07-2017-12:15:30:830 814792 815358 1
07-07-2017-12:15:30:878 815358 815924 1
07-07-2017-12:15:30:918 815924 816490 1
07-07-2017-12:15:30:944 816490 817056 1
07-07-2017-12:15:30:976 817056 817622 1
07-07-2017-12:15:31:010 817622 818188 1
07-07-2017-12:15:31:046 818188 818754 1
07-07-2017-12:15:31:081 818754 819320 1
07-07-2017-12:15:31:114 819320 819886 1
07-07-2017-12:15:31:150 819886 820452 1
07-07-2017-12:15:31:185 820452 821018 1
07-07-2017-12:15:31:221 821018 821584 1
07-07-2017-12:15:31:264 821584 822150 1
07-07-2017-12:15:31:300 822150 822716 1
07-07-2017-12:15:31:334 822716 823282 1
07-07-2017-12:15:31:369 823282 823848 1
07-07-2017-12:15:31:404 823848 824414 1
