07-07-2017-12:23:12:971 0 800 1
07-07-2017-12:23:13:023 800 1574 1
07-07-2017-12:23:13:074 1574 2348 1
07-07-2017-12:23:13:121 2348 3122 1
07-07-2017-12:23:13:167 3122 3896 1
07-07-2017-12:23:13:214 3896 4670 1
07-07-2017-12:23:13:264 4670 5444 1
07-07-2017-12:23:13:312 5444 6218 1
07-07-2017-12:23:13:362 6218 6992 1
07-07-2017-12:23:13:410 6992 7766 1
07-07-2017-12:23:13:457 7766 8540 1
07-07-2017-12:23:13:503 8540 9314 1
07-07-2017-12:23:13:550 9314 10088 1
07-07-2017-12:23:13:602 10088 10854 1
07-07-2017-12:23:13:653 10854 11620 1
07-07-2017-12:23:13:702 11620 12386 1
07-07-2017-12:23:13:747 12386 13152 1
07-07-2017-12:23:13:795 13152 13918 1
07-07-2017-12:23:13:837 13918 14684 1
07-07-2017-12:23:13:887 14684 15450 1
07-07-2017-12:23:13:939 15450 16200 1
07-07-2017-12:23:13:988 16200 16950 1
07-07-2017-12:23:14:035 16950 17700 1
07-07-2017-12:23:14:081 17700 18450 1
07-07-2017-12:23:14:133 18450 19200 1
07-07-2017-12:23:14:175 19200 19950 1
07-07-2017-12:23:14:214 19950 20700 1
07-07-2017-12:23:14:263 20700 21450 1
07-07-2017-12:23:14:309 21450 22200 1
07-07-2017-12:23:14:354 22200 22950 1
07-07-2017-12:23:14:403 22950 23700 1
07-07-2017-12:23:14:449 23700 24450 1
07-07-2017-12:23:14:495 24450 25200 1
07-07-2017-12:23:14:542 25200 25950 1
07-07-2017-12:23:14:588 25950 26700 1
07-07-2017-12:23:14:636 26700 27450 1
07-07-2017-12:23:14:681 27450 28200 1
07-07-2017-12:23:14:729 28200 28950 1
07-07-2017-12:23:14:775 28950 29700 1
07-07-2017-12:23:14:822 29700 30450 1
07-07-2017-12:23:14:869 30450 31200 1
07-07-2017-12:23:14:914 31200 31950 1
07-07-2017-12:23:14:962 31950 32700 1
07-07-2017-12:23:15:007 32700 33450 1
07-07-2017-12:23:15:054 33450 34200 1
07-07-2017-12:23:15:107 34200 34947 1
07-07-2017-12:23:15:151 34947 35694 1
07-07-2017-12:23:15:198 35694 36441 1
07-07-2017-12:23:15:245 36441 37188 1
07-07-2017-12:23:15:292 37188 37935 1
07-07-2017-12:23:15:338 37935 38682 1
07-07-2017-12:23:15:386 38682 39429 1
07-07-2017-12:23:15:432 39429 40176 1
07-07-2017-12:23:15:478 40176 40923 1
07-07-2017-12:23:15:526 40923 41670 1
07-07-2017-12:23:15:571 41670 42417 1
07-07-2017-12:23:15:619 42417 43164 1
07-07-2017-12:23:15:665 43164 43911 1
07-07-2017-12:23:15:717 43911 44640 1
07-07-2017-12:23:15:754 44640 45369 1
07-07-2017-12:23:15:800 45369 46098 1
07-07-2017-12:23:15:848 46098 46827 1
07-07-2017-12:23:15:895 46827 47556 1
07-07-2017-12:23:15:944 47556 48285 1
07-07-2017-12:23:15:988 48285 49014 1
07-07-2017-12:23:16:037 49014 49743 1
07-07-2017-12:23:16:335 49743 50472 1
07-07-2017-12:23:16:335 50472 51201 1
07-07-2017-12:23:16:335 51201 51930 1
07-07-2017-12:23:16:336 51930 52659 1
07-07-2017-12:23:16:336 52659 53388 1
07-07-2017-12:23:16:336 53388 54117 1
07-07-2017-12:23:16:350 54117 54846 1
07-07-2017-12:23:16:393 54846 55575 1
07-07-2017-12:23:16:440 55575 56304 1
07-07-2017-12:23:16:487 56304 57033 1
07-07-2017-12:23:16:533 57033 57762 1
07-07-2017-12:23:16:581 57762 58491 1
07-07-2017-12:23:16:627 58491 59220 1
07-07-2017-12:23:16:674 59220 59949 1
07-07-2017-12:23:16:720 59949 60678 1
07-07-2017-12:23:16:766 60678 61407 1
07-07-2017-12:23:16:804 61407 62136 1
07-07-2017-12:23:16:848 62136 62865 1
07-07-2017-12:23:16:894 62865 63594 1
07-07-2017-12:23:16:945 63594 64323 1
07-07-2017-12:23:16:983 64323 65052 1
07-07-2017-12:23:17:032 65052 65781 1
07-07-2017-12:23:17:077 65781 66510 1
07-07-2017-12:23:17:124 66510 67239 1
07-07-2017-12:23:17:172 67239 67968 1
07-07-2017-12:23:17:217 67968 68697 1
07-07-2017-12:23:17:265 68697 69426 1
07-07-2017-12:23:17:311 69426 70155 1
07-07-2017-12:23:17:357 70155 70884 1
07-07-2017-12:23:17:404 70884 71613 1
07-07-2017-12:23:17:438 71613 72342 1
07-07-2017-12:23:17:490 72342 73071 1
07-07-2017-12:23:17:570 73071 73800 1
07-07-2017-12:23:17:587 73800 74529 1
07-07-2017-12:23:17:631 74529 75258 1
07-07-2017-12:23:17:678 75258 75987 1
07-07-2017-12:23:17:713 75987 76716 1
07-07-2017-12:23:17:758 76716 77445 1
07-07-2017-12:23:17:805 77445 78174 1
07-07-2017-12:23:17:853 78174 78903 1
07-07-2017-12:23:17:898 78903 79632 1
07-07-2017-12:23:17:946 79632 80361 1
07-07-2017-12:23:17:998 80361 81080 1
07-07-2017-12:23:18:037 81080 81799 1
07-07-2017-12:23:18:083 81799 82518 1
07-07-2017-12:23:18:131 82518 83237 1
07-07-2017-12:23:18:166 83237 83956 1
07-07-2017-12:23:18:211 83956 84675 1
07-07-2017-12:23:18:257 84675 85394 1
07-07-2017-12:23:18:305 85394 86113 1
07-07-2017-12:23:18:350 86113 86832 1
07-07-2017-12:23:18:398 86832 87551 1
07-07-2017-12:23:18:444 87551 88270 1
07-07-2017-12:23:18:485 88270 88989 1
07-07-2017-12:23:18:531 88989 89708 1
07-07-2017-12:23:18:578 89708 90427 1
07-07-2017-12:23:18:624 90427 91146 1
07-07-2017-12:23:18:659 91146 91865 1
07-07-2017-12:23:18:706 91865 92584 1
07-07-2017-12:23:18:753 92584 93303 1
07-07-2017-12:23:18:799 93303 94022 1
07-07-2017-12:23:18:845 94022 94741 1
07-07-2017-12:23:18:897 94741 95460 1
07-07-2017-12:23:18:933 95460 96179 1
07-07-2017-12:23:18:983 96179 96898 1
07-07-2017-12:23:19:026 96898 97617 1
07-07-2017-12:23:19:072 97617 98336 1
07-07-2017-12:23:19:118 98336 99055 1
07-07-2017-12:23:19:153 99055 99774 1
07-07-2017-12:23:19:200 99774 100493 1
07-07-2017-12:23:19:248 100493 101212 1
07-07-2017-12:23:19:293 101212 101931 1
07-07-2017-12:23:19:341 101931 102650 1
07-07-2017-12:23:19:386 102650 103369 1
07-07-2017-12:23:19:426 103369 104088 1
07-07-2017-12:23:19:478 104088 104807 1
07-07-2017-12:23:19:523 104807 105526 1
07-07-2017-12:23:19:559 105526 106245 1
07-07-2017-12:23:19:605 106245 106964 1
07-07-2017-12:23:19:653 106964 107683 1
07-07-2017-12:23:19:699 107683 108402 1
07-07-2017-12:23:19:746 108402 109121 1
07-07-2017-12:23:19:791 109121 109840 1
07-07-2017-12:23:19:828 109840 110559 1
07-07-2017-12:23:19:874 110559 111278 1
07-07-2017-12:23:19:921 111278 111997 1
07-07-2017-12:23:19:971 111997 112716 1
07-07-2017-12:23:20:009 112716 113435 1
07-07-2017-12:23:20:055 113435 114154 1
07-07-2017-12:23:20:103 114154 114873 1
07-07-2017-12:23:20:149 114873 115592 1
07-07-2017-12:23:20:196 115592 116311 1
07-07-2017-12:23:20:241 116311 117030 1
07-07-2017-12:23:20:277 117030 117749 1
07-07-2017-12:23:20:324 117749 118468 1
07-07-2017-12:23:20:370 118468 119187 1
07-07-2017-12:23:20:421 119187 119906 1
07-07-2017-12:23:20:466 119906 120625 1
07-07-2017-12:23:20:512 120625 121344 1
07-07-2017-12:23:20:546 121344 122063 1
07-07-2017-12:23:20:592 122063 122782 1
07-07-2017-12:23:20:641 122782 123501 1
07-07-2017-12:23:20:860 123501 124220 1
07-07-2017-12:23:20:861 124220 124939 1
07-07-2017-12:23:20:861 124939 125658 1
07-07-2017-12:23:20:862 125658 126377 1
07-07-2017-12:23:20:862 126377 127096 1
07-07-2017-12:23:20:907 127096 127815 1
07-07-2017-12:23:20:953 127815 128534 1
07-07-2017-12:23:21:001 128534 129253 1
07-07-2017-12:23:21:054 129253 129960 1
07-07-2017-12:23:21:091 129960 130667 1
07-07-2017-12:23:21:137 130667 131374 1
07-07-2017-12:23:21:185 131374 132081 1
07-07-2017-12:23:21:218 132081 132788 1
07-07-2017-12:23:21:266 132788 133495 1
07-07-2017-12:23:21:311 133495 134202 1
07-07-2017-12:23:21:359 134202 134909 1
07-07-2017-12:23:21:394 134909 135616 1
07-07-2017-12:23:21:441 135616 136323 1
07-07-2017-12:23:21:493 136323 137030 1
07-07-2017-12:23:21:527 137030 137737 1
07-07-2017-12:23:21:574 137737 138444 1
07-07-2017-12:23:21:620 138444 139151 1
07-07-2017-12:23:21:667 139151 139858 1
07-07-2017-12:23:21:713 139858 140565 1
07-07-2017-12:23:21:748 140565 141272 1
07-07-2017-12:23:21:795 141272 141979 1
07-07-2017-12:23:21:843 141979 142686 1
07-07-2017-12:23:21:888 142686 143393 1
07-07-2017-12:23:21:928 143393 144100 1
07-07-2017-12:23:21:973 144100 144807 1
07-07-2017-12:23:22:018 144807 145514 1
07-07-2017-12:23:22:066 145514 146221 1
07-07-2017-12:23:22:112 146221 146928 1
07-07-2017-12:23:22:145 146928 147635 1
07-07-2017-12:23:22:194 147635 148342 1
07-07-2017-12:23:22:240 148342 149049 1
07-07-2017-12:23:22:286 149049 149756 1
07-07-2017-12:23:22:323 149756 150463 1
07-07-2017-12:23:22:368 150463 151170 1
07-07-2017-12:23:22:414 151170 151877 1
07-07-2017-12:23:22:460 151877 152584 1
07-07-2017-12:23:22:502 152584 153291 1
07-07-2017-12:23:22:548 153291 153998 1
07-07-2017-12:23:22:595 153998 154705 1
07-07-2017-12:23:22:642 154705 155412 1
07-07-2017-12:23:22:676 155412 156119 1
07-07-2017-12:23:22:722 156119 156826 1
07-07-2017-12:23:22:768 156826 157533 1
07-07-2017-12:23:22:816 157533 158240 1
07-07-2017-12:23:22:862 158240 158947 1
07-07-2017-12:23:22:897 158947 159654 1
07-07-2017-12:23:22:943 159654 160361 1
07-07-2017-12:23:22:995 160361 161067 1
07-07-2017-12:23:23:030 161067 161773 1
07-07-2017-12:23:23:076 161773 162479 1
07-07-2017-12:23:23:126 162479 163185 1
07-07-2017-12:23:23:170 163185 163891 1
07-07-2017-12:23:23:207 163891 164597 1
07-07-2017-12:23:23:253 164597 165303 1
07-07-2017-12:23:23:299 165303 166009 1
07-07-2017-12:23:23:347 166009 166715 1
07-07-2017-12:23:23:392 166715 167421 1
07-07-2017-12:23:23:428 167421 168127 1
07-07-2017-12:23:23:473 168127 168833 1
07-07-2017-12:23:23:521 168833 169539 1
07-07-2017-12:23:23:568 169539 170245 1
07-07-2017-12:23:23:602 170245 170951 1
07-07-2017-12:23:23:649 170951 171657 1
07-07-2017-12:23:23:695 171657 172363 1
07-07-2017-12:23:23:743 172363 173069 1
07-07-2017-12:23:23:792 173069 173775 1
07-07-2017-12:23:23:979 173775 174481 1
07-07-2017-12:23:23:980 174481 175187 1
07-07-2017-12:23:23:980 175187 175893 1
07-07-2017-12:23:23:980 175893 176599 1
07-07-2017-12:23:24:006 176599 177305 1
07-07-2017-12:23:24:048 177305 178011 1
07-07-2017-12:23:24:095 178011 178717 1
07-07-2017-12:23:24:143 178717 179423 1
07-07-2017-12:23:24:176 179423 180129 1
07-07-2017-12:23:24:225 180129 180835 1
07-07-2017-12:23:24:270 180835 181541 1
07-07-2017-12:23:24:316 181541 182247 1
07-07-2017-12:23:24:353 182247 182953 1
07-07-2017-12:23:24:397 182953 183659 1
07-07-2017-12:23:24:445 183659 184365 1
07-07-2017-12:23:24:492 184365 185071 1
07-07-2017-12:23:24:538 185071 185777 1
07-07-2017-12:23:24:574 185777 186483 1
07-07-2017-12:23:24:620 186483 187189 1
07-07-2017-12:23:24:668 187189 187895 1
07-07-2017-12:23:24:714 187895 188601 1
07-07-2017-12:23:24:748 188601 189307 1
07-07-2017-12:23:24:796 189307 190013 1
07-07-2017-12:23:24:842 190013 190719 1
07-07-2017-12:23:24:892 190719 191425 1
07-07-2017-12:23:24:928 191425 192131 1
07-07-2017-12:23:24:973 192131 192837 1
07-07-2017-12:23:25:021 192837 193543 1
07-07-2017-12:23:25:068 193543 194249 1
07-07-2017-12:23:25:101 194249 194955 1
07-07-2017-12:23:25:148 194955 195661 1
07-07-2017-12:23:25:195 195661 196367 1
07-07-2017-12:23:25:247 196367 197073 1
07-07-2017-12:23:25:289 197073 197779 1
07-07-2017-12:23:25:325 197779 198485 1
07-07-2017-12:23:25:370 198485 199191 1
07-07-2017-12:23:25:417 199191 199897 1
07-07-2017-12:23:25:457 199897 200603 1
07-07-2017-12:23:25:508 200603 201307 1
07-07-2017-12:23:25:548 201307 202011 1
07-07-2017-12:23:25:592 202011 202715 1
07-07-2017-12:23:25:639 202715 203419 1
07-07-2017-12:23:25:686 203419 204123 1
07-07-2017-12:23:25:720 204123 204827 1
07-07-2017-12:23:25:769 204827 205531 1
07-07-2017-12:23:25:813 205531 206235 1
07-07-2017-12:23:25:860 206235 206939 1
07-07-2017-12:23:25:896 206939 207643 1
07-07-2017-12:23:25:941 207643 208347 1
07-07-2017-12:23:25:993 208347 209051 1
07-07-2017-12:23:26:033 209051 209755 1
07-07-2017-12:23:26:075 209755 210459 1
07-07-2017-12:23:26:122 210459 211163 1
07-07-2017-12:23:26:168 211163 211867 1
07-07-2017-12:23:26:204 211867 212571 1
07-07-2017-12:23:26:251 212571 213275 1
07-07-2017-12:23:26:297 213275 213979 1
07-07-2017-12:23:26:348 213979 214683 1
07-07-2017-12:23:26:384 214683 215387 1
07-07-2017-12:23:26:428 215387 216091 1
07-07-2017-12:23:26:476 216091 216795 1
07-07-2017-12:23:26:522 216795 217499 1
07-07-2017-12:23:26:557 217499 218203 1
07-07-2017-12:23:26:603 218203 218907 1
07-07-2017-12:23:26:650 218907 219611 1
07-07-2017-12:23:26:697 219611 220315 1
07-07-2017-12:23:26:733 220315 221019 1
07-07-2017-12:23:26:778 221019 221723 1
07-07-2017-12:23:26:829 221723 222427 1
07-07-2017-12:23:26:872 222427 223131 1
07-07-2017-12:23:26:918 223131 223835 1
07-07-2017-12:23:26:953 223835 224539 1
07-07-2017-12:23:27:094 224539 225243 1
07-07-2017-12:23:27:096 225243 225947 1
07-07-2017-12:23:27:096 225947 226651 1
07-07-2017-12:23:27:127 226651 227355 1
07-07-2017-12:23:27:175 227355 228059 1
07-07-2017-12:23:27:227 228059 228747 1
07-07-2017-12:23:27:265 228747 229435 1
07-07-2017-12:23:27:301 229435 230123 1
07-07-2017-12:23:27:346 230123 230811 1
07-07-2017-12:23:27:395 230811 231499 1
07-07-2017-12:23:27:428 231499 232187 1
07-07-2017-12:23:27:476 232187 232875 1
