07-07-2017-12:29:15:227 0 614 1
07-07-2017-12:29:15:258 614 1228 1
07-07-2017-12:29:15:293 1228 1842 1
07-07-2017-12:29:15:331 1842 2456 1
07-07-2017-12:29:15:379 2456 3070 1
07-07-2017-12:29:15:414 3070 3684 1
07-07-2017-12:29:15:449 3684 4298 1
07-07-2017-12:29:15:486 4298 4912 1
07-07-2017-12:29:15:521 4912 5526 1
07-07-2017-12:29:15:557 5526 6140 1
07-07-2017-12:29:15:604 6140 6754 1
07-07-2017-12:29:15:638 6754 7368 1
07-07-2017-12:29:15:674 7368 7982 1
07-07-2017-12:29:15:721 7982 8596 1
07-07-2017-12:29:15:755 8596 9210 1
07-07-2017-12:29:15:791 9210 9824 1
07-07-2017-12:29:15:831 9824 10438 1
07-07-2017-12:29:15:866 10438 11052 1
07-07-2017-12:29:15:912 11052 11666 1
07-07-2017-12:29:15:948 11666 12280 1
07-07-2017-12:29:15:984 12280 12894 1
07-07-2017-12:29:16:030 12894 13508 1
07-07-2017-12:29:16:057 13508 14122 1
07-07-2017-12:29:16:102 14122 14736 1
07-07-2017-12:29:16:137 14736 15350 1
07-07-2017-12:29:16:174 15350 15964 1
07-07-2017-12:29:16:221 15964 16578 1
07-07-2017-12:29:16:255 16578 17192 1
07-07-2017-12:29:16:289 17192 17806 1
07-07-2017-12:29:16:325 17806 18420 1
07-07-2017-12:29:16:372 18420 19034 1
07-07-2017-12:29:16:408 19034 19648 1
07-07-2017-12:29:16:441 19648 20262 1
07-07-2017-12:29:16:487 20262 20876 1
07-07-2017-12:29:16:523 20876 21490 1
07-07-2017-12:29:16:558 21490 22104 1
07-07-2017-12:29:16:593 22104 22718 1
07-07-2017-12:29:16:640 22718 23332 1
07-07-2017-12:29:16:675 23332 23946 1
07-07-2017-12:29:16:710 23946 24560 1
07-07-2017-12:29:16:758 24560 25174 1
07-07-2017-12:29:16:792 25174 25788 1
07-07-2017-12:29:16:828 25788 26402 1
07-07-2017-12:29:16:869 26402 27016 1
07-07-2017-12:29:16:908 27016 27630 1
07-07-2017-12:29:16:950 27630 28244 1
07-07-2017-12:29:16:984 28244 28858 1
07-07-2017-12:29:17:023 28858 29472 1
07-07-2017-12:29:17:057 29472 30086 1
07-07-2017-12:29:17:093 30086 30700 1
07-07-2017-12:29:17:140 30700 31314 1
07-07-2017-12:29:17:175 31314 31928 1
07-07-2017-12:29:17:214 31928 32542 1
07-07-2017-12:29:17:248 32542 33156 1
07-07-2017-12:29:17:294 33156 33770 1
07-07-2017-12:29:17:330 33770 34384 1
07-07-2017-12:29:17:366 34384 34998 1
07-07-2017-12:29:17:400 34998 35612 1
07-07-2017-12:29:17:447 35612 36226 1
07-07-2017-12:29:17:482 36226 36840 1
07-07-2017-12:29:17:523 36840 37454 1
07-07-2017-12:29:17:562 37454 38068 1
07-07-2017-12:29:17:597 38068 38682 1
07-07-2017-12:29:17:632 38682 39296 1
07-07-2017-12:29:17:678 39296 39910 1
07-07-2017-12:29:17:713 39910 40524 1
07-07-2017-12:29:17:751 40524 41138 1
07-07-2017-12:29:17:787 41138 41752 1
07-07-2017-12:29:17:822 41752 42366 1
07-07-2017-12:29:17:870 42366 42980 1
07-07-2017-12:29:17:905 42980 43594 1
07-07-2017-12:29:17:939 43594 44208 1
07-07-2017-12:29:17:985 44208 44822 1
07-07-2017-12:29:18:021 44822 45436 1
07-07-2017-12:29:18:064 45436 46050 1
07-07-2017-12:29:18:098 46050 46664 1
07-07-2017-12:29:18:134 46664 47278 1
07-07-2017-12:29:18:170 47278 47892 1
07-07-2017-12:29:18:216 47892 48506 1
07-07-2017-12:29:18:251 48506 49120 1
07-07-2017-12:29:18:286 49120 49734 1
07-07-2017-12:29:18:582 49734 50348 1
07-07-2017-12:29:18:583 50348 50962 1
07-07-2017-12:29:18:583 50962 51576 1
07-07-2017-12:29:18:583 51576 52190 1
07-07-2017-12:29:18:583 52190 52804 1
07-07-2017-12:29:18:584 52804 53418 1
07-07-2017-12:29:18:584 53418 54032 1
07-07-2017-12:29:18:592 54032 54646 1
07-07-2017-12:29:18:628 54646 55260 1
07-07-2017-12:29:18:674 55260 55874 1
07-07-2017-12:29:18:709 55874 56488 1
07-07-2017-12:29:18:744 56488 57102 1
07-07-2017-12:29:18:790 57102 57716 1
07-07-2017-12:29:18:826 57716 58330 1
07-07-2017-12:29:18:861 58330 58944 1
07-07-2017-12:29:18:895 58944 59558 1
07-07-2017-12:29:18:942 59558 60172 1
07-07-2017-12:29:18:978 60172 60786 1
07-07-2017-12:29:19:013 60786 61400 1
07-07-2017-12:29:19:060 61400 62014 1
07-07-2017-12:29:19:095 62014 62628 1
07-07-2017-12:29:19:129 62628 63242 1
07-07-2017-12:29:19:171 63242 63856 1
07-07-2017-12:29:19:219 63856 64470 1
07-07-2017-12:29:19:244 64470 65084 1
07-07-2017-12:29:19:281 65084 65698 1
07-07-2017-12:29:19:326 65698 66312 1
07-07-2017-12:29:19:362 66312 66926 1
07-07-2017-12:29:19:397 66926 67540 1
07-07-2017-12:29:19:443 67540 68154 1
07-07-2017-12:29:19:479 68154 68768 1
07-07-2017-12:29:19:514 68768 69382 1
07-07-2017-12:29:19:548 69382 69996 1
07-07-2017-12:29:19:594 69996 70610 1
07-07-2017-12:29:19:630 70610 71224 1
07-07-2017-12:29:19:665 71224 71838 1
07-07-2017-12:29:19:711 71838 72452 1
07-07-2017-12:29:19:749 72452 73066 1
07-07-2017-12:29:19:785 73066 73680 1
07-07-2017-12:29:19:818 73680 74294 1
07-07-2017-12:29:19:866 74294 74908 1
07-07-2017-12:29:19:902 74908 75522 1
07-07-2017-12:29:19:970 75522 76136 1
07-07-2017-12:29:19:973 76136 76750 1
07-07-2017-12:29:20:017 76750 77364 1
07-07-2017-12:29:20:053 77364 77978 1
07-07-2017-12:29:20:087 77978 78592 1
07-07-2017-12:29:20:134 78592 79206 1
07-07-2017-12:29:20:169 79206 79820 1
07-07-2017-12:29:20:207 79820 80434 1
07-07-2017-12:29:20:238 80434 81048 1
07-07-2017-12:29:20:286 81048 81662 1
07-07-2017-12:29:20:320 81662 82276 1
07-07-2017-12:29:20:356 82276 82890 1
07-07-2017-12:29:20:403 82890 83504 1
07-07-2017-12:29:20:438 83504 84118 1
07-07-2017-12:29:20:473 84118 84732 1
07-07-2017-12:29:20:508 84732 85346 1
07-07-2017-12:29:20:554 85346 85960 1
07-07-2017-12:29:20:589 85960 86574 1
07-07-2017-12:29:20:624 86574 87188 1
07-07-2017-12:29:20:672 87188 87802 1
07-07-2017-12:29:20:707 87802 88416 1
07-07-2017-12:29:20:746 88416 89030 1
07-07-2017-12:29:20:782 89030 89644 1
07-07-2017-12:29:20:825 89644 90258 1
07-07-2017-12:29:20:862 90258 90872 1
07-07-2017-12:29:20:897 90872 91486 1
07-07-2017-12:29:20:934 91486 92100 1
07-07-2017-12:29:20:967 92100 92714 1
07-07-2017-12:29:21:015 92714 93328 1
07-07-2017-12:29:21:052 93328 93942 1
07-07-2017-12:29:21:085 93942 94556 1
07-07-2017-12:29:21:132 94556 95170 1
07-07-2017-12:29:21:168 95170 95784 1
07-07-2017-12:29:21:203 95784 96398 1
07-07-2017-12:29:21:245 96398 97012 1
07-07-2017-12:29:21:284 97012 97626 1
07-07-2017-12:29:21:317 97626 98240 1
07-07-2017-12:29:21:353 98240 98854 1
07-07-2017-12:29:21:400 98854 99468 1
07-07-2017-12:29:21:435 99468 100082 1
07-07-2017-12:29:21:470 100082 100696 1
07-07-2017-12:29:21:516 100696 101310 1
07-07-2017-12:29:21:552 101310 101924 1
07-07-2017-12:29:21:587 101924 102538 1
07-07-2017-12:29:21:622 102538 103152 1
07-07-2017-12:29:21:668 103152 103766 1
07-07-2017-12:29:21:710 103766 104380 1
07-07-2017-12:29:21:737 104380 104994 1
07-07-2017-12:29:21:783 104994 105608 1
07-07-2017-12:29:21:818 105608 106222 1
07-07-2017-12:29:21:854 106222 106836 1
07-07-2017-12:29:21:889 106836 107450 1
07-07-2017-12:29:21:935 107450 108064 1
07-07-2017-12:29:21:970 108064 108678 1
07-07-2017-12:29:22:007 108678 109292 1
07-07-2017-12:29:22:053 109292 109906 1
07-07-2017-12:29:22:088 109906 110520 1
07-07-2017-12:29:22:132 110520 111134 1
07-07-2017-12:29:22:169 111134 111748 1
07-07-2017-12:29:22:204 111748 112362 1
07-07-2017-12:29:22:242 112362 112976 1
07-07-2017-12:29:22:277 112976 113590 1
07-07-2017-12:29:22:313 113590 114204 1
07-07-2017-12:29:22:358 114204 114818 1
07-07-2017-12:29:22:394 114818 115432 1
07-07-2017-12:29:22:428 115432 116046 1
07-07-2017-12:29:22:477 116046 116660 1
07-07-2017-12:29:22:510 116660 117274 1
07-07-2017-12:29:22:546 117274 117888 1
07-07-2017-12:29:22:581 117888 118502 1
07-07-2017-12:29:22:622 118502 119116 1
07-07-2017-12:29:22:662 119116 119730 1
07-07-2017-12:29:22:695 119730 120344 1
07-07-2017-12:29:22:744 120344 120958 1
07-07-2017-12:29:22:779 120958 121572 1
07-07-2017-12:29:22:812 121572 122186 1
07-07-2017-12:29:22:847 122186 122800 1
07-07-2017-12:29:22:896 122800 123414 1
07-07-2017-12:29:22:930 123414 124028 1
07-07-2017-12:29:22:965 124028 124642 1
07-07-2017-12:29:23:011 124642 125256 1
07-07-2017-12:29:23:047 125256 125870 1
07-07-2017-12:29:23:323 125870 126484 1
07-07-2017-12:29:23:324 126484 127098 1
07-07-2017-12:29:23:324 127098 127712 1
07-07-2017-12:29:23:324 127712 128326 1
07-07-2017-12:29:23:328 128326 128940 1
07-07-2017-12:29:23:328 128940 129554 1
07-07-2017-12:29:23:328 129554 130168 1
07-07-2017-12:29:23:348 130168 130782 1
07-07-2017-12:29:23:395 130782 131396 1
07-07-2017-12:29:23:429 131396 132010 1
07-07-2017-12:29:23:469 132010 132624 1
07-07-2017-12:29:23:508 132624 133238 1
07-07-2017-12:29:23:543 133238 133852 1
07-07-2017-12:29:23:579 133852 134466 1
07-07-2017-12:29:23:627 134466 135080 1
07-07-2017-12:29:23:659 135080 135694 1
07-07-2017-12:29:23:695 135694 136308 1
07-07-2017-12:29:23:742 136308 136922 1
07-07-2017-12:29:23:775 136922 137536 1
07-07-2017-12:29:23:812 137536 138150 1
07-07-2017-12:29:23:847 138150 138764 1
07-07-2017-12:29:23:893 138764 139378 1
07-07-2017-12:29:23:928 139378 139992 1
07-07-2017-12:29:23:963 139992 140606 1
07-07-2017-12:29:24:001 140606 141220 1
07-07-2017-12:29:24:049 141220 141834 1
07-07-2017-12:29:24:084 141834 142448 1
07-07-2017-12:29:24:119 142448 143062 1
07-07-2017-12:29:24:155 143062 143676 1
07-07-2017-12:29:24:200 143676 144290 1
07-07-2017-12:29:24:236 144290 144904 1
07-07-2017-12:29:24:271 144904 145518 1
07-07-2017-12:29:24:317 145518 146132 1
07-07-2017-12:29:24:354 146132 146746 1
07-07-2017-12:29:24:393 146746 147360 1
07-07-2017-12:29:24:431 147360 147974 1
07-07-2017-12:29:24:465 147974 148588 1
07-07-2017-12:29:24:500 148588 149202 1
07-07-2017-12:29:24:547 149202 149816 1
07-07-2017-12:29:24:583 149816 150430 1
07-07-2017-12:29:24:617 150430 151044 1
07-07-2017-12:29:24:653 151044 151658 1
07-07-2017-12:29:24:700 151658 152272 1
07-07-2017-12:29:24:738 152272 152886 1
07-07-2017-12:29:24:774 152886 153500 1
07-07-2017-12:29:24:809 153500 154114 1
07-07-2017-12:29:24:844 154114 154728 1
07-07-2017-12:29:24:890 154728 155342 1
07-07-2017-12:29:24:925 155342 155956 1
07-07-2017-12:29:24:960 155956 156570 1
07-07-2017-12:29:25:007 156570 157184 1
07-07-2017-12:29:25:050 157184 157798 1
07-07-2017-12:29:25:073 157798 158412 1
07-07-2017-12:29:25:121 158412 159026 1
07-07-2017-12:29:25:154 159026 159640 1
07-07-2017-12:29:25:190 159640 160254 1
07-07-2017-12:29:25:237 160254 160868 1
07-07-2017-12:29:25:272 160868 161482 1
07-07-2017-12:29:25:307 161482 162096 1
07-07-2017-12:29:25:357 162096 162710 1
07-07-2017-12:29:25:389 162710 163324 1
07-07-2017-12:29:25:424 163324 163938 1
07-07-2017-12:29:25:460 163938 164552 1
07-07-2017-12:29:25:507 164552 165166 1
07-07-2017-12:29:25:543 165166 165780 1
07-07-2017-12:29:25:575 165780 166394 1
07-07-2017-12:29:25:610 166394 167008 1
07-07-2017-12:29:25:661 167008 167622 1
07-07-2017-12:29:25:693 167622 168236 1
07-07-2017-12:29:25:738 168236 168850 1
07-07-2017-12:29:25:771 168850 169464 1
07-07-2017-12:29:25:806 169464 170078 1
07-07-2017-12:29:25:842 170078 170692 1
07-07-2017-12:29:25:889 170692 171306 1
07-07-2017-12:29:25:924 171306 171920 1
07-07-2017-12:29:25:960 171920 172534 1
07-07-2017-12:29:26:006 172534 173148 1
07-07-2017-12:29:26:041 173148 173762 1
07-07-2017-12:29:26:075 173762 174376 1
07-07-2017-12:29:26:119 174376 174990 1
07-07-2017-12:29:26:153 174990 175604 1
07-07-2017-12:29:26:188 175604 176218 1
07-07-2017-12:29:26:450 176218 176832 1
07-07-2017-12:29:26:451 176832 177446 1
07-07-2017-12:29:26:451 177446 178060 1
07-07-2017-12:29:26:451 178060 178674 1
07-07-2017-12:29:26:451 178674 179288 1
07-07-2017-12:29:26:452 179288 179902 1
07-07-2017-12:29:26:468 179902 180516 1
07-07-2017-12:29:26:496 180516 181130 1
07-07-2017-12:29:26:543 181130 181744 1
07-07-2017-12:29:26:577 181744 182358 1
07-07-2017-12:29:26:612 182358 182972 1
07-07-2017-12:29:26:648 182972 183586 1
07-07-2017-12:29:26:694 183586 184200 1
07-07-2017-12:29:26:734 184200 184814 1
07-07-2017-12:29:26:765 184814 185428 1
07-07-2017-12:29:26:813 185428 186042 1
07-07-2017-12:29:26:846 186042 186656 1
07-07-2017-12:29:26:883 186656 187270 1
07-07-2017-12:29:26:917 187270 187884 1
07-07-2017-12:29:26:967 187884 188498 1
07-07-2017-12:29:26:995 188498 189112 1
07-07-2017-12:29:27:041 189112 189726 1
07-07-2017-12:29:27:076 189726 190340 1
07-07-2017-12:29:27:112 190340 190954 1
07-07-2017-12:29:27:145 190954 191568 1
07-07-2017-12:29:27:193 191568 192182 1
07-07-2017-12:29:27:227 192182 192796 1
07-07-2017-12:29:27:264 192796 193410 1
07-07-2017-12:29:27:310 193410 194024 1
07-07-2017-12:29:27:351 194024 194638 1
07-07-2017-12:29:27:379 194638 195252 1
07-07-2017-12:29:27:414 195252 195866 1
07-07-2017-12:29:27:461 195866 196480 1
07-07-2017-12:29:27:496 196480 197094 1
07-07-2017-12:29:27:532 197094 197708 1
07-07-2017-12:29:27:579 197708 198322 1
07-07-2017-12:29:27:614 198322 198936 1
07-07-2017-12:29:27:649 198936 199550 1
07-07-2017-12:29:27:687 199550 200164 1
