07-07-2017-12:30:57:316 0 800 1
07-07-2017-12:30:57:368 800 1547 1
07-07-2017-12:30:57:407 1547 2294 1
07-07-2017-12:30:57:459 2294 3041 1
07-07-2017-12:30:57:504 3041 3788 1
07-07-2017-12:30:57:552 3788 4535 1
07-07-2017-12:30:57:595 4535 5282 1
07-07-2017-12:30:57:643 5282 6029 1
07-07-2017-12:30:57:689 6029 6776 1
07-07-2017-12:30:57:736 6776 7523 1
07-07-2017-12:30:57:783 7523 8270 1
07-07-2017-12:30:57:828 8270 9017 1
07-07-2017-12:30:57:876 9017 9764 1
07-07-2017-12:30:57:928 9764 10511 1
07-07-2017-12:30:57:978 10511 11258 1
07-07-2017-12:30:58:024 11258 12005 1
07-07-2017-12:30:58:072 12005 12752 1
07-07-2017-12:30:58:118 12752 13499 1
07-07-2017-12:30:58:165 13499 14246 1
07-07-2017-12:30:58:213 14246 14993 1
07-07-2017-12:30:58:259 14993 15740 1
07-07-2017-12:30:58:297 15740 16487 1
07-07-2017-12:30:58:343 16487 17234 1
07-07-2017-12:30:58:389 17234 17981 1
07-07-2017-12:30:58:436 17981 18728 1
07-07-2017-12:30:58:484 18728 19475 1
07-07-2017-12:30:58:530 19475 20222 1
07-07-2017-12:30:58:580 20222 20969 1
07-07-2017-12:30:58:627 20969 21716 1
07-07-2017-12:30:58:679 21716 22463 1
07-07-2017-12:30:58:725 22463 23210 1
07-07-2017-12:30:58:771 23210 23957 1
07-07-2017-12:30:58:819 23957 24704 1
07-07-2017-12:30:58:865 24704 25451 1
07-07-2017-12:30:58:905 25451 26198 1
07-07-2017-12:30:58:951 26198 26945 1
07-07-2017-12:30:58:998 26945 27692 1
07-07-2017-12:30:59:045 27692 28439 1
07-07-2017-12:30:59:092 28439 29186 1
07-07-2017-12:30:59:143 29186 29933 1
07-07-2017-12:30:59:190 29933 30680 1
07-07-2017-12:30:59:237 30680 31427 1
07-07-2017-12:30:59:283 31427 32174 1
07-07-2017-12:30:59:324 32174 32921 1
07-07-2017-12:30:59:369 32921 33668 1
07-07-2017-12:30:59:417 33668 34415 1
07-07-2017-12:30:59:468 34415 35162 1
07-07-2017-12:30:59:513 35162 35909 1
07-07-2017-12:30:59:560 35909 36656 1
07-07-2017-12:30:59:606 36656 37403 1
07-07-2017-12:30:59:654 37403 38150 1
07-07-2017-12:30:59:701 38150 38897 1
07-07-2017-12:30:59:750 38897 39644 1
07-07-2017-12:30:59:796 39644 40391 1
07-07-2017-12:30:59:843 40391 41138 1
07-07-2017-12:30:59:891 41138 41885 1
07-07-2017-12:30:59:937 41885 42632 1
07-07-2017-12:30:59:977 42632 43379 1
07-07-2017-12:31:00:023 43379 44126 1
07-07-2017-12:31:00:072 44126 44873 1
07-07-2017-12:31:00:117 44873 45620 1
07-07-2017-12:31:00:168 45620 46367 1
07-07-2017-12:31:00:215 46367 47114 1
07-07-2017-12:31:00:262 47114 47861 1
07-07-2017-12:31:00:308 47861 48608 1
07-07-2017-12:31:00:354 48608 49355 1
07-07-2017-12:31:00:405 49355 50102 1
07-07-2017-12:31:00:727 50102 50849 1
07-07-2017-12:31:00:728 50849 51596 1
07-07-2017-12:31:00:728 51596 52343 1
07-07-2017-12:31:00:728 52343 53090 1
07-07-2017-12:31:00:729 53090 53837 1
07-07-2017-12:31:00:729 53837 54584 1
07-07-2017-12:31:00:729 54584 55331 1
07-07-2017-12:31:00:775 55331 56078 1
07-07-2017-12:31:00:819 56078 56825 1
07-07-2017-12:31:00:865 56825 57572 1
07-07-2017-12:31:00:911 57572 58319 1
07-07-2017-12:31:00:958 58319 59066 1
07-07-2017-12:31:01:004 59066 59813 1
07-07-2017-12:31:01:053 59813 60560 1
07-07-2017-12:31:01:099 60560 61307 1
07-07-2017-12:31:01:146 61307 62054 1
07-07-2017-12:31:01:196 62054 62801 1
07-07-2017-12:31:01:242 62801 63548 1
07-07-2017-12:31:01:291 63548 64295 1
07-07-2017-12:31:01:336 64295 65042 1
07-07-2017-12:31:01:382 65042 65789 1
07-07-2017-12:31:01:431 65789 66536 1
07-07-2017-12:31:01:477 66536 67283 1
07-07-2017-12:31:01:527 67283 68030 1
07-07-2017-12:31:01:565 68030 68777 1
07-07-2017-12:31:01:613 68777 69524 1
07-07-2017-12:31:01:659 69524 70271 1
07-07-2017-12:31:01:707 70271 71018 1
07-07-2017-12:31:01:753 71018 71765 1
07-07-2017-12:31:01:805 71765 72427 1
07-07-2017-12:31:01:840 72427 73089 1
07-07-2017-12:31:01:876 73089 73751 1
07-07-2017-12:31:01:923 73751 74413 1
07-07-2017-12:31:01:958 74413 75075 1
07-07-2017-12:31:02:004 75075 75737 1
07-07-2017-12:31:02:040 75737 76399 1
07-07-2017-12:31:02:091 76399 77061 1
07-07-2017-12:31:02:124 77061 77723 1
07-07-2017-12:31:02:173 77723 78385 1
07-07-2017-12:31:02:208 78385 79047 1
07-07-2017-12:31:02:254 79047 79709 1
07-07-2017-12:31:02:290 79709 80371 1
07-07-2017-12:31:02:339 80371 81033 1
07-07-2017-12:31:02:373 81033 81695 1
07-07-2017-12:31:02:420 81695 82357 1
07-07-2017-12:31:02:457 82357 83019 1
07-07-2017-12:31:02:503 83019 83681 1
07-07-2017-12:31:02:541 83681 84343 1
07-07-2017-12:31:02:587 84343 85005 1
07-07-2017-12:31:02:622 85005 85667 1
07-07-2017-12:31:02:669 85667 86329 1
07-07-2017-12:31:02:703 86329 86991 1
07-07-2017-12:31:02:743 86991 87653 1
07-07-2017-12:31:02:790 87653 88315 1
07-07-2017-12:31:02:827 88315 88977 1
07-07-2017-12:31:02:874 88977 89639 1
07-07-2017-12:31:02:908 89639 90301 1
07-07-2017-12:31:02:956 90301 90963 1
07-07-2017-12:31:02:996 90963 91625 1
07-07-2017-12:31:03:043 91625 92287 1
07-07-2017-12:31:03:078 92287 92949 1
07-07-2017-12:31:03:124 92949 93611 1
07-07-2017-12:31:03:160 93611 94273 1
07-07-2017-12:31:03:198 94273 94935 1
07-07-2017-12:31:03:246 94935 95597 1
07-07-2017-12:31:03:282 95597 96259 1
07-07-2017-12:31:03:331 96259 96921 1
07-07-2017-12:31:03:366 96921 97583 1
07-07-2017-12:31:03:408 97583 98245 1
07-07-2017-12:31:03:456 98245 98907 1
07-07-2017-12:31:03:490 98907 99569 1
07-07-2017-12:31:03:540 99569 100231 1
07-07-2017-12:31:03:650 100231 100893 1
07-07-2017-12:31:03:651 100893 101555 1
07-07-2017-12:31:03:655 101555 102217 1
07-07-2017-12:31:03:703 102217 102879 1
07-07-2017-12:31:03:738 102879 103541 1
07-07-2017-12:31:03:776 103541 104203 1
07-07-2017-12:31:03:825 104203 104865 1
07-07-2017-12:31:03:871 104865 105527 1
07-07-2017-12:31:03:906 105527 106189 1
07-07-2017-12:31:03:956 106189 106851 1
07-07-2017-12:31:03:992 106851 107513 1
07-07-2017-12:31:04:025 107513 108175 1
07-07-2017-12:31:04:073 108175 108837 1
07-07-2017-12:31:04:119 108837 109499 1
07-07-2017-12:31:04:155 109499 110161 1
07-07-2017-12:31:04:200 110161 110823 1
07-07-2017-12:31:04:235 110823 111485 1
07-07-2017-12:31:04:282 111485 112147 1
07-07-2017-12:31:04:317 112147 112809 1
07-07-2017-12:31:04:361 112809 113471 1
07-07-2017-12:31:04:400 113471 114133 1
07-07-2017-12:31:04:448 114133 114795 1
07-07-2017-12:31:04:482 114795 115457 1
07-07-2017-12:31:04:529 115457 116119 1
07-07-2017-12:31:04:566 116119 116781 1
07-07-2017-12:31:04:615 116781 117443 1
07-07-2017-12:31:04:660 117443 118105 1
07-07-2017-12:31:04:697 118105 118767 1
07-07-2017-12:31:04:732 118767 119429 1
07-07-2017-12:31:04:780 119429 120091 1
07-07-2017-12:31:04:813 120091 120753 1
07-07-2017-12:31:04:862 120753 121415 1
07-07-2017-12:31:04:901 121415 122077 1
07-07-2017-12:31:04:946 122077 122739 1
07-07-2017-12:31:04:981 122739 123401 1
07-07-2017-12:31:05:033 123401 124063 1
07-07-2017-12:31:05:068 124063 124725 1
07-07-2017-12:31:05:104 124725 125387 1
07-07-2017-12:31:05:150 125387 126049 1
07-07-2017-12:31:05:185 126049 126711 1
07-07-2017-12:31:05:235 126711 127373 1
07-07-2017-12:31:05:274 127373 128035 1
07-07-2017-12:31:05:316 128035 128697 1
07-07-2017-12:31:05:352 128697 129359 1
07-07-2017-12:31:05:399 129359 130021 1
07-07-2017-12:31:05:441 130021 130683 1
07-07-2017-12:31:05:486 130683 131345 1
07-07-2017-12:31:05:520 131345 132007 1
07-07-2017-12:31:05:567 132007 132669 1
07-07-2017-12:31:05:607 132669 133331 1
07-07-2017-12:31:05:649 133331 133993 1
07-07-2017-12:31:05:686 133993 134655 1
07-07-2017-12:31:05:721 134655 135317 1
07-07-2017-12:31:05:769 135317 135979 1
07-07-2017-12:31:05:815 135979 136641 1
07-07-2017-12:31:05:855 136641 137303 1
07-07-2017-12:31:05:891 137303 137965 1
07-07-2017-12:31:05:939 137965 138627 1
07-07-2017-12:31:05:972 138627 139289 1
07-07-2017-12:31:06:021 139289 139951 1
07-07-2017-12:31:06:058 139951 140613 1
07-07-2017-12:31:06:104 140613 141275 1
