07-07-2017-12:32:51:119 0 800 1
07-07-2017-12:32:51:171 800 1600 1
07-07-2017-12:32:51:223 1600 2374 1
07-07-2017-12:32:51:269 2374 3148 1
07-07-2017-12:32:51:316 3148 3922 1
07-07-2017-12:32:51:368 3922 4694 1
07-07-2017-12:32:51:412 4694 5466 1
07-07-2017-12:32:51:458 5466 6238 1
07-07-2017-12:32:51:510 6238 6987 1
07-07-2017-12:32:51:563 6987 7734 1
07-07-2017-12:32:51:610 7734 8481 1
07-07-2017-12:32:51:658 8481 9228 1
07-07-2017-12:32:51:710 9228 9975 1
07-07-2017-12:32:51:743 9975 10722 1
07-07-2017-12:32:51:790 10722 11469 1
07-07-2017-12:32:51:838 11469 12216 1
07-07-2017-12:32:51:884 12216 12963 1
07-07-2017-12:32:51:932 12963 13710 1
07-07-2017-12:32:51:977 13710 14457 1
07-07-2017-12:32:52:025 14457 15204 1
07-07-2017-12:32:52:073 15204 15951 1
07-07-2017-12:32:52:125 15951 16654 1
07-07-2017-12:32:52:162 16654 17357 1
07-07-2017-12:32:52:208 17357 18060 1
07-07-2017-12:32:52:244 18060 18763 1
07-07-2017-12:32:52:290 18763 19466 1
07-07-2017-12:32:52:336 19466 20169 1
07-07-2017-12:32:52:383 20169 20872 1
07-07-2017-12:32:52:428 20872 21575 1
07-07-2017-12:32:52:464 21575 22278 1
07-07-2017-12:32:52:513 22278 22981 1
07-07-2017-12:32:52:557 22981 23684 1
07-07-2017-12:32:52:607 23684 24387 1
07-07-2017-12:32:52:642 24387 25090 1
07-07-2017-12:32:52:691 25090 25793 1
07-07-2017-12:32:52:736 25793 26496 1
07-07-2017-12:32:52:773 26496 27199 1
07-07-2017-12:32:52:818 27199 27902 1
07-07-2017-12:32:52:864 27902 28605 1
07-07-2017-12:32:52:911 28605 29308 1
07-07-2017-12:32:52:946 29308 30011 1
07-07-2017-12:32:52:994 30011 30714 1
07-07-2017-12:32:53:040 30714 31417 1
07-07-2017-12:32:53:087 31417 32120 1
07-07-2017-12:32:53:122 32120 32823 1
07-07-2017-12:32:53:168 32823 33526 1
07-07-2017-12:32:53:215 33526 34229 1
07-07-2017-12:32:53:261 34229 34932 1
07-07-2017-12:32:53:308 34932 35635 1
07-07-2017-12:32:53:347 35635 36338 1
07-07-2017-12:32:53:386 36338 37041 1
07-07-2017-12:32:53:433 37041 37744 1
07-07-2017-12:32:53:479 37744 38447 1
07-07-2017-12:32:53:527 38447 39150 1
07-07-2017-12:32:53:562 39150 39853 1
07-07-2017-12:32:53:607 39853 40556 1
07-07-2017-12:32:53:660 40556 41259 1
07-07-2017-12:32:53:695 41259 41962 1
07-07-2017-12:32:53:741 41962 42665 1
07-07-2017-12:32:53:789 42665 43368 1
07-07-2017-12:32:53:833 43368 44071 1
07-07-2017-12:32:53:869 44071 44774 1
07-07-2017-12:32:53:916 44774 45477 1
07-07-2017-12:32:53:962 45477 46180 1
07-07-2017-12:32:54:010 46180 46883 1
07-07-2017-12:32:54:044 46883 47586 1
07-07-2017-12:32:54:090 47586 48289 1
07-07-2017-12:32:54:138 48289 48992 1
07-07-2017-12:32:54:175 48992 49695 1
07-07-2017-12:32:54:471 49695 50398 1
07-07-2017-12:32:54:472 50398 51101 1
07-07-2017-12:32:54:472 51101 51804 1
07-07-2017-12:32:54:472 51804 52507 1
07-07-2017-12:32:54:472 52507 53210 1
07-07-2017-12:32:54:472 53210 53913 1
07-07-2017-12:32:54:494 53913 54616 1
07-07-2017-12:32:54:537 54616 55319 1
07-07-2017-12:32:54:573 55319 56022 1
07-07-2017-12:32:54:619 56022 56725 1
07-07-2017-12:32:54:667 56725 57428 1
07-07-2017-12:32:54:712 57428 58131 1
07-07-2017-12:32:54:748 58131 58834 1
07-07-2017-12:32:54:794 58834 59537 1
07-07-2017-12:32:54:845 59537 60240 1
07-07-2017-12:32:54:880 60240 60943 1
07-07-2017-12:32:54:927 60943 61646 1
07-07-2017-12:32:54:973 61646 62349 1
07-07-2017-12:32:55:019 62349 63052 1
07-07-2017-12:32:55:054 63052 63755 1
07-07-2017-12:32:55:102 63755 64458 1
07-07-2017-12:32:55:148 64458 65161 1
07-07-2017-12:32:55:195 65161 65864 1
07-07-2017-12:32:55:241 65864 66567 1
07-07-2017-12:32:55:276 66567 67270 1
07-07-2017-12:32:55:322 67270 67973 1
07-07-2017-12:32:55:370 67973 68676 1
07-07-2017-12:32:55:416 68676 69379 1
07-07-2017-12:32:55:451 69379 70082 1
07-07-2017-12:32:55:497 70082 70785 1
07-07-2017-12:32:55:544 70785 71488 1
07-07-2017-12:32:55:590 71488 72191 1
07-07-2017-12:32:55:625 72191 72894 1
07-07-2017-12:32:55:673 72894 73597 1
07-07-2017-12:32:55:725 73597 74300 1
07-07-2017-12:32:55:765 74300 75003 1
07-07-2017-12:32:55:813 75003 75706 1
07-07-2017-12:32:55:844 75706 76409 1
07-07-2017-12:32:55:893 76409 77112 1
07-07-2017-12:32:55:973 77112 77815 1
07-07-2017-12:32:55:989 77815 78518 1
07-07-2017-12:32:56:032 78518 79221 1
07-07-2017-12:32:56:066 79221 79924 1
07-07-2017-12:32:56:112 79924 80627 1
07-07-2017-12:32:56:160 80627 81330 1
07-07-2017-12:32:56:206 81330 82033 1
07-07-2017-12:32:56:241 82033 82736 1
07-07-2017-12:32:56:288 82736 83439 1
07-07-2017-12:32:56:340 83439 84142 1
07-07-2017-12:32:56:375 84142 84845 1
07-07-2017-12:32:56:421 84845 85548 1
07-07-2017-12:32:56:468 85548 86251 1
07-07-2017-12:32:56:514 86251 86954 1
07-07-2017-12:32:56:549 86954 87657 1
07-07-2017-12:32:56:597 87657 88360 1
07-07-2017-12:32:56:642 88360 89063 1
07-07-2017-12:32:56:690 89063 89766 1
07-07-2017-12:32:56:725 89766 90469 1
07-07-2017-12:32:56:770 90469 91172 1
07-07-2017-12:32:56:818 91172 91875 1
07-07-2017-12:32:56:863 91875 92578 1
07-07-2017-12:32:56:912 92578 93281 1
07-07-2017-12:32:56:947 93281 93984 1
07-07-2017-12:32:56:992 93984 94687 1
07-07-2017-12:32:57:040 94687 95390 1
07-07-2017-12:32:57:085 95390 96093 1
07-07-2017-12:32:57:120 96093 96796 1
07-07-2017-12:32:57:168 96796 97499 1
07-07-2017-12:32:57:213 97499 98202 1
07-07-2017-12:32:57:253 98202 98905 1
07-07-2017-12:32:57:304 98905 99608 1
07-07-2017-12:32:57:339 99608 100311 1
07-07-2017-12:32:57:387 100311 101014 1
07-07-2017-12:32:57:433 101014 101717 1
07-07-2017-12:32:57:479 101717 102420 1
07-07-2017-12:32:57:527 102420 103123 1
07-07-2017-12:32:57:561 103123 103826 1
07-07-2017-12:32:57:609 103826 104529 1
07-07-2017-12:32:57:653 104529 105232 1
07-07-2017-12:32:57:701 105232 105935 1
07-07-2017-12:32:57:736 105935 106638 1
07-07-2017-12:32:57:782 106638 107341 1
07-07-2017-12:32:57:830 107341 108044 1
07-07-2017-12:32:57:878 108044 108747 1
07-07-2017-12:32:57:913 108747 109450 1
07-07-2017-12:32:57:958 109450 110153 1
07-07-2017-12:32:58:006 110153 110856 1
07-07-2017-12:32:58:053 110856 111559 1
07-07-2017-12:32:58:088 111559 112262 1
07-07-2017-12:32:58:133 112262 112965 1
07-07-2017-12:32:58:180 112965 113668 1
07-07-2017-12:32:58:228 113668 114371 1
07-07-2017-12:32:58:261 114371 115074 1
07-07-2017-12:32:58:309 115074 115777 1
07-07-2017-12:32:58:355 115777 116480 1
07-07-2017-12:32:58:401 116480 117183 1
07-07-2017-12:32:58:449 117183 117886 1
07-07-2017-12:32:58:484 117886 118589 1
07-07-2017-12:32:58:530 118589 119292 1
07-07-2017-12:32:58:581 119292 119995 1
07-07-2017-12:32:58:625 119995 120698 1
07-07-2017-12:32:58:660 120698 121401 1
07-07-2017-12:32:58:705 121401 122104 1
07-07-2017-12:32:58:753 122104 122807 1
07-07-2017-12:32:58:798 122807 123510 1
07-07-2017-12:32:58:834 123510 124213 1
07-07-2017-12:32:58:881 124213 124916 1
07-07-2017-12:32:58:931 124916 125619 1
07-07-2017-12:32:58:974 125619 126322 1
07-07-2017-12:32:59:009 126322 127025 1
07-07-2017-12:32:59:055 127025 127728 1
07-07-2017-12:32:59:300 127728 128431 1
07-07-2017-12:32:59:301 128431 129134 1
07-07-2017-12:32:59:301 129134 129837 1
07-07-2017-12:32:59:301 129837 130540 1
07-07-2017-12:32:59:301 130540 131243 1
07-07-2017-12:32:59:320 131243 131946 1
07-07-2017-12:32:59:366 131946 132649 1
07-07-2017-12:32:59:413 132649 133352 1
07-07-2017-12:32:59:460 133352 134055 1
07-07-2017-12:32:59:494 134055 134758 1
07-07-2017-12:32:59:541 134758 135461 1
07-07-2017-12:32:59:588 135461 136164 1
07-07-2017-12:32:59:637 136164 136867 1
07-07-2017-12:32:59:669 136867 137570 1
07-07-2017-12:32:59:716 137570 138273 1
07-07-2017-12:32:59:763 138273 138976 1
07-07-2017-12:32:59:809 138976 139679 1
07-07-2017-12:32:59:843 139679 140382 1
07-07-2017-12:32:59:891 140382 141085 1
07-07-2017-12:32:59:937 141085 141788 1
07-07-2017-12:32:59:984 141788 142491 1
07-07-2017-12:33:00:019 142491 143194 1
07-07-2017-12:33:00:065 143194 143897 1
07-07-2017-12:33:00:129 143897 144600 1
07-07-2017-12:33:00:152 144600 145303 1
07-07-2017-12:33:00:197 145303 146006 1
07-07-2017-12:33:00:245 146006 146709 1
07-07-2017-12:33:00:291 146709 147412 1
07-07-2017-12:33:00:338 147412 148115 1
07-07-2017-12:33:00:372 148115 148818 1
07-07-2017-12:33:00:419 148818 149521 1
07-07-2017-12:33:00:465 149521 150224 1
07-07-2017-12:33:00:513 150224 150927 1
07-07-2017-12:33:00:548 150927 151630 1
07-07-2017-12:33:00:593 151630 152333 1
07-07-2017-12:33:00:641 152333 153036 1
07-07-2017-12:33:00:680 153036 153739 1
07-07-2017-12:33:00:724 153739 154442 1
07-07-2017-12:33:00:771 154442 155145 1
07-07-2017-12:33:00:817 155145 155848 1
07-07-2017-12:33:00:864 155848 156551 1
07-07-2017-12:33:00:900 156551 157254 1
07-07-2017-12:33:00:946 157254 157957 1
07-07-2017-12:33:00:993 157957 158660 1
07-07-2017-12:33:01:040 158660 159363 1
07-07-2017-12:33:01:073 159363 160066 1
07-07-2017-12:33:01:120 160066 160769 1
07-07-2017-12:33:01:170 160769 161472 1
07-07-2017-12:33:01:206 161472 162175 1
07-07-2017-12:33:01:252 162175 162878 1
07-07-2017-12:33:01:299 162878 163581 1
07-07-2017-12:33:01:349 163581 164284 1
07-07-2017-12:33:01:382 164284 164987 1
07-07-2017-12:33:01:433 164987 165690 1
07-07-2017-12:33:01:473 165690 166393 1
07-07-2017-12:33:01:521 166393 167096 1
07-07-2017-12:33:01:567 167096 167799 1
07-07-2017-12:33:01:604 167799 168502 1
07-07-2017-12:33:01:658 168502 169205 1
07-07-2017-12:33:01:690 169205 169908 1
07-07-2017-12:33:01:737 169908 170611 1
07-07-2017-12:33:01:784 170611 171314 1
07-07-2017-12:33:01:829 171314 172017 1
07-07-2017-12:33:01:864 172017 172720 1
07-07-2017-12:33:01:913 172720 173423 1
07-07-2017-12:33:01:957 173423 174126 1
07-07-2017-12:33:02:005 174126 174829 1
07-07-2017-12:33:02:039 174829 175532 1
07-07-2017-12:33:02:087 175532 176235 1
07-07-2017-12:33:02:134 176235 176938 1
07-07-2017-12:33:02:180 176938 177641 1
07-07-2017-12:33:02:227 177641 178344 1
07-07-2017-12:33:02:261 178344 179047 1
07-07-2017-12:33:02:308 179047 179750 1
07-07-2017-12:33:02:355 179750 180453 1
07-07-2017-12:33:02:396 180453 181156 1
07-07-2017-12:33:02:442 181156 181859 1
07-07-2017-12:33:02:487 181859 182562 1
07-07-2017-12:33:02:533 182562 183265 1
07-07-2017-12:33:02:572 183265 183968 1
07-07-2017-12:33:02:621 183968 184671 1
