07-07-2017-11:16:57:872 0 774 1
07-07-2017-11:16:57:897 774 1548 1
07-07-2017-11:16:57:941 1548 2322 1
07-07-2017-11:16:57:989 2322 3096 1
07-07-2017-11:16:58:035 3096 3870 1
07-07-2017-11:16:58:087 3870 4587 1
07-07-2017-11:16:58:128 4587 5304 1
07-07-2017-11:16:58:174 5304 6021 1
07-07-2017-11:16:58:219 6021 6738 1
07-07-2017-11:16:58:271 6738 7454 1
07-07-2017-11:16:58:306 7454 8170 1
07-07-2017-11:16:58:354 8170 8886 1
07-07-2017-11:16:58:400 8886 9602 1
07-07-2017-11:16:58:435 9602 10318 1
07-07-2017-11:16:58:481 10318 11034 1
07-07-2017-11:16:58:533 11034 11750 1
07-07-2017-11:16:58:580 11750 12466 1
07-07-2017-11:16:58:614 12466 13182 1
07-07-2017-11:16:58:661 13182 13898 1
07-07-2017-11:16:58:711 13898 14614 1
07-07-2017-11:16:58:759 14614 15330 1
07-07-2017-11:16:58:794 15330 16046 1
07-07-2017-11:16:58:840 16046 16762 1
07-07-2017-11:16:58:886 16762 17478 1
07-07-2017-11:16:58:927 17478 18194 1
07-07-2017-11:16:58:973 18194 18910 1
07-07-2017-11:16:59:020 18910 19626 1
07-07-2017-11:16:59:070 19626 20342 1
07-07-2017-11:16:59:105 20342 21058 1
07-07-2017-11:16:59:158 21058 21774 1
07-07-2017-11:16:59:205 21774 22490 1
07-07-2017-11:16:59:251 22490 23206 1
07-07-2017-11:16:59:286 23206 23922 1
07-07-2017-11:16:59:338 23922 24638 1
07-07-2017-11:16:59:384 24638 25354 1
07-07-2017-11:16:59:430 25354 26070 1
07-07-2017-11:16:59:465 26070 26786 1
07-07-2017-11:16:59:512 26786 27502 1
07-07-2017-11:16:59:562 27502 28218 1
07-07-2017-11:16:59:598 28218 28934 1
07-07-2017-11:16:59:644 28934 29650 1
07-07-2017-11:16:59:691 29650 30366 1
07-07-2017-11:16:59:743 30366 31082 1
07-07-2017-11:16:59:778 31082 31798 1
07-07-2017-11:16:59:824 31798 32514 1
07-07-2017-11:16:59:872 32514 33230 1
07-07-2017-11:16:59:917 33230 33946 1
07-07-2017-11:16:59:969 33946 34662 1
07-07-2017-11:17:00:005 34662 35378 1
07-07-2017-11:17:00:052 35378 36094 1
07-07-2017-11:17:00:097 36094 36810 1
07-07-2017-11:17:00:145 36810 37526 1
07-07-2017-11:17:00:197 37526 38242 1
07-07-2017-11:17:00:230 38242 38958 1
07-07-2017-11:17:00:277 38958 39674 1
07-07-2017-11:17:00:323 39674 40390 1
07-07-2017-11:17:00:364 40390 41106 1
07-07-2017-11:17:00:410 41106 41822 1
07-07-2017-11:17:00:457 41822 42538 1
07-07-2017-11:17:00:497 42538 43254 1
07-07-2017-11:17:00:543 43254 43970 1
07-07-2017-11:17:00:590 43970 44686 1
07-07-2017-11:17:00:636 44686 45402 1
07-07-2017-11:17:00:682 45402 46118 1
07-07-2017-11:17:00:723 46118 46834 1
07-07-2017-11:17:00:769 46834 47550 1
07-07-2017-11:17:00:816 47550 48266 1
07-07-2017-11:17:00:862 48266 48982 1
07-07-2017-11:17:00:897 48982 49698 1
07-07-2017-11:17:01:101 49698 50414 1
07-07-2017-11:17:01:102 50414 51130 1
07-07-2017-11:17:01:102 51130 51846 1
07-07-2017-11:17:01:103 51846 52562 1
07-07-2017-11:17:01:128 52562 53278 1
07-07-2017-11:17:01:173 53278 53994 1
07-07-2017-11:17:01:221 53994 54710 1
07-07-2017-11:17:01:255 54710 55426 1
07-07-2017-11:17:01:303 55426 56142 1
07-07-2017-11:17:01:349 56142 56858 1
07-07-2017-11:17:01:388 56858 57574 1
07-07-2017-11:17:01:439 57574 58290 1
07-07-2017-11:17:01:487 58290 59006 1
07-07-2017-11:17:01:532 59006 59722 1
07-07-2017-11:17:01:568 59722 60438 1
07-07-2017-11:17:01:617 60438 61154 1
07-07-2017-11:17:01:661 61154 61870 1
07-07-2017-11:17:01:700 61870 62586 1
07-07-2017-11:17:01:748 62586 63302 1
07-07-2017-11:17:01:794 63302 64018 1
07-07-2017-11:17:01:840 64018 64734 1
07-07-2017-11:17:01:889 64734 65450 1
07-07-2017-11:17:01:934 65450 66166 1
07-07-2017-11:17:01:980 66166 66882 1
07-07-2017-11:17:02:020 66882 67598 1
07-07-2017-11:17:02:065 67598 68314 1
07-07-2017-11:17:02:113 68314 69030 1
07-07-2017-11:17:02:159 69030 69746 1
07-07-2017-11:17:02:198 69746 70462 1
07-07-2017-11:17:02:246 70462 71178 1
07-07-2017-11:17:02:291 71178 71894 1
07-07-2017-11:17:02:339 71894 72610 1
07-07-2017-11:17:02:378 72610 73326 1
07-07-2017-11:17:02:425 73326 74042 1
07-07-2017-11:17:02:470 74042 74758 1
07-07-2017-11:17:02:518 74758 75474 1
07-07-2017-11:17:02:553 75474 76190 1
07-07-2017-11:17:02:597 76190 76906 1
07-07-2017-11:17:02:643 76906 77622 1
07-07-2017-11:17:02:690 77622 78338 1
07-07-2017-11:17:02:736 78338 79054 1
07-07-2017-11:17:02:784 79054 79770 1
07-07-2017-11:17:02:823 79770 80486 1
07-07-2017-11:17:02:869 80486 81202 1
07-07-2017-11:17:02:914 81202 81918 1
07-07-2017-11:17:02:962 81918 82634 1
07-07-2017-11:17:03:002 82634 83350 1
07-07-2017-11:17:03:047 83350 84066 1
07-07-2017-11:17:03:095 84066 84782 1
07-07-2017-11:17:03:141 84782 85498 1
07-07-2017-11:17:03:188 85498 86214 1
07-07-2017-11:17:03:228 86214 86930 1
07-07-2017-11:17:03:273 86930 87646 1
07-07-2017-11:17:03:321 87646 88362 1
07-07-2017-11:17:03:358 88362 89078 1
07-07-2017-11:17:03:406 89078 89794 1
07-07-2017-11:17:03:458 89794 90510 1
07-07-2017-11:17:03:491 90510 91226 1
07-07-2017-11:17:03:539 91226 91942 1
07-07-2017-11:17:03:585 91942 92658 1
07-07-2017-11:17:03:631 92658 93374 1
07-07-2017-11:17:03:672 93374 94090 1
07-07-2017-11:17:03:721 94090 94806 1
07-07-2017-11:17:03:765 94806 95522 1
07-07-2017-11:17:03:810 95522 96238 1
07-07-2017-11:17:03:858 96238 96954 1
07-07-2017-11:17:03:904 96954 97670 1
07-07-2017-11:17:03:940 97670 98386 1
07-07-2017-11:17:03:990 98386 99102 1
07-07-2017-11:17:04:038 99102 99818 1
07-07-2017-11:17:04:190 99818 100534 1
07-07-2017-11:17:04:190 100534 101250 1
07-07-2017-11:17:04:191 101250 101966 1
07-07-2017-11:17:04:218 101966 102682 1
07-07-2017-11:17:04:251 102682 103398 1
07-07-2017-11:17:04:297 103398 104114 1
07-07-2017-11:17:04:349 104114 104830 1
07-07-2017-11:17:04:397 104830 105546 1
07-07-2017-11:17:04:430 105546 106262 1
07-07-2017-11:17:04:478 106262 106978 1
07-07-2017-11:17:04:524 106978 107694 1
07-07-2017-11:17:04:575 107694 108410 1
07-07-2017-11:17:04:611 108410 109126 1
07-07-2017-11:17:04:658 109126 109842 1
07-07-2017-11:17:04:704 109842 110558 1
07-07-2017-11:17:04:756 110558 111274 1
07-07-2017-11:17:04:791 111274 111990 1
07-07-2017-11:17:04:837 111990 112706 1
07-07-2017-11:17:04:889 112706 113422 1
07-07-2017-11:17:04:924 113422 114138 1
07-07-2017-11:17:04:971 114138 114854 1
07-07-2017-11:17:05:023 114854 115570 1
07-07-2017-11:17:05:058 115570 116286 1
07-07-2017-11:17:05:104 116286 117002 1
07-07-2017-11:17:05:152 117002 117718 1
07-07-2017-11:17:05:197 117718 118434 1
07-07-2017-11:17:05:237 118434 119150 1
07-07-2017-11:17:05:284 119150 119866 1
07-07-2017-11:17:05:330 119866 120582 1
07-07-2017-11:17:05:376 120582 121298 1
07-07-2017-11:17:05:424 121298 122014 1
07-07-2017-11:17:05:463 122014 122730 1
07-07-2017-11:17:05:508 122730 123446 1
07-07-2017-11:17:05:556 123446 124162 1
07-07-2017-11:17:05:601 124162 124878 1
07-07-2017-11:17:05:642 124878 125594 1
07-07-2017-11:17:05:688 125594 126310 1
07-07-2017-11:17:05:736 126310 127026 1
07-07-2017-11:17:05:781 127026 127742 1
07-07-2017-11:17:05:829 127742 128458 1
07-07-2017-11:17:05:868 128458 129174 1
07-07-2017-11:17:05:914 129174 129890 1
07-07-2017-11:17:05:962 129890 130606 1
07-07-2017-11:17:06:007 130606 131322 1
07-07-2017-11:17:06:043 131322 132038 1
07-07-2017-11:17:06:095 132038 132754 1
07-07-2017-11:17:06:140 132754 133470 1
07-07-2017-11:17:06:186 133470 134186 1
07-07-2017-11:17:06:221 134186 134902 1
07-07-2017-11:17:06:273 134902 135618 1
07-07-2017-11:17:06:319 135618 136334 1
07-07-2017-11:17:06:366 136334 137050 1
07-07-2017-11:17:06:402 137050 137766 1
07-07-2017-11:17:06:447 137766 138482 1
07-07-2017-11:17:06:493 138482 139198 1
07-07-2017-11:17:06:545 139198 139840 1
07-07-2017-11:17:06:580 139840 140482 1
07-07-2017-11:17:06:615 140482 141124 1
07-07-2017-11:17:06:651 141124 141766 1
07-07-2017-11:17:06:696 141766 142408 1
07-07-2017-11:17:06:732 142408 143050 1
07-07-2017-11:17:06:771 143050 143692 1
07-07-2017-11:17:06:819 143692 144334 1
07-07-2017-11:17:06:854 144334 144976 1
07-07-2017-11:17:06:900 144976 145618 1
07-07-2017-11:17:06:935 145618 146260 1
07-07-2017-11:17:06:975 146260 146902 1
07-07-2017-11:17:07:020 146902 147544 1
07-07-2017-11:17:07:056 147544 148186 1
07-07-2017-11:17:07:103 148186 148828 1
07-07-2017-11:17:07:137 148828 149470 1
07-07-2017-11:17:07:178 149470 150112 1
07-07-2017-11:17:07:322 150112 150754 1
07-07-2017-11:17:07:323 150754 151396 1
07-07-2017-11:17:07:323 151396 152038 1
07-07-2017-11:17:07:344 152038 152680 1
07-07-2017-11:17:07:379 152680 153322 1
07-07-2017-11:17:07:414 153322 153964 1
07-07-2017-11:17:07:460 153964 154606 1
07-07-2017-11:17:07:495 154606 155248 1
07-07-2017-11:17:07:547 155248 155890 1
07-07-2017-11:17:07:582 155890 156532 1
07-07-2017-11:17:07:617 156532 157174 1
07-07-2017-11:17:07:663 157174 157816 1
07-07-2017-11:17:07:698 157816 158458 1
07-07-2017-11:17:07:734 158458 159100 1
07-07-2017-11:17:07:785 159100 159742 1
07-07-2017-11:17:07:819 159742 160384 1
07-07-2017-11:17:07:854 160384 161026 1
07-07-2017-11:17:07:906 161026 161668 1
07-07-2017-11:17:07:941 161668 162310 1
07-07-2017-11:17:07:974 162310 162952 1
07-07-2017-11:17:08:022 162952 163594 1
07-07-2017-11:17:08:057 163594 164236 1
07-07-2017-11:17:08:096 164236 164878 1
07-07-2017-11:17:08:142 164878 165520 1
07-07-2017-11:17:08:177 165520 166162 1
07-07-2017-11:17:08:225 166162 166804 1
07-07-2017-11:17:08:258 166804 167446 1
07-07-2017-11:17:08:310 167446 168080 1
07-07-2017-11:17:08:335 168080 168714 1
07-07-2017-11:17:08:381 168714 169348 1
07-07-2017-11:17:08:416 169348 169982 1
07-07-2017-11:17:08:462 169982 170616 1
07-07-2017-11:17:08:503 170616 171250 1
07-07-2017-11:17:08:538 171250 171884 1
07-07-2017-11:17:08:574 171884 172518 1
07-07-2017-11:17:08:619 172518 173152 1
07-07-2017-11:17:08:654 173152 173786 1
07-07-2017-11:17:08:694 173786 174420 1
07-07-2017-11:17:08:741 174420 175054 1
07-07-2017-11:17:08:777 175054 175688 1
07-07-2017-11:17:08:810 175688 176322 1
07-07-2017-11:17:08:858 176322 176956 1
07-07-2017-11:17:08:897 176956 177590 1
07-07-2017-11:17:08:932 177590 178224 1
07-07-2017-11:17:08:978 178224 178858 1
07-07-2017-11:17:09:014 178858 179492 1
07-07-2017-11:17:09:049 179492 180126 1
07-07-2017-11:17:09:088 180126 180760 1
07-07-2017-11:17:09:136 180760 181394 1
07-07-2017-11:17:09:169 181394 182028 1
07-07-2017-11:17:09:217 182028 182662 1
07-07-2017-11:17:09:252 182662 183296 1
07-07-2017-11:17:09:286 183296 183930 1
07-07-2017-11:17:09:327 183930 184564 1
07-07-2017-11:17:09:373 184564 185198 1
07-07-2017-11:17:09:408 185198 185832 1
07-07-2017-11:17:09:458 185832 186466 1
07-07-2017-11:17:09:493 186466 187100 1
07-07-2017-11:17:09:529 187100 187734 1
07-07-2017-11:17:09:564 187734 188368 1
07-07-2017-11:17:09:610 188368 189002 1
07-07-2017-11:17:09:645 189002 189636 1
07-07-2017-11:17:09:684 189636 190270 1
07-07-2017-11:17:09:732 190270 190904 1
07-07-2017-11:17:09:767 190904 191538 1
07-07-2017-11:17:09:801 191538 192172 1
07-07-2017-11:17:09:848 192172 192806 1
07-07-2017-11:17:09:888 192806 193440 1
07-07-2017-11:17:09:923 193440 194074 1
07-07-2017-11:17:09:971 194074 194708 1
07-07-2017-11:17:10:004 194708 195342 1
07-07-2017-11:17:10:039 195342 195976 1
07-07-2017-11:17:10:087 195976 196610 1
07-07-2017-11:17:10:124 196610 197244 1
07-07-2017-11:17:10:160 197244 197878 1
07-07-2017-11:17:10:207 197878 198512 1
07-07-2017-11:17:10:241 198512 199146 1
07-07-2017-11:17:10:276 199146 199780 1
07-07-2017-11:17:10:328 199780 200414 1
07-07-2017-11:17:10:463 200414 201048 1
07-07-2017-11:17:10:464 201048 201682 1
07-07-2017-11:17:10:464 201682 202316 1
07-07-2017-11:17:10:479 202316 202950 1
07-07-2017-11:17:10:518 202950 203584 1
07-07-2017-11:17:10:554 203584 204218 1
07-07-2017-11:17:10:599 204218 204852 1
07-07-2017-11:17:10:635 204852 205486 1
07-07-2017-11:17:10:682 205486 206120 1
07-07-2017-11:17:10:715 206120 206754 1
07-07-2017-11:17:10:757 206754 207388 1
07-07-2017-11:17:10:792 207388 208022 1
07-07-2017-11:17:10:838 208022 208656 1
07-07-2017-11:17:10:877 208656 209290 1
07-07-2017-11:17:10:913 209290 209924 1
07-07-2017-11:17:10:958 209924 210558 1
07-07-2017-11:17:10:994 210558 211192 1
07-07-2017-11:17:11:029 211192 211826 1
07-07-2017-11:17:11:075 211826 212460 1
07-07-2017-11:17:11:116 212460 213094 1
07-07-2017-11:17:11:149 213094 213728 1
07-07-2017-11:17:11:197 213728 214362 1
07-07-2017-11:17:11:232 214362 214996 1
07-07-2017-11:17:11:266 214996 215630 1
07-07-2017-11:17:11:307 215630 216264 1
07-07-2017-11:17:11:353 216264 216898 1
07-07-2017-11:17:11:388 216898 217532 1
07-07-2017-11:17:11:436 217532 218166 1
07-07-2017-11:17:11:469 218166 218800 1
07-07-2017-11:17:11:504 218800 219434 1
07-07-2017-11:17:11:546 219434 220068 1
07-07-2017-11:17:11:591 220068 220702 1
07-07-2017-11:17:11:627 220702 221336 1
07-07-2017-11:17:11:672 221336 221970 1
07-07-2017-11:17:11:708 221970 222604 1
07-07-2017-11:17:11:747 222604 223238 1
07-07-2017-11:17:11:782 223238 223872 1
07-07-2017-11:17:11:830 223872 224506 1
07-07-2017-11:17:11:863 224506 225140 1
07-07-2017-11:17:11:911 225140 225774 1
07-07-2017-11:17:11:946 225774 226408 1
07-07-2017-11:17:11:986 226408 227042 1
07-07-2017-11:17:12:021 227042 227676 1
07-07-2017-11:17:12:067 227676 228310 1
07-07-2017-11:17:12:102 228310 228944 1
07-07-2017-11:17:12:148 228944 229578 1
07-07-2017-11:17:12:183 229578 230212 1
07-07-2017-11:17:12:223 230212 230846 1
07-07-2017-11:17:12:258 230846 231480 1
07-07-2017-11:17:12:304 231480 232114 1
07-07-2017-11:17:12:339 232114 232748 1
07-07-2017-11:17:12:378 232748 233382 1
07-07-2017-11:17:12:426 233382 234016 1
07-07-2017-11:17:12:459 234016 234650 1
07-07-2017-11:17:12:495 234650 235284 1
07-07-2017-11:17:12:542 235284 235918 1
07-07-2017-11:17:12:576 235918 236552 1
07-07-2017-11:17:12:617 236552 237186 1
07-07-2017-11:17:12:663 237186 237820 1
07-07-2017-11:17:12:698 237820 238454 1
07-07-2017-11:17:12:731 238454 239088 1
07-07-2017-11:17:12:779 239088 239722 1
07-07-2017-11:17:12:818 239722 240356 1
07-07-2017-11:17:12:854 240356 240990 1
07-07-2017-11:17:12:902 240990 241624 1
07-07-2017-11:17:12:935 241624 242258 1
07-07-2017-11:17:12:970 242258 242892 1
07-07-2017-11:17:13:022 242892 243526 1
07-07-2017-11:17:13:057 243526 244160 1
07-07-2017-11:17:13:093 244160 244794 1
07-07-2017-11:17:13:138 244794 245428 1
07-07-2017-11:17:13:174 245428 246062 1
07-07-2017-11:17:13:209 246062 246696 1
07-07-2017-11:17:13:259 246696 247330 1
07-07-2017-11:17:13:294 247330 247964 1
07-07-2017-11:17:13:329 247964 248598 1
07-07-2017-11:17:13:375 248598 249232 1
07-07-2017-11:17:13:410 249232 249866 1
07-07-2017-11:17:13:445 249866 250500 1
07-07-2017-11:17:13:600 250500 251134 1
07-07-2017-11:17:13:600 251134 251768 1
07-07-2017-11:17:13:601 251768 252402 1
07-07-2017-11:17:13:613 252402 253036 1
07-07-2017-11:17:13:653 253036 253670 1
07-07-2017-11:17:13:688 253670 254304 1
07-07-2017-11:17:13:723 254304 254938 1
07-07-2017-11:17:13:771 254938 255572 1
07-07-2017-11:17:13:804 255572 256206 1
07-07-2017-11:17:13:854 256206 256840 1
07-07-2017-11:17:13:889 256840 257474 1
07-07-2017-11:17:13:922 257474 258108 1
07-07-2017-11:17:13:970 258108 258742 1
07-07-2017-11:17:14:009 258742 259376 1
07-07-2017-11:17:14:044 259376 260010 1
07-07-2017-11:17:14:080 260010 260644 1
07-07-2017-11:17:14:127 260644 261278 1
07-07-2017-11:17:14:161 261278 261912 1
07-07-2017-11:17:14:212 261912 262546 1
07-07-2017-11:17:14:248 262546 263180 1
07-07-2017-11:17:14:283 263180 263814 1
07-07-2017-11:17:14:318 263814 264448 1
07-07-2017-11:17:14:364 264448 265082 1
07-07-2017-11:17:14:399 265082 265716 1
07-07-2017-11:17:14:445 265716 266350 1
07-07-2017-11:17:14:486 266350 266984 1
07-07-2017-11:17:14:519 266984 267618 1
07-07-2017-11:17:14:555 267618 268252 1
07-07-2017-11:17:14:602 268252 268886 1
07-07-2017-11:17:14:636 268886 269520 1
07-07-2017-11:17:14:683 269520 270154 1
07-07-2017-11:17:14:723 270154 270788 1
07-07-2017-11:17:14:758 270788 271422 1
07-07-2017-11:17:14:793 271422 272056 1
07-07-2017-11:17:14:839 272056 272690 1
07-07-2017-11:17:14:874 272690 273324 1
07-07-2017-11:17:14:914 273324 273958 1
07-07-2017-11:17:14:961 273958 274592 1
07-07-2017-11:17:14:997 274592 275226 1
07-07-2017-11:17:15:030 275226 275860 1
07-07-2017-11:17:15:078 275860 276494 1
07-07-2017-11:17:15:117 276494 277128 1
07-07-2017-11:17:15:152 277128 277762 1
07-07-2017-11:17:15:198 277762 278396 1
07-07-2017-11:17:15:233 278396 279030 1
07-07-2017-11:17:15:268 279030 279664 1
07-07-2017-11:17:15:318 279664 280298 1
07-07-2017-11:17:15:353 280298 280932 1
07-07-2017-11:17:15:393 280932 281566 1
07-07-2017-11:17:15:428 281566 282200 1
07-07-2017-11:17:15:474 282200 282834 1
07-07-2017-11:17:15:509 282834 283468 1
07-07-2017-11:17:15:561 283468 284102 1
07-07-2017-11:17:15:596 284102 284736 1
07-07-2017-11:17:15:631 284736 285370 1
07-07-2017-11:17:15:717 285370 286004 1
07-07-2017-11:17:15:718 286004 286638 1
07-07-2017-11:17:15:751 286638 287272 1
07-07-2017-11:17:15:787 287272 287906 1
07-07-2017-11:17:15:832 287906 288540 1
07-07-2017-11:17:15:868 288540 289174 1
07-07-2017-11:17:15:903 289174 289808 1
07-07-2017-11:17:15:955 289808 290442 1
07-07-2017-11:17:15:990 290442 291076 1
07-07-2017-11:17:16:025 291076 291710 1
07-07-2017-11:17:16:071 291710 292344 1
07-07-2017-11:17:16:106 292344 292978 1
07-07-2017-11:17:16:141 292978 293612 1
07-07-2017-11:17:16:187 293612 294246 1
07-07-2017-11:17:16:226 294246 294880 1
07-07-2017-11:17:16:262 294880 295514 1
07-07-2017-11:17:16:308 295514 296148 1
07-07-2017-11:17:16:343 296148 296782 1
07-07-2017-11:17:16:388 296782 297416 1
07-07-2017-11:17:16:424 297416 298050 1
07-07-2017-11:17:16:465 298050 298684 1
07-07-2017-11:17:16:498 298684 299318 1
07-07-2017-11:17:16:546 299318 299952 1
07-07-2017-11:17:16:581 299952 300586 1
07-07-2017-11:17:16:617 300586 301220 1
07-07-2017-11:17:16:662 301220 301854 1
07-07-2017-11:17:16:697 301854 302488 1
07-07-2017-11:17:16:737 302488 303122 1
07-07-2017-11:17:16:782 303122 303756 1
07-07-2017-11:17:16:818 303756 304390 1
07-07-2017-11:17:16:853 304390 305024 1
07-07-2017-11:17:16:901 305024 305658 1
07-07-2017-11:17:16:934 305658 306292 1
07-07-2017-11:17:16:982 306292 306926 1
07-07-2017-11:17:17:017 306926 307560 1
07-07-2017-11:17:17:050 307560 308194 1
07-07-2017-11:17:17:102 308194 308828 1
07-07-2017-11:17:17:137 308828 309462 1
07-07-2017-11:17:17:171 309462 310096 1
07-07-2017-11:17:17:218 310096 310730 1
07-07-2017-11:17:17:254 310730 311364 1
07-07-2017-11:17:17:299 311364 311998 1
07-07-2017-11:17:17:341 311998 312632 1
07-07-2017-11:17:17:374 312632 313266 1
07-07-2017-11:17:17:409 313266 313900 1
07-07-2017-11:17:17:457 313900 314534 1
07-07-2017-11:17:17:490 314534 315168 1
07-07-2017-11:17:17:538 315168 315802 1
07-07-2017-11:17:17:577 315802 316436 1
07-07-2017-11:17:17:613 316436 317070 1
07-07-2017-11:17:17:648 317070 317704 1
07-07-2017-11:17:17:694 317704 318338 1
07-07-2017-11:17:17:729 318338 318972 1
07-07-2017-11:17:17:775 318972 319606 1
07-07-2017-11:17:17:804 319606 320240 1
07-07-2017-11:17:17:851 320240 320874 1
07-07-2017-11:17:17:885 320874 321508 1
07-07-2017-11:17:17:932 321508 322142 1
07-07-2017-11:17:17:968 322142 322776 1
07-07-2017-11:17:18:001 322776 323410 1
07-07-2017-11:17:18:053 323410 324044 1
07-07-2017-11:17:18:088 324044 324678 1
07-07-2017-11:17:18:123 324678 325312 1
07-07-2017-11:17:18:169 325312 325946 1
07-07-2017-11:17:18:204 325946 326580 1
07-07-2017-11:17:18:244 326580 327214 1
07-07-2017-11:17:18:292 327214 327848 1
07-07-2017-11:17:18:325 327848 328482 1
07-07-2017-11:17:18:360 328482 329116 1
07-07-2017-11:17:18:408 329116 329750 1
07-07-2017-11:17:18:443 329750 330384 1
07-07-2017-11:17:18:489 330384 331018 1
07-07-2017-11:17:18:524 331018 331652 1
07-07-2017-11:17:18:558 331652 332286 1
07-07-2017-11:17:18:599 332286 332920 1
07-07-2017-11:17:18:645 332920 333554 1
07-07-2017-11:17:18:680 333554 334188 1
07-07-2017-11:17:18:726 334188 334822 1
07-07-2017-11:17:18:761 334822 335456 1
07-07-2017-11:17:18:902 335456 336090 1
07-07-2017-11:17:18:903 336090 336724 1
07-07-2017-11:17:18:903 336724 337358 1
07-07-2017-11:17:18:917 337358 337992 1
07-07-2017-11:17:18:953 337992 338626 1
07-07-2017-11:17:19:000 338626 339260 1
07-07-2017-11:17:19:037 339260 339894 1
07-07-2017-11:17:19:073 339894 340528 1
07-07-2017-11:17:19:120 340528 341162 1
07-07-2017-11:17:19:154 341162 341796 1
07-07-2017-11:17:19:201 341796 342430 1
07-07-2017-11:17:19:243 342430 343064 1
07-07-2017-11:17:19:276 343064 343698 1
07-07-2017-11:17:19:311 343698 344332 1
07-07-2017-11:17:19:359 344332 344966 1
07-07-2017-11:17:19:392 344966 345600 1
07-07-2017-11:17:19:433 345600 346234 1
07-07-2017-11:17:19:479 346234 346868 1
07-07-2017-11:17:19:514 346868 347502 1
07-07-2017-11:17:19:549 347502 348136 1
07-07-2017-11:17:19:595 348136 348770 1
07-07-2017-11:17:19:630 348770 349404 1
07-07-2017-11:17:19:670 349404 350038 1
07-07-2017-11:17:19:718 350038 350672 1
07-07-2017-11:17:19:751 350672 351306 1
07-07-2017-11:17:19:786 351306 351940 1
07-07-2017-11:17:19:834 351940 352574 1
07-07-2017-11:17:19:867 352574 353208 1
07-07-2017-11:17:19:909 353208 353842 1
07-07-2017-11:17:19:954 353842 354476 1
07-07-2017-11:17:19:989 354476 355110 1
07-07-2017-11:17:20:025 355110 355744 1
07-07-2017-11:17:20:070 355744 356378 1
07-07-2017-11:17:20:106 356378 357012 1
07-07-2017-11:17:20:145 357012 357646 1
07-07-2017-11:17:20:193 357646 358280 1
07-07-2017-11:17:20:228 358280 358914 1
07-07-2017-11:17:20:261 358914 359548 1
07-07-2017-11:17:20:313 359548 360182 1
07-07-2017-11:17:20:348 360182 360816 1
07-07-2017-11:17:20:383 360816 361450 1
07-07-2017-11:17:20:429 361450 362084 1
07-07-2017-11:17:20:464 362084 362718 1
07-07-2017-11:17:20:500 362718 363352 1
07-07-2017-11:17:20:539 363352 363986 1
07-07-2017-11:17:20:585 363986 364620 1
07-07-2017-11:17:20:620 364620 365254 1
07-07-2017-11:17:20:668 365254 365888 1
07-07-2017-11:17:20:701 365888 366522 1
07-07-2017-11:17:20:743 366522 367156 1
07-07-2017-11:17:20:778 367156 367790 1
07-07-2017-11:17:20:824 367790 368424 1
07-07-2017-11:17:20:859 368424 369058 1
07-07-2017-11:17:20:904 369058 369692 1
07-07-2017-11:17:20:940 369692 370326 1
07-07-2017-11:17:20:981 370326 370960 1
07-07-2017-11:17:21:017 370960 371594 1
07-07-2017-11:17:21:062 371594 372228 1
07-07-2017-11:17:21:098 372228 372862 1
07-07-2017-11:17:21:143 372862 373496 1
07-07-2017-11:17:21:179 373496 374130 1
07-07-2017-11:17:21:222 374130 374764 1
07-07-2017-11:17:21:258 374764 375398 1
07-07-2017-11:17:21:293 375398 376032 1
07-07-2017-11:17:21:339 376032 376666 1
07-07-2017-11:17:21:374 376666 377300 1
07-07-2017-11:17:21:420 377300 377934 1
07-07-2017-11:17:21:453 377934 378568 1
07-07-2017-11:17:21:498 378568 379202 1
07-07-2017-11:17:21:534 379202 379836 1
07-07-2017-11:17:21:569 379836 380470 1
07-07-2017-11:17:21:615 380470 381104 1
07-07-2017-11:17:21:648 381104 381738 1
07-07-2017-11:17:21:696 381738 382372 1
07-07-2017-11:17:21:729 382372 383006 1
07-07-2017-11:17:21:777 383006 383640 1
07-07-2017-11:17:21:816 383640 384274 1
07-07-2017-11:17:21:852 384274 384908 1
07-07-2017-11:17:21:887 384908 385542 1
07-07-2017-11:17:22:041 385542 386176 1
07-07-2017-11:17:22:042 386176 386810 1
07-07-2017-11:17:22:042 386810 387444 1
07-07-2017-11:17:22:048 387444 388078 1
07-07-2017-11:17:22:094 388078 388712 1
07-07-2017-11:17:22:129 388712 389346 1
07-07-2017-11:17:22:168 389346 389980 1
07-07-2017-11:17:22:204 389980 390614 1
07-07-2017-11:17:22:249 390614 391248 1
07-07-2017-11:17:22:291 391248 391882 1
07-07-2017-11:17:22:326 391882 392516 1
07-07-2017-11:17:22:378 392516 393150 1
07-07-2017-11:17:22:401 393150 393784 1
07-07-2017-11:17:22:447 393784 394418 1
07-07-2017-11:17:22:482 394418 395052 1
07-07-2017-11:17:22:521 395052 395686 1
07-07-2017-11:17:22:569 395686 396320 1
07-07-2017-11:17:22:609 396320 396954 1
07-07-2017-11:17:22:644 396954 397588 1
07-07-2017-11:17:22:677 397588 398222 1
07-07-2017-11:17:22:729 398222 398856 1
07-07-2017-11:17:22:764 398856 399490 1
07-07-2017-11:17:22:798 399490 400124 1
07-07-2017-11:17:22:850 400124 400720 1
07-07-2017-11:17:22:874 400720 401316 1
07-07-2017-11:17:22:910 401316 401912 1
07-07-2017-11:17:22:956 401912 402508 1
07-07-2017-11:17:22:982 402508 403104 1
07-07-2017-11:17:23:030 403104 403700 1
07-07-2017-11:17:23:063 403700 404296 1
07-07-2017-11:17:23:105 404296 404892 1
07-07-2017-11:17:23:140 404892 405488 1
07-07-2017-11:17:23:174 405488 406084 1
07-07-2017-11:17:23:215 406084 406680 1
07-07-2017-11:17:23:249 406680 407276 1
07-07-2017-11:17:23:284 407276 407872 1
07-07-2017-11:17:23:326 407872 408468 1
07-07-2017-11:17:23:359 408468 409064 1
07-07-2017-11:17:23:394 409064 409660 1
07-07-2017-11:17:23:446 409660 410256 1
07-07-2017-11:17:23:469 410256 410852 1
07-07-2017-11:17:23:504 410852 411448 1
07-07-2017-11:17:23:552 411448 412044 1
07-07-2017-11:17:23:581 412044 412640 1
07-07-2017-11:17:23:627 412640 413236 1
07-07-2017-11:17:23:662 413236 413832 1
07-07-2017-11:17:23:695 413832 414428 1
07-07-2017-11:17:23:735 414428 415024 1
07-07-2017-11:17:23:770 415024 415620 1
07-07-2017-11:17:23:805 415620 416216 1
07-07-2017-11:17:23:845 416216 416812 1
07-07-2017-11:17:23:880 416812 417408 1
07-07-2017-11:17:23:916 417408 418004 1
07-07-2017-11:17:23:967 418004 418600 1
07-07-2017-11:17:23:990 418600 419196 1
07-07-2017-11:17:24:036 419196 419792 1
07-07-2017-11:17:24:071 419792 420388 1
07-07-2017-11:17:24:111 420388 420984 1
07-07-2017-11:17:24:146 420984 421580 1
07-07-2017-11:17:24:181 421580 422176 1
07-07-2017-11:17:24:217 422176 422772 1
07-07-2017-11:17:24:256 422772 423368 1
07-07-2017-11:17:24:289 423368 423964 1
07-07-2017-11:17:24:325 423964 424560 1
07-07-2017-11:17:24:368 424560 425156 1
07-07-2017-11:17:24:404 425156 425752 1
07-07-2017-11:17:24:439 425752 426348 1
07-07-2017-11:17:24:479 426348 426944 1
07-07-2017-11:17:24:514 426944 427540 1
07-07-2017-11:17:24:547 427540 428136 1
07-07-2017-11:17:24:587 428136 428732 1
07-07-2017-11:17:24:622 428732 429328 1
07-07-2017-11:17:24:670 429328 429924 1
07-07-2017-11:17:24:703 429924 430520 1
07-07-2017-11:17:24:745 430520 431116 1
07-07-2017-11:17:24:778 431116 431712 1
07-07-2017-11:17:24:813 431712 432308 1
07-07-2017-11:17:24:853 432308 432904 1
07-07-2017-11:17:24:888 432904 433500 1
07-07-2017-11:17:24:923 433500 434096 1
07-07-2017-11:17:24:957 434096 434692 1
07-07-2017-11:17:24:998 434692 435288 1
07-07-2017-11:17:25:034 435288 435884 1
07-07-2017-11:17:25:187 435884 436480 1
07-07-2017-11:17:25:188 436480 437076 1
07-07-2017-11:17:25:188 437076 437672 1
07-07-2017-11:17:25:190 437672 438268 1
07-07-2017-11:17:25:223 438268 438864 1
07-07-2017-11:17:25:265 438864 439460 1
07-07-2017-11:17:25:298 439460 440056 1
07-07-2017-11:17:25:333 440056 440652 1
07-07-2017-11:17:25:369 440652 441248 1
07-07-2017-11:17:25:408 441248 441844 1
07-07-2017-11:17:25:443 441844 442440 1
07-07-2017-11:17:25:489 442440 443036 1
07-07-2017-11:17:25:518 443036 443632 1
07-07-2017-11:17:25:564 443632 444228 1
07-07-2017-11:17:25:599 444228 444824 1
07-07-2017-11:17:25:634 444824 445420 1
07-07-2017-11:17:25:674 445420 446016 1
07-07-2017-11:17:25:709 446016 446612 1
07-07-2017-11:17:25:744 446612 447208 1
07-07-2017-11:17:25:784 447208 447804 1
07-07-2017-11:17:25:819 447804 448400 1
07-07-2017-11:17:25:854 448400 448996 1
07-07-2017-11:17:25:892 448996 449592 1
07-07-2017-11:17:25:933 449592 450188 1
07-07-2017-11:17:25:969 450188 450784 1
07-07-2017-11:17:26:002 450784 451380 1
07-07-2017-11:17:26:043 451380 451976 1
07-07-2017-11:17:26:079 451976 452572 1
07-07-2017-11:17:26:112 452572 453168 1
07-07-2017-11:17:26:164 453168 453747 1
07-07-2017-11:17:26:189 453747 454326 1
07-07-2017-11:17:26:222 454326 454905 1
07-07-2017-11:17:26:257 454905 455484 1
07-07-2017-11:17:26:297 455484 456063 1
07-07-2017-11:17:26:332 456063 456642 1
07-07-2017-11:17:26:367 456642 457221 1
07-07-2017-11:17:26:407 457221 457800 1
07-07-2017-11:17:26:442 457800 458379 1
07-07-2017-11:17:26:478 458379 458958 1
07-07-2017-11:17:26:511 458958 459537 1
07-07-2017-11:17:26:552 459537 460116 1
07-07-2017-11:17:26:588 460116 460695 1
07-07-2017-11:17:26:621 460695 461274 1
07-07-2017-11:17:26:663 461274 461853 1
07-07-2017-11:17:26:698 461853 462432 1
07-07-2017-11:17:26:731 462432 463011 1
07-07-2017-11:17:26:766 463011 463590 1
07-07-2017-11:17:26:806 463590 464169 1
07-07-2017-11:17:26:841 464169 464748 1
07-07-2017-11:17:26:877 464748 465327 1
07-07-2017-11:17:26:912 465327 465906 1
07-07-2017-11:17:26:951 465906 466485 1
07-07-2017-11:17:26:985 466485 467064 1
07-07-2017-11:17:27:020 467064 467643 1
07-07-2017-11:17:27:061 467643 468222 1
07-07-2017-11:17:27:095 468222 468801 1
07-07-2017-11:17:27:130 468801 469380 1
07-07-2017-11:17:27:165 469380 469959 1
07-07-2017-11:17:27:205 469959 470538 1
07-07-2017-11:17:27:240 470538 471117 1
07-07-2017-11:17:27:276 471117 471696 1
07-07-2017-11:17:27:310 471696 472275 1
07-07-2017-11:17:27:345 472275 472854 1
07-07-2017-11:17:27:382 472854 473433 1
07-07-2017-11:17:27:416 473433 474012 1
07-07-2017-11:17:27:451 474012 474591 1
07-07-2017-11:17:27:498 474591 475170 1
07-07-2017-11:17:27:539 475170 475749 1
07-07-2017-11:17:27:562 475749 476328 1
07-07-2017-11:17:27:595 476328 476907 1
07-07-2017-11:17:27:644 476907 477486 1
07-07-2017-11:17:27:683 477486 478065 1
07-07-2017-11:17:27:706 478065 478644 1
07-07-2017-11:17:27:741 478644 479223 1
07-07-2017-11:17:27:787 479223 479802 1
07-07-2017-11:17:27:826 479802 480381 1
07-07-2017-11:17:27:851 480381 480960 1
07-07-2017-11:17:27:885 480960 481539 1
07-07-2017-11:17:27:935 481539 482118 1
07-07-2017-11:17:27:960 482118 482697 1
07-07-2017-11:17:27:995 482697 483276 1
07-07-2017-11:17:28:040 483276 483855 1
07-07-2017-11:17:28:076 483855 484434 1
07-07-2017-11:17:28:105 484434 485013 1
07-07-2017-11:17:28:140 485013 485592 1
07-07-2017-11:17:28:185 485592 486171 1
07-07-2017-11:17:28:282 486171 486750 1
07-07-2017-11:17:28:283 486750 487329 1
07-07-2017-11:17:28:283 487329 487908 1
07-07-2017-11:17:28:331 487908 488487 1
