07-07-2017-12:43:14:300 0 640 1
07-07-2017-12:43:14:333 640 1280 1
07-07-2017-12:43:14:368 1280 1920 1
07-07-2017-12:43:14:407 1920 2560 1
07-07-2017-12:43:14:448 2560 3200 1
07-07-2017-12:43:14:495 3200 3840 1
07-07-2017-12:43:14:529 3840 4480 1
07-07-2017-12:43:14:567 4480 5120 1
07-07-2017-12:43:14:607 5120 5760 1
07-07-2017-12:43:14:646 5760 6400 1
07-07-2017-12:43:14:693 6400 7040 1
07-07-2017-12:43:14:728 7040 7680 1
07-07-2017-12:43:14:776 7680 8320 1
07-07-2017-12:43:14:810 8320 8960 1
07-07-2017-12:43:14:857 8960 9600 1
07-07-2017-12:43:14:895 9600 10240 1
07-07-2017-12:43:14:934 10240 10880 1
07-07-2017-12:43:14:968 10880 11520 1
07-07-2017-12:43:15:015 11520 12160 1
07-07-2017-12:43:15:053 12160 12800 1
