07-07-2017-12:11:23:423 0 800 1
07-07-2017-12:11:23:471 800 1600 1
07-07-2017-12:11:23:523 1600 2374 1
07-07-2017-12:11:23:569 2374 3148 1
07-07-2017-12:11:23:617 3148 3922 1
07-07-2017-12:11:23:669 3922 4694 1
07-07-2017-12:11:23:713 4694 5466 1
07-07-2017-12:11:23:759 5466 6238 1
07-07-2017-12:11:23:810 6238 7010 1
07-07-2017-12:11:23:858 7010 7782 1
07-07-2017-12:11:23:910 7782 8547 1
07-07-2017-12:11:23:962 8547 9312 1
07-07-2017-12:11:24:013 9312 10077 1
07-07-2017-12:11:24:048 10077 10842 1
07-07-2017-12:11:24:096 10842 11607 1
07-07-2017-12:11:24:148 11607 12360 1
07-07-2017-12:11:24:199 12360 13113 1
07-07-2017-12:11:24:247 13113 13866 1
07-07-2017-12:11:24:294 13866 14619 1
07-07-2017-12:11:24:339 14619 15372 1
07-07-2017-12:11:24:387 15372 16125 1
07-07-2017-12:11:24:432 16125 16878 1
07-07-2017-12:11:24:480 16878 17631 1
07-07-2017-12:11:24:532 17631 18384 1
07-07-2017-12:11:24:571 18384 19137 1
07-07-2017-12:11:24:621 19137 19890 1
07-07-2017-12:11:24:667 19890 20643 1
07-07-2017-12:11:24:714 20643 21396 1
07-07-2017-12:11:24:762 21396 22149 1
07-07-2017-12:11:24:807 22149 22902 1
07-07-2017-12:11:24:853 22902 23655 1
07-07-2017-12:11:24:902 23655 24408 1
07-07-2017-12:11:24:947 24408 25161 1
07-07-2017-12:11:24:990 25161 25914 1
07-07-2017-12:11:25:038 25914 26667 1
07-07-2017-12:11:25:084 26667 27420 1
07-07-2017-12:11:25:130 27420 28173 1
07-07-2017-12:11:25:178 28173 28926 1
07-07-2017-12:11:25:224 28926 29679 1
07-07-2017-12:11:25:276 29679 30427 1
07-07-2017-12:11:25:328 30427 31175 1
07-07-2017-12:11:25:376 31175 31923 1
07-07-2017-12:11:25:422 31923 32671 1
07-07-2017-12:11:25:469 32671 33419 1
07-07-2017-12:11:25:515 33419 34167 1
07-07-2017-12:11:25:563 34167 34915 1
07-07-2017-12:11:25:608 34915 35663 1
07-07-2017-12:11:25:656 35663 36411 1
07-07-2017-12:11:25:695 36411 37159 1
07-07-2017-12:11:25:748 37159 37907 1
07-07-2017-12:11:25:796 37907 38655 1
07-07-2017-12:11:25:842 38655 39403 1
07-07-2017-12:11:25:888 39403 40151 1
07-07-2017-12:11:25:935 40151 40899 1
07-07-2017-12:11:25:982 40899 41647 1
07-07-2017-12:11:26:028 41647 42395 1
07-07-2017-12:11:26:076 42395 43143 1
07-07-2017-12:11:26:121 43143 43891 1
07-07-2017-12:11:26:168 43891 44639 1
07-07-2017-12:11:26:215 44639 45387 1
07-07-2017-12:11:26:261 45387 46135 1
07-07-2017-12:11:26:308 46135 46883 1
07-07-2017-12:11:26:354 46883 47631 1
07-07-2017-12:11:26:402 47631 48379 1
07-07-2017-12:11:26:448 48379 49127 1
07-07-2017-12:11:26:487 49127 49875 1
07-07-2017-12:11:26:730 49875 50623 1
07-07-2017-12:11:26:731 50623 51371 1
07-07-2017-12:11:26:731 51371 52119 1
07-07-2017-12:11:26:731 52119 52867 1
07-07-2017-12:11:26:731 52867 53615 1
07-07-2017-12:11:26:769 53615 54363 1
07-07-2017-12:11:26:814 54363 55111 1
07-07-2017-12:11:26:861 55111 55859 1
07-07-2017-12:11:26:908 55859 56607 1
07-07-2017-12:11:26:955 56607 57355 1
07-07-2017-12:11:27:001 57355 58103 1
07-07-2017-12:11:27:048 58103 58851 1
07-07-2017-12:11:27:095 58851 59599 1
07-07-2017-12:11:27:141 59599 60347 1
07-07-2017-12:11:27:194 60347 61094 1
07-07-2017-12:11:27:247 61094 61841 1
07-07-2017-12:11:27:293 61841 62588 1
07-07-2017-12:11:27:340 62588 63335 1
07-07-2017-12:11:27:387 63335 64082 1
07-07-2017-12:11:27:433 64082 64829 1
07-07-2017-12:11:27:479 64829 65576 1
07-07-2017-12:11:27:527 65576 66323 1
07-07-2017-12:11:27:572 66323 67070 1
07-07-2017-12:11:27:618 67070 67817 1
07-07-2017-12:11:27:666 67817 68564 1
07-07-2017-12:11:27:712 68564 69311 1
07-07-2017-12:11:27:759 69311 70058 1
07-07-2017-12:11:27:805 70058 70805 1
07-07-2017-12:11:27:853 70805 71552 1
07-07-2017-12:11:27:898 71552 72299 1
07-07-2017-12:11:27:946 72299 73046 1
07-07-2017-12:11:27:991 73046 73793 1
07-07-2017-12:11:28:044 73793 74540 1
07-07-2017-12:11:28:081 74540 75287 1
07-07-2017-12:11:28:129 75287 76034 1
07-07-2017-12:11:28:175 76034 76781 1
07-07-2017-12:11:28:221 76781 77528 1
07-07-2017-12:11:28:269 77528 78275 1
07-07-2017-12:11:28:315 78275 79022 1
07-07-2017-12:11:28:362 79022 79769 1
07-07-2017-12:11:28:408 79769 80516 1
07-07-2017-12:11:28:455 80516 81263 1
07-07-2017-12:11:28:503 81263 82010 1
07-07-2017-12:11:28:548 82010 82757 1
07-07-2017-12:11:28:596 82757 83504 1
07-07-2017-12:11:28:641 83504 84251 1
07-07-2017-12:11:28:688 84251 84998 1
07-07-2017-12:11:28:735 84998 85745 1
07-07-2017-12:11:28:782 85745 86492 1
07-07-2017-12:11:28:829 86492 87239 1
07-07-2017-12:11:28:875 87239 87986 1
07-07-2017-12:11:28:921 87986 88733 1
07-07-2017-12:11:28:968 88733 89480 1
07-07-2017-12:11:29:016 89480 90227 1
07-07-2017-12:11:29:062 90227 90974 1
07-07-2017-12:11:29:109 90974 91721 1
07-07-2017-12:11:29:154 91721 92468 1
07-07-2017-12:11:29:204 92468 93215 1
07-07-2017-12:11:29:248 93215 93962 1
07-07-2017-12:11:29:294 93962 94709 1
07-07-2017-12:11:29:342 94709 95456 1
07-07-2017-12:11:29:388 95456 96203 1
07-07-2017-12:11:29:436 96203 96950 1
07-07-2017-12:11:29:481 96950 97697 1
07-07-2017-12:11:29:527 97697 98444 1
07-07-2017-12:11:29:574 98444 99191 1
07-07-2017-12:11:29:621 99191 99938 1
07-07-2017-12:11:29:668 99938 100685 1
07-07-2017-12:11:29:957 100685 101432 1
07-07-2017-12:11:29:958 101432 102179 1
07-07-2017-12:11:29:958 102179 102926 1
07-07-2017-12:11:29:958 102926 103673 1
07-07-2017-12:11:29:958 103673 104420 1
07-07-2017-12:11:29:958 104420 105167 1
07-07-2017-12:11:29:996 105167 105914 1
07-07-2017-12:11:30:041 105914 106661 1
07-07-2017-12:11:30:092 106661 107408 1
07-07-2017-12:11:30:136 107408 108155 1
07-07-2017-12:11:30:182 108155 108902 1
07-07-2017-12:11:30:232 108902 109649 1
07-07-2017-12:11:30:275 109649 110396 1
07-07-2017-12:11:30:322 110396 111143 1
07-07-2017-12:11:30:369 111143 111890 1
07-07-2017-12:11:30:415 111890 112637 1
07-07-2017-12:11:30:466 112637 113384 1
07-07-2017-12:11:30:511 113384 114131 1
07-07-2017-12:11:30:558 114131 114878 1
07-07-2017-12:11:30:605 114878 115625 1
07-07-2017-12:11:30:651 115625 116372 1
07-07-2017-12:11:30:697 116372 117119 1
07-07-2017-12:11:30:746 117119 117866 1
07-07-2017-12:11:30:791 117866 118613 1
07-07-2017-12:11:30:839 118613 119360 1
07-07-2017-12:11:30:886 119360 120107 1
07-07-2017-12:11:30:931 120107 120854 1
07-07-2017-12:11:30:978 120854 121601 1
07-07-2017-12:11:31:026 121601 122348 1
07-07-2017-12:11:31:072 122348 123095 1
07-07-2017-12:11:31:119 123095 123842 1
07-07-2017-12:11:31:164 123842 124589 1
07-07-2017-12:11:31:212 124589 125336 1
07-07-2017-12:11:31:258 125336 126083 1
07-07-2017-12:11:31:298 126083 126830 1
07-07-2017-12:11:31:351 126830 127577 1
07-07-2017-12:11:31:399 127577 128324 1
07-07-2017-12:11:31:446 128324 129071 1
07-07-2017-12:11:31:491 129071 129818 1
07-07-2017-12:11:31:539 129818 130565 1
07-07-2017-12:11:31:586 130565 131312 1
07-07-2017-12:11:31:631 131312 132059 1
07-07-2017-12:11:31:679 132059 132806 1
07-07-2017-12:11:31:726 132806 133553 1
07-07-2017-12:11:31:771 133553 134300 1
07-07-2017-12:11:31:818 134300 135047 1
07-07-2017-12:11:31:865 135047 135794 1
07-07-2017-12:11:31:911 135794 136541 1
07-07-2017-12:11:31:959 136541 137288 1
07-07-2017-12:11:32:005 137288 138035 1
07-07-2017-12:11:32:051 138035 138782 1
07-07-2017-12:11:32:099 138782 139529 1
07-07-2017-12:11:32:145 139529 140276 1
07-07-2017-12:11:32:191 140276 141023 1
07-07-2017-12:11:32:237 141023 141770 1
07-07-2017-12:11:32:285 141770 142517 1
07-07-2017-12:11:32:332 142517 143264 1
07-07-2017-12:11:32:378 143264 144011 1
07-07-2017-12:11:32:424 144011 144758 1
07-07-2017-12:11:32:473 144758 145505 1
07-07-2017-12:11:32:518 145505 146252 1
07-07-2017-12:11:32:566 146252 146999 1
07-07-2017-12:11:32:613 146999 147746 1
07-07-2017-12:11:32:659 147746 148493 1
07-07-2017-12:11:32:732 148493 149240 1
07-07-2017-12:11:32:752 149240 149987 1
07-07-2017-12:11:32:798 149987 150734 1
07-07-2017-12:11:32:846 150734 151481 1
07-07-2017-12:11:32:892 151481 152228 1
07-07-2017-12:11:32:939 152228 152975 1
07-07-2017-12:11:32:984 152975 153722 1
07-07-2017-12:11:33:030 153722 154469 1
07-07-2017-12:11:33:082 154469 155160 1
07-07-2017-12:11:33:113 155160 155851 1
07-07-2017-12:11:33:154 155851 156542 1
07-07-2017-12:11:33:201 156542 157233 1
07-07-2017-12:11:33:248 157233 157924 1
07-07-2017-12:11:33:283 157924 158615 1
07-07-2017-12:11:33:331 158615 159306 1
07-07-2017-12:11:33:377 159306 159997 1
07-07-2017-12:11:33:424 159997 160688 1
07-07-2017-12:11:33:457 160688 161379 1
07-07-2017-12:11:33:505 161379 162070 1
07-07-2017-12:11:33:551 162070 162761 1
07-07-2017-12:11:33:587 162761 163452 1
07-07-2017-12:11:33:634 163452 164143 1
07-07-2017-12:11:33:673 164143 164834 1
07-07-2017-12:11:33:718 164834 165525 1
07-07-2017-12:11:33:766 165525 166216 1
07-07-2017-12:11:33:802 166216 166907 1
07-07-2017-12:11:33:848 166907 167598 1
07-07-2017-12:11:33:895 167598 168289 1
07-07-2017-12:11:33:942 168289 168980 1
07-07-2017-12:11:33:975 168980 169671 1
07-07-2017-12:11:34:024 169671 170362 1
07-07-2017-12:11:34:069 170362 171053 1
07-07-2017-12:11:34:104 171053 171744 1
07-07-2017-12:11:34:151 171744 172435 1
07-07-2017-12:11:34:198 172435 173126 1
07-07-2017-12:11:34:243 173126 173817 1
07-07-2017-12:11:34:279 173817 174508 1
07-07-2017-12:11:34:325 174508 175199 1
07-07-2017-12:11:34:373 175199 175890 1
07-07-2017-12:11:34:408 175890 176581 1
07-07-2017-12:11:34:454 176581 177272 1
07-07-2017-12:11:34:501 177272 177963 1
07-07-2017-12:11:34:535 177963 178654 1
07-07-2017-12:11:34:585 178654 179345 1
07-07-2017-12:11:34:628 179345 180036 1
07-07-2017-12:11:34:676 180036 180727 1
07-07-2017-12:11:34:711 180727 181418 1
07-07-2017-12:11:34:757 181418 182109 1
07-07-2017-12:11:34:804 182109 182800 1
07-07-2017-12:11:34:838 182800 183491 1
07-07-2017-12:11:34:885 183491 184182 1
07-07-2017-12:11:34:937 184182 184873 1
07-07-2017-12:11:34:972 184873 185564 1
07-07-2017-12:11:35:018 185564 186255 1
07-07-2017-12:11:35:053 186255 186946 1
07-07-2017-12:11:35:101 186946 187637 1
07-07-2017-12:11:35:146 187637 188328 1
07-07-2017-12:11:35:194 188328 189019 1
07-07-2017-12:11:35:229 189019 189710 1
07-07-2017-12:11:35:279 189710 190401 1
07-07-2017-12:11:35:319 190401 191092 1
07-07-2017-12:11:35:367 191092 191783 1
07-07-2017-12:11:35:401 191783 192474 1
07-07-2017-12:11:35:447 192474 193165 1
07-07-2017-12:11:35:493 193165 193856 1
07-07-2017-12:11:35:528 193856 194547 1
07-07-2017-12:11:35:575 194547 195238 1
07-07-2017-12:11:35:622 195238 195929 1
07-07-2017-12:11:35:668 195929 196620 1
07-07-2017-12:11:35:704 196620 197311 1
07-07-2017-12:11:35:750 197311 198002 1
07-07-2017-12:11:35:797 198002 198693 1
07-07-2017-12:11:36:002 198693 199384 1
07-07-2017-12:11:36:003 199384 200075 1
07-07-2017-12:11:36:006 200075 200766 1
07-07-2017-12:11:36:007 200766 201457 1
07-07-2017-12:11:36:007 201457 202148 1
07-07-2017-12:11:36:054 202148 202839 1
07-07-2017-12:11:36:100 202839 203530 1
07-07-2017-12:11:36:135 203530 204221 1
07-07-2017-12:11:36:183 204221 204912 1
07-07-2017-12:11:36:228 204912 205603 1
07-07-2017-12:11:36:262 205603 206294 1
07-07-2017-12:11:36:310 206294 206985 1
07-07-2017-12:11:36:356 206985 207676 1
07-07-2017-12:11:36:406 207676 208367 1
07-07-2017-12:11:36:443 208367 209058 1
07-07-2017-12:11:36:491 209058 209749 1
07-07-2017-12:11:36:562 209749 210440 1
07-07-2017-12:11:36:572 210440 211131 1
07-07-2017-12:11:36:618 211131 211822 1
07-07-2017-12:11:36:654 211822 212513 1
07-07-2017-12:11:36:700 212513 213204 1
07-07-2017-12:11:36:747 213204 213895 1
07-07-2017-12:11:36:782 213895 214586 1
07-07-2017-12:11:36:828 214586 215277 1
07-07-2017-12:11:36:875 215277 215968 1
07-07-2017-12:11:36:923 215968 216659 1
07-07-2017-12:11:36:956 216659 217350 1
07-07-2017-12:11:37:003 217350 218041 1
07-07-2017-12:11:37:050 218041 218732 1
07-07-2017-12:11:37:086 218732 219423 1
07-07-2017-12:11:37:131 219423 220114 1
07-07-2017-12:11:37:179 220114 220805 1
07-07-2017-12:11:37:212 220805 221496 1
07-07-2017-12:11:37:260 221496 222187 1
07-07-2017-12:11:37:305 222187 222878 1
07-07-2017-12:11:37:353 222878 223569 1
07-07-2017-12:11:37:396 223569 224260 1
07-07-2017-12:11:37:431 224260 224951 1
07-07-2017-12:11:37:477 224951 225642 1
07-07-2017-12:11:37:524 225642 226333 1
07-07-2017-12:11:37:562 226333 227024 1
07-07-2017-12:11:37:606 227024 227715 1
07-07-2017-12:11:37:653 227715 228406 1
07-07-2017-12:11:37:689 228406 229097 1
07-07-2017-12:11:37:734 229097 229788 1
07-07-2017-12:11:37:782 229788 230479 1
07-07-2017-12:11:37:827 230479 231170 1
07-07-2017-12:11:37:863 231170 231861 1
07-07-2017-12:11:37:910 231861 232552 1
07-07-2017-12:11:37:950 232552 233243 1
07-07-2017-12:11:37:996 233243 233934 1
07-07-2017-12:11:38:043 233934 234625 1
07-07-2017-12:11:38:077 234625 235316 1
07-07-2017-12:11:38:126 235316 236007 1
07-07-2017-12:11:38:172 236007 236698 1
07-07-2017-12:11:38:207 236698 237389 1
07-07-2017-12:11:38:255 237389 238080 1
07-07-2017-12:11:38:300 238080 238771 1
07-07-2017-12:11:38:347 238771 239462 1
07-07-2017-12:11:38:381 239462 240153 1
07-07-2017-12:11:38:429 240153 240844 1
07-07-2017-12:11:38:475 240844 241535 1
07-07-2017-12:11:38:510 241535 242226 1
07-07-2017-12:11:38:556 242226 242917 1
07-07-2017-12:11:38:603 242917 243608 1
07-07-2017-12:11:38:638 243608 244299 1
07-07-2017-12:11:38:685 244299 244990 1
07-07-2017-12:11:38:731 244990 245681 1
07-07-2017-12:11:38:778 245681 246372 1
07-07-2017-12:11:38:813 246372 247063 1
07-07-2017-12:11:38:860 247063 247754 1
07-07-2017-12:11:38:905 247754 248445 1
07-07-2017-12:11:39:079 248445 249136 1
07-07-2017-12:11:39:080 249136 249827 1
07-07-2017-12:11:39:080 249827 250518 1
07-07-2017-12:11:39:080 250518 251209 1
07-07-2017-12:11:39:118 251209 251900 1
07-07-2017-12:11:39:163 251900 252591 1
07-07-2017-12:11:39:209 252591 253282 1
07-07-2017-12:11:39:248 253282 253973 1
07-07-2017-12:11:39:287 253973 254664 1
07-07-2017-12:11:39:335 254664 255355 1
07-07-2017-12:11:39:380 255355 256046 1
07-07-2017-12:11:39:415 256046 256737 1
07-07-2017-12:11:39:461 256737 257428 1
07-07-2017-12:11:39:509 257428 258119 1
07-07-2017-12:11:39:555 258119 258810 1
07-07-2017-12:11:39:590 258810 259501 1
07-07-2017-12:11:39:637 259501 260192 1
07-07-2017-12:11:39:683 260192 260883 1
07-07-2017-12:11:39:718 260883 261574 1
07-07-2017-12:11:39:770 261574 262214 1
07-07-2017-12:11:39:797 262214 262854 1
07-07-2017-12:11:39:844 262854 263494 1
07-07-2017-12:11:39:880 263494 264134 1
07-07-2017-12:11:39:926 264134 264774 1
07-07-2017-12:11:39:962 264774 265414 1
07-07-2017-12:11:40:007 265414 266054 1
07-07-2017-12:11:40:045 266054 266694 1
07-07-2017-12:11:40:078 266694 267334 1
07-07-2017-12:11:40:125 267334 267974 1
07-07-2017-12:11:40:159 267974 268614 1
07-07-2017-12:11:40:205 268614 269254 1
07-07-2017-12:11:40:242 269254 269894 1
07-07-2017-12:11:40:288 269894 270534 1
07-07-2017-12:11:40:324 270534 271174 1
07-07-2017-12:11:40:358 271174 271814 1
07-07-2017-12:11:40:404 271814 272454 1
07-07-2017-12:11:40:438 272454 273094 1
07-07-2017-12:11:40:486 273094 273734 1
07-07-2017-12:11:40:520 273734 274374 1
07-07-2017-12:11:40:566 274374 275014 1
07-07-2017-12:11:40:602 275014 275654 1
07-07-2017-12:11:40:638 275654 276294 1
07-07-2017-12:11:40:684 276294 276934 1
07-07-2017-12:11:40:718 276934 277574 1
07-07-2017-12:11:40:764 277574 278214 1
07-07-2017-12:11:40:806 278214 278854 1
07-07-2017-12:11:40:841 278854 279494 1
07-07-2017-12:11:40:888 279494 280134 1
07-07-2017-12:11:40:921 280134 280774 1
07-07-2017-12:11:40:969 280774 281414 1
07-07-2017-12:11:41:004 281414 282054 1
07-07-2017-12:11:41:037 282054 282694 1
07-07-2017-12:11:41:085 282694 283334 1
07-07-2017-12:11:41:119 283334 283974 1
07-07-2017-12:11:41:166 283974 284614 1
07-07-2017-12:11:41:202 284614 285254 1
07-07-2017-12:11:41:248 285254 285894 1
07-07-2017-12:11:41:284 285894 286534 1
07-07-2017-12:11:41:318 286534 287174 1
07-07-2017-12:11:41:366 287174 287814 1
07-07-2017-12:11:41:400 287814 288454 1
07-07-2017-12:11:41:446 288454 289094 1
07-07-2017-12:11:41:482 289094 289734 1
07-07-2017-12:11:41:528 289734 290374 1
07-07-2017-12:11:41:824 290374 291014 1
07-07-2017-12:11:41:825 291014 291654 1
07-07-2017-12:11:41:825 291654 292294 1
07-07-2017-12:11:41:825 292294 292934 1
07-07-2017-12:11:41:825 292934 293574 1
07-07-2017-12:11:41:825 293574 294214 1
07-07-2017-12:11:41:825 294214 294854 1
07-07-2017-12:11:41:844 294854 295494 1
07-07-2017-12:11:41:880 295494 296134 1
07-07-2017-12:11:41:927 296134 296774 1
07-07-2017-12:11:41:959 296774 297414 1
07-07-2017-12:11:42:007 297414 298054 1
07-07-2017-12:11:42:041 298054 298694 1
07-07-2017-12:11:42:088 298694 299334 1
07-07-2017-12:11:42:123 299334 299974 1
07-07-2017-12:11:42:159 299974 300614 1
07-07-2017-12:11:42:206 300614 301254 1
07-07-2017-12:11:42:239 301254 301894 1
07-07-2017-12:11:42:286 301894 302534 1
07-07-2017-12:11:42:321 302534 303174 1
07-07-2017-12:11:42:368 303174 303814 1
07-07-2017-12:11:42:404 303814 304454 1
07-07-2017-12:11:42:438 304454 305094 1
07-07-2017-12:11:42:486 305094 305734 1
07-07-2017-12:11:42:525 305734 306374 1
07-07-2017-12:11:42:557 306374 307014 1
07-07-2017-12:11:42:603 307014 307654 1
07-07-2017-12:11:42:638 307654 308294 1
07-07-2017-12:11:42:686 308294 308934 1
07-07-2017-12:11:42:720 308934 309574 1
07-07-2017-12:11:42:766 309574 310214 1
07-07-2017-12:11:42:802 310214 310854 1
07-07-2017-12:11:42:837 310854 311494 1
07-07-2017-12:11:42:884 311494 312134 1
07-07-2017-12:11:42:918 312134 312774 1
07-07-2017-12:11:42:965 312774 313414 1
07-07-2017-12:11:43:001 313414 314054 1
07-07-2017-12:11:43:046 314054 314694 1
07-07-2017-12:11:43:083 314694 315334 1
07-07-2017-12:11:43:116 315334 315974 1
07-07-2017-12:11:43:165 315974 316614 1
07-07-2017-12:11:43:201 316614 317254 1
07-07-2017-12:11:43:246 317254 317894 1
07-07-2017-12:11:43:280 317894 318534 1
07-07-2017-12:11:43:327 318534 319174 1
07-07-2017-12:11:43:363 319174 319814 1
07-07-2017-12:11:43:397 319814 320454 1
07-07-2017-12:11:43:444 320454 321094 1
07-07-2017-12:11:43:481 321094 321734 1
07-07-2017-12:11:43:525 321734 322374 1
07-07-2017-12:11:43:744 322374 323014 1
07-07-2017-12:11:43:745 323014 323654 1
07-07-2017-12:11:43:746 323654 324294 1
07-07-2017-12:11:43:746 324294 324934 1
07-07-2017-12:11:43:746 324934 325574 1
07-07-2017-12:11:43:775 325574 326214 1
07-07-2017-12:11:43:798 326214 326854 1
07-07-2017-12:11:43:845 326854 327494 1
07-07-2017-12:11:43:885 327494 328134 1
07-07-2017-12:11:43:928 328134 328774 1
07-07-2017-12:11:43:961 328774 329414 1
07-07-2017-12:11:44:008 329414 330054 1
07-07-2017-12:11:44:044 330054 330694 1
07-07-2017-12:11:44:079 330694 331334 1
07-07-2017-12:11:44:125 331334 331974 1
07-07-2017-12:11:44:158 331974 332614 1
07-07-2017-12:11:44:207 332614 333254 1
07-07-2017-12:11:44:240 333254 333894 1
07-07-2017-12:11:44:288 333894 334534 1
07-07-2017-12:11:44:322 334534 335174 1
07-07-2017-12:11:44:451 335174 335814 1
07-07-2017-12:11:44:452 335814 336454 1
07-07-2017-12:11:44:452 336454 337094 1
07-07-2017-12:11:44:486 337094 337734 1
07-07-2017-12:11:44:522 337734 338374 1
07-07-2017-12:11:44:568 338374 339014 1
07-07-2017-12:11:44:602 339014 339654 1
07-07-2017-12:11:44:643 339654 340294 1
07-07-2017-12:11:44:677 340294 340934 1
07-07-2017-12:11:44:725 340934 341574 1
07-07-2017-12:11:44:760 341574 342214 1
07-07-2017-12:11:44:806 342214 342854 1
07-07-2017-12:11:44:842 342854 343494 1
07-07-2017-12:11:44:888 343494 344134 1
07-07-2017-12:11:44:924 344134 344774 1
07-07-2017-12:11:44:958 344774 345414 1
07-07-2017-12:11:45:006 345414 346054 1
07-07-2017-12:11:45:040 346054 346694 1
07-07-2017-12:11:45:087 346694 347334 1
07-07-2017-12:11:45:122 347334 347974 1
07-07-2017-12:11:45:168 347974 348614 1
07-07-2017-12:11:45:203 348614 349254 1
07-07-2017-12:11:45:239 349254 349894 1
07-07-2017-12:11:45:284 349894 350534 1
07-07-2017-12:11:45:319 350534 351174 1
07-07-2017-12:11:45:366 351174 351814 1
07-07-2017-12:11:45:402 351814 352454 1
07-07-2017-12:11:45:442 352454 353094 1
07-07-2017-12:11:45:491 353094 353734 1
07-07-2017-12:11:45:522 353734 354374 1
07-07-2017-12:11:45:558 354374 355014 1
07-07-2017-12:11:45:604 355014 355654 1
07-07-2017-12:11:45:640 355654 356294 1
07-07-2017-12:11:45:685 356294 356934 1
07-07-2017-12:11:45:721 356934 357574 1
07-07-2017-12:11:45:768 357574 358214 1
07-07-2017-12:11:45:803 358214 358854 1
07-07-2017-12:11:45:839 358854 359494 1
07-07-2017-12:11:45:884 359494 360134 1
07-07-2017-12:11:45:919 360134 360774 1
07-07-2017-12:11:45:967 360774 361414 1
07-07-2017-12:11:46:002 361414 362054 1
07-07-2017-12:11:46:047 362054 362694 1
07-07-2017-12:11:46:083 362694 363334 1
07-07-2017-12:11:46:118 363334 363974 1
07-07-2017-12:11:46:170 363974 364614 1
07-07-2017-12:11:46:199 364614 365254 1
07-07-2017-12:11:46:248 365254 365894 1
07-07-2017-12:11:46:282 365894 366534 1
07-07-2017-12:11:46:329 366534 367174 1
07-07-2017-12:11:46:364 367174 367814 1
07-07-2017-12:11:46:398 367814 368454 1
07-07-2017-12:11:46:445 368454 369094 1
07-07-2017-12:11:46:480 369094 369734 1
07-07-2017-12:11:46:529 369734 370374 1
07-07-2017-12:11:46:561 370374 371014 1
07-07-2017-12:11:46:608 371014 371654 1
07-07-2017-12:11:46:643 371654 372294 1
07-07-2017-12:11:46:678 372294 372934 1
07-07-2017-12:11:46:726 372934 373574 1
07-07-2017-12:11:46:759 373574 374214 1
07-07-2017-12:11:46:806 374214 374854 1
07-07-2017-12:11:46:842 374854 375494 1
07-07-2017-12:11:46:889 375494 376134 1
07-07-2017-12:11:46:923 376134 376774 1
07-07-2017-12:11:46:959 376774 377414 1
07-07-2017-12:11:47:005 377414 378054 1
07-07-2017-12:11:47:040 378054 378694 1
07-07-2017-12:11:47:088 378694 379334 1
07-07-2017-12:11:47:121 379334 379974 1
07-07-2017-12:11:47:169 379974 380614 1
07-07-2017-12:11:47:205 380614 381254 1
07-07-2017-12:11:47:237 381254 381894 1
07-07-2017-12:11:47:285 381894 382534 1
07-07-2017-12:11:47:320 382534 383174 1
07-07-2017-12:11:47:367 383174 383814 1
07-07-2017-12:11:47:401 383814 384454 1
07-07-2017-12:11:47:449 384454 385094 1
07-07-2017-12:11:47:619 385094 385734 1
07-07-2017-12:11:47:620 385734 386374 1
07-07-2017-12:11:47:620 386374 387014 1
07-07-2017-12:11:47:620 387014 387654 1
07-07-2017-12:11:47:662 387654 388294 1
07-07-2017-12:11:47:681 388294 388934 1
07-07-2017-12:11:47:727 388934 389574 1
07-07-2017-12:11:47:763 389574 390214 1
07-07-2017-12:11:47:798 390214 390854 1
07-07-2017-12:11:47:847 390854 391494 1
07-07-2017-12:11:47:880 391494 392134 1
07-07-2017-12:11:47:926 392134 392774 1
07-07-2017-12:11:47:961 392774 393414 1
07-07-2017-12:11:48:007 393414 394054 1
07-07-2017-12:11:48:042 394054 394694 1
07-07-2017-12:11:48:077 394694 395334 1
07-07-2017-12:11:48:125 395334 395974 1
07-07-2017-12:11:48:160 395974 396614 1
07-07-2017-12:11:48:205 396614 397254 1
07-07-2017-12:11:48:241 397254 397894 1
07-07-2017-12:11:48:288 397894 398534 1
07-07-2017-12:11:48:323 398534 399174 1
07-07-2017-12:11:48:358 399174 399814 1
07-07-2017-12:11:48:403 399814 400454 1
07-07-2017-12:11:48:440 400454 401094 1
07-07-2017-12:11:48:486 401094 401734 1
07-07-2017-12:11:48:521 401734 402374 1
07-07-2017-12:11:48:569 402374 403014 1
07-07-2017-12:11:48:602 403014 403654 1
07-07-2017-12:11:48:637 403654 404294 1
07-07-2017-12:11:48:685 404294 404934 1
07-07-2017-12:11:48:719 404934 405574 1
07-07-2017-12:11:48:766 405574 406214 1
07-07-2017-12:11:48:801 406214 406854 1
07-07-2017-12:11:48:849 406854 407494 1
07-07-2017-12:11:48:882 407494 408134 1
07-07-2017-12:11:48:918 408134 408774 1
07-07-2017-12:11:48:965 408774 409414 1
07-07-2017-12:11:49:000 409414 410054 1
07-07-2017-12:11:49:048 410054 410694 1
07-07-2017-12:11:49:082 410694 411334 1
07-07-2017-12:11:49:130 411334 411974 1
07-07-2017-12:11:49:164 411974 412614 1
07-07-2017-12:11:49:248 412614 413254 1
07-07-2017-12:11:49:249 413254 413894 1
07-07-2017-12:11:49:279 413894 414534 1
07-07-2017-12:11:49:327 414534 415174 1
07-07-2017-12:11:49:362 415174 415814 1
07-07-2017-12:11:49:408 415814 416454 1
07-07-2017-12:11:49:443 416454 417094 1
07-07-2017-12:11:49:478 417094 417734 1
07-07-2017-12:11:49:524 417734 418374 1
07-07-2017-12:11:49:559 418374 419014 1
07-07-2017-12:11:49:607 419014 419654 1
07-07-2017-12:11:49:640 419654 420294 1
07-07-2017-12:11:49:688 420294 420934 1
07-07-2017-12:11:49:722 420934 421574 1
07-07-2017-12:11:49:756 421574 422214 1
07-07-2017-12:11:49:798 422214 422854 1
07-07-2017-12:11:49:839 422854 423494 1
07-07-2017-12:11:49:888 423494 424134 1
07-07-2017-12:11:49:922 424134 424774 1
07-07-2017-12:11:49:961 424774 425414 1
07-07-2017-12:11:50:007 425414 426054 1
07-07-2017-12:11:50:043 426054 426694 1
07-07-2017-12:11:50:077 426694 427334 1
07-07-2017-12:11:50:125 427334 427974 1
07-07-2017-12:11:50:159 427974 428614 1
07-07-2017-12:11:50:208 428614 429254 1
07-07-2017-12:11:50:249 429254 429894 1
07-07-2017-12:11:50:281 429894 430534 1
07-07-2017-12:11:50:327 430534 431174 1
07-07-2017-12:11:50:362 431174 431814 1
07-07-2017-12:11:50:397 431814 432454 1
07-07-2017-12:11:50:443 432454 433094 1
07-07-2017-12:11:50:478 433094 433734 1
07-07-2017-12:11:50:526 433734 434374 1
07-07-2017-12:11:50:561 434374 435014 1
07-07-2017-12:11:50:609 435014 435654 1
07-07-2017-12:11:50:643 435654 436294 1
07-07-2017-12:11:50:678 436294 436934 1
07-07-2017-12:11:50:724 436934 437574 1
07-07-2017-12:11:50:758 437574 438214 1
07-07-2017-12:11:50:806 438214 438854 1
07-07-2017-12:11:50:841 438854 439494 1
07-07-2017-12:11:50:889 439494 440134 1
07-07-2017-12:11:50:923 440134 440774 1
07-07-2017-12:11:50:957 440774 441414 1
07-07-2017-12:11:51:004 441414 442054 1
07-07-2017-12:11:51:039 442054 442694 1
07-07-2017-12:11:51:084 442694 443334 1
07-07-2017-12:11:51:120 443334 443974 1
07-07-2017-12:11:51:166 443974 444614 1
07-07-2017-12:11:51:201 444614 445254 1
07-07-2017-12:11:51:237 445254 445894 1
07-07-2017-12:11:51:283 445894 446534 1
07-07-2017-12:11:51:318 446534 447174 1
07-07-2017-12:11:51:364 447174 447814 1
07-07-2017-12:11:51:401 447814 448454 1
07-07-2017-12:11:51:451 448454 449094 1
07-07-2017-12:11:51:484 449094 449734 1
07-07-2017-12:11:51:524 449734 450374 1
07-07-2017-12:11:51:567 450374 451014 1
07-07-2017-12:11:51:602 451014 451654 1
07-07-2017-12:11:51:638 451654 452294 1
07-07-2017-12:11:51:684 452294 452934 1
07-07-2017-12:11:51:719 452934 453574 1
07-07-2017-12:11:51:766 453574 454214 1
07-07-2017-12:11:51:801 454214 454854 1
07-07-2017-12:11:51:852 454854 455467 1
07-07-2017-12:11:51:877 455467 456080 1
07-07-2017-12:11:51:923 456080 456693 1
07-07-2017-12:11:51:957 456693 457306 1
07-07-2017-12:11:51:993 457306 457919 1
07-07-2017-12:11:52:033 457919 458532 1
07-07-2017-12:11:52:075 458532 459145 1
07-07-2017-12:11:52:112 459145 459758 1
07-07-2017-12:11:52:145 459758 460371 1
07-07-2017-12:11:52:192 460371 460984 1
07-07-2017-12:11:52:227 460984 461597 1
07-07-2017-12:11:52:261 461597 462210 1
07-07-2017-12:11:52:296 462210 462823 1
07-07-2017-12:11:52:492 462823 463436 1
07-07-2017-12:11:52:493 463436 464049 1
07-07-2017-12:11:52:493 464049 464662 1
07-07-2017-12:11:52:493 464662 465275 1
07-07-2017-12:11:52:495 465275 465888 1
07-07-2017-12:11:52:531 465888 466501 1
07-07-2017-12:11:52:564 466501 467114 1
07-07-2017-12:11:52:611 467114 467727 1
07-07-2017-12:11:52:647 467727 468340 1
07-07-2017-12:11:52:682 468340 468953 1
07-07-2017-12:11:52:728 468953 469566 1
07-07-2017-12:11:52:763 469566 470179 1
07-07-2017-12:11:52:799 470179 470792 1
07-07-2017-12:11:52:832 470792 471405 1
07-07-2017-12:11:52:879 471405 472018 1
07-07-2017-12:11:52:914 472018 472631 1
07-07-2017-12:11:52:950 472631 473244 1
07-07-2017-12:11:52:996 473244 473857 1
07-07-2017-12:11:53:030 473857 474470 1
07-07-2017-12:11:53:065 474470 475083 1
07-07-2017-12:11:53:101 475083 475696 1
07-07-2017-12:11:53:219 475696 476309 1
07-07-2017-12:11:53:221 476309 476922 1
07-07-2017-12:11:53:221 476922 477535 1
07-07-2017-12:11:53:264 477535 478148 1
07-07-2017-12:11:53:299 478148 478761 1
07-07-2017-12:11:53:334 478761 479374 1
07-07-2017-12:11:53:374 479374 479987 1
07-07-2017-12:11:53:416 479987 480600 1
07-07-2017-12:11:53:454 480600 481213 1
07-07-2017-12:11:53:484 481213 481826 1
07-07-2017-12:11:53:533 481826 482439 1
07-07-2017-12:11:53:566 482439 483052 1
07-07-2017-12:11:53:601 483052 483665 1
07-07-2017-12:11:53:636 483665 484278 1
07-07-2017-12:11:53:683 484278 484891 1
07-07-2017-12:11:53:718 484891 485504 1
07-07-2017-12:11:53:753 485504 486117 1
07-07-2017-12:11:53:801 486117 486730 1
07-07-2017-12:11:53:838 486730 487343 1
07-07-2017-12:11:53:869 487343 487956 1
07-07-2017-12:11:53:905 487956 488569 1
07-07-2017-12:11:53:953 488569 489182 1
07-07-2017-12:11:53:986 489182 489795 1
07-07-2017-12:11:54:021 489795 490408 1
07-07-2017-12:11:54:068 490408 491021 1
07-07-2017-12:11:54:105 491021 491634 1
07-07-2017-12:11:54:139 491634 492247 1
07-07-2017-12:11:54:174 492247 492860 1
07-07-2017-12:11:54:220 492860 493473 1
07-07-2017-12:11:54:257 493473 494086 1
07-07-2017-12:11:54:290 494086 494699 1
07-07-2017-12:11:54:336 494699 495312 1
07-07-2017-12:11:54:371 495312 495925 1
07-07-2017-12:11:54:407 495925 496538 1
07-07-2017-12:11:54:446 496538 497151 1
07-07-2017-12:11:54:479 497151 497764 1
07-07-2017-12:11:54:527 497764 498377 1
07-07-2017-12:11:54:563 498377 498990 1
07-07-2017-12:11:54:596 498990 499603 1
07-07-2017-12:11:54:644 499603 500216 1
07-07-2017-12:11:54:679 500216 500829 1
07-07-2017-12:11:54:714 500829 501442 1
07-07-2017-12:11:54:749 501442 502055 1
07-07-2017-12:11:54:795 502055 502668 1
07-07-2017-12:11:54:830 502668 503281 1
07-07-2017-12:11:54:864 503281 503894 1
07-07-2017-12:11:54:901 503894 504507 1
07-07-2017-12:11:54:946 504507 505120 1
07-07-2017-12:11:54:981 505120 505733 1
07-07-2017-12:11:55:017 505733 506346 1
07-07-2017-12:11:55:063 506346 506959 1
07-07-2017-12:11:55:098 506959 507572 1
07-07-2017-12:11:55:133 507572 508185 1
07-07-2017-12:11:55:168 508185 508798 1
07-07-2017-12:11:55:208 508798 509411 1
07-07-2017-12:11:55:255 509411 510024 1
07-07-2017-12:11:55:291 510024 510637 1
07-07-2017-12:11:55:329 510637 511250 1
07-07-2017-12:11:55:365 511250 511863 1
07-07-2017-12:11:55:399 511863 512476 1
07-07-2017-12:11:55:447 512476 513089 1
07-07-2017-12:11:55:481 513089 513702 1
07-07-2017-12:11:55:518 513702 514315 1
07-07-2017-12:11:55:562 514315 514928 1
07-07-2017-12:11:55:598 514928 515541 1
07-07-2017-12:11:55:634 515541 516154 1
07-07-2017-12:11:55:670 516154 516767 1
07-07-2017-12:11:55:714 516767 517380 1
07-07-2017-12:11:55:751 517380 517993 1
07-07-2017-12:11:55:785 517993 518606 1
07-07-2017-12:11:55:831 518606 519219 1
07-07-2017-12:11:55:865 519219 519832 1
07-07-2017-12:11:55:902 519832 520445 1
07-07-2017-12:11:55:936 520445 521058 1
07-07-2017-12:11:55:976 521058 521671 1
07-07-2017-12:11:56:021 521671 522284 1
07-07-2017-12:11:56:056 522284 522897 1
07-07-2017-12:11:56:092 522897 523510 1
07-07-2017-12:11:56:127 523510 524123 1
07-07-2017-12:11:56:173 524123 524736 1
07-07-2017-12:11:56:208 524736 525349 1
07-07-2017-12:11:56:244 525349 525962 1
07-07-2017-12:11:56:453 525962 526575 1
07-07-2017-12:11:56:454 526575 527188 1
07-07-2017-12:11:56:454 527188 527801 1
07-07-2017-12:11:56:454 527801 528414 1
07-07-2017-12:11:56:454 528414 529027 1
07-07-2017-12:11:56:477 529027 529640 1
07-07-2017-12:11:56:511 529640 530253 1
07-07-2017-12:11:56:559 530253 530866 1
07-07-2017-12:11:56:593 530866 531479 1
07-07-2017-12:11:56:628 531479 532092 1
07-07-2017-12:11:56:663 532092 532705 1
07-07-2017-12:11:56:709 532705 533318 1
07-07-2017-12:11:56:745 533318 533931 1
07-07-2017-12:11:56:783 533931 534544 1
07-07-2017-12:11:56:827 534544 535157 1
07-07-2017-12:11:56:862 535157 535770 1
07-07-2017-12:11:56:896 535770 536383 1
07-07-2017-12:11:56:931 536383 536996 1
07-07-2017-12:11:56:981 536996 537609 1
07-07-2017-12:11:57:013 537609 538222 1
07-07-2017-12:11:57:048 538222 538835 1
07-07-2017-12:11:57:095 538835 539448 1
07-07-2017-12:11:57:132 539448 540061 1
07-07-2017-12:11:57:166 540061 540674 1
07-07-2017-12:11:57:200 540674 541287 1
07-07-2017-12:11:57:246 541287 541900 1
07-07-2017-12:11:57:282 541900 542513 1
07-07-2017-12:11:57:317 542513 543126 1
07-07-2017-12:11:57:364 543126 543739 1
07-07-2017-12:11:57:399 543739 544352 1
07-07-2017-12:11:57:435 544352 544965 1
07-07-2017-12:11:57:467 544965 545578 1
07-07-2017-12:11:57:516 545578 546191 1
07-07-2017-12:11:57:549 546191 546804 1
07-07-2017-12:11:57:584 546804 547417 1
07-07-2017-12:11:57:635 547417 548030 1
07-07-2017-12:11:57:666 548030 548643 1
07-07-2017-12:11:57:711 548643 549256 1
07-07-2017-12:11:57:740 549256 549869 1
07-07-2017-12:11:57:784 549869 550482 1
07-07-2017-12:11:57:819 550482 551095 1
07-07-2017-12:11:57:855 551095 551708 1
07-07-2017-12:11:57:900 551708 552321 1
07-07-2017-12:11:57:935 552321 552934 1
07-07-2017-12:11:57:971 552934 553547 1
07-07-2017-12:11:58:005 553547 554160 1
07-07-2017-12:11:58:052 554160 554773 1
07-07-2017-12:11:58:197 554773 555386 1
07-07-2017-12:11:58:198 555386 555999 1
07-07-2017-12:11:58:198 555999 556612 1
07-07-2017-12:11:58:204 556612 557225 1
07-07-2017-12:11:58:243 557225 557838 1
07-07-2017-12:11:58:287 557838 558451 1
07-07-2017-12:11:58:318 558451 559064 1
07-07-2017-12:11:58:351 559064 559677 1
07-07-2017-12:11:58:396 559677 560290 1
07-07-2017-12:11:58:435 560290 560903 1
07-07-2017-12:11:58:469 560903 561516 1
07-07-2017-12:11:58:505 561516 562129 1
07-07-2017-12:11:58:552 562129 562742 1
07-07-2017-12:11:58:586 562742 563355 1
07-07-2017-12:11:58:620 563355 563968 1
07-07-2017-12:11:58:657 563968 564581 1
07-07-2017-12:11:58:703 564581 565194 1
07-07-2017-12:11:58:737 565194 565807 1
07-07-2017-12:11:58:773 565807 566420 1
07-07-2017-12:11:58:818 566420 567033 1
07-07-2017-12:11:58:854 567033 567646 1
07-07-2017-12:11:58:890 567646 568259 1
07-07-2017-12:11:58:925 568259 568872 1
07-07-2017-12:11:58:967 568872 569485 1
07-07-2017-12:11:59:011 569485 570098 1
07-07-2017-12:11:59:045 570098 570711 1
07-07-2017-12:11:59:084 570711 571324 1
07-07-2017-12:11:59:120 571324 571937 1
07-07-2017-12:11:59:156 571937 572550 1
07-07-2017-12:11:59:202 572550 573163 1
07-07-2017-12:11:59:238 573163 573776 1
07-07-2017-12:11:59:275 573776 574389 1
07-07-2017-12:11:59:307 574389 575002 1
07-07-2017-12:11:59:353 575002 575615 1
07-07-2017-12:11:59:388 575615 576228 1
07-07-2017-12:11:59:423 576228 576841 1
07-07-2017-12:11:59:470 576841 577454 1
07-07-2017-12:11:59:506 577454 578067 1
07-07-2017-12:11:59:540 578067 578680 1
07-07-2017-12:11:59:575 578680 579293 1
07-07-2017-12:11:59:623 579293 579906 1
07-07-2017-12:11:59:656 579906 580519 1
07-07-2017-12:11:59:691 580519 581132 1
07-07-2017-12:11:59:738 581132 581745 1
07-07-2017-12:11:59:773 581745 582358 1
07-07-2017-12:11:59:809 582358 582971 1
07-07-2017-12:11:59:843 582971 583584 1
07-07-2017-12:11:59:890 583584 584197 1
07-07-2017-12:11:59:925 584197 584810 1
07-07-2017-12:11:59:960 584810 585423 1
07-07-2017-12:12:00:063 585423 586036 1
07-07-2017-12:12:00:064 586036 586649 1
07-07-2017-12:12:00:080 586649 587262 1
07-07-2017-12:12:00:116 587262 587875 1
07-07-2017-12:12:00:160 587875 588488 1
07-07-2017-12:12:00:192 588488 589101 1
07-07-2017-12:12:00:228 589101 589714 1
07-07-2017-12:12:00:275 589714 590327 1
07-07-2017-12:12:00:310 590327 590940 1
07-07-2017-12:12:00:345 590940 591553 1
07-07-2017-12:12:00:380 591553 592166 1
07-07-2017-12:12:00:426 592166 592779 1
07-07-2017-12:12:00:464 592779 593392 1
07-07-2017-12:12:00:499 593392 594005 1
07-07-2017-12:12:00:535 594005 594618 1
07-07-2017-12:12:00:583 594618 595231 1
07-07-2017-12:12:00:619 595231 595844 1
07-07-2017-12:12:00:652 595844 596457 1
07-07-2017-12:12:00:687 596457 597070 1
07-07-2017-12:12:00:733 597070 597683 1
07-07-2017-12:12:00:771 597683 598296 1
07-07-2017-12:12:00:804 598296 598909 1
07-07-2017-12:12:00:850 598909 599522 1
07-07-2017-12:12:00:886 599522 600135 1
07-07-2017-12:12:00:921 600135 600748 1
07-07-2017-12:12:00:954 600748 601361 1
07-07-2017-12:12:01:002 601361 601974 1
07-07-2017-12:12:01:038 601974 602587 1
07-07-2017-12:12:01:074 602587 603200 1
07-07-2017-12:12:01:113 603200 603813 1
07-07-2017-12:12:01:159 603813 604426 1
07-07-2017-12:12:01:191 604426 605039 1
07-07-2017-12:12:01:235 605039 605652 1
07-07-2017-12:12:01:269 605652 606265 1
07-07-2017-12:12:01:311 606265 606878 1
07-07-2017-12:12:01:337 606878 607491 1
07-07-2017-12:12:01:379 607491 608104 1
07-07-2017-12:12:01:422 608104 608717 1
07-07-2017-12:12:01:452 608717 609330 1
07-07-2017-12:12:01:496 609330 609943 1
07-07-2017-12:12:01:544 609943 610556 1
07-07-2017-12:12:01:578 610556 611169 1
07-07-2017-12:12:01:613 611169 611782 1
07-07-2017-12:12:01:652 611782 612395 1
07-07-2017-12:12:01:692 612395 613008 1
07-07-2017-12:12:01:729 613008 613621 1
07-07-2017-12:12:01:762 613621 614234 1
07-07-2017-12:12:01:796 614234 614847 1
07-07-2017-12:12:01:843 614847 615460 1
07-07-2017-12:12:01:878 615460 616073 1
07-07-2017-12:12:01:913 616073 616686 1
07-07-2017-12:12:01:960 616686 617299 1
07-07-2017-12:12:01:995 617299 617912 1
07-07-2017-12:12:02:030 617912 618525 1
07-07-2017-12:12:02:066 618525 619138 1
07-07-2017-12:12:02:111 619138 619751 1
07-07-2017-12:12:02:146 619751 620364 1
07-07-2017-12:12:02:182 620364 620977 1
07-07-2017-12:12:02:229 620977 621590 1
07-07-2017-12:12:02:264 621590 622203 1
07-07-2017-12:12:02:298 622203 622816 1
07-07-2017-12:12:02:333 622816 623429 1
07-07-2017-12:12:02:380 623429 624042 1
07-07-2017-12:12:02:415 624042 624655 1
07-07-2017-12:12:02:651 624655 625268 1
07-07-2017-12:12:02:652 625268 625881 1
07-07-2017-12:12:02:652 625881 626494 1
07-07-2017-12:12:02:653 626494 627107 1
07-07-2017-12:12:02:653 627107 627720 1
07-07-2017-12:12:02:653 627720 628333 1
07-07-2017-12:12:02:705 628333 628946 1
07-07-2017-12:12:02:722 628946 629559 1
07-07-2017-12:12:02:757 629559 630172 1
07-07-2017-12:12:02:792 630172 630785 1
07-07-2017-12:12:02:839 630785 631398 1
07-07-2017-12:12:02:875 631398 632011 1
07-07-2017-12:12:02:908 632011 632624 1
07-07-2017-12:12:02:955 632624 633237 1
07-07-2017-12:12:02:991 633237 633850 1
07-07-2017-12:12:03:026 633850 634463 1
07-07-2017-12:12:03:061 634463 635076 1
07-07-2017-12:12:03:108 635076 635689 1
07-07-2017-12:12:03:143 635689 636302 1
07-07-2017-12:12:03:178 636302 636915 1
07-07-2017-12:12:03:225 636915 637528 1
07-07-2017-12:12:03:260 637528 638141 1
07-07-2017-12:12:03:296 638141 638754 1
07-07-2017-12:12:03:330 638754 639367 1
07-07-2017-12:12:03:377 639367 639980 1
07-07-2017-12:12:03:410 639980 640593 1
07-07-2017-12:12:03:449 640593 641206 1
07-07-2017-12:12:03:484 641206 641819 1
07-07-2017-12:12:03:530 641819 642432 1
07-07-2017-12:12:03:566 642432 643045 1
07-07-2017-12:12:03:602 643045 643658 1
07-07-2017-12:12:03:635 643658 644271 1
07-07-2017-12:12:03:683 644271 644884 1
07-07-2017-12:12:03:717 644884 645497 1
07-07-2017-12:12:03:751 645497 646110 1
07-07-2017-12:12:03:798 646110 646723 1
07-07-2017-12:12:03:834 646723 647336 1
07-07-2017-12:12:03:869 647336 647949 1
07-07-2017-12:12:03:905 647949 648562 1
07-07-2017-12:12:03:951 648562 649175 1
07-07-2017-12:12:03:986 649175 649788 1
07-07-2017-12:12:04:022 649788 650401 1
07-07-2017-12:12:04:068 650401 651014 1
07-07-2017-12:12:04:103 651014 651627 1
07-07-2017-12:12:04:137 651627 652240 1
07-07-2017-12:12:04:180 652240 652853 1
07-07-2017-12:12:04:214 652853 653466 1
07-07-2017-12:12:04:248 653466 654079 1
07-07-2017-12:12:04:294 654079 654692 1
07-07-2017-12:12:04:331 654692 655305 1
07-07-2017-12:12:04:364 655305 655918 1
07-07-2017-12:12:04:411 655918 656531 1
07-07-2017-12:12:04:446 656531 657144 1
07-07-2017-12:12:04:481 657144 657757 1
07-07-2017-12:12:04:516 657757 658370 1
07-07-2017-12:12:04:562 658370 658983 1
07-07-2017-12:12:04:598 658983 659596 1
07-07-2017-12:12:04:633 659596 660209 1
07-07-2017-12:12:04:680 660209 660822 1
07-07-2017-12:12:04:716 660822 661435 1
07-07-2017-12:12:04:749 661435 662048 1
07-07-2017-12:12:04:785 662048 662661 1
07-07-2017-12:12:04:824 662661 663274 1
07-07-2017-12:12:04:870 663274 663887 1
07-07-2017-12:12:04:904 663887 664500 1
07-07-2017-12:12:04:939 664500 665113 1
07-07-2017-12:12:04:979 665113 665726 1
07-07-2017-12:12:05:025 665726 666339 1
07-07-2017-12:12:05:060 666339 666952 1
07-07-2017-12:12:05:096 666952 667565 1
07-07-2017-12:12:05:130 667565 668178 1
07-07-2017-12:12:05:178 668178 668791 1
07-07-2017-12:12:05:212 668791 669404 1
07-07-2017-12:12:05:247 669404 670017 1
07-07-2017-12:12:05:294 670017 670630 1
07-07-2017-12:12:05:327 670630 671243 1
07-07-2017-12:12:05:364 671243 671856 1
07-07-2017-12:12:05:398 671856 672469 1
07-07-2017-12:12:05:445 672469 673082 1
07-07-2017-12:12:05:480 673082 673695 1
07-07-2017-12:12:05:515 673695 674308 1
07-07-2017-12:12:05:561 674308 674921 1
07-07-2017-12:12:05:776 674921 675534 1
07-07-2017-12:12:05:777 675534 676147 1
07-07-2017-12:12:05:777 676147 676760 1
07-07-2017-12:12:05:778 676760 677373 1
07-07-2017-12:12:05:778 677373 677986 1
07-07-2017-12:12:05:783 677986 678599 1
07-07-2017-12:12:05:830 678599 679212 1
07-07-2017-12:12:05:865 679212 679825 1
07-07-2017-12:12:05:900 679825 680438 1
07-07-2017-12:12:05:934 680438 681051 1
07-07-2017-12:12:05:981 681051 681664 1
07-07-2017-12:12:06:016 681664 682277 1
07-07-2017-12:12:06:054 682277 682890 1
07-07-2017-12:12:06:098 682890 683503 1
07-07-2017-12:12:06:133 683503 684116 1
07-07-2017-12:12:06:168 684116 684729 1
07-07-2017-12:12:06:203 684729 685342 1
07-07-2017-12:12:06:250 685342 685955 1
07-07-2017-12:12:06:286 685955 686568 1
07-07-2017-12:12:06:319 686568 687181 1
07-07-2017-12:12:06:366 687181 687794 1
07-07-2017-12:12:06:401 687794 688407 1
07-07-2017-12:12:06:436 688407 689020 1
07-07-2017-12:12:06:472 689020 689633 1
07-07-2017-12:12:06:517 689633 690246 1
07-07-2017-12:12:06:558 690246 690859 1
07-07-2017-12:12:06:587 690859 691472 1
07-07-2017-12:12:06:635 691472 692085 1
07-07-2017-12:12:06:670 692085 692698 1
07-07-2017-12:12:06:703 692698 693311 1
07-07-2017-12:12:06:740 693311 693924 1
07-07-2017-12:12:06:786 693924 694537 1
07-07-2017-12:12:06:822 694537 695150 1
07-07-2017-12:12:06:855 695150 695763 1
07-07-2017-12:12:06:903 695763 696376 1
07-07-2017-12:12:06:938 696376 696989 1
07-07-2017-12:12:06:973 696989 697602 1
07-07-2017-12:12:07:009 697602 698215 1
07-07-2017-12:12:07:053 698215 698828 1
07-07-2017-12:12:07:088 698828 699441 1
07-07-2017-12:12:07:124 699441 700054 1
07-07-2017-12:12:07:170 700054 700667 1
07-07-2017-12:12:07:205 700667 701280 1
07-07-2017-12:12:07:240 701280 701893 1
07-07-2017-12:12:07:275 701893 702506 1
07-07-2017-12:12:07:323 702506 703119 1
07-07-2017-12:12:07:356 703119 703732 1
07-07-2017-12:12:07:391 703732 704345 1
07-07-2017-12:12:07:439 704345 704958 1
07-07-2017-12:12:07:473 704958 705571 1
07-07-2017-12:12:07:508 705571 706184 1
07-07-2017-12:12:07:543 706184 706797 1
07-07-2017-12:12:07:589 706797 707410 1
07-07-2017-12:12:07:630 707410 708023 1
07-07-2017-12:12:07:662 708023 708636 1
07-07-2017-12:12:07:699 708636 709249 1
07-07-2017-12:12:07:743 709249 709862 1
07-07-2017-12:12:07:780 709862 710475 1
07-07-2017-12:12:07:813 710475 711088 1
07-07-2017-12:12:07:860 711088 711701 1
07-07-2017-12:12:07:896 711701 712314 1
07-07-2017-12:12:07:931 712314 712927 1
07-07-2017-12:12:07:965 712927 713540 1
07-07-2017-12:12:08:013 713540 714153 1
07-07-2017-12:12:08:048 714153 714766 1
07-07-2017-12:12:08:083 714766 715379 1
07-07-2017-12:12:08:129 715379 715992 1
07-07-2017-12:12:08:163 715992 716605 1
07-07-2017-12:12:08:199 716605 717218 1
07-07-2017-12:12:08:235 717218 717831 1
07-07-2017-12:12:08:280 717831 718444 1
07-07-2017-12:12:08:316 718444 719057 1
07-07-2017-12:12:08:351 719057 719670 1
07-07-2017-12:12:08:398 719670 720283 1
07-07-2017-12:12:08:432 720283 720896 1
07-07-2017-12:12:08:467 720896 721509 1
07-07-2017-12:12:08:501 721509 722122 1
07-07-2017-12:12:08:551 722122 722735 1
07-07-2017-12:12:08:583 722735 723348 1
07-07-2017-12:12:08:620 723348 723961 1
07-07-2017-12:12:08:654 723961 724574 1
07-07-2017-12:12:08:700 724574 725187 1
07-07-2017-12:12:08:736 725187 725800 1
07-07-2017-12:12:08:770 725800 726413 1
07-07-2017-12:12:08:817 726413 727026 1
07-07-2017-12:12:08:852 727026 727639 1
07-07-2017-12:12:08:887 727639 728252 1
07-07-2017-12:12:08:922 728252 728865 1
07-07-2017-12:12:09:012 728865 729478 1
07-07-2017-12:12:09:013 729478 730091 1
07-07-2017-12:12:09:039 730091 730704 1
07-07-2017-12:12:09:085 730704 731317 1
07-07-2017-12:12:09:120 731317 731930 1
07-07-2017-12:12:09:155 731930 732543 1
07-07-2017-12:12:09:195 732543 733156 1
07-07-2017-12:12:09:237 733156 733769 1
07-07-2017-12:12:09:272 733769 734382 1
07-07-2017-12:12:09:308 734382 734995 1
07-07-2017-12:12:09:355 734995 735608 1
07-07-2017-12:12:09:397 735608 736221 1
07-07-2017-12:12:09:422 736221 736834 1
07-07-2017-12:12:09:463 736834 737447 1
07-07-2017-12:12:09:498 737447 738060 1
07-07-2017-12:12:09:544 738060 738673 1
07-07-2017-12:12:09:577 738673 739286 1
07-07-2017-12:12:09:616 739286 739899 1
07-07-2017-12:12:09:651 739899 740512 1
07-07-2017-12:12:09:699 740512 741125 1
07-07-2017-12:12:09:734 741125 741738 1
07-07-2017-12:12:09:770 741738 742351 1
07-07-2017-12:12:09:805 742351 742964 1
07-07-2017-12:12:09:850 742964 743577 1
07-07-2017-12:12:09:886 743577 744190 1
07-07-2017-12:12:09:921 744190 744803 1
07-07-2017-12:12:09:967 744803 745416 1
07-07-2017-12:12:10:003 745416 746029 1
07-07-2017-12:12:10:038 746029 746642 1
07-07-2017-12:12:10:072 746642 747255 1
07-07-2017-12:12:10:119 747255 747868 1
07-07-2017-12:12:10:154 747868 748481 1
07-07-2017-12:12:10:194 748481 749094 1
07-07-2017-12:12:10:229 749094 749707 1
07-07-2017-12:12:10:265 749707 750320 1
07-07-2017-12:12:10:311 750320 750933 1
07-07-2017-12:12:10:347 750933 751546 1
07-07-2017-12:12:10:382 751546 752159 1
07-07-2017-12:12:10:416 752159 752772 1
07-07-2017-12:12:10:463 752772 753385 1
07-07-2017-12:12:10:499 753385 753998 1
07-07-2017-12:12:10:534 753998 754611 1
07-07-2017-12:12:10:581 754611 755224 1
07-07-2017-12:12:10:616 755224 755837 1
07-07-2017-12:12:10:650 755837 756450 1
07-07-2017-12:12:10:685 756450 757063 1
07-07-2017-12:12:10:731 757063 757676 1
07-07-2017-12:12:10:766 757676 758289 1
07-07-2017-12:12:10:802 758289 758902 1
07-07-2017-12:12:10:915 758902 759515 1
07-07-2017-12:12:10:916 759515 760128 1
07-07-2017-12:12:10:918 760128 760741 1
07-07-2017-12:12:10:957 760741 761354 1
07-07-2017-12:12:10:991 761354 761967 1
07-07-2017-12:12:11:039 761967 762580 1
07-07-2017-12:12:11:074 762580 763193 1
07-07-2017-12:12:11:108 763193 763806 1
07-07-2017-12:12:11:155 763806 764419 1
07-07-2017-12:12:11:192 764419 765032 1
07-07-2017-12:12:11:225 765032 765645 1
07-07-2017-12:12:11:260 765645 766258 1
07-07-2017-12:12:11:308 766258 766871 1
07-07-2017-12:12:11:341 766871 767484 1
07-07-2017-12:12:11:382 767484 768097 1
07-07-2017-12:12:11:425 768097 768710 1
07-07-2017-12:12:11:459 768710 769323 1
07-07-2017-12:12:11:493 769323 769936 1
07-07-2017-12:12:11:530 769936 770549 1
07-07-2017-12:12:11:576 770549 771162 1
07-07-2017-12:12:11:611 771162 771775 1
07-07-2017-12:12:11:646 771775 772388 1
07-07-2017-12:12:11:692 772388 773001 1
07-07-2017-12:12:11:728 773001 773614 1
07-07-2017-12:12:11:762 773614 774227 1
07-07-2017-12:12:11:801 774227 774840 1
07-07-2017-12:12:11:847 774840 775453 1
07-07-2017-12:12:11:886 775453 776066 1
07-07-2017-12:12:11:913 776066 776679 1
07-07-2017-12:12:11:950 776679 777292 1
07-07-2017-12:12:11:996 777292 777905 1
07-07-2017-12:12:12:031 777905 778518 1
07-07-2017-12:12:12:065 778518 779131 1
07-07-2017-12:12:12:113 779131 779744 1
07-07-2017-12:12:12:149 779744 780357 1
07-07-2017-12:12:12:182 780357 780970 1
07-07-2017-12:12:12:217 780970 781583 1
07-07-2017-12:12:12:265 781583 782196 1
07-07-2017-12:12:12:299 782196 782809 1
07-07-2017-12:12:12:334 782809 783422 1
07-07-2017-12:12:12:381 783422 784035 1
07-07-2017-12:12:12:418 784035 784648 1
07-07-2017-12:12:12:451 784648 785261 1
07-07-2017-12:12:12:487 785261 785874 1
07-07-2017-12:12:12:532 785874 786487 1
07-07-2017-12:12:12:568 786487 787100 1
07-07-2017-12:12:12:602 787100 787713 1
07-07-2017-12:12:12:649 787713 788326 1
07-07-2017-12:12:12:685 788326 788939 1
07-07-2017-12:12:12:719 788939 789552 1
07-07-2017-12:12:12:755 789552 790165 1
07-07-2017-12:12:12:841 790165 790778 1
07-07-2017-12:12:12:842 790778 791391 1
07-07-2017-12:12:12:872 791391 792004 1
07-07-2017-12:12:12:919 792004 792617 1
07-07-2017-12:12:12:954 792617 793230 1
07-07-2017-12:12:12:989 793230 793843 1
07-07-2017-12:12:13:023 793843 794456 1
07-07-2017-12:12:13:070 794456 795069 1
07-07-2017-12:12:13:106 795069 795682 1
07-07-2017-12:12:13:139 795682 796295 1
07-07-2017-12:12:13:186 796295 796908 1
07-07-2017-12:12:13:217 796908 797521 1
07-07-2017-12:12:13:263 797521 798134 1
07-07-2017-12:12:13:293 798134 798747 1
07-07-2017-12:12:13:335 798747 799360 1
07-07-2017-12:12:13:376 799360 799973 1
07-07-2017-12:12:13:405 799973 800586 1
07-07-2017-12:12:13:452 800586 801199 1
07-07-2017-12:12:13:494 801199 801812 1
07-07-2017-12:12:13:524 801812 802425 1
07-07-2017-12:12:13:572 802425 803038 1
07-07-2017-12:12:13:602 803038 803651 1
07-07-2017-12:12:13:646 803651 804264 1
07-07-2017-12:12:13:676 804264 804877 1
07-07-2017-12:12:13:716 804877 805490 1
07-07-2017-12:12:13:751 805490 806103 1
07-07-2017-12:12:13:796 806103 806716 1
07-07-2017-12:12:13:833 806716 807329 1
07-07-2017-12:12:13:867 807329 807942 1
07-07-2017-12:12:13:914 807942 808555 1
07-07-2017-12:12:13:956 808555 809168 1
07-07-2017-12:12:13:987 809168 809781 1
07-07-2017-12:12:14:023 809781 810394 1
07-07-2017-12:12:14:058 810394 811007 1
07-07-2017-12:12:14:104 811007 811620 1
07-07-2017-12:12:14:139 811620 812233 1
07-07-2017-12:12:14:174 812233 812846 1
07-07-2017-12:12:14:209 812846 813459 1
07-07-2017-12:12:14:256 813459 814072 1
07-07-2017-12:12:14:290 814072 814685 1
07-07-2017-12:12:14:326 814685 815298 1
07-07-2017-12:12:14:372 815298 815911 1
07-07-2017-12:12:14:408 815911 816524 1
07-07-2017-12:12:14:443 816524 817137 1
07-07-2017-12:12:14:479 817137 817750 1
07-07-2017-12:12:14:526 817750 818363 1
07-07-2017-12:12:14:561 818363 818976 1
07-07-2017-12:12:14:600 818976 819589 1
07-07-2017-12:12:14:639 819589 820202 1
07-07-2017-12:12:14:679 820202 820815 1
07-07-2017-12:12:14:710 820815 821428 1
07-07-2017-12:12:14:756 821428 822041 1
07-07-2017-12:12:14:787 822041 822654 1
07-07-2017-12:12:14:872 822654 823267 1
07-07-2017-12:12:14:872 823267 823880 1
07-07-2017-12:12:14:913 823880 824493 1
07-07-2017-12:12:14:945 824493 825106 1
07-07-2017-12:12:14:991 825106 825719 1
07-07-2017-12:12:15:021 825719 826332 1
07-07-2017-12:12:15:053 826332 826945 1
07-07-2017-12:12:15:092 826945 827558 1
07-07-2017-12:12:15:138 827558 828171 1
07-07-2017-12:12:15:174 828171 828784 1
07-07-2017-12:12:15:208 828784 829397 1
07-07-2017-12:12:15:243 829397 830010 1
07-07-2017-12:12:15:285 830010 830623 1
07-07-2017-12:12:15:328 830623 831236 1
07-07-2017-12:12:15:374 831236 831849 1
07-07-2017-12:12:15:409 831849 832462 1
07-07-2017-12:12:15:444 832462 833075 1
07-07-2017-12:12:15:484 833075 833688 1
07-07-2017-12:12:15:518 833688 834301 1
07-07-2017-12:12:15:554 834301 834914 1
07-07-2017-12:12:15:599 834914 835527 1
07-07-2017-12:12:15:635 835527 836140 1
07-07-2017-12:12:15:670 836140 836753 1
07-07-2017-12:12:15:705 836753 837366 1
07-07-2017-12:12:15:752 837366 837979 1
07-07-2017-12:12:15:787 837979 838592 1
07-07-2017-12:12:15:821 838592 839205 1
07-07-2017-12:12:15:867 839205 839818 1
07-07-2017-12:12:15:903 839818 840431 1
07-07-2017-12:12:15:937 840431 841044 1
07-07-2017-12:12:15:976 841044 841657 1
07-07-2017-12:12:16:019 841657 842270 1
07-07-2017-12:12:16:057 842270 842883 1
07-07-2017-12:12:16:089 842883 843496 1
07-07-2017-12:12:16:137 843496 844109 1
07-07-2017-12:12:16:171 844109 844722 1
07-07-2017-12:12:16:207 844722 845335 1
07-07-2017-12:12:16:242 845335 845948 1
07-07-2017-12:12:16:286 845948 846561 1
07-07-2017-12:12:16:317 846561 847174 1
07-07-2017-12:12:16:356 847174 847787 1
07-07-2017-12:12:16:402 847787 848400 1
07-07-2017-12:12:16:436 848400 849013 1
07-07-2017-12:12:16:473 849013 849626 1
07-07-2017-12:12:16:507 849626 850239 1
07-07-2017-12:12:16:554 850239 850852 1
07-07-2017-12:12:16:590 850852 851465 1
07-07-2017-12:12:16:624 851465 852078 1
07-07-2017-12:12:16:670 852078 852691 1
07-07-2017-12:12:16:707 852691 853304 1
