07-07-2017-12:49:18:296 0 800 1
07-07-2017-12:49:18:349 800 1547 1
07-07-2017-12:49:18:389 1547 2294 1
07-07-2017-12:49:18:441 2294 3000 1
07-07-2017-12:49:18:479 3000 3706 1
07-07-2017-12:49:18:527 3706 4412 1
07-07-2017-12:49:18:566 4412 5118 1
07-07-2017-12:49:18:612 5118 5824 1
07-07-2017-12:49:18:659 5824 6530 1
07-07-2017-12:49:18:699 6530 7236 1
07-07-2017-12:49:18:745 7236 7942 1
07-07-2017-12:49:18:792 7942 8648 1
07-07-2017-12:49:18:838 8648 9354 1
07-07-2017-12:49:18:885 9354 10060 1
07-07-2017-12:49:18:919 10060 10766 1
07-07-2017-12:49:18:967 10766 11472 1
07-07-2017-12:49:19:014 11472 12178 1
07-07-2017-12:49:19:065 12178 12884 1
07-07-2017-12:49:19:098 12884 13590 1
07-07-2017-12:49:19:146 13590 14296 1
07-07-2017-12:49:19:194 14296 15002 1
07-07-2017-12:49:19:231 15002 15708 1
07-07-2017-12:49:19:279 15708 16414 1
07-07-2017-12:49:19:325 16414 17120 1
07-07-2017-12:49:19:365 17120 17826 1
07-07-2017-12:49:19:412 17826 18532 1
07-07-2017-12:49:19:460 18532 19238 1
07-07-2017-12:49:19:498 19238 19944 1
07-07-2017-12:49:19:545 19944 20650 1
07-07-2017-12:49:19:591 20650 21356 1
07-07-2017-12:49:19:631 21356 22062 1
07-07-2017-12:49:19:678 22062 22768 1
07-07-2017-12:49:19:713 22768 23474 1
07-07-2017-12:49:19:763 23474 24180 1
07-07-2017-12:49:19:811 24180 24886 1
07-07-2017-12:49:19:845 24886 25592 1
07-07-2017-12:49:19:896 25592 26298 1
07-07-2017-12:49:19:942 26298 27004 1
07-07-2017-12:49:19:978 27004 27710 1
07-07-2017-12:49:20:027 27710 28416 1
07-07-2017-12:49:20:077 28416 29122 1
07-07-2017-12:49:20:111 29122 29828 1
07-07-2017-12:49:20:159 29828 30534 1
07-07-2017-12:49:20:198 30534 31240 1
07-07-2017-12:49:20:246 31240 31946 1
07-07-2017-12:49:20:293 31946 32652 1
07-07-2017-12:49:20:331 32652 33358 1
07-07-2017-12:49:20:378 33358 34064 1
07-07-2017-12:49:20:428 34064 34770 1
07-07-2017-12:49:20:465 34770 35476 1
07-07-2017-12:49:20:511 35476 36182 1
07-07-2017-12:49:20:557 36182 36888 1
07-07-2017-12:49:20:605 36888 37594 1
07-07-2017-12:49:20:645 37594 38300 1
07-07-2017-12:49:20:691 38300 39006 1
07-07-2017-12:49:20:738 39006 39712 1
07-07-2017-12:49:20:777 39712 40418 1
07-07-2017-12:49:20:827 40418 41124 1
07-07-2017-12:49:20:865 41124 41830 1
07-07-2017-12:49:20:908 41830 42536 1
07-07-2017-12:49:20:953 42536 43242 1
07-07-2017-12:49:20:999 43242 43948 1
07-07-2017-12:49:21:047 43948 44654 1
07-07-2017-12:49:21:082 44654 45360 1
07-07-2017-12:49:21:132 45360 46066 1
07-07-2017-12:49:21:180 46066 46772 1
07-07-2017-12:49:21:216 46772 47478 1
07-07-2017-12:49:21:265 47478 48184 1
07-07-2017-12:49:21:312 48184 48890 1
07-07-2017-12:49:21:347 48890 49596 1
07-07-2017-12:49:21:593 49596 50302 1
07-07-2017-12:49:21:594 50302 51008 1
07-07-2017-12:49:21:594 51008 51714 1
07-07-2017-12:49:21:595 51714 52420 1
07-07-2017-12:49:21:595 52420 53126 1
07-07-2017-12:49:21:614 53126 53832 1
07-07-2017-12:49:21:660 53832 54538 1
07-07-2017-12:49:21:700 54538 55244 1
07-07-2017-12:49:21:748 55244 55950 1
07-07-2017-12:49:21:795 55950 56656 1
07-07-2017-12:49:21:847 56656 57362 1
07-07-2017-12:49:21:878 57362 58068 1
07-07-2017-12:49:21:927 58068 58774 1
07-07-2017-12:49:21:972 58774 59480 1
07-07-2017-12:49:22:012 59480 60186 1
07-07-2017-12:49:22:060 60186 60892 1
07-07-2017-12:49:22:105 60892 61598 1
07-07-2017-12:49:22:145 61598 62304 1
07-07-2017-12:49:22:192 62304 63010 1
07-07-2017-12:49:22:238 63010 63716 1
07-07-2017-12:49:22:274 63716 64422 1
07-07-2017-12:49:22:325 64422 65128 1
07-07-2017-12:49:22:361 65128 65834 1
07-07-2017-12:49:22:407 65834 66540 1
07-07-2017-12:49:22:457 66540 67246 1
07-07-2017-12:49:22:504 67246 67952 1
07-07-2017-12:49:22:539 67952 68658 1
07-07-2017-12:49:22:586 68658 69364 1
07-07-2017-12:49:22:636 69364 70070 1
07-07-2017-12:49:22:671 70070 70776 1
07-07-2017-12:49:22:718 70776 71482 1
07-07-2017-12:49:22:768 71482 72188 1
07-07-2017-12:49:22:803 72188 72894 1
07-07-2017-12:49:22:850 72894 73600 1
07-07-2017-12:49:22:898 73600 74306 1
07-07-2017-12:49:22:942 74306 75012 1
07-07-2017-12:49:22:989 75012 75718 1
07-07-2017-12:49:23:022 75718 76424 1
07-07-2017-12:49:23:070 76424 77130 1
07-07-2017-12:49:23:122 77130 77836 1
07-07-2017-12:49:23:156 77836 78542 1
07-07-2017-12:49:23:204 78542 79248 1
07-07-2017-12:49:23:247 79248 79954 1
07-07-2017-12:49:23:289 79954 80660 1
07-07-2017-12:49:23:337 80660 81366 1
07-07-2017-12:49:23:375 81366 82072 1
07-07-2017-12:49:23:422 82072 82778 1
07-07-2017-12:49:23:469 82778 83484 1
07-07-2017-12:49:23:508 83484 84190 1
07-07-2017-12:49:23:555 84190 84896 1
07-07-2017-12:49:23:603 84896 85602 1
07-07-2017-12:49:23:641 85602 86308 1
07-07-2017-12:49:23:688 86308 87014 1
07-07-2017-12:49:23:735 87014 87720 1
07-07-2017-12:49:23:784 87720 88426 1
07-07-2017-12:49:23:830 88426 89132 1
07-07-2017-12:49:23:865 89132 89838 1
07-07-2017-12:49:23:913 89838 90544 1
07-07-2017-12:49:23:960 90544 91250 1
07-07-2017-12:49:23:997 91250 91956 1
07-07-2017-12:49:24:047 91956 92662 1
07-07-2017-12:49:24:092 92662 93368 1
07-07-2017-12:49:24:132 93368 94074 1
07-07-2017-12:49:24:176 94074 94780 1
07-07-2017-12:49:24:225 94780 95486 1
07-07-2017-12:49:24:260 95486 96192 1
07-07-2017-12:49:24:308 96192 96898 1
07-07-2017-12:49:24:353 96898 97604 1
07-07-2017-12:49:24:393 97604 98310 1
07-07-2017-12:49:24:439 98310 99016 1
07-07-2017-12:49:24:487 99016 99722 1
07-07-2017-12:49:24:682 99722 100428 1
07-07-2017-12:49:24:683 100428 101134 1
07-07-2017-12:49:24:683 101134 101840 1
07-07-2017-12:49:24:684 101840 102546 1
07-07-2017-12:49:24:703 102546 103252 1
07-07-2017-12:49:24:751 103252 103958 1
07-07-2017-12:49:24:791 103958 104664 1
07-07-2017-12:49:24:837 104664 105370 1
07-07-2017-12:49:24:885 105370 106076 1
07-07-2017-12:49:24:924 106076 106782 1
07-07-2017-12:49:24:969 106782 107488 1
07-07-2017-12:49:25:016 107488 108194 1
07-07-2017-12:49:25:067 108194 108900 1
07-07-2017-12:49:25:102 108900 109606 1
07-07-2017-12:49:25:150 109606 110312 1
07-07-2017-12:49:25:189 110312 111018 1
07-07-2017-12:49:25:236 111018 111724 1
07-07-2017-12:49:25:282 111724 112430 1
07-07-2017-12:49:25:317 112430 113136 1
07-07-2017-12:49:25:364 113136 113842 1
07-07-2017-12:49:25:419 113842 114548 1
07-07-2017-12:49:25:457 114548 115254 1
07-07-2017-12:49:25:498 115254 115960 1
07-07-2017-12:49:25:552 115960 116666 1
07-07-2017-12:49:25:590 116666 117372 1
07-07-2017-12:49:25:630 117372 118078 1
07-07-2017-12:49:25:676 118078 118784 1
07-07-2017-12:49:25:716 118784 119490 1
07-07-2017-12:49:25:762 119490 120196 1
07-07-2017-12:49:25:809 120196 120902 1
07-07-2017-12:49:25:856 120902 121608 1
07-07-2017-12:49:25:893 121608 122314 1
07-07-2017-12:49:25:946 122314 123020 1
07-07-2017-12:49:25:990 123020 123726 1
07-07-2017-12:49:26:025 123726 124432 1
07-07-2017-12:49:26:076 124432 125138 1
07-07-2017-12:49:26:111 125138 125844 1
07-07-2017-12:49:26:159 125844 126550 1
07-07-2017-12:49:26:211 126550 127256 1
07-07-2017-12:49:26:251 127256 127962 1
07-07-2017-12:49:26:297 127962 128668 1
07-07-2017-12:49:26:330 128668 129374 1
07-07-2017-12:49:26:379 129374 130080 1
07-07-2017-12:49:26:430 130080 130786 1
07-07-2017-12:49:26:466 130786 131492 1
