07-07-2017-12:17:34:895 0 800 1
07-07-2017-12:17:34:945 800 1600 1
07-07-2017-12:17:34:990 1600 2400 1
07-07-2017-12:17:35:042 2400 3040 1
07-07-2017-12:17:35:079 3040 3680 1
07-07-2017-12:17:35:112 3680 4320 1
07-07-2017-12:17:35:164 4320 4960 1
07-07-2017-12:17:35:197 4960 5600 1
07-07-2017-12:17:35:232 5600 6240 1
07-07-2017-12:17:35:280 6240 6880 1
07-07-2017-12:17:35:315 6880 7520 1
07-07-2017-12:17:35:362 7520 8160 1
07-07-2017-12:17:35:397 8160 8800 1
07-07-2017-12:17:35:430 8800 9440 1
07-07-2017-12:17:35:477 9440 10080 1
07-07-2017-12:17:35:514 10080 10720 1
07-07-2017-12:17:35:559 10720 11360 1
07-07-2017-12:17:35:595 11360 12000 1
07-07-2017-12:17:35:641 12000 12640 1
07-07-2017-12:17:35:677 12640 13280 1
07-07-2017-12:17:35:714 13280 13920 1
07-07-2017-12:17:35:757 13920 14560 1
07-07-2017-12:17:35:793 14560 15200 1
07-07-2017-12:17:35:839 15200 15840 1
07-07-2017-12:17:35:874 15840 16480 1
07-07-2017-12:17:35:922 16480 17120 1
07-07-2017-12:17:35:955 17120 17760 1
07-07-2017-12:17:35:992 17760 18400 1
07-07-2017-12:17:36:037 18400 19040 1
07-07-2017-12:17:36:072 19040 19680 1
07-07-2017-12:17:36:124 19680 20320 1
07-07-2017-12:17:36:161 20320 20960 1
07-07-2017-12:17:36:194 20960 21600 1
07-07-2017-12:17:36:240 21600 22240 1
07-07-2017-12:17:36:282 22240 22880 1
07-07-2017-12:17:36:321 22880 23520 1
07-07-2017-12:17:36:356 23520 24160 1
07-07-2017-12:17:36:403 24160 24800 1
07-07-2017-12:17:36:438 24800 25440 1
07-07-2017-12:17:36:471 25440 26080 1
07-07-2017-12:17:36:520 26080 26720 1
07-07-2017-12:17:36:555 26720 27360 1
07-07-2017-12:17:36:601 27360 28000 1
07-07-2017-12:17:36:636 28000 28640 1
07-07-2017-12:17:36:681 28640 29280 1
07-07-2017-12:17:36:712 29280 29920 1
07-07-2017-12:17:36:759 29920 30560 1
07-07-2017-12:17:36:793 30560 31200 1
07-07-2017-12:17:36:839 31200 31840 1
07-07-2017-12:17:36:876 31840 32480 1
07-07-2017-12:17:36:922 32480 33120 1
07-07-2017-12:17:36:955 33120 33760 1
07-07-2017-12:17:36:990 33760 34400 1
07-07-2017-12:17:37:039 34400 35040 1
07-07-2017-12:17:37:073 35040 35680 1
07-07-2017-12:17:37:118 35680 36320 1
07-07-2017-12:17:37:163 36320 36960 1
07-07-2017-12:17:37:197 36960 37600 1
07-07-2017-12:17:37:237 37600 38240 1
07-07-2017-12:17:37:279 38240 38880 1
07-07-2017-12:17:37:314 38880 39520 1
07-07-2017-12:17:37:361 39520 40160 1
07-07-2017-12:17:37:396 40160 40800 1
07-07-2017-12:17:37:437 40800 41440 1
07-07-2017-12:17:37:482 41440 42080 1
07-07-2017-12:17:37:518 42080 42720 1
07-07-2017-12:17:37:552 42720 43360 1
07-07-2017-12:17:37:597 43360 44000 1
07-07-2017-12:17:37:633 44000 44640 1
07-07-2017-12:17:37:680 44640 45280 1
07-07-2017-12:17:37:718 45280 45920 1
07-07-2017-12:17:37:760 45920 46560 1
07-07-2017-12:17:37:797 46560 47200 1
07-07-2017-12:17:37:831 47200 47840 1
07-07-2017-12:17:37:877 47840 48480 1
07-07-2017-12:17:37:912 48480 49120 1
07-07-2017-12:17:37:959 49120 49760 1
07-07-2017-12:17:38:181 49760 50400 1
07-07-2017-12:17:38:182 50400 51040 1
07-07-2017-12:17:38:182 51040 51680 1
07-07-2017-12:17:38:182 51680 52320 1
07-07-2017-12:17:38:183 52320 52960 1
07-07-2017-12:17:38:193 52960 53600 1
07-07-2017-12:17:38:242 53600 54240 1
07-07-2017-12:17:38:275 54240 54880 1
07-07-2017-12:17:38:322 54880 55520 1
07-07-2017-12:17:38:361 55520 56160 1
07-07-2017-12:17:38:407 56160 56800 1
07-07-2017-12:17:38:442 56800 57440 1
07-07-2017-12:17:38:480 57440 58080 1
07-07-2017-12:17:38:512 58080 58720 1
07-07-2017-12:17:38:559 58720 59360 1
07-07-2017-12:17:38:592 59360 60000 1
07-07-2017-12:17:38:640 60000 60640 1
07-07-2017-12:17:38:674 60640 61280 1
07-07-2017-12:17:38:720 61280 61920 1
07-07-2017-12:17:38:761 61920 62560 1
07-07-2017-12:17:38:791 62560 63200 1
07-07-2017-12:17:38:840 63200 63840 1
07-07-2017-12:17:38:872 63840 64480 1
07-07-2017-12:17:38:912 64480 65120 1
07-07-2017-12:17:38:961 65120 65760 1
07-07-2017-12:17:38:993 65760 66400 1
07-07-2017-12:17:39:041 66400 67040 1
07-07-2017-12:17:39:077 67040 67680 1
07-07-2017-12:17:39:123 67680 68320 1
07-07-2017-12:17:39:157 68320 68960 1
07-07-2017-12:17:39:199 68960 69600 1
07-07-2017-12:17:39:238 69600 70240 1
07-07-2017-12:17:39:274 70240 70880 1
07-07-2017-12:17:39:319 70880 71520 1
07-07-2017-12:17:39:355 71520 72160 1
07-07-2017-12:17:39:403 72160 72800 1
07-07-2017-12:17:39:436 72800 73440 1
07-07-2017-12:17:39:472 73440 74080 1
07-07-2017-12:17:39:519 74080 74720 1
07-07-2017-12:17:39:553 74720 75360 1
07-07-2017-12:17:39:601 75360 76000 1
07-07-2017-12:17:39:635 76000 76640 1
07-07-2017-12:17:39:682 76640 77280 1
07-07-2017-12:17:39:719 77280 77920 1
07-07-2017-12:17:39:752 77920 78560 1
07-07-2017-12:17:39:798 78560 79200 1
07-07-2017-12:17:39:834 79200 79840 1
07-07-2017-12:17:39:880 79840 80480 1
07-07-2017-12:17:39:915 80480 81120 1
07-07-2017-12:17:39:962 81120 81760 1
07-07-2017-12:17:39:997 81760 82400 1
07-07-2017-12:17:40:032 82400 83040 1
07-07-2017-12:17:40:079 83040 83680 1
07-07-2017-12:17:40:117 83680 84320 1
07-07-2017-12:17:40:157 84320 84960 1
07-07-2017-12:17:40:192 84960 85600 1
07-07-2017-12:17:40:238 85600 86240 1
07-07-2017-12:17:40:276 86240 86880 1
07-07-2017-12:17:40:320 86880 87520 1
07-07-2017-12:17:40:356 87520 88160 1
07-07-2017-12:17:40:407 88160 88800 1
07-07-2017-12:17:40:443 88800 89440 1
07-07-2017-12:17:40:477 89440 90080 1
07-07-2017-12:17:40:512 90080 90720 1
07-07-2017-12:17:40:558 90720 91360 1
07-07-2017-12:17:40:593 91360 92000 1
07-07-2017-12:17:40:641 92000 92640 1
07-07-2017-12:17:40:676 92640 93280 1
07-07-2017-12:17:40:722 93280 93920 1
07-07-2017-12:17:40:756 93920 94560 1
07-07-2017-12:17:40:791 94560 95200 1
07-07-2017-12:17:40:839 95200 95840 1
07-07-2017-12:17:40:873 95840 96480 1
07-07-2017-12:17:40:922 96480 97120 1
07-07-2017-12:17:40:954 97120 97760 1
07-07-2017-12:17:41:000 97760 98400 1
07-07-2017-12:17:41:034 98400 99040 1
07-07-2017-12:17:41:080 99040 99680 1
07-07-2017-12:17:41:117 99680 100320 1
07-07-2017-12:17:41:376 100320 100960 1
07-07-2017-12:17:41:377 100960 101600 1
07-07-2017-12:17:41:377 101600 102240 1
07-07-2017-12:17:41:377 102240 102880 1
07-07-2017-12:17:41:377 102880 103520 1
07-07-2017-12:17:41:377 103520 104160 1
07-07-2017-12:17:41:398 104160 104800 1
07-07-2017-12:17:41:442 104800 105440 1
07-07-2017-12:17:41:478 105440 106080 1
07-07-2017-12:17:41:511 106080 106720 1
07-07-2017-12:17:41:559 106720 107360 1
07-07-2017-12:17:41:594 107360 108000 1
07-07-2017-12:17:41:639 108000 108640 1
07-07-2017-12:17:41:677 108640 109280 1
07-07-2017-12:17:41:721 109280 109920 1
07-07-2017-12:17:41:757 109920 110560 1
07-07-2017-12:17:41:791 110560 111200 1
07-07-2017-12:17:41:831 111200 111840 1
07-07-2017-12:17:41:872 111840 112480 1
07-07-2017-12:17:41:918 112480 113120 1
07-07-2017-12:17:41:952 113120 113760 1
07-07-2017-12:17:41:999 113760 114400 1
07-07-2017-12:17:42:043 114400 115040 1
07-07-2017-12:17:42:080 115040 115680 1
07-07-2017-12:17:42:114 115680 116320 1
07-07-2017-12:17:42:160 116320 116960 1
07-07-2017-12:17:42:194 116960 117600 1
07-07-2017-12:17:42:241 117600 118240 1
07-07-2017-12:17:42:275 118240 118880 1
07-07-2017-12:17:42:312 118880 119520 1
07-07-2017-12:17:42:358 119520 120160 1
07-07-2017-12:17:42:393 120160 120800 1
07-07-2017-12:17:42:439 120800 121440 1
07-07-2017-12:17:42:474 121440 122080 1
07-07-2017-12:17:42:522 122080 122720 1
07-07-2017-12:17:42:555 122720 123360 1
07-07-2017-12:17:42:591 123360 124000 1
07-07-2017-12:17:42:637 124000 124640 1
07-07-2017-12:17:42:673 124640 125280 1
07-07-2017-12:17:42:765 125280 125920 1
07-07-2017-12:17:42:766 125920 126560 1
07-07-2017-12:17:42:798 126560 127200 1
07-07-2017-12:17:42:832 127200 127840 1
07-07-2017-12:17:42:878 127840 128480 1
07-07-2017-12:17:42:914 128480 129120 1
07-07-2017-12:17:42:961 129120 129760 1
07-07-2017-12:17:42:995 129760 130400 1
07-07-2017-12:17:43:041 130400 131040 1
07-07-2017-12:17:43:077 131040 131680 1
07-07-2017-12:17:43:111 131680 132320 1
07-07-2017-12:17:43:160 132320 132960 1
07-07-2017-12:17:43:194 132960 133600 1
07-07-2017-12:17:43:241 133600 134240 1
07-07-2017-12:17:43:276 134240 134880 1
07-07-2017-12:17:43:321 134880 135520 1
07-07-2017-12:17:43:356 135520 136160 1
07-07-2017-12:17:43:391 136160 136800 1
07-07-2017-12:17:43:432 136800 137440 1
07-07-2017-12:17:43:477 137440 138080 1
07-07-2017-12:17:43:513 138080 138720 1
07-07-2017-12:17:43:559 138720 139360 1
07-07-2017-12:17:43:594 139360 140000 1
07-07-2017-12:17:43:641 140000 140640 1
07-07-2017-12:17:43:675 140640 141280 1
07-07-2017-12:17:43:711 141280 141920 1
07-07-2017-12:17:43:760 141920 142560 1
07-07-2017-12:17:43:791 142560 143200 1
07-07-2017-12:17:43:840 143200 143840 1
07-07-2017-12:17:43:874 143840 144480 1
07-07-2017-12:17:43:920 144480 145120 1
07-07-2017-12:17:43:952 145120 145760 1
07-07-2017-12:17:43:998 145760 146400 1
07-07-2017-12:17:44:033 146400 147040 1
07-07-2017-12:17:44:079 147040 147680 1
07-07-2017-12:17:44:115 147680 148320 1
07-07-2017-12:17:44:163 148320 148960 1
07-07-2017-12:17:44:196 148960 149600 1
07-07-2017-12:17:44:232 149600 150240 1
07-07-2017-12:17:44:278 150240 150880 1
07-07-2017-12:17:44:313 150880 151520 1
07-07-2017-12:17:44:360 151520 152160 1
07-07-2017-12:17:44:396 152160 152800 1
07-07-2017-12:17:44:441 152800 153440 1
07-07-2017-12:17:44:476 153440 154080 1
07-07-2017-12:17:44:520 154080 154720 1
07-07-2017-12:17:44:555 154720 155360 1
07-07-2017-12:17:44:603 155360 156000 1
07-07-2017-12:17:44:638 156000 156640 1
07-07-2017-12:17:44:675 156640 157280 1
07-07-2017-12:17:44:797 157280 157920 1
07-07-2017-12:17:44:798 157920 158560 1
07-07-2017-12:17:44:801 158560 159200 1
07-07-2017-12:17:44:835 159200 159840 1
07-07-2017-12:17:44:883 159840 160480 1
07-07-2017-12:17:44:921 160480 161120 1
07-07-2017-12:17:44:956 161120 161760 1
07-07-2017-12:17:45:002 161760 162400 1
07-07-2017-12:17:45:036 162400 163040 1
07-07-2017-12:17:45:075 163040 163680 1
07-07-2017-12:17:45:118 163680 164320 1
07-07-2017-12:17:45:154 164320 164960 1
07-07-2017-12:17:45:200 164960 165600 1
07-07-2017-12:17:45:238 165600 166240 1
07-07-2017-12:17:45:279 166240 166880 1
07-07-2017-12:17:45:317 166880 167520 1
07-07-2017-12:17:45:361 167520 168160 1
07-07-2017-12:17:45:397 168160 168800 1
07-07-2017-12:17:45:443 168800 169440 1
07-07-2017-12:17:45:476 169440 170080 1
07-07-2017-12:17:45:511 170080 170720 1
07-07-2017-12:17:45:558 170720 171360 1
07-07-2017-12:17:45:596 171360 172000 1
07-07-2017-12:17:45:639 172000 172640 1
07-07-2017-12:17:45:674 172640 173280 1
07-07-2017-12:17:45:722 173280 173920 1
07-07-2017-12:17:45:758 173920 174560 1
07-07-2017-12:17:45:793 174560 175200 1
07-07-2017-12:17:45:838 175200 175840 1
07-07-2017-12:17:45:872 175840 176480 1
07-07-2017-12:17:45:924 176480 177120 1
07-07-2017-12:17:45:960 177120 177760 1
07-07-2017-12:17:45:996 177760 178400 1
07-07-2017-12:17:46:040 178400 179040 1
07-07-2017-12:17:46:076 179040 179680 1
07-07-2017-12:17:46:121 179680 180320 1
07-07-2017-12:17:46:157 180320 180960 1
07-07-2017-12:17:46:192 180960 181600 1
07-07-2017-12:17:46:239 181600 182240 1
07-07-2017-12:17:46:272 182240 182880 1
07-07-2017-12:17:46:320 182880 183520 1
07-07-2017-12:17:46:358 183520 184160 1
07-07-2017-12:17:46:404 184160 184800 1
07-07-2017-12:17:46:440 184800 185440 1
07-07-2017-12:17:46:472 185440 186080 1
07-07-2017-12:17:46:518 186080 186720 1
07-07-2017-12:17:46:554 186720 187360 1
07-07-2017-12:17:46:599 187360 188000 1
07-07-2017-12:17:46:637 188000 188640 1
07-07-2017-12:17:46:681 188640 189280 1
07-07-2017-12:17:46:750 189280 189920 1
07-07-2017-12:17:46:754 189920 190560 1
07-07-2017-12:17:46:798 190560 191200 1
07-07-2017-12:17:46:834 191200 191840 1
07-07-2017-12:17:46:880 191840 192480 1
07-07-2017-12:17:46:916 192480 193120 1
07-07-2017-12:17:46:961 193120 193760 1
07-07-2017-12:17:46:999 193760 194400 1
07-07-2017-12:17:47:032 194400 195040 1
07-07-2017-12:17:47:078 195040 195680 1
07-07-2017-12:17:47:117 195680 196320 1
07-07-2017-12:17:47:156 196320 196960 1
07-07-2017-12:17:47:191 196960 197600 1
07-07-2017-12:17:47:238 197600 198240 1
07-07-2017-12:17:47:272 198240 198880 1
07-07-2017-12:17:47:320 198880 199520 1
07-07-2017-12:17:47:354 199520 200160 1
07-07-2017-12:17:47:400 200160 200800 1
07-07-2017-12:17:47:436 200800 201440 1
07-07-2017-12:17:47:471 201440 202080 1
07-07-2017-12:17:47:518 202080 202720 1
07-07-2017-12:17:47:552 202720 203360 1
07-07-2017-12:17:47:599 203360 204000 1
07-07-2017-12:17:47:635 204000 204640 1
07-07-2017-12:17:47:681 204640 205280 1
07-07-2017-12:17:47:721 205280 205920 1
07-07-2017-12:17:47:760 205920 206560 1
07-07-2017-12:17:47:797 206560 207200 1
07-07-2017-12:17:47:840 207200 207840 1
07-07-2017-12:17:47:878 207840 208480 1
07-07-2017-12:17:47:917 208480 209120 1
07-07-2017-12:17:47:961 209120 209760 1
07-07-2017-12:17:47:998 209760 210400 1
07-07-2017-12:17:48:031 210400 211040 1
07-07-2017-12:17:48:079 211040 211680 1
07-07-2017-12:17:48:116 211680 212320 1
07-07-2017-12:17:48:159 212320 212960 1
07-07-2017-12:17:48:195 212960 213600 1
07-07-2017-12:17:48:242 213600 214240 1
07-07-2017-12:17:48:276 214240 214880 1
07-07-2017-12:17:48:311 214880 215520 1
07-07-2017-12:17:48:363 215520 216160 1
07-07-2017-12:17:48:394 216160 216800 1
07-07-2017-12:17:48:440 216800 217440 1
07-07-2017-12:17:48:474 217440 218080 1
07-07-2017-12:17:48:523 218080 218720 1
07-07-2017-12:17:48:557 218720 219360 1
07-07-2017-12:17:48:591 219360 220000 1
07-07-2017-12:17:48:639 220000 220640 1
07-07-2017-12:17:48:673 220640 221280 1
07-07-2017-12:17:48:721 221280 221920 1
07-07-2017-12:17:48:754 221920 222560 1
07-07-2017-12:17:48:802 222560 223200 1
07-07-2017-12:17:48:837 223200 223840 1
07-07-2017-12:17:48:872 223840 224480 1
07-07-2017-12:17:48:919 224480 225120 1
07-07-2017-12:17:48:953 225120 225760 1
07-07-2017-12:17:48:999 225760 226400 1
07-07-2017-12:17:49:035 226400 227040 1
07-07-2017-12:17:49:080 227040 227680 1
07-07-2017-12:17:49:112 227680 228320 1
07-07-2017-12:17:49:160 228320 228960 1
07-07-2017-12:17:49:195 228960 229600 1
07-07-2017-12:17:49:240 229600 230240 1
07-07-2017-12:17:49:276 230240 230880 1
07-07-2017-12:17:49:322 230880 231520 1
07-07-2017-12:17:49:357 231520 232160 1
07-07-2017-12:17:49:393 232160 232800 1
07-07-2017-12:17:49:436 232800 233440 1
07-07-2017-12:17:49:482 233440 234080 1
07-07-2017-12:17:49:519 234080 234720 1
07-07-2017-12:17:49:551 234720 235360 1
07-07-2017-12:17:49:598 235360 236000 1
07-07-2017-12:17:49:633 236000 236640 1
07-07-2017-12:17:49:681 236640 237280 1
07-07-2017-12:17:49:716 237280 237920 1
07-07-2017-12:17:49:761 237920 238560 1
07-07-2017-12:17:49:797 238560 239200 1
07-07-2017-12:17:49:832 239200 239840 1
07-07-2017-12:17:49:878 239840 240480 1
07-07-2017-12:17:49:913 240480 241120 1
07-07-2017-12:17:49:960 241120 241760 1
07-07-2017-12:17:49:994 241760 242400 1
07-07-2017-12:17:50:042 242400 243040 1
07-07-2017-12:17:50:077 243040 243680 1
07-07-2017-12:17:50:112 243680 244320 1
07-07-2017-12:17:50:160 244320 244960 1
07-07-2017-12:17:50:193 244960 245600 1
07-07-2017-12:17:50:241 245600 246240 1
07-07-2017-12:17:50:275 246240 246880 1
07-07-2017-12:17:50:322 246880 247520 1
07-07-2017-12:17:50:356 247520 248160 1
07-07-2017-12:17:50:392 248160 248800 1
07-07-2017-12:17:50:439 248800 249440 1
07-07-2017-12:17:50:474 249440 250080 1
07-07-2017-12:17:50:522 250080 250720 1
07-07-2017-12:17:50:555 250720 251360 1
07-07-2017-12:17:50:602 251360 252000 1
07-07-2017-12:17:50:636 252000 252640 1
07-07-2017-12:17:50:734 252640 253280 1
07-07-2017-12:17:50:735 253280 253920 1
07-07-2017-12:17:50:753 253920 254560 1
07-07-2017-12:17:50:801 254560 255200 1
07-07-2017-12:17:50:835 255200 255840 1
07-07-2017-12:17:50:882 255840 256480 1
07-07-2017-12:17:50:920 256480 257120 1
07-07-2017-12:17:50:952 257120 257760 1
07-07-2017-12:17:50:998 257760 258400 1
07-07-2017-12:17:51:034 258400 259040 1
07-07-2017-12:17:51:081 259040 259680 1
07-07-2017-12:17:51:118 259680 260320 1
07-07-2017-12:17:51:163 260320 260960 1
07-07-2017-12:17:51:202 260960 261600 1
07-07-2017-12:17:51:231 261600 262240 1
07-07-2017-12:17:51:279 262240 262880 1
07-07-2017-12:17:51:314 262880 263520 1
07-07-2017-12:17:51:361 263520 264160 1
07-07-2017-12:17:51:395 264160 264800 1
07-07-2017-12:17:51:443 264800 265440 1
07-07-2017-12:17:51:476 265440 266080 1
07-07-2017-12:17:51:512 266080 266720 1
07-07-2017-12:17:51:558 266720 267360 1
07-07-2017-12:17:51:593 267360 268000 1
07-07-2017-12:17:51:641 268000 268640 1
07-07-2017-12:17:51:677 268640 269280 1
07-07-2017-12:17:51:723 269280 269920 1
07-07-2017-12:17:51:760 269920 270560 1
07-07-2017-12:17:51:793 270560 271200 1
07-07-2017-12:17:51:839 271200 271840 1
07-07-2017-12:17:51:874 271840 272480 1
07-07-2017-12:17:51:919 272480 273120 1
07-07-2017-12:17:51:955 273120 273760 1
07-07-2017-12:17:52:001 273760 274400 1
07-07-2017-12:17:52:037 274400 275040 1
07-07-2017-12:17:52:072 275040 275680 1
07-07-2017-12:17:52:118 275680 276320 1
07-07-2017-12:17:52:154 276320 276960 1
07-07-2017-12:17:52:199 276960 277600 1
07-07-2017-12:17:52:235 277600 278240 1
07-07-2017-12:17:52:282 278240 278880 1
07-07-2017-12:17:52:316 278880 279520 1
07-07-2017-12:17:52:351 279520 280160 1
07-07-2017-12:17:52:399 280160 280800 1
07-07-2017-12:17:52:432 280800 281440 1
07-07-2017-12:17:52:480 281440 282080 1
07-07-2017-12:17:52:516 282080 282720 1
07-07-2017-12:17:52:560 282720 283360 1
07-07-2017-12:17:52:596 283360 284000 1
07-07-2017-12:17:52:631 284000 284640 1
07-07-2017-12:17:52:678 284640 285280 1
07-07-2017-12:17:52:741 285280 285920 1
07-07-2017-12:17:52:761 285920 286560 1
07-07-2017-12:17:52:795 286560 287200 1
07-07-2017-12:17:52:833 287200 287840 1
07-07-2017-12:17:52:879 287840 288480 1
07-07-2017-12:17:52:912 288480 289120 1
07-07-2017-12:17:52:959 289120 289760 1
07-07-2017-12:17:52:993 289760 290400 1
07-07-2017-12:17:53:042 290400 291040 1
07-07-2017-12:17:53:076 291040 291680 1
07-07-2017-12:17:53:111 291680 292320 1
07-07-2017-12:17:53:158 292320 292960 1
07-07-2017-12:17:53:193 292960 293600 1
07-07-2017-12:17:53:238 293600 294240 1
07-07-2017-12:17:53:274 294240 294880 1
07-07-2017-12:17:53:322 294880 295520 1
07-07-2017-12:17:53:356 295520 296160 1
07-07-2017-12:17:53:391 296160 296800 1
07-07-2017-12:17:53:439 296800 297440 1
07-07-2017-12:17:53:472 297440 298080 1
07-07-2017-12:17:53:519 298080 298720 1
07-07-2017-12:17:53:554 298720 299360 1
07-07-2017-12:17:53:601 299360 300000 1
07-07-2017-12:17:53:635 300000 300640 1
07-07-2017-12:17:53:672 300640 301280 1
07-07-2017-12:17:53:718 301280 301920 1
07-07-2017-12:17:53:754 301920 302560 1
07-07-2017-12:17:53:800 302560 303200 1
07-07-2017-12:17:53:833 303200 303840 1
07-07-2017-12:17:53:882 303840 304480 1
07-07-2017-12:17:53:918 304480 305120 1
07-07-2017-12:17:53:952 305120 305760 1
07-07-2017-12:17:53:997 305760 306400 1
07-07-2017-12:17:54:033 306400 307040 1
07-07-2017-12:17:54:081 307040 307680 1
07-07-2017-12:17:54:114 307680 308320 1
07-07-2017-12:17:54:163 308320 308960 1
07-07-2017-12:17:54:195 308960 309600 1
07-07-2017-12:17:54:231 309600 310240 1
07-07-2017-12:17:54:276 310240 310880 1
07-07-2017-12:17:54:313 310880 311520 1
07-07-2017-12:17:54:360 311520 312160 1
07-07-2017-12:17:54:394 312160 312800 1
07-07-2017-12:17:54:440 312800 313440 1
07-07-2017-12:17:54:476 313440 314080 1
07-07-2017-12:17:54:511 314080 314720 1
07-07-2017-12:17:54:557 314720 315360 1
07-07-2017-12:17:54:592 315360 316000 1
07-07-2017-12:17:54:640 316000 316640 1
07-07-2017-12:17:54:674 316640 317280 1
07-07-2017-12:17:54:720 317280 317920 1
07-07-2017-12:17:54:755 317920 318560 1
07-07-2017-12:17:54:790 318560 319200 1
07-07-2017-12:17:54:838 319200 319840 1
07-07-2017-12:17:54:877 319840 320480 1
07-07-2017-12:17:54:923 320480 321120 1
07-07-2017-12:17:54:958 321120 321760 1
07-07-2017-12:17:54:994 321760 322400 1
07-07-2017-12:17:55:039 322400 323040 1
07-07-2017-12:17:55:074 323040 323680 1
07-07-2017-12:17:55:124 323680 324320 1
07-07-2017-12:17:55:157 324320 324960 1
07-07-2017-12:17:55:191 324960 325600 1
07-07-2017-12:17:55:241 325600 326240 1
07-07-2017-12:17:55:273 326240 326880 1
07-07-2017-12:17:55:319 326880 327520 1
07-07-2017-12:17:55:354 327520 328160 1
07-07-2017-12:17:55:406 328160 328800 1
07-07-2017-12:17:55:436 328800 329440 1
07-07-2017-12:17:55:472 329440 330080 1
07-07-2017-12:17:55:517 330080 330720 1
07-07-2017-12:17:55:553 330720 331360 1
07-07-2017-12:17:55:599 331360 332000 1
07-07-2017-12:17:55:634 332000 332640 1
07-07-2017-12:17:55:681 332640 333280 1
07-07-2017-12:17:55:717 333280 333920 1
07-07-2017-12:17:55:750 333920 334560 1
07-07-2017-12:17:55:798 334560 335200 1
07-07-2017-12:17:55:833 335200 335840 1
07-07-2017-12:17:56:049 335840 336480 1
07-07-2017-12:17:56:050 336480 337120 1
07-07-2017-12:17:56:050 337120 337760 1
07-07-2017-12:17:56:051 337760 338400 1
07-07-2017-12:17:56:051 338400 339040 1
07-07-2017-12:17:56:080 339040 339680 1
07-07-2017-12:17:56:113 339680 340320 1
07-07-2017-12:17:56:162 340320 340960 1
07-07-2017-12:17:56:193 340960 341600 1
07-07-2017-12:17:56:241 341600 342240 1
07-07-2017-12:17:56:277 342240 342880 1
07-07-2017-12:17:56:311 342880 343520 1
07-07-2017-12:17:56:358 343520 344160 1
07-07-2017-12:17:56:393 344160 344800 1
07-07-2017-12:17:56:439 344800 345440 1
07-07-2017-12:17:56:475 345440 346080 1
07-07-2017-12:17:56:521 346080 346720 1
07-07-2017-12:17:56:557 346720 347360 1
07-07-2017-12:17:56:592 347360 348000 1
07-07-2017-12:17:56:638 348000 348640 1
07-07-2017-12:17:56:672 348640 349280 1
07-07-2017-12:17:56:719 349280 349920 1
07-07-2017-12:17:56:754 349920 350560 1
07-07-2017-12:17:56:802 350560 351200 1
07-07-2017-12:17:56:836 351200 351840 1
07-07-2017-12:17:56:871 351840 352480 1
07-07-2017-12:17:56:922 352480 353120 1
07-07-2017-12:17:56:957 353120 353760 1
07-07-2017-12:17:56:992 353760 354400 1
07-07-2017-12:17:57:039 354400 355040 1
07-07-2017-12:17:57:075 355040 355680 1
07-07-2017-12:17:57:122 355680 356320 1
07-07-2017-12:17:57:156 356320 356960 1
07-07-2017-12:17:57:192 356960 357600 1
07-07-2017-12:17:57:239 357600 358240 1
07-07-2017-12:17:57:273 358240 358880 1
07-07-2017-12:17:57:321 358880 359520 1
07-07-2017-12:17:57:354 359520 360160 1
07-07-2017-12:17:57:402 360160 360800 1
07-07-2017-12:17:57:435 360800 361440 1
07-07-2017-12:17:57:472 361440 362080 1
07-07-2017-12:17:57:518 362080 362720 1
07-07-2017-12:17:57:553 362720 363360 1
07-07-2017-12:17:57:599 363360 364000 1
07-07-2017-12:17:57:635 364000 364640 1
07-07-2017-12:17:57:681 364640 365280 1
07-07-2017-12:17:57:716 365280 365920 1
07-07-2017-12:17:57:750 365920 366560 1
07-07-2017-12:17:57:798 366560 367200 1
07-07-2017-12:17:57:832 367200 367840 1
07-07-2017-12:17:57:880 367840 368480 1
07-07-2017-12:17:57:915 368480 369120 1
07-07-2017-12:17:57:960 369120 369760 1
07-07-2017-12:17:57:996 369760 370400 1
07-07-2017-12:17:58:031 370400 371040 1
07-07-2017-12:17:58:079 371040 371680 1
07-07-2017-12:17:58:114 371680 372320 1
07-07-2017-12:17:58:159 372320 372960 1
07-07-2017-12:17:58:194 372960 373600 1
07-07-2017-12:17:58:240 373600 374240 1
07-07-2017-12:17:58:275 374240 374880 1
07-07-2017-12:17:58:311 374880 375520 1
07-07-2017-12:17:58:390 375520 376160 1
07-07-2017-12:17:58:393 376160 376800 1
07-07-2017-12:17:58:431 376800 377440 1
07-07-2017-12:17:58:482 377440 378080 1
07-07-2017-12:17:58:514 378080 378720 1
07-07-2017-12:17:58:561 378720 379360 1
07-07-2017-12:17:58:596 379360 380000 1
07-07-2017-12:17:58:630 380000 380640 1
07-07-2017-12:17:58:677 380640 381280 1
07-07-2017-12:17:58:713 381280 381920 1
07-07-2017-12:17:58:762 381920 382560 1
07-07-2017-12:17:58:795 382560 383200 1
07-07-2017-12:17:58:841 383200 383840 1
07-07-2017-12:17:58:875 383840 384480 1
07-07-2017-12:17:58:911 384480 385120 1
07-07-2017-12:17:58:958 385120 385760 1
07-07-2017-12:17:58:993 385760 386400 1
07-07-2017-12:17:59:039 386400 387040 1
07-07-2017-12:17:59:073 387040 387680 1
07-07-2017-12:17:59:121 387680 388320 1
07-07-2017-12:17:59:156 388320 388960 1
07-07-2017-12:17:59:191 388960 389600 1
07-07-2017-12:17:59:237 389600 390240 1
07-07-2017-12:17:59:272 390240 390880 1
07-07-2017-12:17:59:320 390880 391520 1
07-07-2017-12:17:59:354 391520 392160 1
07-07-2017-12:17:59:401 392160 392800 1
07-07-2017-12:17:59:437 392800 393440 1
07-07-2017-12:17:59:470 393440 394080 1
07-07-2017-12:17:59:517 394080 394720 1
07-07-2017-12:17:59:552 394720 395360 1
07-07-2017-12:17:59:598 395360 396000 1
07-07-2017-12:17:59:634 396000 396640 1
07-07-2017-12:17:59:682 396640 397280 1
07-07-2017-12:17:59:715 397280 397920 1
07-07-2017-12:17:59:751 397920 398560 1
07-07-2017-12:17:59:800 398560 399200 1
07-07-2017-12:17:59:831 399200 399840 1
07-07-2017-12:17:59:879 399840 400480 1
07-07-2017-12:17:59:914 400480 401120 1
07-07-2017-12:17:59:962 401120 401760 1
07-07-2017-12:17:59:995 401760 402400 1
07-07-2017-12:18:00:031 402400 403040 1
07-07-2017-12:18:00:077 403040 403680 1
07-07-2017-12:18:00:112 403680 404320 1
07-07-2017-12:18:00:158 404320 404960 1
07-07-2017-12:18:00:191 404960 405600 1
07-07-2017-12:18:00:235 405600 406240 1
07-07-2017-12:18:00:280 406240 406880 1
07-07-2017-12:18:00:316 406880 407520 1
07-07-2017-12:18:00:351 407520 408160 1
07-07-2017-12:18:00:397 408160 408800 1
07-07-2017-12:18:00:432 408800 409440 1
07-07-2017-12:18:00:480 409440 410080 1
07-07-2017-12:18:00:514 410080 410720 1
07-07-2017-12:18:00:560 410720 411360 1
07-07-2017-12:18:00:595 411360 412000 1
07-07-2017-12:18:00:631 412000 412640 1
07-07-2017-12:18:00:678 412640 413280 1
07-07-2017-12:18:00:713 413280 413920 1
07-07-2017-12:18:00:759 413920 414560 1
07-07-2017-12:18:00:794 414560 415200 1
07-07-2017-12:18:00:841 415200 415840 1
07-07-2017-12:18:00:877 415840 416480 1
07-07-2017-12:18:00:913 416480 417120 1
07-07-2017-12:18:00:957 417120 417760 1
07-07-2017-12:18:00:993 417760 418400 1
07-07-2017-12:18:01:038 418400 419040 1
07-07-2017-12:18:01:075 419040 419680 1
07-07-2017-12:18:01:120 419680 420320 1
07-07-2017-12:18:01:155 420320 420960 1
07-07-2017-12:18:01:191 420960 421600 1
07-07-2017-12:18:01:238 421600 422240 1
07-07-2017-12:18:01:272 422240 422880 1
07-07-2017-12:18:01:318 422880 423520 1
07-07-2017-12:18:01:354 423520 424160 1
07-07-2017-12:18:01:402 424160 424800 1
07-07-2017-12:18:01:445 424800 425440 1
07-07-2017-12:18:01:474 425440 426080 1
07-07-2017-12:18:01:724 426080 426720 1
07-07-2017-12:18:01:725 426720 427360 1
07-07-2017-12:18:01:725 427360 428000 1
07-07-2017-12:18:01:726 428000 428640 1
07-07-2017-12:18:01:726 428640 429280 1
07-07-2017-12:18:01:726 429280 429920 1
07-07-2017-12:18:01:759 429920 430560 1
07-07-2017-12:18:01:793 430560 431200 1
07-07-2017-12:18:01:838 431200 431840 1
07-07-2017-12:18:01:874 431840 432480 1
07-07-2017-12:18:01:920 432480 433120 1
07-07-2017-12:18:01:953 433120 433760 1
07-07-2017-12:18:02:001 433760 434400 1
07-07-2017-12:18:02:035 434400 435040 1
07-07-2017-12:18:02:074 435040 435680 1
07-07-2017-12:18:02:116 435680 436320 1
07-07-2017-12:18:02:152 436320 436960 1
07-07-2017-12:18:02:200 436960 437600 1
07-07-2017-12:18:02:233 437600 438240 1
07-07-2017-12:18:02:282 438240 438880 1
07-07-2017-12:18:02:315 438880 439520 1
07-07-2017-12:18:02:351 439520 440160 1
07-07-2017-12:18:02:397 440160 440800 1
07-07-2017-12:18:02:432 440800 441440 1
07-07-2017-12:18:02:478 441440 442080 1
07-07-2017-12:18:02:514 442080 442720 1
07-07-2017-12:18:02:561 442720 443360 1
07-07-2017-12:18:02:596 443360 444000 1
07-07-2017-12:18:02:630 444000 444640 1
07-07-2017-12:18:02:677 444640 445280 1
07-07-2017-12:18:02:713 445280 445920 1
07-07-2017-12:18:02:760 445920 446560 1
07-07-2017-12:18:02:794 446560 447200 1
07-07-2017-12:18:02:843 447200 447840 1
07-07-2017-12:18:02:877 447840 448480 1
07-07-2017-12:18:02:912 448480 449120 1
07-07-2017-12:18:02:957 449120 449760 1
07-07-2017-12:18:02:992 449760 450400 1
07-07-2017-12:18:03:038 450400 451040 1
07-07-2017-12:18:03:073 451040 451680 1
07-07-2017-12:18:03:122 451680 452320 1
07-07-2017-12:18:03:156 452320 452960 1
07-07-2017-12:18:03:192 452960 453600 1
07-07-2017-12:18:03:236 453600 454240 1
07-07-2017-12:18:03:283 454240 454880 1
07-07-2017-12:18:03:312 454880 455520 1
07-07-2017-12:18:03:358 455520 456160 1
07-07-2017-12:18:03:394 456160 456800 1
07-07-2017-12:18:03:440 456800 457440 1
07-07-2017-12:18:03:476 457440 458080 1
07-07-2017-12:18:03:522 458080 458720 1
07-07-2017-12:18:03:559 458720 459360 1
07-07-2017-12:18:03:591 459360 460000 1
07-07-2017-12:18:03:639 460000 460640 1
07-07-2017-12:18:03:674 460640 461280 1
07-07-2017-12:18:03:714 461280 461920 1
07-07-2017-12:18:03:761 461920 462560 1
07-07-2017-12:18:03:796 462560 463200 1
07-07-2017-12:18:03:843 463200 463840 1
07-07-2017-12:18:03:877 463840 464480 1
07-07-2017-12:18:03:915 464480 465120 1
07-07-2017-12:18:03:953 465120 465760 1
07-07-2017-12:18:03:999 465760 466400 1
07-07-2017-12:18:04:034 466400 467040 1
07-07-2017-12:18:04:082 467040 467680 1
07-07-2017-12:18:04:116 467680 468320 1
07-07-2017-12:18:04:152 468320 468960 1
07-07-2017-12:18:04:198 468960 469600 1
07-07-2017-12:18:04:232 469600 470240 1
07-07-2017-12:18:04:280 470240 470880 1
07-07-2017-12:18:04:315 470880 471520 1
07-07-2017-12:18:04:360 471520 472160 1
07-07-2017-12:18:04:397 472160 472800 1
07-07-2017-12:18:04:439 472800 473440 1
07-07-2017-12:18:04:470 473440 474080 1
07-07-2017-12:18:04:517 474080 474720 1
07-07-2017-12:18:04:556 474720 475360 1
07-07-2017-12:18:04:600 475360 476000 1
07-07-2017-12:18:04:633 476000 476640 1
07-07-2017-12:18:04:926 476640 477280 1
07-07-2017-12:18:04:927 477280 477920 1
07-07-2017-12:18:04:927 477920 478560 1
07-07-2017-12:18:04:927 478560 479200 1
07-07-2017-12:18:04:927 479200 479840 1
07-07-2017-12:18:04:927 479840 480480 1
07-07-2017-12:18:04:927 480480 481120 1
07-07-2017-12:18:04:952 481120 481760 1
07-07-2017-12:18:05:000 481760 482400 1
07-07-2017-12:18:05:036 482400 483040 1
07-07-2017-12:18:05:080 483040 483680 1
07-07-2017-12:18:05:116 483680 484320 1
07-07-2017-12:18:05:154 484320 484960 1
07-07-2017-12:18:05:198 484960 485600 1
07-07-2017-12:18:05:233 485600 486240 1
07-07-2017-12:18:05:278 486240 486880 1
07-07-2017-12:18:05:314 486880 487520 1
07-07-2017-12:18:05:362 487520 488160 1
07-07-2017-12:18:05:395 488160 488800 1
