07-07-2017-12:36:56:501 0 800 1
07-07-2017-12:36:56:554 800 1547 1
07-07-2017-12:36:56:592 1547 2294 1
07-07-2017-12:36:56:642 2294 3041 1
07-07-2017-12:36:56:689 3041 3788 1
07-07-2017-12:36:56:736 3788 4535 1
07-07-2017-12:36:56:786 4535 5282 1
07-07-2017-12:36:56:833 5282 6029 1
07-07-2017-12:36:56:873 6029 6776 1
07-07-2017-12:36:56:917 6776 7523 1
07-07-2017-12:36:56:965 7523 8270 1
07-07-2017-12:36:57:012 8270 9017 1
07-07-2017-12:36:57:059 9017 9764 1
07-07-2017-12:36:57:106 9764 10511 1
07-07-2017-12:36:57:152 10511 11258 1
07-07-2017-12:36:57:204 11258 11934 1
07-07-2017-12:36:57:244 11934 12610 1
07-07-2017-12:36:57:282 12610 13286 1
07-07-2017-12:36:57:327 13286 13962 1
07-07-2017-12:36:57:372 13962 14638 1
07-07-2017-12:36:57:408 14638 15314 1
07-07-2017-12:36:57:454 15314 15990 1
07-07-2017-12:36:57:490 15990 16666 1
07-07-2017-12:36:57:537 16666 17342 1
07-07-2017-12:36:57:584 17342 18018 1
07-07-2017-12:36:57:626 18018 18694 1
07-07-2017-12:36:57:663 18694 19370 1
07-07-2017-12:36:57:712 19370 20046 1
07-07-2017-12:36:57:748 20046 20722 1
07-07-2017-12:36:57:793 20722 21398 1
07-07-2017-12:36:57:828 21398 22074 1
07-07-2017-12:36:57:874 22074 22750 1
07-07-2017-12:36:57:921 22750 23426 1
07-07-2017-12:36:57:956 23426 24102 1
07-07-2017-12:36:58:000 24102 24778 1
07-07-2017-12:36:58:050 24778 25454 1
07-07-2017-12:36:58:085 25454 26130 1
07-07-2017-12:36:58:131 26130 26806 1
07-07-2017-12:36:58:166 26806 27482 1
07-07-2017-12:36:58:214 27482 28158 1
07-07-2017-12:36:58:260 28158 28834 1
07-07-2017-12:36:58:295 28834 29510 1
07-07-2017-12:36:58:341 29510 30186 1
07-07-2017-12:36:58:380 30186 30862 1
07-07-2017-12:36:58:428 30862 31538 1
07-07-2017-12:36:58:463 31538 32214 1
07-07-2017-12:36:58:509 32214 32890 1
07-07-2017-12:36:58:555 32890 33566 1
07-07-2017-12:36:58:591 33566 34242 1
07-07-2017-12:36:58:637 34242 34918 1
07-07-2017-12:36:58:683 34918 35594 1
07-07-2017-12:36:58:719 35594 36270 1
07-07-2017-12:36:58:765 36270 36946 1
07-07-2017-12:36:58:808 36946 37622 1
07-07-2017-12:36:58:846 37622 38298 1
07-07-2017-12:36:58:893 38298 38974 1
07-07-2017-12:36:58:929 38974 39650 1
07-07-2017-12:36:58:975 39650 40326 1
07-07-2017-12:36:59:015 40326 41002 1
07-07-2017-12:36:59:061 41002 41678 1
07-07-2017-12:36:59:097 41678 42354 1
07-07-2017-12:36:59:143 42354 43030 1
07-07-2017-12:36:59:190 43030 43706 1
07-07-2017-12:36:59:226 43706 44382 1
07-07-2017-12:36:59:271 44382 45058 1
07-07-2017-12:36:59:307 45058 45734 1
07-07-2017-12:36:59:355 45734 46410 1
07-07-2017-12:36:59:400 46410 47086 1
07-07-2017-12:36:59:435 47086 47762 1
07-07-2017-12:36:59:482 47762 48438 1
07-07-2017-12:36:59:529 48438 49114 1
07-07-2017-12:36:59:565 49114 49790 1
07-07-2017-12:36:59:787 49790 50466 1
07-07-2017-12:36:59:788 50466 51142 1
07-07-2017-12:36:59:788 51142 51818 1
07-07-2017-12:36:59:789 51818 52494 1
07-07-2017-12:36:59:789 52494 53170 1
07-07-2017-12:36:59:818 53170 53846 1
07-07-2017-12:36:59:865 53846 54522 1
07-07-2017-12:36:59:901 54522 55198 1
07-07-2017-12:36:59:946 55198 55874 1
07-07-2017-12:36:59:985 55874 56550 1
07-07-2017-12:37:00:031 56550 57226 1
07-07-2017-12:37:00:067 57226 57902 1
07-07-2017-12:37:00:113 57902 58578 1
07-07-2017-12:37:00:163 58578 59254 1
07-07-2017-12:37:00:195 59254 59930 1
07-07-2017-12:37:00:243 59930 60606 1
07-07-2017-12:37:00:289 60606 61282 1
07-07-2017-12:37:00:323 61282 61958 1
07-07-2017-12:37:00:365 61958 62634 1
07-07-2017-12:37:00:405 62634 63310 1
07-07-2017-12:37:00:452 63310 63986 1
07-07-2017-12:37:00:498 63986 64662 1
07-07-2017-12:37:00:540 64662 65338 1
07-07-2017-12:37:00:574 65338 66014 1
07-07-2017-12:37:00:625 66014 66680 1
07-07-2017-12:37:00:664 66680 67346 1
07-07-2017-12:37:00:699 67346 68012 1
07-07-2017-12:37:00:746 68012 68678 1
07-07-2017-12:37:00:783 68678 69344 1
07-07-2017-12:37:00:828 69344 70010 1
07-07-2017-12:37:00:876 70010 70676 1
07-07-2017-12:37:00:910 70676 71342 1
07-07-2017-12:37:00:957 71342 72008 1
07-07-2017-12:37:00:991 72008 72674 1
07-07-2017-12:37:01:042 72674 73340 1
07-07-2017-12:37:01:083 73340 74006 1
07-07-2017-12:37:01:143 74006 74672 1
07-07-2017-12:37:01:161 74672 75338 1
07-07-2017-12:37:01:205 75338 76004 1
07-07-2017-12:37:01:241 76004 76670 1
07-07-2017-12:37:01:286 76670 77336 1
07-07-2017-12:37:01:333 77336 78002 1
07-07-2017-12:37:01:368 78002 78668 1
07-07-2017-12:37:01:415 78668 79334 1
07-07-2017-12:37:01:450 79334 80000 1
07-07-2017-12:37:01:499 80000 80666 1
07-07-2017-12:37:01:536 80666 81332 1
07-07-2017-12:37:01:583 81332 81998 1
07-07-2017-12:37:01:619 81998 82664 1
07-07-2017-12:37:01:665 82664 83330 1
07-07-2017-12:37:01:700 83330 83996 1
07-07-2017-12:37:01:748 83996 84662 1
07-07-2017-12:37:01:781 84662 85328 1
07-07-2017-12:37:01:829 85328 85994 1
07-07-2017-12:37:01:868 85994 86660 1
07-07-2017-12:37:01:906 86660 87326 1
07-07-2017-12:37:01:955 87326 87992 1
07-07-2017-12:37:01:990 87992 88658 1
07-07-2017-12:37:02:040 88658 89324 1
07-07-2017-12:37:02:074 89324 89990 1
07-07-2017-12:37:02:122 89990 90656 1
07-07-2017-12:37:02:156 90656 91322 1
07-07-2017-12:37:02:202 91322 91988 1
07-07-2017-12:37:02:241 91988 92654 1
07-07-2017-12:37:02:290 92654 93320 1
07-07-2017-12:37:02:322 93320 93986 1
07-07-2017-12:37:02:370 93986 94652 1
07-07-2017-12:37:02:406 94652 95318 1
07-07-2017-12:37:02:451 95318 95984 1
07-07-2017-12:37:02:499 95984 96650 1
07-07-2017-12:37:02:535 96650 97316 1
07-07-2017-12:37:02:580 97316 97982 1
07-07-2017-12:37:02:616 97982 98648 1
07-07-2017-12:37:02:668 98648 99307 1
07-07-2017-12:37:02:696 99307 99966 1
07-07-2017-12:37:02:743 99966 100625 1
07-07-2017-12:37:02:779 100625 101284 1
07-07-2017-12:37:02:826 101284 101943 1
07-07-2017-12:37:02:872 101943 102602 1
07-07-2017-12:37:02:908 102602 103261 1
07-07-2017-12:37:02:954 103261 103920 1
07-07-2017-12:37:02:990 103920 104579 1
07-07-2017-12:37:03:035 104579 105238 1
07-07-2017-12:37:03:070 105238 105897 1
07-07-2017-12:37:03:110 105897 106556 1
07-07-2017-12:37:03:155 106556 107215 1
07-07-2017-12:37:03:191 107215 107874 1
07-07-2017-12:37:03:238 107874 108533 1
07-07-2017-12:37:03:272 108533 109192 1
07-07-2017-12:37:03:319 109192 109851 1
07-07-2017-12:37:03:367 109851 110510 1
07-07-2017-12:37:03:400 110510 111169 1
07-07-2017-12:37:03:448 111169 111828 1
07-07-2017-12:37:03:489 111828 112487 1
07-07-2017-12:37:03:527 112487 113146 1
07-07-2017-12:37:03:568 113146 113805 1
07-07-2017-12:37:03:613 113805 114464 1
07-07-2017-12:37:03:650 114464 115123 1
07-07-2017-12:37:03:691 115123 115782 1
07-07-2017-12:37:03:726 115782 116441 1
07-07-2017-12:37:03:773 116441 117100 1
07-07-2017-12:37:03:809 117100 117759 1
07-07-2017-12:37:03:854 117759 118418 1
07-07-2017-12:37:03:897 118418 119077 1
07-07-2017-12:37:03:945 119077 119736 1
07-07-2017-12:37:03:981 119736 120395 1
07-07-2017-12:37:04:021 120395 121054 1
07-07-2017-12:37:04:057 121054 121713 1
07-07-2017-12:37:04:104 121713 122372 1
07-07-2017-12:37:04:137 122372 123031 1
07-07-2017-12:37:04:185 123031 123690 1
07-07-2017-12:37:04:232 123690 124349 1
07-07-2017-12:37:04:483 124349 125008 1
07-07-2017-12:37:04:484 125008 125667 1
07-07-2017-12:37:04:484 125667 126326 1
07-07-2017-12:37:04:484 126326 126985 1
07-07-2017-12:37:04:484 126985 127644 1
07-07-2017-12:37:04:484 127644 128303 1
07-07-2017-12:37:04:515 128303 128962 1
07-07-2017-12:37:04:550 128962 129621 1
07-07-2017-12:37:04:600 129621 130280 1
07-07-2017-12:37:04:634 130280 130939 1
07-07-2017-12:37:04:682 130939 131598 1
07-07-2017-12:37:04:715 131598 132257 1
07-07-2017-12:37:04:762 132257 132916 1
07-07-2017-12:37:04:798 132916 133575 1
07-07-2017-12:37:04:848 133575 134234 1
07-07-2017-12:37:04:883 134234 134893 1
07-07-2017-12:37:04:931 134893 135552 1
07-07-2017-12:37:04:965 135552 136211 1
07-07-2017-12:37:05:012 136211 136870 1
07-07-2017-12:37:05:047 136870 137529 1
07-07-2017-12:37:05:094 137529 138188 1
07-07-2017-12:37:05:129 138188 138847 1
07-07-2017-12:37:05:175 138847 139506 1
07-07-2017-12:37:05:210 139506 140165 1
07-07-2017-12:37:05:258 140165 140824 1
07-07-2017-12:37:05:292 140824 141483 1
07-07-2017-12:37:05:333 141483 142142 1
07-07-2017-12:37:05:377 142142 142801 1
07-07-2017-12:37:05:424 142801 143460 1
07-07-2017-12:37:05:460 143460 144119 1
07-07-2017-12:37:05:507 144119 144778 1
07-07-2017-12:37:05:541 144778 145437 1
07-07-2017-12:37:05:589 145437 146096 1
07-07-2017-12:37:05:624 146096 146755 1
07-07-2017-12:37:05:662 146755 147414 1
07-07-2017-12:37:05:709 147414 148073 1
07-07-2017-12:37:05:745 148073 148732 1
07-07-2017-12:37:05:790 148732 149391 1
07-07-2017-12:37:05:826 149391 150050 1
07-07-2017-12:37:05:872 150050 150709 1
07-07-2017-12:37:05:919 150709 151368 1
07-07-2017-12:37:05:955 151368 152027 1
07-07-2017-12:37:06:001 152027 152686 1
07-07-2017-12:37:06:039 152686 153345 1
07-07-2017-12:37:06:077 153345 154004 1
07-07-2017-12:37:06:126 154004 154663 1
07-07-2017-12:37:06:161 154663 155322 1
07-07-2017-12:37:06:207 155322 155981 1
07-07-2017-12:37:06:242 155981 156640 1
07-07-2017-12:37:06:288 156640 157299 1
07-07-2017-12:37:06:324 157299 157958 1
07-07-2017-12:37:06:371 157958 158617 1
07-07-2017-12:37:06:409 158617 159276 1
07-07-2017-12:37:06:453 159276 159935 1
07-07-2017-12:37:06:491 159935 160594 1
07-07-2017-12:37:06:528 160594 161253 1
07-07-2017-12:37:06:574 161253 161912 1
07-07-2017-12:37:06:608 161912 162571 1
07-07-2017-12:37:06:659 162571 163230 1
07-07-2017-12:37:06:695 163230 163889 1
07-07-2017-12:37:06:742 163889 164548 1
07-07-2017-12:37:06:776 164548 165207 1
07-07-2017-12:37:06:823 165207 165866 1
07-07-2017-12:37:06:858 165866 166525 1
07-07-2017-12:37:06:904 166525 167184 1
07-07-2017-12:37:06:940 167184 167843 1
07-07-2017-12:37:06:987 167843 168502 1
07-07-2017-12:37:07:026 168502 169161 1
07-07-2017-12:37:07:062 169161 169820 1
07-07-2017-12:37:07:159 169820 170479 1
07-07-2017-12:37:07:160 170479 171138 1
07-07-2017-12:37:07:190 171138 171797 1
07-07-2017-12:37:07:237 171797 172456 1
07-07-2017-12:37:07:272 172456 173115 1
07-07-2017-12:37:07:311 173115 173774 1
07-07-2017-12:37:07:357 173774 174433 1
07-07-2017-12:37:07:393 174433 175092 1
07-07-2017-12:37:07:438 175092 175751 1
07-07-2017-12:37:07:473 175751 176410 1
07-07-2017-12:37:07:520 176410 177069 1
07-07-2017-12:37:07:555 177069 177728 1
07-07-2017-12:37:07:604 177728 178387 1
07-07-2017-12:37:07:648 178387 179046 1
07-07-2017-12:37:07:681 179046 179705 1
07-07-2017-12:37:07:728 179705 180364 1
07-07-2017-12:37:07:763 180364 181023 1
07-07-2017-12:37:07:809 181023 181682 1
07-07-2017-12:37:07:845 181682 182341 1
07-07-2017-12:37:07:892 182341 183000 1
07-07-2017-12:37:07:942 183000 183659 1
07-07-2017-12:37:07:969 183659 184318 1
07-07-2017-12:37:08:021 184318 184920 1
07-07-2017-12:37:08:046 184920 185522 1
07-07-2017-12:37:08:093 185522 186124 1
07-07-2017-12:37:08:126 186124 186726 1
07-07-2017-12:37:08:161 186726 187328 1
07-07-2017-12:37:08:197 187328 187930 1
07-07-2017-12:37:08:235 187930 188532 1
07-07-2017-12:37:08:270 188532 189134 1
07-07-2017-12:37:08:318 189134 189736 1
07-07-2017-12:37:08:353 189736 190338 1
07-07-2017-12:37:08:389 190338 190940 1
07-07-2017-12:37:08:423 190940 191542 1
07-07-2017-12:37:08:458 191542 192144 1
07-07-2017-12:37:08:506 192144 192746 1
07-07-2017-12:37:08:540 192746 193348 1
07-07-2017-12:37:08:575 193348 193950 1
07-07-2017-12:37:08:613 193950 194552 1
07-07-2017-12:37:08:653 194552 195154 1
07-07-2017-12:37:08:688 195154 195756 1
07-07-2017-12:37:08:723 195756 196358 1
07-07-2017-12:37:08:757 196358 196960 1
07-07-2017-12:37:08:805 196960 197562 1
07-07-2017-12:37:08:840 197562 198164 1
07-07-2017-12:37:08:874 198164 198766 1
07-07-2017-12:37:08:910 198766 199368 1
07-07-2017-12:37:08:955 199368 199970 1
07-07-2017-12:37:08:990 199970 200572 1
07-07-2017-12:37:09:026 200572 201174 1
07-07-2017-12:37:09:064 201174 201776 1
07-07-2017-12:37:09:099 201776 202378 1
07-07-2017-12:37:09:134 202378 202980 1
07-07-2017-12:37:09:181 202980 203582 1
07-07-2017-12:37:09:218 203582 204184 1
07-07-2017-12:37:09:252 204184 204786 1
07-07-2017-12:37:09:287 204786 205388 1
07-07-2017-12:37:09:335 205388 205990 1
07-07-2017-12:37:09:362 205990 206592 1
07-07-2017-12:37:09:401 206592 207194 1
07-07-2017-12:37:09:435 207194 207796 1
07-07-2017-12:37:09:483 207796 208398 1
07-07-2017-12:37:09:524 208398 209000 1
07-07-2017-12:37:09:558 209000 209602 1
07-07-2017-12:37:09:593 209602 210204 1
07-07-2017-12:37:09:632 210204 210806 1
07-07-2017-12:37:09:665 210806 211408 1
07-07-2017-12:37:09:701 211408 212010 1
07-07-2017-12:37:09:736 212010 212612 1
07-07-2017-12:37:09:785 212612 213214 1
07-07-2017-12:37:09:818 213214 213816 1
07-07-2017-12:37:09:883 213816 214418 1
07-07-2017-12:37:09:890 214418 215020 1
07-07-2017-12:37:09:935 215020 215622 1
07-07-2017-12:37:09:971 215622 216224 1
07-07-2017-12:37:10:012 216224 216826 1
07-07-2017-12:37:10:041 216826 217428 1
07-07-2017-12:37:10:075 217428 218030 1
07-07-2017-12:37:10:123 218030 218632 1
07-07-2017-12:37:10:157 218632 219234 1
07-07-2017-12:37:10:193 219234 219836 1
07-07-2017-12:37:10:227 219836 220438 1
07-07-2017-12:37:10:265 220438 221040 1
07-07-2017-12:37:10:301 221040 221642 1
07-07-2017-12:37:10:340 221642 222244 1
07-07-2017-12:37:10:385 222244 222846 1
07-07-2017-12:37:10:421 222846 223448 1
07-07-2017-12:37:10:456 223448 224050 1
07-07-2017-12:37:10:491 224050 224652 1
07-07-2017-12:37:10:527 224652 225254 1
07-07-2017-12:37:10:574 225254 225856 1
07-07-2017-12:37:10:612 225856 226458 1
07-07-2017-12:37:10:638 226458 227060 1
07-07-2017-12:37:10:685 227060 227662 1
07-07-2017-12:37:10:721 227662 228264 1
07-07-2017-12:37:10:756 228264 228866 1
07-07-2017-12:37:10:792 228866 229468 1
07-07-2017-12:37:10:838 229468 230070 1
07-07-2017-12:37:10:872 230070 230672 1
07-07-2017-12:37:10:907 230672 231274 1
07-07-2017-12:37:10:947 231274 231876 1
07-07-2017-12:37:10:987 231876 232478 1
07-07-2017-12:37:11:017 232478 233080 1
07-07-2017-12:37:11:064 233080 233682 1
07-07-2017-12:37:11:100 233682 234284 1
07-07-2017-12:37:11:134 234284 234886 1
07-07-2017-12:37:11:176 234886 235488 1
07-07-2017-12:37:11:205 235488 236090 1
07-07-2017-12:37:11:250 236090 236692 1
07-07-2017-12:37:11:286 236692 237294 1
07-07-2017-12:37:11:320 237294 237896 1
07-07-2017-12:37:11:356 237896 238498 1
07-07-2017-12:37:11:402 238498 239100 1
07-07-2017-12:37:11:439 239100 239702 1
07-07-2017-12:37:11:473 239702 240304 1
07-07-2017-12:37:11:515 240304 240906 1
07-07-2017-12:37:11:554 240906 241508 1
07-07-2017-12:37:11:588 241508 242110 1
07-07-2017-12:37:11:621 242110 242712 1
07-07-2017-12:37:11:657 242712 243314 1
07-07-2017-12:37:11:704 243314 243916 1
07-07-2017-12:37:11:739 243916 244518 1
07-07-2017-12:37:11:778 244518 245120 1
07-07-2017-12:37:11:813 245120 245722 1
07-07-2017-12:37:11:849 245722 246324 1
07-07-2017-12:37:11:882 246324 246926 1
07-07-2017-12:37:11:929 246926 247528 1
07-07-2017-12:37:11:965 247528 248130 1
07-07-2017-12:37:11:999 248130 248732 1
07-07-2017-12:37:12:031 248732 249334 1
07-07-2017-12:37:12:079 249334 249936 1
07-07-2017-12:37:12:113 249936 250538 1
07-07-2017-12:37:12:148 250538 251140 1
07-07-2017-12:37:12:185 251140 251742 1
07-07-2017-12:37:12:231 251742 252344 1
07-07-2017-12:37:12:268 252344 252946 1
07-07-2017-12:37:12:303 252946 253548 1
07-07-2017-12:37:12:339 253548 254150 1
07-07-2017-12:37:12:374 254150 254752 1
07-07-2017-12:37:12:407 254752 255354 1
07-07-2017-12:37:12:458 255354 255956 1
07-07-2017-12:37:12:489 255956 256558 1
07-07-2017-12:37:12:531 256558 257160 1
07-07-2017-12:37:12:568 257160 257762 1
07-07-2017-12:37:12:599 257762 258364 1
07-07-2017-12:37:12:634 258364 258966 1
07-07-2017-12:37:12:683 258966 259568 1
07-07-2017-12:37:12:717 259568 260170 1
07-07-2017-12:37:12:756 260170 260772 1
07-07-2017-12:37:12:792 260772 261374 1
07-07-2017-12:37:12:829 261374 261976 1
07-07-2017-12:37:12:862 261976 262578 1
07-07-2017-12:37:12:907 262578 263180 1
07-07-2017-12:37:12:943 263180 263782 1
07-07-2017-12:37:13:023 263782 264384 1
07-07-2017-12:37:13:024 264384 264986 1
07-07-2017-12:37:13:052 264986 265588 1
07-07-2017-12:37:13:087 265588 266190 1
07-07-2017-12:37:13:123 266190 266792 1
07-07-2017-12:37:13:162 266792 267394 1
07-07-2017-12:37:13:211 267394 267996 1
07-07-2017-12:37:13:243 267996 268598 1
07-07-2017-12:37:13:280 268598 269200 1
07-07-2017-12:37:13:313 269200 269802 1
07-07-2017-12:37:13:349 269802 270404 1
07-07-2017-12:37:13:396 270404 271006 1
07-07-2017-12:37:13:439 271006 271608 1
07-07-2017-12:37:13:461 271608 272210 1
07-07-2017-12:37:13:509 272210 272812 1
07-07-2017-12:37:13:544 272812 273414 1
07-07-2017-12:37:13:578 273414 274016 1
07-07-2017-12:37:13:614 274016 274618 1
07-07-2017-12:37:13:660 274618 275220 1
07-07-2017-12:37:13:688 275220 275822 1
07-07-2017-12:37:13:734 275822 276424 1
07-07-2017-12:37:13:770 276424 277026 1
07-07-2017-12:37:13:805 277026 277628 1
07-07-2017-12:37:13:839 277628 278230 1
07-07-2017-12:37:13:875 278230 278832 1
07-07-2017-12:37:13:919 278832 279434 1
07-07-2017-12:37:13:954 279434 280036 1
07-07-2017-12:37:13:990 280036 280638 1
07-07-2017-12:37:14:035 280638 281240 1
07-07-2017-12:37:14:071 281240 281842 1
07-07-2017-12:37:14:111 281842 282444 1
07-07-2017-12:37:14:150 282444 283046 1
07-07-2017-12:37:14:180 283046 283648 1
07-07-2017-12:37:14:217 283648 284250 1
07-07-2017-12:37:14:251 284250 284852 1
07-07-2017-12:37:14:298 284852 285454 1
07-07-2017-12:37:14:337 285454 286056 1
07-07-2017-12:37:14:372 286056 286658 1
07-07-2017-12:37:14:413 286658 287260 1
07-07-2017-12:37:14:441 287260 287862 1
07-07-2017-12:37:14:479 287862 288464 1
07-07-2017-12:37:14:515 288464 289066 1
07-07-2017-12:37:14:555 289066 289668 1
07-07-2017-12:37:14:589 289668 290270 1
07-07-2017-12:37:14:637 290270 290872 1
07-07-2017-12:37:14:672 290872 291474 1
07-07-2017-12:37:14:707 291474 292076 1
07-07-2017-12:37:14:741 292076 292678 1
07-07-2017-12:37:14:791 292678 293280 1
07-07-2017-12:37:14:824 293280 293882 1
07-07-2017-12:37:14:859 293882 294484 1
07-07-2017-12:37:14:903 294484 295086 1
07-07-2017-12:37:14:939 295086 295688 1
07-07-2017-12:37:14:973 295688 296290 1
07-07-2017-12:37:15:010 296290 296892 1
07-07-2017-12:37:15:043 296892 297494 1
07-07-2017-12:37:15:090 297494 298096 1
07-07-2017-12:37:15:123 298096 298698 1
07-07-2017-12:37:15:160 298698 299300 1
07-07-2017-12:37:15:198 299300 299902 1
07-07-2017-12:37:15:232 299902 300504 1
07-07-2017-12:37:15:267 300504 301106 1
07-07-2017-12:37:15:313 301106 301708 1
07-07-2017-12:37:15:348 301708 302310 1
07-07-2017-12:37:15:383 302310 302912 1
07-07-2017-12:37:15:419 302912 303514 1
07-07-2017-12:37:15:465 303514 304116 1
07-07-2017-12:37:15:494 304116 304718 1
07-07-2017-12:37:15:541 304718 305320 1
07-07-2017-12:37:15:581 305320 305922 1
07-07-2017-12:37:15:606 305922 306524 1
07-07-2017-12:37:15:653 306524 307126 1
07-07-2017-12:37:15:687 307126 307728 1
07-07-2017-12:37:15:722 307728 308330 1
07-07-2017-12:37:15:758 308330 308932 1
07-07-2017-12:37:15:793 308932 309534 1
07-07-2017-12:37:15:870 309534 310136 1
07-07-2017-12:37:15:875 310136 310738 1
07-07-2017-12:37:15:910 310738 311340 1
07-07-2017-12:37:15:945 311340 311942 1
07-07-2017-12:37:15:992 311942 312544 1
07-07-2017-12:37:16:023 312544 313146 1
07-07-2017-12:37:16:059 313146 313748 1
07-07-2017-12:37:16:105 313748 314350 1
07-07-2017-12:37:16:141 314350 314952 1
07-07-2017-12:37:16:178 314952 315554 1
07-07-2017-12:37:16:212 315554 316156 1
07-07-2017-12:37:16:245 316156 316758 1
07-07-2017-12:37:16:293 316758 317360 1
07-07-2017-12:37:16:327 317360 317962 1
07-07-2017-12:37:16:364 317962 318564 1
07-07-2017-12:37:16:401 318564 319166 1
07-07-2017-12:37:16:435 319166 319768 1
07-07-2017-12:37:16:473 319768 320370 1
07-07-2017-12:37:16:517 320370 320972 1
07-07-2017-12:37:16:552 320972 321574 1
07-07-2017-12:37:16:587 321574 322176 1
07-07-2017-12:37:16:624 322176 322778 1
07-07-2017-12:37:16:665 322778 323380 1
07-07-2017-12:37:16:704 323380 323982 1
07-07-2017-12:37:16:739 323982 324584 1
07-07-2017-12:37:16:775 324584 325186 1
07-07-2017-12:37:16:811 325186 325788 1
07-07-2017-12:37:16:857 325788 326390 1
07-07-2017-12:37:16:892 326390 326992 1
07-07-2017-12:37:16:927 326992 327594 1
07-07-2017-12:37:16:962 327594 328196 1
07-07-2017-12:37:16:999 328196 328798 1
07-07-2017-12:37:17:037 328798 329400 1
07-07-2017-12:37:17:083 329400 330002 1
07-07-2017-12:37:17:111 330002 330604 1
07-07-2017-12:37:17:158 330604 331206 1
07-07-2017-12:37:17:192 331206 331808 1
07-07-2017-12:37:17:227 331808 332410 1
07-07-2017-12:37:17:262 332410 333012 1
07-07-2017-12:37:17:310 333012 333614 1
07-07-2017-12:37:17:345 333614 334216 1
07-07-2017-12:37:17:380 334216 334818 1
07-07-2017-12:37:17:420 334818 335420 1
07-07-2017-12:37:17:453 335420 336022 1
07-07-2017-12:37:17:490 336022 336624 1
07-07-2017-12:37:17:526 336624 337226 1
07-07-2017-12:37:17:571 337226 337828 1
07-07-2017-12:37:17:606 337828 338430 1
07-07-2017-12:37:17:641 338430 339032 1
07-07-2017-12:37:17:683 339032 339634 1
07-07-2017-12:37:17:718 339634 340236 1
07-07-2017-12:37:17:754 340236 340838 1
07-07-2017-12:37:17:788 340838 341440 1
07-07-2017-12:37:17:836 341440 342042 1
07-07-2017-12:37:17:871 342042 342644 1
07-07-2017-12:37:17:907 342644 343246 1
07-07-2017-12:37:17:945 343246 343848 1
07-07-2017-12:37:17:981 343848 344450 1
07-07-2017-12:37:18:015 344450 345052 1
07-07-2017-12:37:18:050 345052 345654 1
07-07-2017-12:37:18:098 345654 346256 1
07-07-2017-12:37:18:136 346256 346858 1
07-07-2017-12:37:18:171 346858 347460 1
07-07-2017-12:37:18:206 347460 348062 1
07-07-2017-12:37:18:241 348062 348664 1
07-07-2017-12:37:18:277 348664 349266 1
07-07-2017-12:37:18:323 349266 349868 1
07-07-2017-12:37:18:362 349868 350470 1
07-07-2017-12:37:18:398 350470 351072 1
07-07-2017-12:37:18:433 351072 351674 1
07-07-2017-12:37:18:469 351674 352276 1
07-07-2017-12:37:18:503 352276 352878 1
07-07-2017-12:37:18:552 352878 353480 1
07-07-2017-12:37:18:686 353480 354082 1
07-07-2017-12:37:18:687 354082 354684 1
07-07-2017-12:37:18:688 354684 355286 1
07-07-2017-12:37:18:694 355286 355888 1
07-07-2017-12:37:18:728 355888 356490 1
07-07-2017-12:37:18:775 356490 357092 1
07-07-2017-12:37:18:811 357092 357694 1
07-07-2017-12:37:18:847 357694 358296 1
07-07-2017-12:37:18:882 358296 358898 1
07-07-2017-12:37:18:920 358898 359500 1
07-07-2017-12:37:18:960 359500 360102 1
07-07-2017-12:37:18:996 360102 360704 1
07-07-2017-12:37:19:029 360704 361306 1
07-07-2017-12:37:19:076 361306 361908 1
07-07-2017-12:37:19:116 361908 362510 1
07-07-2017-12:37:19:152 362510 363112 1
07-07-2017-12:37:19:184 363112 363714 1
07-07-2017-12:37:19:221 363714 364316 1
07-07-2017-12:37:19:256 364316 364918 1
07-07-2017-12:37:19:302 364918 365520 1
07-07-2017-12:37:19:337 365520 366122 1
07-07-2017-12:37:19:376 366122 366724 1
07-07-2017-12:37:19:416 366724 367326 1
07-07-2017-12:37:19:453 367326 367928 1
07-07-2017-12:37:19:487 367928 368530 1
07-07-2017-12:37:19:523 368530 369132 1
07-07-2017-12:37:19:558 369132 369734 1
07-07-2017-12:37:19:595 369734 370336 1
07-07-2017-12:37:19:641 370336 370938 1
07-07-2017-12:37:19:677 370938 371540 1
07-07-2017-12:37:19:712 371540 372142 1
07-07-2017-12:37:19:747 372142 372744 1
07-07-2017-12:37:19:783 372744 373346 1
07-07-2017-12:37:19:822 373346 373948 1
07-07-2017-12:37:19:866 373948 374550 1
07-07-2017-12:37:19:902 374550 375152 1
07-07-2017-12:37:19:938 375152 375754 1
07-07-2017-12:37:19:974 375754 376356 1
07-07-2017-12:37:20:008 376356 376958 1
07-07-2017-12:37:20:054 376958 377560 1
07-07-2017-12:37:20:089 377560 378162 1
07-07-2017-12:37:20:125 378162 378764 1
07-07-2017-12:37:20:163 378764 379366 1
07-07-2017-12:37:20:202 379366 379968 1
07-07-2017-12:37:20:238 379968 380570 1
07-07-2017-12:37:20:274 380570 381172 1
07-07-2017-12:37:20:308 381172 381774 1
07-07-2017-12:37:20:355 381774 382376 1
07-07-2017-12:37:20:397 382376 382978 1
07-07-2017-12:37:20:428 382978 383580 1
07-07-2017-12:37:20:464 383580 384182 1
07-07-2017-12:37:20:499 384182 384784 1
07-07-2017-12:37:20:534 384784 385386 1
07-07-2017-12:37:20:581 385386 385988 1
07-07-2017-12:37:20:619 385988 386590 1
07-07-2017-12:37:20:647 386590 387192 1
07-07-2017-12:37:20:695 387192 387794 1
07-07-2017-12:37:20:729 387794 388396 1
07-07-2017-12:37:20:764 388396 388998 1
07-07-2017-12:37:20:799 388998 389600 1
07-07-2017-12:37:20:843 389600 390202 1
07-07-2017-12:37:20:878 390202 390804 1
07-07-2017-12:37:20:915 390804 391406 1
07-07-2017-12:37:20:947 391406 392008 1
07-07-2017-12:37:20:995 392008 392610 1
07-07-2017-12:37:21:029 392610 393212 1
07-07-2017-12:37:21:069 393212 393814 1
07-07-2017-12:37:21:104 393814 394416 1
07-07-2017-12:37:21:138 394416 395018 1
07-07-2017-12:37:21:176 395018 395620 1
07-07-2017-12:37:21:222 395620 396222 1
07-07-2017-12:37:21:257 396222 396824 1
07-07-2017-12:37:21:292 396824 397426 1
07-07-2017-12:37:21:333 397426 398028 1
07-07-2017-12:37:21:366 398028 398630 1
07-07-2017-12:37:21:400 398630 399232 1
07-07-2017-12:37:21:446 399232 399834 1
07-07-2017-12:37:21:482 399834 400436 1
07-07-2017-12:37:21:523 400436 401038 1
07-07-2017-12:37:21:557 401038 401640 1
07-07-2017-12:37:21:591 401640 402242 1
07-07-2017-12:37:21:632 402242 402844 1
07-07-2017-12:37:21:668 402844 403446 1
07-07-2017-12:37:21:893 403446 404048 1
07-07-2017-12:37:21:894 404048 404650 1
07-07-2017-12:37:21:894 404650 405252 1
07-07-2017-12:37:21:895 405252 405854 1
07-07-2017-12:37:21:895 405854 406456 1
07-07-2017-12:37:21:895 406456 407058 1
07-07-2017-12:37:21:931 407058 407660 1
07-07-2017-12:37:21:968 407660 408262 1
07-07-2017-12:37:22:002 408262 408864 1
07-07-2017-12:37:22:050 408864 409466 1
07-07-2017-12:37:22:085 409466 410068 1
07-07-2017-12:37:22:121 410068 410670 1
07-07-2017-12:37:22:158 410670 411272 1
07-07-2017-12:37:22:191 411272 411874 1
07-07-2017-12:37:22:230 411874 412476 1
07-07-2017-12:37:22:275 412476 413078 1
07-07-2017-12:37:22:308 413078 413680 1
07-07-2017-12:37:22:350 413680 414282 1
07-07-2017-12:37:22:383 414282 414884 1
07-07-2017-12:37:22:419 414884 415486 1
07-07-2017-12:37:22:452 415486 416088 1
07-07-2017-12:37:22:501 416088 416690 1
07-07-2017-12:37:22:536 416690 417292 1
07-07-2017-12:37:22:570 417292 417894 1
07-07-2017-12:37:22:609 417894 418496 1
07-07-2017-12:37:22:643 418496 419098 1
07-07-2017-12:37:22:678 419098 419700 1
07-07-2017-12:37:22:727 419700 420302 1
07-07-2017-12:37:22:760 420302 420904 1
07-07-2017-12:37:22:798 420904 421506 1
07-07-2017-12:37:22:836 421506 422108 1
07-07-2017-12:37:22:870 422108 422710 1
07-07-2017-12:37:22:906 422710 423312 1
07-07-2017-12:37:22:952 423312 423914 1
07-07-2017-12:37:22:987 423914 424516 1
07-07-2017-12:37:23:021 424516 425118 1
07-07-2017-12:37:23:057 425118 425720 1
07-07-2017-12:37:23:104 425720 426322 1
07-07-2017-12:37:23:140 426322 426924 1
07-07-2017-12:37:23:174 426924 427526 1
07-07-2017-12:37:23:209 427526 428128 1
07-07-2017-12:37:23:248 428128 428730 1
07-07-2017-12:37:23:282 428730 429332 1
07-07-2017-12:37:23:317 429332 429934 1
07-07-2017-12:37:23:366 429934 430536 1
07-07-2017-12:37:23:400 430536 431138 1
07-07-2017-12:37:23:435 431138 431740 1
07-07-2017-12:37:23:470 431740 432342 1
07-07-2017-12:37:23:509 432342 432944 1
07-07-2017-12:37:23:545 432944 433546 1
07-07-2017-12:37:23:589 433546 434148 1
07-07-2017-12:37:23:626 434148 434750 1
07-07-2017-12:37:23:661 434750 435352 1
07-07-2017-12:37:23:697 435352 435954 1
07-07-2017-12:37:23:749 435954 436556 1
07-07-2017-12:37:23:773 436556 437158 1
07-07-2017-12:37:23:811 437158 437760 1
07-07-2017-12:37:23:856 437760 438362 1
07-07-2017-12:37:23:891 438362 438964 1
07-07-2017-12:37:23:925 438964 439566 1
07-07-2017-12:37:23:960 439566 440168 1
07-07-2017-12:37:23:996 440168 440770 1
07-07-2017-12:37:24:035 440770 441372 1
07-07-2017-12:37:24:081 441372 441974 1
07-07-2017-12:37:24:115 441974 442576 1
07-07-2017-12:37:24:151 442576 443178 1
07-07-2017-12:37:24:187 443178 443780 1
07-07-2017-12:37:24:222 443780 444382 1
07-07-2017-12:37:24:260 444382 444984 1
07-07-2017-12:37:24:299 444984 445586 1
07-07-2017-12:37:24:335 445586 446188 1
07-07-2017-12:37:24:382 446188 446790 1
07-07-2017-12:37:24:418 446790 447392 1
07-07-2017-12:37:24:453 447392 447994 1
07-07-2017-12:37:24:487 447994 448596 1
07-07-2017-12:37:24:527 448596 449198 1
07-07-2017-12:37:24:562 449198 449800 1
07-07-2017-12:37:24:609 449800 450402 1
07-07-2017-12:37:24:645 450402 451004 1
07-07-2017-12:37:24:683 451004 451606 1
07-07-2017-12:37:24:717 451606 452208 1
07-07-2017-12:37:24:753 452208 452810 1
07-07-2017-12:37:24:787 452810 453412 1
07-07-2017-12:37:25:015 453412 454014 1
07-07-2017-12:37:25:016 454014 454616 1
07-07-2017-12:37:25:016 454616 455218 1
07-07-2017-12:37:25:016 455218 455820 1
07-07-2017-12:37:25:016 455820 456422 1
07-07-2017-12:37:25:016 456422 457024 1
07-07-2017-12:37:25:059 457024 457626 1
07-07-2017-12:37:25:093 457626 458228 1
07-07-2017-12:37:25:129 458228 458830 1
07-07-2017-12:37:25:169 458830 459432 1
07-07-2017-12:37:25:204 459432 460034 1
07-07-2017-12:37:25:240 460034 460636 1
07-07-2017-12:37:25:285 460636 461238 1
07-07-2017-12:37:25:320 461238 461840 1
07-07-2017-12:37:25:356 461840 462442 1
07-07-2017-12:37:25:395 462442 463044 1
07-07-2017-12:37:25:430 463044 463646 1
07-07-2017-12:37:25:464 463646 464248 1
07-07-2017-12:37:25:512 464248 464850 1
07-07-2017-12:37:25:547 464850 465452 1
07-07-2017-12:37:25:581 465452 466054 1
07-07-2017-12:37:25:625 466054 466656 1
07-07-2017-12:37:25:660 466656 467258 1
07-07-2017-12:37:25:696 467258 467860 1
07-07-2017-12:37:25:731 467860 468462 1
07-07-2017-12:37:25:766 468462 469064 1
07-07-2017-12:37:25:812 469064 469666 1
07-07-2017-12:37:25:839 469666 470268 1
07-07-2017-12:37:25:885 470268 470870 1
07-07-2017-12:37:25:921 470870 471472 1
07-07-2017-12:37:25:957 471472 472074 1
07-07-2017-12:37:25:991 472074 472676 1
07-07-2017-12:37:26:038 472676 473278 1
07-07-2017-12:37:26:077 473278 473880 1
07-07-2017-12:37:26:112 473880 474482 1
07-07-2017-12:37:26:147 474482 475084 1
07-07-2017-12:37:26:182 475084 475686 1
07-07-2017-12:37:26:217 475686 476288 1
07-07-2017-12:37:26:265 476288 476890 1
07-07-2017-12:37:26:302 476890 477492 1
07-07-2017-12:37:26:331 477492 478094 1
07-07-2017-12:37:26:367 478094 478696 1
07-07-2017-12:37:26:414 478696 479298 1
07-07-2017-12:37:26:447 479298 479900 1
07-07-2017-12:37:26:484 479900 480502 1
07-07-2017-12:37:26:517 480502 481104 1
07-07-2017-12:37:26:564 481104 481706 1
07-07-2017-12:37:26:600 481706 482308 1
07-07-2017-12:37:26:639 482308 482910 1
07-07-2017-12:37:26:678 482910 483512 1
07-07-2017-12:37:26:719 483512 484114 1
07-07-2017-12:37:26:747 484114 484716 1
07-07-2017-12:37:26:779 484716 485318 1
07-07-2017-12:37:26:826 485318 485920 1
07-07-2017-12:37:26:868 485920 486522 1
07-07-2017-12:37:26:901 486522 487124 1
07-07-2017-12:37:26:936 487124 487726 1
07-07-2017-12:37:26:973 487726 488328 1
07-07-2017-12:37:27:007 488328 488930 1
07-07-2017-12:37:27:058 488930 489532 1
07-07-2017-12:37:27:086 489532 490134 1
07-07-2017-12:37:27:120 490134 490736 1
07-07-2017-12:37:27:166 490736 491338 1
07-07-2017-12:37:27:202 491338 491940 1
07-07-2017-12:37:27:239 491940 492542 1
07-07-2017-12:37:27:271 492542 493144 1
07-07-2017-12:37:27:312 493144 493746 1
07-07-2017-12:37:27:347 493746 494348 1
07-07-2017-12:37:27:381 494348 494950 1
07-07-2017-12:37:27:430 494950 495552 1
07-07-2017-12:37:27:463 495552 496154 1
07-07-2017-12:37:27:499 496154 496756 1
07-07-2017-12:37:27:543 496756 497358 1
07-07-2017-12:37:27:577 497358 497960 1
07-07-2017-12:37:27:613 497960 498562 1
07-07-2017-12:37:27:648 498562 499164 1
07-07-2017-12:37:27:697 499164 499766 1
07-07-2017-12:37:27:722 499766 500368 1
07-07-2017-12:37:27:768 500368 500970 1
07-07-2017-12:37:27:802 500970 501572 1
07-07-2017-12:37:27:839 501572 502174 1
07-07-2017-12:37:27:874 502174 502776 1
07-07-2017-12:37:27:920 502776 503378 1
07-07-2017-12:37:28:146 503378 503980 1
07-07-2017-12:37:28:147 503980 504582 1
07-07-2017-12:37:28:147 504582 505184 1
07-07-2017-12:37:28:148 505184 505786 1
07-07-2017-12:37:28:148 505786 506388 1
07-07-2017-12:37:28:150 506388 506990 1
07-07-2017-12:37:28:174 506990 507592 1
07-07-2017-12:37:28:220 507592 508194 1
07-07-2017-12:37:28:256 508194 508796 1
07-07-2017-12:37:28:290 508796 509398 1
07-07-2017-12:37:28:326 509398 510000 1
07-07-2017-12:37:28:364 510000 510602 1
07-07-2017-12:37:28:400 510602 511204 1
07-07-2017-12:37:28:446 511204 511806 1
07-07-2017-12:37:28:482 511806 512408 1
07-07-2017-12:37:28:518 512408 513010 1
07-07-2017-12:37:28:552 513010 513612 1
07-07-2017-12:37:28:591 513612 514214 1
07-07-2017-12:37:28:626 514214 514816 1
07-07-2017-12:37:28:672 514816 515418 1
07-07-2017-12:37:28:706 515418 516020 1
07-07-2017-12:37:28:742 516020 516622 1
07-07-2017-12:37:28:782 516622 517224 1
07-07-2017-12:37:28:815 517224 517826 1
07-07-2017-12:37:28:851 517826 518428 1
07-07-2017-12:37:28:898 518428 519030 1
07-07-2017-12:37:28:932 519030 519632 1
07-07-2017-12:37:28:969 519632 520234 1
07-07-2017-12:37:29:010 520234 520836 1
07-07-2017-12:37:29:043 520836 521438 1
07-07-2017-12:37:29:078 521438 522040 1
07-07-2017-12:37:29:114 522040 522642 1
07-07-2017-12:37:29:161 522642 523244 1
07-07-2017-12:37:29:194 523244 523846 1
07-07-2017-12:37:29:234 523846 524448 1
07-07-2017-12:37:29:269 524448 525050 1
07-07-2017-12:37:29:304 525050 525652 1
07-07-2017-12:37:29:341 525652 526254 1
07-07-2017-12:37:29:385 526254 526856 1
07-07-2017-12:37:29:430 526856 527458 1
07-07-2017-12:37:29:453 527458 528060 1
07-07-2017-12:37:29:499 528060 528662 1
07-07-2017-12:37:29:535 528662 529264 1
07-07-2017-12:37:29:565 529264 529866 1
07-07-2017-12:37:29:611 529866 530468 1
07-07-2017-12:37:29:650 530468 531070 1
07-07-2017-12:37:29:687 531070 531672 1
07-07-2017-12:37:29:721 531672 532274 1
07-07-2017-12:37:29:754 532274 532876 1
07-07-2017-12:37:29:796 532876 533478 1
07-07-2017-12:37:29:830 533478 534080 1
07-07-2017-12:37:29:871 534080 534682 1
07-07-2017-12:37:29:905 534682 535284 1
07-07-2017-12:37:29:940 535284 535886 1
07-07-2017-12:37:29:987 535886 536488 1
07-07-2017-12:37:30:023 536488 537090 1
07-07-2017-12:37:30:061 537090 537692 1
07-07-2017-12:37:30:096 537692 538294 1
07-07-2017-12:37:30:132 538294 538896 1
07-07-2017-12:37:30:168 538896 539498 1
07-07-2017-12:37:30:216 539498 540100 1
07-07-2017-12:37:30:249 540100 540702 1
07-07-2017-12:37:30:289 540702 541304 1
07-07-2017-12:37:30:324 541304 541906 1
07-07-2017-12:37:30:358 541906 542508 1
07-07-2017-12:37:30:393 542508 543110 1
07-07-2017-12:37:30:440 543110 543712 1
07-07-2017-12:37:30:476 543712 544314 1
07-07-2017-12:37:30:512 544314 544916 1
07-07-2017-12:37:30:554 544916 545518 1
07-07-2017-12:37:30:585 545518 546120 1
07-07-2017-12:37:30:621 546120 546722 1
07-07-2017-12:37:30:660 546722 547324 1
07-07-2017-12:37:30:703 547324 547926 1
07-07-2017-12:37:30:735 547926 548528 1
07-07-2017-12:37:30:771 548528 549130 1
07-07-2017-12:37:30:806 549130 549732 1
07-07-2017-12:37:30:855 549732 550334 1
07-07-2017-12:37:30:891 550334 550936 1
07-07-2017-12:37:30:927 550936 551538 1
07-07-2017-12:37:30:962 551538 552140 1
07-07-2017-12:37:30:997 552140 552742 1
07-07-2017-12:37:31:034 552742 553344 1
07-07-2017-12:37:31:309 553344 553946 1
