13-07-2017-16:34:08:835 0 800 1
13-07-2017-16:34:08:856 800 1600 1
13-07-2017-16:34:08:910 1600 2387 1
13-07-2017-16:34:08:950 2387 3174 1
13-07-2017-16:34:09:003 3174 3960 1
13-07-2017-16:34:09:055 3960 4746 1
13-07-2017-16:34:09:103 4746 5532 1
13-07-2017-16:34:09:148 5532 6318 1
13-07-2017-16:34:09:193 6318 7104 1
13-07-2017-16:34:09:247 7104 7880 1
13-07-2017-16:34:09:298 7880 8656 1
13-07-2017-16:34:09:346 8656 9432 1
13-07-2017-16:34:09:392 9432 10208 1
13-07-2017-16:34:09:438 10208 10984 1
13-07-2017-16:34:09:486 10984 11760 1
13-07-2017-16:34:09:531 11760 12536 1
13-07-2017-16:34:09:584 12536 13294 1
13-07-2017-16:34:09:639 13294 14052 1
13-07-2017-16:34:09:684 14052 14810 1
13-07-2017-16:34:09:730 14810 15568 1
13-07-2017-16:34:09:777 15568 16326 1
13-07-2017-16:34:09:825 16326 17084 1
13-07-2017-16:34:09:871 17084 17842 1
13-07-2017-16:34:09:916 17842 18600 1
13-07-2017-16:34:09:965 18600 19358 1
13-07-2017-16:34:10:010 19358 20116 1
13-07-2017-16:34:10:058 20116 20874 1
13-07-2017-16:34:10:103 20874 21632 1
13-07-2017-16:34:10:157 21632 22390 1
13-07-2017-16:34:10:237 22390 23148 1
13-07-2017-16:34:10:250 23148 23906 1
13-07-2017-16:34:10:297 23906 24664 1
13-07-2017-16:34:10:343 24664 25422 1
13-07-2017-16:34:10:395 25422 26174 1
13-07-2017-16:34:10:437 26174 26926 1
13-07-2017-16:34:10:490 26926 27678 1
13-07-2017-16:34:10:532 27678 28430 1
13-07-2017-16:34:10:579 28430 29182 1
13-07-2017-16:34:10:625 29182 29934 1
13-07-2017-16:34:10:670 29934 30686 1
13-07-2017-16:34:10:716 30686 31438 1
13-07-2017-16:34:10:796 31438 32190 1
13-07-2017-16:34:10:830 32190 32942 1
13-07-2017-16:34:10:860 32942 33694 1
13-07-2017-16:34:10:917 33694 34294 1
13-07-2017-16:34:10:934 34294 34894 1
13-07-2017-16:34:10:969 34894 35494 1
13-07-2017-16:34:11:014 35494 36094 1
13-07-2017-16:34:11:049 36094 36694 1
13-07-2017-16:34:11:086 36694 37294 1
13-07-2017-16:34:11:121 37294 37894 1
13-07-2017-16:34:11:154 37894 38494 1
13-07-2017-16:34:11:202 38494 39094 1
13-07-2017-16:34:11:236 39094 39694 1
13-07-2017-16:34:11:271 39694 40294 1
13-07-2017-16:34:11:306 40294 40894 1
13-07-2017-16:34:11:346 40894 41494 1
13-07-2017-16:34:11:381 41494 42094 1
13-07-2017-16:34:11:427 42094 42694 1
13-07-2017-16:34:11:462 42694 43294 1
13-07-2017-16:34:11:497 43294 43894 1
13-07-2017-16:34:11:565 43894 44494 1
13-07-2017-16:34:11:569 44494 45094 1
13-07-2017-16:34:11:615 45094 45694 1
13-07-2017-16:34:11:650 45694 46294 1
13-07-2017-16:34:11:686 46294 46894 1
13-07-2017-16:34:11:720 46894 47494 1
13-07-2017-16:34:11:755 47494 48094 1
13-07-2017-16:34:11:802 48094 48694 1
13-07-2017-16:34:11:837 48694 49294 1
13-07-2017-16:34:11:900 49294 49894 1
13-07-2017-16:34:11:910 49894 50494 1
13-07-2017-16:34:11:957 50494 51094 1
13-07-2017-16:34:12:018 51094 51694 1
13-07-2017-16:34:12:022 51694 52294 1
13-07-2017-16:34:12:059 52294 52894 1
13-07-2017-16:34:12:094 52894 53494 1
13-07-2017-16:34:12:129 53494 54094 1
13-07-2017-16:34:12:168 54094 54694 1
13-07-2017-16:34:12:204 54694 55294 1
13-07-2017-16:34:12:300 55294 55894 1
13-07-2017-16:34:12:300 55894 56494 1
13-07-2017-16:34:12:331 56494 57094 1
13-07-2017-16:34:12:363 57094 57694 1
13-07-2017-16:34:12:401 57694 58294 1
13-07-2017-16:34:12:437 58294 58894 1
13-07-2017-16:34:12:472 58894 59494 1
13-07-2017-16:34:12:507 59494 60094 1
13-07-2017-16:34:12:549 60094 60694 1
13-07-2017-16:34:12:583 60694 61294 1
13-07-2017-16:34:12:650 61294 61894 1
13-07-2017-16:34:12:665 61894 62494 1
13-07-2017-16:34:12:699 62494 63094 1
13-07-2017-16:34:12:734 63094 63694 1
13-07-2017-16:34:12:772 63694 64294 1
13-07-2017-16:34:12:806 64294 64894 1
13-07-2017-16:34:12:851 64894 65494 1
13-07-2017-16:34:12:887 65494 66094 1
13-07-2017-16:34:12:922 66094 66694 1
