05-07-2017-10:19:46:043 0 800 1
05-07-2017-10:19:46:094 800 1600 1
05-07-2017-10:19:46:140 1600 2400 1
05-07-2017-10:19:46:192 2400 3200 1
05-07-2017-10:19:46:238 3200 4000 1
05-07-2017-10:19:46:289 4000 4787 1
05-07-2017-10:19:46:337 4787 5574 1
05-07-2017-10:19:46:389 5574 6334 1
05-07-2017-10:19:46:433 6334 7094 1
05-07-2017-10:19:46:479 7094 7854 1
05-07-2017-10:19:46:527 7854 8614 1
05-07-2017-10:19:46:574 8614 9374 1
05-07-2017-10:19:46:618 9374 10134 1
05-07-2017-10:19:46:671 10134 10880 1
05-07-2017-10:19:46:714 10880 11626 1
05-07-2017-10:19:46:759 11626 12372 1
05-07-2017-10:19:46:806 12372 13118 1
05-07-2017-10:19:46:858 13118 13864 1
05-07-2017-10:19:46:905 13864 14610 1
05-07-2017-10:19:46:951 14610 15356 1
05-07-2017-10:19:46:997 15356 16102 1
05-07-2017-10:19:47:046 16102 16848 1
05-07-2017-10:19:47:090 16848 17594 1
05-07-2017-10:19:47:136 17594 18340 1
05-07-2017-10:19:47:184 18340 19086 1
05-07-2017-10:19:47:228 19086 19832 1
05-07-2017-10:19:47:278 19832 20578 1
05-07-2017-10:19:47:326 20578 21324 1
05-07-2017-10:19:47:372 21324 22070 1
05-07-2017-10:19:47:417 22070 22816 1
05-07-2017-10:19:47:464 22816 23562 1
05-07-2017-10:19:47:512 23562 24308 1
05-07-2017-10:19:47:563 24308 25054 1
05-07-2017-10:19:47:608 25054 25800 1
05-07-2017-10:19:47:655 25800 26546 1
05-07-2017-10:19:47:703 26546 27292 1
05-07-2017-10:19:47:749 27292 28038 1
05-07-2017-10:19:47:794 28038 28784 1
05-07-2017-10:19:47:846 28784 29530 1
05-07-2017-10:19:47:881 29530 30276 1
05-07-2017-10:19:47:928 30276 31022 1
05-07-2017-10:19:47:975 31022 31768 1
05-07-2017-10:19:48:023 31768 32514 1
05-07-2017-10:19:48:067 32514 33260 1
05-07-2017-10:19:48:113 33260 34006 1
05-07-2017-10:19:48:161 34006 34752 1
05-07-2017-10:19:48:212 34752 35498 1
05-07-2017-10:19:48:259 35498 36244 1
05-07-2017-10:19:48:305 36244 36990 1
05-07-2017-10:19:48:351 36990 37736 1
05-07-2017-10:19:48:397 37736 38482 1
05-07-2017-10:19:48:445 38482 39228 1
05-07-2017-10:19:48:492 39228 39974 1
05-07-2017-10:19:48:537 39974 40720 1
05-07-2017-10:19:48:586 40720 41466 1
05-07-2017-10:19:48:632 41466 42212 1
05-07-2017-10:19:48:679 42212 42958 1
05-07-2017-10:19:48:725 42958 43704 1
05-07-2017-10:19:48:772 43704 44450 1
05-07-2017-10:19:48:824 44450 45196 1
05-07-2017-10:19:48:867 45196 45942 1
05-07-2017-10:19:48:909 45942 46688 1
05-07-2017-10:19:48:955 46688 47434 1
05-07-2017-10:19:49:003 47434 48180 1
05-07-2017-10:19:49:048 48180 48926 1
05-07-2017-10:19:49:096 48926 49672 1
05-07-2017-10:19:49:316 49672 50418 1
05-07-2017-10:19:49:317 50418 51164 1
05-07-2017-10:19:49:318 51164 51910 1
05-07-2017-10:19:49:318 51910 52656 1
05-07-2017-10:19:49:334 52656 53402 1
05-07-2017-10:19:49:379 53402 54148 1
05-07-2017-10:19:49:425 54148 54894 1
05-07-2017-10:19:49:464 54894 55640 1
05-07-2017-10:19:49:512 55640 56386 1
05-07-2017-10:19:49:558 56386 57132 1
05-07-2017-10:19:49:605 57132 57878 1
05-07-2017-10:19:49:651 57878 58624 1
05-07-2017-10:19:49:698 58624 59370 1
05-07-2017-10:19:49:749 59370 60116 1
05-07-2017-10:19:49:796 60116 60862 1
05-07-2017-10:19:49:841 60862 61608 1
05-07-2017-10:19:49:888 61608 62354 1
05-07-2017-10:19:49:935 62354 63100 1
05-07-2017-10:19:49:982 63100 63846 1
05-07-2017-10:19:50:028 63846 64592 1
05-07-2017-10:19:50:070 64592 65338 1
05-07-2017-10:19:50:116 65338 66084 1
05-07-2017-10:19:50:163 66084 66830 1
05-07-2017-10:19:50:210 66830 67576 1
05-07-2017-10:19:50:256 67576 68322 1
05-07-2017-10:19:50:308 68322 69068 1
05-07-2017-10:19:50:356 69068 69814 1
05-07-2017-10:19:50:402 69814 70560 1
05-07-2017-10:19:50:447 70560 71306 1
05-07-2017-10:19:50:495 71306 72052 1
05-07-2017-10:19:50:542 72052 72798 1
05-07-2017-10:19:50:588 72798 73544 1
05-07-2017-10:19:50:642 73544 74267 1
05-07-2017-10:19:50:679 74267 74990 1
05-07-2017-10:19:50:726 74990 75713 1
05-07-2017-10:19:50:772 75713 76436 1
05-07-2017-10:19:50:819 76436 77159 1
05-07-2017-10:19:50:853 77159 77882 1
05-07-2017-10:19:50:901 77882 78605 1
05-07-2017-10:19:50:954 78605 79328 1
05-07-2017-10:19:50:999 79328 80051 1
05-07-2017-10:19:51:034 80051 80774 1
05-07-2017-10:19:51:081 80774 81497 1
05-07-2017-10:19:51:127 81497 82220 1
05-07-2017-10:19:51:174 82220 82943 1
05-07-2017-10:19:51:221 82943 83666 1
05-07-2017-10:19:51:273 83666 84389 1
05-07-2017-10:19:51:308 84389 85112 1
05-07-2017-10:19:51:355 85112 85835 1
05-07-2017-10:19:51:401 85835 86558 1
05-07-2017-10:19:51:447 86558 87281 1
05-07-2017-10:19:51:494 87281 88004 1
05-07-2017-10:19:51:541 88004 88727 1
05-07-2017-10:19:51:589 88727 89450 1
05-07-2017-10:19:51:622 89450 90173 1
05-07-2017-10:19:51:670 90173 90896 1
05-07-2017-10:19:51:716 90896 91619 1
05-07-2017-10:19:51:763 91619 92342 1
05-07-2017-10:19:51:813 92342 93065 1
05-07-2017-10:19:51:848 93065 93788 1
05-07-2017-10:19:51:896 93788 94511 1
05-07-2017-10:19:51:942 94511 95234 1
05-07-2017-10:19:51:987 95234 95957 1
05-07-2017-10:19:52:035 95957 96680 1
05-07-2017-10:19:52:085 96680 97403 1
05-07-2017-10:19:52:122 97403 98126 1
05-07-2017-10:19:52:168 98126 98849 1
05-07-2017-10:19:52:214 98849 99572 1
05-07-2017-10:19:52:261 99572 100295 1
05-07-2017-10:19:52:456 100295 101018 1
05-07-2017-10:19:52:457 101018 101741 1
05-07-2017-10:19:52:457 101741 102464 1
05-07-2017-10:19:52:458 102464 103187 1
05-07-2017-10:19:52:487 103187 103910 1
05-07-2017-10:19:52:534 103910 104633 1
05-07-2017-10:19:52:581 104633 105356 1
05-07-2017-10:19:52:626 105356 106079 1
05-07-2017-10:19:52:661 106079 106802 1
05-07-2017-10:19:52:713 106802 107525 1
05-07-2017-10:19:52:761 107525 108248 1
05-07-2017-10:19:52:806 108248 108971 1
05-07-2017-10:19:52:842 108971 109694 1
05-07-2017-10:19:52:888 109694 110417 1
05-07-2017-10:19:52:934 110417 111140 1
05-07-2017-10:19:52:983 111140 111863 1
05-07-2017-10:19:53:033 111863 112586 1
05-07-2017-10:19:53:074 112586 113309 1
05-07-2017-10:19:53:117 113309 114032 1
05-07-2017-10:19:53:164 114032 114755 1
05-07-2017-10:19:53:209 114755 115478 1
05-07-2017-10:19:53:256 115478 116201 1
05-07-2017-10:19:53:303 116201 116924 1
05-07-2017-10:19:53:350 116924 117647 1
05-07-2017-10:19:53:394 117647 118370 1
05-07-2017-10:19:53:440 118370 119093 1
05-07-2017-10:19:53:474 119093 119816 1
05-07-2017-10:19:53:521 119816 120539 1
05-07-2017-10:19:53:567 120539 121262 1
05-07-2017-10:19:53:615 121262 121985 1
05-07-2017-10:19:53:660 121985 122708 1
05-07-2017-10:19:53:702 122708 123431 1
05-07-2017-10:19:53:747 123431 124154 1
05-07-2017-10:19:53:795 124154 124877 1
05-07-2017-10:19:53:841 124877 125600 1
05-07-2017-10:19:53:886 125600 126323 1
05-07-2017-10:19:53:934 126323 127046 1
05-07-2017-10:19:53:979 127046 127769 1
05-07-2017-10:19:54:025 127769 128492 1
05-07-2017-10:19:54:071 128492 129215 1
05-07-2017-10:19:54:118 129215 129938 1
05-07-2017-10:19:54:154 129938 130661 1
05-07-2017-10:19:54:200 130661 131384 1
05-07-2017-10:19:54:247 131384 132107 1
05-07-2017-10:19:54:299 132107 132830 1
05-07-2017-10:19:54:346 132830 133553 1
05-07-2017-10:19:54:380 133553 134276 1
05-07-2017-10:19:54:426 134276 134999 1
05-07-2017-10:19:54:473 134999 135722 1
05-07-2017-10:19:54:518 135722 136445 1
05-07-2017-10:19:54:566 136445 137168 1
05-07-2017-10:19:54:611 137168 137891 1
05-07-2017-10:19:54:659 137891 138614 1
05-07-2017-10:19:54:706 138614 139337 1
05-07-2017-10:19:54:739 139337 140060 1
05-07-2017-10:19:54:791 140060 140783 1
05-07-2017-10:19:54:838 140783 141506 1
05-07-2017-10:19:54:884 141506 142229 1
05-07-2017-10:19:54:931 142229 142952 1
05-07-2017-10:19:54:966 142952 143675 1
05-07-2017-10:19:55:014 143675 144398 1
05-07-2017-10:19:55:066 144398 145121 1
05-07-2017-10:19:55:111 145121 145844 1
05-07-2017-10:19:55:161 145844 146567 1
05-07-2017-10:19:55:193 146567 147290 1
05-07-2017-10:19:55:241 147290 148013 1
05-07-2017-10:19:55:285 148013 148736 1
05-07-2017-10:19:55:332 148736 149459 1
05-07-2017-10:19:55:378 149459 150182 1
05-07-2017-10:19:55:419 150182 150905 1
05-07-2017-10:19:55:652 150905 151628 1
05-07-2017-10:19:55:653 151628 152351 1
05-07-2017-10:19:55:654 152351 153074 1
05-07-2017-10:19:55:654 153074 153797 1
05-07-2017-10:19:55:654 153797 154520 1
05-07-2017-10:19:55:698 154520 155243 1
05-07-2017-10:19:55:745 155243 155966 1
05-07-2017-10:19:55:790 155966 156689 1
05-07-2017-10:19:55:823 156689 157412 1
05-07-2017-10:19:55:871 157412 158135 1
05-07-2017-10:19:55:916 158135 158858 1
05-07-2017-10:19:55:963 158858 159581 1
05-07-2017-10:19:56:015 159581 160214 1
05-07-2017-10:19:56:040 160214 160847 1
05-07-2017-10:19:56:089 160847 161480 1
05-07-2017-10:19:56:125 161480 162113 1
05-07-2017-10:19:56:159 162113 162746 1
05-07-2017-10:19:56:206 162746 163379 1
05-07-2017-10:19:56:241 163379 164012 1
05-07-2017-10:19:56:278 164012 164645 1
05-07-2017-10:19:56:323 164645 165278 1
05-07-2017-10:19:56:363 165278 165911 1
05-07-2017-10:19:56:397 165911 166544 1
05-07-2017-10:19:56:443 166544 167177 1
05-07-2017-10:19:56:478 167177 167810 1
05-07-2017-10:19:56:513 167810 168443 1
05-07-2017-10:19:56:560 168443 169076 1
05-07-2017-10:19:56:600 169076 169709 1
05-07-2017-10:19:56:633 169709 170342 1
05-07-2017-10:19:56:681 170342 170975 1
05-07-2017-10:19:56:715 170975 171608 1
05-07-2017-10:19:56:762 171608 172241 1
05-07-2017-10:19:56:796 172241 172874 1
05-07-2017-10:19:56:829 172874 173507 1
05-07-2017-10:19:56:877 173507 174140 1
05-07-2017-10:19:56:912 174140 174773 1
05-07-2017-10:19:56:959 174773 175406 1
05-07-2017-10:19:56:993 175406 176039 1
05-07-2017-10:19:57:029 176039 176672 1
05-07-2017-10:19:57:079 176672 177305 1
05-07-2017-10:19:57:113 177305 177938 1
05-07-2017-10:19:57:150 177938 178571 1
05-07-2017-10:19:57:195 178571 179204 1
05-07-2017-10:19:57:230 179204 179837 1
05-07-2017-10:19:57:280 179837 180470 1
05-07-2017-10:19:57:317 180470 181103 1
05-07-2017-10:19:57:351 181103 181736 1
05-07-2017-10:19:57:388 181736 182369 1
05-07-2017-10:19:57:432 182369 183002 1
05-07-2017-10:19:57:467 183002 183635 1
05-07-2017-10:19:57:506 183635 184268 1
05-07-2017-10:19:57:556 184268 184901 1
05-07-2017-10:19:57:591 184901 185534 1
05-07-2017-10:19:57:627 185534 186167 1
05-07-2017-10:19:57:662 186167 186800 1
05-07-2017-10:19:57:702 186800 187433 1
05-07-2017-10:19:57:749 187433 188066 1
05-07-2017-10:19:57:783 188066 188699 1
05-07-2017-10:19:57:829 188699 189332 1
05-07-2017-10:19:57:864 189332 189965 1
05-07-2017-10:19:57:904 189965 190598 1
05-07-2017-10:19:57:940 190598 191231 1
05-07-2017-10:19:57:985 191231 191864 1
05-07-2017-10:19:58:020 191864 192497 1
05-07-2017-10:19:58:066 192497 193130 1
05-07-2017-10:19:58:106 193130 193763 1
05-07-2017-10:19:58:142 193763 194396 1
05-07-2017-10:19:58:177 194396 195029 1
05-07-2017-10:19:58:224 195029 195662 1
05-07-2017-10:19:58:258 195662 196295 1
05-07-2017-10:19:58:305 196295 196928 1
05-07-2017-10:19:58:345 196928 197561 1
05-07-2017-10:19:58:380 197561 198194 1
05-07-2017-10:19:58:414 198194 198827 1
05-07-2017-10:19:58:460 198827 199460 1
05-07-2017-10:19:58:495 199460 200093 1
05-07-2017-10:19:58:532 200093 200726 1
05-07-2017-10:19:58:578 200726 201359 1
05-07-2017-10:19:58:838 201359 201992 1
05-07-2017-10:19:58:839 201992 202625 1
05-07-2017-10:19:58:839 202625 203258 1
05-07-2017-10:19:58:840 203258 203891 1
05-07-2017-10:19:58:840 203891 204524 1
05-07-2017-10:19:58:840 204524 205157 1
05-07-2017-10:19:58:852 205157 205790 1
05-07-2017-10:19:58:893 205790 206423 1
05-07-2017-10:19:58:931 206423 207056 1
05-07-2017-10:19:58:975 207056 207689 1
05-07-2017-10:19:59:011 207689 208322 1
05-07-2017-10:19:59:044 208322 208955 1
05-07-2017-10:19:59:091 208955 209588 1
05-07-2017-10:19:59:124 209588 210221 1
05-07-2017-10:19:59:170 210221 210854 1
05-07-2017-10:19:59:206 210854 211487 1
05-07-2017-10:19:59:253 211487 212120 1
05-07-2017-10:19:59:287 212120 212753 1
05-07-2017-10:19:59:331 212753 213386 1
05-07-2017-10:19:59:368 213386 214019 1
05-07-2017-10:19:59:401 214019 214652 1
05-07-2017-10:19:59:448 214652 215285 1
05-07-2017-10:19:59:484 215285 215918 1
05-07-2017-10:19:59:523 215918 216551 1
05-07-2017-10:19:59:570 216551 217184 1
05-07-2017-10:19:59:604 217184 217817 1
05-07-2017-10:19:59:640 217817 218450 1
05-07-2017-10:19:59:687 218450 219083 1
05-07-2017-10:19:59:727 219083 219716 1
05-07-2017-10:19:59:762 219716 220349 1
05-07-2017-10:19:59:809 220349 220982 1
05-07-2017-10:19:59:842 220982 221615 1
05-07-2017-10:19:59:878 221615 222248 1
05-07-2017-10:19:59:923 222248 222881 1
05-07-2017-10:19:59:957 222881 223514 1
05-07-2017-10:20:00:007 223514 224147 1
05-07-2017-10:20:00:039 224147 224780 1
05-07-2017-10:20:00:073 224780 225413 1
05-07-2017-10:20:00:121 225413 226046 1
05-07-2017-10:20:00:155 226046 226679 1
05-07-2017-10:20:00:207 226679 227312 1
05-07-2017-10:20:00:240 227312 227945 1
05-07-2017-10:20:00:277 227945 228578 1
05-07-2017-10:20:00:311 228578 229211 1
05-07-2017-10:20:00:358 229211 229844 1
05-07-2017-10:20:00:392 229844 230477 1
05-07-2017-10:20:00:439 230477 231110 1
05-07-2017-10:20:00:474 231110 231743 1
05-07-2017-10:20:00:509 231743 232376 1
05-07-2017-10:20:00:549 232376 233009 1
05-07-2017-10:20:00:594 233009 233642 1
05-07-2017-10:20:00:629 233642 234275 1
05-07-2017-10:20:00:676 234275 234908 1
05-07-2017-10:20:00:710 234908 235541 1
05-07-2017-10:20:00:757 235541 236174 1
05-07-2017-10:20:00:792 236174 236807 1
05-07-2017-10:20:00:829 236807 237440 1
05-07-2017-10:20:00:873 237440 238073 1
05-07-2017-10:20:00:906 238073 238706 1
05-07-2017-10:20:00:951 238706 239339 1
05-07-2017-10:20:00:991 239339 239972 1
05-07-2017-10:20:01:034 239972 240605 1
05-07-2017-10:20:01:069 240605 241238 1
05-07-2017-10:20:01:103 241238 241871 1
05-07-2017-10:20:01:143 241871 242504 1
05-07-2017-10:20:01:190 242504 243137 1
05-07-2017-10:20:01:225 243137 243770 1
05-07-2017-10:20:01:271 243770 244403 1
05-07-2017-10:20:01:308 244403 245036 1
05-07-2017-10:20:01:341 245036 245669 1
05-07-2017-10:20:01:381 245669 246302 1
05-07-2017-10:20:01:427 246302 246935 1
05-07-2017-10:20:01:462 246935 247568 1
05-07-2017-10:20:01:509 247568 248201 1
05-07-2017-10:20:01:543 248201 248834 1
05-07-2017-10:20:01:579 248834 249467 1
05-07-2017-10:20:01:623 249467 250100 1
05-07-2017-10:20:01:658 250100 250733 1
05-07-2017-10:20:01:704 250733 251366 1
05-07-2017-10:20:01:921 251366 251999 1
05-07-2017-10:20:01:922 251999 252632 1
05-07-2017-10:20:01:922 252632 253265 1
05-07-2017-10:20:01:922 253265 253898 1
05-07-2017-10:20:01:922 253898 254531 1
05-07-2017-10:20:01:941 254531 255164 1
05-07-2017-10:20:01:977 255164 255797 1
05-07-2017-10:20:02:022 255797 256430 1
05-07-2017-10:20:02:058 256430 257063 1
05-07-2017-10:20:02:094 257063 257696 1
05-07-2017-10:20:02:140 257696 258329 1
05-07-2017-10:20:02:174 258329 258962 1
05-07-2017-10:20:02:222 258962 259595 1
05-07-2017-10:20:02:256 259595 260228 1
05-07-2017-10:20:02:291 260228 260861 1
05-07-2017-10:20:02:331 260861 261494 1
05-07-2017-10:20:02:377 261494 262127 1
05-07-2017-10:20:02:412 262127 262760 1
05-07-2017-10:20:02:460 262760 263393 1
05-07-2017-10:20:02:493 263393 264026 1
05-07-2017-10:20:02:528 264026 264659 1
05-07-2017-10:20:02:569 264659 265292 1
05-07-2017-10:20:02:615 265292 265925 1
05-07-2017-10:20:02:651 265925 266558 1
05-07-2017-10:20:02:686 266558 267191 1
05-07-2017-10:20:02:732 267191 267824 1
05-07-2017-10:20:02:766 267824 268457 1
05-07-2017-10:20:02:819 268457 269090 1
05-07-2017-10:20:02:852 269090 269723 1
05-07-2017-10:20:02:888 269723 270356 1
05-07-2017-10:20:02:924 270356 270989 1
05-07-2017-10:20:02:970 270989 271622 1
05-07-2017-10:20:03:004 271622 272255 1
05-07-2017-10:20:03:052 272255 272888 1
05-07-2017-10:20:03:089 272888 273521 1
05-07-2017-10:20:03:124 273521 274154 1
05-07-2017-10:20:03:160 274154 274787 1
05-07-2017-10:20:03:209 274787 275420 1
05-07-2017-10:20:03:241 275420 276053 1
05-07-2017-10:20:03:288 276053 276686 1
05-07-2017-10:20:03:323 276686 277319 1
05-07-2017-10:20:03:363 277319 277952 1
05-07-2017-10:20:03:398 277952 278585 1
05-07-2017-10:20:03:443 278585 279218 1
05-07-2017-10:20:03:479 279218 279851 1
05-07-2017-10:20:03:526 279851 280484 1
05-07-2017-10:20:03:560 280484 281117 1
05-07-2017-10:20:03:595 281117 281750 1
05-07-2017-10:20:03:647 281750 282383 1
05-07-2017-10:20:03:682 282383 283016 1
05-07-2017-10:20:03:718 283016 283649 1
05-07-2017-10:20:03:763 283649 284282 1
05-07-2017-10:20:03:799 284282 284915 1
05-07-2017-10:20:03:832 284915 285548 1
05-07-2017-10:20:03:878 285548 286181 1
05-07-2017-10:20:03:914 286181 286814 1
05-07-2017-10:20:03:955 286814 287447 1
05-07-2017-10:20:04:001 287447 288080 1
05-07-2017-10:20:04:034 288080 288713 1
05-07-2017-10:20:04:070 288713 289346 1
05-07-2017-10:20:04:117 289346 289979 1
05-07-2017-10:20:04:151 289979 290612 1
05-07-2017-10:20:04:197 290612 291245 1
05-07-2017-10:20:04:239 291245 291878 1
05-07-2017-10:20:04:274 291878 292511 1
05-07-2017-10:20:04:309 292511 293144 1
05-07-2017-10:20:04:355 293144 293777 1
05-07-2017-10:20:04:391 293777 294410 1
05-07-2017-10:20:04:435 294410 295043 1
05-07-2017-10:20:04:471 295043 295676 1
05-07-2017-10:20:04:510 295676 296309 1
05-07-2017-10:20:04:546 296309 296942 1
05-07-2017-10:20:04:591 296942 297575 1
05-07-2017-10:20:04:627 297575 298208 1
05-07-2017-10:20:04:674 298208 298841 1
05-07-2017-10:20:04:710 298841 299474 1
05-07-2017-10:20:04:743 299474 300107 1
05-07-2017-10:20:04:782 300107 300740 1
05-07-2017-10:20:04:829 300740 301373 1
05-07-2017-10:20:05:025 301373 302006 1
05-07-2017-10:20:05:026 302006 302639 1
05-07-2017-10:20:05:026 302639 303272 1
05-07-2017-10:20:05:030 303272 303905 1
05-07-2017-10:20:05:030 303905 304538 1
05-07-2017-10:20:05:066 304538 305171 1
05-07-2017-10:20:05:101 305171 305804 1
05-07-2017-10:20:05:146 305804 306437 1
05-07-2017-10:20:05:182 306437 307070 1
05-07-2017-10:20:05:216 307070 307703 1
05-07-2017-10:20:05:262 307703 308336 1
05-07-2017-10:20:05:303 308336 308969 1
05-07-2017-10:20:05:340 308969 309602 1
05-07-2017-10:20:05:385 309602 310235 1
05-07-2017-10:20:05:420 310235 310868 1
05-07-2017-10:20:05:454 310868 311501 1
05-07-2017-10:20:05:500 311501 312134 1
05-07-2017-10:20:05:536 312134 312767 1
05-07-2017-10:20:05:576 312767 313400 1
05-07-2017-10:20:05:615 313400 314033 1
05-07-2017-10:20:05:661 314033 314666 1
05-07-2017-10:20:05:697 314666 315299 1
05-07-2017-10:20:05:735 315299 315932 1
05-07-2017-10:20:05:779 315932 316565 1
05-07-2017-10:20:05:812 316565 317198 1
05-07-2017-10:20:05:854 317198 317831 1
05-07-2017-10:20:05:900 317831 318464 1
05-07-2017-10:20:05:935 318464 319097 1
05-07-2017-10:20:05:969 319097 319730 1
05-07-2017-10:20:06:016 319730 320363 1
05-07-2017-10:20:06:052 320363 320996 1
05-07-2017-10:20:06:091 320996 321629 1
05-07-2017-10:20:06:137 321629 322262 1
05-07-2017-10:20:06:173 322262 322895 1
05-07-2017-10:20:06:207 322895 323528 1
05-07-2017-10:20:06:252 323528 324161 1
05-07-2017-10:20:06:289 324161 324794 1
05-07-2017-10:20:06:334 324794 325427 1
05-07-2017-10:20:06:375 325427 326060 1
05-07-2017-10:20:06:410 326060 326693 1
05-07-2017-10:20:06:445 326693 327326 1
05-07-2017-10:20:06:491 327326 327959 1
05-07-2017-10:20:06:526 327959 328592 1
05-07-2017-10:20:06:573 328592 329225 1
05-07-2017-10:20:06:608 329225 329858 1
05-07-2017-10:20:06:644 329858 330491 1
05-07-2017-10:20:06:689 330491 331124 1
05-07-2017-10:20:06:724 331124 331757 1
05-07-2017-10:20:06:771 331757 332390 1
05-07-2017-10:20:06:806 332390 333023 1
05-07-2017-10:20:06:844 333023 333656 1
05-07-2017-10:20:06:881 333656 334289 1
05-07-2017-10:20:06:926 334289 334922 1
05-07-2017-10:20:06:962 334922 335555 1
05-07-2017-10:20:07:007 335555 336188 1
05-07-2017-10:20:07:043 336188 336821 1
05-07-2017-10:20:07:084 336821 337454 1
05-07-2017-10:20:07:120 337454 338087 1
05-07-2017-10:20:07:165 338087 338720 1
05-07-2017-10:20:07:200 338720 339353 1
05-07-2017-10:20:07:235 339353 339986 1
05-07-2017-10:20:07:281 339986 340619 1
05-07-2017-10:20:07:316 340619 341252 1
05-07-2017-10:20:07:357 341252 341885 1
05-07-2017-10:20:07:404 341885 342518 1
05-07-2017-10:20:07:437 342518 343151 1
05-07-2017-10:20:07:473 343151 343784 1
05-07-2017-10:20:07:521 343784 344417 1
05-07-2017-10:20:07:554 344417 345050 1
05-07-2017-10:20:07:606 345050 345683 1
05-07-2017-10:20:07:641 345683 346316 1
05-07-2017-10:20:07:676 346316 346949 1
05-07-2017-10:20:07:712 346949 347582 1
05-07-2017-10:20:07:757 347582 348215 1
05-07-2017-10:20:07:792 348215 348848 1
05-07-2017-10:20:07:840 348848 349481 1
05-07-2017-10:20:07:880 349481 350114 1
05-07-2017-10:20:07:914 350114 350747 1
05-07-2017-10:20:07:950 350747 351380 1
05-07-2017-10:20:08:162 351380 352013 1
05-07-2017-10:20:08:163 352013 352646 1
05-07-2017-10:20:08:163 352646 353279 1
05-07-2017-10:20:08:163 353279 353912 1
05-07-2017-10:20:08:163 353912 354545 1
05-07-2017-10:20:08:191 354545 355178 1
05-07-2017-10:20:08:224 355178 355811 1
05-07-2017-10:20:08:274 355811 356444 1
05-07-2017-10:20:08:306 356444 357077 1
05-07-2017-10:20:08:358 357077 357710 1
05-07-2017-10:20:08:395 357710 358343 1
05-07-2017-10:20:08:427 358343 358976 1
05-07-2017-10:20:08:463 358976 359609 1
05-07-2017-10:20:08:509 359609 360242 1
05-07-2017-10:20:08:544 360242 360875 1
05-07-2017-10:20:08:585 360875 361508 1
05-07-2017-10:20:08:619 361508 362141 1
05-07-2017-10:20:08:667 362141 362774 1
05-07-2017-10:20:08:700 362774 363407 1
05-07-2017-10:20:08:747 363407 364040 1
05-07-2017-10:20:08:781 364040 364673 1
05-07-2017-10:20:08:823 364673 365306 1
05-07-2017-10:20:08:858 365306 365939 1
05-07-2017-10:20:08:905 365939 366572 1
05-07-2017-10:20:08:939 366572 367205 1
05-07-2017-10:20:08:986 367205 367838 1
05-07-2017-10:20:09:025 367838 368471 1
05-07-2017-10:20:09:060 368471 369104 1
05-07-2017-10:20:09:096 369104 369737 1
05-07-2017-10:20:09:142 369737 370370 1
05-07-2017-10:20:09:175 370370 371003 1
05-07-2017-10:20:09:216 371003 371636 1
05-07-2017-10:20:09:263 371636 372269 1
05-07-2017-10:20:09:296 372269 372902 1
05-07-2017-10:20:09:332 372902 373535 1
05-07-2017-10:20:09:383 373535 374168 1
05-07-2017-10:20:09:419 374168 374801 1
05-07-2017-10:20:09:454 374801 375434 1
05-07-2017-10:20:09:499 375434 376067 1
05-07-2017-10:20:09:535 376067 376700 1
05-07-2017-10:20:09:570 376700 377333 1
05-07-2017-10:20:09:609 377333 377966 1
05-07-2017-10:20:09:655 377966 378599 1
05-07-2017-10:20:09:690 378599 379232 1
05-07-2017-10:20:09:738 379232 379865 1
05-07-2017-10:20:09:773 379865 380498 1
05-07-2017-10:20:09:806 380498 381131 1
05-07-2017-10:20:09:845 381131 381764 1
05-07-2017-10:20:09:893 381764 382397 1
05-07-2017-10:20:09:928 382397 383030 1
05-07-2017-10:20:09:974 383030 383663 1
05-07-2017-10:20:10:010 383663 384296 1
05-07-2017-10:20:10:049 384296 384929 1
05-07-2017-10:20:10:084 384929 385562 1
05-07-2017-10:20:10:130 385562 386195 1
05-07-2017-10:20:10:164 386195 386828 1
05-07-2017-10:20:10:213 386828 387461 1
05-07-2017-10:20:10:251 387461 388094 1
05-07-2017-10:20:10:286 388094 388727 1
05-07-2017-10:20:10:322 388727 389360 1
05-07-2017-10:20:10:368 389360 389993 1
05-07-2017-10:20:10:404 389993 390626 1
05-07-2017-10:20:10:443 390626 391259 1
05-07-2017-10:20:10:489 391259 391892 1
05-07-2017-10:20:10:524 391892 392525 1
05-07-2017-10:20:10:560 392525 393158 1
05-07-2017-10:20:10:606 393158 393791 1
05-07-2017-10:20:10:638 393791 394424 1
05-07-2017-10:20:10:686 394424 395057 1
05-07-2017-10:20:10:722 395057 395690 1
05-07-2017-10:20:10:767 395690 396323 1
05-07-2017-10:20:10:801 396323 396956 1
05-07-2017-10:20:10:843 396956 397589 1
05-07-2017-10:20:10:876 397589 398222 1
05-07-2017-10:20:10:922 398222 398855 1
05-07-2017-10:20:10:957 398855 399488 1
05-07-2017-10:20:11:004 399488 400121 1
05-07-2017-10:20:11:044 400121 400754 1
05-07-2017-10:20:11:081 400754 401387 1
05-07-2017-10:20:11:248 401387 402020 1
05-07-2017-10:20:11:250 402020 402653 1
05-07-2017-10:20:11:250 402653 403286 1
05-07-2017-10:20:11:250 403286 403919 1
05-07-2017-10:20:11:281 403919 404552 1
05-07-2017-10:20:11:314 404552 405185 1
05-07-2017-10:20:11:355 405185 405818 1
05-07-2017-10:20:11:388 405818 406451 1
05-07-2017-10:20:11:434 406451 407084 1
05-07-2017-10:20:11:470 407084 407717 1
05-07-2017-10:20:11:516 407717 408350 1
05-07-2017-10:20:11:555 408350 408983 1
05-07-2017-10:20:11:596 408983 409616 1
05-07-2017-10:20:11:631 409616 410249 1
05-07-2017-10:20:11:666 410249 410882 1
05-07-2017-10:20:11:713 410882 411515 1
05-07-2017-10:20:11:747 411515 412148 1
05-07-2017-10:20:11:795 412148 412781 1
05-07-2017-10:20:11:828 412781 413414 1
05-07-2017-10:20:11:869 413414 414047 1
05-07-2017-10:20:11:904 414047 414680 1
05-07-2017-10:20:11:950 414680 415313 1
05-07-2017-10:20:11:985 415313 415946 1
05-07-2017-10:20:12:160 415946 416579 1
05-07-2017-10:20:12:161 416579 417212 1
05-07-2017-10:20:12:161 417212 417845 1
05-07-2017-10:20:12:161 417845 418478 1
05-07-2017-10:20:12:187 418478 419111 1
05-07-2017-10:20:12:222 419111 419744 1
05-07-2017-10:20:12:269 419744 420377 1
05-07-2017-10:20:12:304 420377 421010 1
05-07-2017-10:20:12:338 421010 421643 1
05-07-2017-10:20:12:384 421643 422276 1
05-07-2017-10:20:12:419 422276 422909 1
05-07-2017-10:20:12:465 422909 423542 1
05-07-2017-10:20:12:499 423542 424175 1
05-07-2017-10:20:12:546 424175 424808 1
05-07-2017-10:20:12:582 424808 425441 1
05-07-2017-10:20:12:616 425441 426074 1
05-07-2017-10:20:12:663 426074 426707 1
05-07-2017-10:20:12:697 426707 427340 1
05-07-2017-10:20:12:738 427340 427973 1
05-07-2017-10:20:12:785 427973 428606 1
05-07-2017-10:20:12:818 428606 429239 1
05-07-2017-10:20:12:854 429239 429872 1
05-07-2017-10:20:12:901 429872 430505 1
05-07-2017-10:20:12:936 430505 431138 1
05-07-2017-10:20:12:970 431138 431771 1
05-07-2017-10:20:13:017 431771 432404 1
05-07-2017-10:20:13:052 432404 433037 1
05-07-2017-10:20:13:097 433037 433670 1
05-07-2017-10:20:13:133 433670 434303 1
05-07-2017-10:20:13:179 434303 434936 1
05-07-2017-10:20:13:215 434936 435569 1
05-07-2017-10:20:13:249 435569 436202 1
05-07-2017-10:20:13:289 436202 436835 1
