05-07-2017-09:32:35:621 0 800 1
05-07-2017-09:32:35:646 800 1600 1
05-07-2017-09:32:35:694 1600 2400 1
05-07-2017-09:32:35:746 2400 3200 1
05-07-2017-09:32:35:797 3200 3987 1
05-07-2017-09:32:35:849 3987 4734 1
05-07-2017-09:32:35:889 4734 5481 1
05-07-2017-09:32:35:935 5481 6228 1
05-07-2017-09:32:35:982 6228 6975 1
05-07-2017-09:32:36:034 6975 7667 1
05-07-2017-09:32:36:069 7667 8359 1
05-07-2017-09:32:36:115 8359 9051 1
05-07-2017-09:32:36:162 9051 9743 1
05-07-2017-09:32:36:198 9743 10435 1
05-07-2017-09:32:36:244 10435 11127 1
05-07-2017-09:32:36:290 11127 11819 1
05-07-2017-09:32:36:325 11819 12511 1
05-07-2017-09:32:36:377 12511 13203 1
05-07-2017-09:32:36:422 13203 13895 1
05-07-2017-09:32:36:459 13895 14587 1
05-07-2017-09:32:36:504 14587 15279 1
05-07-2017-09:32:36:552 15279 15971 1
05-07-2017-09:32:36:585 15971 16663 1
05-07-2017-09:32:36:632 16663 17355 1
05-07-2017-09:32:36:674 17355 18047 1
05-07-2017-09:32:36:720 18047 18739 1
05-07-2017-09:32:36:766 18739 19431 1
05-07-2017-09:32:36:813 19431 20123 1
05-07-2017-09:32:36:846 20123 20815 1
05-07-2017-09:32:36:897 20815 21507 1
05-07-2017-09:32:36:933 21507 22199 1
05-07-2017-09:32:36:978 22199 22891 1
05-07-2017-09:32:37:026 22891 23583 1
05-07-2017-09:32:37:061 23583 24275 1
05-07-2017-09:32:37:107 24275 24967 1
05-07-2017-09:32:37:159 24967 25659 1
05-07-2017-09:32:37:195 25659 26351 1
05-07-2017-09:32:37:241 26351 27043 1
05-07-2017-09:32:37:286 27043 27735 1
05-07-2017-09:32:37:322 27735 28427 1
05-07-2017-09:32:37:367 28427 29119 1
05-07-2017-09:32:37:415 29119 29811 1
05-07-2017-09:32:37:455 29811 30503 1
05-07-2017-09:32:37:496 30503 31195 1
05-07-2017-09:32:37:543 31195 31887 1
05-07-2017-09:32:37:587 31887 32579 1
05-07-2017-09:32:37:637 32579 33271 1
05-07-2017-09:32:37:670 33271 33963 1
05-07-2017-09:32:37:717 33963 34655 1
05-07-2017-09:32:37:763 34655 35347 1
05-07-2017-09:32:37:802 35347 36039 1
05-07-2017-09:32:37:850 36039 36731 1
05-07-2017-09:32:37:885 36731 37423 1
05-07-2017-09:32:37:930 37423 38115 1
05-07-2017-09:32:37:978 38115 38807 1
05-07-2017-09:32:38:012 38807 39499 1
05-07-2017-09:32:38:064 39499 40191 1
05-07-2017-09:32:38:106 40191 40883 1
05-07-2017-09:32:38:156 40883 41575 1
05-07-2017-09:32:38:187 41575 42267 1
05-07-2017-09:32:38:235 42267 42959 1
05-07-2017-09:32:38:282 42959 43651 1
05-07-2017-09:32:38:317 43651 44343 1
05-07-2017-09:32:38:367 44343 45035 1
05-07-2017-09:32:38:402 45035 45727 1
05-07-2017-09:32:38:448 45727 46419 1
05-07-2017-09:32:38:495 46419 47111 1
05-07-2017-09:32:38:542 47111 47803 1
05-07-2017-09:32:38:577 47803 48495 1
05-07-2017-09:32:38:627 48495 49187 1
05-07-2017-09:32:38:662 49187 49879 1
05-07-2017-09:32:38:879 49879 50571 1
05-07-2017-09:32:38:880 50571 51263 1
05-07-2017-09:32:38:880 51263 51955 1
05-07-2017-09:32:38:881 51955 52647 1
05-07-2017-09:32:38:886 52647 53339 1
05-07-2017-09:32:38:931 53339 54031 1
05-07-2017-09:32:38:976 54031 54723 1
05-07-2017-09:32:39:010 54723 55415 1
05-07-2017-09:32:39:057 55415 56107 1
05-07-2017-09:32:39:103 56107 56799 1
05-07-2017-09:32:39:137 56799 57491 1
05-07-2017-09:32:39:185 57491 58183 1
05-07-2017-09:32:39:231 58183 58875 1
05-07-2017-09:32:39:267 58875 59567 1
05-07-2017-09:32:39:318 59567 60259 1
05-07-2017-09:32:39:365 60259 60951 1
05-07-2017-09:32:39:399 60951 61643 1
05-07-2017-09:32:39:444 61643 62335 1
05-07-2017-09:32:39:492 62335 63027 1
05-07-2017-09:32:39:528 63027 63719 1
05-07-2017-09:32:39:578 63719 64411 1
05-07-2017-09:32:39:612 64411 65103 1
05-07-2017-09:32:39:663 65103 65680 1
05-07-2017-09:32:39:688 65680 66257 1
05-07-2017-09:32:39:723 66257 66834 1
05-07-2017-09:32:39:758 66834 67411 1
05-07-2017-09:32:39:794 67411 67988 1
05-07-2017-09:32:39:839 67988 68565 1
05-07-2017-09:32:39:875 68565 69142 1
05-07-2017-09:32:39:910 69142 69719 1
05-07-2017-09:32:39:945 69719 70296 1
05-07-2017-09:32:39:985 70296 70873 1
05-07-2017-09:32:40:013 70873 71450 1
05-07-2017-09:32:40:047 71450 72027 1
05-07-2017-09:32:40:082 72027 72604 1
05-07-2017-09:32:40:118 72604 73181 1
05-07-2017-09:32:40:163 73181 73758 1
05-07-2017-09:32:40:199 73758 74335 1
05-07-2017-09:32:40:235 74335 74912 1
05-07-2017-09:32:40:268 74912 75489 1
05-07-2017-09:32:40:309 75489 76066 1
05-07-2017-09:32:40:342 76066 76643 1
05-07-2017-09:32:40:378 76643 77220 1
05-07-2017-09:32:40:414 77220 77797 1
05-07-2017-09:32:40:449 77797 78374 1
05-07-2017-09:32:40:482 78374 78951 1
05-07-2017-09:32:40:518 78951 79528 1
05-07-2017-09:32:40:552 79528 80105 1
05-07-2017-09:32:40:589 80105 80682 1
05-07-2017-09:32:40:622 80682 81259 1
05-07-2017-09:32:40:662 81259 81836 1
05-07-2017-09:32:40:697 81836 82413 1
05-07-2017-09:32:40:732 82413 82990 1
05-07-2017-09:32:40:766 82990 83567 1
05-07-2017-09:32:40:813 83567 84144 1
05-07-2017-09:32:40:847 84144 84721 1
05-07-2017-09:32:40:883 84721 85298 1
05-07-2017-09:32:40:917 85298 85875 1
05-07-2017-09:32:40:958 85875 86452 1
05-07-2017-09:32:40:994 86452 87029 1
05-07-2017-09:32:41:028 87029 87606 1
05-07-2017-09:32:41:063 87606 88183 1
05-07-2017-09:32:41:097 88183 88760 1
05-07-2017-09:32:41:136 88760 89337 1
05-07-2017-09:32:41:166 89337 89914 1
05-07-2017-09:32:41:200 89914 90491 1
05-07-2017-09:32:41:246 90491 91068 1
05-07-2017-09:32:41:281 91068 91645 1
05-07-2017-09:32:41:317 91645 92222 1
05-07-2017-09:32:41:351 92222 92799 1
05-07-2017-09:32:41:386 92799 93376 1
05-07-2017-09:32:41:421 93376 93953 1
05-07-2017-09:32:41:456 93953 94530 1
05-07-2017-09:32:41:496 94530 95107 1
05-07-2017-09:32:41:529 95107 95684 1
05-07-2017-09:32:41:564 95684 96261 1
05-07-2017-09:32:41:600 96261 96838 1
05-07-2017-09:32:41:777 96838 97415 1
05-07-2017-09:32:41:778 97415 97992 1
05-07-2017-09:32:41:778 97992 98569 1
05-07-2017-09:32:41:779 98569 99146 1
05-07-2017-09:32:41:785 99146 99723 1
05-07-2017-09:32:41:822 99723 100300 1
05-07-2017-09:32:41:856 100300 100877 1
05-07-2017-09:32:41:898 100877 101454 1
05-07-2017-09:32:41:930 101454 102031 1
05-07-2017-09:32:41:966 102031 102608 1
05-07-2017-09:32:42:001 102608 103185 1
05-07-2017-09:32:42:036 103185 103762 1
05-07-2017-09:32:42:070 103762 104339 1
05-07-2017-09:32:42:106 104339 104916 1
05-07-2017-09:32:42:140 104916 105493 1
05-07-2017-09:32:42:175 105493 106070 1
05-07-2017-09:32:42:214 106070 106647 1
05-07-2017-09:32:42:250 106647 107224 1
05-07-2017-09:32:42:285 107224 107801 1
05-07-2017-09:32:42:320 107801 108378 1
05-07-2017-09:32:42:355 108378 108955 1
05-07-2017-09:32:42:390 108955 109532 1
05-07-2017-09:32:42:436 109532 110109 1
05-07-2017-09:32:42:471 110109 110686 1
05-07-2017-09:32:42:510 110686 111263 1
05-07-2017-09:32:42:536 111263 111840 1
05-07-2017-09:32:42:580 111840 112417 1
05-07-2017-09:32:42:608 112417 112994 1
05-07-2017-09:32:42:644 112994 113571 1
05-07-2017-09:32:42:678 113571 114148 1
05-07-2017-09:32:42:725 114148 114725 1
05-07-2017-09:32:42:759 114725 115302 1
05-07-2017-09:32:42:795 115302 115879 1
05-07-2017-09:32:42:828 115879 116456 1
05-07-2017-09:32:42:870 116456 117033 1
05-07-2017-09:32:42:903 117033 117610 1
05-07-2017-09:32:42:939 117610 118187 1
05-07-2017-09:32:42:974 118187 118764 1
05-07-2017-09:32:43:008 118764 119341 1
05-07-2017-09:32:43:044 119341 119918 1
05-07-2017-09:32:43:079 119918 120495 1
05-07-2017-09:32:43:113 120495 121072 1
05-07-2017-09:32:43:148 121072 121649 1
05-07-2017-09:32:43:182 121649 122226 1
05-07-2017-09:32:43:224 122226 122803 1
05-07-2017-09:32:43:258 122803 123380 1
05-07-2017-09:32:43:294 123380 123957 1
05-07-2017-09:32:43:328 123957 124534 1
05-07-2017-09:32:43:363 124534 125111 1
05-07-2017-09:32:43:410 125111 125688 1
05-07-2017-09:32:43:444 125688 126265 1
05-07-2017-09:32:43:478 126265 126842 1
05-07-2017-09:32:43:519 126842 127419 1
05-07-2017-09:32:43:554 127419 127996 1
05-07-2017-09:32:43:590 127996 128573 1
05-07-2017-09:32:43:623 128573 129150 1
05-07-2017-09:32:43:659 129150 129727 1
05-07-2017-09:32:43:695 129727 130304 1
05-07-2017-09:32:43:728 130304 130881 1
05-07-2017-09:32:43:764 130881 131458 1
05-07-2017-09:32:43:799 131458 132035 1
05-07-2017-09:32:43:836 132035 132612 1
05-07-2017-09:32:43:874 132612 133189 1
05-07-2017-09:32:43:909 133189 133766 1
05-07-2017-09:32:43:945 133766 134343 1
05-07-2017-09:32:43:978 134343 134920 1
05-07-2017-09:32:44:013 134920 135497 1
05-07-2017-09:32:44:048 135497 136074 1
05-07-2017-09:32:44:094 136074 136651 1
05-07-2017-09:32:44:121 136651 137228 1
05-07-2017-09:32:44:161 137228 137805 1
05-07-2017-09:32:44:196 137805 138382 1
05-07-2017-09:32:44:231 138382 138959 1
05-07-2017-09:32:44:266 138959 139536 1
05-07-2017-09:32:44:300 139536 140113 1
05-07-2017-09:32:44:346 140113 140690 1
05-07-2017-09:32:44:381 140690 141267 1
05-07-2017-09:32:44:417 141267 141844 1
05-07-2017-09:32:44:450 141844 142421 1
05-07-2017-09:32:44:485 142421 142998 1
05-07-2017-09:32:44:519 142998 143575 1
05-07-2017-09:32:44:556 143575 144152 1
05-07-2017-09:32:44:589 144152 144729 1
05-07-2017-09:32:44:625 144729 145306 1
05-07-2017-09:32:44:670 145306 145883 1
05-07-2017-09:32:44:705 145883 146460 1
05-07-2017-09:32:44:745 146460 147037 1
05-07-2017-09:32:44:816 147037 147614 1
05-07-2017-09:32:44:817 147614 148191 1
05-07-2017-09:32:44:852 148191 148768 1
05-07-2017-09:32:44:886 148768 149345 1
05-07-2017-09:32:44:920 149345 149922 1
05-07-2017-09:32:44:955 149922 150499 1
05-07-2017-09:32:44:990 150499 151076 1
05-07-2017-09:32:45:025 151076 151653 1
05-07-2017-09:32:45:064 151653 152230 1
05-07-2017-09:32:45:100 152230 152807 1
05-07-2017-09:32:45:135 152807 153384 1
05-07-2017-09:32:45:169 153384 153961 1
05-07-2017-09:32:45:205 153961 154538 1
05-07-2017-09:32:45:240 154538 155115 1
05-07-2017-09:32:45:274 155115 155692 1
05-07-2017-09:32:45:320 155692 156269 1
05-07-2017-09:32:45:362 156269 156846 1
05-07-2017-09:32:45:386 156846 157423 1
05-07-2017-09:32:45:420 157423 158000 1
05-07-2017-09:32:45:466 158000 158577 1
05-07-2017-09:32:45:500 158577 159154 1
05-07-2017-09:32:45:536 159154 159731 1
05-07-2017-09:32:45:570 159731 160308 1
05-07-2017-09:32:45:609 160308 160885 1
05-07-2017-09:32:45:645 160885 161462 1
05-07-2017-09:32:45:680 161462 162039 1
05-07-2017-09:32:45:707 162039 162616 1
05-07-2017-09:32:45:753 162616 163193 1
05-07-2017-09:32:45:790 163193 163770 1
05-07-2017-09:32:45:824 163770 164347 1
05-07-2017-09:32:45:858 164347 164924 1
05-07-2017-09:32:45:894 164924 165501 1
05-07-2017-09:32:45:929 165501 166078 1
05-07-2017-09:32:45:963 166078 166655 1
05-07-2017-09:32:46:004 166655 167232 1
05-07-2017-09:32:46:041 167232 167809 1
05-07-2017-09:32:46:072 167809 168386 1
05-07-2017-09:32:46:107 168386 168963 1
05-07-2017-09:32:46:142 168963 169540 1
05-07-2017-09:32:46:180 169540 170117 1
05-07-2017-09:32:46:213 170117 170694 1
05-07-2017-09:32:46:248 170694 171271 1
05-07-2017-09:32:46:294 171271 171848 1
05-07-2017-09:32:46:323 171848 172425 1
05-07-2017-09:32:46:357 172425 173002 1
05-07-2017-09:32:46:392 173002 173579 1
05-07-2017-09:32:46:438 173579 174156 1
05-07-2017-09:32:46:474 174156 174733 1
05-07-2017-09:32:46:508 174733 175310 1
05-07-2017-09:32:46:543 175310 175887 1
05-07-2017-09:32:46:580 175887 176464 1
05-07-2017-09:32:46:621 176464 177041 1
05-07-2017-09:32:46:653 177041 177618 1
05-07-2017-09:32:46:689 177618 178195 1
05-07-2017-09:32:46:723 178195 178772 1
05-07-2017-09:32:46:758 178772 179349 1
05-07-2017-09:32:46:794 179349 179926 1
05-07-2017-09:32:46:827 179926 180503 1
05-07-2017-09:32:46:863 180503 181080 1
05-07-2017-09:32:46:900 181080 181657 1
05-07-2017-09:32:46:933 181657 182234 1
05-07-2017-09:32:46:972 182234 182811 1
05-07-2017-09:32:47:008 182811 183388 1
05-07-2017-09:32:47:041 183388 183965 1
05-07-2017-09:32:47:089 183965 184542 1
05-07-2017-09:32:47:117 184542 185119 1
05-07-2017-09:32:47:150 185119 185696 1
05-07-2017-09:32:47:185 185696 186273 1
05-07-2017-09:32:47:222 186273 186850 1
05-07-2017-09:32:47:261 186850 187427 1
05-07-2017-09:32:47:295 187427 188004 1
05-07-2017-09:32:47:329 188004 188581 1
05-07-2017-09:32:47:365 188581 189158 1
05-07-2017-09:32:47:412 189158 189735 1
05-07-2017-09:32:47:447 189735 190312 1
05-07-2017-09:32:47:481 190312 190889 1
05-07-2017-09:32:47:520 190889 191466 1
05-07-2017-09:32:47:557 191466 192043 1
05-07-2017-09:32:47:591 192043 192620 1
05-07-2017-09:32:47:626 192620 193197 1
05-07-2017-09:32:47:661 193197 193774 1
05-07-2017-09:32:47:696 193774 194351 1
05-07-2017-09:32:47:732 194351 194928 1
05-07-2017-09:32:47:765 194928 195505 1
05-07-2017-09:32:47:801 195505 196082 1
05-07-2017-09:32:47:835 196082 196659 1
05-07-2017-09:32:47:876 196659 197236 1
05-07-2017-09:32:48:121 197236 197813 1
05-07-2017-09:32:48:122 197813 198390 1
05-07-2017-09:32:48:122 198390 198967 1
05-07-2017-09:32:48:123 198967 199544 1
05-07-2017-09:32:48:123 199544 200121 1
05-07-2017-09:32:48:123 200121 200698 1
05-07-2017-09:32:48:135 200698 201275 1
05-07-2017-09:32:48:168 201275 201852 1
05-07-2017-09:32:48:207 201852 202429 1
05-07-2017-09:32:48:242 202429 203006 1
05-07-2017-09:32:48:278 203006 203583 1
05-07-2017-09:32:48:312 203583 204160 1
05-07-2017-09:32:48:349 204160 204737 1
05-07-2017-09:32:48:382 204737 205314 1
05-07-2017-09:32:48:418 205314 205891 1
05-07-2017-09:32:48:451 205891 206468 1
05-07-2017-09:32:48:491 206468 207045 1
05-07-2017-09:32:48:526 207045 207622 1
05-07-2017-09:32:48:561 207622 208199 1
05-07-2017-09:32:48:596 208199 208776 1
05-07-2017-09:32:48:634 208776 209353 1
05-07-2017-09:32:48:669 209353 209930 1
05-07-2017-09:32:48:703 209930 210507 1
05-07-2017-09:32:48:740 210507 211084 1
05-07-2017-09:32:48:781 211084 211661 1
05-07-2017-09:32:48:815 211661 212238 1
05-07-2017-09:32:48:849 212238 212815 1
05-07-2017-09:32:48:885 212815 213392 1
05-07-2017-09:32:48:919 213392 213969 1
05-07-2017-09:32:48:955 213969 214546 1
05-07-2017-09:32:48:994 214546 215123 1
05-07-2017-09:32:49:030 215123 215700 1
05-07-2017-09:32:49:065 215700 216277 1
05-07-2017-09:32:49:101 216277 216854 1
05-07-2017-09:32:49:134 216854 217431 1
05-07-2017-09:32:49:169 217431 218008 1
05-07-2017-09:32:49:209 218008 218585 1
05-07-2017-09:32:49:243 218585 219162 1
05-07-2017-09:32:49:279 219162 219739 1
05-07-2017-09:32:49:313 219739 220316 1
05-07-2017-09:32:49:349 220316 220893 1
05-07-2017-09:32:49:395 220893 221470 1
05-07-2017-09:32:49:422 221470 222047 1
05-07-2017-09:32:49:458 222047 222624 1
05-07-2017-09:32:49:504 222624 223201 1
05-07-2017-09:32:49:540 223201 223778 1
05-07-2017-09:32:49:574 223778 224355 1
05-07-2017-09:32:49:603 224355 224932 1
05-07-2017-09:32:49:649 224932 225509 1
05-07-2017-09:32:49:684 225509 226086 1
05-07-2017-09:32:49:719 226086 226663 1
05-07-2017-09:32:49:752 226663 227240 1
05-07-2017-09:32:49:788 227240 227817 1
05-07-2017-09:32:49:822 227817 228394 1
05-07-2017-09:32:49:859 228394 228971 1
05-07-2017-09:32:49:891 228971 229548 1
05-07-2017-09:32:49:927 229548 230125 1
05-07-2017-09:32:49:972 230125 230702 1
05-07-2017-09:32:50:008 230702 231279 1
05-07-2017-09:32:50:037 231279 231856 1
05-07-2017-09:32:50:071 231856 232433 1
05-07-2017-09:32:50:107 232433 233010 1
05-07-2017-09:32:50:153 233010 233587 1
05-07-2017-09:32:50:187 233587 234164 1
05-07-2017-09:32:50:223 234164 234741 1
05-07-2017-09:32:50:257 234741 235318 1
05-07-2017-09:32:50:293 235318 235895 1
05-07-2017-09:32:50:325 235895 236472 1
05-07-2017-09:32:50:361 236472 237049 1
05-07-2017-09:32:50:399 237049 237626 1
05-07-2017-09:32:50:441 237626 238203 1
05-07-2017-09:32:50:477 238203 238780 1
05-07-2017-09:32:50:517 238780 239357 1
05-07-2017-09:32:50:539 239357 239934 1
05-07-2017-09:32:50:586 239934 240511 1
05-07-2017-09:32:50:620 240511 241088 1
05-07-2017-09:32:50:656 241088 241665 1
05-07-2017-09:32:50:691 241665 242242 1
05-07-2017-09:32:50:721 242242 242819 1
05-07-2017-09:32:50:760 242819 243396 1
05-07-2017-09:32:50:794 243396 243973 1
05-07-2017-09:32:50:829 243973 244550 1
05-07-2017-09:32:50:865 244550 245127 1
05-07-2017-09:32:50:910 245127 245704 1
05-07-2017-09:32:50:946 245704 246281 1
05-07-2017-09:32:50:985 246281 246858 1
05-07-2017-09:32:51:008 246858 247435 1
05-07-2017-09:32:51:285 247435 248012 1
05-07-2017-09:32:51:286 248012 248589 1
05-07-2017-09:32:51:286 248589 249166 1
05-07-2017-09:32:51:286 249166 249743 1
05-07-2017-09:32:51:286 249743 250320 1
05-07-2017-09:32:51:286 250320 250897 1
05-07-2017-09:32:51:286 250897 251474 1
05-07-2017-09:32:51:305 251474 252051 1
05-07-2017-09:32:51:339 252051 252628 1
05-07-2017-09:32:51:379 252628 253205 1
05-07-2017-09:32:51:410 253205 253782 1
05-07-2017-09:32:51:445 253782 254359 1
05-07-2017-09:32:51:484 254359 254936 1
05-07-2017-09:32:51:520 254936 255513 1
05-07-2017-09:32:51:560 255513 256090 1
05-07-2017-09:32:51:593 256090 256667 1
05-07-2017-09:32:51:629 256667 257244 1
05-07-2017-09:32:51:664 257244 257821 1
05-07-2017-09:32:51:701 257821 258398 1
05-07-2017-09:32:51:734 258398 258975 1
05-07-2017-09:32:51:769 258975 259552 1
05-07-2017-09:32:51:810 259552 260129 1
05-07-2017-09:32:51:845 260129 260706 1
05-07-2017-09:32:51:878 260706 261283 1
05-07-2017-09:32:51:913 261283 261860 1
05-07-2017-09:32:51:949 261860 262437 1
05-07-2017-09:32:51:984 262437 263014 1
05-07-2017-09:32:52:019 263014 263591 1
05-07-2017-09:32:52:058 263591 264168 1
05-07-2017-09:32:52:094 264168 264745 1
05-07-2017-09:32:52:128 264745 265322 1
05-07-2017-09:32:52:163 265322 265899 1
05-07-2017-09:32:52:197 265899 266476 1
05-07-2017-09:32:52:238 266476 267053 1
05-07-2017-09:32:52:272 267053 267630 1
05-07-2017-09:32:52:307 267630 268207 1
05-07-2017-09:32:52:344 268207 268784 1
05-07-2017-09:32:52:390 268784 269361 1
05-07-2017-09:32:52:424 269361 269938 1
05-07-2017-09:32:52:465 269938 270515 1
05-07-2017-09:32:52:488 270515 271092 1
05-07-2017-09:32:52:522 271092 271669 1
05-07-2017-09:32:52:570 271669 272246 1
05-07-2017-09:32:52:603 272246 272823 1
05-07-2017-09:32:52:638 272823 273400 1
05-07-2017-09:32:52:667 273400 273977 1
05-07-2017-09:32:52:713 273977 274554 1
05-07-2017-09:32:52:748 274554 275131 1
05-07-2017-09:32:52:790 275131 275708 1
05-07-2017-09:32:52:818 275708 276285 1
05-07-2017-09:32:52:847 276285 276862 1
05-07-2017-09:32:52:893 276862 277439 1
05-07-2017-09:32:52:926 277439 278016 1
05-07-2017-09:32:52:964 278016 278593 1
05-07-2017-09:32:52:997 278593 279170 1
05-07-2017-09:32:53:032 279170 279747 1
05-07-2017-09:32:53:066 279747 280324 1
05-07-2017-09:32:53:101 280324 280901 1
05-07-2017-09:32:53:137 280901 281478 1
05-07-2017-09:32:53:172 281478 282055 1
05-07-2017-09:32:53:218 282055 282632 1
05-07-2017-09:32:53:246 282632 283209 1
05-07-2017-09:32:53:281 283209 283786 1
05-07-2017-09:32:53:317 283786 284363 1
05-07-2017-09:32:53:363 284363 284940 1
05-07-2017-09:32:53:397 284940 285517 1
05-07-2017-09:32:53:433 285517 286094 1
05-07-2017-09:32:53:472 286094 286671 1
05-07-2017-09:32:53:508 286671 287248 1
05-07-2017-09:32:53:541 287248 287825 1
05-07-2017-09:32:53:577 287825 288402 1
05-07-2017-09:32:53:612 288402 288979 1
05-07-2017-09:32:53:647 288979 289556 1
05-07-2017-09:32:53:682 289556 290133 1
05-07-2017-09:32:53:722 290133 290710 1
05-07-2017-09:32:53:757 290710 291287 1
05-07-2017-09:32:53:792 291287 291864 1
05-07-2017-09:32:53:827 291864 292441 1
05-07-2017-09:32:53:862 292441 293018 1
05-07-2017-09:32:53:897 293018 293595 1
05-07-2017-09:32:53:932 293595 294172 1
05-07-2017-09:32:53:967 294172 294749 1
05-07-2017-09:32:54:001 294749 295326 1
05-07-2017-09:32:54:040 295326 295903 1
05-07-2017-09:32:54:074 295903 296480 1
05-07-2017-09:32:54:110 296480 297057 1
05-07-2017-09:32:54:146 297057 297634 1
05-07-2017-09:32:54:191 297634 298211 1
05-07-2017-09:32:54:227 298211 298788 1
05-07-2017-09:32:54:267 298788 299365 1
05-07-2017-09:32:54:295 299365 299942 1
05-07-2017-09:32:54:328 299942 300519 1
05-07-2017-09:32:54:367 300519 301096 1
05-07-2017-09:32:54:457 301096 301673 1
05-07-2017-09:32:54:458 301673 302250 1
05-07-2017-09:32:54:479 302250 302827 1
05-07-2017-09:32:54:516 302827 303404 1
05-07-2017-09:32:54:542 303404 303981 1
05-07-2017-09:32:54:578 303981 304558 1
05-07-2017-09:32:54:624 304558 305135 1
05-07-2017-09:32:54:665 305135 305712 1
05-07-2017-09:32:54:688 305712 306289 1
05-07-2017-09:32:54:723 306289 306866 1
05-07-2017-09:32:54:769 306866 307443 1
05-07-2017-09:32:54:804 307443 308020 1
05-07-2017-09:32:54:839 308020 308597 1
05-07-2017-09:32:54:874 308597 309174 1
05-07-2017-09:32:54:907 309174 309751 1
05-07-2017-09:32:54:943 309751 310328 1
05-07-2017-09:32:54:976 310328 310905 1
05-07-2017-09:32:55:011 310905 311482 1
05-07-2017-09:32:55:047 311482 312059 1
05-07-2017-09:32:55:092 312059 312636 1
05-07-2017-09:32:55:122 312636 313213 1
05-07-2017-09:32:55:157 313213 313790 1
05-07-2017-09:32:55:192 313790 314367 1
05-07-2017-09:32:55:238 314367 314944 1
05-07-2017-09:32:55:273 314944 315521 1
05-07-2017-09:32:55:308 315521 316098 1
05-07-2017-09:32:55:335 316098 316675 1
05-07-2017-09:32:55:383 316675 317252 1
05-07-2017-09:32:55:416 317252 317829 1
05-07-2017-09:32:55:451 317829 318406 1
05-07-2017-09:32:55:487 318406 318983 1
05-07-2017-09:32:55:526 318983 319560 1
05-07-2017-09:32:55:561 319560 320137 1
05-07-2017-09:32:55:597 320137 320714 1
05-07-2017-09:32:55:631 320714 321291 1
05-07-2017-09:32:55:667 321291 321868 1
05-07-2017-09:32:55:700 321868 322445 1
05-07-2017-09:32:55:735 322445 323022 1
05-07-2017-09:32:55:775 323022 323599 1
05-07-2017-09:32:55:810 323599 324176 1
05-07-2017-09:32:55:847 324176 324753 1
05-07-2017-09:32:55:880 324753 325330 1
05-07-2017-09:32:55:916 325330 325907 1
05-07-2017-09:32:55:950 325907 326484 1
05-07-2017-09:32:55:985 326484 327061 1
05-07-2017-09:32:56:029 327061 327638 1
05-07-2017-09:32:56:064 327638 328215 1
05-07-2017-09:32:56:098 328215 328792 1
05-07-2017-09:32:56:138 328792 329369 1
05-07-2017-09:32:56:172 329369 329946 1
05-07-2017-09:32:56:207 329946 330523 1
05-07-2017-09:32:56:242 330523 331100 1
05-07-2017-09:32:56:276 331100 331677 1
05-07-2017-09:32:56:314 331677 332254 1
05-07-2017-09:32:56:354 332254 332831 1
05-07-2017-09:32:56:390 332831 333408 1
05-07-2017-09:32:56:422 333408 333985 1
05-07-2017-09:32:56:460 333985 334562 1
05-07-2017-09:32:56:493 334562 335139 1
05-07-2017-09:32:56:526 335139 335716 1
05-07-2017-09:32:56:570 335716 336293 1
05-07-2017-09:32:56:606 336293 336870 1
05-07-2017-09:32:56:641 336870 337447 1
05-07-2017-09:32:56:676 337447 338024 1
05-07-2017-09:32:56:706 338024 338601 1
05-07-2017-09:32:56:753 338601 339178 1
05-07-2017-09:32:56:790 339178 339755 1
05-07-2017-09:32:56:829 339755 340332 1
05-07-2017-09:32:56:858 340332 340909 1
05-07-2017-09:32:56:891 340909 341486 1
05-07-2017-09:32:56:930 341486 342063 1
05-07-2017-09:32:56:970 342063 342640 1
05-07-2017-09:32:57:002 342640 343217 1
05-07-2017-09:32:57:037 343217 343794 1
05-07-2017-09:32:57:072 343794 344371 1
05-07-2017-09:32:57:107 344371 344948 1
05-07-2017-09:32:57:143 344948 345525 1
05-07-2017-09:32:57:176 345525 346102 1
05-07-2017-09:32:57:213 346102 346679 1
05-07-2017-09:32:57:252 346679 347256 1
05-07-2017-09:32:57:287 347256 347833 1
05-07-2017-09:32:57:320 347833 348410 1
05-07-2017-09:32:57:356 348410 348987 1
05-07-2017-09:32:57:391 348987 349564 1
05-07-2017-09:32:57:436 349564 350141 1
05-07-2017-09:32:57:465 350141 350718 1
05-07-2017-09:32:57:501 350718 351295 1
05-07-2017-09:32:57:692 351295 351872 1
05-07-2017-09:32:57:693 351872 352449 1
05-07-2017-09:32:57:694 352449 353026 1
05-07-2017-09:32:57:694 353026 353603 1
05-07-2017-09:32:57:694 353603 354180 1
05-07-2017-09:32:57:727 354180 354757 1
05-07-2017-09:32:57:765 354757 355334 1
05-07-2017-09:32:57:795 355334 355911 1
05-07-2017-09:32:57:836 355911 356488 1
05-07-2017-09:32:57:870 356488 357065 1
05-07-2017-09:32:57:906 357065 357642 1
05-07-2017-09:32:57:940 357642 358219 1
05-07-2017-09:32:57:975 358219 358796 1
05-07-2017-09:32:58:010 358796 359373 1
05-07-2017-09:32:58:045 359373 359950 1
05-07-2017-09:32:58:079 359950 360527 1
05-07-2017-09:32:58:118 360527 361104 1
05-07-2017-09:32:58:154 361104 361681 1
05-07-2017-09:32:58:189 361681 362258 1
05-07-2017-09:32:58:224 362258 362835 1
05-07-2017-09:32:58:259 362835 363412 1
05-07-2017-09:32:58:294 363412 363989 1
05-07-2017-09:32:58:328 363989 364566 1
05-07-2017-09:32:58:368 364566 365143 1
05-07-2017-09:32:58:402 365143 365720 1
05-07-2017-09:32:58:437 365720 366297 1
05-07-2017-09:32:58:472 366297 366874 1
05-07-2017-09:32:58:520 366874 367451 1
05-07-2017-09:32:58:554 367451 368028 1
05-07-2017-09:32:58:594 368028 368605 1
05-07-2017-09:32:58:617 368605 369182 1
05-07-2017-09:32:58:664 369182 369759 1
05-07-2017-09:32:58:698 369759 370336 1
05-07-2017-09:32:58:734 370336 370913 1
05-07-2017-09:32:58:768 370913 371490 1
05-07-2017-09:32:58:805 371490 372067 1
05-07-2017-09:32:58:843 372067 372644 1
05-07-2017-09:32:58:878 372644 373221 1
05-07-2017-09:32:58:913 373221 373798 1
05-07-2017-09:32:58:948 373798 374375 1
05-07-2017-09:32:58:984 374375 374952 1
05-07-2017-09:32:59:017 374952 375529 1
05-07-2017-09:32:59:053 375529 376106 1
05-07-2017-09:32:59:086 376106 376683 1
05-07-2017-09:32:59:128 376683 377260 1
05-07-2017-09:32:59:164 377260 377837 1
05-07-2017-09:32:59:197 377837 378414 1
05-07-2017-09:32:59:236 378414 378991 1
05-07-2017-09:32:59:272 378991 379568 1
05-07-2017-09:32:59:307 379568 380145 1
05-07-2017-09:32:59:346 380145 380722 1
05-07-2017-09:32:59:377 380722 381299 1
05-07-2017-09:32:59:412 381299 381876 1
05-07-2017-09:32:59:447 381876 382453 1
05-07-2017-09:32:59:493 382453 383030 1
05-07-2017-09:32:59:532 383030 383607 1
05-07-2017-09:32:59:557 383607 384184 1
05-07-2017-09:32:59:591 384184 384761 1
05-07-2017-09:32:59:638 384761 385338 1
05-07-2017-09:32:59:673 385338 385915 1
05-07-2017-09:32:59:707 385915 386492 1
05-07-2017-09:32:59:746 386492 387069 1
05-07-2017-09:32:59:777 387069 387646 1
05-07-2017-09:32:59:812 387646 388223 1
05-07-2017-09:32:59:846 388223 388800 1
05-07-2017-09:32:59:882 388800 389377 1
05-07-2017-09:32:59:915 389377 389954 1
05-07-2017-09:32:59:962 389954 390531 1
05-07-2017-09:32:59:996 390531 391108 1
05-07-2017-09:33:00:031 391108 391685 1
05-07-2017-09:33:00:067 391685 392262 1
05-07-2017-09:33:00:102 392262 392839 1
05-07-2017-09:33:00:141 392839 393416 1
05-07-2017-09:33:00:176 393416 393993 1
05-07-2017-09:33:00:210 393993 394570 1
05-07-2017-09:33:00:245 394570 395147 1
05-07-2017-09:33:00:280 395147 395724 1
05-07-2017-09:33:00:315 395724 396301 1
05-07-2017-09:33:00:349 396301 396878 1
05-07-2017-09:33:00:384 396878 397455 1
05-07-2017-09:33:00:419 397455 398032 1
05-07-2017-09:33:00:466 398032 398609 1
05-07-2017-09:33:00:493 398609 399186 1
05-07-2017-09:33:00:528 399186 399763 1
05-07-2017-09:33:00:575 399763 400340 1
05-07-2017-09:33:00:612 400340 400917 1
05-07-2017-09:33:00:647 400917 401494 1
05-07-2017-09:33:00:864 401494 402071 1
05-07-2017-09:33:00:865 402071 402648 1
05-07-2017-09:33:00:865 402648 403225 1
05-07-2017-09:33:00:865 403225 403802 1
05-07-2017-09:33:00:865 403802 404379 1
05-07-2017-09:33:00:865 404379 404956 1
05-07-2017-09:33:00:899 404956 405533 1
05-07-2017-09:33:00:934 405533 406110 1
05-07-2017-09:33:00:970 406110 406687 1
05-07-2017-09:33:01:004 406687 407264 1
05-07-2017-09:33:01:040 407264 407841 1
05-07-2017-09:33:01:073 407841 408418 1
05-07-2017-09:33:01:110 408418 408995 1
05-07-2017-09:33:01:150 408995 409572 1
05-07-2017-09:33:01:184 409572 410149 1
05-07-2017-09:33:01:219 410149 410726 1
05-07-2017-09:33:01:254 410726 411303 1
05-07-2017-09:33:01:288 411303 411880 1
05-07-2017-09:33:01:323 411880 412457 1
05-07-2017-09:33:01:361 412457 413034 1
05-07-2017-09:33:01:392 413034 413611 1
05-07-2017-09:33:01:440 413611 414188 1
05-07-2017-09:33:01:475 414188 414765 1
05-07-2017-09:33:01:502 414765 415342 1
05-07-2017-09:33:01:537 415342 415919 1
05-07-2017-09:33:01:585 415919 416496 1
05-07-2017-09:33:01:618 416496 417073 1
05-07-2017-09:33:01:654 417073 417650 1
05-07-2017-09:33:01:689 417650 418227 1
05-07-2017-09:33:01:726 418227 418804 1
05-07-2017-09:33:01:759 418804 419381 1
05-07-2017-09:33:01:792 419381 419958 1
05-07-2017-09:33:01:827 419958 420535 1
05-07-2017-09:33:01:874 420535 421112 1
05-07-2017-09:33:01:908 421112 421689 1
05-07-2017-09:33:01:945 421689 422266 1
05-07-2017-09:33:01:978 422266 422843 1
05-07-2017-09:33:02:014 422843 423420 1
05-07-2017-09:33:02:049 423420 423997 1
05-07-2017-09:33:02:089 423997 424574 1
05-07-2017-09:33:02:126 424574 425151 1
05-07-2017-09:33:02:158 425151 425728 1
05-07-2017-09:33:02:192 425728 426305 1
05-07-2017-09:33:02:227 426305 426882 1
05-07-2017-09:33:02:262 426882 427459 1
05-07-2017-09:33:02:299 427459 428036 1
05-07-2017-09:33:02:331 428036 428613 1
05-07-2017-09:33:02:367 428613 429190 1
05-07-2017-09:33:02:407 429190 429767 1
05-07-2017-09:33:02:440 429767 430344 1
05-07-2017-09:33:02:477 430344 430921 1
05-07-2017-09:33:02:524 430921 431498 1
05-07-2017-09:33:02:557 431498 432075 1
05-07-2017-09:33:02:592 432075 432652 1
05-07-2017-09:33:02:628 432652 433229 1
05-07-2017-09:33:02:667 433229 433806 1
05-07-2017-09:33:02:704 433806 434383 1
05-07-2017-09:33:02:737 434383 434960 1
05-07-2017-09:33:02:773 434960 435537 1
05-07-2017-09:33:02:807 435537 436114 1
05-07-2017-09:33:02:842 436114 436691 1
05-07-2017-09:33:02:877 436691 437268 1
05-07-2017-09:33:02:913 437268 437845 1
05-07-2017-09:33:02:952 437845 438422 1
05-07-2017-09:33:02:985 438422 438999 1
05-07-2017-09:33:03:020 438999 439576 1
05-07-2017-09:33:03:056 439576 440153 1
05-07-2017-09:33:03:091 440153 440730 1
05-07-2017-09:33:03:127 440730 441307 1
05-07-2017-09:33:03:161 441307 441884 1
05-07-2017-09:33:03:207 441884 442461 1
05-07-2017-09:33:03:243 442461 443038 1
05-07-2017-09:33:03:276 443038 443615 1
05-07-2017-09:33:03:325 443615 444192 1
05-07-2017-09:33:03:355 444192 444769 1
05-07-2017-09:33:03:379 444769 445346 1
05-07-2017-09:33:03:413 445346 445923 1
05-07-2017-09:33:03:449 445923 446500 1
05-07-2017-09:33:03:496 446500 447077 1
05-07-2017-09:33:03:531 447077 447654 1
05-07-2017-09:33:03:567 447654 448231 1
05-07-2017-09:33:03:601 448231 448808 1
05-07-2017-09:33:03:632 448808 449385 1
05-07-2017-09:33:03:676 449385 449962 1
05-07-2017-09:33:03:711 449962 450539 1
05-07-2017-09:33:03:747 450539 451116 1
05-07-2017-09:33:03:781 451116 451693 1
05-07-2017-09:33:03:996 451693 452270 1
05-07-2017-09:33:03:997 452270 452847 1
05-07-2017-09:33:03:998 452847 453424 1
05-07-2017-09:33:03:998 453424 454001 1
05-07-2017-09:33:03:998 454001 454578 1
05-07-2017-09:33:03:998 454578 455155 1
05-07-2017-09:33:04:029 455155 455732 1
05-07-2017-09:33:04:067 455732 456309 1
05-07-2017-09:33:04:101 456309 456886 1
05-07-2017-09:33:04:135 456886 457463 1
05-07-2017-09:33:04:171 457463 458040 1
05-07-2017-09:33:04:216 458040 458617 1
05-07-2017-09:33:04:252 458617 459194 1
05-07-2017-09:33:04:288 459194 459771 1
05-07-2017-09:33:04:327 459771 460348 1
05-07-2017-09:33:04:361 460348 460925 1
05-07-2017-09:33:04:397 460925 461502 1
05-07-2017-09:33:04:431 461502 462079 1
05-07-2017-09:33:04:465 462079 462656 1
05-07-2017-09:33:04:500 462656 463233 1
05-07-2017-09:33:04:535 463233 463810 1
05-07-2017-09:33:04:570 463810 464387 1
05-07-2017-09:33:04:610 464387 464964 1
05-07-2017-09:33:04:647 464964 465541 1
05-07-2017-09:33:04:679 465541 466118 1
05-07-2017-09:33:04:714 466118 466695 1
05-07-2017-09:33:04:750 466695 467272 1
05-07-2017-09:33:04:784 467272 467849 1
05-07-2017-09:33:04:819 467849 468426 1
05-07-2017-09:33:04:866 468426 469003 1
05-07-2017-09:33:04:895 469003 469580 1
05-07-2017-09:33:04:933 469580 470157 1
05-07-2017-09:33:04:969 470157 470734 1
05-07-2017-09:33:05:006 470734 471311 1
05-07-2017-09:33:05:038 471311 471888 1
05-07-2017-09:33:05:074 471888 472465 1
05-07-2017-09:33:05:108 472465 473042 1
05-07-2017-09:33:05:147 473042 473619 1
05-07-2017-09:33:05:183 473619 474196 1
05-07-2017-09:33:05:226 474196 474773 1
05-07-2017-09:33:05:256 474773 475350 1
05-07-2017-09:33:05:292 475350 475927 1
05-07-2017-09:33:05:327 475927 476504 1
05-07-2017-09:33:05:361 476504 477081 1
05-07-2017-09:33:05:397 477081 477658 1
05-07-2017-09:33:05:442 477658 478235 1
05-07-2017-09:33:05:485 478235 478812 1
05-07-2017-09:33:05:506 478812 479389 1
05-07-2017-09:33:05:540 479389 479966 1
05-07-2017-09:33:05:591 479966 480543 1
05-07-2017-09:33:05:623 480543 481120 1
05-07-2017-09:33:05:658 481120 481697 1
05-07-2017-09:33:05:692 481697 482274 1
05-07-2017-09:33:05:726 482274 482851 1
05-07-2017-09:33:05:767 482851 483428 1
05-07-2017-09:33:05:801 483428 484005 1
05-07-2017-09:33:05:836 484005 484582 1
05-07-2017-09:33:05:871 484582 485159 1
05-07-2017-09:33:05:909 485159 485736 1
05-07-2017-09:33:05:941 485736 486313 1
05-07-2017-09:33:05:979 486313 486890 1
05-07-2017-09:33:06:016 486890 487467 1
05-07-2017-09:33:06:050 487467 488044 1
05-07-2017-09:33:06:090 488044 488621 1
05-07-2017-09:33:06:120 488621 489198 1
05-07-2017-09:33:06:155 489198 489775 1
05-07-2017-09:33:06:191 489775 490352 1
05-07-2017-09:33:06:226 490352 490929 1
05-07-2017-09:33:06:265 490929 491506 1
05-07-2017-09:33:06:300 491506 492083 1
05-07-2017-09:33:06:335 492083 492660 1
05-07-2017-09:33:06:371 492660 493237 1
05-07-2017-09:33:06:417 493237 493814 1
05-07-2017-09:33:06:451 493814 494391 1
05-07-2017-09:33:06:490 494391 494968 1
05-07-2017-09:33:06:522 494968 495545 1
05-07-2017-09:33:06:559 495545 496122 1
05-07-2017-09:33:06:596 496122 496699 1
05-07-2017-09:33:06:630 496699 497276 1
05-07-2017-09:33:06:667 497276 497853 1
05-07-2017-09:33:06:699 497853 498430 1
05-07-2017-09:33:06:735 498430 499007 1
05-07-2017-09:33:06:769 499007 499584 1
05-07-2017-09:33:06:804 499584 500161 1
05-07-2017-09:33:06:844 500161 500738 1
05-07-2017-09:33:06:880 500738 501315 1
05-07-2017-09:33:06:913 501315 501892 1
05-07-2017-09:33:07:145 501892 502469 1
05-07-2017-09:33:07:146 502469 503046 1
05-07-2017-09:33:07:146 503046 503623 1
05-07-2017-09:33:07:146 503623 504200 1
05-07-2017-09:33:07:147 504200 504777 1
05-07-2017-09:33:07:147 504777 505354 1
05-07-2017-09:33:07:170 505354 505931 1
05-07-2017-09:33:07:205 505931 506508 1
05-07-2017-09:33:07:247 506508 507085 1
05-07-2017-09:33:07:280 507085 507662 1
05-07-2017-09:33:07:316 507662 508239 1
05-07-2017-09:33:07:349 508239 508816 1
05-07-2017-09:33:07:388 508816 509393 1
05-07-2017-09:33:07:419 509393 509970 1
05-07-2017-09:33:07:455 509970 510547 1
05-07-2017-09:33:07:489 510547 511124 1
05-07-2017-09:33:07:524 511124 511701 1
05-07-2017-09:33:07:569 511701 512278 1
05-07-2017-09:33:07:605 512278 512855 1
05-07-2017-09:33:07:639 512855 513432 1
05-07-2017-09:33:07:673 513432 514009 1
05-07-2017-09:33:07:709 514009 514586 1
05-07-2017-09:33:07:745 514586 515163 1
05-07-2017-09:33:07:779 515163 515740 1
05-07-2017-09:33:07:813 515740 516317 1
05-07-2017-09:33:07:849 516317 516894 1
05-07-2017-09:33:07:894 516894 517471 1
05-07-2017-09:33:07:928 517471 518048 1
05-07-2017-09:33:07:963 518048 518625 1
05-07-2017-09:33:07:998 518625 519202 1
05-07-2017-09:33:08:033 519202 519779 1
05-07-2017-09:33:08:069 519779 520356 1
05-07-2017-09:33:08:102 520356 520933 1
05-07-2017-09:33:08:143 520933 521510 1
05-07-2017-09:33:08:178 521510 522087 1
05-07-2017-09:33:08:213 522087 522664 1
05-07-2017-09:33:08:248 522664 523241 1
05-07-2017-09:33:08:281 523241 523818 1
05-07-2017-09:33:08:322 523818 524395 1
05-07-2017-09:33:08:358 524395 524972 1
05-07-2017-09:33:08:392 524972 525549 1
05-07-2017-09:33:08:430 525549 526126 1
05-07-2017-09:33:08:462 526126 526703 1
05-07-2017-09:33:08:508 526703 527280 1
05-07-2017-09:33:08:543 527280 527857 1
05-07-2017-09:33:08:578 527857 528434 1
05-07-2017-09:33:08:613 528434 529011 1
05-07-2017-09:33:08:647 529011 529588 1
