05-07-2017-09:33:08:891 0 627 1
05-07-2017-09:33:08:921 627 1254 1
05-07-2017-09:33:08:954 1254 1881 1
05-07-2017-09:33:09:002 1881 2508 1
05-07-2017-09:33:09:041 2508 3135 1
05-07-2017-09:33:09:076 3135 3762 1
05-07-2017-09:33:09:122 3762 4389 1
05-07-2017-09:33:09:157 4389 5016 1
05-07-2017-09:33:09:192 5016 5643 1
05-07-2017-09:33:09:239 5643 6270 1
05-07-2017-09:33:09:274 6270 6897 1
05-07-2017-09:33:09:308 6897 7524 1
05-07-2017-09:33:09:355 7524 8151 1
05-07-2017-09:33:09:390 8151 8778 1
05-07-2017-09:33:09:424 8778 9405 1
