05-07-2017-10:10:50:088 0 680 1
05-07-2017-10:10:50:129 680 1360 1
05-07-2017-10:10:50:165 1360 2040 1
05-07-2017-10:10:50:211 2040 2720 1
05-07-2017-10:10:50:258 2720 3400 1
05-07-2017-10:10:50:293 3400 4080 1
05-07-2017-10:10:50:338 4080 4760 1
05-07-2017-10:10:50:378 4760 5440 1
05-07-2017-10:10:50:424 5440 6120 1
05-07-2017-10:10:50:470 6120 6800 1
05-07-2017-10:10:50:506 6800 7480 1
05-07-2017-10:10:50:552 7480 8160 1
05-07-2017-10:10:50:599 8160 8840 1
05-07-2017-10:10:50:634 8840 9520 1
05-07-2017-10:10:50:675 9520 10200 1
05-07-2017-10:10:50:726 10200 10880 1
05-07-2017-10:10:50:760 10880 11560 1
05-07-2017-10:10:50:809 11560 12240 1
05-07-2017-10:10:50:855 12240 12920 1
05-07-2017-10:10:50:888 12920 13600 1
05-07-2017-10:10:50:930 13600 14280 1
05-07-2017-10:10:50:978 14280 14960 1
05-07-2017-10:10:51:024 14960 15640 1
05-07-2017-10:10:51:059 15640 16320 1
05-07-2017-10:10:51:105 16320 17000 1
05-07-2017-10:10:51:151 17000 17680 1
05-07-2017-10:10:51:186 17680 18360 1
05-07-2017-10:10:51:233 18360 19040 1
05-07-2017-10:10:51:268 19040 19720 1
05-07-2017-10:10:51:315 19720 20400 1
05-07-2017-10:10:51:361 20400 21080 1
05-07-2017-10:10:51:396 21080 21760 1
05-07-2017-10:10:51:444 21760 22440 1
05-07-2017-10:10:51:490 22440 23120 1
05-07-2017-10:10:51:525 23120 23800 1
05-07-2017-10:10:51:573 23800 24480 1
05-07-2017-10:10:51:619 24480 25160 1
05-07-2017-10:10:51:653 25160 25840 1
05-07-2017-10:10:51:700 25840 26520 1
05-07-2017-10:10:51:746 26520 27200 1
05-07-2017-10:10:51:782 27200 27880 1
05-07-2017-10:10:51:827 27880 28560 1
05-07-2017-10:10:51:862 28560 29240 1
05-07-2017-10:10:51:910 29240 29920 1
05-07-2017-10:10:51:961 29920 30600 1
05-07-2017-10:10:51:990 30600 31280 1
05-07-2017-10:10:52:043 31280 31960 1
05-07-2017-10:10:52:086 31960 32640 1
05-07-2017-10:10:52:125 32640 33320 1
05-07-2017-10:10:52:165 33320 34000 1
05-07-2017-10:10:52:213 34000 34680 1
05-07-2017-10:10:52:246 34680 35360 1
05-07-2017-10:10:52:294 35360 36040 1
05-07-2017-10:10:52:334 36040 36720 1
05-07-2017-10:10:52:382 36720 37400 1
05-07-2017-10:10:52:416 37400 38080 1
05-07-2017-10:10:52:463 38080 38760 1
05-07-2017-10:10:52:509 38760 39440 1
05-07-2017-10:10:52:545 39440 40120 1
05-07-2017-10:10:52:596 40120 40800 1
05-07-2017-10:10:52:632 40800 41480 1
05-07-2017-10:10:52:683 41480 42160 1
05-07-2017-10:10:52:718 42160 42840 1
05-07-2017-10:10:52:764 42840 43520 1
05-07-2017-10:10:52:801 43520 44200 1
05-07-2017-10:10:52:846 44200 44880 1
05-07-2017-10:10:52:894 44880 45560 1
05-07-2017-10:10:52:929 45560 46240 1
05-07-2017-10:10:52:975 46240 46920 1
05-07-2017-10:10:53:021 46920 47600 1
05-07-2017-10:10:53:057 47600 48280 1
05-07-2017-10:10:53:103 48280 48960 1
05-07-2017-10:10:53:139 48960 49640 1
05-07-2017-10:10:53:357 49640 50320 1
05-07-2017-10:10:53:359 50320 51000 1
05-07-2017-10:10:53:359 51000 51680 1
05-07-2017-10:10:53:359 51680 52360 1
05-07-2017-10:10:53:365 52360 53040 1
05-07-2017-10:10:53:407 53040 53720 1
05-07-2017-10:10:53:438 53720 54400 1
05-07-2017-10:10:53:486 54400 55080 1
05-07-2017-10:10:53:520 55080 55760 1
05-07-2017-10:10:53:568 55760 56440 1
05-07-2017-10:10:53:613 56440 57120 1
05-07-2017-10:10:53:649 57120 57800 1
05-07-2017-10:10:53:695 57800 58480 1
05-07-2017-10:10:53:743 58480 59160 1
05-07-2017-10:10:53:777 59160 59840 1
05-07-2017-10:10:53:825 59840 60520 1
05-07-2017-10:10:53:870 60520 61200 1
05-07-2017-10:10:53:906 61200 61880 1
05-07-2017-10:10:53:953 61880 62560 1
05-07-2017-10:10:54:000 62560 63240 1
05-07-2017-10:10:54:033 63240 63920 1
05-07-2017-10:10:54:081 63920 64600 1
05-07-2017-10:10:54:120 64600 65280 1
05-07-2017-10:10:54:168 65280 65960 1
05-07-2017-10:10:54:201 65960 66640 1
05-07-2017-10:10:54:248 66640 67320 1
05-07-2017-10:10:54:296 67320 68000 1
05-07-2017-10:10:54:330 68000 68680 1
05-07-2017-10:10:54:376 68680 69360 1
05-07-2017-10:10:54:424 69360 70040 1
05-07-2017-10:10:54:458 70040 70720 1
05-07-2017-10:10:54:506 70720 71400 1
05-07-2017-10:10:54:551 71400 72080 1
05-07-2017-10:10:54:588 72080 72760 1
05-07-2017-10:10:54:633 72760 73440 1
05-07-2017-10:10:54:682 73440 74120 1
05-07-2017-10:10:54:720 74120 74800 1
05-07-2017-10:10:54:754 74800 75480 1
05-07-2017-10:10:54:801 75480 76160 1
05-07-2017-10:10:54:847 76160 76840 1
05-07-2017-10:10:54:883 76840 77520 1
05-07-2017-10:10:54:929 77520 78200 1
05-07-2017-10:10:54:977 78200 78880 1
05-07-2017-10:10:55:012 78880 79560 1
05-07-2017-10:10:55:058 79560 80240 1
05-07-2017-10:10:55:093 80240 80920 1
05-07-2017-10:10:55:140 80920 81600 1
05-07-2017-10:10:55:186 81600 82280 1
05-07-2017-10:10:55:221 82280 82960 1
05-07-2017-10:10:55:268 82960 83640 1
05-07-2017-10:10:55:314 83640 84320 1
05-07-2017-10:10:55:350 84320 85000 1
05-07-2017-10:10:55:396 85000 85680 1
05-07-2017-10:10:55:443 85680 86360 1
05-07-2017-10:10:55:478 86360 87040 1
05-07-2017-10:10:55:525 87040 87720 1
05-07-2017-10:10:55:572 87720 88400 1
05-07-2017-10:10:55:607 88400 89080 1
05-07-2017-10:10:55:652 89080 89760 1
05-07-2017-10:10:55:687 89760 90440 1
05-07-2017-10:10:55:734 90440 91120 1
05-07-2017-10:10:55:781 91120 91800 1
05-07-2017-10:10:55:817 91800 92480 1
05-07-2017-10:10:55:867 92480 93160 1
05-07-2017-10:10:55:910 93160 93840 1
05-07-2017-10:10:55:946 93840 94520 1
05-07-2017-10:10:55:991 94520 95200 1
05-07-2017-10:10:56:039 95200 95880 1
05-07-2017-10:10:56:073 95880 96560 1
05-07-2017-10:10:56:120 96560 97240 1
05-07-2017-10:10:56:167 97240 97920 1
05-07-2017-10:10:56:202 97920 98600 1
05-07-2017-10:10:56:249 98600 99280 1
05-07-2017-10:10:56:285 99280 99960 1
05-07-2017-10:10:56:518 99960 100640 1
05-07-2017-10:10:56:519 100640 101320 1
05-07-2017-10:10:56:519 101320 102000 1
05-07-2017-10:10:56:520 102000 102680 1
05-07-2017-10:10:56:520 102680 103360 1
05-07-2017-10:10:56:541 103360 104040 1
05-07-2017-10:10:56:588 104040 104720 1
05-07-2017-10:10:56:624 104720 105400 1
05-07-2017-10:10:56:671 105400 106080 1
05-07-2017-10:10:56:718 106080 106760 1
05-07-2017-10:10:56:752 106760 107440 1
05-07-2017-10:10:56:799 107440 108120 1
05-07-2017-10:10:56:847 108120 108800 1
05-07-2017-10:10:56:880 108800 109480 1
05-07-2017-10:10:56:927 109480 110160 1
05-07-2017-10:10:56:974 110160 110840 1
05-07-2017-10:10:57:010 110840 111520 1
05-07-2017-10:10:57:056 111520 112200 1
05-07-2017-10:10:57:092 112200 112880 1
05-07-2017-10:10:57:138 112880 113560 1
05-07-2017-10:10:57:183 113560 114240 1
05-07-2017-10:10:57:218 114240 114920 1
05-07-2017-10:10:57:266 114920 115600 1
05-07-2017-10:10:57:311 115600 116280 1
05-07-2017-10:10:57:346 116280 116960 1
05-07-2017-10:10:57:394 116960 117640 1
05-07-2017-10:10:57:440 117640 118320 1
05-07-2017-10:10:57:476 118320 119000 1
05-07-2017-10:10:57:522 119000 119680 1
05-07-2017-10:10:57:570 119680 120360 1
05-07-2017-10:10:57:605 120360 121040 1
05-07-2017-10:10:57:650 121040 121720 1
05-07-2017-10:10:57:687 121720 122400 1
05-07-2017-10:10:57:733 122400 123080 1
05-07-2017-10:10:57:778 123080 123760 1
05-07-2017-10:10:57:815 123760 124440 1
05-07-2017-10:10:57:861 124440 125120 1
05-07-2017-10:10:57:908 125120 125800 1
05-07-2017-10:10:57:942 125800 126480 1
05-07-2017-10:10:57:989 126480 127160 1
05-07-2017-10:10:58:035 127160 127840 1
05-07-2017-10:10:58:070 127840 128520 1
05-07-2017-10:10:58:118 128520 129200 1
05-07-2017-10:10:58:165 129200 129880 1
05-07-2017-10:10:58:200 129880 130560 1
05-07-2017-10:10:58:253 130560 131240 1
05-07-2017-10:10:58:282 131240 131920 1
05-07-2017-10:10:58:328 131920 132600 1
05-07-2017-10:10:58:374 132600 133280 1
05-07-2017-10:10:58:408 133280 133960 1
05-07-2017-10:10:58:455 133960 134640 1
05-07-2017-10:10:58:501 134640 135320 1
05-07-2017-10:10:58:536 135320 136000 1
05-07-2017-10:10:58:584 136000 136680 1
05-07-2017-10:10:58:623 136680 137360 1
05-07-2017-10:10:58:668 137360 138040 1
05-07-2017-10:10:58:716 138040 138720 1
05-07-2017-10:10:58:751 138720 139400 1
05-07-2017-10:10:58:796 139400 140080 1
05-07-2017-10:10:58:844 140080 140760 1
05-07-2017-10:10:58:879 140760 141440 1
05-07-2017-10:10:58:926 141440 142120 1
05-07-2017-10:10:58:961 142120 142800 1
05-07-2017-10:10:59:007 142800 143480 1
05-07-2017-10:10:59:054 143480 144160 1
05-07-2017-10:10:59:090 144160 144840 1
05-07-2017-10:10:59:136 144840 145520 1
05-07-2017-10:10:59:183 145520 146200 1
05-07-2017-10:10:59:225 146200 146880 1
05-07-2017-10:10:59:260 146880 147560 1
05-07-2017-10:10:59:308 147560 148240 1
05-07-2017-10:10:59:354 148240 148920 1
05-07-2017-10:10:59:389 148920 149600 1
05-07-2017-10:10:59:435 149600 150280 1
05-07-2017-10:10:59:647 150280 150960 1
05-07-2017-10:10:59:648 150960 151640 1
05-07-2017-10:10:59:648 151640 152320 1
05-07-2017-10:10:59:648 152320 153000 1
05-07-2017-10:10:59:648 153000 153680 1
05-07-2017-10:10:59:693 153680 154360 1
05-07-2017-10:10:59:727 154360 155040 1
05-07-2017-10:10:59:773 155040 155720 1
05-07-2017-10:10:59:822 155720 156400 1
05-07-2017-10:10:59:856 156400 157080 1
05-07-2017-10:10:59:902 157080 157760 1
05-07-2017-10:10:59:945 157760 158440 1
05-07-2017-10:10:59:992 158440 159120 1
05-07-2017-10:11:00:026 159120 159800 1
05-07-2017-10:11:00:074 159800 160480 1
05-07-2017-10:11:00:112 160480 161160 1
05-07-2017-10:11:00:158 161160 161840 1
05-07-2017-10:11:00:195 161840 162520 1
05-07-2017-10:11:00:241 162520 163200 1
05-07-2017-10:11:00:286 163200 163880 1
05-07-2017-10:11:00:333 163880 164560 1
05-07-2017-10:11:00:365 164560 165240 1
05-07-2017-10:11:00:414 165240 165920 1
05-07-2017-10:11:00:459 165920 166600 1
05-07-2017-10:11:00:494 166600 167280 1
05-07-2017-10:11:00:541 167280 167960 1
05-07-2017-10:11:00:575 167960 168640 1
05-07-2017-10:11:00:623 168640 169320 1
05-07-2017-10:11:00:669 169320 170000 1
05-07-2017-10:11:00:705 170000 170680 1
05-07-2017-10:11:00:752 170680 171360 1
05-07-2017-10:11:00:797 171360 172040 1
05-07-2017-10:11:00:832 172040 172720 1
05-07-2017-10:11:00:880 172720 173400 1
05-07-2017-10:11:00:921 173400 174080 1
05-07-2017-10:11:00:968 174080 174760 1
05-07-2017-10:11:01:004 174760 175440 1
05-07-2017-10:11:01:050 175440 176120 1
05-07-2017-10:11:01:085 176120 176800 1
05-07-2017-10:11:01:133 176800 177480 1
05-07-2017-10:11:01:178 177480 178160 1
05-07-2017-10:11:01:214 178160 178840 1
05-07-2017-10:11:01:260 178840 179520 1
05-07-2017-10:11:01:307 179520 180200 1
05-07-2017-10:11:01:343 180200 180880 1
05-07-2017-10:11:01:389 180880 181560 1
05-07-2017-10:11:01:437 181560 182240 1
05-07-2017-10:11:01:470 182240 182920 1
05-07-2017-10:11:01:518 182920 183600 1
05-07-2017-10:11:01:565 183600 184280 1
05-07-2017-10:11:01:598 184280 184960 1
05-07-2017-10:11:01:645 184960 185640 1
05-07-2017-10:11:01:680 185640 186320 1
05-07-2017-10:11:01:728 186320 187000 1
05-07-2017-10:11:01:776 187000 187680 1
05-07-2017-10:11:01:809 187680 188360 1
05-07-2017-10:11:01:856 188360 189040 1
05-07-2017-10:11:01:904 189040 189720 1
05-07-2017-10:11:01:938 189720 190400 1
05-07-2017-10:11:01:984 190400 191080 1
05-07-2017-10:11:02:032 191080 191760 1
05-07-2017-10:11:02:067 191760 192440 1
05-07-2017-10:11:02:112 192440 193120 1
05-07-2017-10:11:02:160 193120 193800 1
05-07-2017-10:11:02:202 193800 194480 1
05-07-2017-10:11:02:246 194480 195160 1
05-07-2017-10:11:02:277 195160 195840 1
05-07-2017-10:11:02:323 195840 196520 1
05-07-2017-10:11:02:372 196520 197200 1
05-07-2017-10:11:02:405 197200 197880 1
05-07-2017-10:11:02:452 197880 198560 1
05-07-2017-10:11:02:499 198560 199240 1
05-07-2017-10:11:02:534 199240 199920 1
05-07-2017-10:11:02:581 199920 200600 1
05-07-2017-10:11:02:805 200600 201280 1
05-07-2017-10:11:02:810 201280 201960 1
05-07-2017-10:11:02:810 201960 202640 1
05-07-2017-10:11:02:810 202640 203320 1
05-07-2017-10:11:02:810 203320 204000 1
05-07-2017-10:11:02:839 204000 204680 1
05-07-2017-10:11:02:875 204680 205360 1
05-07-2017-10:11:02:923 205360 206040 1
05-07-2017-10:11:02:957 206040 206720 1
05-07-2017-10:11:03:005 206720 207400 1
05-07-2017-10:11:03:052 207400 208080 1
05-07-2017-10:11:03:087 208080 208760 1
05-07-2017-10:11:03:137 208760 209440 1
05-07-2017-10:11:03:172 209440 210120 1
05-07-2017-10:11:03:217 210120 210800 1
05-07-2017-10:11:03:253 210800 211480 1
05-07-2017-10:11:03:300 211480 212160 1
05-07-2017-10:11:03:347 212160 212840 1
05-07-2017-10:11:03:386 212840 213520 1
05-07-2017-10:11:03:427 213520 214200 1
05-07-2017-10:11:03:476 214200 214880 1
05-07-2017-10:11:03:509 214880 215560 1
05-07-2017-10:11:03:557 215560 216240 1
05-07-2017-10:11:03:604 216240 216920 1
05-07-2017-10:11:03:637 216920 217600 1
05-07-2017-10:11:03:687 217600 218280 1
05-07-2017-10:11:03:723 218280 218960 1
05-07-2017-10:11:03:770 218960 219640 1
05-07-2017-10:11:03:816 219640 220320 1
05-07-2017-10:11:03:851 220320 221000 1
05-07-2017-10:11:03:900 221000 221680 1
05-07-2017-10:11:03:933 221680 222360 1
05-07-2017-10:11:03:979 222360 223040 1
05-07-2017-10:11:04:025 223040 223720 1
05-07-2017-10:11:04:062 223720 224400 1
05-07-2017-10:11:04:108 224400 225080 1
05-07-2017-10:11:04:155 225080 225760 1
05-07-2017-10:11:04:191 225760 226440 1
05-07-2017-10:11:04:236 226440 227120 1
05-07-2017-10:11:04:283 227120 227800 1
05-07-2017-10:11:04:319 227800 228480 1
05-07-2017-10:11:04:365 228480 229160 1
05-07-2017-10:11:04:411 229160 229840 1
05-07-2017-10:11:04:451 229840 230520 1
05-07-2017-10:11:04:496 230520 231200 1
05-07-2017-10:11:04:536 231200 231880 1
05-07-2017-10:11:04:570 231880 232560 1
05-07-2017-10:11:04:617 232560 233240 1
05-07-2017-10:11:04:664 233240 233920 1
05-07-2017-10:11:04:699 233920 234600 1
05-07-2017-10:11:04:747 234600 235280 1
05-07-2017-10:11:04:793 235280 235960 1
05-07-2017-10:11:04:835 235960 236640 1
05-07-2017-10:11:04:882 236640 237320 1
05-07-2017-10:11:04:913 237320 238000 1
05-07-2017-10:11:04:961 238000 238680 1
05-07-2017-10:11:04:997 238680 239360 1
05-07-2017-10:11:05:043 239360 240040 1
05-07-2017-10:11:05:090 240040 240720 1
05-07-2017-10:11:05:126 240720 241400 1
05-07-2017-10:11:05:171 241400 242080 1
05-07-2017-10:11:05:218 242080 242760 1
05-07-2017-10:11:05:253 242760 243440 1
05-07-2017-10:11:05:303 243440 244120 1
05-07-2017-10:11:05:336 244120 244800 1
05-07-2017-10:11:05:382 244800 245480 1
05-07-2017-10:11:05:428 245480 246160 1
05-07-2017-10:11:05:464 246160 246840 1
05-07-2017-10:11:05:511 246840 247520 1
05-07-2017-10:11:05:558 247520 248200 1
05-07-2017-10:11:05:592 248200 248880 1
05-07-2017-10:11:05:640 248880 249560 1
05-07-2017-10:11:05:687 249560 250240 1
05-07-2017-10:11:05:721 250240 250920 1
05-07-2017-10:11:06:010 250920 251600 1
05-07-2017-10:11:06:011 251600 252280 1
05-07-2017-10:11:06:011 252280 252960 1
05-07-2017-10:11:06:011 252960 253640 1
05-07-2017-10:11:06:011 253640 254320 1
05-07-2017-10:11:06:011 254320 255000 1
05-07-2017-10:11:06:016 255000 255680 1
05-07-2017-10:11:06:063 255680 256360 1
05-07-2017-10:11:06:103 256360 257040 1
05-07-2017-10:11:06:149 257040 257720 1
05-07-2017-10:11:06:195 257720 258400 1
05-07-2017-10:11:06:231 258400 259080 1
05-07-2017-10:11:06:276 259080 259760 1
05-07-2017-10:11:06:324 259760 260440 1
05-07-2017-10:11:06:359 260440 261120 1
05-07-2017-10:11:06:405 261120 261800 1
05-07-2017-10:11:06:440 261800 262480 1
05-07-2017-10:11:06:487 262480 263160 1
05-07-2017-10:11:06:534 263160 263840 1
05-07-2017-10:11:06:577 263840 264520 1
05-07-2017-10:11:06:623 264520 265200 1
05-07-2017-10:11:06:654 265200 265880 1
05-07-2017-10:11:06:702 265880 266560 1
05-07-2017-10:11:06:748 266560 267240 1
05-07-2017-10:11:06:783 267240 267920 1
