05-07-2017-10:03:13:141 0 800 1
05-07-2017-10:03:13:193 800 1600 1
05-07-2017-10:03:13:239 1600 2400 1
05-07-2017-10:03:13:292 2400 3200 1
05-07-2017-10:03:13:344 3200 3974 1
05-07-2017-10:03:13:396 3974 4748 1
05-07-2017-10:03:13:445 4748 5522 1
05-07-2017-10:03:13:492 5522 6296 1
05-07-2017-10:03:13:540 6296 7070 1
05-07-2017-10:03:13:585 7070 7844 1
05-07-2017-10:03:13:633 7844 8618 1
05-07-2017-10:03:13:685 8618 9392 1
05-07-2017-10:03:13:737 9392 10166 1
05-07-2017-10:03:13:783 10166 10940 1
05-07-2017-10:03:13:830 10940 11714 1
05-07-2017-10:03:13:878 11714 12488 1
05-07-2017-10:03:13:924 12488 13262 1
05-07-2017-10:03:13:971 13262 14036 1
05-07-2017-10:03:14:018 14036 14810 1
05-07-2017-10:03:14:063 14810 15584 1
05-07-2017-10:03:14:115 15584 16347 1
05-07-2017-10:03:14:167 16347 17094 1
05-07-2017-10:03:14:215 17094 17841 1
05-07-2017-10:03:14:263 17841 18588 1
05-07-2017-10:03:14:309 18588 19335 1
05-07-2017-10:03:14:356 19335 20082 1
05-07-2017-10:03:14:395 20082 20829 1
05-07-2017-10:03:14:441 20829 21576 1
05-07-2017-10:03:14:489 21576 22323 1
05-07-2017-10:03:14:540 22323 22960 1
05-07-2017-10:03:14:565 22960 23597 1
05-07-2017-10:03:14:612 23597 24234 1
05-07-2017-10:03:14:645 24234 24871 1
05-07-2017-10:03:14:693 24871 25508 1
05-07-2017-10:03:14:728 25508 26145 1
05-07-2017-10:03:14:766 26145 26782 1
05-07-2017-10:03:14:810 26782 27419 1
05-07-2017-10:03:14:845 27419 28056 1
05-07-2017-10:03:14:892 28056 28693 1
05-07-2017-10:03:14:926 28693 29330 1
05-07-2017-10:03:14:974 29330 29967 1
05-07-2017-10:03:15:008 29967 30604 1
05-07-2017-10:03:15:042 30604 31241 1
05-07-2017-10:03:15:082 31241 31878 1
05-07-2017-10:03:15:132 31878 32515 1
05-07-2017-10:03:15:168 32515 33152 1
05-07-2017-10:03:15:202 33152 33789 1
05-07-2017-10:03:15:250 33789 34426 1
05-07-2017-10:03:15:284 34426 35063 1
05-07-2017-10:03:15:332 35063 35700 1
05-07-2017-10:03:15:367 35700 36337 1
05-07-2017-10:03:15:401 36337 36974 1
05-07-2017-10:03:15:447 36974 37611 1
05-07-2017-10:03:15:483 37611 38248 1
05-07-2017-10:03:15:529 38248 38885 1
05-07-2017-10:03:15:563 38885 39522 1
05-07-2017-10:03:15:600 39522 40159 1
05-07-2017-10:03:15:646 40159 40796 1
05-07-2017-10:03:15:685 40796 41433 1
05-07-2017-10:03:15:722 41433 42070 1
05-07-2017-10:03:15:768 42070 42707 1
05-07-2017-10:03:15:802 42707 43344 1
05-07-2017-10:03:15:849 43344 43981 1
05-07-2017-10:03:15:886 43981 44618 1
05-07-2017-10:03:15:919 44618 45255 1
05-07-2017-10:03:15:965 45255 45892 1
05-07-2017-10:03:16:000 45892 46529 1
05-07-2017-10:03:16:048 46529 47166 1
05-07-2017-10:03:16:081 47166 47803 1
05-07-2017-10:03:16:120 47803 48440 1
05-07-2017-10:03:16:163 48440 49077 1
05-07-2017-10:03:16:200 49077 49714 1
05-07-2017-10:03:16:488 49714 50351 1
05-07-2017-10:03:16:494 50351 50988 1
05-07-2017-10:03:16:494 50988 51625 1
05-07-2017-10:03:16:494 51625 52262 1
05-07-2017-10:03:16:494 52262 52899 1
05-07-2017-10:03:16:494 52899 53536 1
05-07-2017-10:03:16:494 53536 54173 1
05-07-2017-10:03:16:527 54173 54810 1
05-07-2017-10:03:16:564 54810 55447 1
05-07-2017-10:03:16:599 55447 56084 1
05-07-2017-10:03:16:646 56084 56721 1
05-07-2017-10:03:16:685 56721 57358 1
05-07-2017-10:03:16:718 57358 57995 1
05-07-2017-10:03:16:755 57995 58632 1
05-07-2017-10:03:16:807 58632 59269 1
05-07-2017-10:03:16:836 59269 59906 1
05-07-2017-10:03:16:874 59906 60543 1
05-07-2017-10:03:16:922 60543 61180 1
05-07-2017-10:03:16:957 61180 61817 1
05-07-2017-10:03:17:002 61817 62454 1
05-07-2017-10:03:17:038 62454 63091 1
05-07-2017-10:03:17:073 63091 63728 1
05-07-2017-10:03:17:118 63728 64365 1
05-07-2017-10:03:17:154 64365 65002 1
05-07-2017-10:03:17:201 65002 65639 1
05-07-2017-10:03:17:239 65639 66276 1
05-07-2017-10:03:17:272 66276 66913 1
05-07-2017-10:03:17:317 66913 67550 1
05-07-2017-10:03:17:353 67550 68187 1
05-07-2017-10:03:17:396 68187 68824 1
05-07-2017-10:03:17:437 68824 69461 1
05-07-2017-10:03:17:481 69461 70098 1
05-07-2017-10:03:17:517 70098 70735 1
05-07-2017-10:03:17:550 70735 71372 1
05-07-2017-10:03:17:598 71372 72009 1
05-07-2017-10:03:17:634 72009 72646 1
05-07-2017-10:03:17:679 72646 73283 1
05-07-2017-10:03:17:718 73283 73920 1
05-07-2017-10:03:17:749 73920 74557 1
05-07-2017-10:03:17:796 74557 75194 1
05-07-2017-10:03:17:831 75194 75831 1
05-07-2017-10:03:17:878 75831 76468 1
05-07-2017-10:03:17:912 76468 77105 1
05-07-2017-10:03:17:949 77105 77742 1
05-07-2017-10:03:17:988 77742 78379 1
05-07-2017-10:03:18:037 78379 79016 1
05-07-2017-10:03:18:070 79016 79653 1
05-07-2017-10:03:18:117 79653 80290 1
05-07-2017-10:03:18:152 80290 80927 1
05-07-2017-10:03:18:187 80927 81564 1
05-07-2017-10:03:18:234 81564 82201 1
05-07-2017-10:03:18:268 82201 82838 1
05-07-2017-10:03:18:315 82838 83475 1
05-07-2017-10:03:18:349 83475 84112 1
05-07-2017-10:03:18:397 84112 84749 1
05-07-2017-10:03:18:433 84749 85386 1
05-07-2017-10:03:18:467 85386 86023 1
05-07-2017-10:03:18:514 86023 86660 1
05-07-2017-10:03:18:548 86660 87297 1
05-07-2017-10:03:18:595 87297 87934 1
05-07-2017-10:03:18:631 87934 88571 1
05-07-2017-10:03:18:670 88571 89208 1
05-07-2017-10:03:18:705 89208 89845 1
05-07-2017-10:03:18:750 89845 90482 1
05-07-2017-10:03:18:787 90482 91119 1
05-07-2017-10:03:18:836 91119 91756 1
05-07-2017-10:03:18:868 91756 92393 1
05-07-2017-10:03:18:914 92393 93030 1
05-07-2017-10:03:18:949 93030 93667 1
05-07-2017-10:03:18:985 93667 94304 1
05-07-2017-10:03:19:030 94304 94941 1
05-07-2017-10:03:19:064 94941 95578 1
05-07-2017-10:03:19:111 95578 96215 1
05-07-2017-10:03:19:147 96215 96852 1
05-07-2017-10:03:19:198 96852 97489 1
05-07-2017-10:03:19:231 97489 98126 1
05-07-2017-10:03:19:267 98126 98763 1
05-07-2017-10:03:19:302 98763 99400 1
05-07-2017-10:03:19:356 99400 100027 1
05-07-2017-10:03:19:532 100027 100654 1
05-07-2017-10:03:19:533 100654 101281 1
05-07-2017-10:03:19:533 101281 101908 1
05-07-2017-10:03:19:533 101908 102535 1
05-07-2017-10:03:19:548 102535 103162 1
05-07-2017-10:03:19:585 103162 103789 1
05-07-2017-10:03:19:620 103789 104416 1
05-07-2017-10:03:19:656 104416 105043 1
05-07-2017-10:03:19:701 105043 105670 1
05-07-2017-10:03:19:747 105670 106297 1
05-07-2017-10:03:19:780 106297 106924 1
05-07-2017-10:03:19:816 106924 107551 1
05-07-2017-10:03:19:851 107551 108178 1
05-07-2017-10:03:19:894 108178 108805 1
05-07-2017-10:03:19:938 108805 109432 1
05-07-2017-10:03:19:973 109432 110059 1
05-07-2017-10:03:20:006 110059 110686 1
05-07-2017-10:03:20:054 110686 111313 1
05-07-2017-10:03:20:089 111313 111940 1
05-07-2017-10:03:20:135 111940 112567 1
05-07-2017-10:03:20:170 112567 113194 1
05-07-2017-10:03:20:207 113194 113821 1
05-07-2017-10:03:20:251 113821 114448 1
05-07-2017-10:03:20:286 114448 115075 1
05-07-2017-10:03:20:322 115075 115702 1
05-07-2017-10:03:20:369 115702 116329 1
05-07-2017-10:03:20:403 116329 116956 1
05-07-2017-10:03:20:439 116956 117583 1
05-07-2017-10:03:20:485 117583 118210 1
05-07-2017-10:03:20:520 118210 118837 1
05-07-2017-10:03:20:555 118837 119464 1
05-07-2017-10:03:20:602 119464 120091 1
05-07-2017-10:03:20:637 120091 120718 1
05-07-2017-10:03:20:685 120718 121345 1
05-07-2017-10:03:20:723 121345 121972 1
05-07-2017-10:03:20:758 121972 122599 1
05-07-2017-10:03:20:800 122599 123226 1
05-07-2017-10:03:20:838 123226 123853 1
05-07-2017-10:03:20:872 123853 124480 1
05-07-2017-10:03:20:917 124480 125107 1
05-07-2017-10:03:20:951 125107 125734 1
05-07-2017-10:03:20:989 125734 126361 1
05-07-2017-10:03:21:033 126361 126988 1
05-07-2017-10:03:21:069 126988 127615 1
05-07-2017-10:03:21:116 127615 128242 1
05-07-2017-10:03:21:150 128242 128869 1
05-07-2017-10:03:21:186 128869 129496 1
05-07-2017-10:03:21:233 129496 130123 1
05-07-2017-10:03:21:268 130123 130750 1
05-07-2017-10:03:21:301 130750 131377 1
05-07-2017-10:03:21:349 131377 132004 1
05-07-2017-10:03:21:383 132004 132631 1
05-07-2017-10:03:21:418 132631 133258 1
05-07-2017-10:03:21:467 133258 133885 1
05-07-2017-10:03:21:500 133885 134512 1
05-07-2017-10:03:21:536 134512 135139 1
05-07-2017-10:03:21:582 135139 135766 1
05-07-2017-10:03:21:617 135766 136393 1
05-07-2017-10:03:21:663 136393 137020 1
05-07-2017-10:03:21:699 137020 137647 1
05-07-2017-10:03:21:733 137647 138274 1
05-07-2017-10:03:21:783 138274 138901 1
05-07-2017-10:03:21:815 138901 139528 1
05-07-2017-10:03:21:851 139528 140155 1
05-07-2017-10:03:21:897 140155 140782 1
05-07-2017-10:03:21:931 140782 141409 1
05-07-2017-10:03:21:967 141409 142036 1
05-07-2017-10:03:22:013 142036 142663 1
05-07-2017-10:03:22:051 142663 143290 1
05-07-2017-10:03:22:085 143290 143917 1
05-07-2017-10:03:22:131 143917 144544 1
05-07-2017-10:03:22:165 144544 145171 1
05-07-2017-10:03:22:213 145171 145798 1
05-07-2017-10:03:22:248 145798 146425 1
05-07-2017-10:03:22:286 146425 147052 1
05-07-2017-10:03:22:330 147052 147679 1
05-07-2017-10:03:22:363 147679 148306 1
05-07-2017-10:03:22:403 148306 148933 1
05-07-2017-10:03:22:440 148933 149560 1
05-07-2017-10:03:22:479 149560 150187 1
05-07-2017-10:03:22:523 150187 150814 1
05-07-2017-10:03:22:559 150814 151441 1
05-07-2017-10:03:22:605 151441 152068 1
05-07-2017-10:03:22:639 152068 152695 1
05-07-2017-10:03:22:674 152695 153322 1
05-07-2017-10:03:22:722 153322 153949 1
05-07-2017-10:03:22:757 153949 154576 1
05-07-2017-10:03:22:810 154576 155203 1
05-07-2017-10:03:22:838 155203 155830 1
05-07-2017-10:03:22:874 155830 156457 1
05-07-2017-10:03:22:908 156457 157084 1
05-07-2017-10:03:22:955 157084 157711 1
05-07-2017-10:03:22:989 157711 158338 1
05-07-2017-10:03:23:034 158338 158965 1
05-07-2017-10:03:23:071 158965 159592 1
05-07-2017-10:03:23:107 159592 160219 1
05-07-2017-10:03:23:153 160219 160846 1
05-07-2017-10:03:23:188 160846 161473 1
05-07-2017-10:03:23:223 161473 162100 1
05-07-2017-10:03:23:270 162100 162727 1
05-07-2017-10:03:23:317 162727 163354 1
05-07-2017-10:03:23:341 163354 163981 1
05-07-2017-10:03:24:135 163981 164608 1
05-07-2017-10:03:24:136 164608 165235 1
05-07-2017-10:03:24:136 165235 165862 1
05-07-2017-10:03:24:136 165862 166489 1
05-07-2017-10:03:24:136 166489 167116 1
05-07-2017-10:03:24:136 167116 167743 1
05-07-2017-10:03:24:136 167743 168370 1
05-07-2017-10:03:24:136 168370 168997 1
05-07-2017-10:03:24:136 168997 169624 1
05-07-2017-10:03:24:137 169624 170251 1
05-07-2017-10:03:24:137 170251 170878 1
05-07-2017-10:03:24:137 170878 171505 1
05-07-2017-10:03:24:137 171505 172132 1
05-07-2017-10:03:24:137 172132 172759 1
05-07-2017-10:03:24:137 172759 173386 1
05-07-2017-10:03:24:137 173386 174013 1
05-07-2017-10:03:24:137 174013 174640 1
05-07-2017-10:03:24:137 174640 175267 1
05-07-2017-10:03:24:137 175267 175894 1
05-07-2017-10:03:24:137 175894 176521 1
05-07-2017-10:03:24:168 176521 177148 1
05-07-2017-10:03:24:202 177148 177775 1
05-07-2017-10:03:24:249 177775 178402 1
05-07-2017-10:03:24:284 178402 179029 1
05-07-2017-10:03:24:322 179029 179656 1
05-07-2017-10:03:24:366 179656 180283 1
05-07-2017-10:03:24:402 180283 180910 1
05-07-2017-10:03:24:436 180910 181537 1
05-07-2017-10:03:24:482 181537 182164 1
05-07-2017-10:03:24:517 182164 182791 1
05-07-2017-10:03:24:553 182791 183418 1
05-07-2017-10:03:24:600 183418 184045 1
05-07-2017-10:03:24:634 184045 184672 1
05-07-2017-10:03:24:673 184672 185299 1
05-07-2017-10:03:24:719 185299 185926 1
05-07-2017-10:03:24:754 185926 186553 1
05-07-2017-10:03:24:789 186553 187180 1
05-07-2017-10:03:24:837 187180 187807 1
05-07-2017-10:03:24:870 187807 188434 1
05-07-2017-10:03:24:907 188434 189061 1
05-07-2017-10:03:24:953 189061 189688 1
05-07-2017-10:03:24:988 189688 190315 1
05-07-2017-10:03:25:024 190315 190942 1
05-07-2017-10:03:25:070 190942 191569 1
05-07-2017-10:03:25:104 191569 192196 1
05-07-2017-10:03:25:152 192196 192823 1
05-07-2017-10:03:25:187 192823 193450 1
05-07-2017-10:03:25:220 193450 194077 1
05-07-2017-10:03:25:268 194077 194704 1
05-07-2017-10:03:25:302 194704 195331 1
05-07-2017-10:03:25:341 195331 195958 1
05-07-2017-10:03:25:385 195958 196585 1
05-07-2017-10:03:25:421 196585 197212 1
05-07-2017-10:03:25:454 197212 197839 1
05-07-2017-10:03:25:501 197839 198466 1
05-07-2017-10:03:25:537 198466 199093 1
05-07-2017-10:03:25:571 199093 199720 1
05-07-2017-10:03:25:619 199720 200347 1
05-07-2017-10:03:25:658 200347 200974 1
05-07-2017-10:03:25:704 200974 201601 1
05-07-2017-10:03:25:739 201601 202228 1
05-07-2017-10:03:25:772 202228 202855 1
05-07-2017-10:03:25:807 202855 203482 1
05-07-2017-10:03:25:855 203482 204109 1
05-07-2017-10:03:25:890 204109 204736 1
05-07-2017-10:03:25:923 204736 205363 1
05-07-2017-10:03:25:971 205363 205990 1
05-07-2017-10:03:26:005 205990 206617 1
05-07-2017-10:03:26:053 206617 207244 1
05-07-2017-10:03:26:149 207244 207871 1
05-07-2017-10:03:26:150 207871 208498 1
05-07-2017-10:03:26:162 208498 209125 1
05-07-2017-10:03:26:208 209125 209752 1
05-07-2017-10:03:26:243 209752 210379 1
05-07-2017-10:03:26:278 210379 211006 1
05-07-2017-10:03:26:326 211006 211633 1
05-07-2017-10:03:26:360 211633 212260 1
05-07-2017-10:03:26:396 212260 212887 1
05-07-2017-10:03:26:441 212887 213514 1
05-07-2017-10:03:26:476 213514 214141 1
05-07-2017-10:03:26:512 214141 214768 1
05-07-2017-10:03:26:559 214768 215395 1
05-07-2017-10:03:26:593 215395 216022 1
05-07-2017-10:03:26:640 216022 216649 1
05-07-2017-10:03:26:675 216649 217276 1
05-07-2017-10:03:26:709 217276 217903 1
05-07-2017-10:03:26:757 217903 218530 1
05-07-2017-10:03:26:792 218530 219157 1
05-07-2017-10:03:26:827 219157 219784 1
05-07-2017-10:03:26:873 219784 220411 1
05-07-2017-10:03:26:909 220411 221038 1
05-07-2017-10:03:26:944 221038 221665 1
05-07-2017-10:03:26:989 221665 222292 1
05-07-2017-10:03:27:026 222292 222919 1
05-07-2017-10:03:27:060 222919 223546 1
05-07-2017-10:03:27:107 223546 224173 1
05-07-2017-10:03:27:142 224173 224800 1
05-07-2017-10:03:27:189 224800 225427 1
05-07-2017-10:03:27:229 225427 226054 1
05-07-2017-10:03:27:258 226054 226681 1
05-07-2017-10:03:27:305 226681 227308 1
05-07-2017-10:03:27:341 227308 227935 1
05-07-2017-10:03:27:374 227935 228562 1
05-07-2017-10:03:27:422 228562 229189 1
05-07-2017-10:03:27:457 229189 229816 1
05-07-2017-10:03:27:493 229816 230443 1
05-07-2017-10:03:27:538 230443 231070 1
05-07-2017-10:03:27:573 231070 231697 1
05-07-2017-10:03:27:621 231697 232324 1
05-07-2017-10:03:27:654 232324 232951 1
05-07-2017-10:03:27:690 232951 233578 1
05-07-2017-10:03:27:737 233578 234205 1
05-07-2017-10:03:27:771 234205 234832 1
05-07-2017-10:03:27:808 234832 235459 1
05-07-2017-10:03:27:853 235459 236086 1
05-07-2017-10:03:27:887 236086 236713 1
05-07-2017-10:03:27:922 236713 237340 1
05-07-2017-10:03:27:968 237340 237967 1
05-07-2017-10:03:28:006 237967 238594 1
05-07-2017-10:03:28:048 238594 239221 1
05-07-2017-10:03:28:079 239221 239848 1
05-07-2017-10:03:28:125 239848 240475 1
05-07-2017-10:03:28:226 240475 241102 1
05-07-2017-10:03:28:227 241102 241729 1
05-07-2017-10:03:28:245 241729 242356 1
05-07-2017-10:03:28:279 242356 242983 1
05-07-2017-10:03:28:325 242983 243610 1
05-07-2017-10:03:28:359 243610 244237 1
05-07-2017-10:03:28:395 244237 244864 1
05-07-2017-10:03:28:440 244864 245491 1
05-07-2017-10:03:28:476 245491 246118 1
05-07-2017-10:03:28:511 246118 246745 1
05-07-2017-10:03:28:557 246745 247372 1
05-07-2017-10:03:28:593 247372 247999 1
05-07-2017-10:03:28:627 247999 248626 1
05-07-2017-10:03:28:674 248626 249253 1
05-07-2017-10:03:28:710 249253 249880 1
05-07-2017-10:03:28:756 249880 250507 1
05-07-2017-10:03:28:792 250507 251134 1
05-07-2017-10:03:28:826 251134 251761 1
05-07-2017-10:03:28:873 251761 252388 1
05-07-2017-10:03:28:908 252388 253015 1
05-07-2017-10:03:28:943 253015 253642 1
05-07-2017-10:03:28:989 253642 254269 1
05-07-2017-10:03:29:024 254269 254896 1
05-07-2017-10:03:29:060 254896 255523 1
05-07-2017-10:03:29:106 255523 256150 1
05-07-2017-10:03:29:143 256150 256777 1
05-07-2017-10:03:29:182 256777 257404 1
05-07-2017-10:03:29:227 257404 258031 1
05-07-2017-10:03:29:264 258031 258658 1
05-07-2017-10:03:29:298 258658 259285 1
05-07-2017-10:03:29:343 259285 259912 1
05-07-2017-10:03:29:378 259912 260539 1
05-07-2017-10:03:29:414 260539 261166 1
05-07-2017-10:03:29:459 261166 261793 1
05-07-2017-10:03:29:495 261793 262420 1
05-07-2017-10:03:29:530 262420 263047 1
05-07-2017-10:03:29:577 263047 263674 1
05-07-2017-10:03:29:611 263674 264301 1
05-07-2017-10:03:29:649 264301 264928 1
05-07-2017-10:03:29:693 264928 265555 1
05-07-2017-10:03:29:730 265555 266182 1
05-07-2017-10:03:29:776 266182 266809 1
05-07-2017-10:03:29:810 266809 267436 1
05-07-2017-10:03:29:845 267436 268063 1
05-07-2017-10:03:29:893 268063 268690 1
05-07-2017-10:03:29:926 268690 269317 1
05-07-2017-10:03:29:961 269317 269944 1
05-07-2017-10:03:30:008 269944 270571 1
05-07-2017-10:03:30:045 270571 271198 1
05-07-2017-10:03:30:081 271198 271825 1
05-07-2017-10:03:30:126 271825 272452 1
05-07-2017-10:03:30:161 272452 273079 1
05-07-2017-10:03:30:196 273079 273706 1
05-07-2017-10:03:30:241 273706 274333 1
05-07-2017-10:03:30:277 274333 274960 1
05-07-2017-10:03:30:324 274960 275587 1
05-07-2017-10:03:30:359 275587 276214 1
05-07-2017-10:03:30:393 276214 276841 1
05-07-2017-10:03:30:441 276841 277468 1
05-07-2017-10:03:30:476 277468 278095 1
05-07-2017-10:03:30:510 278095 278722 1
05-07-2017-10:03:30:556 278722 279349 1
05-07-2017-10:03:30:591 279349 279976 1
05-07-2017-10:03:30:626 279976 280603 1
05-07-2017-10:03:30:672 280603 281230 1
05-07-2017-10:03:30:708 281230 281857 1
05-07-2017-10:03:30:754 281857 282484 1
05-07-2017-10:03:30:790 282484 283111 1
05-07-2017-10:03:30:824 283111 283738 1
05-07-2017-10:03:30:872 283738 284365 1
05-07-2017-10:03:30:907 284365 284992 1
05-07-2017-10:03:30:941 284992 285619 1
05-07-2017-10:03:30:987 285619 286246 1
05-07-2017-10:03:31:023 286246 286873 1
05-07-2017-10:03:31:058 286873 287500 1
05-07-2017-10:03:31:104 287500 288127 1
05-07-2017-10:03:31:137 288127 288754 1
05-07-2017-10:03:31:179 288754 289381 1
05-07-2017-10:03:31:226 289381 290008 1
05-07-2017-10:03:31:260 290008 290635 1
05-07-2017-10:03:31:497 290635 291262 1
05-07-2017-10:03:31:498 291262 291889 1
05-07-2017-10:03:31:498 291889 292516 1
05-07-2017-10:03:31:499 292516 293143 1
05-07-2017-10:03:31:499 293143 293770 1
05-07-2017-10:03:31:499 293770 294397 1
05-07-2017-10:03:31:528 294397 295024 1
05-07-2017-10:03:31:572 295024 295651 1
05-07-2017-10:03:31:612 295651 296278 1
05-07-2017-10:03:31:648 296278 296905 1
05-07-2017-10:03:31:684 296905 297532 1
05-07-2017-10:03:31:731 297532 298159 1
05-07-2017-10:03:31:766 298159 298786 1
05-07-2017-10:03:31:812 298786 299413 1
05-07-2017-10:03:31:850 299413 300040 1
05-07-2017-10:03:31:881 300040 300667 1
05-07-2017-10:03:31:930 300667 301294 1
05-07-2017-10:03:31:964 301294 301921 1
05-07-2017-10:03:32:000 301921 302548 1
05-07-2017-10:03:32:045 302548 303175 1
05-07-2017-10:03:32:080 303175 303802 1
05-07-2017-10:03:32:115 303802 304429 1
05-07-2017-10:03:32:166 304429 305056 1
05-07-2017-10:03:32:200 305056 305683 1
05-07-2017-10:03:32:238 305683 306310 1
05-07-2017-10:03:32:281 306310 306937 1
05-07-2017-10:03:32:317 306937 307564 1
05-07-2017-10:03:32:351 307564 308191 1
05-07-2017-10:03:32:398 308191 308818 1
05-07-2017-10:03:32:433 308818 309445 1
05-07-2017-10:03:32:468 309445 310072 1
05-07-2017-10:03:32:516 310072 310699 1
05-07-2017-10:03:32:551 310699 311326 1
05-07-2017-10:03:32:586 311326 311953 1
05-07-2017-10:03:32:631 311953 312580 1
05-07-2017-10:03:32:669 312580 313207 1
05-07-2017-10:03:32:720 313207 313834 1
05-07-2017-10:03:32:750 313834 314461 1
05-07-2017-10:03:32:785 314461 315088 1
05-07-2017-10:03:32:832 315088 315715 1
05-07-2017-10:03:32:868 315715 316342 1
05-07-2017-10:03:32:901 316342 316969 1
05-07-2017-10:03:32:948 316969 317596 1
05-07-2017-10:03:32:982 317596 318223 1
05-07-2017-10:03:33:017 318223 318850 1
05-07-2017-10:03:33:064 318850 319477 1
05-07-2017-10:03:33:100 319477 320104 1
05-07-2017-10:03:33:135 320104 320731 1
05-07-2017-10:03:33:182 320731 321358 1
05-07-2017-10:03:33:215 321358 321985 1
05-07-2017-10:03:33:264 321985 322612 1
05-07-2017-10:03:33:297 322612 323239 1
05-07-2017-10:03:33:332 323239 323866 1
05-07-2017-10:03:33:380 323866 324493 1
05-07-2017-10:03:33:413 324493 325120 1
05-07-2017-10:03:33:450 325120 325747 1
05-07-2017-10:03:33:496 325747 326374 1
05-07-2017-10:03:33:530 326374 327001 1
05-07-2017-10:03:33:567 327001 327628 1
05-07-2017-10:03:33:612 327628 328255 1
05-07-2017-10:03:33:652 328255 328882 1
05-07-2017-10:03:33:696 328882 329509 1
05-07-2017-10:03:33:729 329509 330136 1
05-07-2017-10:03:33:765 330136 330763 1
05-07-2017-10:03:33:812 330763 331390 1
05-07-2017-10:03:33:846 331390 332017 1
05-07-2017-10:03:33:881 332017 332644 1
05-07-2017-10:03:33:928 332644 333271 1
05-07-2017-10:03:33:962 333271 333898 1
05-07-2017-10:03:33:998 333898 334525 1
05-07-2017-10:03:34:132 334525 335152 1
05-07-2017-10:03:34:133 335152 335779 1
05-07-2017-10:03:34:133 335779 336406 1
05-07-2017-10:03:34:162 336406 337033 1
05-07-2017-10:03:34:197 337033 337660 1
05-07-2017-10:03:34:242 337660 338287 1
05-07-2017-10:03:34:278 338287 338914 1
05-07-2017-10:03:34:313 338914 339541 1
05-07-2017-10:03:34:359 339541 340168 1
05-07-2017-10:03:34:394 340168 340795 1
05-07-2017-10:03:34:429 340795 341422 1
05-07-2017-10:03:34:476 341422 342049 1
05-07-2017-10:03:34:510 342049 342676 1
05-07-2017-10:03:34:547 342676 343303 1
05-07-2017-10:03:34:592 343303 343930 1
05-07-2017-10:03:34:628 343930 344557 1
05-07-2017-10:03:34:662 344557 345184 1
05-07-2017-10:03:34:711 345184 345811 1
05-07-2017-10:03:34:744 345811 346438 1
05-07-2017-10:03:34:792 346438 347065 1
05-07-2017-10:03:34:825 347065 347692 1
05-07-2017-10:03:34:863 347692 348319 1
05-07-2017-10:03:34:909 348319 348946 1
05-07-2017-10:03:34:942 348946 349573 1
05-07-2017-10:03:34:979 349573 350200 1
05-07-2017-10:03:35:024 350200 350827 1
05-07-2017-10:03:35:061 350827 351454 1
05-07-2017-10:03:35:093 351454 352081 1
05-07-2017-10:03:35:142 352081 352708 1
05-07-2017-10:03:35:178 352708 353335 1
05-07-2017-10:03:35:223 353335 353962 1
05-07-2017-10:03:35:258 353962 354589 1
05-07-2017-10:03:35:293 354589 355216 1
05-07-2017-10:03:35:339 355216 355843 1
05-07-2017-10:03:35:374 355843 356470 1
05-07-2017-10:03:35:409 356470 357097 1
05-07-2017-10:03:35:456 357097 357724 1
05-07-2017-10:03:35:491 357724 358351 1
05-07-2017-10:03:35:526 358351 358978 1
05-07-2017-10:03:35:573 358978 359605 1
05-07-2017-10:03:35:607 359605 360232 1
05-07-2017-10:03:35:642 360232 360859 1
05-07-2017-10:03:35:690 360859 361486 1
05-07-2017-10:03:35:723 361486 362113 1
05-07-2017-10:03:35:771 362113 362740 1
05-07-2017-10:03:35:806 362740 363367 1
05-07-2017-10:03:35:840 363367 363994 1
05-07-2017-10:03:35:888 363994 364621 1
05-07-2017-10:03:35:922 364621 365248 1
05-07-2017-10:03:35:961 365248 365875 1
05-07-2017-10:03:36:003 365875 366502 1
05-07-2017-10:03:36:041 366502 367129 1
05-07-2017-10:03:36:074 367129 367756 1
05-07-2017-10:03:36:121 367756 368383 1
05-07-2017-10:03:36:155 368383 369010 1
05-07-2017-10:03:36:190 369010 369637 1
05-07-2017-10:03:36:237 369637 370264 1
05-07-2017-10:03:36:271 370264 370891 1
05-07-2017-10:03:36:319 370891 371518 1
05-07-2017-10:03:36:354 371518 372145 1
05-07-2017-10:03:36:388 372145 372772 1
05-07-2017-10:03:36:436 372772 373399 1
05-07-2017-10:03:36:471 373399 374026 1
05-07-2017-10:03:36:505 374026 374653 1
05-07-2017-10:03:36:551 374653 375280 1
05-07-2017-10:03:36:589 375280 375907 1
05-07-2017-10:03:36:623 375907 376534 1
05-07-2017-10:03:36:674 376534 377161 1
05-07-2017-10:03:36:709 377161 377788 1
05-07-2017-10:03:36:743 377788 378415 1
05-07-2017-10:03:36:789 378415 379042 1
05-07-2017-10:03:36:825 379042 379669 1
05-07-2017-10:03:36:862 379669 380296 1
05-07-2017-10:03:36:907 380296 380923 1
05-07-2017-10:03:36:945 380923 381550 1
05-07-2017-10:03:36:977 381550 382177 1
05-07-2017-10:03:37:023 382177 382804 1
05-07-2017-10:03:37:058 382804 383431 1
05-07-2017-10:03:37:093 383431 384058 1
05-07-2017-10:03:37:174 384058 384685 1
05-07-2017-10:03:37:175 384685 385312 1
05-07-2017-10:03:37:210 385312 385939 1
05-07-2017-10:03:37:257 385939 386566 1
05-07-2017-10:03:37:292 386566 387193 1
05-07-2017-10:03:37:338 387193 387820 1
05-07-2017-10:03:37:374 387820 388447 1
05-07-2017-10:03:37:408 388447 389074 1
05-07-2017-10:03:37:454 389074 389701 1
05-07-2017-10:03:37:489 389701 390328 1
05-07-2017-10:03:37:525 390328 390955 1
05-07-2017-10:03:37:571 390955 391582 1
05-07-2017-10:03:37:606 391582 392209 1
05-07-2017-10:03:37:641 392209 392836 1
05-07-2017-10:03:37:689 392836 393463 1
05-07-2017-10:03:37:724 393463 394090 1
05-07-2017-10:03:37:758 394090 394717 1
05-07-2017-10:03:37:804 394717 395344 1
05-07-2017-10:03:37:842 395344 395971 1
05-07-2017-10:03:37:886 395971 396598 1
05-07-2017-10:03:37:923 396598 397225 1
05-07-2017-10:03:37:961 397225 397852 1
05-07-2017-10:03:38:008 397852 398479 1
05-07-2017-10:03:38:045 398479 399106 1
05-07-2017-10:03:38:078 399106 399733 1
05-07-2017-10:03:38:113 399733 400360 1
05-07-2017-10:03:38:159 400360 400987 1
05-07-2017-10:03:38:197 400987 401614 1
05-07-2017-10:03:38:232 401614 402241 1
05-07-2017-10:03:38:281 402241 402868 1
05-07-2017-10:03:38:315 402868 403495 1
05-07-2017-10:03:38:348 403495 404122 1
05-07-2017-10:03:38:396 404122 404749 1
05-07-2017-10:03:38:431 404749 405376 1
05-07-2017-10:03:38:466 405376 406003 1
05-07-2017-10:03:38:511 406003 406630 1
05-07-2017-10:03:38:548 406630 407257 1
05-07-2017-10:03:38:583 407257 407884 1
05-07-2017-10:03:38:629 407884 408511 1
05-07-2017-10:03:38:663 408511 409138 1
05-07-2017-10:03:38:699 409138 409765 1
05-07-2017-10:03:38:745 409765 410392 1
05-07-2017-10:03:38:782 410392 411019 1
05-07-2017-10:03:38:827 411019 411646 1
05-07-2017-10:03:38:862 411646 412273 1
05-07-2017-10:03:38:896 412273 412900 1
05-07-2017-10:03:38:943 412900 413527 1
05-07-2017-10:03:38:979 413527 414154 1
05-07-2017-10:03:39:013 414154 414781 1
05-07-2017-10:03:39:060 414781 415408 1
05-07-2017-10:03:39:096 415408 416035 1
05-07-2017-10:03:39:129 416035 416662 1
05-07-2017-10:03:39:176 416662 417289 1
05-07-2017-10:03:39:212 417289 417916 1
05-07-2017-10:03:39:247 417916 418543 1
05-07-2017-10:03:39:294 418543 419170 1
05-07-2017-10:03:39:329 419170 419797 1
05-07-2017-10:03:39:375 419797 420424 1
05-07-2017-10:03:39:410 420424 421051 1
05-07-2017-10:03:39:449 421051 421678 1
05-07-2017-10:03:39:494 421678 422305 1
05-07-2017-10:03:39:525 422305 422932 1
05-07-2017-10:03:39:566 422932 423559 1
05-07-2017-10:03:39:644 423559 424186 1
05-07-2017-10:03:39:645 424186 424813 1
05-07-2017-10:03:39:681 424813 425440 1
05-07-2017-10:03:39:727 425440 426067 1
05-07-2017-10:03:39:763 426067 426694 1
05-07-2017-10:03:39:797 426694 427321 1
05-07-2017-10:03:39:844 427321 427948 1
05-07-2017-10:03:39:880 427948 428575 1
05-07-2017-10:03:39:914 428575 429202 1
05-07-2017-10:03:39:962 429202 429829 1
05-07-2017-10:03:39:995 429829 430456 1
05-07-2017-10:03:40:031 430456 431083 1
05-07-2017-10:03:40:079 431083 431710 1
05-07-2017-10:03:40:112 431710 432337 1
05-07-2017-10:03:40:161 432337 432964 1
05-07-2017-10:03:40:194 432964 433591 1
05-07-2017-10:03:40:229 433591 434218 1
05-07-2017-10:03:40:275 434218 434845 1
05-07-2017-10:03:40:312 434845 435472 1
05-07-2017-10:03:40:345 435472 436099 1
05-07-2017-10:03:40:395 436099 436726 1
05-07-2017-10:03:40:428 436726 437353 1
05-07-2017-10:03:40:466 437353 437980 1
05-07-2017-10:03:40:511 437980 438607 1
05-07-2017-10:03:40:544 438607 439234 1
05-07-2017-10:03:40:578 439234 439861 1
05-07-2017-10:03:40:626 439861 440488 1
05-07-2017-10:03:40:660 440488 441115 1
05-07-2017-10:03:40:711 441115 441742 1
05-07-2017-10:03:40:740 441742 442369 1
05-07-2017-10:03:40:787 442369 442996 1
05-07-2017-10:03:40:824 442996 443623 1
05-07-2017-10:03:40:856 443623 444250 1
05-07-2017-10:03:40:903 444250 444877 1
05-07-2017-10:03:40:939 444877 445504 1
05-07-2017-10:03:40:975 445504 446131 1
05-07-2017-10:03:41:019 446131 446758 1
05-07-2017-10:03:41:054 446758 447385 1
05-07-2017-10:03:41:091 447385 448012 1
05-07-2017-10:03:41:137 448012 448639 1
05-07-2017-10:03:41:176 448639 449266 1
05-07-2017-10:03:41:210 449266 449893 1
05-07-2017-10:03:41:249 449893 450520 1
05-07-2017-10:03:41:292 450520 451147 1
05-07-2017-10:03:41:328 451147 451774 1
05-07-2017-10:03:41:375 451774 452401 1
05-07-2017-10:03:41:410 452401 453028 1
05-07-2017-10:03:41:443 453028 453655 1
05-07-2017-10:03:41:490 453655 454282 1
05-07-2017-10:03:41:526 454282 454909 1
05-07-2017-10:03:41:561 454909 455536 1
05-07-2017-10:03:41:607 455536 456163 1
05-07-2017-10:03:41:643 456163 456790 1
05-07-2017-10:03:41:679 456790 457417 1
05-07-2017-10:03:41:724 457417 458044 1
05-07-2017-10:03:41:759 458044 458671 1
05-07-2017-10:03:41:807 458671 459298 1
05-07-2017-10:03:41:840 459298 459925 1
05-07-2017-10:03:41:877 459925 460552 1
05-07-2017-10:03:41:922 460552 461179 1
05-07-2017-10:03:41:958 461179 461806 1
05-07-2017-10:03:41:993 461806 462433 1
05-07-2017-10:03:42:038 462433 463060 1
05-07-2017-10:03:42:075 463060 463687 1
05-07-2017-10:03:42:108 463687 464314 1
05-07-2017-10:03:42:156 464314 464941 1
05-07-2017-10:03:42:191 464941 465568 1
05-07-2017-10:03:42:225 465568 466195 1
05-07-2017-10:03:42:273 466195 466822 1
05-07-2017-10:03:42:310 466822 467449 1
05-07-2017-10:03:42:354 467449 468076 1
05-07-2017-10:03:42:389 468076 468703 1
05-07-2017-10:03:42:424 468703 469330 1
05-07-2017-10:03:42:470 469330 469957 1
05-07-2017-10:03:42:506 469957 470584 1
05-07-2017-10:03:42:540 470584 471211 1
05-07-2017-10:03:42:588 471211 471838 1
05-07-2017-10:03:42:621 471838 472465 1
05-07-2017-10:03:42:658 472465 473092 1
05-07-2017-10:03:42:789 473092 473719 1
05-07-2017-10:03:42:790 473719 474346 1
05-07-2017-10:03:42:790 474346 474973 1
05-07-2017-10:03:42:820 474973 475600 1
05-07-2017-10:03:42:856 475600 476227 1
05-07-2017-10:03:42:904 476227 476854 1
05-07-2017-10:03:42:937 476854 477481 1
05-07-2017-10:03:42:973 477481 478108 1
05-07-2017-10:03:43:019 478108 478735 1
05-07-2017-10:03:43:054 478735 479362 1
05-07-2017-10:03:43:090 479362 479989 1
05-07-2017-10:03:43:135 479989 480616 1
05-07-2017-10:03:43:171 480616 481243 1
05-07-2017-10:03:43:206 481243 481870 1
05-07-2017-10:03:43:254 481870 482497 1
05-07-2017-10:03:43:288 482497 483124 1
05-07-2017-10:03:43:334 483124 483751 1
05-07-2017-10:03:43:370 483751 484378 1
05-07-2017-10:03:43:406 484378 485005 1
05-07-2017-10:03:43:452 485005 485632 1
05-07-2017-10:03:43:488 485632 486259 1
05-07-2017-10:03:43:521 486259 486886 1
05-07-2017-10:03:43:568 486886 487513 1
05-07-2017-10:03:43:601 487513 488140 1
05-07-2017-10:03:43:637 488140 488767 1
05-07-2017-10:03:43:683 488767 489394 1
05-07-2017-10:03:43:718 489394 490021 1
05-07-2017-10:03:43:754 490021 490648 1
05-07-2017-10:03:43:800 490648 491275 1
05-07-2017-10:03:43:836 491275 491902 1
05-07-2017-10:03:43:885 491902 492529 1
05-07-2017-10:03:43:916 492529 493156 1
05-07-2017-10:03:43:953 493156 493783 1
05-07-2017-10:03:43:999 493783 494410 1
05-07-2017-10:03:44:034 494410 495037 1
05-07-2017-10:03:44:068 495037 495664 1
05-07-2017-10:03:44:117 495664 496291 1
05-07-2017-10:03:44:151 496291 496918 1
05-07-2017-10:03:44:188 496918 497545 1
05-07-2017-10:03:44:224 497545 498172 1
05-07-2017-10:03:44:270 498172 498799 1
05-07-2017-10:03:44:305 498799 499426 1
05-07-2017-10:03:44:353 499426 500053 1
05-07-2017-10:03:44:386 500053 500680 1
05-07-2017-10:03:44:422 500680 501307 1
05-07-2017-10:03:44:469 501307 501934 1
05-07-2017-10:03:44:504 501934 502561 1
05-07-2017-10:03:44:539 502561 503188 1
05-07-2017-10:03:44:585 503188 503815 1
05-07-2017-10:03:44:620 503815 504442 1
05-07-2017-10:03:44:656 504442 505069 1
05-07-2017-10:03:44:701 505069 505696 1
05-07-2017-10:03:44:738 505696 506323 1
05-07-2017-10:03:44:788 506323 506950 1
05-07-2017-10:03:44:819 506950 507577 1
05-07-2017-10:03:44:854 507577 508204 1
05-07-2017-10:03:44:900 508204 508831 1
05-07-2017-10:03:44:936 508831 509458 1
05-07-2017-10:03:44:970 509458 510085 1
05-07-2017-10:03:45:017 510085 510712 1
05-07-2017-10:03:45:052 510712 511339 1
05-07-2017-10:03:45:087 511339 511966 1
05-07-2017-10:03:45:133 511966 512593 1
05-07-2017-10:03:45:170 512593 513220 1
05-07-2017-10:03:45:204 513220 513847 1
05-07-2017-10:03:45:252 513847 514474 1
05-07-2017-10:03:45:285 514474 515101 1
05-07-2017-10:03:45:332 515101 515728 1
05-07-2017-10:03:45:366 515728 516355 1
05-07-2017-10:03:45:403 516355 516982 1
05-07-2017-10:03:45:448 516982 517609 1
05-07-2017-10:03:45:485 517609 518236 1
05-07-2017-10:03:45:519 518236 518863 1
05-07-2017-10:03:45:567 518863 519490 1
05-07-2017-10:03:45:602 519490 520117 1
05-07-2017-10:03:45:635 520117 520744 1
05-07-2017-10:03:45:723 520744 521371 1
05-07-2017-10:03:45:724 521371 521998 1
05-07-2017-10:03:45:757 521998 522625 1
05-07-2017-10:03:45:797 522625 523252 1
05-07-2017-10:03:45:838 523252 523879 1
05-07-2017-10:03:45:874 523879 524506 1
05-07-2017-10:03:45:914 524506 525133 1
05-07-2017-10:03:45:962 525133 525760 1
05-07-2017-10:03:45:994 525760 526387 1
05-07-2017-10:03:46:029 526387 527014 1
05-07-2017-10:03:46:075 527014 527641 1
05-07-2017-10:03:46:111 527641 528268 1
05-07-2017-10:03:46:146 528268 528895 1
05-07-2017-10:03:46:192 528895 529522 1
05-07-2017-10:03:46:227 529522 530149 1
05-07-2017-10:03:46:263 530149 530776 1
05-07-2017-10:03:46:308 530776 531403 1
05-07-2017-10:03:46:346 531403 532030 1
05-07-2017-10:03:46:392 532030 532657 1
05-07-2017-10:03:46:425 532657 533284 1
05-07-2017-10:03:46:461 533284 533911 1
05-07-2017-10:03:46:507 533911 534538 1
05-07-2017-10:03:46:543 534538 535165 1
05-07-2017-10:03:46:578 535165 535792 1
05-07-2017-10:03:46:624 535792 536419 1
05-07-2017-10:03:46:660 536419 537046 1
05-07-2017-10:03:46:694 537046 537673 1
05-07-2017-10:03:46:741 537673 538300 1
05-07-2017-10:03:46:776 538300 538927 1
05-07-2017-10:03:46:811 538927 539554 1
05-07-2017-10:03:46:858 539554 540181 1
05-07-2017-10:03:46:892 540181 540808 1
05-07-2017-10:03:46:939 540808 541435 1
05-07-2017-10:03:46:974 541435 542062 1
05-07-2017-10:03:47:009 542062 542689 1
05-07-2017-10:03:47:056 542689 543316 1
05-07-2017-10:03:47:090 543316 543943 1
05-07-2017-10:03:47:127 543943 544570 1
05-07-2017-10:03:47:176 544570 545197 1
05-07-2017-10:03:47:210 545197 545824 1
05-07-2017-10:03:47:245 545824 546451 1
05-07-2017-10:03:47:281 546451 547078 1
05-07-2017-10:03:47:328 547078 547705 1
05-07-2017-10:03:47:362 547705 548332 1
05-07-2017-10:03:47:410 548332 548959 1
05-07-2017-10:03:47:444 548959 549586 1
05-07-2017-10:03:47:478 549586 550213 1
05-07-2017-10:03:47:525 550213 550840 1
05-07-2017-10:03:47:561 550840 551467 1
05-07-2017-10:03:47:595 551467 552094 1
05-07-2017-10:03:47:642 552094 552721 1
05-07-2017-10:03:47:678 552721 553348 1
05-07-2017-10:03:47:711 553348 553975 1
05-07-2017-10:03:47:758 553975 554602 1
05-07-2017-10:03:47:794 554602 555229 1
05-07-2017-10:03:47:840 555229 555856 1
05-07-2017-10:03:47:884 555856 556483 1
05-07-2017-10:03:47:916 556483 557110 1
05-07-2017-10:03:47:951 557110 557737 1
05-07-2017-10:03:47:998 557737 558364 1
05-07-2017-10:03:48:033 558364 558991 1
05-07-2017-10:03:48:068 558991 559618 1
05-07-2017-10:03:48:114 559618 560245 1
05-07-2017-10:03:48:151 560245 560872 1
05-07-2017-10:03:48:187 560872 561499 1
05-07-2017-10:03:48:231 561499 562126 1
05-07-2017-10:03:48:267 562126 562753 1
05-07-2017-10:03:48:301 562753 563380 1
05-07-2017-10:03:48:349 563380 564007 1
05-07-2017-10:03:48:382 564007 564634 1
05-07-2017-10:03:48:416 564634 565261 1
05-07-2017-10:03:48:464 565261 565888 1
05-07-2017-10:03:48:500 565888 566515 1
05-07-2017-10:03:48:545 566515 567142 1
05-07-2017-10:03:48:580 567142 567769 1
05-07-2017-10:03:48:685 567769 568396 1
05-07-2017-10:03:48:686 568396 569023 1
05-07-2017-10:03:48:696 569023 569650 1
05-07-2017-10:03:48:731 569650 570277 1
05-07-2017-10:03:48:779 570277 570904 1
05-07-2017-10:03:48:813 570904 571531 1
05-07-2017-10:03:48:850 571531 572158 1
05-07-2017-10:03:48:895 572158 572785 1
05-07-2017-10:03:48:931 572785 573412 1
05-07-2017-10:03:48:965 573412 574039 1
05-07-2017-10:03:49:011 574039 574666 1
05-07-2017-10:03:49:047 574666 575293 1
05-07-2017-10:03:49:093 575293 575920 1
05-07-2017-10:03:49:128 575920 576547 1
05-07-2017-10:03:49:163 576547 577174 1
05-07-2017-10:03:49:212 577174 577801 1
05-07-2017-10:03:49:245 577801 578428 1
05-07-2017-10:03:49:280 578428 579055 1
05-07-2017-10:03:49:327 579055 579682 1
05-07-2017-10:03:49:361 579682 580309 1
05-07-2017-10:03:49:396 580309 580936 1
05-07-2017-10:03:49:448 580936 581563 1
05-07-2017-10:03:49:479 581563 582190 1
05-07-2017-10:03:49:526 582190 582817 1
05-07-2017-10:03:49:560 582817 583444 1
05-07-2017-10:03:49:596 583444 584071 1
05-07-2017-10:03:49:635 584071 584698 1
05-07-2017-10:03:49:677 584698 585325 1
05-07-2017-10:03:49:725 585325 585952 1
05-07-2017-10:03:49:760 585952 586579 1
05-07-2017-10:03:49:800 586579 587206 1
05-07-2017-10:03:49:835 587206 587833 1
05-07-2017-10:03:49:870 587833 588460 1
05-07-2017-10:03:49:916 588460 589087 1
05-07-2017-10:03:49:952 589087 589714 1
05-07-2017-10:03:49:987 589714 590341 1
05-07-2017-10:03:50:033 590341 590968 1
05-07-2017-10:03:50:069 590968 591595 1
05-07-2017-10:03:50:104 591595 592222 1
05-07-2017-10:03:50:149 592222 592849 1
05-07-2017-10:03:50:188 592849 593476 1
05-07-2017-10:03:50:224 593476 594103 1
05-07-2017-10:03:50:270 594103 594730 1
05-07-2017-10:03:50:306 594730 595357 1
05-07-2017-10:03:50:340 595357 595984 1
05-07-2017-10:03:50:387 595984 596611 1
05-07-2017-10:03:50:421 596611 597238 1
05-07-2017-10:03:50:459 597238 597865 1
05-07-2017-10:03:50:503 597865 598492 1
05-07-2017-10:03:50:538 598492 599119 1
05-07-2017-10:03:50:572 599119 599746 1
05-07-2017-10:03:50:619 599746 600373 1
05-07-2017-10:03:50:654 600373 601000 1
05-07-2017-10:03:50:690 601000 601627 1
05-07-2017-10:03:50:736 601627 602254 1
05-07-2017-10:03:50:772 602254 602881 1
05-07-2017-10:03:50:818 602881 603508 1
05-07-2017-10:03:50:854 603508 604135 1
05-07-2017-10:03:50:887 604135 604762 1
05-07-2017-10:03:50:935 604762 605389 1
05-07-2017-10:03:50:969 605389 606016 1
05-07-2017-10:03:51:007 606016 606643 1
05-07-2017-10:03:51:052 606643 607270 1
05-07-2017-10:03:51:090 607270 607897 1
05-07-2017-10:03:51:122 607897 608524 1
05-07-2017-10:03:51:168 608524 609151 1
05-07-2017-10:03:51:203 609151 609778 1
05-07-2017-10:03:51:249 609778 610405 1
05-07-2017-10:03:51:287 610405 611032 1
05-07-2017-10:03:51:319 611032 611659 1
05-07-2017-10:03:51:367 611659 612286 1
05-07-2017-10:03:51:401 612286 612913 1
05-07-2017-10:03:51:437 612913 613540 1
05-07-2017-10:03:51:484 613540 614167 1
05-07-2017-10:03:51:518 614167 614794 1
05-07-2017-10:03:51:555 614794 615421 1
05-07-2017-10:03:51:598 615421 616048 1
05-07-2017-10:03:51:634 616048 616675 1
05-07-2017-10:03:51:669 616675 617302 1
05-07-2017-10:03:51:717 617302 617929 1
05-07-2017-10:03:52:033 617929 618556 1
05-07-2017-10:03:52:035 618556 619183 1
05-07-2017-10:03:52:035 619183 619810 1
05-07-2017-10:03:52:035 619810 620437 1
05-07-2017-10:03:52:036 620437 621064 1
05-07-2017-10:03:52:036 621064 621691 1
05-07-2017-10:03:52:036 621691 622318 1
05-07-2017-10:03:52:036 622318 622945 1
05-07-2017-10:03:52:071 622945 623572 1
05-07-2017-10:03:52:109 623572 624199 1
05-07-2017-10:03:52:146 624199 624826 1
05-07-2017-10:03:52:182 624826 625453 1
05-07-2017-10:03:52:232 625453 626080 1
05-07-2017-10:03:52:264 626080 626707 1
05-07-2017-10:03:52:299 626707 627334 1
05-07-2017-10:03:52:348 627334 627961 1
05-07-2017-10:03:52:381 627961 628588 1
05-07-2017-10:03:52:415 628588 629215 1
05-07-2017-10:03:52:463 629215 629842 1
05-07-2017-10:03:52:497 629842 630469 1
05-07-2017-10:03:52:532 630469 631096 1
05-07-2017-10:03:52:579 631096 631723 1
05-07-2017-10:03:52:614 631723 632350 1
05-07-2017-10:03:52:661 632350 632977 1
05-07-2017-10:03:52:697 632977 633604 1
05-07-2017-10:03:52:731 633604 634231 1
05-07-2017-10:03:52:778 634231 634858 1
05-07-2017-10:03:52:813 634858 635485 1
05-07-2017-10:03:52:848 635485 636112 1
05-07-2017-10:03:52:894 636112 636739 1
05-07-2017-10:03:52:928 636739 637366 1
05-07-2017-10:03:52:963 637366 637993 1
05-07-2017-10:03:53:010 637993 638620 1
05-07-2017-10:03:53:046 638620 639247 1
05-07-2017-10:03:53:080 639247 639874 1
05-07-2017-10:03:53:128 639874 640501 1
05-07-2017-10:03:53:162 640501 641128 1
05-07-2017-10:03:53:202 641128 641755 1
05-07-2017-10:03:53:250 641755 642382 1
05-07-2017-10:03:53:284 642382 643009 1
05-07-2017-10:03:53:319 643009 643636 1
05-07-2017-10:03:53:364 643636 644263 1
05-07-2017-10:03:53:398 644263 644890 1
05-07-2017-10:03:53:434 644890 645517 1
05-07-2017-10:03:53:481 645517 646144 1
05-07-2017-10:03:53:517 646144 646771 1
05-07-2017-10:03:53:551 646771 647398 1
05-07-2017-10:03:53:597 647398 648025 1
05-07-2017-10:03:53:633 648025 648652 1
05-07-2017-10:03:53:667 648652 649279 1
05-07-2017-10:03:53:714 649279 649906 1
05-07-2017-10:03:53:752 649906 650533 1
05-07-2017-10:03:53:795 650533 651160 1
05-07-2017-10:03:53:831 651160 651787 1
05-07-2017-10:03:53:866 651787 652414 1
05-07-2017-10:03:53:913 652414 653041 1
05-07-2017-10:03:53:948 653041 653668 1
05-07-2017-10:03:53:984 653668 654295 1
05-07-2017-10:03:54:029 654295 654922 1
05-07-2017-10:03:54:063 654922 655549 1
05-07-2017-10:03:54:099 655549 656176 1
05-07-2017-10:03:54:145 656176 656803 1
05-07-2017-10:03:54:180 656803 657430 1
05-07-2017-10:03:54:230 657430 658057 1
05-07-2017-10:03:54:261 658057 658684 1
05-07-2017-10:03:54:302 658684 659311 1
05-07-2017-10:03:54:381 659311 659938 1
05-07-2017-10:03:54:384 659938 660565 1
05-07-2017-10:03:54:417 660565 661192 1
05-07-2017-10:03:54:452 661192 661819 1
05-07-2017-10:03:54:500 661819 662446 1
05-07-2017-10:03:54:535 662446 663073 1
05-07-2017-10:03:54:569 663073 663700 1
05-07-2017-10:03:54:615 663700 664327 1
05-07-2017-10:03:54:651 664327 664954 1
05-07-2017-10:03:54:691 664954 665581 1
05-07-2017-10:03:54:737 665581 666208 1
05-07-2017-10:03:54:771 666208 666835 1
05-07-2017-10:03:54:808 666835 667462 1
05-07-2017-10:03:54:854 667462 668089 1
05-07-2017-10:03:54:889 668089 668716 1
05-07-2017-10:03:54:923 668716 669343 1
05-07-2017-10:03:54:970 669343 669970 1
05-07-2017-10:03:55:004 669970 670597 1
05-07-2017-10:03:55:040 670597 671224 1
05-07-2017-10:03:55:082 671224 671851 1
05-07-2017-10:03:55:127 671851 672478 1
05-07-2017-10:03:55:163 672478 673105 1
05-07-2017-10:03:55:199 673105 673732 1
05-07-2017-10:03:55:245 673732 674359 1
05-07-2017-10:03:55:278 674359 674986 1
05-07-2017-10:03:55:314 674986 675613 1
05-07-2017-10:03:55:362 675613 676240 1
05-07-2017-10:03:55:397 676240 676867 1
05-07-2017-10:03:55:431 676867 677494 1
05-07-2017-10:03:55:477 677494 678121 1
05-07-2017-10:03:55:512 678121 678748 1
05-07-2017-10:03:55:560 678748 679375 1
05-07-2017-10:03:55:595 679375 680002 1
05-07-2017-10:03:55:629 680002 680629 1
05-07-2017-10:03:55:677 680629 681256 1
05-07-2017-10:03:55:710 681256 681883 1
05-07-2017-10:03:55:747 681883 682510 1
05-07-2017-10:03:55:793 682510 683137 1
05-07-2017-10:03:55:828 683137 683764 1
05-07-2017-10:03:55:863 683764 684391 1
05-07-2017-10:03:55:953 684391 685018 1
05-07-2017-10:03:55:954 685018 685645 1
05-07-2017-10:03:55:992 685645 686272 1
05-07-2017-10:03:56:025 686272 686899 1
05-07-2017-10:03:56:060 686899 687526 1
05-07-2017-10:03:56:108 687526 688153 1
05-07-2017-10:03:56:143 688153 688780 1
05-07-2017-10:03:56:178 688780 689407 1
05-07-2017-10:03:56:225 689407 690034 1
05-07-2017-10:03:56:259 690034 690661 1
05-07-2017-10:03:56:296 690661 691288 1
05-07-2017-10:03:56:342 691288 691915 1
05-07-2017-10:03:56:376 691915 692542 1
05-07-2017-10:03:56:412 692542 693169 1
05-07-2017-10:03:56:458 693169 693796 1
05-07-2017-10:03:56:495 693796 694423 1
05-07-2017-10:03:56:539 694423 695050 1
05-07-2017-10:03:56:575 695050 695677 1
05-07-2017-10:03:56:610 695677 696304 1
05-07-2017-10:03:56:657 696304 696931 1
05-07-2017-10:03:56:692 696931 697558 1
05-07-2017-10:03:56:726 697558 698185 1
05-07-2017-10:03:56:773 698185 698812 1
05-07-2017-10:03:56:807 698812 699439 1
05-07-2017-10:03:56:842 699439 700066 1
05-07-2017-10:03:56:892 700066 700693 1
05-07-2017-10:03:56:924 700693 701320 1
05-07-2017-10:03:56:958 701320 701947 1
05-07-2017-10:03:57:006 701947 702574 1
05-07-2017-10:03:57:042 702574 703201 1
05-07-2017-10:03:57:087 703201 703828 1
05-07-2017-10:03:57:122 703828 704455 1
05-07-2017-10:03:57:158 704455 705082 1
05-07-2017-10:03:57:204 705082 705709 1
05-07-2017-10:03:57:239 705709 706336 1
05-07-2017-10:03:57:274 706336 706963 1
05-07-2017-10:03:57:321 706963 707590 1
05-07-2017-10:03:57:357 707590 708217 1
05-07-2017-10:03:57:392 708217 708844 1
05-07-2017-10:03:57:437 708844 709471 1
05-07-2017-10:03:57:473 709471 710098 1
05-07-2017-10:03:57:519 710098 710725 1
05-07-2017-10:03:57:555 710725 711352 1
05-07-2017-10:03:57:589 711352 711979 1
05-07-2017-10:03:57:636 711979 712606 1
05-07-2017-10:03:57:671 712606 713233 1
05-07-2017-10:03:57:714 713233 713860 1
05-07-2017-10:03:57:743 713860 714487 1
05-07-2017-10:03:57:785 714487 715114 1
05-07-2017-10:03:57:824 715114 715741 1
05-07-2017-10:03:57:870 715741 716368 1
05-07-2017-10:03:57:905 716368 716995 1
05-07-2017-10:03:57:940 716995 717622 1
05-07-2017-10:03:57:988 717622 718249 1
05-07-2017-10:03:58:022 718249 718876 1
05-07-2017-10:03:58:057 718876 719503 1
05-07-2017-10:03:58:105 719503 720130 1
05-07-2017-10:03:58:139 720130 720757 1
05-07-2017-10:03:58:185 720757 721384 1
05-07-2017-10:03:58:220 721384 722011 1
05-07-2017-10:03:58:256 722011 722638 1
05-07-2017-10:03:58:303 722638 723265 1
05-07-2017-10:03:58:338 723265 723892 1
05-07-2017-10:03:58:373 723892 724519 1
05-07-2017-10:03:58:418 724519 725146 1
05-07-2017-10:03:58:453 725146 725773 1
05-07-2017-10:03:58:490 725773 726400 1
05-07-2017-10:03:58:535 726400 727027 1
05-07-2017-10:03:58:570 727027 727654 1
05-07-2017-10:03:58:617 727654 728281 1
05-07-2017-10:03:58:652 728281 728908 1
05-07-2017-10:03:58:690 728908 729535 1
05-07-2017-10:03:58:733 729535 730162 1
05-07-2017-10:03:58:770 730162 730789 1
05-07-2017-10:03:58:803 730789 731416 1
05-07-2017-10:03:58:854 731416 732043 1
05-07-2017-10:03:58:885 732043 732670 1
05-07-2017-10:03:58:921 732670 733297 1
05-07-2017-10:03:58:967 733297 733924 1
05-07-2017-10:03:59:001 733924 734551 1
05-07-2017-10:03:59:039 734551 735178 1
05-07-2017-10:03:59:083 735178 735805 1
05-07-2017-10:03:59:117 735805 736432 1
05-07-2017-10:03:59:165 736432 737059 1
05-07-2017-10:03:59:199 737059 737686 1
05-07-2017-10:03:59:234 737686 738313 1
05-07-2017-10:03:59:281 738313 738940 1
05-07-2017-10:03:59:318 738940 739567 1
05-07-2017-10:03:59:354 739567 740194 1
05-07-2017-10:03:59:398 740194 740821 1
05-07-2017-10:03:59:432 740821 741448 1
05-07-2017-10:03:59:469 741448 742075 1
05-07-2017-10:03:59:557 742075 742702 1
05-07-2017-10:03:59:559 742702 743329 1
05-07-2017-10:03:59:594 743329 743956 1
05-07-2017-10:03:59:632 743956 744583 1
05-07-2017-10:03:59:667 744583 745210 1
05-07-2017-10:03:59:714 745210 745837 1
05-07-2017-10:03:59:750 745837 746464 1
05-07-2017-10:03:59:784 746464 747091 1
05-07-2017-10:03:59:831 747091 747718 1
05-07-2017-10:03:59:866 747718 748345 1
05-07-2017-10:03:59:901 748345 748972 1
05-07-2017-10:03:59:948 748972 749599 1
05-07-2017-10:03:59:982 749599 750226 1
05-07-2017-10:04:00:018 750226 750853 1
05-07-2017-10:04:00:064 750853 751480 1
05-07-2017-10:04:00:099 751480 752107 1
05-07-2017-10:04:00:133 752107 752734 1
05-07-2017-10:04:00:179 752734 753361 1
05-07-2017-10:04:00:214 753361 753988 1
05-07-2017-10:04:00:264 753988 754615 1
05-07-2017-10:04:00:298 754615 755242 1
05-07-2017-10:04:00:331 755242 755869 1
05-07-2017-10:04:00:379 755869 756496 1
05-07-2017-10:04:00:414 756496 757123 1
05-07-2017-10:04:00:448 757123 757750 1
05-07-2017-10:04:00:495 757750 758377 1
05-07-2017-10:04:00:531 758377 759004 1
05-07-2017-10:04:00:564 759004 759631 1
05-07-2017-10:04:00:613 759631 760258 1
05-07-2017-10:04:00:648 760258 760885 1
05-07-2017-10:04:00:685 760885 761512 1
05-07-2017-10:04:00:733 761512 762139 1
05-07-2017-10:04:00:767 762139 762766 1
05-07-2017-10:04:00:801 762766 763393 1
05-07-2017-10:04:00:848 763393 764020 1
05-07-2017-10:04:00:884 764020 764647 1
05-07-2017-10:04:00:919 764647 765274 1
05-07-2017-10:04:00:964 765274 765901 1
05-07-2017-10:04:01:001 765901 766528 1
05-07-2017-10:04:01:036 766528 767155 1
05-07-2017-10:04:01:083 767155 767782 1
05-07-2017-10:04:01:117 767782 768409 1
05-07-2017-10:04:01:163 768409 769036 1
05-07-2017-10:04:01:199 769036 769663 1
05-07-2017-10:04:01:234 769663 770290 1
05-07-2017-10:04:01:280 770290 770917 1
05-07-2017-10:04:01:315 770917 771544 1
05-07-2017-10:04:01:351 771544 772171 1
05-07-2017-10:04:01:397 772171 772798 1
05-07-2017-10:04:01:433 772798 773425 1
05-07-2017-10:04:01:466 773425 774052 1
05-07-2017-10:04:01:514 774052 774679 1
05-07-2017-10:04:01:580 774679 775306 1
05-07-2017-10:04:01:583 775306 775933 1
05-07-2017-10:04:01:630 775933 776560 1
05-07-2017-10:04:01:664 776560 777187 1
05-07-2017-10:04:01:712 777187 777814 1
05-07-2017-10:04:01:746 777814 778441 1
05-07-2017-10:04:01:782 778441 779068 1
05-07-2017-10:04:01:828 779068 779695 1
05-07-2017-10:04:01:862 779695 780322 1
05-07-2017-10:04:01:898 780322 780949 1
05-07-2017-10:04:01:946 780949 781576 1
05-07-2017-10:04:01:979 781576 782203 1
05-07-2017-10:04:02:015 782203 782830 1
05-07-2017-10:04:02:062 782830 783457 1
05-07-2017-10:04:02:096 783457 784084 1
05-07-2017-10:04:02:144 784084 784711 1
05-07-2017-10:04:02:182 784711 785338 1
05-07-2017-10:04:02:221 785338 785965 1
05-07-2017-10:04:02:256 785965 786592 1
05-07-2017-10:04:02:291 786592 787219 1
05-07-2017-10:04:02:339 787219 787846 1
05-07-2017-10:04:02:373 787846 788473 1
05-07-2017-10:04:02:407 788473 789100 1
05-07-2017-10:04:02:455 789100 789727 1
05-07-2017-10:04:02:490 789727 790354 1
05-07-2017-10:04:02:524 790354 790981 1
05-07-2017-10:04:02:572 790981 791608 1
05-07-2017-10:04:02:605 791608 792235 1
05-07-2017-10:04:02:651 792235 792862 1
05-07-2017-10:04:02:690 792862 793489 1
05-07-2017-10:04:02:722 793489 794116 1
05-07-2017-10:04:02:769 794116 794743 1
05-07-2017-10:04:02:805 794743 795370 1
05-07-2017-10:04:02:839 795370 795997 1
05-07-2017-10:04:02:885 795997 796624 1
05-07-2017-10:04:02:922 796624 797251 1
05-07-2017-10:04:02:956 797251 797878 1
05-07-2017-10:04:03:002 797878 798505 1
05-07-2017-10:04:03:038 798505 799132 1
05-07-2017-10:04:03:073 799132 799759 1
05-07-2017-10:04:03:118 799759 800386 1
05-07-2017-10:04:03:156 800386 801013 1
05-07-2017-10:04:03:201 801013 801640 1
05-07-2017-10:04:03:235 801640 802267 1
05-07-2017-10:04:03:271 802267 802894 1
05-07-2017-10:04:03:317 802894 803521 1
05-07-2017-10:04:03:352 803521 804148 1
05-07-2017-10:04:03:386 804148 804775 1
05-07-2017-10:04:03:464 804775 805402 1
05-07-2017-10:04:03:473 805402 806029 1
05-07-2017-10:04:03:511 806029 806656 1
05-07-2017-10:04:03:546 806656 807283 1
05-07-2017-10:04:03:594 807283 807910 1
05-07-2017-10:04:03:632 807910 808537 1
05-07-2017-10:04:03:666 808537 809164 1
05-07-2017-10:04:03:710 809164 809791 1
05-07-2017-10:04:03:746 809791 810418 1
05-07-2017-10:04:03:779 810418 811045 1
05-07-2017-10:04:03:827 811045 811672 1
05-07-2017-10:04:03:862 811672 812299 1
05-07-2017-10:04:03:897 812299 812926 1
05-07-2017-10:04:03:943 812926 813553 1
05-07-2017-10:04:03:978 813553 814180 1
05-07-2017-10:04:04:013 814180 814807 1
05-07-2017-10:04:04:059 814807 815434 1
05-07-2017-10:04:04:095 815434 816061 1
05-07-2017-10:04:04:142 816061 816688 1
05-07-2017-10:04:04:175 816688 817315 1
05-07-2017-10:04:04:215 817315 817942 1
05-07-2017-10:04:04:259 817942 818569 1
05-07-2017-10:04:04:294 818569 819196 1
05-07-2017-10:04:04:328 819196 819823 1
05-07-2017-10:04:04:376 819823 820450 1
05-07-2017-10:04:04:409 820450 821077 1
05-07-2017-10:04:04:445 821077 821704 1
05-07-2017-10:04:04:492 821704 822331 1
05-07-2017-10:04:04:527 822331 822958 1
05-07-2017-10:04:04:561 822958 823585 1
05-07-2017-10:04:04:609 823585 824212 1
05-07-2017-10:04:04:644 824212 824839 1
05-07-2017-10:04:04:689 824839 825466 1
05-07-2017-10:04:04:727 825466 826093 1
05-07-2017-10:04:04:761 826093 826720 1
05-07-2017-10:04:04:807 826720 827347 1
05-07-2017-10:04:04:842 827347 827974 1
05-07-2017-10:04:04:877 827974 828601 1
05-07-2017-10:04:04:924 828601 829228 1
05-07-2017-10:04:04:960 829228 829855 1
05-07-2017-10:04:04:995 829855 830482 1
05-07-2017-10:04:05:041 830482 831109 1
05-07-2017-10:04:05:096 831109 831736 1
05-07-2017-10:04:05:122 831736 832363 1
05-07-2017-10:04:05:157 832363 832990 1
05-07-2017-10:04:05:201 832990 833617 1
05-07-2017-10:04:05:236 833617 834244 1
05-07-2017-10:04:05:271 834244 834871 1
05-07-2017-10:04:05:318 834871 835498 1
05-07-2017-10:04:05:353 835498 836125 1
05-07-2017-10:04:05:391 836125 836752 1
05-07-2017-10:04:05:435 836752 837379 1
05-07-2017-10:04:05:471 837379 838006 1
05-07-2017-10:04:05:505 838006 838633 1
05-07-2017-10:04:05:551 838633 839260 1
05-07-2017-10:04:05:586 839260 839887 1
05-07-2017-10:04:05:622 839887 840514 1
05-07-2017-10:04:05:668 840514 841141 1
05-07-2017-10:04:05:703 841141 841768 1
05-07-2017-10:04:05:737 841768 842395 1
05-07-2017-10:04:05:783 842395 843022 1
05-07-2017-10:04:05:819 843022 843649 1
05-07-2017-10:04:05:865 843649 844276 1
05-07-2017-10:04:05:901 844276 844903 1
05-07-2017-10:04:05:936 844903 845530 1
05-07-2017-10:04:05:981 845530 846157 1
05-07-2017-10:04:06:017 846157 846784 1
05-07-2017-10:04:06:052 846784 847411 1
05-07-2017-10:04:06:100 847411 848038 1
05-07-2017-10:04:06:134 848038 848665 1
05-07-2017-10:04:06:170 848665 849292 1
05-07-2017-10:04:06:215 849292 849919 1
05-07-2017-10:04:06:256 849919 850546 1
05-07-2017-10:04:06:291 850546 851173 1
05-07-2017-10:04:06:325 851173 851800 1
05-07-2017-10:04:06:376 851800 852427 1
05-07-2017-10:04:06:408 852427 853054 1
05-07-2017-10:04:06:453 853054 853681 1
05-07-2017-10:04:06:493 853681 854308 1
05-07-2017-10:04:06:525 854308 854935 1
05-07-2017-10:04:06:571 854935 855562 1
05-07-2017-10:04:06:606 855562 856189 1
05-07-2017-10:04:06:639 856189 856816 1
05-07-2017-10:04:06:687 856816 857443 1
05-07-2017-10:04:06:722 857443 858070 1
05-07-2017-10:04:06:756 858070 858697 1
05-07-2017-10:04:06:805 858697 859324 1
05-07-2017-10:04:06:839 859324 859951 1
05-07-2017-10:04:06:879 859951 860578 1
05-07-2017-10:04:06:913 860578 861205 1
05-07-2017-10:04:06:960 861205 861832 1
05-07-2017-10:04:06:995 861832 862459 1
05-07-2017-10:04:07:043 862459 863086 1
05-07-2017-10:04:07:078 863086 863713 1
05-07-2017-10:04:07:113 863713 864340 1
05-07-2017-10:04:07:159 864340 864967 1
05-07-2017-10:04:07:199 864967 865594 1
05-07-2017-10:04:07:230 865594 866221 1
05-07-2017-10:04:07:275 866221 866848 1
05-07-2017-10:04:07:310 866848 867475 1
05-07-2017-10:04:07:344 867475 868102 1
05-07-2017-10:04:07:393 868102 868729 1
05-07-2017-10:04:07:427 868729 869356 1
05-07-2017-10:04:07:461 869356 869983 1
05-07-2017-10:04:07:508 869983 870610 1
05-07-2017-10:04:07:543 870610 871237 1
05-07-2017-10:04:07:589 871237 871864 1
05-07-2017-10:04:07:626 871864 872491 1
05-07-2017-10:04:07:659 872491 873118 1
05-07-2017-10:04:07:708 873118 873745 1
05-07-2017-10:04:07:743 873745 874372 1
05-07-2017-10:04:07:777 874372 874999 1
05-07-2017-10:04:07:825 874999 875626 1
05-07-2017-10:04:07:858 875626 876253 1
05-07-2017-10:04:07:893 876253 876880 1
05-07-2017-10:04:07:940 876880 877507 1
05-07-2017-10:04:07:976 877507 878134 1
05-07-2017-10:04:08:021 878134 878761 1
05-07-2017-10:04:08:057 878761 879388 1
05-07-2017-10:04:08:092 879388 880015 1
05-07-2017-10:04:08:138 880015 880642 1
05-07-2017-10:04:08:174 880642 881269 1
05-07-2017-10:04:08:285 881269 881896 1
05-07-2017-10:04:08:286 881896 882523 1
05-07-2017-10:04:08:294 882523 883150 1
05-07-2017-10:04:08:328 883150 883777 1
05-07-2017-10:04:08:364 883777 884404 1
05-07-2017-10:04:08:410 884404 885031 1
05-07-2017-10:04:08:449 885031 885658 1
05-07-2017-10:04:08:491 885658 886285 1
05-07-2017-10:04:08:527 886285 886912 1
05-07-2017-10:04:08:562 886912 887539 1
05-07-2017-10:04:08:608 887539 888166 1
05-07-2017-10:04:08:643 888166 888793 1
05-07-2017-10:04:08:679 888793 889420 1
05-07-2017-10:04:08:724 889420 890047 1
05-07-2017-10:04:08:760 890047 890674 1
05-07-2017-10:04:08:795 890674 891301 1
05-07-2017-10:04:08:841 891301 891928 1
05-07-2017-10:04:08:879 891928 892555 1
05-07-2017-10:04:08:912 892555 893182 1
05-07-2017-10:04:08:959 893182 893809 1
05-07-2017-10:04:08:993 893809 894436 1
05-07-2017-10:04:09:041 894436 895063 1
05-07-2017-10:04:09:074 895063 895690 1
05-07-2017-10:04:09:111 895690 896317 1
05-07-2017-10:04:09:157 896317 896944 1
05-07-2017-10:04:09:192 896944 897571 1
05-07-2017-10:04:09:227 897571 898198 1
05-07-2017-10:04:09:273 898198 898825 1
05-07-2017-10:04:09:309 898825 899452 1
