06-07-2017-16:25:06:712 0 694 1
06-07-2017-16:25:06:754 694 1388 1
06-07-2017-16:25:06:801 1388 2082 1
06-07-2017-16:25:06:840 2082 2776 1
06-07-2017-16:25:06:889 2776 3470 1
06-07-2017-16:25:06:923 3470 4164 1
06-07-2017-16:25:06:969 4164 4858 1
06-07-2017-16:25:07:007 4858 5552 1
06-07-2017-16:25:07:054 5552 6246 1
06-07-2017-16:25:07:102 6246 6940 1
06-07-2017-16:25:07:148 6940 7634 1
06-07-2017-16:25:07:183 7634 8328 1
06-07-2017-16:25:07:230 8328 9022 1
06-07-2017-16:25:07:276 9022 9716 1
06-07-2017-16:25:07:312 9716 10410 1
06-07-2017-16:25:07:358 10410 11104 1
06-07-2017-16:25:07:404 11104 11798 1
06-07-2017-16:25:07:451 11798 12492 1
06-07-2017-16:25:07:486 12492 13186 1
06-07-2017-16:25:07:532 13186 13880 1
06-07-2017-16:25:07:580 13880 14574 1
06-07-2017-16:25:07:614 14574 15268 1
06-07-2017-16:25:07:661 15268 15962 1
06-07-2017-16:25:07:707 15962 16656 1
06-07-2017-16:25:07:754 16656 17350 1
06-07-2017-16:25:07:790 17350 18044 1
06-07-2017-16:25:07:836 18044 18738 1
06-07-2017-16:25:07:882 18738 19432 1
06-07-2017-16:25:07:923 19432 20126 1
06-07-2017-16:25:07:971 20126 20820 1
06-07-2017-16:25:08:006 20820 21514 1
06-07-2017-16:25:08:052 21514 22208 1
06-07-2017-16:25:08:098 22208 22902 1
06-07-2017-16:25:08:146 22902 23596 1
06-07-2017-16:25:08:181 23596 24290 1
06-07-2017-16:25:08:226 24290 24984 1
06-07-2017-16:25:08:273 24984 25678 1
06-07-2017-16:25:08:308 25678 26372 1
06-07-2017-16:25:08:355 26372 27066 1
06-07-2017-16:25:08:401 27066 27760 1
06-07-2017-16:25:08:449 27760 28454 1
06-07-2017-16:25:08:483 28454 29148 1
06-07-2017-16:25:08:530 29148 29842 1
06-07-2017-16:25:08:575 29842 30536 1
06-07-2017-16:25:08:619 30536 31230 1
06-07-2017-16:25:08:669 31230 31924 1
06-07-2017-16:25:08:702 31924 32618 1
06-07-2017-16:25:08:748 32618 33312 1
06-07-2017-16:25:08:796 33312 34006 1
06-07-2017-16:25:08:829 34006 34700 1
06-07-2017-16:25:08:877 34700 35394 1
06-07-2017-16:25:08:923 35394 36088 1
06-07-2017-16:25:08:971 36088 36782 1
06-07-2017-16:25:09:006 36782 37476 1
06-07-2017-16:25:09:053 37476 38170 1
06-07-2017-16:25:09:098 38170 38864 1
06-07-2017-16:25:09:133 38864 39558 1
06-07-2017-16:25:09:179 39558 40252 1
06-07-2017-16:25:09:226 40252 40946 1
06-07-2017-16:25:09:273 40946 41640 1
06-07-2017-16:25:09:307 41640 42334 1
06-07-2017-16:25:09:354 42334 43028 1
06-07-2017-16:25:09:402 43028 43722 1
06-07-2017-16:25:09:435 43722 44416 1
06-07-2017-16:25:09:483 44416 45110 1
06-07-2017-16:25:09:529 45110 45804 1
06-07-2017-16:25:09:576 45804 46498 1
06-07-2017-16:25:09:610 46498 47192 1
06-07-2017-16:25:09:658 47192 47886 1
06-07-2017-16:25:09:704 47886 48580 1
06-07-2017-16:25:09:740 48580 49274 1
06-07-2017-16:25:09:786 49274 49968 1
06-07-2017-16:25:10:048 49968 50662 1
06-07-2017-16:25:10:049 50662 51356 1
06-07-2017-16:25:10:049 51356 52050 1
06-07-2017-16:25:10:049 52050 52744 1
06-07-2017-16:25:10:049 52744 53438 1
06-07-2017-16:25:10:053 53438 54132 1
06-07-2017-16:25:10:093 54132 54826 1
06-07-2017-16:25:10:134 54826 55520 1
06-07-2017-16:25:10:180 55520 56214 1
06-07-2017-16:25:10:226 56214 56908 1
06-07-2017-16:25:10:261 56908 57602 1
06-07-2017-16:25:10:309 57602 58296 1
06-07-2017-16:25:10:354 58296 58990 1
06-07-2017-16:25:10:401 58990 59684 1
06-07-2017-16:25:10:436 59684 60378 1
06-07-2017-16:25:10:484 60378 61072 1
06-07-2017-16:25:10:529 61072 61766 1
06-07-2017-16:25:10:564 61766 62460 1
06-07-2017-16:25:10:612 62460 63154 1
06-07-2017-16:25:10:658 63154 63848 1
06-07-2017-16:25:10:705 63848 64542 1
06-07-2017-16:25:10:739 64542 65236 1
06-07-2017-16:25:10:786 65236 65930 1
06-07-2017-16:25:10:832 65930 66624 1
06-07-2017-16:25:10:867 66624 67318 1
06-07-2017-16:25:10:913 67318 68012 1
06-07-2017-16:25:10:965 68012 68706 1
06-07-2017-16:25:11:004 68706 69400 1
06-07-2017-16:25:11:051 69400 70094 1
06-07-2017-16:25:11:087 70094 70788 1
06-07-2017-16:25:11:132 70788 71482 1
06-07-2017-16:25:11:179 71482 72176 1
06-07-2017-16:25:11:226 72176 72870 1
06-07-2017-16:25:11:261 72870 73564 1
06-07-2017-16:25:11:306 73564 74258 1
06-07-2017-16:25:11:354 74258 74952 1
06-07-2017-16:25:11:388 74952 75646 1
06-07-2017-16:25:11:435 75646 76340 1
06-07-2017-16:25:11:482 76340 77034 1
06-07-2017-16:25:11:528 77034 77728 1
06-07-2017-16:25:11:563 77728 78422 1
06-07-2017-16:25:11:610 78422 79116 1
06-07-2017-16:25:11:656 79116 79810 1
06-07-2017-16:25:11:691 79810 80504 1
06-07-2017-16:25:11:737 80504 81198 1
06-07-2017-16:25:11:785 81198 81892 1
06-07-2017-16:25:11:831 81892 82586 1
06-07-2017-16:25:11:867 82586 83280 1
06-07-2017-16:25:11:909 83280 83974 1
06-07-2017-16:25:11:955 83974 84668 1
06-07-2017-16:25:12:002 84668 85362 1
06-07-2017-16:25:12:050 85362 86056 1
06-07-2017-16:25:12:083 86056 86750 1
06-07-2017-16:25:12:130 86750 87444 1
06-07-2017-16:25:12:176 87444 88138 1
06-07-2017-16:25:12:214 88138 88832 1
06-07-2017-16:25:12:256 88832 89526 1
06-07-2017-16:25:12:299 89526 90220 1
06-07-2017-16:25:12:347 90220 90914 1
06-07-2017-16:25:12:392 90914 91608 1
06-07-2017-16:25:12:439 91608 92302 1
06-07-2017-16:25:12:474 92302 92996 1
06-07-2017-16:25:12:586 92996 93690 1
06-07-2017-16:25:12:587 93690 94384 1
06-07-2017-16:25:12:603 94384 95078 1
06-07-2017-16:25:12:649 95078 95772 1
06-07-2017-16:25:12:697 95772 96466 1
06-07-2017-16:25:12:742 96466 97160 1
06-07-2017-16:25:12:777 97160 97854 1
06-07-2017-16:25:12:825 97854 98548 1
06-07-2017-16:25:12:871 98548 99242 1
06-07-2017-16:25:12:906 99242 99936 1
06-07-2017-16:25:12:953 99936 100630 1
06-07-2017-16:25:12:999 100630 101324 1
06-07-2017-16:25:13:045 101324 102018 1
06-07-2017-16:25:13:080 102018 102712 1
06-07-2017-16:25:13:127 102712 103406 1
06-07-2017-16:25:13:174 103406 104100 1
06-07-2017-16:25:13:209 104100 104794 1
06-07-2017-16:25:13:256 104794 105488 1
06-07-2017-16:25:13:302 105488 106182 1
06-07-2017-16:25:13:350 106182 106876 1
06-07-2017-16:25:13:384 106876 107570 1
06-07-2017-16:25:13:431 107570 108264 1
06-07-2017-16:25:13:477 108264 108958 1
06-07-2017-16:25:13:512 108958 109652 1
06-07-2017-16:25:13:564 109652 110280 1
06-07-2017-16:25:13:600 110280 110908 1
06-07-2017-16:25:13:634 110908 111536 1
06-07-2017-16:25:13:670 111536 112164 1
06-07-2017-16:25:13:716 112164 112792 1
06-07-2017-16:25:13:766 112792 113420 1
06-07-2017-16:25:13:800 113420 114048 1
06-07-2017-16:25:13:833 114048 114676 1
06-07-2017-16:25:13:868 114676 115304 1
06-07-2017-16:25:13:915 115304 115932 1
06-07-2017-16:25:13:950 115932 116560 1
06-07-2017-16:25:13:985 116560 117188 1
06-07-2017-16:25:14:033 117188 117816 1
06-07-2017-16:25:14:067 117816 118444 1
06-07-2017-16:25:14:103 118444 119072 1
06-07-2017-16:25:14:148 119072 119700 1
06-07-2017-16:25:14:183 119700 120328 1
06-07-2017-16:25:14:230 120328 120956 1
06-07-2017-16:25:14:265 120956 121584 1
06-07-2017-16:25:14:299 121584 122212 1
06-07-2017-16:25:14:347 122212 122840 1
06-07-2017-16:25:14:382 122840 123468 1
06-07-2017-16:25:14:418 123468 124096 1
06-07-2017-16:25:14:463 124096 124724 1
06-07-2017-16:25:14:498 124724 125352 1
06-07-2017-16:25:14:536 125352 125980 1
06-07-2017-16:25:14:580 125980 126608 1
06-07-2017-16:25:14:615 126608 127236 1
06-07-2017-16:25:14:661 127236 127864 1
06-07-2017-16:25:14:696 127864 128492 1
06-07-2017-16:25:14:732 128492 129120 1
06-07-2017-16:25:14:779 129120 129748 1
06-07-2017-16:25:14:812 129748 130376 1
06-07-2017-16:25:14:848 130376 131004 1
06-07-2017-16:25:14:894 131004 131632 1
06-07-2017-16:25:14:929 131632 132260 1
06-07-2017-16:25:14:969 132260 132888 1
06-07-2017-16:25:15:011 132888 133516 1
06-07-2017-16:25:15:047 133516 134144 1
06-07-2017-16:25:15:093 134144 134772 1
06-07-2017-16:25:15:129 134772 135400 1
06-07-2017-16:25:15:163 135400 136028 1
06-07-2017-16:25:15:211 136028 136656 1
06-07-2017-16:25:15:244 136656 137284 1
06-07-2017-16:25:15:281 137284 137912 1
06-07-2017-16:25:15:326 137912 138540 1
06-07-2017-16:25:15:362 138540 139168 1
06-07-2017-16:25:15:397 139168 139796 1
06-07-2017-16:25:15:447 139796 140424 1
06-07-2017-16:25:15:478 140424 141052 1
06-07-2017-16:25:15:526 141052 141680 1
06-07-2017-16:25:15:561 141680 142308 1
06-07-2017-16:25:15:596 142308 142936 1
06-07-2017-16:25:15:642 142936 143564 1
06-07-2017-16:25:15:873 143564 144192 1
06-07-2017-16:25:15:874 144192 144820 1
06-07-2017-16:25:15:874 144820 145448 1
06-07-2017-16:25:15:875 145448 146076 1
06-07-2017-16:25:15:875 146076 146704 1
06-07-2017-16:25:15:875 146704 147332 1
06-07-2017-16:25:15:911 147332 147960 1
06-07-2017-16:25:15:956 147960 148588 1
06-07-2017-16:25:15:992 148588 149216 1
06-07-2017-16:25:16:027 149216 149844 1
06-07-2017-16:25:16:072 149844 150472 1
06-07-2017-16:25:16:108 150472 151100 1
06-07-2017-16:25:16:143 151100 151728 1
06-07-2017-16:25:16:189 151728 152356 1
06-07-2017-16:25:16:225 152356 152984 1
06-07-2017-16:25:16:259 152984 153612 1
06-07-2017-16:25:16:307 153612 154240 1
06-07-2017-16:25:16:340 154240 154868 1
06-07-2017-16:25:16:387 154868 155496 1
06-07-2017-16:25:16:424 155496 156124 1
06-07-2017-16:25:16:469 156124 156752 1
06-07-2017-16:25:16:505 156752 157380 1
06-07-2017-16:25:16:540 157380 158008 1
06-07-2017-16:25:16:575 158008 158636 1
06-07-2017-16:25:16:623 158636 159264 1
06-07-2017-16:25:16:656 159264 159892 1
06-07-2017-16:25:16:693 159892 160520 1
06-07-2017-16:25:16:741 160520 161148 1
06-07-2017-16:25:16:776 161148 161776 1
06-07-2017-16:25:16:811 161776 162404 1
06-07-2017-16:25:16:851 162404 163032 1
06-07-2017-16:25:16:899 163032 163660 1
06-07-2017-16:25:16:934 163660 164288 1
06-07-2017-16:25:16:969 164288 164916 1
06-07-2017-16:25:17:015 164916 165544 1
06-07-2017-16:25:17:050 165544 166172 1
06-07-2017-16:25:17:085 166172 166800 1
06-07-2017-16:25:17:133 166800 167428 1
06-07-2017-16:25:17:166 167428 168056 1
06-07-2017-16:25:17:202 168056 168684 1
06-07-2017-16:25:17:250 168684 169312 1
06-07-2017-16:25:17:285 169312 169940 1
06-07-2017-16:25:17:321 169940 170568 1
06-07-2017-16:25:17:367 170568 171196 1
06-07-2017-16:25:17:402 171196 171824 1
06-07-2017-16:25:17:448 171824 172452 1
06-07-2017-16:25:17:484 172452 173080 1
06-07-2017-16:25:17:518 173080 173708 1
06-07-2017-16:25:17:565 173708 174336 1
06-07-2017-16:25:17:601 174336 174964 1
06-07-2017-16:25:17:635 174964 175592 1
06-07-2017-16:25:17:681 175592 176220 1
06-07-2017-16:25:17:716 176220 176848 1
06-07-2017-16:25:17:751 176848 177476 1
06-07-2017-16:25:17:799 177476 178104 1
06-07-2017-16:25:17:832 178104 178732 1
06-07-2017-16:25:17:880 178732 179360 1
06-07-2017-16:25:17:919 179360 179988 1
06-07-2017-16:25:17:950 179988 180616 1
06-07-2017-16:25:17:998 180616 181244 1
06-07-2017-16:25:18:031 181244 181872 1
06-07-2017-16:25:18:067 181872 182500 1
06-07-2017-16:25:18:112 182500 183128 1
06-07-2017-16:25:18:148 183128 183756 1
06-07-2017-16:25:18:183 183756 184384 1
06-07-2017-16:25:18:229 184384 185012 1
06-07-2017-16:25:18:264 185012 185640 1
06-07-2017-16:25:18:312 185640 186268 1
06-07-2017-16:25:18:348 186268 186896 1
06-07-2017-16:25:18:381 186896 187524 1
06-07-2017-16:25:18:429 187524 188152 1
06-07-2017-16:25:18:463 188152 188780 1
06-07-2017-16:25:18:498 188780 189408 1
06-07-2017-16:25:18:544 189408 190036 1
06-07-2017-16:25:18:582 190036 190664 1
06-07-2017-16:25:18:615 190664 191292 1
06-07-2017-16:25:18:661 191292 191920 1
06-07-2017-16:25:18:696 191920 192548 1
06-07-2017-16:25:18:742 192548 193176 1
06-07-2017-16:25:18:778 193176 193804 1
06-07-2017-16:25:19:006 193804 194432 1
06-07-2017-16:25:19:007 194432 195060 1
06-07-2017-16:25:19:007 195060 195688 1
06-07-2017-16:25:19:007 195688 196316 1
06-07-2017-16:25:19:007 196316 196944 1
06-07-2017-16:25:19:014 196944 197572 1
06-07-2017-16:25:19:049 197572 198200 1
06-07-2017-16:25:19:095 198200 198828 1
06-07-2017-16:25:19:130 198828 199456 1
06-07-2017-16:25:19:166 199456 200084 1
06-07-2017-16:25:19:211 200084 200712 1
06-07-2017-16:25:19:247 200712 201340 1
06-07-2017-16:25:19:293 201340 201968 1
06-07-2017-16:25:19:329 201968 202596 1
06-07-2017-16:25:19:363 202596 203224 1
06-07-2017-16:25:19:409 203224 203852 1
06-07-2017-16:25:19:445 203852 204480 1
06-07-2017-16:25:19:480 204480 205108 1
06-07-2017-16:25:19:526 205108 205736 1
06-07-2017-16:25:19:562 205736 206364 1
06-07-2017-16:25:19:596 206364 206992 1
06-07-2017-16:25:19:644 206992 207620 1
06-07-2017-16:25:19:678 207620 208248 1
06-07-2017-16:25:19:726 208248 208876 1
06-07-2017-16:25:19:759 208876 209504 1
06-07-2017-16:25:19:794 209504 210132 1
06-07-2017-16:25:19:841 210132 210760 1
06-07-2017-16:25:19:876 210760 211388 1
06-07-2017-16:25:19:912 211388 212016 1
06-07-2017-16:25:19:957 212016 212644 1
06-07-2017-16:25:19:992 212644 213272 1
06-07-2017-16:25:20:028 213272 213900 1
06-07-2017-16:25:20:074 213900 214528 1
06-07-2017-16:25:20:109 214528 215156 1
06-07-2017-16:25:20:156 215156 215784 1
06-07-2017-16:25:20:195 215784 216412 1
06-07-2017-16:25:20:225 216412 217040 1
06-07-2017-16:25:20:272 217040 217668 1
06-07-2017-16:25:20:306 217668 218296 1
06-07-2017-16:25:20:353 218296 218924 1
06-07-2017-16:25:20:389 218924 219552 1
06-07-2017-16:25:20:424 219552 220180 1
06-07-2017-16:25:20:469 220180 220808 1
06-07-2017-16:25:20:504 220808 221436 1
06-07-2017-16:25:20:540 221436 222064 1
06-07-2017-16:25:20:587 222064 222692 1
06-07-2017-16:25:20:620 222692 223320 1
06-07-2017-16:25:20:656 223320 223948 1
06-07-2017-16:25:20:703 223948 224576 1
06-07-2017-16:25:20:738 224576 225204 1
06-07-2017-16:25:20:784 225204 225832 1
06-07-2017-16:25:20:819 225832 226460 1
06-07-2017-16:25:20:855 226460 227088 1
06-07-2017-16:25:20:902 227088 227716 1
06-07-2017-16:25:20:936 227716 228344 1
06-07-2017-16:25:20:972 228344 228972 1
06-07-2017-16:25:21:018 228972 229600 1
06-07-2017-16:25:21:053 229600 230228 1
06-07-2017-16:25:21:088 230228 230856 1
06-07-2017-16:25:21:134 230856 231484 1
06-07-2017-16:25:21:169 231484 232112 1
06-07-2017-16:25:21:217 232112 232740 1
06-07-2017-16:25:21:256 232740 233368 1
06-07-2017-16:25:21:289 233368 233996 1
06-07-2017-16:25:21:324 233996 234624 1
06-07-2017-16:25:21:371 234624 235252 1
06-07-2017-16:25:21:406 235252 235880 1
06-07-2017-16:25:21:442 235880 236508 1
06-07-2017-16:25:21:488 236508 237136 1
06-07-2017-16:25:21:523 237136 237764 1
06-07-2017-16:25:21:569 237764 238392 1
06-07-2017-16:25:21:609 238392 239020 1
06-07-2017-16:25:21:645 239020 239648 1
06-07-2017-16:25:21:680 239648 240276 1
06-07-2017-16:25:21:725 240276 240904 1
06-07-2017-16:25:21:761 240904 241532 1
06-07-2017-16:25:21:797 241532 242160 1
06-07-2017-16:25:21:843 242160 242788 1
06-07-2017-16:25:21:876 242788 243416 1
06-07-2017-16:25:21:912 243416 244044 1
06-07-2017-16:25:21:960 244044 244672 1
06-07-2017-16:25:21:994 244672 245300 1
06-07-2017-16:25:22:040 245300 245928 1
06-07-2017-16:25:22:075 245928 246556 1
06-07-2017-16:25:22:110 246556 247184 1
06-07-2017-16:25:22:156 247184 247812 1
06-07-2017-16:25:22:192 247812 248440 1
06-07-2017-16:25:22:227 248440 249068 1
06-07-2017-16:25:22:273 249068 249696 1
06-07-2017-16:25:22:308 249696 250324 1
06-07-2017-16:25:22:343 250324 250952 1
06-07-2017-16:25:22:391 250952 251580 1
06-07-2017-16:25:22:431 251580 252208 1
06-07-2017-16:25:22:472 252208 252836 1
06-07-2017-16:25:22:511 252836 253464 1
06-07-2017-16:25:22:545 253464 254092 1
06-07-2017-16:25:22:637 254092 254720 1
06-07-2017-16:25:22:637 254720 255348 1
06-07-2017-16:25:22:668 255348 255976 1
06-07-2017-16:25:22:698 255976 256604 1
06-07-2017-16:25:22:737 256604 257232 1
06-07-2017-16:25:22:785 257232 257860 1
06-07-2017-16:25:22:818 257860 258488 1
06-07-2017-16:25:22:854 258488 259116 1
06-07-2017-16:25:22:902 259116 259744 1
06-07-2017-16:25:22:935 259744 260372 1
06-07-2017-16:25:22:984 260372 261000 1
06-07-2017-16:25:23:017 261000 261628 1
06-07-2017-16:25:23:052 261628 262256 1
06-07-2017-16:25:23:100 262256 262884 1
06-07-2017-16:25:23:133 262884 263512 1
06-07-2017-16:25:23:168 263512 264140 1
06-07-2017-16:25:23:215 264140 264768 1
06-07-2017-16:25:23:254 264768 265396 1
06-07-2017-16:25:23:286 265396 266024 1
06-07-2017-16:25:23:333 266024 266652 1
06-07-2017-16:25:23:366 266652 267280 1
06-07-2017-16:25:23:410 267280 267908 1
06-07-2017-16:25:23:448 267908 268536 1
06-07-2017-16:25:23:490 268536 269164 1
06-07-2017-16:25:23:523 269164 269792 1
06-07-2017-16:25:23:571 269792 270420 1
06-07-2017-16:25:23:606 270420 271048 1
06-07-2017-16:25:23:649 271048 271676 1
06-07-2017-16:25:23:684 271676 272304 1
06-07-2017-16:25:23:718 272304 272932 1
06-07-2017-16:25:23:766 272932 273560 1
06-07-2017-16:25:23:801 273560 274188 1
06-07-2017-16:25:23:836 274188 274816 1
06-07-2017-16:25:23:883 274816 275444 1
06-07-2017-16:25:23:916 275444 276072 1
06-07-2017-16:25:23:964 276072 276700 1
06-07-2017-16:25:23:999 276700 277328 1
06-07-2017-16:25:24:034 277328 277956 1
06-07-2017-16:25:24:080 277956 278584 1
06-07-2017-16:25:24:116 278584 279212 1
06-07-2017-16:25:24:149 279212 279840 1
06-07-2017-16:25:24:198 279840 280468 1
06-07-2017-16:25:24:233 280468 281096 1
06-07-2017-16:25:24:266 281096 281724 1
06-07-2017-16:25:24:317 281724 282352 1
06-07-2017-16:25:24:353 282352 282980 1
06-07-2017-16:25:24:387 282980 283608 1
06-07-2017-16:25:24:435 283608 284236 1
06-07-2017-16:25:24:469 284236 284864 1
06-07-2017-16:25:24:504 284864 285492 1
06-07-2017-16:25:24:551 285492 286120 1
06-07-2017-16:25:24:586 286120 286748 1
06-07-2017-16:25:24:620 286748 287376 1
06-07-2017-16:25:24:666 287376 288004 1
06-07-2017-16:25:24:703 288004 288632 1
06-07-2017-16:25:24:749 288632 289260 1
06-07-2017-16:25:24:785 289260 289888 1
06-07-2017-16:25:24:818 289888 290516 1
06-07-2017-16:25:24:866 290516 291144 1
06-07-2017-16:25:24:899 291144 291772 1
06-07-2017-16:25:24:934 291772 292400 1
06-07-2017-16:25:24:982 292400 293028 1
06-07-2017-16:25:25:017 293028 293656 1
06-07-2017-16:25:25:052 293656 294284 1
06-07-2017-16:25:25:104 294284 294912 1
06-07-2017-16:25:25:134 294912 295540 1
06-07-2017-16:25:25:172 295540 296168 1
06-07-2017-16:25:25:220 296168 296796 1
06-07-2017-16:25:25:253 296796 297424 1
06-07-2017-16:25:25:289 297424 298052 1
06-07-2017-16:25:25:335 298052 298680 1
06-07-2017-16:25:25:370 298680 299308 1
06-07-2017-16:25:25:406 299308 299936 1
06-07-2017-16:25:25:452 299936 300564 1
06-07-2017-16:25:25:489 300564 301192 1
06-07-2017-16:25:25:534 301192 301820 1
06-07-2017-16:25:25:575 301820 302448 1
06-07-2017-16:25:25:604 302448 303076 1
06-07-2017-16:25:25:649 303076 303704 1
06-07-2017-16:25:25:685 303704 304332 1
06-07-2017-16:25:25:912 304332 304960 1
06-07-2017-16:25:25:913 304960 305588 1
06-07-2017-16:25:25:913 305588 306216 1
06-07-2017-16:25:25:913 306216 306844 1
06-07-2017-16:25:25:913 306844 307472 1
06-07-2017-16:25:25:919 307472 308100 1
06-07-2017-16:25:25:975 308100 308728 1
06-07-2017-16:25:26:001 308728 309356 1
06-07-2017-16:25:26:035 309356 309984 1
06-07-2017-16:25:26:081 309984 310612 1
06-07-2017-16:25:26:119 310612 311240 1
06-07-2017-16:25:26:152 311240 311868 1
06-07-2017-16:25:26:199 311868 312496 1
06-07-2017-16:25:26:233 312496 313124 1
06-07-2017-16:25:26:271 313124 313752 1
06-07-2017-16:25:26:309 313752 314380 1
06-07-2017-16:25:26:355 314380 315008 1
06-07-2017-16:25:26:391 315008 315636 1
06-07-2017-16:25:26:436 315636 316264 1
06-07-2017-16:25:26:472 316264 316892 1
06-07-2017-16:25:26:506 316892 317520 1
06-07-2017-16:25:26:552 317520 318148 1
06-07-2017-16:25:26:587 318148 318776 1
06-07-2017-16:25:26:622 318776 319404 1
06-07-2017-16:25:26:670 319404 320032 1
06-07-2017-16:25:26:705 320032 320660 1
06-07-2017-16:25:26:741 320660 321288 1
06-07-2017-16:25:26:786 321288 321916 1
06-07-2017-16:25:26:821 321916 322544 1
06-07-2017-16:25:26:867 322544 323172 1
06-07-2017-16:25:26:903 323172 323800 1
06-07-2017-16:25:26:938 323800 324428 1
06-07-2017-16:25:26:976 324428 325056 1
06-07-2017-16:25:27:022 325056 325684 1
06-07-2017-16:25:27:055 325684 326312 1
06-07-2017-16:25:27:101 326312 326940 1
06-07-2017-16:25:27:139 326940 327568 1
06-07-2017-16:25:27:171 327568 328196 1
06-07-2017-16:25:27:218 328196 328824 1
06-07-2017-16:25:27:253 328824 329452 1
06-07-2017-16:25:27:301 329452 330080 1
06-07-2017-16:25:27:336 330080 330708 1
