06-07-2017-14:31:32:777 0 694 1
06-07-2017-14:31:32:793 694 1388 1
06-07-2017-14:31:32:845 1388 2067 1
06-07-2017-14:31:32:884 2067 2746 1
06-07-2017-14:31:32:920 2746 3425 1
06-07-2017-14:31:32:966 3425 4104 1
06-07-2017-14:31:33:013 4104 4783 1
06-07-2017-14:31:33:053 4783 5462 1
06-07-2017-14:31:33:088 5462 6141 1
06-07-2017-14:31:33:140 6141 6820 1
06-07-2017-14:31:33:175 6820 7499 1
06-07-2017-14:31:33:226 7499 8178 1
06-07-2017-14:31:33:268 8178 8857 1
06-07-2017-14:31:33:303 8857 9536 1
06-07-2017-14:31:33:345 9536 10215 1
06-07-2017-14:31:33:392 10215 10894 1
06-07-2017-14:31:33:437 10894 11573 1
06-07-2017-14:31:33:473 11573 12252 1
06-07-2017-14:31:33:516 12252 12931 1
06-07-2017-14:31:33:564 12931 13610 1
06-07-2017-14:31:33:597 13610 14289 1
06-07-2017-14:31:33:644 14289 14968 1
06-07-2017-14:31:33:691 14968 15647 1
06-07-2017-14:31:33:727 15647 16326 1
06-07-2017-14:31:33:768 16326 17005 1
06-07-2017-14:31:33:819 17005 17684 1
06-07-2017-14:31:33:854 17684 18363 1
06-07-2017-14:31:33:900 18363 19042 1
06-07-2017-14:31:33:946 19042 19721 1
06-07-2017-14:31:33:990 19721 20400 1
06-07-2017-14:31:34:031 20400 21079 1
06-07-2017-14:31:34:066 21079 21758 1
06-07-2017-14:31:34:112 21758 22437 1
06-07-2017-14:31:34:159 22437 23116 1
06-07-2017-14:31:34:195 23116 23795 1
06-07-2017-14:31:34:241 23795 24474 1
06-07-2017-14:31:34:292 24474 25152 1
06-07-2017-14:31:34:328 25152 25830 1
06-07-2017-14:31:34:364 25830 26508 1
06-07-2017-14:31:34:414 26508 27186 1
06-07-2017-14:31:34:455 27186 27864 1
06-07-2017-14:31:34:490 27864 28542 1
06-07-2017-14:31:34:537 28542 29220 1
06-07-2017-14:31:34:578 29220 29898 1
06-07-2017-14:31:34:624 29898 30576 1
06-07-2017-14:31:34:662 30576 31254 1
06-07-2017-14:31:34:700 31254 31932 1
06-07-2017-14:31:34:746 31932 32610 1
06-07-2017-14:31:34:792 32610 33288 1
06-07-2017-14:31:34:828 33288 33966 1
06-07-2017-14:31:34:875 33966 34644 1
06-07-2017-14:31:34:927 34644 35322 1
06-07-2017-14:31:34:962 35322 36000 1
06-07-2017-14:31:34:997 36000 36678 1
06-07-2017-14:31:35:049 36678 37356 1
06-07-2017-14:31:35:084 37356 38034 1
06-07-2017-14:31:35:131 38034 38712 1
06-07-2017-14:31:35:170 38712 39390 1
06-07-2017-14:31:35:215 39390 40068 1
06-07-2017-14:31:35:253 40068 40746 1
06-07-2017-14:31:35:296 40746 41424 1
06-07-2017-14:31:35:348 41424 42102 1
06-07-2017-14:31:35:383 42102 42780 1
06-07-2017-14:31:35:431 42780 43458 1
06-07-2017-14:31:35:465 43458 44136 1
06-07-2017-14:31:35:512 44136 44814 1
06-07-2017-14:31:35:558 44814 45492 1
06-07-2017-14:31:35:597 45492 46170 1
06-07-2017-14:31:35:638 46170 46848 1
06-07-2017-14:31:35:684 46848 47526 1
06-07-2017-14:31:35:720 47526 48204 1
06-07-2017-14:31:35:766 48204 48882 1
06-07-2017-14:31:35:811 48882 49560 1
06-07-2017-14:31:36:059 49560 50238 1
06-07-2017-14:31:36:060 50238 50916 1
06-07-2017-14:31:36:060 50916 51594 1
06-07-2017-14:31:36:061 51594 52272 1
06-07-2017-14:31:36:061 52272 52950 1
06-07-2017-14:31:36:061 52950 53628 1
06-07-2017-14:31:36:107 53628 54306 1
06-07-2017-14:31:36:149 54306 54984 1
06-07-2017-14:31:36:194 54984 55662 1
06-07-2017-14:31:36:233 55662 56340 1
06-07-2017-14:31:36:275 56340 57018 1
06-07-2017-14:31:36:314 57018 57696 1
06-07-2017-14:31:36:358 57696 58374 1
06-07-2017-14:31:36:398 58374 59052 1
06-07-2017-14:31:36:444 59052 59730 1
06-07-2017-14:31:36:492 59730 60408 1
06-07-2017-14:31:36:525 60408 61086 1
06-07-2017-14:31:36:571 61086 61764 1
06-07-2017-14:31:36:611 61764 62442 1
06-07-2017-14:31:36:652 62442 63120 1
06-07-2017-14:31:36:696 63120 63798 1
06-07-2017-14:31:36:744 63798 64476 1
06-07-2017-14:31:36:783 64476 65154 1
06-07-2017-14:31:36:828 65154 65832 1
06-07-2017-14:31:36:864 65832 66510 1
06-07-2017-14:31:36:911 66510 67188 1
06-07-2017-14:31:36:950 67188 67866 1
06-07-2017-14:31:36:998 67866 68544 1
06-07-2017-14:31:37:031 68544 69222 1
06-07-2017-14:31:37:078 69222 69900 1
06-07-2017-14:31:37:126 69900 70578 1
06-07-2017-14:31:37:161 70578 71256 1
06-07-2017-14:31:37:206 71256 71934 1
06-07-2017-14:31:37:258 71934 72612 1
06-07-2017-14:31:37:294 72612 73290 1
06-07-2017-14:31:37:328 73290 73968 1
06-07-2017-14:31:37:374 73968 74646 1
06-07-2017-14:31:37:421 74646 75324 1
06-07-2017-14:31:37:456 75324 76002 1
06-07-2017-14:31:37:501 76002 76680 1
06-07-2017-14:31:37:542 76680 77358 1
06-07-2017-14:31:37:582 77358 78036 1
06-07-2017-14:31:37:628 78036 78714 1
06-07-2017-14:31:37:675 78714 79392 1
06-07-2017-14:31:37:711 79392 80070 1
06-07-2017-14:31:37:758 80070 80748 1
06-07-2017-14:31:37:803 80748 81426 1
06-07-2017-14:31:37:838 81426 82104 1
06-07-2017-14:31:37:888 82104 82782 1
06-07-2017-14:31:37:923 82782 83460 1
06-07-2017-14:31:37:970 83460 84138 1
06-07-2017-14:31:38:006 84138 84816 1
06-07-2017-14:31:38:050 84816 85494 1
06-07-2017-14:31:38:099 85494 86172 1
06-07-2017-14:31:38:133 86172 86850 1
06-07-2017-14:31:38:185 86850 87528 1
06-07-2017-14:31:38:220 87528 88206 1
06-07-2017-14:31:38:270 88206 88884 1
06-07-2017-14:31:38:305 88884 89562 1
06-07-2017-14:31:38:353 89562 90240 1
06-07-2017-14:31:38:388 90240 90918 1
06-07-2017-14:31:38:434 90918 91596 1
06-07-2017-14:31:38:481 91596 92274 1
06-07-2017-14:31:38:516 92274 92952 1
06-07-2017-14:31:38:565 92952 93630 1
06-07-2017-14:31:38:600 93630 94308 1
06-07-2017-14:31:38:648 94308 94986 1
06-07-2017-14:31:38:693 94986 95664 1
06-07-2017-14:31:38:729 95664 96342 1
06-07-2017-14:31:38:776 96342 97020 1
06-07-2017-14:31:38:811 97020 97698 1
06-07-2017-14:31:38:857 97698 98376 1
06-07-2017-14:31:38:897 98376 99054 1
06-07-2017-14:31:38:946 99054 99732 1
06-07-2017-14:31:39:163 99732 100410 1
06-07-2017-14:31:39:165 100410 101088 1
06-07-2017-14:31:39:165 101088 101766 1
06-07-2017-14:31:39:166 101766 102444 1
06-07-2017-14:31:39:166 102444 103122 1
06-07-2017-14:31:39:198 103122 103800 1
06-07-2017-14:31:39:239 103800 104478 1
06-07-2017-14:31:39:286 104478 105156 1
06-07-2017-14:31:39:321 105156 105834 1
06-07-2017-14:31:39:367 105834 106512 1
06-07-2017-14:31:39:414 106512 107190 1
06-07-2017-14:31:39:450 107190 107868 1
06-07-2017-14:31:39:495 107868 108546 1
06-07-2017-14:31:39:530 108546 109224 1
06-07-2017-14:31:39:582 109224 109902 1
06-07-2017-14:31:39:617 109902 110580 1
06-07-2017-14:31:39:664 110580 111258 1
06-07-2017-14:31:39:710 111258 111936 1
06-07-2017-14:31:39:747 111936 112614 1
06-07-2017-14:31:39:795 112614 113292 1
06-07-2017-14:31:39:829 113292 113970 1
06-07-2017-14:31:39:876 113970 114648 1
06-07-2017-14:31:39:912 114648 115326 1
06-07-2017-14:31:39:963 115326 116004 1
06-07-2017-14:31:39:998 116004 116682 1
06-07-2017-14:31:40:044 116682 117360 1
06-07-2017-14:31:40:090 117360 118038 1
06-07-2017-14:31:40:125 118038 118716 1
06-07-2017-14:31:40:172 118716 119394 1
06-07-2017-14:31:40:218 119394 120072 1
06-07-2017-14:31:40:258 120072 120750 1
06-07-2017-14:31:40:294 120750 121428 1
06-07-2017-14:31:40:340 121428 122106 1
06-07-2017-14:31:40:388 122106 122784 1
06-07-2017-14:31:40:421 122784 123462 1
06-07-2017-14:31:40:468 123462 124140 1
06-07-2017-14:31:40:514 124140 124818 1
06-07-2017-14:31:40:550 124818 125496 1
06-07-2017-14:31:40:600 125496 126174 1
06-07-2017-14:31:40:636 126174 126852 1
06-07-2017-14:31:40:682 126852 127530 1
06-07-2017-14:31:40:717 127530 128208 1
06-07-2017-14:31:40:763 128208 128886 1
06-07-2017-14:31:40:811 128886 129564 1
06-07-2017-14:31:40:845 129564 130242 1
06-07-2017-14:31:40:892 130242 130920 1
06-07-2017-14:31:40:936 130920 131598 1
06-07-2017-14:31:40:972 131598 132276 1
06-07-2017-14:31:41:018 132276 132954 1
06-07-2017-14:31:41:066 132954 133632 1
06-07-2017-14:31:41:099 133632 134310 1
06-07-2017-14:31:41:147 134310 134988 1
06-07-2017-14:31:41:197 134988 135666 1
06-07-2017-14:31:41:232 135666 136344 1
06-07-2017-14:31:41:272 136344 137022 1
06-07-2017-14:31:41:319 137022 137700 1
06-07-2017-14:31:41:352 137700 138378 1
06-07-2017-14:31:41:400 138378 139056 1
06-07-2017-14:31:41:445 139056 139734 1
06-07-2017-14:31:41:481 139734 140412 1
06-07-2017-14:31:41:533 140412 141090 1
06-07-2017-14:31:41:568 141090 141768 1
06-07-2017-14:31:41:616 141768 142446 1
06-07-2017-14:31:41:651 142446 143124 1
06-07-2017-14:31:41:697 143124 143802 1
06-07-2017-14:31:41:744 143802 144480 1
06-07-2017-14:31:41:777 144480 145158 1
06-07-2017-14:31:41:825 145158 145836 1
06-07-2017-14:31:41:869 145836 146514 1
06-07-2017-14:31:41:904 146514 147192 1
06-07-2017-14:31:41:952 147192 147870 1
06-07-2017-14:31:41:997 147870 148548 1
06-07-2017-14:31:42:032 148548 149226 1
06-07-2017-14:31:42:078 149226 149904 1
06-07-2017-14:31:42:329 149904 150582 1
06-07-2017-14:31:42:330 150582 151260 1
06-07-2017-14:31:42:330 151260 151938 1
06-07-2017-14:31:42:330 151938 152616 1
06-07-2017-14:31:42:331 152616 153294 1
06-07-2017-14:31:42:331 153294 153972 1
06-07-2017-14:31:42:374 153972 154650 1
06-07-2017-14:31:42:421 154650 155328 1
06-07-2017-14:31:42:456 155328 156006 1
06-07-2017-14:31:42:507 156006 156684 1
06-07-2017-14:31:42:542 156684 157362 1
06-07-2017-14:31:42:590 157362 158040 1
06-07-2017-14:31:42:625 158040 158718 1
06-07-2017-14:31:42:671 158718 159396 1
06-07-2017-14:31:42:716 159396 160074 1
06-07-2017-14:31:42:751 160074 160752 1
06-07-2017-14:31:42:805 160752 161392 1
06-07-2017-14:31:42:836 161392 162032 1
06-07-2017-14:31:42:882 162032 162672 1
06-07-2017-14:31:42:916 162672 163312 1
06-07-2017-14:31:42:952 163312 163952 1
06-07-2017-14:31:42:998 163952 164592 1
06-07-2017-14:31:43:034 164592 165232 1
06-07-2017-14:31:43:080 165232 165872 1
06-07-2017-14:31:43:118 165872 166512 1
06-07-2017-14:31:43:154 166512 167152 1
06-07-2017-14:31:43:200 167152 167792 1
06-07-2017-14:31:43:236 167792 168432 1
06-07-2017-14:31:43:271 168432 169072 1
06-07-2017-14:31:43:318 169072 169712 1
06-07-2017-14:31:43:352 169712 170352 1
06-07-2017-14:31:43:399 170352 170992 1
06-07-2017-14:31:43:438 170992 171632 1
06-07-2017-14:31:43:474 171632 172272 1
06-07-2017-14:31:43:520 172272 172912 1
06-07-2017-14:31:43:554 172912 173552 1
06-07-2017-14:31:43:603 173552 174192 1
06-07-2017-14:31:43:636 174192 174832 1
06-07-2017-14:31:43:724 174832 175472 1
06-07-2017-14:31:43:725 175472 176112 1
06-07-2017-14:31:43:759 176112 176752 1
06-07-2017-14:31:43:792 176752 177392 1
06-07-2017-14:31:43:840 177392 178032 1
06-07-2017-14:31:43:873 178032 178672 1
06-07-2017-14:31:43:921 178672 179312 1
06-07-2017-14:31:43:955 179312 179952 1
06-07-2017-14:31:43:992 179952 180592 1
06-07-2017-14:31:44:043 180592 181232 1
06-07-2017-14:31:44:076 181232 181872 1
06-07-2017-14:31:44:111 181872 182512 1
06-07-2017-14:31:44:157 182512 183152 1
06-07-2017-14:31:44:193 183152 183792 1
06-07-2017-14:31:44:240 183792 184432 1
06-07-2017-14:31:44:279 184432 185072 1
06-07-2017-14:31:44:315 185072 185712 1
06-07-2017-14:31:44:356 185712 186352 1
06-07-2017-14:31:44:395 186352 186992 1
06-07-2017-14:31:44:441 186992 187632 1
06-07-2017-14:31:44:474 187632 188272 1
06-07-2017-14:31:44:522 188272 188912 1
06-07-2017-14:31:44:556 188912 189552 1
06-07-2017-14:31:44:592 189552 190192 1
06-07-2017-14:31:44:637 190192 190832 1
06-07-2017-14:31:44:678 190832 191472 1
06-07-2017-14:31:44:713 191472 192112 1
06-07-2017-14:31:44:759 192112 192752 1
06-07-2017-14:31:44:794 192752 193392 1
06-07-2017-14:31:44:840 193392 194032 1
06-07-2017-14:31:44:876 194032 194672 1
06-07-2017-14:31:44:910 194672 195312 1
06-07-2017-14:31:44:957 195312 195952 1
06-07-2017-14:31:44:997 195952 196592 1
06-07-2017-14:31:45:032 196592 197232 1
06-07-2017-14:31:45:077 197232 197872 1
06-07-2017-14:31:45:113 197872 198512 1
06-07-2017-14:31:45:160 198512 199152 1
06-07-2017-14:31:45:194 199152 199792 1
06-07-2017-14:31:45:241 199792 200432 1
06-07-2017-14:31:45:276 200432 201072 1
06-07-2017-14:31:45:321 201072 201712 1
06-07-2017-14:31:45:354 201712 202352 1
06-07-2017-14:31:45:402 202352 202992 1
06-07-2017-14:31:45:437 202992 203632 1
06-07-2017-14:31:45:472 203632 204272 1
06-07-2017-14:31:45:518 204272 204912 1
06-07-2017-14:31:45:553 204912 205552 1
06-07-2017-14:31:45:600 205552 206192 1
06-07-2017-14:31:45:639 206192 206832 1
06-07-2017-14:31:45:674 206832 207472 1
06-07-2017-14:31:45:722 207472 208112 1
06-07-2017-14:31:45:755 208112 208752 1
06-07-2017-14:31:45:790 208752 209392 1
06-07-2017-14:31:45:838 209392 210032 1
06-07-2017-14:31:45:872 210032 210672 1
06-07-2017-14:31:45:920 210672 211312 1
06-07-2017-14:31:45:958 211312 211952 1
06-07-2017-14:31:45:997 211952 212592 1
06-07-2017-14:31:46:033 212592 213232 1
06-07-2017-14:31:46:080 213232 213872 1
06-07-2017-14:31:46:115 213872 214512 1
06-07-2017-14:31:46:160 214512 215152 1
06-07-2017-14:31:46:196 215152 215792 1
06-07-2017-14:31:46:264 215792 216432 1
06-07-2017-14:31:46:272 216432 217072 1
06-07-2017-14:31:46:318 217072 217712 1
06-07-2017-14:31:46:353 217712 218352 1
06-07-2017-14:31:46:399 218352 218992 1
06-07-2017-14:31:46:434 218992 219632 1
06-07-2017-14:31:46:480 219632 220272 1
06-07-2017-14:31:46:516 220272 220912 1
06-07-2017-14:31:46:555 220912 221552 1
06-07-2017-14:31:46:601 221552 222192 1
06-07-2017-14:31:46:637 222192 222832 1
06-07-2017-14:31:46:672 222832 223472 1
06-07-2017-14:31:46:719 223472 224112 1
06-07-2017-14:31:46:754 224112 224752 1
06-07-2017-14:31:46:799 224752 225392 1
06-07-2017-14:31:46:835 225392 226032 1
06-07-2017-14:31:46:874 226032 226672 1
06-07-2017-14:31:46:920 226672 227312 1
06-07-2017-14:31:46:956 227312 227952 1
06-07-2017-14:31:46:991 227952 228592 1
06-07-2017-14:31:47:038 228592 229232 1
06-07-2017-14:31:47:072 229232 229872 1
06-07-2017-14:31:47:118 229872 230512 1
06-07-2017-14:31:47:153 230512 231152 1
06-07-2017-14:31:47:193 231152 231792 1
06-07-2017-14:31:47:241 231792 232432 1
06-07-2017-14:31:47:280 232432 233072 1
06-07-2017-14:31:47:314 233072 233712 1
06-07-2017-14:31:47:360 233712 234352 1
06-07-2017-14:31:47:395 234352 234992 1
06-07-2017-14:31:47:432 234992 235632 1
06-07-2017-14:31:47:478 235632 236272 1
06-07-2017-14:31:47:518 236272 236912 1
06-07-2017-14:31:47:553 236912 237552 1
06-07-2017-14:31:47:599 237552 238192 1
06-07-2017-14:31:47:635 238192 238832 1
06-07-2017-14:31:47:681 238832 239472 1
06-07-2017-14:31:47:715 239472 240112 1
06-07-2017-14:31:47:751 240112 240752 1
06-07-2017-14:31:47:796 240752 241392 1
06-07-2017-14:31:47:837 241392 242032 1
06-07-2017-14:31:47:872 242032 242672 1
06-07-2017-14:31:47:918 242672 243312 1
06-07-2017-14:31:47:953 243312 243952 1
06-07-2017-14:31:48:000 243952 244592 1
06-07-2017-14:31:48:035 244592 245232 1
06-07-2017-14:31:48:081 245232 245872 1
06-07-2017-14:31:48:116 245872 246512 1
06-07-2017-14:31:48:204 246512 247152 1
06-07-2017-14:31:48:205 247152 247792 1
06-07-2017-14:31:48:233 247792 248432 1
06-07-2017-14:31:48:276 248432 249072 1
06-07-2017-14:31:48:313 249072 249712 1
06-07-2017-14:31:48:360 249712 250352 1
06-07-2017-14:31:48:393 250352 250992 1
06-07-2017-14:31:48:444 250992 251632 1
06-07-2017-14:31:48:479 251632 252272 1
06-07-2017-14:31:48:515 252272 252912 1
06-07-2017-14:31:48:560 252912 253552 1
06-07-2017-14:31:48:596 253552 254192 1
06-07-2017-14:31:48:631 254192 254832 1
06-07-2017-14:31:48:677 254832 255472 1
06-07-2017-14:31:48:712 255472 256112 1
06-07-2017-14:31:48:753 256112 256752 1
06-07-2017-14:31:48:798 256752 257392 1
06-07-2017-14:31:48:833 257392 258032 1
06-07-2017-14:31:48:878 258032 258672 1
06-07-2017-14:31:48:913 258672 259312 1
06-07-2017-14:31:48:960 259312 259952 1
06-07-2017-14:31:48:994 259952 260592 1
06-07-2017-14:31:49:041 260592 261232 1
06-07-2017-14:31:49:075 261232 261872 1
06-07-2017-14:31:49:115 261872 262512 1
06-07-2017-14:31:49:152 262512 263152 1
06-07-2017-14:31:49:197 263152 263792 1
06-07-2017-14:31:49:232 263792 264432 1
06-07-2017-14:31:49:279 264432 265072 1
06-07-2017-14:31:49:313 265072 265712 1
06-07-2017-14:31:49:361 265712 266352 1
06-07-2017-14:31:49:395 266352 266992 1
06-07-2017-14:31:49:439 266992 267632 1
06-07-2017-14:31:49:475 267632 268272 1
06-07-2017-14:31:49:522 268272 268912 1
06-07-2017-14:31:49:557 268912 269552 1
06-07-2017-14:31:49:591 269552 270192 1
06-07-2017-14:31:49:638 270192 270832 1
06-07-2017-14:31:49:673 270832 271472 1
06-07-2017-14:31:49:712 271472 272112 1
06-07-2017-14:31:49:759 272112 272752 1
06-07-2017-14:31:49:794 272752 273392 1
06-07-2017-14:31:49:842 273392 274032 1
06-07-2017-14:31:49:875 274032 274672 1
06-07-2017-14:31:49:912 274672 275312 1
06-07-2017-14:31:49:956 275312 275952 1
06-07-2017-14:31:49:996 275952 276592 1
06-07-2017-14:31:50:037 276592 277232 1
06-07-2017-14:31:50:074 277232 277872 1
06-07-2017-14:31:50:118 277872 278512 1
06-07-2017-14:31:50:153 278512 279152 1
06-07-2017-14:31:50:200 279152 279792 1
06-07-2017-14:31:50:235 279792 280432 1
06-07-2017-14:31:50:275 280432 281072 1
06-07-2017-14:31:50:321 281072 281712 1
06-07-2017-14:31:50:357 281712 282352 1
06-07-2017-14:31:50:394 282352 282992 1
06-07-2017-14:31:50:431 282992 283632 1
06-07-2017-14:31:50:477 283632 284272 1
06-07-2017-14:31:50:513 284272 284912 1
06-07-2017-14:31:50:558 284912 285552 1
06-07-2017-14:31:50:595 285552 286192 1
06-07-2017-14:31:50:702 286192 286832 1
06-07-2017-14:31:50:703 286832 287472 1
06-07-2017-14:31:50:710 287472 288112 1
06-07-2017-14:31:50:762 288112 288739 1
06-07-2017-14:31:50:797 288739 289366 1
06-07-2017-14:31:50:833 289366 289993 1
06-07-2017-14:31:50:877 289993 290620 1
06-07-2017-14:31:50:913 290620 291247 1
06-07-2017-14:31:50:948 291247 291874 1
06-07-2017-14:31:50:995 291874 292501 1
06-07-2017-14:31:51:036 292501 293128 1
06-07-2017-14:31:51:076 293128 293755 1
06-07-2017-14:31:51:110 293755 294382 1
06-07-2017-14:31:51:145 294382 295009 1
06-07-2017-14:31:51:191 295009 295636 1
06-07-2017-14:31:51:226 295636 296263 1
06-07-2017-14:31:51:261 296263 296890 1
06-07-2017-14:31:51:307 296890 297517 1
06-07-2017-14:31:51:342 297517 298144 1
06-07-2017-14:31:51:381 298144 298771 1
06-07-2017-14:31:51:427 298771 299398 1
06-07-2017-14:31:51:463 299398 300025 1
06-07-2017-14:31:51:496 300025 300652 1
06-07-2017-14:31:51:544 300652 301279 1
06-07-2017-14:31:51:580 301279 301906 1
06-07-2017-14:31:51:613 301906 302533 1
06-07-2017-14:31:51:661 302533 303160 1
06-07-2017-14:31:51:692 303160 303787 1
06-07-2017-14:31:51:740 303787 304414 1
06-07-2017-14:31:51:774 304414 305041 1
06-07-2017-14:31:51:809 305041 305668 1
06-07-2017-14:31:51:853 305668 306295 1
06-07-2017-14:31:51:886 306295 306922 1
06-07-2017-14:31:51:934 306922 307549 1
06-07-2017-14:31:51:968 307549 308176 1
06-07-2017-14:31:52:004 308176 308803 1
06-07-2017-14:31:52:050 308803 309430 1
06-07-2017-14:31:52:086 309430 310057 1
06-07-2017-14:31:52:131 310057 310684 1
06-07-2017-14:31:52:165 310684 311311 1
06-07-2017-14:31:52:200 311311 311938 1
06-07-2017-14:31:52:246 311938 312565 1
06-07-2017-14:31:52:281 312565 313192 1
06-07-2017-14:31:52:328 313192 313819 1
06-07-2017-14:31:52:367 313819 314446 1
06-07-2017-14:31:52:402 314446 315073 1
06-07-2017-14:31:52:435 315073 315700 1
06-07-2017-14:31:52:483 315700 316327 1
06-07-2017-14:31:52:518 316327 316954 1
06-07-2017-14:31:52:552 316954 317581 1
06-07-2017-14:31:52:594 317581 318208 1
06-07-2017-14:31:52:641 318208 318835 1
06-07-2017-14:31:52:674 318835 319462 1
06-07-2017-14:31:52:771 319462 320089 1
06-07-2017-14:31:52:773 320089 320716 1
06-07-2017-14:31:52:791 320716 321343 1
06-07-2017-14:31:52:843 321343 321970 1
06-07-2017-14:31:52:878 321970 322597 1
06-07-2017-14:31:52:912 322597 323224 1
06-07-2017-14:31:52:947 323224 323851 1
06-07-2017-14:31:52:995 323851 324478 1
06-07-2017-14:31:53:028 324478 325105 1
06-07-2017-14:31:53:063 325105 325732 1
06-07-2017-14:31:53:104 325732 326359 1
06-07-2017-14:31:53:152 326359 326986 1
06-07-2017-14:31:53:185 326986 327613 1
06-07-2017-14:31:53:220 327613 328240 1
06-07-2017-14:31:53:266 328240 328867 1
06-07-2017-14:31:53:301 328867 329494 1
06-07-2017-14:31:53:337 329494 330121 1
06-07-2017-14:31:53:383 330121 330748 1
06-07-2017-14:31:53:418 330748 331375 1
06-07-2017-14:31:53:453 331375 332002 1
06-07-2017-14:31:53:493 332002 332629 1
06-07-2017-14:31:53:540 332629 333256 1
06-07-2017-14:31:53:576 333256 333883 1
06-07-2017-14:31:53:621 333883 334510 1
06-07-2017-14:31:53:655 334510 335137 1
06-07-2017-14:31:53:690 335137 335764 1
06-07-2017-14:31:53:736 335764 336391 1
06-07-2017-14:31:53:772 336391 337018 1
06-07-2017-14:31:53:817 337018 337645 1
06-07-2017-14:31:53:851 337645 338272 1
06-07-2017-14:31:53:887 338272 338899 1
06-07-2017-14:31:53:938 338899 339526 1
06-07-2017-14:31:53:975 339526 340153 1
06-07-2017-14:31:54:009 340153 340780 1
06-07-2017-14:31:54:044 340780 341407 1
06-07-2017-14:31:54:089 341407 342034 1
06-07-2017-14:31:54:125 342034 342661 1
06-07-2017-14:31:54:159 342661 343288 1
06-07-2017-14:31:54:199 343288 343915 1
06-07-2017-14:31:54:245 343915 344542 1
06-07-2017-14:31:54:281 344542 345169 1
06-07-2017-14:31:54:327 345169 345796 1
06-07-2017-14:31:54:362 345796 346423 1
06-07-2017-14:31:54:397 346423 347050 1
06-07-2017-14:31:54:441 347050 347677 1
06-07-2017-14:31:54:477 347677 348304 1
06-07-2017-14:31:54:522 348304 348931 1
06-07-2017-14:31:54:558 348931 349558 1
06-07-2017-14:31:54:595 349558 350185 1
06-07-2017-14:31:54:639 350185 350812 1
06-07-2017-14:31:54:681 350812 351439 1
06-07-2017-14:31:54:713 351439 352066 1
06-07-2017-14:31:54:793 352066 352693 1
06-07-2017-14:31:54:794 352693 353320 1
06-07-2017-14:31:54:834 353320 353947 1
06-07-2017-14:31:54:870 353947 354574 1
06-07-2017-14:31:54:904 354574 355201 1
06-07-2017-14:31:54:943 355201 355828 1
06-07-2017-14:31:54:991 355828 356455 1
06-07-2017-14:31:55:025 356455 357082 1
06-07-2017-14:31:55:060 357082 357709 1
06-07-2017-14:31:55:107 357709 358336 1
06-07-2017-14:31:55:141 358336 358963 1
06-07-2017-14:31:55:181 358963 359590 1
06-07-2017-14:31:55:229 359590 360217 1
06-07-2017-14:31:55:262 360217 360844 1
06-07-2017-14:31:55:297 360844 361471 1
06-07-2017-14:31:55:344 361471 362098 1
06-07-2017-14:31:55:379 362098 362725 1
06-07-2017-14:31:55:419 362725 363352 1
06-07-2017-14:31:55:455 363352 363979 1
06-07-2017-14:31:55:500 363979 364606 1
06-07-2017-14:31:55:535 364606 365233 1
06-07-2017-14:31:55:570 365233 365860 1
06-07-2017-14:31:55:616 365860 366487 1
06-07-2017-14:31:55:651 366487 367114 1
06-07-2017-14:31:55:692 367114 367741 1
06-07-2017-14:31:55:737 367741 368368 1
06-07-2017-14:31:55:772 368368 368995 1
06-07-2017-14:31:55:808 368995 369622 1
06-07-2017-14:31:55:855 369622 370249 1
06-07-2017-14:31:55:890 370249 370876 1
06-07-2017-14:31:55:929 370876 371503 1
06-07-2017-14:31:55:964 371503 372130 1
06-07-2017-14:31:56:011 372130 372757 1
06-07-2017-14:31:56:044 372757 373384 1
06-07-2017-14:31:56:080 373384 374011 1
06-07-2017-14:31:56:128 374011 374638 1
06-07-2017-14:31:56:166 374638 375265 1
06-07-2017-14:31:56:201 375265 375892 1
06-07-2017-14:31:56:236 375892 376519 1
06-07-2017-14:31:56:276 376519 377146 1
06-07-2017-14:31:56:323 377146 377773 1
06-07-2017-14:31:56:358 377773 378400 1
06-07-2017-14:31:56:392 378400 379027 1
06-07-2017-14:31:56:438 379027 379654 1
06-07-2017-14:31:56:478 379654 380281 1
06-07-2017-14:31:56:513 380281 380908 1
06-07-2017-14:31:56:559 380908 381535 1
06-07-2017-14:31:56:594 381535 382162 1
06-07-2017-14:31:56:629 382162 382789 1
06-07-2017-14:31:56:677 382789 383416 1
06-07-2017-14:31:56:715 383416 384043 1
06-07-2017-14:31:56:750 384043 384670 1
06-07-2017-14:31:56:786 384670 385297 1
06-07-2017-14:31:56:832 385297 385924 1
06-07-2017-14:31:56:868 385924 386551 1
06-07-2017-14:31:56:902 386551 387178 1
06-07-2017-14:31:56:952 387178 387805 1
06-07-2017-14:31:56:981 387805 388432 1
06-07-2017-14:31:57:029 388432 389059 1
06-07-2017-14:31:57:063 389059 389686 1
06-07-2017-14:31:57:109 389686 390313 1
06-07-2017-14:31:57:145 390313 390940 1
06-07-2017-14:31:57:179 390940 391567 1
06-07-2017-14:31:57:220 391567 392194 1
06-07-2017-14:31:57:266 392194 392821 1
06-07-2017-14:31:57:301 392821 393448 1
06-07-2017-14:31:57:336 393448 394075 1
06-07-2017-14:31:57:382 394075 394702 1
06-07-2017-14:31:57:461 394702 395329 1
06-07-2017-14:31:57:462 395329 395956 1
06-07-2017-14:31:57:491 395956 396583 1
06-07-2017-14:31:57:538 396583 397210 1
06-07-2017-14:31:57:574 397210 397837 1
06-07-2017-14:31:57:608 397837 398464 1
06-07-2017-14:31:57:658 398464 399091 1
06-07-2017-14:31:57:690 399091 399718 1
06-07-2017-14:31:57:737 399718 400345 1
06-07-2017-14:31:57:770 400345 400972 1
06-07-2017-14:31:57:806 400972 401599 1
06-07-2017-14:31:57:846 401599 402226 1
06-07-2017-14:31:57:892 402226 402853 1
06-07-2017-14:31:57:927 402853 403480 1
06-07-2017-14:31:57:962 403480 404107 1
06-07-2017-14:31:58:008 404107 404734 1
06-07-2017-14:31:58:043 404734 405361 1
06-07-2017-14:31:58:078 405361 405988 1
06-07-2017-14:31:58:125 405988 406615 1
06-07-2017-14:31:58:159 406615 407242 1
06-07-2017-14:31:58:199 407242 407869 1
06-07-2017-14:31:58:245 407869 408496 1
06-07-2017-14:31:58:279 408496 409123 1
06-07-2017-14:31:58:319 409123 409750 1
06-07-2017-14:31:58:363 409750 410377 1
06-07-2017-14:31:58:397 410377 411004 1
06-07-2017-14:31:58:431 411004 411631 1
06-07-2017-14:31:58:471 411631 412258 1
06-07-2017-14:31:58:517 412258 412885 1
06-07-2017-14:31:58:553 412885 413512 1
06-07-2017-14:31:58:589 413512 414139 1
06-07-2017-14:31:58:635 414139 414766 1
06-07-2017-14:31:58:670 414766 415393 1
06-07-2017-14:31:58:718 415393 416020 1
06-07-2017-14:31:58:751 416020 416647 1
06-07-2017-14:31:58:786 416647 417274 1
06-07-2017-14:31:58:827 417274 417901 1
06-07-2017-14:31:58:873 417901 418528 1
06-07-2017-14:31:58:908 418528 419155 1
06-07-2017-14:31:58:945 419155 419782 1
06-07-2017-14:31:58:989 419782 420409 1
06-07-2017-14:31:59:025 420409 421036 1
06-07-2017-14:31:59:060 421036 421663 1
06-07-2017-14:31:59:106 421663 422290 1
06-07-2017-14:31:59:141 422290 422917 1
06-07-2017-14:31:59:185 422917 423544 1
06-07-2017-14:31:59:222 423544 424171 1
06-07-2017-14:31:59:255 424171 424798 1
06-07-2017-14:31:59:296 424798 425425 1
06-07-2017-14:31:59:343 425425 426052 1
06-07-2017-14:31:59:376 426052 426679 1
06-07-2017-14:31:59:412 426679 427306 1
06-07-2017-14:31:59:458 427306 427933 1
06-07-2017-14:31:59:492 427933 428560 1
06-07-2017-14:31:59:529 428560 429187 1
06-07-2017-14:31:59:568 429187 429814 1
06-07-2017-14:31:59:614 429814 430441 1
06-07-2017-14:31:59:651 430441 431068 1
06-07-2017-14:31:59:776 431068 431695 1
06-07-2017-14:31:59:776 431695 432322 1
06-07-2017-14:31:59:776 432322 432949 1
06-07-2017-14:31:59:812 432949 433576 1
06-07-2017-14:31:59:847 433576 434203 1
06-07-2017-14:31:59:888 434203 434830 1
06-07-2017-14:31:59:922 434830 435457 1
06-07-2017-14:31:59:968 435457 436084 1
06-07-2017-14:32:00:004 436084 436711 1
06-07-2017-14:32:00:039 436711 437338 1
06-07-2017-14:32:00:085 437338 437965 1
06-07-2017-14:32:00:120 437965 438592 1
06-07-2017-14:32:00:154 438592 439219 1
06-07-2017-14:32:00:196 439219 439846 1
06-07-2017-14:32:00:242 439846 440473 1
06-07-2017-14:32:00:279 440473 441100 1
06-07-2017-14:32:00:323 441100 441727 1
06-07-2017-14:32:00:357 441727 442354 1
06-07-2017-14:32:00:392 442354 442981 1
06-07-2017-14:32:00:439 442981 443608 1
06-07-2017-14:32:00:474 443608 444235 1
06-07-2017-14:32:00:516 444235 444862 1
06-07-2017-14:32:00:549 444862 445489 1
06-07-2017-14:32:00:602 445489 446086 1
06-07-2017-14:32:00:625 446086 446683 1
06-07-2017-14:32:00:659 446683 447280 1
06-07-2017-14:32:00:706 447280 447877 1
06-07-2017-14:32:00:740 447877 448474 1
06-07-2017-14:32:00:778 448474 449071 1
06-07-2017-14:32:00:812 449071 449668 1
06-07-2017-14:32:00:846 449668 450265 1
06-07-2017-14:32:00:892 450265 450862 1
06-07-2017-14:32:00:929 450862 451459 1
06-07-2017-14:32:00:962 451459 452056 1
06-07-2017-14:32:00:998 452056 452653 1
06-07-2017-14:32:01:033 452653 453250 1
06-07-2017-14:32:01:075 453250 453847 1
06-07-2017-14:32:01:106 453847 454444 1
06-07-2017-14:32:01:153 454444 455041 1
06-07-2017-14:32:01:189 455041 455638 1
06-07-2017-14:32:01:286 455638 456235 1
06-07-2017-14:32:01:287 456235 456832 1
06-07-2017-14:32:01:294 456832 457429 1
06-07-2017-14:32:01:338 457429 458026 1
06-07-2017-14:32:01:373 458026 458623 1
06-07-2017-14:32:01:406 458623 459220 1
06-07-2017-14:32:01:452 459220 459817 1
06-07-2017-14:32:01:488 459817 460414 1
06-07-2017-14:32:01:523 460414 461011 1
06-07-2017-14:32:01:558 461011 461608 1
06-07-2017-14:32:01:594 461608 462205 1
06-07-2017-14:32:01:639 462205 462802 1
06-07-2017-14:32:01:674 462802 463399 1
06-07-2017-14:32:01:720 463399 463996 1
06-07-2017-14:32:01:742 463996 464593 1
06-07-2017-14:32:01:788 464593 465190 1
06-07-2017-14:32:01:826 465190 465787 1
06-07-2017-14:32:01:858 465787 466384 1
06-07-2017-14:32:01:893 466384 466981 1
06-07-2017-14:32:01:929 466981 467578 1
06-07-2017-14:32:01:975 467578 468175 1
06-07-2017-14:32:02:009 468175 468772 1
06-07-2017-14:32:02:050 468772 469369 1
06-07-2017-14:32:02:085 469369 469966 1
06-07-2017-14:32:02:120 469966 470563 1
06-07-2017-14:32:02:156 470563 471160 1
06-07-2017-14:32:02:188 471160 471757 1
06-07-2017-14:32:02:235 471757 472354 1
06-07-2017-14:32:02:269 472354 472951 1
06-07-2017-14:32:02:305 472951 473548 1
06-07-2017-14:32:02:344 473548 474145 1
06-07-2017-14:32:02:379 474145 474742 1
06-07-2017-14:32:02:416 474742 475339 1
06-07-2017-14:32:02:449 475339 475936 1
06-07-2017-14:32:02:496 475936 476533 1
06-07-2017-14:32:02:534 476533 477130 1
06-07-2017-14:32:02:566 477130 477727 1
06-07-2017-14:32:02:600 477727 478324 1
06-07-2017-14:32:02:636 478324 478921 1
06-07-2017-14:32:02:687 478921 479518 1
06-07-2017-14:32:02:722 479518 480115 1
06-07-2017-14:32:02:758 480115 480712 1
06-07-2017-14:32:02:793 480712 481309 1
06-07-2017-14:32:02:826 481309 481906 1
06-07-2017-14:32:02:862 481906 482503 1
06-07-2017-14:32:02:909 482503 483100 1
06-07-2017-14:32:02:942 483100 483697 1
06-07-2017-14:32:02:983 483697 484294 1
06-07-2017-14:32:03:018 484294 484891 1
06-07-2017-14:32:03:054 484891 485488 1
06-07-2017-14:32:03:198 485488 486085 1
06-07-2017-14:32:03:199 486085 486682 1
06-07-2017-14:32:03:199 486682 487279 1
06-07-2017-14:32:03:203 487279 487876 1
06-07-2017-14:32:03:239 487876 488473 1
06-07-2017-14:32:03:274 488473 489070 1
06-07-2017-14:32:03:309 489070 489667 1
06-07-2017-14:32:03:350 489667 490264 1
06-07-2017-14:32:03:385 490264 490861 1
06-07-2017-14:32:03:432 490861 491458 1
06-07-2017-14:32:03:465 491458 492055 1
06-07-2017-14:32:03:501 492055 492652 1
06-07-2017-14:32:03:536 492652 493249 1
06-07-2017-14:32:03:569 493249 493846 1
06-07-2017-14:32:03:616 493846 494443 1
06-07-2017-14:32:03:652 494443 495040 1
06-07-2017-14:32:03:691 495040 495637 1
06-07-2017-14:32:03:728 495637 496234 1
06-07-2017-14:32:03:762 496234 496831 1
06-07-2017-14:32:03:796 496831 497428 1
06-07-2017-14:32:03:832 497428 498025 1
06-07-2017-14:32:03:878 498025 498622 1
06-07-2017-14:32:03:913 498622 499219 1
06-07-2017-14:32:03:948 499219 499816 1
06-07-2017-14:32:03:983 499816 500413 1
06-07-2017-14:32:04:017 500413 501010 1
06-07-2017-14:32:04:070 501010 501607 1
06-07-2017-14:32:04:091 501607 502204 1
06-07-2017-14:32:04:140 502204 502801 1
06-07-2017-14:32:04:172 502801 503398 1
06-07-2017-14:32:04:208 503398 503995 1
06-07-2017-14:32:04:242 503995 504592 1
06-07-2017-14:32:04:277 504592 505189 1
06-07-2017-14:32:04:324 505189 505786 1
06-07-2017-14:32:04:364 505786 506383 1
06-07-2017-14:32:04:436 506383 506980 1
06-07-2017-14:32:04:439 506980 507577 1
06-07-2017-14:32:04:468 507577 508174 1
06-07-2017-14:32:04:504 508174 508771 1
06-07-2017-14:32:04:550 508771 509368 1
06-07-2017-14:32:04:585 509368 509965 1
06-07-2017-14:32:04:621 509965 510562 1
06-07-2017-14:32:04:656 510562 511159 1
06-07-2017-14:32:04:694 511159 511756 1
06-07-2017-14:32:04:729 511756 512353 1
06-07-2017-14:32:04:763 512353 512950 1
06-07-2017-14:32:04:811 512950 513547 1
06-07-2017-14:32:04:845 513547 514144 1
06-07-2017-14:32:04:881 514144 514741 1
06-07-2017-14:32:04:915 514741 515338 1
06-07-2017-14:32:04:951 515338 515935 1
06-07-2017-14:32:04:997 515935 516532 1
06-07-2017-14:32:05:036 516532 517129 1
06-07-2017-14:32:05:071 517129 517726 1
06-07-2017-14:32:05:105 517726 518323 1
06-07-2017-14:32:05:140 518323 518920 1
06-07-2017-14:32:05:175 518920 519517 1
06-07-2017-14:32:05:222 519517 520114 1
06-07-2017-14:32:05:257 520114 520711 1
06-07-2017-14:32:05:288 520711 521308 1
06-07-2017-14:32:05:332 521308 521905 1
06-07-2017-14:32:05:367 521905 522502 1
06-07-2017-14:32:05:403 522502 523099 1
06-07-2017-14:32:05:438 523099 523696 1
06-07-2017-14:32:05:472 523696 524293 1
06-07-2017-14:32:05:513 524293 524890 1
06-07-2017-14:32:05:547 524890 525487 1
06-07-2017-14:32:05:594 525487 526084 1
06-07-2017-14:32:05:629 526084 526681 1
06-07-2017-14:32:05:663 526681 527278 1
06-07-2017-14:32:05:698 527278 527875 1
06-07-2017-14:32:05:734 527875 528472 1
06-07-2017-14:32:05:779 528472 529069 1
06-07-2017-14:32:05:879 529069 529666 1
06-07-2017-14:32:05:880 529666 530263 1
06-07-2017-14:32:05:895 530263 530860 1
06-07-2017-14:32:05:929 530860 531457 1
06-07-2017-14:32:05:963 531457 532054 1
06-07-2017-14:32:05:998 532054 532651 1
06-07-2017-14:32:06:035 532651 533248 1
06-07-2017-14:32:06:068 533248 533845 1
06-07-2017-14:32:06:120 533845 534442 1
06-07-2017-14:32:06:155 534442 535039 1
06-07-2017-14:32:06:189 535039 535636 1
06-07-2017-14:32:06:225 535636 536233 1
06-07-2017-14:32:06:259 536233 536830 1
06-07-2017-14:32:06:294 536830 537427 1
06-07-2017-14:32:06:342 537427 538024 1
06-07-2017-14:32:06:375 538024 538621 1
06-07-2017-14:32:06:411 538621 539218 1
06-07-2017-14:32:06:451 539218 539815 1
06-07-2017-14:32:06:486 539815 540412 1
06-07-2017-14:32:06:521 540412 541009 1
06-07-2017-14:32:06:554 541009 541606 1
06-07-2017-14:32:06:601 541606 542203 1
06-07-2017-14:32:06:637 542203 542800 1
06-07-2017-14:32:06:672 542800 543397 1
06-07-2017-14:32:06:708 543397 543994 1
06-07-2017-14:32:06:742 543994 544591 1
06-07-2017-14:32:06:786 544591 545188 1
06-07-2017-14:32:06:827 545188 545785 1
06-07-2017-14:32:06:861 545785 546382 1
06-07-2017-14:32:06:896 546382 546979 1
06-07-2017-14:32:06:932 546979 547576 1
06-07-2017-14:32:06:966 547576 548173 1
06-07-2017-14:32:07:084 548173 548770 1
06-07-2017-14:32:07:085 548770 549367 1
06-07-2017-14:32:07:085 549367 549964 1
06-07-2017-14:32:07:124 549964 550561 1
06-07-2017-14:32:07:156 550561 551158 1
06-07-2017-14:32:07:192 551158 551755 1
06-07-2017-14:32:07:226 551755 552352 1
06-07-2017-14:32:07:274 552352 552949 1
06-07-2017-14:32:07:309 552949 553546 1
06-07-2017-14:32:07:348 553546 554143 1
06-07-2017-14:32:07:383 554143 554740 1
06-07-2017-14:32:07:417 554740 555337 1
06-07-2017-14:32:07:453 555337 555934 1
06-07-2017-14:32:07:489 555934 556531 1
06-07-2017-14:32:07:528 556531 557128 1
06-07-2017-14:32:07:563 557128 557725 1
06-07-2017-14:32:07:608 557725 558322 1
06-07-2017-14:32:07:644 558322 558919 1
06-07-2017-14:32:07:682 558919 559516 1
06-07-2017-14:32:07:714 559516 560113 1
06-07-2017-14:32:07:752 560113 560710 1
06-07-2017-14:32:07:787 560710 561307 1
06-07-2017-14:32:07:833 561307 561904 1
06-07-2017-14:32:07:868 561904 562501 1
06-07-2017-14:32:07:903 562501 563098 1
06-07-2017-14:32:07:943 563098 563695 1
06-07-2017-14:32:07:978 563695 564292 1
06-07-2017-14:32:08:012 564292 564889 1
06-07-2017-14:32:08:047 564889 565486 1
06-07-2017-14:32:08:095 565486 566083 1
06-07-2017-14:32:08:128 566083 566680 1
06-07-2017-14:32:08:169 566680 567277 1
06-07-2017-14:32:08:205 567277 567874 1
06-07-2017-14:32:08:238 567874 568471 1
06-07-2017-14:32:08:273 568471 569068 1
06-07-2017-14:32:08:309 569068 569665 1
06-07-2017-14:32:08:356 569665 570262 1
06-07-2017-14:32:08:389 570262 570859 1
06-07-2017-14:32:08:424 570859 571456 1
06-07-2017-14:32:08:459 571456 572053 1
06-07-2017-14:32:08:499 572053 572650 1
06-07-2017-14:32:08:534 572650 573247 1
06-07-2017-14:32:08:569 573247 573844 1
06-07-2017-14:32:08:616 573844 574441 1
06-07-2017-14:32:08:651 574441 575038 1
06-07-2017-14:32:08:691 575038 575635 1
06-07-2017-14:32:08:726 575635 576232 1
06-07-2017-14:32:08:761 576232 576829 1
06-07-2017-14:32:08:796 576829 577426 1
06-07-2017-14:32:08:831 577426 578023 1
06-07-2017-14:32:08:879 578023 578620 1
06-07-2017-14:32:08:912 578620 579217 1
06-07-2017-14:32:08:952 579217 579814 1
06-07-2017-14:32:08:987 579814 580411 1
06-07-2017-14:32:09:022 580411 581008 1
06-07-2017-14:32:09:057 581008 581605 1
06-07-2017-14:32:09:092 581605 582202 1
06-07-2017-14:32:09:138 582202 582799 1
06-07-2017-14:32:09:179 582799 583396 1
06-07-2017-14:32:09:212 583396 583993 1
06-07-2017-14:32:09:248 583993 584590 1
06-07-2017-14:32:09:281 584590 585187 1
06-07-2017-14:32:09:316 585187 585784 1
06-07-2017-14:32:09:363 585784 586381 1
06-07-2017-14:32:09:399 586381 586978 1
06-07-2017-14:32:09:438 586978 587575 1
06-07-2017-14:32:09:473 587575 588172 1
06-07-2017-14:32:09:508 588172 588769 1
06-07-2017-14:32:09:542 588769 589366 1
06-07-2017-14:32:09:579 589366 589963 1
06-07-2017-14:32:09:624 589963 590560 1
06-07-2017-14:32:09:659 590560 591157 1
06-07-2017-14:32:09:699 591157 591754 1
06-07-2017-14:32:09:734 591754 592351 1
06-07-2017-14:32:09:769 592351 592948 1
06-07-2017-14:32:09:802 592948 593545 1
06-07-2017-14:32:09:838 593545 594142 1
06-07-2017-14:32:09:885 594142 594739 1
06-07-2017-14:32:09:926 594739 595336 1
06-07-2017-14:32:09:960 595336 595933 1
06-07-2017-14:32:09:997 595933 596530 1
06-07-2017-14:32:10:030 596530 597127 1
06-07-2017-14:32:10:064 597127 597724 1
06-07-2017-14:32:10:099 597724 598321 1
06-07-2017-14:32:10:381 598321 598918 1
06-07-2017-14:32:10:382 598918 599515 1
06-07-2017-14:32:10:382 599515 600112 1
06-07-2017-14:32:10:383 600112 600709 1
06-07-2017-14:32:10:383 600709 601306 1
06-07-2017-14:32:10:383 601306 601903 1
06-07-2017-14:32:10:383 601903 602500 1
06-07-2017-14:32:10:407 602500 603097 1
06-07-2017-14:32:10:442 603097 603694 1
06-07-2017-14:32:10:476 603694 604291 1
06-07-2017-14:32:10:525 604291 604888 1
06-07-2017-14:32:10:551 604888 605485 1
06-07-2017-14:32:10:586 605485 606082 1
06-07-2017-14:32:10:631 606082 606679 1
06-07-2017-14:32:10:667 606679 607276 1
06-07-2017-14:32:10:702 607276 607873 1
06-07-2017-14:32:10:743 607873 608470 1
06-07-2017-14:32:10:778 608470 609067 1
06-07-2017-14:32:10:812 609067 609664 1
06-07-2017-14:32:10:852 609664 610261 1
06-07-2017-14:32:10:887 610261 610858 1
06-07-2017-14:32:10:921 610858 611455 1
06-07-2017-14:32:10:968 611455 612052 1
06-07-2017-14:32:11:003 612052 612649 1
06-07-2017-14:32:11:037 612649 613246 1
06-07-2017-14:32:11:072 613246 613843 1
06-07-2017-14:32:11:112 613843 614440 1
06-07-2017-14:32:11:147 614440 615037 1
06-07-2017-14:32:11:182 615037 615634 1
06-07-2017-14:32:11:228 615634 616231 1
06-07-2017-14:32:11:263 616231 616828 1
06-07-2017-14:32:11:299 616828 617425 1
06-07-2017-14:32:11:333 617425 618022 1
06-07-2017-14:32:11:369 618022 618619 1
06-07-2017-14:32:11:416 618619 619216 1
06-07-2017-14:32:11:449 619216 619813 1
06-07-2017-14:32:11:490 619813 620410 1
06-07-2017-14:32:11:528 620410 621007 1
06-07-2017-14:32:11:559 621007 621604 1
06-07-2017-14:32:11:595 621604 622201 1
06-07-2017-14:32:11:631 622201 622798 1
06-07-2017-14:32:11:677 622798 623395 1
06-07-2017-14:32:11:711 623395 623992 1
06-07-2017-14:32:11:752 623992 624589 1
06-07-2017-14:32:11:786 624589 625186 1
06-07-2017-14:32:11:820 625186 625783 1
06-07-2017-14:32:11:855 625783 626380 1
06-07-2017-14:32:11:890 626380 626977 1
06-07-2017-14:32:11:938 626977 627574 1
06-07-2017-14:32:11:977 627574 628171 1
06-07-2017-14:32:12:012 628171 628768 1
06-07-2017-14:32:12:048 628768 629365 1
06-07-2017-14:32:12:083 629365 629962 1
06-07-2017-14:32:12:117 629962 630559 1
06-07-2017-14:32:12:153 630559 631156 1
