06-07-2017-16:44:02:002 0 707 1
06-07-2017-16:44:02:037 707 1414 1
06-07-2017-16:44:02:085 1414 2121 1
06-07-2017-16:44:02:137 2121 2828 1
06-07-2017-16:44:02:172 2828 3535 1
06-07-2017-16:44:02:218 3535 4242 1
06-07-2017-16:44:02:264 4242 4949 1
06-07-2017-16:44:02:312 4949 5656 1
06-07-2017-16:44:02:346 5656 6363 1
06-07-2017-16:44:02:394 6363 7070 1
06-07-2017-16:44:02:435 7070 7777 1
06-07-2017-16:44:02:481 7777 8484 1
06-07-2017-16:44:02:529 8484 9191 1
06-07-2017-16:44:02:575 9191 9898 1
06-07-2017-16:44:02:622 9898 10605 1
06-07-2017-16:44:02:657 10605 11312 1
06-07-2017-16:44:02:704 11312 12019 1
06-07-2017-16:44:02:744 12019 12726 1
06-07-2017-16:44:02:790 12726 13433 1
06-07-2017-16:44:02:836 13433 14140 1
06-07-2017-16:44:02:884 14140 14847 1
06-07-2017-16:44:02:930 14847 15554 1
06-07-2017-16:44:02:965 15554 16261 1
06-07-2017-16:44:03:013 16261 16968 1
