06-07-2017-16:43:40:138 0 694 1
06-07-2017-16:43:40:176 694 1388 1
06-07-2017-16:43:40:223 1388 2082 1
06-07-2017-16:43:40:263 2082 2776 1
06-07-2017-16:43:40:313 2776 3470 1
06-07-2017-16:43:40:348 3470 4164 1
06-07-2017-16:43:40:395 4164 4858 1
06-07-2017-16:43:40:435 4858 5552 1
06-07-2017-16:43:40:485 5552 6246 1
06-07-2017-16:43:40:519 6246 6940 1
06-07-2017-16:43:40:568 6940 7634 1
06-07-2017-16:43:40:614 7634 8328 1
06-07-2017-16:43:40:658 8328 9022 1
06-07-2017-16:43:40:704 9022 9716 1
06-07-2017-16:43:40:748 9716 10410 1
06-07-2017-16:43:40:791 10410 11104 1
06-07-2017-16:43:40:827 11104 11798 1
06-07-2017-16:43:40:878 11798 12492 1
06-07-2017-16:43:40:914 12492 13186 1
06-07-2017-16:43:40:959 13186 13880 1
06-07-2017-16:43:41:007 13880 14574 1
06-07-2017-16:43:41:040 14574 15268 1
06-07-2017-16:43:41:088 15268 15962 1
06-07-2017-16:43:41:134 15962 16656 1
06-07-2017-16:43:41:182 16656 17350 1
06-07-2017-16:43:41:220 17350 18044 1
06-07-2017-16:43:41:267 18044 18738 1
06-07-2017-16:43:41:304 18738 19432 1
06-07-2017-16:43:41:350 19432 20126 1
06-07-2017-16:43:41:395 20126 20820 1
06-07-2017-16:43:41:431 20820 21514 1
06-07-2017-16:43:41:479 21514 22208 1
06-07-2017-16:43:41:526 22208 22902 1
06-07-2017-16:43:41:575 22902 23596 1
06-07-2017-16:43:41:610 23596 24290 1
06-07-2017-16:43:41:657 24290 24984 1
06-07-2017-16:43:41:692 24984 25678 1
06-07-2017-16:43:41:738 25678 26372 1
06-07-2017-16:43:41:779 26372 27066 1
06-07-2017-16:43:41:825 27066 27760 1
06-07-2017-16:43:41:872 27760 28454 1
06-07-2017-16:43:41:918 28454 29148 1
06-07-2017-16:43:41:958 29148 29842 1
06-07-2017-16:43:42:004 29842 30536 1
06-07-2017-16:43:42:039 30536 31230 1
06-07-2017-16:43:42:087 31230 31924 1
06-07-2017-16:43:42:132 31924 32618 1
06-07-2017-16:43:42:173 32618 33312 1
06-07-2017-16:43:42:220 33312 34006 1
06-07-2017-16:43:42:265 34006 34700 1
06-07-2017-16:43:42:307 34700 35394 1
06-07-2017-16:43:42:353 35394 36088 1
06-07-2017-16:43:42:388 36088 36782 1
06-07-2017-16:43:42:429 36782 37476 1
06-07-2017-16:43:42:480 37476 38170 1
06-07-2017-16:43:42:526 38170 38864 1
06-07-2017-16:43:42:562 38864 39558 1
06-07-2017-16:43:42:608 39558 40252 1
06-07-2017-16:43:42:647 40252 40946 1
06-07-2017-16:43:42:695 40946 41640 1
06-07-2017-16:43:42:740 41640 42334 1
06-07-2017-16:43:42:792 42334 43028 1
06-07-2017-16:43:42:819 43028 43722 1
06-07-2017-16:43:42:867 43722 44416 1
06-07-2017-16:43:42:914 44416 45110 1
06-07-2017-16:43:42:961 45110 45804 1
06-07-2017-16:43:42:994 45804 46498 1
06-07-2017-16:43:43:044 46498 47192 1
06-07-2017-16:43:43:080 47192 47886 1
06-07-2017-16:43:43:126 47886 48580 1
06-07-2017-16:43:43:173 48580 49274 1
06-07-2017-16:43:43:221 49274 49968 1
06-07-2017-16:43:43:482 49968 50662 1
06-07-2017-16:43:43:483 50662 51356 1
06-07-2017-16:43:43:483 51356 52050 1
06-07-2017-16:43:43:484 52050 52744 1
06-07-2017-16:43:43:485 52744 53438 1
06-07-2017-16:43:43:485 53438 54132 1
06-07-2017-16:43:43:515 54132 54826 1
06-07-2017-16:43:43:561 54826 55520 1
06-07-2017-16:43:43:608 55520 56214 1
06-07-2017-16:43:43:660 56214 56908 1
06-07-2017-16:43:43:687 56908 57602 1
06-07-2017-16:43:43:733 57602 58296 1
06-07-2017-16:43:43:780 58296 58990 1
06-07-2017-16:43:43:828 58990 59684 1
06-07-2017-16:43:43:865 59684 60378 1
06-07-2017-16:43:43:911 60378 61072 1
06-07-2017-16:43:43:947 61072 61766 1
06-07-2017-16:43:43:994 61766 62460 1
06-07-2017-16:43:44:040 62460 63154 1
06-07-2017-16:43:44:078 63154 63848 1
06-07-2017-16:43:44:127 63848 64542 1
06-07-2017-16:43:44:166 64542 65236 1
06-07-2017-16:43:44:217 65236 65930 1
06-07-2017-16:43:44:257 65930 66624 1
06-07-2017-16:43:44:304 66624 67318 1
06-07-2017-16:43:44:338 67318 68012 1
06-07-2017-16:43:44:385 68012 68706 1
06-07-2017-16:43:44:425 68706 69400 1
06-07-2017-16:43:44:475 69400 70094 1
06-07-2017-16:43:44:523 70094 70788 1
06-07-2017-16:43:44:557 70788 71482 1
06-07-2017-16:43:44:604 71482 72176 1
06-07-2017-16:43:44:643 72176 72870 1
06-07-2017-16:43:44:689 72870 73564 1
06-07-2017-16:43:44:735 73564 74258 1
06-07-2017-16:43:44:782 74258 74952 1
06-07-2017-16:43:44:817 74952 75646 1
06-07-2017-16:43:44:865 75646 76340 1
06-07-2017-16:43:44:904 76340 77034 1
06-07-2017-16:43:44:953 77034 77728 1
06-07-2017-16:43:44:997 77728 78422 1
06-07-2017-16:43:45:032 78422 79116 1
06-07-2017-16:43:45:083 79116 79810 1
06-07-2017-16:43:45:119 79810 80504 1
06-07-2017-16:43:45:165 80504 81198 1
06-07-2017-16:43:45:211 81198 81892 1
06-07-2017-16:43:45:258 81892 82586 1
06-07-2017-16:43:45:298 82586 83280 1
06-07-2017-16:43:45:345 83280 83974 1
06-07-2017-16:43:45:379 83974 84668 1
06-07-2017-16:43:45:427 84668 85362 1
06-07-2017-16:43:45:475 85362 86056 1
06-07-2017-16:43:45:514 86056 86750 1
06-07-2017-16:43:45:558 86750 87444 1
06-07-2017-16:43:45:606 87444 88138 1
06-07-2017-16:43:45:641 88138 88832 1
06-07-2017-16:43:45:692 88832 89526 1
06-07-2017-16:43:45:730 89526 90220 1
06-07-2017-16:43:45:775 90220 90914 1
06-07-2017-16:43:45:823 90914 91608 1
06-07-2017-16:43:45:859 91608 92302 1
06-07-2017-16:43:45:905 92302 92996 1
06-07-2017-16:43:45:944 92996 93690 1
06-07-2017-16:43:45:990 93690 94384 1
06-07-2017-16:43:46:037 94384 95078 1
06-07-2017-16:43:46:072 95078 95772 1
06-07-2017-16:43:46:124 95772 96466 1
06-07-2017-16:43:46:159 96466 97160 1
06-07-2017-16:43:46:204 97160 97854 1
06-07-2017-16:43:46:252 97854 98548 1
06-07-2017-16:43:46:303 98548 99242 1
06-07-2017-16:43:46:337 99242 99936 1
06-07-2017-16:43:46:385 99936 100630 1
06-07-2017-16:43:46:582 100630 101324 1
06-07-2017-16:43:46:583 101324 102018 1
06-07-2017-16:43:46:584 102018 102712 1
06-07-2017-16:43:46:584 102712 103406 1
06-07-2017-16:43:46:598 103406 104100 1
06-07-2017-16:43:46:646 104100 104794 1
06-07-2017-16:43:46:688 104794 105488 1
06-07-2017-16:43:46:724 105488 106182 1
06-07-2017-16:43:46:771 106182 106876 1
06-07-2017-16:43:46:817 106876 107570 1
06-07-2017-16:43:46:852 107570 108264 1
06-07-2017-16:43:46:902 108264 108958 1
06-07-2017-16:43:46:948 108958 109652 1
06-07-2017-16:43:46:984 109652 110346 1
06-07-2017-16:43:47:030 110346 111040 1
06-07-2017-16:43:47:078 111040 111734 1
06-07-2017-16:43:47:125 111734 112428 1
06-07-2017-16:43:47:160 112428 113122 1
06-07-2017-16:43:47:206 113122 113816 1
06-07-2017-16:43:47:244 113816 114510 1
06-07-2017-16:43:47:291 114510 115204 1
06-07-2017-16:43:47:338 115204 115898 1
06-07-2017-16:43:47:373 115898 116592 1
06-07-2017-16:43:47:420 116592 117286 1
06-07-2017-16:43:47:460 117286 117980 1
06-07-2017-16:43:47:507 117980 118674 1
06-07-2017-16:43:47:556 118674 119368 1
06-07-2017-16:43:47:600 119368 120062 1
06-07-2017-16:43:47:636 120062 120756 1
06-07-2017-16:43:47:686 120756 121450 1
06-07-2017-16:43:47:722 121450 122144 1
06-07-2017-16:43:47:769 122144 122838 1
06-07-2017-16:43:47:815 122838 123532 1
06-07-2017-16:43:47:850 123532 124226 1
06-07-2017-16:43:47:901 124226 124920 1
06-07-2017-16:43:47:947 124920 125614 1
06-07-2017-16:43:47:982 125614 126308 1
06-07-2017-16:43:48:030 126308 127002 1
06-07-2017-16:43:48:072 127002 127696 1
06-07-2017-16:43:48:119 127696 128390 1
06-07-2017-16:43:48:155 128390 129084 1
06-07-2017-16:43:48:201 129084 129778 1
06-07-2017-16:43:48:248 129778 130472 1
06-07-2017-16:43:48:288 130472 131166 1
06-07-2017-16:43:48:333 131166 131860 1
06-07-2017-16:43:48:381 131860 132554 1
06-07-2017-16:43:48:416 132554 133248 1
06-07-2017-16:43:48:462 133248 133942 1
06-07-2017-16:43:48:506 133942 134636 1
06-07-2017-16:43:48:552 134636 135330 1
06-07-2017-16:43:48:589 135330 136024 1
06-07-2017-16:43:48:634 136024 136718 1
06-07-2017-16:43:48:680 136718 137412 1
06-07-2017-16:43:48:727 137412 138106 1
06-07-2017-16:43:48:762 138106 138800 1
06-07-2017-16:43:48:812 138800 139494 1
06-07-2017-16:43:48:851 139494 140188 1
06-07-2017-16:43:48:894 140188 140882 1
06-07-2017-16:43:48:942 140882 141576 1
06-07-2017-16:43:48:989 141576 142270 1
06-07-2017-16:43:49:025 142270 142964 1
06-07-2017-16:43:49:073 142964 143658 1
06-07-2017-16:43:49:109 143658 144352 1
06-07-2017-16:43:49:157 144352 145046 1
06-07-2017-16:43:49:202 145046 145740 1
06-07-2017-16:43:49:241 145740 146434 1
06-07-2017-16:43:49:290 146434 147128 1
06-07-2017-16:43:49:335 147128 147822 1
06-07-2017-16:43:49:371 147822 148516 1
06-07-2017-16:43:49:417 148516 149210 1
06-07-2017-16:43:49:457 149210 149904 1
06-07-2017-16:43:49:503 149904 150598 1
06-07-2017-16:43:49:550 150598 151292 1
06-07-2017-16:43:49:767 151292 151986 1
06-07-2017-16:43:49:771 151986 152680 1
06-07-2017-16:43:49:771 152680 153374 1
06-07-2017-16:43:49:772 153374 154068 1
06-07-2017-16:43:49:772 154068 154762 1
06-07-2017-16:43:49:806 154762 155456 1
06-07-2017-16:43:49:850 155456 156150 1
06-07-2017-16:43:49:896 156150 156844 1
06-07-2017-16:43:49:934 156844 157538 1
06-07-2017-16:43:49:980 157538 158232 1
06-07-2017-16:43:50:020 158232 158926 1
06-07-2017-16:43:50:066 158926 159620 1
06-07-2017-16:43:50:112 159620 160314 1
06-07-2017-16:43:50:152 160314 161008 1
06-07-2017-16:43:50:201 161008 161702 1
06-07-2017-16:43:50:237 161702 162396 1
06-07-2017-16:43:50:284 162396 163090 1
06-07-2017-16:43:50:331 163090 163784 1
06-07-2017-16:43:50:376 163784 164478 1
06-07-2017-16:43:50:416 164478 165172 1
06-07-2017-16:43:50:462 165172 165866 1
06-07-2017-16:43:50:498 165866 166560 1
06-07-2017-16:43:50:545 166560 167254 1
06-07-2017-16:43:50:583 167254 167948 1
06-07-2017-16:43:50:633 167948 168642 1
06-07-2017-16:43:50:677 168642 169336 1
06-07-2017-16:43:50:724 169336 170030 1
06-07-2017-16:43:50:764 170030 170724 1
06-07-2017-16:43:50:811 170724 171418 1
06-07-2017-16:43:50:845 171418 172112 1
06-07-2017-16:43:50:892 172112 172806 1
06-07-2017-16:43:50:938 172806 173500 1
06-07-2017-16:43:50:978 173500 174194 1
06-07-2017-16:43:51:023 174194 174888 1
06-07-2017-16:43:51:072 174888 175582 1
06-07-2017-16:43:51:106 175582 176276 1
06-07-2017-16:43:51:157 176276 176970 1
06-07-2017-16:43:51:196 176970 177664 1
06-07-2017-16:43:51:242 177664 178358 1
06-07-2017-16:43:51:279 178358 179052 1
06-07-2017-16:43:51:325 179052 179746 1
06-07-2017-16:43:51:370 179746 180440 1
06-07-2017-16:43:51:411 180440 181134 1
06-07-2017-16:43:51:450 181134 181828 1
06-07-2017-16:43:51:498 181828 182522 1
06-07-2017-16:43:51:544 182522 183216 1
06-07-2017-16:43:51:590 183216 183910 1
06-07-2017-16:43:51:630 183910 184604 1
06-07-2017-16:43:51:671 184604 185298 1
06-07-2017-16:43:51:717 185298 185992 1
06-07-2017-16:43:51:764 185992 186686 1
06-07-2017-16:43:51:798 186686 187380 1
06-07-2017-16:43:51:844 187380 188074 1
06-07-2017-16:43:51:892 188074 188768 1
06-07-2017-16:43:51:939 188768 189462 1
06-07-2017-16:43:51:981 189462 190156 1
06-07-2017-16:43:52:017 190156 190850 1
06-07-2017-16:43:52:063 190850 191544 1
06-07-2017-16:43:52:112 191544 192238 1
06-07-2017-16:43:52:147 192238 192932 1
06-07-2017-16:43:52:195 192932 193626 1
06-07-2017-16:43:52:233 193626 194320 1
06-07-2017-16:43:52:278 194320 195014 1
06-07-2017-16:43:52:325 195014 195708 1
06-07-2017-16:43:52:371 195708 196402 1
06-07-2017-16:43:52:410 196402 197096 1
06-07-2017-16:43:52:457 197096 197790 1
06-07-2017-16:43:52:493 197790 198484 1
06-07-2017-16:43:52:539 198484 199178 1
06-07-2017-16:43:52:585 199178 199872 1
06-07-2017-16:43:52:624 199872 200566 1
06-07-2017-16:43:52:672 200566 201260 1
06-07-2017-16:43:52:719 201260 201954 1
06-07-2017-16:43:52:823 201954 202648 1
06-07-2017-16:43:52:824 202648 203342 1
06-07-2017-16:43:52:844 203342 204036 1
06-07-2017-16:43:52:890 204036 204730 1
06-07-2017-16:43:52:925 204730 205424 1
06-07-2017-16:43:52:973 205424 206118 1
06-07-2017-16:43:53:013 206118 206812 1
06-07-2017-16:43:53:058 206812 207506 1
06-07-2017-16:43:53:106 207506 208200 1
06-07-2017-16:43:53:155 208200 208894 1
06-07-2017-16:43:53:193 208894 209588 1
06-07-2017-16:43:53:239 209588 210282 1
06-07-2017-16:43:53:275 210282 210976 1
06-07-2017-16:43:53:319 210976 211670 1
06-07-2017-16:43:53:371 211670 212307 1
06-07-2017-16:43:53:405 212307 212944 1
06-07-2017-16:43:53:440 212944 213581 1
06-07-2017-16:43:53:475 213581 214218 1
06-07-2017-16:43:53:523 214218 214855 1
06-07-2017-16:43:53:557 214855 215492 1
06-07-2017-16:43:53:600 215492 216129 1
06-07-2017-16:43:53:635 216129 216766 1
06-07-2017-16:43:53:683 216766 217403 1
06-07-2017-16:43:53:718 217403 218040 1
06-07-2017-16:43:53:753 218040 218677 1
06-07-2017-16:43:53:801 218677 219314 1
06-07-2017-16:43:53:839 219314 219951 1
06-07-2017-16:43:53:875 219951 220588 1
06-07-2017-16:43:53:921 220588 221225 1
06-07-2017-16:43:53:957 221225 221862 1
06-07-2017-16:43:53:996 221862 222499 1
06-07-2017-16:43:54:042 222499 223136 1
06-07-2017-16:43:54:076 223136 223773 1
06-07-2017-16:43:54:111 223773 224410 1
06-07-2017-16:43:54:160 224410 225047 1
06-07-2017-16:43:54:199 225047 225684 1
06-07-2017-16:43:54:233 225684 226321 1
06-07-2017-16:43:54:281 226321 226958 1
06-07-2017-16:43:54:316 226958 227595 1
06-07-2017-16:43:54:361 227595 228232 1
06-07-2017-16:43:54:401 228232 228869 1
06-07-2017-16:43:54:435 228869 229506 1
06-07-2017-16:43:54:473 229506 230143 1
06-07-2017-16:43:54:519 230143 230780 1
06-07-2017-16:43:54:554 230780 231417 1
06-07-2017-16:43:54:594 231417 232054 1
06-07-2017-16:43:54:640 232054 232691 1
06-07-2017-16:43:54:674 232691 233328 1
06-07-2017-16:43:54:712 233328 233965 1
06-07-2017-16:43:54:757 233965 234602 1
06-07-2017-16:43:54:856 234602 235239 1
06-07-2017-16:43:54:858 235239 235876 1
06-07-2017-16:43:54:877 235876 236513 1
06-07-2017-16:43:54:912 236513 237150 1
06-07-2017-16:43:54:946 237150 237787 1
06-07-2017-16:43:54:994 237787 238424 1
06-07-2017-16:43:55:029 238424 239061 1
06-07-2017-16:43:55:069 239061 239698 1
06-07-2017-16:43:55:115 239698 240335 1
06-07-2017-16:43:55:150 240335 240972 1
06-07-2017-16:43:55:197 240972 241609 1
06-07-2017-16:43:55:233 241609 242246 1
06-07-2017-16:43:55:272 242246 242883 1
06-07-2017-16:43:55:307 242883 243520 1
06-07-2017-16:43:55:353 243520 244157 1
06-07-2017-16:43:55:390 244157 244794 1
06-07-2017-16:43:55:439 244794 245431 1
06-07-2017-16:43:55:474 245431 246068 1
06-07-2017-16:43:55:511 246068 246705 1
06-07-2017-16:43:55:556 246705 247342 1
06-07-2017-16:43:55:591 247342 247979 1
06-07-2017-16:43:55:631 247979 248616 1
06-07-2017-16:43:55:664 248616 249253 1
06-07-2017-16:43:55:712 249253 249890 1
06-07-2017-16:43:55:747 249890 250527 1
06-07-2017-16:43:55:793 250527 251164 1
06-07-2017-16:43:55:832 251164 251801 1
06-07-2017-16:43:55:865 251801 252438 1
06-07-2017-16:43:55:913 252438 253075 1
06-07-2017-16:43:55:948 253075 253712 1
06-07-2017-16:43:55:984 253712 254349 1
06-07-2017-16:43:56:023 254349 254986 1
06-07-2017-16:43:56:071 254986 255623 1
06-07-2017-16:43:56:104 255623 256260 1
06-07-2017-16:43:56:151 256260 256897 1
06-07-2017-16:43:56:186 256897 257534 1
06-07-2017-16:43:56:222 257534 258171 1
06-07-2017-16:43:56:269 258171 258808 1
06-07-2017-16:43:56:306 258808 259445 1
06-07-2017-16:43:56:341 259445 260082 1
06-07-2017-16:43:56:389 260082 260719 1
06-07-2017-16:43:56:424 260719 261356 1
06-07-2017-16:43:56:471 261356 261993 1
06-07-2017-16:43:56:507 261993 262630 1
06-07-2017-16:43:56:545 262630 263267 1
06-07-2017-16:43:56:579 263267 263904 1
06-07-2017-16:43:56:627 263904 264541 1
06-07-2017-16:43:56:662 264541 265178 1
06-07-2017-16:43:56:704 265178 265815 1
06-07-2017-16:43:56:741 265815 266452 1
06-07-2017-16:43:56:787 266452 267089 1
06-07-2017-16:43:56:823 267089 267726 1
06-07-2017-16:43:56:869 267726 268363 1
06-07-2017-16:43:56:912 268363 269000 1
06-07-2017-16:43:56:947 269000 269637 1
06-07-2017-16:43:56:980 269637 270274 1
06-07-2017-16:43:57:027 270274 270911 1
06-07-2017-16:43:57:063 270911 271548 1
06-07-2017-16:43:57:106 271548 272185 1
06-07-2017-16:43:57:142 272185 272822 1
06-07-2017-16:43:57:178 272822 273459 1
06-07-2017-16:43:57:224 273459 274096 1
06-07-2017-16:43:57:258 274096 274733 1
06-07-2017-16:43:57:310 274733 275334 1
06-07-2017-16:43:57:334 275334 275935 1
06-07-2017-16:43:57:380 275935 276536 1
06-07-2017-16:43:57:417 276536 277137 1
06-07-2017-16:43:57:451 277137 277738 1
06-07-2017-16:43:57:485 277738 278339 1
06-07-2017-16:43:57:525 278339 278940 1
06-07-2017-16:43:57:561 278940 279541 1
06-07-2017-16:43:57:597 279541 280142 1
06-07-2017-16:43:57:643 280142 280743 1
06-07-2017-16:43:57:671 280743 281344 1
06-07-2017-16:43:57:717 281344 281945 1
06-07-2017-16:43:57:752 281945 282546 1
06-07-2017-16:43:57:789 282546 283147 1
06-07-2017-16:43:57:823 283147 283748 1
06-07-2017-16:43:57:862 283748 284349 1
06-07-2017-16:43:57:896 284349 284950 1
06-07-2017-16:43:58:081 284950 285551 1
06-07-2017-16:43:58:082 285551 286152 1
06-07-2017-16:43:58:082 286152 286753 1
06-07-2017-16:43:58:082 286753 287354 1
06-07-2017-16:43:58:086 287354 287955 1
06-07-2017-16:43:58:121 287955 288556 1
06-07-2017-16:43:58:168 288556 289157 1
06-07-2017-16:43:58:203 289157 289758 1
06-07-2017-16:43:58:239 289758 290359 1
06-07-2017-16:43:58:278 290359 290960 1
06-07-2017-16:43:58:314 290960 291561 1
06-07-2017-16:43:58:347 291561 292162 1
06-07-2017-16:43:58:395 292162 292763 1
06-07-2017-16:43:58:431 292763 293364 1
06-07-2017-16:43:58:470 293364 293965 1
06-07-2017-16:43:58:505 293965 294566 1
06-07-2017-16:43:58:540 294566 295167 1
06-07-2017-16:43:58:574 295167 295768 1
06-07-2017-16:43:58:610 295768 296369 1
06-07-2017-16:43:58:652 296369 296970 1
06-07-2017-16:43:58:688 296970 297571 1
06-07-2017-16:43:58:724 297571 298172 1
06-07-2017-16:43:58:758 298172 298773 1
06-07-2017-16:43:58:806 298773 299374 1
06-07-2017-16:43:58:841 299374 299975 1
06-07-2017-16:43:58:879 299975 300576 1
06-07-2017-16:43:58:914 300576 301177 1
06-07-2017-16:43:58:949 301177 301778 1
06-07-2017-16:43:58:984 301778 302379 1
06-07-2017-16:43:59:032 302379 302980 1
06-07-2017-16:43:59:063 302980 303581 1
06-07-2017-16:43:59:107 303581 304182 1
06-07-2017-16:43:59:142 304182 304783 1
06-07-2017-16:43:59:176 304783 305384 1
06-07-2017-16:43:59:212 305384 305985 1
06-07-2017-16:43:59:258 305985 306586 1
06-07-2017-16:43:59:296 306586 307187 1
06-07-2017-16:43:59:330 307187 307788 1
06-07-2017-16:43:59:366 307788 308389 1
06-07-2017-16:43:59:402 308389 308990 1
06-07-2017-16:43:59:437 308990 309591 1
06-07-2017-16:43:59:488 309591 310192 1
06-07-2017-16:43:59:515 310192 310793 1
06-07-2017-16:43:59:551 310793 311394 1
06-07-2017-16:43:59:585 311394 311995 1
06-07-2017-16:43:59:633 311995 312596 1
06-07-2017-16:43:59:667 312596 313197 1
06-07-2017-16:43:59:707 313197 313798 1
06-07-2017-16:43:59:742 313798 314399 1
06-07-2017-16:43:59:777 314399 315000 1
06-07-2017-16:43:59:813 315000 315601 1
06-07-2017-16:43:59:864 315601 316202 1
06-07-2017-16:43:59:891 316202 316803 1
06-07-2017-16:43:59:926 316803 317404 1
06-07-2017-16:43:59:961 317404 318005 1
06-07-2017-16:44:00:007 318005 318606 1
06-07-2017-16:44:00:048 318606 319207 1
06-07-2017-16:44:00:078 319207 319808 1
06-07-2017-16:44:00:122 319808 320409 1
06-07-2017-16:44:00:158 320409 321010 1
06-07-2017-16:44:00:193 321010 321611 1
06-07-2017-16:44:00:227 321611 322212 1
06-07-2017-16:44:00:269 322212 322813 1
06-07-2017-16:44:00:310 322813 323414 1
06-07-2017-16:44:00:344 323414 324015 1
06-07-2017-16:44:00:380 324015 324616 1
06-07-2017-16:44:00:415 324616 325217 1
06-07-2017-16:44:00:449 325217 325818 1
06-07-2017-16:44:00:497 325818 326419 1
06-07-2017-16:44:00:532 326419 327020 1
06-07-2017-16:44:00:566 327020 327621 1
06-07-2017-16:44:00:605 327621 328222 1
06-07-2017-16:44:00:649 328222 328823 1
06-07-2017-16:44:00:678 328823 329424 1
06-07-2017-16:44:00:714 329424 330025 1
06-07-2017-16:44:00:760 330025 330626 1
06-07-2017-16:44:00:796 330626 331227 1
06-07-2017-16:44:00:832 331227 331828 1
06-07-2017-16:44:00:872 331828 332429 1
06-07-2017-16:44:00:905 332429 333030 1
06-07-2017-16:44:00:941 333030 333631 1
06-07-2017-16:44:00:975 333631 334232 1
06-07-2017-16:44:01:023 334232 334833 1
06-07-2017-16:44:01:057 334833 335434 1
06-07-2017-16:44:01:258 335434 336035 1
06-07-2017-16:44:01:259 336035 336636 1
06-07-2017-16:44:01:259 336636 337237 1
06-07-2017-16:44:01:260 337237 337838 1
06-07-2017-16:44:01:260 337838 338439 1
06-07-2017-16:44:01:280 338439 339040 1
06-07-2017-16:44:01:315 339040 339641 1
06-07-2017-16:44:01:362 339641 340242 1
06-07-2017-16:44:01:396 340242 340843 1
06-07-2017-16:44:01:431 340843 341444 1
06-07-2017-16:44:01:466 341444 342045 1
06-07-2017-16:44:01:501 342045 342646 1
06-07-2017-16:44:01:549 342646 343247 1
06-07-2017-16:44:01:588 343247 343848 1
06-07-2017-16:44:01:615 343848 344449 1
06-07-2017-16:44:01:650 344449 345050 1
06-07-2017-16:44:01:698 345050 345651 1
06-07-2017-16:44:01:733 345651 346252 1
06-07-2017-16:44:01:768 346252 346853 1
