10-07-2017-13:04:45:971 0 800 1
10-07-2017-13:04:46:022 800 1600 1
10-07-2017-13:04:46:069 1600 2400 1
10-07-2017-13:04:46:120 2400 3200 1
10-07-2017-13:04:46:173 3200 3974 1
10-07-2017-13:04:46:226 3974 4748 1
10-07-2017-13:04:46:275 4748 5522 1
10-07-2017-13:04:46:323 5522 6296 1
10-07-2017-13:04:46:369 6296 7070 1
10-07-2017-13:04:46:416 7070 7844 1
10-07-2017-13:04:46:461 7844 8618 1
10-07-2017-13:04:46:509 8618 9392 1
10-07-2017-13:04:46:561 9392 10166 1
10-07-2017-13:04:46:606 10166 10940 1
10-07-2017-13:04:46:661 10940 11574 1
10-07-2017-13:04:46:684 11574 12208 1
10-07-2017-13:04:46:730 12208 12842 1
10-07-2017-13:04:46:766 12842 13476 1
10-07-2017-13:04:46:811 13476 14110 1
10-07-2017-13:04:46:849 14110 14744 1
10-07-2017-13:04:46:882 14744 15378 1
10-07-2017-13:04:46:929 15378 16012 1
10-07-2017-13:04:46:962 16012 16646 1
10-07-2017-13:04:47:009 16646 17280 1
10-07-2017-13:04:47:046 17280 17914 1
10-07-2017-13:04:47:080 17914 18548 1
10-07-2017-13:04:47:128 18548 19182 1
10-07-2017-13:04:47:161 19182 19816 1
10-07-2017-13:04:47:202 19816 20450 1
10-07-2017-13:04:47:247 20450 21084 1
10-07-2017-13:04:47:283 21084 21718 1
10-07-2017-13:04:47:319 21718 22352 1
10-07-2017-13:04:47:364 22352 22986 1
10-07-2017-13:04:47:399 22986 23620 1
10-07-2017-13:04:47:435 23620 24254 1
10-07-2017-13:04:47:481 24254 24888 1
10-07-2017-13:04:47:516 24888 25522 1
10-07-2017-13:04:47:902 25522 26156 1
10-07-2017-13:04:47:903 26156 26790 1
10-07-2017-13:04:47:903 26790 27424 1
10-07-2017-13:04:47:903 27424 28058 1
10-07-2017-13:04:47:903 28058 28692 1
10-07-2017-13:04:47:903 28692 29326 1
10-07-2017-13:04:47:903 29326 29960 1
10-07-2017-13:04:47:903 29960 30594 1
10-07-2017-13:04:47:903 30594 31228 1
10-07-2017-13:04:47:913 31228 31862 1
10-07-2017-13:04:47:964 31862 32496 1
10-07-2017-13:04:47:991 32496 33130 1
10-07-2017-13:04:48:037 33130 33764 1
10-07-2017-13:04:48:072 33764 34398 1
10-07-2017-13:04:48:119 34398 35032 1
10-07-2017-13:04:48:154 35032 35666 1
10-07-2017-13:04:48:188 35666 36300 1
10-07-2017-13:04:48:235 36300 36934 1
10-07-2017-13:04:48:273 36934 37568 1
10-07-2017-13:04:48:318 37568 38202 1
10-07-2017-13:04:48:353 38202 38836 1
10-07-2017-13:04:48:395 38836 39470 1
10-07-2017-13:04:48:431 39470 40104 1
10-07-2017-13:04:48:467 40104 40738 1
10-07-2017-13:04:48:505 40738 41372 1
10-07-2017-13:04:48:554 41372 42006 1
10-07-2017-13:04:48:586 42006 42640 1
10-07-2017-13:04:48:634 42640 43274 1
10-07-2017-13:04:48:668 43274 43908 1
10-07-2017-13:04:48:707 43908 44542 1
10-07-2017-13:04:48:750 44542 45176 1
10-07-2017-13:04:48:787 45176 45810 1
10-07-2017-13:04:48:832 45810 46444 1
10-07-2017-13:04:48:867 46444 47078 1
10-07-2017-13:04:48:903 47078 47712 1
10-07-2017-13:04:48:949 47712 48346 1
10-07-2017-13:04:48:984 48346 48980 1
10-07-2017-13:04:49:031 48980 49614 1
10-07-2017-13:04:49:065 49614 50248 1
10-07-2017-13:04:49:101 50248 50882 1
10-07-2017-13:04:49:146 50882 51516 1
10-07-2017-13:04:49:183 51516 52150 1
10-07-2017-13:04:49:229 52150 52784 1
10-07-2017-13:04:49:265 52784 53418 1
10-07-2017-13:04:49:298 53418 54052 1
10-07-2017-13:04:49:346 54052 54686 1
10-07-2017-13:04:49:380 54686 55320 1
10-07-2017-13:04:49:426 55320 55954 1
10-07-2017-13:04:49:462 55954 56588 1
10-07-2017-13:04:49:498 56588 57222 1
10-07-2017-13:04:49:543 57222 57856 1
10-07-2017-13:04:49:579 57856 58490 1
10-07-2017-13:04:49:625 58490 59124 1
10-07-2017-13:04:49:661 59124 59758 1
10-07-2017-13:04:49:695 59758 60392 1
10-07-2017-13:04:49:742 60392 61026 1
10-07-2017-13:04:49:777 61026 61660 1
10-07-2017-13:04:49:824 61660 62294 1
10-07-2017-13:04:49:858 62294 62928 1
10-07-2017-13:04:49:895 62928 63562 1
10-07-2017-13:04:49:939 63562 64196 1
10-07-2017-13:04:49:975 64196 64830 1
10-07-2017-13:04:50:022 64830 65464 1
10-07-2017-13:04:50:056 65464 66098 1
10-07-2017-13:04:50:090 66098 66732 1
10-07-2017-13:04:50:138 66732 67366 1
10-07-2017-13:04:50:174 67366 68000 1
10-07-2017-13:04:50:219 68000 68634 1
10-07-2017-13:04:50:259 68634 69268 1
10-07-2017-13:04:50:290 69268 69902 1
10-07-2017-13:04:50:337 69902 70536 1
10-07-2017-13:04:50:371 70536 71170 1
10-07-2017-13:04:50:418 71170 71804 1
10-07-2017-13:04:50:456 71804 72438 1
10-07-2017-13:04:50:487 72438 73072 1
10-07-2017-13:04:50:534 73072 73706 1
10-07-2017-13:04:50:570 73706 74340 1
10-07-2017-13:04:50:616 74340 74974 1
10-07-2017-13:04:50:653 74974 75608 1
10-07-2017-13:04:50:685 75608 76242 1
10-07-2017-13:04:50:732 76242 76876 1
10-07-2017-13:04:50:772 76876 77510 1
10-07-2017-13:04:50:815 77510 78144 1
10-07-2017-13:04:50:846 78144 78778 1
10-07-2017-13:04:50:889 78778 79412 1
10-07-2017-13:04:50:927 79412 80046 1
10-07-2017-13:04:50:963 80046 80680 1
10-07-2017-13:04:51:009 80680 81314 1
10-07-2017-13:04:51:045 81314 81948 1
10-07-2017-13:04:51:091 81948 82582 1
10-07-2017-13:04:51:127 82582 83216 1
10-07-2017-13:04:51:161 83216 83850 1
10-07-2017-13:04:51:208 83850 84484 1
10-07-2017-13:04:51:247 84484 85118 1
10-07-2017-13:04:51:289 85118 85752 1
10-07-2017-13:04:51:326 85752 86386 1
10-07-2017-13:04:51:359 86386 87020 1
10-07-2017-13:04:51:406 87020 87654 1
10-07-2017-13:04:51:442 87654 88288 1
10-07-2017-13:04:51:488 88288 88922 1
10-07-2017-13:04:51:525 88922 89556 1
10-07-2017-13:04:51:557 89556 90190 1
10-07-2017-13:04:51:995 90190 90824 1
10-07-2017-13:04:51:996 90824 91458 1
10-07-2017-13:04:51:996 91458 92092 1
10-07-2017-13:04:51:997 92092 92726 1
10-07-2017-13:04:51:997 92726 93360 1
10-07-2017-13:04:51:997 93360 93994 1
10-07-2017-13:04:51:997 93994 94628 1
10-07-2017-13:04:51:997 94628 95262 1
10-07-2017-13:04:51:997 95262 95896 1
10-07-2017-13:04:51:997 95896 96530 1
10-07-2017-13:04:52:002 96530 97164 1
10-07-2017-13:04:52:036 97164 97798 1
10-07-2017-13:04:52:091 97798 98432 1
10-07-2017-13:04:52:117 98432 99066 1
10-07-2017-13:04:52:153 99066 99700 1
10-07-2017-13:04:52:200 99700 100334 1
10-07-2017-13:04:52:234 100334 100968 1
10-07-2017-13:04:52:270 100968 101602 1
10-07-2017-13:04:52:316 101602 102236 1
10-07-2017-13:04:52:351 102236 102870 1
10-07-2017-13:04:52:397 102870 103504 1
10-07-2017-13:04:52:433 103504 104138 1
10-07-2017-13:04:52:468 104138 104772 1
10-07-2017-13:04:52:514 104772 105406 1
10-07-2017-13:04:52:550 105406 106040 1
10-07-2017-13:04:52:596 106040 106674 1
10-07-2017-13:04:52:631 106674 107308 1
10-07-2017-13:04:52:665 107308 107942 1
10-07-2017-13:04:52:713 107942 108576 1
10-07-2017-13:04:52:749 108576 109210 1
10-07-2017-13:04:52:795 109210 109844 1
10-07-2017-13:04:52:832 109844 110478 1
10-07-2017-13:04:52:864 110478 111112 1
10-07-2017-13:04:52:916 111112 111746 1
10-07-2017-13:04:52:950 111746 112380 1
10-07-2017-13:04:52:989 112380 113014 1
10-07-2017-13:04:53:023 113014 113648 1
10-07-2017-13:04:53:069 113648 114282 1
10-07-2017-13:04:53:104 114282 114916 1
10-07-2017-13:04:53:150 114916 115550 1
10-07-2017-13:04:53:188 115550 116184 1
10-07-2017-13:04:53:223 116184 116818 1
10-07-2017-13:04:53:267 116818 117452 1
10-07-2017-13:04:53:302 117452 118086 1
10-07-2017-13:04:53:348 118086 118720 1
10-07-2017-13:04:53:385 118720 119354 1
10-07-2017-13:04:53:420 119354 119988 1
10-07-2017-13:04:53:463 119988 120622 1
10-07-2017-13:04:53:500 120622 121256 1
10-07-2017-13:04:53:545 121256 121890 1
10-07-2017-13:04:53:580 121890 122524 1
10-07-2017-13:04:53:627 122524 123158 1
10-07-2017-13:04:53:691 123158 123792 1
10-07-2017-13:04:53:696 123792 124426 1
10-07-2017-13:04:53:744 124426 125060 1
10-07-2017-13:04:53:779 125060 125694 1
10-07-2017-13:04:53:824 125694 126328 1
10-07-2017-13:04:53:860 126328 126962 1
10-07-2017-13:04:53:894 126962 127596 1
10-07-2017-13:04:53:942 127596 128230 1
10-07-2017-13:04:53:976 128230 128864 1
10-07-2017-13:04:54:022 128864 129498 1
10-07-2017-13:04:54:058 129498 130132 1
10-07-2017-13:04:54:094 130132 130766 1
10-07-2017-13:04:54:135 130766 131400 1
10-07-2017-13:04:54:181 131400 132034 1
10-07-2017-13:04:54:216 132034 132668 1
10-07-2017-13:04:54:252 132668 133302 1
10-07-2017-13:04:54:297 133302 133936 1
10-07-2017-13:04:54:333 133936 134570 1
10-07-2017-13:04:54:380 134570 135204 1
10-07-2017-13:04:54:417 135204 135838 1
10-07-2017-13:04:54:452 135838 136472 1
10-07-2017-13:04:54:488 136472 137106 1
10-07-2017-13:04:54:536 137106 137740 1
10-07-2017-13:04:54:571 137740 138374 1
10-07-2017-13:04:54:617 138374 139008 1
10-07-2017-13:04:54:651 139008 139642 1
10-07-2017-13:04:54:686 139642 140276 1
10-07-2017-13:04:54:733 140276 140910 1
10-07-2017-13:04:54:768 140910 141544 1
10-07-2017-13:04:54:815 141544 142178 1
10-07-2017-13:04:54:851 142178 142812 1
10-07-2017-13:04:54:885 142812 143446 1
10-07-2017-13:04:54:932 143446 144080 1
10-07-2017-13:04:54:967 144080 144714 1
10-07-2017-13:04:55:014 144714 145348 1
10-07-2017-13:04:55:049 145348 145982 1
10-07-2017-13:04:55:083 145982 146616 1
10-07-2017-13:04:55:132 146616 147250 1
10-07-2017-13:04:55:164 147250 147884 1
10-07-2017-13:04:55:211 147884 148518 1
10-07-2017-13:04:55:248 148518 149152 1
10-07-2017-13:04:55:281 149152 149786 1
10-07-2017-13:04:55:329 149786 150420 1
10-07-2017-13:04:55:364 150420 151054 1
10-07-2017-13:04:55:411 151054 151688 1
10-07-2017-13:04:55:446 151688 152322 1
10-07-2017-13:04:55:480 152322 152956 1
10-07-2017-13:04:55:529 152956 153590 1
10-07-2017-13:04:55:560 153590 154224 1
10-07-2017-13:04:55:613 154224 154858 1
10-07-2017-13:04:55:640 154858 155492 1
10-07-2017-13:04:55:679 155492 156126 1
10-07-2017-13:04:55:726 156126 156760 1
10-07-2017-13:04:55:762 156760 157394 1
10-07-2017-13:04:55:807 157394 158028 1
10-07-2017-13:04:55:843 158028 158662 1
10-07-2017-13:04:55:878 158662 159296 1
10-07-2017-13:04:55:924 159296 159930 1
10-07-2017-13:04:55:961 159930 160564 1
10-07-2017-13:04:55:994 160564 161198 1
10-07-2017-13:04:56:301 161198 161832 1
10-07-2017-13:04:56:302 161832 162466 1
10-07-2017-13:04:56:302 162466 163100 1
10-07-2017-13:04:56:304 163100 163734 1
10-07-2017-13:04:56:304 163734 164368 1
10-07-2017-13:04:56:304 164368 165002 1
10-07-2017-13:04:56:304 165002 165636 1
10-07-2017-13:04:56:321 165636 166270 1
10-07-2017-13:04:56:373 166270 166904 1
10-07-2017-13:04:56:393 166904 167538 1
10-07-2017-13:04:56:437 167538 168172 1
10-07-2017-13:04:56:472 168172 168806 1
10-07-2017-13:04:56:519 168806 169440 1
10-07-2017-13:04:56:555 169440 170074 1
10-07-2017-13:04:56:588 170074 170708 1
10-07-2017-13:04:56:636 170708 171342 1
10-07-2017-13:04:56:672 171342 171976 1
10-07-2017-13:04:56:721 171976 172610 1
10-07-2017-13:04:56:754 172610 173244 1
10-07-2017-13:04:56:787 173244 173878 1
10-07-2017-13:04:56:832 173878 174512 1
10-07-2017-13:04:56:868 174512 175146 1
10-07-2017-13:04:56:914 175146 175780 1
10-07-2017-13:04:56:949 175780 176414 1
10-07-2017-13:04:56:986 176414 177048 1
10-07-2017-13:04:57:032 177048 177682 1
10-07-2017-13:04:57:070 177682 178316 1
10-07-2017-13:04:57:114 178316 178950 1
10-07-2017-13:04:57:147 178950 179584 1
10-07-2017-13:04:57:184 179584 180218 1
10-07-2017-13:04:57:229 180218 180852 1
10-07-2017-13:04:57:264 180852 181486 1
10-07-2017-13:04:57:311 181486 182120 1
10-07-2017-13:04:57:346 182120 182754 1
10-07-2017-13:04:57:382 182754 183388 1
10-07-2017-13:04:57:429 183388 184022 1
10-07-2017-13:04:57:464 184022 184656 1
10-07-2017-13:04:57:503 184656 185290 1
10-07-2017-13:04:57:548 185290 185924 1
10-07-2017-13:04:57:582 185924 186558 1
10-07-2017-13:04:57:629 186558 187192 1
10-07-2017-13:04:57:665 187192 187826 1
10-07-2017-13:04:57:701 187826 188460 1
10-07-2017-13:04:57:747 188460 189094 1
10-07-2017-13:04:57:782 189094 189728 1
10-07-2017-13:04:57:833 189728 190362 1
10-07-2017-13:04:57:860 190362 190996 1
10-07-2017-13:04:57:906 190996 191630 1
10-07-2017-13:04:57:943 191630 192264 1
10-07-2017-13:04:57:976 192264 192898 1
10-07-2017-13:04:58:024 192898 193532 1
10-07-2017-13:04:58:060 193532 194166 1
10-07-2017-13:04:58:093 194166 194800 1
10-07-2017-13:04:58:142 194800 195434 1
10-07-2017-13:04:58:175 195434 196068 1
10-07-2017-13:04:58:223 196068 196702 1
10-07-2017-13:04:58:257 196702 197336 1
10-07-2017-13:04:58:292 197336 197970 1
10-07-2017-13:04:58:339 197970 198604 1
10-07-2017-13:04:58:379 198604 199238 1
10-07-2017-13:04:58:421 199238 199872 1
10-07-2017-13:04:58:455 199872 200506 1
10-07-2017-13:04:58:492 200506 201140 1
10-07-2017-13:04:58:537 201140 201774 1
10-07-2017-13:04:58:572 201774 202408 1
10-07-2017-13:04:58:675 202408 203042 1
10-07-2017-13:04:58:676 203042 203676 1
10-07-2017-13:04:58:694 203676 204310 1
10-07-2017-13:04:58:730 204310 204944 1
10-07-2017-13:04:58:777 204944 205578 1
10-07-2017-13:04:58:812 205578 206212 1
10-07-2017-13:04:58:859 206212 206846 1
10-07-2017-13:04:58:894 206846 207480 1
10-07-2017-13:04:58:929 207480 208114 1
10-07-2017-13:04:58:974 208114 208748 1
10-07-2017-13:04:59:015 208748 209382 1
10-07-2017-13:04:59:051 209382 210016 1
10-07-2017-13:04:59:085 210016 210650 1
10-07-2017-13:04:59:132 210650 211284 1
10-07-2017-13:04:59:168 211284 211918 1
10-07-2017-13:04:59:213 211918 212552 1
10-07-2017-13:04:59:251 212552 213186 1
10-07-2017-13:04:59:283 213186 213820 1
10-07-2017-13:04:59:331 213820 214454 1
10-07-2017-13:04:59:364 214454 215088 1
10-07-2017-13:04:59:412 215088 215722 1
10-07-2017-13:04:59:447 215722 216356 1
10-07-2017-13:04:59:481 216356 216990 1
10-07-2017-13:04:59:527 216990 217624 1
10-07-2017-13:04:59:563 217624 218258 1
10-07-2017-13:04:59:609 218258 218892 1
10-07-2017-13:04:59:645 218892 219526 1
10-07-2017-13:04:59:679 219526 220160 1
10-07-2017-13:04:59:725 220160 220794 1
10-07-2017-13:04:59:760 220794 221428 1
10-07-2017-13:04:59:808 221428 222062 1
10-07-2017-13:04:59:842 222062 222696 1
10-07-2017-13:04:59:883 222696 223330 1
10-07-2017-13:04:59:927 223330 223964 1
10-07-2017-13:04:59:956 223964 224598 1
10-07-2017-13:05:00:004 224598 225232 1
10-07-2017-13:05:00:094 225232 225866 1
10-07-2017-13:05:00:095 225866 226500 1
10-07-2017-13:05:00:120 226500 227134 1
10-07-2017-13:05:00:155 227134 227768 1
10-07-2017-13:05:00:202 227768 228402 1
10-07-2017-13:05:00:236 228402 229036 1
10-07-2017-13:05:00:284 229036 229670 1
10-07-2017-13:05:00:318 229670 230304 1
10-07-2017-13:05:00:353 230304 230938 1
10-07-2017-13:05:00:401 230938 231572 1
10-07-2017-13:05:00:435 231572 232206 1
10-07-2017-13:05:00:486 232206 232840 1
10-07-2017-13:05:00:521 232840 233474 1
10-07-2017-13:05:00:556 233474 234108 1
10-07-2017-13:05:00:591 234108 234742 1
10-07-2017-13:05:00:638 234742 235376 1
10-07-2017-13:05:00:672 235376 236010 1
10-07-2017-13:05:00:721 236010 236644 1
10-07-2017-13:05:00:755 236644 237278 1
10-07-2017-13:05:00:793 237278 237912 1
10-07-2017-13:05:00:836 237912 238546 1
10-07-2017-13:05:00:870 238546 239180 1
10-07-2017-13:05:00:918 239180 239814 1
10-07-2017-13:05:00:953 239814 240448 1
10-07-2017-13:05:00:989 240448 241082 1
10-07-2017-13:05:01:034 241082 241716 1
10-07-2017-13:05:01:069 241716 242350 1
10-07-2017-13:05:01:115 242350 242984 1
10-07-2017-13:05:01:159 242984 243618 1
10-07-2017-13:05:01:194 243618 244252 1
10-07-2017-13:05:01:311 244252 244886 1
10-07-2017-13:05:01:313 244886 245520 1
10-07-2017-13:05:01:313 245520 246154 1
10-07-2017-13:05:01:346 246154 246788 1
10-07-2017-13:05:01:394 246788 247422 1
10-07-2017-13:05:01:428 247422 248056 1
10-07-2017-13:05:01:463 248056 248690 1
10-07-2017-13:05:01:513 248690 249324 1
10-07-2017-13:05:01:544 249324 249958 1
10-07-2017-13:05:01:590 249958 250592 1
10-07-2017-13:05:01:626 250592 251226 1
10-07-2017-13:05:01:660 251226 251860 1
10-07-2017-13:05:01:707 251860 252494 1
10-07-2017-13:05:01:743 252494 253128 1
10-07-2017-13:05:01:789 253128 253762 1
10-07-2017-13:05:01:825 253762 254396 1
10-07-2017-13:05:01:859 254396 255030 1
10-07-2017-13:05:01:906 255030 255664 1
10-07-2017-13:05:01:942 255664 256298 1
10-07-2017-13:05:01:988 256298 256932 1
10-07-2017-13:05:02:023 256932 257566 1
10-07-2017-13:05:02:064 257566 258200 1
10-07-2017-13:05:02:101 258200 258834 1
10-07-2017-13:05:02:149 258834 259468 1
10-07-2017-13:05:02:182 259468 260102 1
10-07-2017-13:05:02:217 260102 260736 1
10-07-2017-13:05:02:262 260736 261370 1
10-07-2017-13:05:02:300 261370 262004 1
10-07-2017-13:05:02:344 262004 262638 1
10-07-2017-13:05:02:379 262638 263272 1
10-07-2017-13:05:02:415 263272 263906 1
10-07-2017-13:05:02:461 263906 264540 1
10-07-2017-13:05:02:496 264540 265174 1
10-07-2017-13:05:02:543 265174 265808 1
10-07-2017-13:05:02:608 265808 266442 1
10-07-2017-13:05:02:613 266442 267076 1
10-07-2017-13:05:02:659 267076 267710 1
10-07-2017-13:05:02:698 267710 268344 1
10-07-2017-13:05:02:732 268344 268978 1
10-07-2017-13:05:02:776 268978 269612 1
10-07-2017-13:05:02:812 269612 270246 1
10-07-2017-13:05:02:860 270246 270880 1
10-07-2017-13:05:02:894 270880 271514 1
10-07-2017-13:05:02:929 271514 272148 1
10-07-2017-13:05:02:974 272148 272782 1
10-07-2017-13:05:03:011 272782 273416 1
10-07-2017-13:05:03:056 273416 274050 1
10-07-2017-13:05:03:091 274050 274684 1
10-07-2017-13:05:03:127 274684 275318 1
10-07-2017-13:05:03:174 275318 275952 1
10-07-2017-13:05:03:210 275952 276586 1
10-07-2017-13:05:03:254 276586 277220 1
10-07-2017-13:05:03:300 277220 277854 1
10-07-2017-13:05:03:327 277854 278488 1
10-07-2017-13:05:03:373 278488 279122 1
10-07-2017-13:05:03:409 279122 279756 1
10-07-2017-13:05:03:443 279756 280390 1
10-07-2017-13:05:03:494 280390 281024 1
10-07-2017-13:05:03:529 281024 281658 1
10-07-2017-13:05:03:563 281658 282292 1
10-07-2017-13:05:03:613 282292 282926 1
10-07-2017-13:05:03:645 282926 283560 1
10-07-2017-13:05:03:692 283560 284194 1
10-07-2017-13:05:03:726 284194 284828 1
10-07-2017-13:05:03:763 284828 285462 1
10-07-2017-13:05:03:808 285462 286096 1
10-07-2017-13:05:03:842 286096 286730 1
10-07-2017-13:05:03:892 286730 287364 1
10-07-2017-13:05:03:926 287364 287998 1
10-07-2017-13:05:03:960 287998 288632 1
10-07-2017-13:05:04:007 288632 289266 1
10-07-2017-13:05:04:047 289266 289900 1
10-07-2017-13:05:04:080 289900 290534 1
10-07-2017-13:05:04:128 290534 291168 1
10-07-2017-13:05:04:163 291168 291802 1
10-07-2017-13:05:04:196 291802 292436 1
10-07-2017-13:05:04:244 292436 293070 1
10-07-2017-13:05:04:278 293070 293704 1
10-07-2017-13:05:04:325 293704 294338 1
10-07-2017-13:05:04:360 294338 294972 1
10-07-2017-13:05:04:395 294972 295606 1
10-07-2017-13:05:04:441 295606 296240 1
10-07-2017-13:05:04:477 296240 296874 1
10-07-2017-13:05:04:523 296874 297508 1
10-07-2017-13:05:04:558 297508 298142 1
10-07-2017-13:05:04:593 298142 298776 1
10-07-2017-13:05:04:639 298776 299410 1
10-07-2017-13:05:04:676 299410 300044 1
10-07-2017-13:05:04:722 300044 300678 1
10-07-2017-13:05:04:757 300678 301312 1
10-07-2017-13:05:04:793 301312 301946 1
10-07-2017-13:05:04:839 301946 302580 1
10-07-2017-13:05:04:874 302580 303214 1
10-07-2017-13:05:04:919 303214 303848 1
10-07-2017-13:05:04:951 303848 304482 1
10-07-2017-13:05:04:998 304482 305116 1
10-07-2017-13:05:05:033 305116 305750 1
10-07-2017-13:05:05:067 305750 306384 1
10-07-2017-13:05:05:164 306384 307018 1
10-07-2017-13:05:05:165 307018 307652 1
10-07-2017-13:05:05:197 307652 308286 1
10-07-2017-13:05:05:231 308286 308920 1
10-07-2017-13:05:05:265 308920 309554 1
10-07-2017-13:05:05:312 309554 310188 1
10-07-2017-13:05:05:347 310188 310822 1
10-07-2017-13:05:05:394 310822 311456 1
10-07-2017-13:05:05:430 311456 312090 1
10-07-2017-13:05:05:464 312090 312724 1
10-07-2017-13:05:05:510 312724 313358 1
10-07-2017-13:05:05:548 313358 313992 1
10-07-2017-13:05:05:586 313992 314626 1
10-07-2017-13:05:05:625 314626 315260 1
10-07-2017-13:05:05:671 315260 315894 1
10-07-2017-13:05:05:706 315894 316528 1
10-07-2017-13:05:05:752 316528 317162 1
10-07-2017-13:05:05:787 317162 317796 1
10-07-2017-13:05:05:822 317796 318430 1
10-07-2017-13:05:05:869 318430 319064 1
10-07-2017-13:05:05:905 319064 319698 1
10-07-2017-13:05:05:952 319698 320332 1
10-07-2017-13:05:05:986 320332 320966 1
10-07-2017-13:05:06:021 320966 321600 1
10-07-2017-13:05:06:121 321600 322234 1
10-07-2017-13:05:06:122 322234 322868 1
10-07-2017-13:05:06:148 322868 323502 1
10-07-2017-13:05:06:185 323502 324136 1
10-07-2017-13:05:06:219 324136 324770 1
10-07-2017-13:05:06:267 324770 325404 1
10-07-2017-13:05:06:300 325404 326038 1
10-07-2017-13:05:06:347 326038 326672 1
10-07-2017-13:05:06:383 326672 327306 1
10-07-2017-13:05:06:416 327306 327940 1
10-07-2017-13:05:06:464 327940 328574 1
10-07-2017-13:05:06:498 328574 329208 1
10-07-2017-13:05:06:546 329208 329842 1
10-07-2017-13:05:06:580 329842 330476 1
10-07-2017-13:05:06:616 330476 331110 1
10-07-2017-13:05:06:662 331110 331744 1
10-07-2017-13:05:06:698 331744 332378 1
10-07-2017-13:05:06:732 332378 333012 1
10-07-2017-13:05:06:779 333012 333646 1
10-07-2017-13:05:06:814 333646 334280 1
10-07-2017-13:05:06:860 334280 334914 1
10-07-2017-13:05:06:896 334914 335548 1
10-07-2017-13:05:06:931 335548 336182 1
10-07-2017-13:05:06:977 336182 336816 1
10-07-2017-13:05:07:011 336816 337450 1
10-07-2017-13:05:07:058 337450 338084 1
10-07-2017-13:05:07:093 338084 338718 1
10-07-2017-13:05:07:129 338718 339352 1
10-07-2017-13:05:07:179 339352 339986 1
10-07-2017-13:05:07:220 339986 340620 1
10-07-2017-13:05:07:259 340620 341254 1
10-07-2017-13:05:07:293 341254 341888 1
10-07-2017-13:05:07:329 341888 342522 1
10-07-2017-13:05:07:375 342522 343156 1
10-07-2017-13:05:07:410 343156 343790 1
10-07-2017-13:05:07:456 343790 344424 1
10-07-2017-13:05:07:491 344424 345058 1
10-07-2017-13:05:07:525 345058 345692 1
10-07-2017-13:05:07:573 345692 346326 1
10-07-2017-13:05:07:609 346326 346960 1
10-07-2017-13:05:07:661 346960 347587 1
10-07-2017-13:05:07:684 347587 348214 1
10-07-2017-13:05:07:731 348214 348841 1
10-07-2017-13:05:07:765 348841 349468 1
10-07-2017-13:05:07:801 349468 350095 1
10-07-2017-13:05:07:851 350095 350722 1
10-07-2017-13:05:07:883 350722 351349 1
10-07-2017-13:05:07:933 351349 351976 1
10-07-2017-13:05:07:973 351976 352603 1
10-07-2017-13:05:08:002 352603 353230 1
10-07-2017-13:05:08:036 353230 353857 1
10-07-2017-13:05:08:077 353857 354484 1
10-07-2017-13:05:08:117 354484 355111 1
10-07-2017-13:05:08:161 355111 355738 1
10-07-2017-13:05:08:201 355738 356365 1
10-07-2017-13:05:08:237 356365 356992 1
10-07-2017-13:05:08:281 356992 357619 1
10-07-2017-13:05:08:316 357619 358246 1
10-07-2017-13:05:08:351 358246 358873 1
10-07-2017-13:05:08:397 358873 359500 1
10-07-2017-13:05:08:432 359500 360127 1
10-07-2017-13:05:08:468 360127 360754 1
10-07-2017-13:05:08:515 360754 361381 1
10-07-2017-13:05:08:548 361381 362008 1
10-07-2017-13:05:08:585 362008 362635 1
10-07-2017-13:05:08:631 362635 363262 1
10-07-2017-13:05:08:670 363262 363889 1
10-07-2017-13:05:08:837 363889 364516 1
10-07-2017-13:05:08:838 364516 365143 1
10-07-2017-13:05:08:839 365143 365770 1
10-07-2017-13:05:08:839 365770 366397 1
10-07-2017-13:05:08:865 366397 367024 1
10-07-2017-13:05:08:914 367024 367651 1
10-07-2017-13:05:08:946 367651 368278 1
10-07-2017-13:05:08:982 368278 368905 1
10-07-2017-13:05:09:016 368905 369532 1
10-07-2017-13:05:09:062 369532 370159 1
10-07-2017-13:05:09:098 370159 370786 1
10-07-2017-13:05:09:133 370786 371413 1
10-07-2017-13:05:09:179 371413 372040 1
10-07-2017-13:05:09:214 372040 372667 1
10-07-2017-13:05:09:253 372667 373294 1
10-07-2017-13:05:09:296 373294 373921 1
10-07-2017-13:05:09:331 373921 374548 1
10-07-2017-13:05:09:381 374548 375175 1
10-07-2017-13:05:09:417 375175 375802 1
10-07-2017-13:05:09:452 375802 376429 1
10-07-2017-13:05:09:491 376429 377056 1
10-07-2017-13:05:09:526 377056 377683 1
10-07-2017-13:05:09:572 377683 378310 1
10-07-2017-13:05:09:606 378310 378937 1
10-07-2017-13:05:09:641 378937 379564 1
10-07-2017-13:05:09:684 379564 380191 1
10-07-2017-13:05:09:729 380191 380818 1
10-07-2017-13:05:09:765 380818 381445 1
10-07-2017-13:05:09:800 381445 382072 1
10-07-2017-13:05:09:847 382072 382699 1
10-07-2017-13:05:09:881 382699 383326 1
10-07-2017-13:05:09:916 383326 383953 1
10-07-2017-13:05:09:962 383953 384580 1
10-07-2017-13:05:09:998 384580 385207 1
10-07-2017-13:05:10:044 385207 385834 1
10-07-2017-13:05:10:080 385834 386461 1
10-07-2017-13:05:10:137 386461 387088 1
10-07-2017-13:05:10:161 387088 387715 1
10-07-2017-13:05:10:195 387715 388342 1
10-07-2017-13:05:10:240 388342 388969 1
10-07-2017-13:05:10:299 388969 389596 1
10-07-2017-13:05:10:313 389596 390223 1
10-07-2017-13:05:10:357 390223 390850 1
10-07-2017-13:05:10:391 390850 391477 1
10-07-2017-13:05:10:425 391477 392104 1
10-07-2017-13:05:10:472 392104 392731 1
10-07-2017-13:05:10:507 392731 393358 1
10-07-2017-13:05:10:543 393358 393985 1
10-07-2017-13:05:10:590 393985 394612 1
10-07-2017-13:05:10:625 394612 395239 1
10-07-2017-13:05:10:674 395239 395866 1
10-07-2017-13:05:10:706 395866 396493 1
10-07-2017-13:05:10:741 396493 397120 1
10-07-2017-13:05:10:787 397120 397747 1
10-07-2017-13:05:10:823 397747 398374 1
10-07-2017-13:05:10:857 398374 399001 1
10-07-2017-13:05:10:904 399001 399628 1
10-07-2017-13:05:10:938 399628 400255 1
10-07-2017-13:05:10:974 400255 400882 1
10-07-2017-13:05:11:013 400882 401509 1
10-07-2017-13:05:11:061 401509 402136 1
10-07-2017-13:05:11:101 402136 402763 1
10-07-2017-13:05:11:141 402763 403390 1
10-07-2017-13:05:11:174 403390 404017 1
10-07-2017-13:05:11:209 404017 404644 1
10-07-2017-13:05:11:258 404644 405271 1
10-07-2017-13:05:11:291 405271 405898 1
10-07-2017-13:05:11:337 405898 406525 1
10-07-2017-13:05:11:372 406525 407152 1
10-07-2017-13:05:11:408 407152 407779 1
10-07-2017-13:05:11:453 407779 408406 1
10-07-2017-13:05:11:489 408406 409033 1
10-07-2017-13:05:11:524 409033 409660 1
10-07-2017-13:05:11:576 409660 410287 1
10-07-2017-13:05:11:606 410287 410914 1
10-07-2017-13:05:11:640 410914 411541 1
10-07-2017-13:05:11:687 411541 412168 1
10-07-2017-13:05:11:723 412168 412795 1
10-07-2017-13:05:11:758 412795 413422 1
10-07-2017-13:05:12:091 413422 414049 1
10-07-2017-13:05:12:092 414049 414676 1
10-07-2017-13:05:12:092 414676 415303 1
10-07-2017-13:05:12:092 415303 415930 1
10-07-2017-13:05:12:092 415930 416557 1
10-07-2017-13:05:12:092 416557 417184 1
10-07-2017-13:05:12:092 417184 417811 1
10-07-2017-13:05:12:092 417811 418438 1
10-07-2017-13:05:12:117 418438 419065 1
10-07-2017-13:05:12:153 419065 419692 1
10-07-2017-13:05:12:205 419692 420319 1
10-07-2017-13:05:12:232 420319 420946 1
10-07-2017-13:05:12:272 420946 421573 1
