10-07-2017-13:50:45:302 0 736 1
10-07-2017-13:50:45:348 736 1472 1
10-07-2017-13:50:45:385 1472 2208 1
10-07-2017-13:50:45:430 2208 2944 1
10-07-2017-13:50:45:478 2944 3680 1
10-07-2017-13:50:45:530 3680 4384 1
10-07-2017-13:50:45:564 4384 5088 1
10-07-2017-13:50:45:613 5088 5792 1
10-07-2017-13:50:45:660 5792 6496 1
10-07-2017-13:50:45:702 6496 7200 1
10-07-2017-13:50:45:746 7200 7904 1
10-07-2017-13:50:45:788 7904 8608 1
10-07-2017-13:50:45:835 8608 9312 1
10-07-2017-13:50:45:871 9312 10016 1
10-07-2017-13:50:45:924 10016 10688 1
10-07-2017-13:50:45:976 10688 11360 1
10-07-2017-13:50:46:001 11360 12032 1
10-07-2017-13:50:46:056 12032 12704 1
10-07-2017-13:50:46:086 12704 13376 1
10-07-2017-13:50:46:135 13376 14048 1
10-07-2017-13:50:46:170 14048 14720 1
10-07-2017-13:50:46:218 14720 15392 1
10-07-2017-13:50:46:265 15392 16064 1
10-07-2017-13:50:46:312 16064 16736 1
10-07-2017-13:50:46:335 16736 17408 1
10-07-2017-13:50:46:381 17408 18080 1
10-07-2017-13:50:46:426 18080 18752 1
10-07-2017-13:50:46:470 18752 19424 1
10-07-2017-13:50:46:502 19424 20096 1
10-07-2017-13:50:46:544 20096 20768 1
10-07-2017-13:50:46:598 20768 21440 1
10-07-2017-13:50:46:639 21440 22112 1
10-07-2017-13:50:46:676 22112 22784 1
10-07-2017-13:50:46:711 22784 23456 1
10-07-2017-13:50:46:769 23456 24128 1
10-07-2017-13:50:46:795 24128 24800 1
10-07-2017-13:50:46:843 24800 25472 1
10-07-2017-13:50:46:879 25472 26144 1
10-07-2017-13:50:46:924 26144 26816 1
10-07-2017-13:50:46:974 26816 27488 1
10-07-2017-13:50:47:018 27488 28160 1
10-07-2017-13:50:47:063 28160 28832 1
10-07-2017-13:50:47:096 28832 29504 1
10-07-2017-13:50:47:142 29504 30176 1
10-07-2017-13:50:47:186 30176 30848 1
10-07-2017-13:50:47:230 30848 31520 1
10-07-2017-13:50:47:261 31520 32192 1
10-07-2017-13:50:47:311 32192 32864 1
10-07-2017-13:50:47:344 32864 33536 1
10-07-2017-13:50:47:401 33536 34208 1
10-07-2017-13:50:47:441 34208 34880 1
10-07-2017-13:50:47:477 34880 35552 1
10-07-2017-13:50:47:512 35552 36224 1
10-07-2017-13:50:47:561 36224 36896 1
10-07-2017-13:50:47:606 36896 37568 1
10-07-2017-13:50:47:637 37568 38240 1
10-07-2017-13:50:47:683 38240 38912 1
10-07-2017-13:50:47:732 38912 39584 1
10-07-2017-13:50:47:765 39584 40256 1
10-07-2017-13:50:47:818 40256 40928 1
10-07-2017-13:50:47:851 40928 41600 1
10-07-2017-13:50:47:909 41600 42192 1
10-07-2017-13:50:47:934 42192 42784 1
10-07-2017-13:50:47:962 42784 43376 1
10-07-2017-13:50:48:007 43376 43968 1
10-07-2017-13:50:48:043 43968 44560 1
10-07-2017-13:50:48:076 44560 45152 1
10-07-2017-13:50:48:121 45152 45744 1
10-07-2017-13:50:48:153 45744 46336 1
10-07-2017-13:50:48:184 46336 46928 1
10-07-2017-13:50:48:219 46928 47520 1
10-07-2017-13:50:48:265 47520 48112 1
10-07-2017-13:50:48:295 48112 48704 1
10-07-2017-13:50:48:329 48704 49296 1
10-07-2017-13:50:48:365 49296 49888 1
10-07-2017-13:50:48:404 49888 50480 1
10-07-2017-13:50:48:438 50480 51072 1
10-07-2017-13:50:48:486 51072 51664 1
10-07-2017-13:50:48:522 51664 52256 1
10-07-2017-13:50:49:043 52256 52848 1
10-07-2017-13:50:49:046 52848 53440 1
10-07-2017-13:50:49:047 53440 54032 1
10-07-2017-13:50:49:047 54032 54624 1
10-07-2017-13:50:49:047 54624 55216 1
10-07-2017-13:50:49:047 55216 55808 1
10-07-2017-13:50:49:048 55808 56400 1
10-07-2017-13:50:49:048 56400 56992 1
10-07-2017-13:50:49:048 56992 57584 1
10-07-2017-13:50:49:048 57584 58176 1
10-07-2017-13:50:49:048 58176 58768 1
10-07-2017-13:50:49:049 58768 59360 1
10-07-2017-13:50:49:049 59360 59952 1
10-07-2017-13:50:49:049 59952 60544 1
10-07-2017-13:50:49:076 60544 61136 1
10-07-2017-13:50:49:110 61136 61728 1
10-07-2017-13:50:49:143 61728 62320 1
10-07-2017-13:50:49:189 62320 62912 1
10-07-2017-13:50:49:220 62912 63504 1
10-07-2017-13:50:49:252 63504 64096 1
10-07-2017-13:50:49:300 64096 64688 1
10-07-2017-13:50:49:336 64688 65280 1
10-07-2017-13:50:49:382 65280 65872 1
10-07-2017-13:50:49:408 65872 66464 1
10-07-2017-13:50:49:444 66464 67056 1
10-07-2017-13:50:49:481 67056 67648 1
10-07-2017-13:50:49:521 67648 68240 1
10-07-2017-13:50:49:558 68240 68832 1
10-07-2017-13:50:49:587 68832 69424 1
10-07-2017-13:50:49:634 69424 70016 1
10-07-2017-13:50:49:669 70016 70608 1
10-07-2017-13:50:49:729 70608 71200 1
10-07-2017-13:50:49:740 71200 71792 1
10-07-2017-13:50:49:770 71792 72384 1
10-07-2017-13:50:49:818 72384 72976 1
10-07-2017-13:50:49:847 72976 73568 1
10-07-2017-13:50:49:893 73568 74160 1
10-07-2017-13:50:49:922 74160 74752 1
10-07-2017-13:50:49:973 74752 75344 1
10-07-2017-13:50:50:004 75344 75936 1
10-07-2017-13:50:50:071 75936 76528 1
10-07-2017-13:50:50:072 76528 77120 1
10-07-2017-13:50:50:115 77120 77712 1
10-07-2017-13:50:50:151 77712 78304 1
10-07-2017-13:50:50:187 78304 78896 1
10-07-2017-13:50:50:219 78896 79488 1
10-07-2017-13:50:50:265 79488 80080 1
10-07-2017-13:50:50:293 80080 80672 1
10-07-2017-13:50:50:338 80672 81264 1
10-07-2017-13:50:50:406 81264 81856 1
10-07-2017-13:50:50:406 81856 82448 1
10-07-2017-13:50:50:446 82448 83040 1
10-07-2017-13:50:50:479 83040 83632 1
10-07-2017-13:50:50:515 83632 84224 1
10-07-2017-13:50:50:559 84224 84816 1
10-07-2017-13:50:50:595 84816 85408 1
10-07-2017-13:50:50:624 85408 86000 1
10-07-2017-13:50:50:668 86000 86592 1
10-07-2017-13:50:50:700 86592 87184 1
10-07-2017-13:50:50:734 87184 87776 1
10-07-2017-13:50:50:770 87776 88368 1
10-07-2017-13:50:50:806 88368 88960 1
10-07-2017-13:50:50:875 88960 89552 1
10-07-2017-13:50:50:882 89552 90144 1
10-07-2017-13:50:50:929 90144 90736 1
10-07-2017-13:50:50:957 90736 91328 1
10-07-2017-13:50:51:002 91328 91920 1
10-07-2017-13:50:51:033 91920 92512 1
10-07-2017-13:50:51:074 92512 93104 1
10-07-2017-13:50:51:107 93104 93696 1
10-07-2017-13:50:51:163 93696 94288 1
10-07-2017-13:50:51:180 94288 94880 1
10-07-2017-13:50:51:228 94880 95472 1
10-07-2017-13:50:51:257 95472 96064 1
10-07-2017-13:50:51:290 96064 96656 1
10-07-2017-13:50:51:332 96656 97248 1
10-07-2017-13:50:51:397 97248 97840 1
10-07-2017-13:50:51:406 97840 98432 1
10-07-2017-13:50:51:441 98432 99024 1
10-07-2017-13:50:51:477 99024 99616 1
10-07-2017-13:50:51:513 99616 100208 1
10-07-2017-13:50:51:553 100208 100800 1
10-07-2017-13:50:51:589 100800 101392 1
10-07-2017-13:50:51:622 101392 101984 1
10-07-2017-13:50:51:660 101984 102576 1
10-07-2017-13:50:51:710 102576 103168 1
10-07-2017-13:50:51:743 103168 103760 1
10-07-2017-13:50:51:784 103760 104352 1
10-07-2017-13:50:51:812 104352 104944 1
10-07-2017-13:50:51:852 104944 105536 1
10-07-2017-13:50:51:892 105536 106128 1
10-07-2017-13:50:51:916 106128 106720 1
10-07-2017-13:50:51:961 106720 107312 1
10-07-2017-13:50:52:006 107312 107904 1
10-07-2017-13:50:52:053 107904 108496 1
10-07-2017-13:50:52:090 108496 109088 1
10-07-2017-13:50:52:113 109088 109680 1
10-07-2017-13:50:52:146 109680 110272 1
10-07-2017-13:50:52:183 110272 110864 1
10-07-2017-13:50:52:216 110864 111456 1
10-07-2017-13:50:52:262 111456 112048 1
10-07-2017-13:50:52:850 112048 112640 1
10-07-2017-13:50:52:853 112640 113232 1
10-07-2017-13:50:52:854 113232 113824 1
10-07-2017-13:50:52:854 113824 114416 1
10-07-2017-13:50:52:854 114416 115008 1
10-07-2017-13:50:52:855 115008 115600 1
10-07-2017-13:50:52:855 115600 116192 1
10-07-2017-13:50:52:855 116192 116784 1
10-07-2017-13:50:52:855 116784 117376 1
10-07-2017-13:50:52:856 117376 117968 1
10-07-2017-13:50:52:856 117968 118560 1
10-07-2017-13:50:52:856 118560 119152 1
10-07-2017-13:50:52:856 119152 119744 1
10-07-2017-13:50:52:856 119744 120336 1
10-07-2017-13:50:52:857 120336 120928 1
10-07-2017-13:50:52:857 120928 121520 1
10-07-2017-13:50:52:889 121520 122112 1
10-07-2017-13:50:52:924 122112 122704 1
10-07-2017-13:50:52:962 122704 123296 1
10-07-2017-13:50:52:992 123296 123888 1
10-07-2017-13:50:53:037 123888 124480 1
10-07-2017-13:50:53:062 124480 125072 1
10-07-2017-13:50:53:102 125072 125664 1
10-07-2017-13:50:53:144 125664 126256 1
10-07-2017-13:50:53:186 126256 126848 1
10-07-2017-13:50:53:223 126848 127440 1
10-07-2017-13:50:53:253 127440 128032 1
10-07-2017-13:50:53:287 128032 128624 1
10-07-2017-13:50:53:327 128624 129216 1
10-07-2017-13:50:53:368 129216 129808 1
10-07-2017-13:50:53:397 129808 130400 1
10-07-2017-13:50:53:444 130400 130992 1
10-07-2017-13:50:53:482 130992 131584 1
10-07-2017-13:50:53:520 131584 132176 1
10-07-2017-13:50:53:546 132176 132768 1
10-07-2017-13:50:53:592 132768 133360 1
10-07-2017-13:50:53:632 133360 133952 1
10-07-2017-13:50:53:661 133952 134544 1
10-07-2017-13:50:53:696 134544 135136 1
10-07-2017-13:50:53:738 135136 135728 1
10-07-2017-13:50:53:767 135728 136320 1
10-07-2017-13:50:53:823 136320 136912 1
10-07-2017-13:50:53:856 136912 137504 1
10-07-2017-13:50:53:885 137504 138096 1
10-07-2017-13:50:53:924 138096 138688 1
10-07-2017-13:50:53:958 138688 139280 1
10-07-2017-13:50:53:995 139280 139872 1
10-07-2017-13:50:54:030 139872 140464 1
10-07-2017-13:50:54:087 140464 141056 1
10-07-2017-13:50:54:103 141056 141648 1
10-07-2017-13:50:54:138 141648 142240 1
10-07-2017-13:50:54:173 142240 142832 1
10-07-2017-13:50:54:210 142832 143424 1
10-07-2017-13:50:54:258 143424 144016 1
10-07-2017-13:50:54:293 144016 144608 1
10-07-2017-13:50:54:329 144608 145200 1
10-07-2017-13:50:54:379 145200 145792 1
10-07-2017-13:50:54:404 145792 146384 1
10-07-2017-13:50:54:438 146384 146976 1
10-07-2017-13:50:54:473 146976 147568 1
10-07-2017-13:50:54:510 147568 148160 1
10-07-2017-13:50:54:547 148160 148752 1
10-07-2017-13:50:54:582 148752 149344 1
10-07-2017-13:50:54:623 149344 149936 1
10-07-2017-13:50:54:663 149936 150528 1
10-07-2017-13:50:54:708 150528 151120 1
10-07-2017-13:50:54:735 151120 151712 1
10-07-2017-13:50:54:780 151712 152304 1
10-07-2017-13:50:54:803 152304 152896 1
10-07-2017-13:50:54:850 152896 153488 1
10-07-2017-13:50:54:877 153488 154080 1
10-07-2017-13:50:54:913 154080 154672 1
10-07-2017-13:50:54:972 154672 155264 1
10-07-2017-13:50:54:998 155264 155856 1
10-07-2017-13:50:55:033 155856 156448 1
10-07-2017-13:50:55:070 156448 157040 1
10-07-2017-13:50:55:105 157040 157632 1
10-07-2017-13:50:55:141 157632 158224 1
10-07-2017-13:50:55:211 158224 158816 1
10-07-2017-13:50:55:214 158816 159408 1
10-07-2017-13:50:55:256 159408 160000 1
10-07-2017-13:50:55:329 160000 160592 1
10-07-2017-13:50:55:330 160592 161184 1
10-07-2017-13:50:55:395 161184 161776 1
10-07-2017-13:50:55:429 161776 162368 1
10-07-2017-13:50:55:441 162368 162960 1
10-07-2017-13:50:55:477 162960 163552 1
10-07-2017-13:50:55:513 163552 164144 1
10-07-2017-13:50:55:549 164144 164736 1
10-07-2017-13:50:55:589 164736 165328 1
10-07-2017-13:50:55:622 165328 165920 1
10-07-2017-13:50:55:666 165920 166512 1
10-07-2017-13:50:55:693 166512 167104 1
10-07-2017-13:50:55:733 167104 167696 1
10-07-2017-13:50:55:773 167696 168288 1
10-07-2017-13:50:55:809 168288 168880 1
10-07-2017-13:50:56:495 168880 169472 1
10-07-2017-13:50:56:500 169472 170064 1
10-07-2017-13:50:56:500 170064 170656 1
10-07-2017-13:50:56:500 170656 171248 1
10-07-2017-13:50:56:500 171248 171840 1
10-07-2017-13:50:56:500 171840 172432 1
10-07-2017-13:50:56:501 172432 173024 1
10-07-2017-13:50:56:501 173024 173616 1
10-07-2017-13:50:56:501 173616 174208 1
10-07-2017-13:50:56:502 174208 174800 1
10-07-2017-13:50:56:502 174800 175392 1
10-07-2017-13:50:56:502 175392 175984 1
10-07-2017-13:50:56:503 175984 176576 1
10-07-2017-13:50:56:503 176576 177168 1
10-07-2017-13:50:56:503 177168 177760 1
10-07-2017-13:50:56:503 177760 178352 1
10-07-2017-13:50:56:504 178352 178944 1
10-07-2017-13:50:56:504 178944 179536 1
10-07-2017-13:50:56:546 179536 180128 1
10-07-2017-13:50:56:551 180128 180720 1
10-07-2017-13:50:56:588 180720 181312 1
10-07-2017-13:50:56:622 181312 181904 1
10-07-2017-13:50:56:660 181904 182496 1
10-07-2017-13:50:56:696 182496 183088 1
10-07-2017-13:50:56:731 183088 183680 1
10-07-2017-13:50:56:768 183680 184272 1
10-07-2017-13:50:56:812 184272 184864 1
10-07-2017-13:50:56:847 184864 185456 1
10-07-2017-13:50:56:882 185456 186048 1
10-07-2017-13:50:56:917 186048 186640 1
10-07-2017-13:50:56:956 186640 187232 1
10-07-2017-13:50:56:991 187232 187824 1
10-07-2017-13:50:57:025 187824 188416 1
10-07-2017-13:50:57:062 188416 189008 1
10-07-2017-13:50:57:097 189008 189600 1
10-07-2017-13:50:57:151 189600 190192 1
10-07-2017-13:50:57:181 190192 190784 1
10-07-2017-13:50:57:218 190784 191376 1
10-07-2017-13:50:57:255 191376 191968 1
10-07-2017-13:50:57:283 191968 192560 1
10-07-2017-13:50:57:330 192560 193152 1
10-07-2017-13:50:57:367 193152 193744 1
10-07-2017-13:50:57:401 193744 194336 1
10-07-2017-13:50:57:439 194336 194928 1
10-07-2017-13:50:57:483 194928 195520 1
10-07-2017-13:50:57:510 195520 196112 1
10-07-2017-13:50:57:546 196112 196704 1
10-07-2017-13:50:57:583 196704 197296 1
10-07-2017-13:50:57:618 197296 197888 1
10-07-2017-13:50:57:669 197888 198480 1
10-07-2017-13:50:57:691 198480 199072 1
10-07-2017-13:50:57:727 199072 199664 1
10-07-2017-13:50:57:763 199664 200256 1
10-07-2017-13:50:57:902 200256 200848 1
10-07-2017-13:50:57:903 200848 201440 1
10-07-2017-13:50:57:903 201440 202032 1
10-07-2017-13:50:57:918 202032 202624 1
10-07-2017-13:50:57:954 202624 203216 1
10-07-2017-13:50:57:990 203216 203808 1
10-07-2017-13:50:58:026 203808 204400 1
10-07-2017-13:50:58:062 204400 204992 1
10-07-2017-13:50:58:171 204992 205584 1
10-07-2017-13:50:58:172 205584 206176 1
10-07-2017-13:50:58:172 206176 206768 1
10-07-2017-13:50:58:206 206768 207360 1
10-07-2017-13:50:58:255 207360 207952 1
10-07-2017-13:50:58:294 207952 208544 1
10-07-2017-13:50:58:329 208544 209136 1
10-07-2017-13:50:58:367 209136 209728 1
10-07-2017-13:50:58:794 209728 210320 1
10-07-2017-13:50:58:810 210320 210912 1
10-07-2017-13:50:58:810 210912 211504 1
10-07-2017-13:50:58:811 211504 212096 1
10-07-2017-13:50:58:829 212096 212688 1
10-07-2017-13:50:58:829 212688 213280 1
10-07-2017-13:50:58:830 213280 213872 1
10-07-2017-13:50:58:830 213872 214464 1
10-07-2017-13:50:58:835 214464 215056 1
10-07-2017-13:50:58:835 215056 215648 1
10-07-2017-13:50:58:838 215648 216240 1
10-07-2017-13:50:58:838 216240 216832 1
10-07-2017-13:50:58:838 216832 217424 1
10-07-2017-13:50:58:872 217424 218016 1
10-07-2017-13:50:58:924 218016 218608 1
10-07-2017-13:50:58:950 218608 219200 1
10-07-2017-13:50:58:984 219200 219792 1
10-07-2017-13:50:59:020 219792 220384 1
10-07-2017-13:50:59:070 220384 220976 1
10-07-2017-13:50:59:112 220976 221568 1
10-07-2017-13:50:59:146 221568 222160 1
10-07-2017-13:50:59:206 222160 222752 1
10-07-2017-13:50:59:215 222752 223344 1
10-07-2017-13:50:59:252 223344 223936 1
10-07-2017-13:50:59:286 223936 224528 1
10-07-2017-13:50:59:321 224528 225120 1
10-07-2017-13:50:59:357 225120 225712 1
10-07-2017-13:50:59:394 225712 226304 1
10-07-2017-13:50:59:429 226304 226896 1
10-07-2017-13:50:59:492 226896 227488 1
10-07-2017-13:50:59:504 227488 228080 1
10-07-2017-13:50:59:550 228080 228672 1
10-07-2017-13:50:59:585 228672 229264 1
10-07-2017-13:50:59:618 229264 229856 1
10-07-2017-13:50:59:663 229856 230448 1
10-07-2017-13:50:59:692 230448 231040 1
10-07-2017-13:50:59:726 231040 231632 1
10-07-2017-13:50:59:765 231632 232224 1
10-07-2017-13:50:59:798 232224 232816 1
10-07-2017-13:50:59:862 232816 233408 1
10-07-2017-13:50:59:882 233408 234000 1
10-07-2017-13:50:59:918 234000 234592 1
10-07-2017-13:50:59:953 234592 235184 1
10-07-2017-13:50:59:991 235184 235776 1
10-07-2017-13:51:00:025 235776 236368 1
10-07-2017-13:51:00:062 236368 236960 1
10-07-2017-13:51:00:099 236960 237552 1
10-07-2017-13:51:00:171 237552 238144 1
10-07-2017-13:51:00:172 238144 238736 1
10-07-2017-13:51:00:206 238736 239328 1
10-07-2017-13:51:00:242 239328 239920 1
10-07-2017-13:51:00:284 239920 240512 1
10-07-2017-13:51:00:324 240512 241104 1
10-07-2017-13:51:00:360 241104 241696 1
10-07-2017-13:51:00:396 241696 242288 1
10-07-2017-13:51:00:451 242288 242880 1
10-07-2017-13:51:00:469 242880 243472 1
10-07-2017-13:51:00:504 243472 244064 1
10-07-2017-13:51:00:540 244064 244656 1
10-07-2017-13:51:00:577 244656 245248 1
10-07-2017-13:51:00:620 245248 245840 1
10-07-2017-13:51:00:655 245840 246432 1
10-07-2017-13:51:00:691 246432 247024 1
10-07-2017-13:51:00:728 247024 247616 1
10-07-2017-13:51:00:764 247616 248208 1
10-07-2017-13:51:00:825 248208 248800 1
10-07-2017-13:51:00:844 248800 249392 1
10-07-2017-13:51:00:879 249392 249984 1
10-07-2017-13:51:00:915 249984 250576 1
10-07-2017-13:51:00:951 250576 251168 1
10-07-2017-13:51:00:987 251168 251760 1
10-07-2017-13:51:01:023 251760 252352 1
10-07-2017-13:51:01:061 252352 252944 1
10-07-2017-13:51:01:132 252944 253536 1
10-07-2017-13:51:01:134 253536 254128 1
10-07-2017-13:51:01:168 254128 254720 1
10-07-2017-13:51:01:205 254720 255312 1
10-07-2017-13:51:01:240 255312 255904 1
10-07-2017-13:51:01:289 255904 256496 1
10-07-2017-13:51:01:316 256496 257088 1
10-07-2017-13:51:01:354 257088 257680 1
10-07-2017-13:51:01:415 257680 258272 1
10-07-2017-13:51:01:427 258272 258864 1
10-07-2017-13:51:01:475 258864 259456 1
10-07-2017-13:51:01:510 259456 260048 1
10-07-2017-13:51:01:545 260048 260640 1
10-07-2017-13:51:01:583 260640 261232 1
10-07-2017-13:51:01:611 261232 261824 1
10-07-2017-13:51:01:652 261824 262416 1
10-07-2017-13:51:01:687 262416 263008 1
10-07-2017-13:51:01:724 263008 263600 1
10-07-2017-13:51:01:759 263600 264192 1
10-07-2017-13:51:01:833 264192 264784 1
10-07-2017-13:51:01:844 264784 265376 1
10-07-2017-13:51:01:880 265376 265968 1
10-07-2017-13:51:01:916 265968 266560 1
10-07-2017-13:51:01:952 266560 267152 1
10-07-2017-13:51:01:988 267152 267744 1
10-07-2017-13:51:02:032 267744 268336 1
10-07-2017-13:51:02:057 268336 268928 1
10-07-2017-13:51:02:094 268928 269520 1
10-07-2017-13:51:02:130 269520 270112 1
10-07-2017-13:51:02:167 270112 270704 1
10-07-2017-13:51:02:863 270704 271296 1
10-07-2017-13:51:02:866 271296 271888 1
10-07-2017-13:51:02:867 271888 272480 1
10-07-2017-13:51:02:867 272480 273072 1
10-07-2017-13:51:02:867 273072 273664 1
10-07-2017-13:51:02:867 273664 274256 1
10-07-2017-13:51:02:868 274256 274848 1
10-07-2017-13:51:02:868 274848 275440 1
10-07-2017-13:51:02:868 275440 276032 1
10-07-2017-13:51:02:868 276032 276624 1
10-07-2017-13:51:02:868 276624 277216 1
10-07-2017-13:51:02:869 277216 277808 1
10-07-2017-13:51:02:869 277808 278400 1
10-07-2017-13:51:02:869 278400 278992 1
10-07-2017-13:51:02:869 278992 279584 1
10-07-2017-13:51:02:869 279584 280176 1
10-07-2017-13:51:02:869 280176 280768 1
10-07-2017-13:51:02:870 280768 281360 1
10-07-2017-13:51:02:893 281360 281952 1
10-07-2017-13:51:02:914 281952 282544 1
10-07-2017-13:51:02:944 282544 283136 1
10-07-2017-13:51:02:979 283136 283728 1
10-07-2017-13:51:03:027 283728 284320 1
10-07-2017-13:51:03:063 284320 284912 1
10-07-2017-13:51:03:098 284912 285504 1
10-07-2017-13:51:03:137 285504 286096 1
10-07-2017-13:51:03:165 286096 286688 1
10-07-2017-13:51:03:201 286688 287280 1
10-07-2017-13:51:03:250 287280 287872 1
10-07-2017-13:51:03:285 287872 288464 1
10-07-2017-13:51:03:321 288464 289056 1
10-07-2017-13:51:03:414 289056 289648 1
10-07-2017-13:51:03:415 289648 290240 1
10-07-2017-13:51:03:435 290240 290832 1
10-07-2017-13:51:03:465 290832 291424 1
10-07-2017-13:51:03:502 291424 292016 1
10-07-2017-13:51:03:537 292016 292608 1
10-07-2017-13:51:03:574 292608 293200 1
10-07-2017-13:51:03:645 293200 293792 1
10-07-2017-13:51:03:664 293792 294384 1
10-07-2017-13:51:03:687 294384 294976 1
10-07-2017-13:51:03:724 294976 295568 1
10-07-2017-13:51:03:759 295568 296160 1
10-07-2017-13:51:03:796 296160 296752 1
10-07-2017-13:51:03:832 296752 297344 1
10-07-2017-13:51:03:868 297344 297936 1
10-07-2017-13:51:03:935 297936 298528 1
10-07-2017-13:51:03:955 298528 299120 1
10-07-2017-13:51:03:989 299120 299712 1
10-07-2017-13:51:04:016 299712 300304 1
10-07-2017-13:51:04:060 300304 300896 1
10-07-2017-13:51:04:095 300896 301488 1
10-07-2017-13:51:04:130 301488 302080 1
10-07-2017-13:51:04:168 302080 302672 1
10-07-2017-13:51:04:209 302672 303264 1
10-07-2017-13:51:04:239 303264 303856 1
10-07-2017-13:51:04:274 303856 304448 1
10-07-2017-13:51:04:312 304448 305040 1
10-07-2017-13:51:04:362 305040 305632 1
10-07-2017-13:51:04:396 305632 306224 1
10-07-2017-13:51:04:433 306224 306816 1
10-07-2017-13:51:04:468 306816 307408 1
10-07-2017-13:51:04:504 307408 308000 1
10-07-2017-13:51:04:540 308000 308592 1
10-07-2017-13:51:04:575 308592 309184 1
10-07-2017-13:51:04:611 309184 309776 1
10-07-2017-13:51:04:648 309776 310368 1
10-07-2017-13:51:04:689 310368 310960 1
10-07-2017-13:51:04:720 310960 311552 1
10-07-2017-13:51:04:757 311552 312144 1
10-07-2017-13:51:04:803 312144 312736 1
10-07-2017-13:51:04:839 312736 313328 1
10-07-2017-13:51:04:886 313328 313920 1
10-07-2017-13:51:04:911 313920 314512 1
10-07-2017-13:51:04:947 314512 315104 1
10-07-2017-13:51:04:983 315104 315696 1
10-07-2017-13:51:05:019 315696 316288 1
10-07-2017-13:51:05:342 316288 316880 1
10-07-2017-13:51:05:346 316880 317472 1
10-07-2017-13:51:05:346 317472 318064 1
10-07-2017-13:51:05:346 318064 318656 1
10-07-2017-13:51:05:347 318656 319248 1
10-07-2017-13:51:05:347 319248 319840 1
10-07-2017-13:51:05:347 319840 320432 1
10-07-2017-13:51:05:347 320432 321024 1
10-07-2017-13:51:05:364 321024 321616 1
10-07-2017-13:51:05:390 321616 322208 1
10-07-2017-13:51:05:428 322208 322800 1
10-07-2017-13:51:05:463 322800 323392 1
10-07-2017-13:51:05:499 323392 323984 1
10-07-2017-13:51:05:539 323984 324576 1
10-07-2017-13:51:05:574 324576 325168 1
10-07-2017-13:51:05:610 325168 325760 1
10-07-2017-13:51:05:646 325760 326352 1
10-07-2017-13:51:05:683 326352 326944 1
10-07-2017-13:51:05:718 326944 327536 1
10-07-2017-13:51:05:773 327536 328128 1
10-07-2017-13:51:05:790 328128 328720 1
10-07-2017-13:51:05:832 328720 329312 1
10-07-2017-13:51:05:868 329312 329904 1
10-07-2017-13:51:05:903 329904 330496 1
10-07-2017-13:51:05:969 330496 331088 1
10-07-2017-13:51:05:989 331088 331680 1
10-07-2017-13:51:06:028 331680 332272 1
10-07-2017-13:51:06:053 332272 332864 1
10-07-2017-13:51:06:120 332864 333456 1
10-07-2017-13:51:06:133 333456 334048 1
10-07-2017-13:51:06:175 334048 334640 1
10-07-2017-13:51:06:215 334640 335232 1
10-07-2017-13:51:06:243 335232 335824 1
10-07-2017-13:51:06:273 335824 336416 1
10-07-2017-13:51:06:319 336416 337008 1
10-07-2017-13:51:06:354 337008 337600 1
10-07-2017-13:51:06:399 337600 338192 1
10-07-2017-13:51:06:427 338192 338784 1
10-07-2017-13:51:06:464 338784 339376 1
10-07-2017-13:51:06:499 339376 339968 1
10-07-2017-13:51:06:535 339968 340560 1
10-07-2017-13:51:06:571 340560 341152 1
10-07-2017-13:51:06:618 341152 341744 1
10-07-2017-13:51:06:642 341744 342336 1
10-07-2017-13:51:06:686 342336 342928 1
10-07-2017-13:51:06:721 342928 343520 1
10-07-2017-13:51:06:757 343520 344112 1
10-07-2017-13:51:06:793 344112 344704 1
10-07-2017-13:51:06:828 344704 345296 1
10-07-2017-13:51:06:867 345296 345888 1
10-07-2017-13:51:06:913 345888 346480 1
10-07-2017-13:51:06:949 346480 347072 1
10-07-2017-13:51:06:985 347072 347664 1
10-07-2017-13:51:07:288 347664 348256 1
10-07-2017-13:51:07:292 348256 348848 1
10-07-2017-13:51:07:292 348848 349440 1
10-07-2017-13:51:07:292 349440 350032 1
10-07-2017-13:51:07:293 350032 350624 1
10-07-2017-13:51:07:293 350624 351216 1
10-07-2017-13:51:07:293 351216 351808 1
10-07-2017-13:51:07:293 351808 352400 1
10-07-2017-13:51:07:337 352400 352992 1
10-07-2017-13:51:07:356 352992 353584 1
10-07-2017-13:51:07:392 353584 354176 1
10-07-2017-13:51:07:432 354176 354768 1
10-07-2017-13:51:07:464 354768 355360 1
10-07-2017-13:51:07:503 355360 355952 1
10-07-2017-13:51:07:549 355952 356544 1
10-07-2017-13:51:07:582 356544 357136 1
10-07-2017-13:51:07:609 357136 357728 1
10-07-2017-13:51:07:645 357728 358320 1
10-07-2017-13:51:07:684 358320 358912 1
10-07-2017-13:51:07:731 358912 359504 1
10-07-2017-13:51:07:754 359504 360096 1
10-07-2017-13:51:07:790 360096 360688 1
10-07-2017-13:51:07:851 360688 361280 1
10-07-2017-13:51:07:883 361280 361872 1
10-07-2017-13:51:07:908 361872 362464 1
10-07-2017-13:51:07:942 362464 363056 1
10-07-2017-13:51:07:978 363056 363648 1
10-07-2017-13:51:08:013 363648 364240 1
10-07-2017-13:51:08:049 364240 364832 1
10-07-2017-13:51:08:095 364832 365424 1
10-07-2017-13:51:08:201 365424 366016 1
10-07-2017-13:51:08:201 366016 366608 1
10-07-2017-13:51:08:204 366608 367200 1
10-07-2017-13:51:08:240 367200 367792 1
10-07-2017-13:51:08:276 367792 368384 1
10-07-2017-13:51:08:312 368384 368976 1
10-07-2017-13:51:08:348 368976 369568 1
10-07-2017-13:51:08:385 369568 370160 1
10-07-2017-13:51:08:442 370160 370752 1
10-07-2017-13:51:08:464 370752 371344 1
10-07-2017-13:51:08:493 371344 371936 1
10-07-2017-13:51:08:540 371936 372528 1
10-07-2017-13:51:08:577 372528 373120 1
10-07-2017-13:51:08:612 373120 373712 1
10-07-2017-13:51:08:647 373712 374304 1
10-07-2017-13:51:08:738 374304 374896 1
10-07-2017-13:51:08:746 374896 375488 1
10-07-2017-13:51:08:795 375488 376080 1
10-07-2017-13:51:08:795 376080 376672 1
10-07-2017-13:51:08:833 376672 377264 1
10-07-2017-13:51:08:868 377264 377856 1
10-07-2017-13:51:08:914 377856 378448 1
10-07-2017-13:51:08:953 378448 379040 1
10-07-2017-13:51:08:992 379040 379632 1
10-07-2017-13:51:09:012 379632 380224 1
10-07-2017-13:51:09:051 380224 380816 1
10-07-2017-13:51:09:085 380816 381408 1
10-07-2017-13:51:09:148 381408 382000 1
10-07-2017-13:51:09:165 382000 382592 1
10-07-2017-13:51:09:204 382592 383184 1
10-07-2017-13:51:09:239 383184 383776 1
10-07-2017-13:51:09:275 383776 384368 1
10-07-2017-13:51:09:347 384368 384960 1
10-07-2017-13:51:09:348 384960 385552 1
10-07-2017-13:51:09:386 385552 386144 1
10-07-2017-13:51:09:421 386144 386736 1
10-07-2017-13:51:09:456 386736 387328 1
10-07-2017-13:51:09:521 387328 387920 1
10-07-2017-13:51:09:546 387920 388512 1
10-07-2017-13:51:09:576 388512 389104 1
10-07-2017-13:51:09:644 389104 389696 1
10-07-2017-13:51:09:649 389696 390288 1
10-07-2017-13:51:09:689 390288 390880 1
10-07-2017-13:51:09:720 390880 391472 1
10-07-2017-13:51:09:756 391472 392064 1
10-07-2017-13:51:09:792 392064 392656 1
10-07-2017-13:51:09:834 392656 393248 1
10-07-2017-13:51:09:863 393248 393840 1
10-07-2017-13:51:09:899 393840 394432 1
10-07-2017-13:51:09:936 394432 395024 1
10-07-2017-13:51:09:984 395024 395616 1
10-07-2017-13:51:10:030 395616 396208 1
10-07-2017-13:51:10:056 396208 396800 1
10-07-2017-13:51:10:091 396800 397392 1
10-07-2017-13:51:10:130 397392 397984 1
10-07-2017-13:51:10:164 397984 398576 1
10-07-2017-13:51:10:200 398576 399168 1
10-07-2017-13:51:10:236 399168 399760 1
10-07-2017-13:51:10:474 399760 400352 1
10-07-2017-13:51:10:477 400352 400944 1
10-07-2017-13:51:10:478 400944 401536 1
10-07-2017-13:51:10:478 401536 402128 1
10-07-2017-13:51:10:478 402128 402720 1
10-07-2017-13:51:10:479 402720 403312 1
10-07-2017-13:51:10:501 403312 403904 1
10-07-2017-13:51:10:537 403904 404496 1
10-07-2017-13:51:10:572 404496 405088 1
10-07-2017-13:51:10:615 405088 405680 1
10-07-2017-13:51:10:644 405680 406272 1
10-07-2017-13:51:10:682 406272 406864 1
10-07-2017-13:51:10:716 406864 407456 1
10-07-2017-13:51:10:753 407456 408048 1
10-07-2017-13:51:10:787 408048 408640 1
10-07-2017-13:51:10:823 408640 409232 1
10-07-2017-13:51:10:872 409232 409824 1
10-07-2017-13:51:10:909 409824 410416 1
10-07-2017-13:51:10:945 410416 411008 1
10-07-2017-13:51:10:980 411008 411600 1
10-07-2017-13:51:11:016 411600 412192 1
10-07-2017-13:51:11:053 412192 412784 1
10-07-2017-13:51:11:090 412784 413376 1
10-07-2017-13:51:11:123 413376 413968 1
10-07-2017-13:51:11:161 413968 414560 1
10-07-2017-13:51:11:197 414560 415152 1
10-07-2017-13:51:11:232 415152 415744 1
10-07-2017-13:51:11:277 415744 416336 1
10-07-2017-13:51:11:316 416336 416928 1
10-07-2017-13:51:11:343 416928 417520 1
10-07-2017-13:51:11:389 417520 418112 1
10-07-2017-13:51:11:419 418112 418704 1
10-07-2017-13:51:11:465 418704 419296 1
10-07-2017-13:51:11:499 419296 419888 1
10-07-2017-13:51:11:534 419888 420480 1
10-07-2017-13:51:11:573 420480 421072 1
10-07-2017-13:51:11:607 421072 421664 1
10-07-2017-13:51:11:644 421664 422256 1
10-07-2017-13:51:11:687 422256 422848 1
10-07-2017-13:51:11:722 422848 423440 1
10-07-2017-13:51:11:783 423440 424032 1
10-07-2017-13:51:11:793 424032 424624 1
10-07-2017-13:51:11:832 424624 425216 1
10-07-2017-13:51:11:865 425216 425808 1
10-07-2017-13:51:11:900 425808 426400 1
10-07-2017-13:51:11:939 426400 426992 1
10-07-2017-13:51:11:973 426992 427584 1
10-07-2017-13:51:12:009 427584 428176 1
10-07-2017-13:51:12:045 428176 428768 1
10-07-2017-13:51:12:143 428768 429360 1
10-07-2017-13:51:12:143 429360 429952 1
10-07-2017-13:51:12:165 429952 430544 1
10-07-2017-13:51:12:202 430544 431136 1
10-07-2017-13:51:12:242 431136 431728 1
10-07-2017-13:51:12:272 431728 432320 1
10-07-2017-13:51:12:310 432320 432912 1
10-07-2017-13:51:12:346 432912 433504 1
10-07-2017-13:51:12:381 433504 434096 1
10-07-2017-13:51:12:439 434096 434688 1
10-07-2017-13:51:12:452 434688 435280 1
10-07-2017-13:51:12:489 435280 435872 1
10-07-2017-13:51:12:537 435872 436464 1
10-07-2017-13:51:12:573 436464 437056 1
10-07-2017-13:51:12:608 437056 437648 1
10-07-2017-13:51:12:645 437648 438240 1
10-07-2017-13:51:12:707 438240 438832 1
10-07-2017-13:51:12:717 438832 439424 1
10-07-2017-13:51:12:759 439424 440016 1
10-07-2017-13:51:12:794 440016 440608 1
10-07-2017-13:51:12:824 440608 441200 1
10-07-2017-13:51:12:864 441200 441792 1
10-07-2017-13:51:12:900 441792 442384 1
10-07-2017-13:51:13:250 442384 442976 1
10-07-2017-13:51:13:254 442976 443568 1
10-07-2017-13:51:13:254 443568 444160 1
10-07-2017-13:51:13:254 444160 444752 1
10-07-2017-13:51:13:255 444752 445344 1
10-07-2017-13:51:13:255 445344 445936 1
10-07-2017-13:51:13:255 445936 446528 1
10-07-2017-13:51:13:255 446528 447120 1
10-07-2017-13:51:13:255 447120 447712 1
10-07-2017-13:51:13:272 447712 448304 1
10-07-2017-13:51:13:308 448304 448896 1
10-07-2017-13:51:13:348 448896 449488 1
10-07-2017-13:51:13:383 449488 450080 1
10-07-2017-13:51:13:419 450080 450672 1
10-07-2017-13:51:13:454 450672 451264 1
10-07-2017-13:51:13:491 451264 451856 1
10-07-2017-13:51:13:526 451856 452448 1
10-07-2017-13:51:13:562 452448 453040 1
10-07-2017-13:51:13:600 453040 453632 1
10-07-2017-13:51:13:664 453632 454224 1
10-07-2017-13:51:13:686 454224 454816 1
10-07-2017-13:51:13:714 454816 455408 1
10-07-2017-13:51:13:759 455408 456000 1
10-07-2017-13:51:13:808 456000 456592 1
10-07-2017-13:51:13:821 456592 457184 1
10-07-2017-13:51:13:857 457184 457776 1
10-07-2017-13:51:13:926 457776 458368 1
10-07-2017-13:51:13:942 458368 458960 1
10-07-2017-13:51:13:978 458960 459552 1
10-07-2017-13:51:14:014 459552 460144 1
10-07-2017-13:51:14:051 460144 460736 1
10-07-2017-13:51:14:085 460736 461328 1
10-07-2017-13:51:14:123 461328 461920 1
10-07-2017-13:51:14:159 461920 462512 1
10-07-2017-13:51:14:194 462512 463104 1
10-07-2017-13:51:14:242 463104 463696 1
10-07-2017-13:51:14:275 463696 464288 1
10-07-2017-13:51:14:309 464288 464880 1
10-07-2017-13:51:14:349 464880 465472 1
10-07-2017-13:51:14:387 465472 466064 1
10-07-2017-13:51:14:421 466064 466656 1
10-07-2017-13:51:14:457 466656 467248 1
10-07-2017-13:51:14:500 467248 467840 1
10-07-2017-13:51:14:529 467840 468432 1
10-07-2017-13:51:14:565 468432 469024 1
10-07-2017-13:51:14:601 469024 469616 1
10-07-2017-13:51:14:644 469616 470208 1
10-07-2017-13:51:14:679 470208 470800 1
10-07-2017-13:51:14:715 470800 471392 1
10-07-2017-13:51:14:945 471392 471984 1
10-07-2017-13:51:14:950 471984 472576 1
10-07-2017-13:51:14:950 472576 473168 1
10-07-2017-13:51:14:950 473168 473760 1
10-07-2017-13:51:14:951 473760 474352 1
10-07-2017-13:51:14:951 474352 474944 1
10-07-2017-13:51:14:974 474944 475536 1
10-07-2017-13:51:15:010 475536 476128 1
10-07-2017-13:51:15:046 476128 476720 1
10-07-2017-13:51:15:082 476720 477312 1
10-07-2017-13:51:15:118 477312 477904 1
10-07-2017-13:51:15:154 477904 478496 1
10-07-2017-13:51:15:190 478496 479088 1
10-07-2017-13:51:15:238 479088 479680 1
10-07-2017-13:51:15:274 479680 480272 1
10-07-2017-13:51:15:310 480272 480864 1
10-07-2017-13:51:15:346 480864 481456 1
10-07-2017-13:51:15:383 481456 482048 1
10-07-2017-13:51:15:419 482048 482640 1
10-07-2017-13:51:15:455 482640 483232 1
10-07-2017-13:51:15:491 483232 483824 1
10-07-2017-13:51:15:538 483824 484416 1
10-07-2017-13:51:15:573 484416 485008 1
10-07-2017-13:51:15:605 485008 485600 1
10-07-2017-13:51:15:639 485600 486192 1
10-07-2017-13:51:15:679 486192 486784 1
10-07-2017-13:51:15:714 486784 487376 1
10-07-2017-13:51:15:748 487376 487968 1
10-07-2017-13:51:15:784 487968 488560 1
10-07-2017-13:51:15:820 488560 489152 1
10-07-2017-13:51:15:863 489152 489744 1
10-07-2017-13:51:15:904 489744 490336 1
10-07-2017-13:51:15:940 490336 490928 1
10-07-2017-13:51:15:977 490928 491520 1
10-07-2017-13:51:16:013 491520 492112 1
10-07-2017-13:51:16:066 492112 492704 1
10-07-2017-13:51:16:084 492704 493296 1
10-07-2017-13:51:16:120 493296 493888 1
10-07-2017-13:51:16:162 493888 494480 1
10-07-2017-13:51:16:192 494480 495072 1
10-07-2017-13:51:16:227 495072 495664 1
10-07-2017-13:51:16:264 495664 496256 1
10-07-2017-13:51:16:300 496256 496848 1
10-07-2017-13:51:16:349 496848 497440 1
10-07-2017-13:51:16:387 497440 498032 1
10-07-2017-13:51:16:428 498032 498624 1
10-07-2017-13:51:16:456 498624 499216 1
10-07-2017-13:51:16:493 499216 499808 1
10-07-2017-13:51:16:529 499808 500400 1
10-07-2017-13:51:16:565 500400 500992 1
10-07-2017-13:51:16:600 500992 501584 1
10-07-2017-13:51:16:639 501584 502176 1
10-07-2017-13:51:16:680 502176 502768 1
10-07-2017-13:51:16:716 502768 503360 1
10-07-2017-13:51:16:752 503360 503952 1
10-07-2017-13:51:16:789 503952 504544 1
10-07-2017-13:51:16:824 504544 505136 1
10-07-2017-13:51:16:865 505136 505728 1
10-07-2017-13:51:17:186 505728 506320 1
10-07-2017-13:51:17:190 506320 506912 1
10-07-2017-13:51:17:191 506912 507504 1
10-07-2017-13:51:17:191 507504 508096 1
10-07-2017-13:51:17:191 508096 508688 1
10-07-2017-13:51:17:192 508688 509280 1
10-07-2017-13:51:17:192 509280 509872 1
10-07-2017-13:51:17:192 509872 510464 1
10-07-2017-13:51:17:211 510464 511056 1
10-07-2017-13:51:17:238 511056 511648 1
10-07-2017-13:51:17:265 511648 512240 1
10-07-2017-13:51:17:303 512240 512832 1
10-07-2017-13:51:17:342 512832 513424 1
10-07-2017-13:51:17:384 513424 514016 1
10-07-2017-13:51:17:457 514016 514608 1
10-07-2017-13:51:17:458 514608 515200 1
10-07-2017-13:51:17:493 515200 515792 1
10-07-2017-13:51:17:529 515792 516384 1
10-07-2017-13:51:17:563 516384 516976 1
10-07-2017-13:51:17:601 516976 517568 1
10-07-2017-13:51:17:636 517568 518160 1
10-07-2017-13:51:17:679 518160 518752 1
10-07-2017-13:51:17:714 518752 519344 1
10-07-2017-13:51:17:750 519344 519936 1
10-07-2017-13:51:17:819 519936 520528 1
10-07-2017-13:51:17:827 520528 521120 1
10-07-2017-13:51:17:862 521120 521712 1
10-07-2017-13:51:17:904 521712 522304 1
10-07-2017-13:51:17:937 522304 522896 1
10-07-2017-13:51:17:973 522896 523488 1
10-07-2017-13:51:18:006 523488 524080 1
10-07-2017-13:51:18:043 524080 524672 1
10-07-2017-13:51:18:079 524672 525264 1
10-07-2017-13:51:18:121 525264 525856 1
10-07-2017-13:51:18:152 525856 526448 1
10-07-2017-13:51:18:199 526448 527040 1
10-07-2017-13:51:18:235 527040 527632 1
10-07-2017-13:51:18:271 527632 528224 1
10-07-2017-13:51:18:308 528224 528816 1
10-07-2017-13:51:18:344 528816 529408 1
10-07-2017-13:51:18:390 529408 530000 1
10-07-2017-13:51:18:415 530000 530592 1
10-07-2017-13:51:18:451 530592 531184 1
10-07-2017-13:51:18:491 531184 531776 1
10-07-2017-13:51:18:525 531776 532368 1
10-07-2017-13:51:18:562 532368 532960 1
10-07-2017-13:51:18:596 532960 533552 1
10-07-2017-13:51:18:632 533552 534144 1
10-07-2017-13:51:18:669 534144 534736 1
10-07-2017-13:51:18:716 534736 535328 1
10-07-2017-13:51:18:764 535328 535920 1
10-07-2017-13:51:18:789 535920 536512 1
10-07-2017-13:51:18:824 536512 537104 1
10-07-2017-13:51:18:861 537104 537696 1
10-07-2017-13:51:18:900 537696 538288 1
10-07-2017-13:51:18:933 538288 538880 1
10-07-2017-13:51:18:968 538880 539472 1
10-07-2017-13:51:19:005 539472 540064 1
10-07-2017-13:51:19:040 540064 540656 1
10-07-2017-13:51:19:076 540656 541248 1
10-07-2017-13:51:19:112 541248 541840 1
10-07-2017-13:51:19:176 541840 542432 1
10-07-2017-13:51:19:196 542432 543024 1
10-07-2017-13:51:19:233 543024 543616 1
10-07-2017-13:51:19:268 543616 544208 1
10-07-2017-13:51:19:304 544208 544800 1
10-07-2017-13:51:19:345 544800 545392 1
10-07-2017-13:51:19:382 545392 545984 1
10-07-2017-13:51:19:416 545984 546576 1
10-07-2017-13:51:19:453 546576 547168 1
10-07-2017-13:51:19:489 547168 547760 1
10-07-2017-13:51:19:527 547760 548352 1
10-07-2017-13:51:19:563 548352 548944 1
10-07-2017-13:51:19:598 548944 549536 1
10-07-2017-13:51:19:633 549536 550128 1
10-07-2017-13:51:19:673 550128 550720 1
10-07-2017-13:51:19:707 550720 551312 1
10-07-2017-13:51:19:755 551312 551904 1
10-07-2017-13:51:19:788 551904 552496 1
10-07-2017-13:51:19:824 552496 553088 1
10-07-2017-13:51:19:856 553088 553680 1
10-07-2017-13:51:19:893 553680 554272 1
10-07-2017-13:51:19:948 554272 554864 1
10-07-2017-13:51:19:966 554864 555456 1
10-07-2017-13:51:20:001 555456 556048 1
10-07-2017-13:51:20:055 556048 556640 1
10-07-2017-13:51:20:085 556640 557232 1
10-07-2017-13:51:20:121 557232 557824 1
10-07-2017-13:51:20:444 557824 558416 1
10-07-2017-13:51:20:448 558416 559008 1
10-07-2017-13:51:20:448 559008 559600 1
10-07-2017-13:51:20:449 559600 560192 1
10-07-2017-13:51:20:449 560192 560784 1
10-07-2017-13:51:20:449 560784 561376 1
10-07-2017-13:51:20:449 561376 561968 1
10-07-2017-13:51:20:449 561968 562560 1
10-07-2017-13:51:20:450 562560 563152 1
10-07-2017-13:51:20:492 563152 563744 1
10-07-2017-13:51:20:528 563744 564336 1
10-07-2017-13:51:20:565 564336 564928 1
10-07-2017-13:51:20:601 564928 565520 1
10-07-2017-13:51:20:640 565520 566112 1
10-07-2017-13:51:20:674 566112 566704 1
10-07-2017-13:51:20:712 566704 567296 1
10-07-2017-13:51:20:748 567296 567888 1
10-07-2017-13:51:20:784 567888 568480 1
10-07-2017-13:51:20:821 568480 569072 1
10-07-2017-13:51:20:861 569072 569664 1
10-07-2017-13:51:20:896 569664 570256 1
10-07-2017-13:51:20:932 570256 570848 1
10-07-2017-13:51:20:970 570848 571440 1
10-07-2017-13:51:21:005 571440 572032 1
10-07-2017-13:51:21:047 572032 572624 1
10-07-2017-13:51:21:086 572624 573216 1
10-07-2017-13:51:21:120 573216 573808 1
10-07-2017-13:51:21:156 573808 574400 1
10-07-2017-13:51:21:192 574400 574992 1
10-07-2017-13:51:21:228 574992 575584 1
10-07-2017-13:51:21:264 575584 576176 1
10-07-2017-13:51:21:299 576176 576768 1
10-07-2017-13:51:21:335 576768 577360 1
10-07-2017-13:51:21:373 577360 577952 1
10-07-2017-13:51:21:408 577952 578544 1
10-07-2017-13:51:21:443 578544 579136 1
10-07-2017-13:51:21:492 579136 579728 1
10-07-2017-13:51:21:527 579728 580320 1
10-07-2017-13:51:21:591 580320 580912 1
10-07-2017-13:51:21:600 580912 581504 1
10-07-2017-13:51:21:648 581504 582096 1
10-07-2017-13:51:21:674 582096 582688 1
10-07-2017-13:51:21:709 582688 583280 1
10-07-2017-13:51:21:744 583280 583872 1
10-07-2017-13:51:21:783 583872 584464 1
10-07-2017-13:51:21:824 584464 585056 1
10-07-2017-13:51:21:854 585056 585648 1
10-07-2017-13:51:21:889 585648 586240 1
10-07-2017-13:51:21:925 586240 586832 1
10-07-2017-13:51:21:973 586832 587424 1
10-07-2017-13:51:22:009 587424 588016 1
10-07-2017-13:51:22:040 588016 588608 1
10-07-2017-13:51:22:087 588608 589200 1
10-07-2017-13:51:22:119 589200 589792 1
10-07-2017-13:51:22:153 589792 590384 1
10-07-2017-13:51:22:189 590384 590976 1
10-07-2017-13:51:22:226 590976 591568 1
10-07-2017-13:51:22:261 591568 592160 1
10-07-2017-13:51:22:297 592160 592752 1
10-07-2017-13:51:22:345 592752 593344 1
10-07-2017-13:51:22:392 593344 593936 1
10-07-2017-13:51:22:411 593936 594528 1
10-07-2017-13:51:22:445 594528 595120 1
10-07-2017-13:51:22:482 595120 595712 1
10-07-2017-13:51:22:518 595712 596304 1
10-07-2017-13:51:22:568 596304 596896 1
10-07-2017-13:51:22:602 596896 597488 1
10-07-2017-13:51:22:639 597488 598080 1
10-07-2017-13:51:22:674 598080 598672 1
10-07-2017-13:51:22:721 598672 599264 1
10-07-2017-13:51:22:745 599264 599856 1
10-07-2017-13:51:22:780 599856 600448 1
10-07-2017-13:51:22:822 600448 601040 1
10-07-2017-13:51:22:861 601040 601632 1
10-07-2017-13:51:22:898 601632 602224 1
10-07-2017-13:51:22:931 602224 602816 1
10-07-2017-13:51:22:966 602816 603408 1
10-07-2017-13:51:23:010 603408 604000 1
10-07-2017-13:51:23:044 604000 604592 1
10-07-2017-13:51:23:075 604592 605184 1
10-07-2017-13:51:23:113 605184 605776 1
10-07-2017-13:51:23:162 605776 606368 1
10-07-2017-13:51:23:185 606368 606960 1
10-07-2017-13:51:23:236 606960 607552 1
