10-07-2017-13:09:59:953 0 784 1
10-07-2017-13:10:00:005 784 1568 1
10-07-2017-13:10:00:049 1568 2352 1
10-07-2017-13:10:00:101 2352 3136 1
10-07-2017-13:10:00:150 3136 3920 1
10-07-2017-13:10:00:202 3920 4672 1
10-07-2017-13:10:00:251 4672 5424 1
10-07-2017-13:10:00:292 5424 6176 1
10-07-2017-13:10:00:333 6176 6928 1
10-07-2017-13:10:00:378 6928 7680 1
10-07-2017-13:10:00:429 7680 8432 1
10-07-2017-13:10:00:476 8432 9184 1
10-07-2017-13:10:00:529 9184 9920 1
10-07-2017-13:10:00:574 9920 10656 1
10-07-2017-13:10:00:614 10656 11392 1
10-07-2017-13:10:00:657 11392 12128 1
10-07-2017-13:10:00:703 12128 12864 1
10-07-2017-13:10:00:755 12864 13600 1
10-07-2017-13:10:00:801 13600 14336 1
10-07-2017-13:10:00:842 14336 15072 1
10-07-2017-13:10:00:888 15072 15808 1
10-07-2017-13:10:00:939 15808 16512 1
10-07-2017-13:10:00:987 16512 17216 1
10-07-2017-13:10:01:028 17216 17920 1
10-07-2017-13:10:01:070 17920 18624 1
10-07-2017-13:10:01:115 18624 19328 1
10-07-2017-13:10:01:157 19328 20032 1
10-07-2017-13:10:01:200 20032 20736 1
10-07-2017-13:10:01:241 20736 21440 1
10-07-2017-13:10:01:287 21440 22144 1
10-07-2017-13:10:01:325 22144 22848 1
10-07-2017-13:10:01:377 22848 23520 1
10-07-2017-13:10:01:413 23520 24192 1
10-07-2017-13:10:01:455 24192 24864 1
10-07-2017-13:10:01:500 24864 25536 1
10-07-2017-13:10:01:540 25536 26208 1
10-07-2017-13:10:01:581 26208 26880 1
10-07-2017-13:10:01:628 26880 27552 1
10-07-2017-13:10:01:669 27552 28224 1
10-07-2017-13:10:01:709 28224 28896 1
10-07-2017-13:10:01:755 28896 29568 1
10-07-2017-13:10:01:797 29568 30240 1
10-07-2017-13:10:01:836 30240 30912 1
10-07-2017-13:10:01:884 30912 31584 1
10-07-2017-13:10:01:924 31584 32256 1
10-07-2017-13:10:01:964 32256 32928 1
10-07-2017-13:10:02:011 32928 33600 1
10-07-2017-13:10:02:041 33600 34272 1
10-07-2017-13:10:02:080 34272 34944 1
10-07-2017-13:10:02:133 34944 35600 1
10-07-2017-13:10:02:170 35600 36256 1
10-07-2017-13:10:02:208 36256 36912 1
10-07-2017-13:10:02:256 36912 37568 1
10-07-2017-13:10:02:297 37568 38224 1
10-07-2017-13:10:02:336 38224 38880 1
10-07-2017-13:10:02:382 38880 39536 1
10-07-2017-13:10:02:410 39536 40192 1
10-07-2017-13:10:02:451 40192 40848 1
10-07-2017-13:10:02:490 40848 41504 1
10-07-2017-13:10:02:542 41504 42144 1
10-07-2017-13:10:02:577 42144 42784 1
10-07-2017-13:10:02:612 42784 43424 1
10-07-2017-13:10:02:655 43424 44064 1
10-07-2017-13:10:02:693 44064 44704 1
10-07-2017-13:10:02:739 44704 45344 1
10-07-2017-13:10:02:779 45344 45984 1
10-07-2017-13:10:02:820 45984 46624 1
10-07-2017-13:10:02:865 46624 47264 1
10-07-2017-13:10:02:895 47264 47904 1
10-07-2017-13:10:02:934 47904 48544 1
10-07-2017-13:10:02:976 48544 49184 1
10-07-2017-13:10:03:021 49184 49824 1
10-07-2017-13:10:03:173 49824 50464 1
10-07-2017-13:10:03:175 50464 51104 1
10-07-2017-13:10:03:175 51104 51744 1
10-07-2017-13:10:03:175 51744 52384 1
10-07-2017-13:10:03:219 52384 53024 1
10-07-2017-13:10:03:259 53024 53664 1
10-07-2017-13:10:03:299 53664 54304 1
10-07-2017-13:10:03:341 54304 54944 1
10-07-2017-13:10:03:389 54944 55584 1
10-07-2017-13:10:03:418 55584 56224 1
10-07-2017-13:10:03:458 56224 56864 1
10-07-2017-13:10:03:498 56864 57504 1
10-07-2017-13:10:03:539 57504 58144 1
10-07-2017-13:10:03:585 58144 58784 1
10-07-2017-13:10:03:619 58784 59424 1
10-07-2017-13:10:03:663 59424 60064 1
10-07-2017-13:10:03:701 60064 60704 1
10-07-2017-13:10:03:748 60704 61344 1
10-07-2017-13:10:03:777 61344 61984 1
10-07-2017-13:10:03:816 61984 62624 1
10-07-2017-13:10:03:859 62624 63264 1
10-07-2017-13:10:03:904 63264 63904 1
10-07-2017-13:10:03:934 63904 64544 1
10-07-2017-13:10:03:975 64544 65184 1
10-07-2017-13:10:04:014 65184 65824 1
10-07-2017-13:10:04:059 65824 66464 1
10-07-2017-13:10:04:102 66464 67104 1
10-07-2017-13:10:04:131 67104 67744 1
10-07-2017-13:10:04:173 67744 68384 1
10-07-2017-13:10:04:212 68384 69024 1
10-07-2017-13:10:04:259 69024 69664 1
10-07-2017-13:10:04:300 69664 70304 1
10-07-2017-13:10:04:341 70304 70944 1
10-07-2017-13:10:04:387 70944 71584 1
10-07-2017-13:10:04:412 71584 72224 1
10-07-2017-13:10:04:457 72224 72864 1
10-07-2017-13:10:04:499 72864 73504 1
10-07-2017-13:10:04:539 73504 74144 1
10-07-2017-13:10:04:586 74144 74784 1
10-07-2017-13:10:04:615 74784 75424 1
10-07-2017-13:10:04:664 75424 76064 1
10-07-2017-13:10:04:700 76064 76704 1
10-07-2017-13:10:04:747 76704 77344 1
10-07-2017-13:10:04:788 77344 77984 1
10-07-2017-13:10:04:816 77984 78624 1
10-07-2017-13:10:04:857 78624 79264 1
10-07-2017-13:10:04:896 79264 79904 1
10-07-2017-13:10:04:944 79904 80544 1
10-07-2017-13:10:04:972 80544 81184 1
10-07-2017-13:10:05:013 81184 81824 1
10-07-2017-13:10:05:056 81824 82464 1
10-07-2017-13:10:05:100 82464 83104 1
10-07-2017-13:10:05:141 83104 83744 1
10-07-2017-13:10:05:180 83744 84384 1
10-07-2017-13:10:05:226 84384 85024 1
10-07-2017-13:10:05:268 85024 85664 1
10-07-2017-13:10:05:297 85664 86304 1
10-07-2017-13:10:05:336 86304 86944 1
10-07-2017-13:10:05:379 86944 87584 1
10-07-2017-13:10:05:424 87584 88224 1
10-07-2017-13:10:05:463 88224 88864 1
10-07-2017-13:10:05:493 88864 89504 1
10-07-2017-13:10:05:540 89504 90144 1
10-07-2017-13:10:05:580 90144 90784 1
10-07-2017-13:10:05:622 90784 91424 1
10-07-2017-13:10:05:661 91424 92064 1
10-07-2017-13:10:05:690 92064 92704 1
10-07-2017-13:10:05:738 92704 93344 1
10-07-2017-13:10:05:776 93344 93984 1
10-07-2017-13:10:05:818 93984 94624 1
10-07-2017-13:10:05:867 94624 95264 1
10-07-2017-13:10:05:894 95264 95904 1
10-07-2017-13:10:05:935 95904 96544 1
10-07-2017-13:10:05:973 96544 97184 1
10-07-2017-13:10:06:021 97184 97824 1
10-07-2017-13:10:06:059 97824 98464 1
10-07-2017-13:10:06:101 98464 99104 1
10-07-2017-13:10:06:148 99104 99744 1
10-07-2017-13:10:06:177 99744 100384 1
10-07-2017-13:10:06:339 100384 101024 1
10-07-2017-13:10:06:340 101024 101664 1
10-07-2017-13:10:06:340 101664 102304 1
10-07-2017-13:10:06:344 102304 102944 1
10-07-2017-13:10:06:375 102944 103584 1
10-07-2017-13:10:06:415 103584 104224 1
10-07-2017-13:10:06:455 104224 104864 1
10-07-2017-13:10:06:501 104864 105504 1
10-07-2017-13:10:06:542 105504 106144 1
10-07-2017-13:10:06:571 106144 106784 1
10-07-2017-13:10:06:611 106784 107424 1
10-07-2017-13:10:06:659 107424 108064 1
10-07-2017-13:10:06:699 108064 108704 1
10-07-2017-13:10:06:739 108704 109344 1
10-07-2017-13:10:06:784 109344 109984 1
10-07-2017-13:10:06:813 109984 110624 1
10-07-2017-13:10:06:855 110624 111264 1
10-07-2017-13:10:06:896 111264 111904 1
10-07-2017-13:10:06:941 111904 112544 1
10-07-2017-13:10:06:987 112544 113184 1
10-07-2017-13:10:07:015 113184 113824 1
10-07-2017-13:10:07:059 113824 114464 1
10-07-2017-13:10:07:098 114464 115104 1
10-07-2017-13:10:07:138 115104 115744 1
10-07-2017-13:10:07:185 115744 116384 1
10-07-2017-13:10:07:214 116384 117024 1
10-07-2017-13:10:07:255 117024 117664 1
10-07-2017-13:10:07:297 117664 118304 1
10-07-2017-13:10:07:342 118304 118944 1
10-07-2017-13:10:07:381 118944 119584 1
10-07-2017-13:10:07:412 119584 120224 1
10-07-2017-13:10:07:451 120224 120864 1
10-07-2017-13:10:07:497 120864 121504 1
10-07-2017-13:10:07:540 121504 122144 1
10-07-2017-13:10:07:579 122144 122784 1
10-07-2017-13:10:07:625 122784 123424 1
10-07-2017-13:10:07:659 123424 124064 1
10-07-2017-13:10:07:696 124064 124704 1
10-07-2017-13:10:07:736 124704 125344 1
10-07-2017-13:10:07:776 125344 125984 1
10-07-2017-13:10:07:822 125984 126624 1
10-07-2017-13:10:07:852 126624 127264 1
10-07-2017-13:10:07:892 127264 127904 1
10-07-2017-13:10:07:934 127904 128544 1
10-07-2017-13:10:07:981 128544 129184 1
10-07-2017-13:10:08:020 129184 129824 1
10-07-2017-13:10:08:060 129824 130464 1
10-07-2017-13:10:08:109 130464 131104 1
10-07-2017-13:10:08:138 131104 131744 1
10-07-2017-13:10:08:177 131744 132384 1
10-07-2017-13:10:08:219 132384 133024 1
10-07-2017-13:10:08:264 133024 133664 1
10-07-2017-13:10:08:293 133664 134304 1
10-07-2017-13:10:08:333 134304 134944 1
10-07-2017-13:10:08:373 134944 135584 1
10-07-2017-13:10:08:419 135584 136224 1
10-07-2017-13:10:08:464 136224 136864 1
10-07-2017-13:10:08:495 136864 137504 1
10-07-2017-13:10:08:533 137504 138144 1
10-07-2017-13:10:08:576 138144 138784 1
10-07-2017-13:10:08:622 138784 139424 1
10-07-2017-13:10:08:663 139424 140064 1
10-07-2017-13:10:08:693 140064 140704 1
10-07-2017-13:10:08:731 140704 141344 1
10-07-2017-13:10:08:772 141344 141984 1
10-07-2017-13:10:08:818 141984 142624 1
10-07-2017-13:10:08:860 142624 143264 1
10-07-2017-13:10:08:905 143264 143904 1
10-07-2017-13:10:08:949 143904 144544 1
10-07-2017-13:10:08:976 144544 145184 1
10-07-2017-13:10:09:018 145184 145824 1
10-07-2017-13:10:09:058 145824 146464 1
10-07-2017-13:10:09:108 146464 147104 1
10-07-2017-13:10:09:132 147104 147744 1
10-07-2017-13:10:09:174 147744 148384 1
10-07-2017-13:10:09:215 148384 149024 1
10-07-2017-13:10:09:258 149024 149664 1
10-07-2017-13:10:09:300 149664 150304 1
10-07-2017-13:10:09:340 150304 150944 1
10-07-2017-13:10:09:444 150944 151584 1
10-07-2017-13:10:09:445 151584 152224 1
10-07-2017-13:10:09:458 152224 152864 1
10-07-2017-13:10:09:497 152864 153504 1
10-07-2017-13:10:09:544 153504 154144 1
10-07-2017-13:10:09:573 154144 154784 1
10-07-2017-13:10:09:616 154784 155424 1
10-07-2017-13:10:09:659 155424 156064 1
10-07-2017-13:10:09:701 156064 156704 1
10-07-2017-13:10:09:742 156704 157344 1
10-07-2017-13:10:09:771 157344 157984 1
10-07-2017-13:10:09:812 157984 158624 1
10-07-2017-13:10:09:858 158624 159264 1
10-07-2017-13:10:09:897 159264 159904 1
10-07-2017-13:10:09:938 159904 160544 1
10-07-2017-13:10:09:972 160544 161184 1
10-07-2017-13:10:10:013 161184 161824 1
10-07-2017-13:10:10:057 161824 162464 1
10-07-2017-13:10:10:099 162464 163104 1
10-07-2017-13:10:10:138 163104 163744 1
10-07-2017-13:10:10:186 163744 164384 1
10-07-2017-13:10:10:213 164384 165024 1
10-07-2017-13:10:10:254 165024 165664 1
10-07-2017-13:10:10:301 165664 166304 1
10-07-2017-13:10:10:341 166304 166944 1
10-07-2017-13:10:10:382 166944 167584 1
10-07-2017-13:10:10:415 167584 168224 1
10-07-2017-13:10:10:457 168224 168864 1
10-07-2017-13:10:10:497 168864 169504 1
10-07-2017-13:10:10:539 169504 170144 1
10-07-2017-13:10:10:583 170144 170784 1
10-07-2017-13:10:10:626 170784 171424 1
10-07-2017-13:10:10:663 171424 172064 1
10-07-2017-13:10:10:701 172064 172704 1
10-07-2017-13:10:10:748 172704 173344 1
10-07-2017-13:10:10:771 173344 173984 1
10-07-2017-13:10:10:816 173984 174624 1
10-07-2017-13:10:10:857 174624 175264 1
10-07-2017-13:10:10:903 175264 175904 1
10-07-2017-13:10:10:944 175904 176544 1
10-07-2017-13:10:10:973 176544 177184 1
10-07-2017-13:10:11:014 177184 177824 1
10-07-2017-13:10:11:056 177824 178464 1
10-07-2017-13:10:11:101 178464 179104 1
10-07-2017-13:10:11:142 179104 179744 1
10-07-2017-13:10:11:170 179744 180384 1
10-07-2017-13:10:11:211 180384 181024 1
10-07-2017-13:10:11:259 181024 181664 1
10-07-2017-13:10:11:298 181664 182304 1
10-07-2017-13:10:11:338 182304 182944 1
10-07-2017-13:10:11:386 182944 183584 1
10-07-2017-13:10:11:414 183584 184224 1
10-07-2017-13:10:11:460 184224 184864 1
10-07-2017-13:10:11:501 184864 185504 1
10-07-2017-13:10:11:542 185504 186144 1
10-07-2017-13:10:11:572 186144 186784 1
10-07-2017-13:10:11:618 186784 187424 1
10-07-2017-13:10:11:659 187424 188064 1
10-07-2017-13:10:11:698 188064 188704 1
10-07-2017-13:10:11:740 188704 189344 1
10-07-2017-13:10:11:788 189344 189984 1
10-07-2017-13:10:11:816 189984 190624 1
10-07-2017-13:10:11:856 190624 191264 1
10-07-2017-13:10:11:898 191264 191904 1
10-07-2017-13:10:11:943 191904 192544 1
10-07-2017-13:10:11:982 192544 193184 1
10-07-2017-13:10:12:012 193184 193824 1
10-07-2017-13:10:12:050 193824 194464 1
10-07-2017-13:10:12:098 194464 195104 1
10-07-2017-13:10:12:137 195104 195744 1
10-07-2017-13:10:12:179 195744 196384 1
10-07-2017-13:10:12:225 196384 197024 1
10-07-2017-13:10:12:266 197024 197664 1
10-07-2017-13:10:12:296 197664 198304 1
10-07-2017-13:10:12:335 198304 198944 1
10-07-2017-13:10:12:376 198944 199584 1
10-07-2017-13:10:12:424 199584 200224 1
10-07-2017-13:10:12:452 200224 200864 1
10-07-2017-13:10:12:493 200864 201504 1
10-07-2017-13:10:12:598 201504 202144 1
10-07-2017-13:10:12:599 202144 202784 1
10-07-2017-13:10:12:618 202784 203424 1
10-07-2017-13:10:12:659 203424 204064 1
10-07-2017-13:10:12:705 204064 204704 1
10-07-2017-13:10:12:745 204704 205344 1
10-07-2017-13:10:12:776 205344 205984 1
10-07-2017-13:10:12:814 205984 206624 1
10-07-2017-13:10:12:856 206624 207264 1
10-07-2017-13:10:12:903 207264 207904 1
10-07-2017-13:10:12:932 207904 208544 1
10-07-2017-13:10:12:971 208544 209184 1
10-07-2017-13:10:13:013 209184 209824 1
10-07-2017-13:10:13:053 209824 210464 1
10-07-2017-13:10:13:099 210464 211104 1
10-07-2017-13:10:13:140 211104 211744 1
10-07-2017-13:10:13:183 211744 212384 1
10-07-2017-13:10:13:210 212384 213024 1
10-07-2017-13:10:13:256 213024 213664 1
10-07-2017-13:10:13:297 213664 214304 1
10-07-2017-13:10:13:337 214304 214944 1
10-07-2017-13:10:13:384 214944 215584 1
10-07-2017-13:10:13:423 215584 216224 1
10-07-2017-13:10:13:455 216224 216864 1
10-07-2017-13:10:13:494 216864 217504 1
10-07-2017-13:10:13:535 217504 218144 1
10-07-2017-13:10:13:582 218144 218784 1
10-07-2017-13:10:13:621 218784 219424 1
10-07-2017-13:10:13:667 219424 220064 1
10-07-2017-13:10:13:707 220064 220704 1
10-07-2017-13:10:13:736 220704 221344 1
10-07-2017-13:10:13:777 221344 221984 1
10-07-2017-13:10:13:818 221984 222624 1
10-07-2017-13:10:13:864 222624 223264 1
10-07-2017-13:10:13:895 223264 223904 1
10-07-2017-13:10:13:933 223904 224544 1
10-07-2017-13:10:13:975 224544 225184 1
10-07-2017-13:10:14:021 225184 225824 1
10-07-2017-13:10:14:061 225824 226464 1
10-07-2017-13:10:14:101 226464 227104 1
10-07-2017-13:10:14:147 227104 227744 1
10-07-2017-13:10:14:176 227744 228384 1
10-07-2017-13:10:14:216 228384 229024 1
10-07-2017-13:10:14:256 229024 229664 1
10-07-2017-13:10:14:302 229664 230304 1
10-07-2017-13:10:14:344 230304 230944 1
10-07-2017-13:10:14:371 230944 231584 1
10-07-2017-13:10:14:413 231584 232224 1
10-07-2017-13:10:14:454 232224 232864 1
10-07-2017-13:10:14:493 232864 233504 1
10-07-2017-13:10:14:540 233504 234144 1
10-07-2017-13:10:14:581 234144 234784 1
10-07-2017-13:10:14:620 234784 235424 1
10-07-2017-13:10:14:666 235424 236064 1
10-07-2017-13:10:14:694 236064 236704 1
10-07-2017-13:10:14:735 236704 237344 1
10-07-2017-13:10:14:777 237344 237984 1
10-07-2017-13:10:14:822 237984 238624 1
10-07-2017-13:10:14:853 238624 239264 1
10-07-2017-13:10:14:895 239264 239904 1
10-07-2017-13:10:14:933 239904 240544 1
10-07-2017-13:10:14:972 240544 241184 1
10-07-2017-13:10:15:019 241184 241824 1
10-07-2017-13:10:15:060 241824 242464 1
10-07-2017-13:10:15:100 242464 243104 1
10-07-2017-13:10:15:146 243104 243744 1
10-07-2017-13:10:15:187 243744 244384 1
10-07-2017-13:10:15:217 244384 245024 1
10-07-2017-13:10:15:257 245024 245664 1
10-07-2017-13:10:15:303 245664 246304 1
10-07-2017-13:10:15:345 246304 246944 1
10-07-2017-13:10:15:373 246944 247584 1
10-07-2017-13:10:15:413 247584 248224 1
10-07-2017-13:10:15:460 248224 248864 1
10-07-2017-13:10:15:503 248864 249504 1
10-07-2017-13:10:15:542 249504 250144 1
10-07-2017-13:10:15:570 250144 250784 1
10-07-2017-13:10:15:616 250784 251424 1
10-07-2017-13:10:15:658 251424 252064 1
10-07-2017-13:10:15:786 252064 252704 1
10-07-2017-13:10:15:787 252704 253344 1
10-07-2017-13:10:15:788 253344 253984 1
10-07-2017-13:10:15:814 253984 254624 1
10-07-2017-13:10:15:856 254624 255264 1
10-07-2017-13:10:15:895 255264 255904 1
10-07-2017-13:10:15:941 255904 256544 1
10-07-2017-13:10:15:983 256544 257184 1
10-07-2017-13:10:16:013 257184 257824 1
10-07-2017-13:10:16:054 257824 258464 1
10-07-2017-13:10:16:093 258464 259104 1
10-07-2017-13:10:16:139 259104 259744 1
10-07-2017-13:10:16:181 259744 260384 1
10-07-2017-13:10:16:221 260384 261024 1
10-07-2017-13:10:16:266 261024 261664 1
10-07-2017-13:10:16:295 261664 262304 1
10-07-2017-13:10:16:335 262304 262944 1
10-07-2017-13:10:16:375 262944 263584 1
10-07-2017-13:10:16:420 263584 264224 1
10-07-2017-13:10:16:461 264224 264864 1
10-07-2017-13:10:16:491 264864 265504 1
10-07-2017-13:10:16:531 265504 266144 1
10-07-2017-13:10:16:576 266144 266784 1
10-07-2017-13:10:16:618 266784 267424 1
10-07-2017-13:10:16:662 267424 268064 1
10-07-2017-13:10:16:699 268064 268704 1
10-07-2017-13:10:16:745 268704 269344 1
10-07-2017-13:10:16:776 269344 269984 1
10-07-2017-13:10:16:816 269984 270624 1
10-07-2017-13:10:16:855 270624 271264 1
10-07-2017-13:10:16:901 271264 271904 1
10-07-2017-13:10:16:940 271904 272544 1
10-07-2017-13:10:16:982 272544 273184 1
10-07-2017-13:10:17:010 273184 273824 1
10-07-2017-13:10:17:059 273824 274464 1
10-07-2017-13:10:17:097 274464 275104 1
10-07-2017-13:10:17:138 275104 275744 1
10-07-2017-13:10:17:184 275744 276384 1
10-07-2017-13:10:17:213 276384 277024 1
10-07-2017-13:10:17:252 277024 277664 1
10-07-2017-13:10:17:293 277664 278304 1
10-07-2017-13:10:17:340 278304 278944 1
10-07-2017-13:10:17:379 278944 279584 1
10-07-2017-13:10:17:419 279584 280224 1
10-07-2017-13:10:17:463 280224 280864 1
10-07-2017-13:10:17:493 280864 281504 1
10-07-2017-13:10:17:532 281504 282144 1
10-07-2017-13:10:17:578 282144 282784 1
10-07-2017-13:10:17:621 282784 283424 1
10-07-2017-13:10:17:665 283424 284064 1
10-07-2017-13:10:17:706 284064 284704 1
10-07-2017-13:10:17:734 284704 285344 1
10-07-2017-13:10:17:777 285344 285984 1
10-07-2017-13:10:17:817 285984 286624 1
10-07-2017-13:10:17:858 286624 287264 1
10-07-2017-13:10:17:906 287264 287904 1
10-07-2017-13:10:17:935 287904 288544 1
10-07-2017-13:10:17:975 288544 289184 1
10-07-2017-13:10:18:015 289184 289824 1
10-07-2017-13:10:18:061 289824 290464 1
10-07-2017-13:10:18:094 290464 291104 1
10-07-2017-13:10:18:132 291104 291744 1
10-07-2017-13:10:18:173 291744 292384 1
10-07-2017-13:10:18:218 292384 293024 1
10-07-2017-13:10:18:259 293024 293664 1
10-07-2017-13:10:18:299 293664 294304 1
10-07-2017-13:10:18:346 294304 294944 1
10-07-2017-13:10:18:386 294944 295584 1
10-07-2017-13:10:18:416 295584 296224 1
10-07-2017-13:10:18:456 296224 296864 1
10-07-2017-13:10:18:500 296864 297504 1
10-07-2017-13:10:18:542 297504 298144 1
10-07-2017-13:10:18:582 298144 298784 1
10-07-2017-13:10:18:612 298784 299424 1
10-07-2017-13:10:18:651 299424 300064 1
10-07-2017-13:10:18:696 300064 300704 1
10-07-2017-13:10:18:739 300704 301344 1
10-07-2017-13:10:18:778 301344 301984 1
10-07-2017-13:10:18:824 301984 302624 1
10-07-2017-13:10:18:934 302624 303264 1
10-07-2017-13:10:18:935 303264 303904 1
10-07-2017-13:10:18:935 303904 304544 1
10-07-2017-13:10:18:981 304544 305184 1
10-07-2017-13:10:19:022 305184 305824 1
10-07-2017-13:10:19:050 305824 306464 1
10-07-2017-13:10:19:092 306464 307104 1
10-07-2017-13:10:19:136 307104 307744 1
10-07-2017-13:10:19:179 307744 308384 1
10-07-2017-13:10:19:219 308384 309024 1
10-07-2017-13:10:19:264 309024 309664 1
10-07-2017-13:10:19:304 309664 310304 1
10-07-2017-13:10:19:335 310304 310944 1
10-07-2017-13:10:19:377 310944 311584 1
10-07-2017-13:10:19:416 311584 312224 1
10-07-2017-13:10:19:462 312224 312864 1
10-07-2017-13:10:19:502 312864 313504 1
10-07-2017-13:10:19:530 313504 314144 1
10-07-2017-13:10:19:572 314144 314784 1
10-07-2017-13:10:19:615 314784 315424 1
10-07-2017-13:10:19:664 315424 316064 1
10-07-2017-13:10:19:691 316064 316704 1
10-07-2017-13:10:19:732 316704 317344 1
10-07-2017-13:10:19:778 317344 317984 1
10-07-2017-13:10:19:820 317984 318624 1
10-07-2017-13:10:19:860 318624 319264 1
10-07-2017-13:10:19:899 319264 319904 1
10-07-2017-13:10:19:948 319904 320544 1
10-07-2017-13:10:19:977 320544 321184 1
10-07-2017-13:10:20:018 321184 321824 1
10-07-2017-13:10:20:058 321824 322464 1
10-07-2017-13:10:20:105 322464 323104 1
10-07-2017-13:10:20:136 323104 323744 1
10-07-2017-13:10:20:176 323744 324384 1
10-07-2017-13:10:20:215 324384 325024 1
10-07-2017-13:10:20:260 325024 325664 1
10-07-2017-13:10:20:300 325664 326304 1
10-07-2017-13:10:20:340 326304 326944 1
10-07-2017-13:10:20:387 326944 327584 1
10-07-2017-13:10:20:416 327584 328224 1
10-07-2017-13:10:20:455 328224 328864 1
10-07-2017-13:10:20:495 328864 329504 1
10-07-2017-13:10:20:536 329504 330144 1
10-07-2017-13:10:20:584 330144 330784 1
10-07-2017-13:10:20:615 330784 331424 1
10-07-2017-13:10:20:662 331424 332064 1
10-07-2017-13:10:20:698 332064 332704 1
10-07-2017-13:10:20:745 332704 333344 1
10-07-2017-13:10:20:778 333344 333984 1
10-07-2017-13:10:20:815 333984 334624 1
10-07-2017-13:10:20:857 334624 335264 1
10-07-2017-13:10:20:903 335264 335904 1
10-07-2017-13:10:20:933 335904 336544 1
10-07-2017-13:10:20:971 336544 337184 1
10-07-2017-13:10:21:013 337184 337824 1
10-07-2017-13:10:21:059 337824 338464 1
10-07-2017-13:10:21:100 338464 339104 1
10-07-2017-13:10:21:141 339104 339744 1
10-07-2017-13:10:21:186 339744 340384 1
10-07-2017-13:10:21:227 340384 341024 1
10-07-2017-13:10:21:257 341024 341664 1
10-07-2017-13:10:21:297 341664 342304 1
10-07-2017-13:10:21:337 342304 342944 1
10-07-2017-13:10:21:383 342944 343584 1
10-07-2017-13:10:21:412 343584 344224 1
10-07-2017-13:10:21:454 344224 344864 1
10-07-2017-13:10:21:496 344864 345504 1
10-07-2017-13:10:21:539 345504 346144 1
10-07-2017-13:10:21:579 346144 346784 1
10-07-2017-13:10:21:620 346784 347424 1
10-07-2017-13:10:21:666 347424 348064 1
10-07-2017-13:10:21:706 348064 348704 1
10-07-2017-13:10:21:736 348704 349344 1
10-07-2017-13:10:21:777 349344 349984 1
10-07-2017-13:10:21:819 349984 350624 1
10-07-2017-13:10:21:863 350624 351264 1
10-07-2017-13:10:21:893 351264 351904 1
10-07-2017-13:10:21:932 351904 352544 1
10-07-2017-13:10:21:976 352544 353184 1
10-07-2017-13:10:22:082 353184 353824 1
10-07-2017-13:10:22:086 353824 354464 1
10-07-2017-13:10:22:098 354464 355104 1
10-07-2017-13:10:22:143 355104 355744 1
10-07-2017-13:10:22:173 355744 356384 1
10-07-2017-13:10:22:212 356384 357024 1
10-07-2017-13:10:22:254 357024 357664 1
10-07-2017-13:10:22:302 357664 358304 1
10-07-2017-13:10:22:340 358304 358944 1
10-07-2017-13:10:22:380 358944 359584 1
10-07-2017-13:10:22:425 359584 360224 1
10-07-2017-13:10:22:455 360224 360864 1
10-07-2017-13:10:22:495 360864 361504 1
10-07-2017-13:10:22:537 361504 362144 1
10-07-2017-13:10:22:583 362144 362784 1
10-07-2017-13:10:22:624 362784 363424 1
10-07-2017-13:10:22:661 363424 364064 1
10-07-2017-13:10:22:701 364064 364704 1
10-07-2017-13:10:22:746 364704 365344 1
10-07-2017-13:10:22:786 365344 365984 1
10-07-2017-13:10:22:816 365984 366624 1
10-07-2017-13:10:22:856 366624 367264 1
10-07-2017-13:10:22:895 367264 367904 1
10-07-2017-13:10:22:950 367904 368464 1
10-07-2017-13:10:22:965 368464 369024 1
10-07-2017-13:10:23:007 369024 369584 1
10-07-2017-13:10:23:035 369584 370144 1
10-07-2017-13:10:23:077 370144 370704 1
10-07-2017-13:10:23:110 370704 371264 1
10-07-2017-13:10:23:149 371264 371824 1
10-07-2017-13:10:23:176 371824 372384 1
10-07-2017-13:10:23:217 372384 372944 1
10-07-2017-13:10:23:246 372944 373504 1
10-07-2017-13:10:23:291 373504 374064 1
10-07-2017-13:10:23:315 374064 374624 1
10-07-2017-13:10:23:361 374624 375184 1
10-07-2017-13:10:23:390 375184 375744 1
10-07-2017-13:10:23:421 375744 376304 1
10-07-2017-13:10:23:460 376304 376864 1
10-07-2017-13:10:23:490 376864 377424 1
10-07-2017-13:10:23:535 377424 377984 1
10-07-2017-13:10:23:558 377984 378544 1
10-07-2017-13:10:23:606 378544 379104 1
10-07-2017-13:10:23:633 379104 379664 1
10-07-2017-13:10:23:666 379664 380224 1
10-07-2017-13:10:23:705 380224 380784 1
10-07-2017-13:10:23:732 380784 381344 1
10-07-2017-13:10:23:774 381344 381904 1
10-07-2017-13:10:23:801 381904 382464 1
10-07-2017-13:10:23:843 382464 383024 1
10-07-2017-13:10:23:870 383024 383584 1
10-07-2017-13:10:23:911 383584 384144 1
10-07-2017-13:10:23:941 384144 384704 1
10-07-2017-13:10:23:986 384704 385264 1
10-07-2017-13:10:24:016 385264 385824 1
10-07-2017-13:10:24:056 385824 386384 1
10-07-2017-13:10:24:085 386384 386944 1
10-07-2017-13:10:24:125 386944 387504 1
10-07-2017-13:10:24:154 387504 388064 1
10-07-2017-13:10:24:194 388064 388624 1
10-07-2017-13:10:24:223 388624 389184 1
10-07-2017-13:10:24:269 389184 389744 1
10-07-2017-13:10:24:291 389744 390304 1
10-07-2017-13:10:24:338 390304 390864 1
10-07-2017-13:10:24:366 390864 391424 1
10-07-2017-13:10:24:395 391424 391984 1
10-07-2017-13:10:24:437 391984 392544 1
10-07-2017-13:10:24:466 392544 393104 1
10-07-2017-13:10:24:506 393104 393664 1
10-07-2017-13:10:24:536 393664 394224 1
10-07-2017-13:10:24:576 394224 394784 1
10-07-2017-13:10:24:606 394784 395344 1
10-07-2017-13:10:24:655 395344 395904 1
10-07-2017-13:10:24:675 395904 396464 1
10-07-2017-13:10:24:721 396464 397024 1
10-07-2017-13:10:24:749 397024 397584 1
10-07-2017-13:10:24:790 397584 398144 1
10-07-2017-13:10:24:820 398144 398704 1
10-07-2017-13:10:24:861 398704 399264 1
10-07-2017-13:10:24:895 399264 399824 1
10-07-2017-13:10:24:927 399824 400384 1
10-07-2017-13:10:24:975 400384 400944 1
10-07-2017-13:10:25:007 400944 401504 1
10-07-2017-13:10:25:032 401504 402064 1
10-07-2017-13:10:25:070 402064 402624 1
10-07-2017-13:10:25:098 402624 403184 1
10-07-2017-13:10:25:219 403184 403744 1
10-07-2017-13:10:25:220 403744 404304 1
10-07-2017-13:10:25:220 404304 404864 1
10-07-2017-13:10:25:244 404864 405424 1
10-07-2017-13:10:25:283 405424 405984 1
10-07-2017-13:10:25:315 405984 406544 1
10-07-2017-13:10:25:344 406544 407104 1
10-07-2017-13:10:25:382 407104 407664 1
10-07-2017-13:10:25:412 407664 408224 1
10-07-2017-13:10:25:451 408224 408784 1
10-07-2017-13:10:25:480 408784 409344 1
10-07-2017-13:10:25:527 409344 409904 1
10-07-2017-13:10:25:552 409904 410464 1
10-07-2017-13:10:25:597 410464 411024 1
10-07-2017-13:10:25:625 411024 411584 1
10-07-2017-13:10:25:666 411584 412144 1
10-07-2017-13:10:25:694 412144 412704 1
10-07-2017-13:10:25:736 412704 413264 1
10-07-2017-13:10:25:766 413264 413824 1
10-07-2017-13:10:25:806 413824 414384 1
10-07-2017-13:10:25:834 414384 414944 1
10-07-2017-13:10:25:875 414944 415504 1
10-07-2017-13:10:25:903 415504 416064 1
