10-07-2017-13:55:27:330 0 800 1
10-07-2017-13:55:27:378 800 1600 1
10-07-2017-13:55:27:432 1600 2400 1
10-07-2017-13:55:27:476 2400 3200 1
10-07-2017-13:55:27:524 3200 4000 1
10-07-2017-13:55:27:577 4000 4800 1
10-07-2017-13:55:27:625 4800 5600 1
10-07-2017-13:55:27:679 5600 6400 1
10-07-2017-13:55:27:734 6400 7200 1
10-07-2017-13:55:27:771 7200 8000 1
10-07-2017-13:55:27:823 8000 8784 1
10-07-2017-13:55:27:875 8784 9520 1
10-07-2017-13:55:27:923 9520 10256 1
10-07-2017-13:55:27:972 10256 10992 1
10-07-2017-13:55:28:016 10992 11728 1
10-07-2017-13:55:28:051 11728 12464 1
10-07-2017-13:55:28:104 12464 13200 1
10-07-2017-13:55:28:149 13200 13936 1
10-07-2017-13:55:28:198 13936 14672 1
10-07-2017-13:55:28:236 14672 15408 1
10-07-2017-13:55:28:287 15408 16144 1
10-07-2017-13:55:28:335 16144 16880 1
10-07-2017-13:55:28:382 16880 17616 1
10-07-2017-13:55:28:422 17616 18352 1
10-07-2017-13:55:28:477 18352 19088 1
10-07-2017-13:55:28:514 19088 19824 1
10-07-2017-13:55:28:564 19824 20560 1
10-07-2017-13:55:28:612 20560 21296 1
10-07-2017-13:55:28:652 21296 22032 1
10-07-2017-13:55:28:704 22032 22768 1
10-07-2017-13:55:28:741 22768 23504 1
10-07-2017-13:55:28:824 23504 24240 1
10-07-2017-13:55:28:832 24240 24976 1
10-07-2017-13:55:28:886 24976 25712 1
10-07-2017-13:55:28:935 25712 26448 1
10-07-2017-13:55:28:980 26448 27184 1
10-07-2017-13:55:29:026 27184 27920 1
10-07-2017-13:55:29:069 27920 28656 1
10-07-2017-13:55:29:113 28656 29392 1
10-07-2017-13:55:29:160 29392 30128 1
10-07-2017-13:55:29:201 30128 30864 1
10-07-2017-13:55:29:264 30864 31552 1
10-07-2017-13:55:29:319 31552 32240 1
10-07-2017-13:55:29:335 32240 32928 1
10-07-2017-13:55:29:384 32928 33616 1
10-07-2017-13:55:29:417 33616 34304 1
10-07-2017-13:55:29:459 34304 34992 1
10-07-2017-13:55:29:546 34992 35680 1
10-07-2017-13:55:29:546 35680 36368 1
10-07-2017-13:55:29:597 36368 37056 1
10-07-2017-13:55:29:638 37056 37744 1
10-07-2017-13:55:29:678 37744 38432 1
10-07-2017-13:55:29:728 38432 39120 1
10-07-2017-13:55:29:767 39120 39808 1
10-07-2017-13:55:29:822 39808 40496 1
10-07-2017-13:55:29:846 40496 41184 1
10-07-2017-13:55:29:902 41184 41856 1
10-07-2017-13:55:29:940 41856 42528 1
10-07-2017-13:55:29:978 42528 43200 1
10-07-2017-13:55:30:024 43200 43872 1
10-07-2017-13:55:30:069 43872 44544 1
10-07-2017-13:55:30:107 44544 45216 1
10-07-2017-13:55:30:146 45216 45888 1
10-07-2017-13:55:30:181 45888 46560 1
10-07-2017-13:55:30:222 46560 47232 1
10-07-2017-13:55:30:294 47232 47904 1
10-07-2017-13:55:30:314 47904 48576 1
10-07-2017-13:55:30:351 48576 49248 1
10-07-2017-13:55:30:392 49248 49920 1
10-07-2017-13:55:30:439 49920 50592 1
10-07-2017-13:55:30:478 50592 51264 1
10-07-2017-13:55:30:520 51264 51936 1
10-07-2017-13:55:30:572 51936 52608 1
10-07-2017-13:55:30:608 52608 53280 1
10-07-2017-13:55:30:648 53280 53952 1
10-07-2017-13:55:30:688 53952 54624 1
10-07-2017-13:55:31:222 54624 55296 1
10-07-2017-13:55:31:226 55296 55968 1
10-07-2017-13:55:31:227 55968 56640 1
10-07-2017-13:55:31:227 56640 57312 1
10-07-2017-13:55:31:228 57312 57984 1
10-07-2017-13:55:31:229 57984 58656 1
10-07-2017-13:55:31:230 58656 59328 1
10-07-2017-13:55:31:230 59328 60000 1
10-07-2017-13:55:31:230 60000 60672 1
10-07-2017-13:55:31:231 60672 61344 1
10-07-2017-13:55:31:231 61344 62016 1
10-07-2017-13:55:31:233 62016 62688 1
10-07-2017-13:55:31:267 62688 63360 1
10-07-2017-13:55:31:283 63360 64032 1
10-07-2017-13:55:31:328 64032 64704 1
10-07-2017-13:55:31:363 64704 65376 1
10-07-2017-13:55:31:406 65376 66048 1
10-07-2017-13:55:31:446 66048 66720 1
10-07-2017-13:55:31:498 66720 67392 1
10-07-2017-13:55:31:538 67392 68064 1
10-07-2017-13:55:31:574 68064 68736 1
10-07-2017-13:55:31:618 68736 69408 1
10-07-2017-13:55:31:662 69408 70080 1
10-07-2017-13:55:31:698 70080 70752 1
10-07-2017-13:55:31:739 70752 71424 1
10-07-2017-13:55:31:791 71424 72096 1
10-07-2017-13:55:31:824 72096 72768 1
10-07-2017-13:55:31:864 72768 73440 1
10-07-2017-13:55:31:906 73440 74112 1
10-07-2017-13:55:31:963 74112 74752 1
10-07-2017-13:55:31:982 74752 75392 1
10-07-2017-13:55:32:026 75392 76032 1
10-07-2017-13:55:32:074 76032 76672 1
10-07-2017-13:55:32:110 76672 77312 1
10-07-2017-13:55:32:150 77312 77952 1
10-07-2017-13:55:32:191 77952 78592 1
10-07-2017-13:55:32:227 78592 79232 1
10-07-2017-13:55:32:267 79232 79872 1
10-07-2017-13:55:32:318 79872 80512 1
10-07-2017-13:55:32:341 80512 81152 1
10-07-2017-13:55:32:381 81152 81792 1
10-07-2017-13:55:32:435 81792 82432 1
10-07-2017-13:55:32:472 82432 83072 1
10-07-2017-13:55:32:525 83072 83712 1
10-07-2017-13:55:32:550 83712 84352 1
10-07-2017-13:55:32:587 84352 84992 1
10-07-2017-13:55:32:626 84992 85632 1
10-07-2017-13:55:32:668 85632 86272 1
10-07-2017-13:55:32:707 86272 86912 1
10-07-2017-13:55:32:752 86912 87552 1
10-07-2017-13:55:32:783 87552 88192 1
10-07-2017-13:55:32:829 88192 88832 1
10-07-2017-13:55:32:874 88832 89472 1
10-07-2017-13:55:32:908 89472 90112 1
10-07-2017-13:55:32:952 90112 90752 1
10-07-2017-13:55:32:991 90752 91392 1
10-07-2017-13:55:33:028 91392 92032 1
10-07-2017-13:55:33:066 92032 92672 1
10-07-2017-13:55:33:119 92672 93312 1
10-07-2017-13:55:33:164 93312 93952 1
10-07-2017-13:55:33:189 93952 94592 1
10-07-2017-13:55:33:222 94592 95232 1
10-07-2017-13:55:33:341 95232 95872 1
10-07-2017-13:55:33:342 95872 96512 1
10-07-2017-13:55:33:364 96512 97152 1
10-07-2017-13:55:33:394 97152 97792 1
10-07-2017-13:55:33:432 97792 98432 1
10-07-2017-13:55:33:473 98432 99072 1
10-07-2017-13:55:33:506 99072 99712 1
10-07-2017-13:55:33:597 99712 100352 1
10-07-2017-13:55:33:598 100352 100992 1
10-07-2017-13:55:33:623 100992 101632 1
10-07-2017-13:55:33:663 101632 102272 1
10-07-2017-13:55:33:703 102272 102912 1
10-07-2017-13:55:33:777 102912 103552 1
10-07-2017-13:55:33:807 103552 104192 1
10-07-2017-13:55:33:832 104192 104832 1
10-07-2017-13:55:33:867 104832 105472 1
10-07-2017-13:55:33:909 105472 106112 1
10-07-2017-13:55:33:949 106112 106752 1
10-07-2017-13:55:33:985 106752 107392 1
10-07-2017-13:55:34:025 107392 108032 1
10-07-2017-13:55:34:464 108032 108672 1
10-07-2017-13:55:34:467 108672 109312 1
10-07-2017-13:55:34:468 109312 109952 1
10-07-2017-13:55:34:468 109952 110592 1
10-07-2017-13:55:34:475 110592 111232 1
10-07-2017-13:55:34:476 111232 111872 1
10-07-2017-13:55:34:476 111872 112512 1
10-07-2017-13:55:34:479 112512 113152 1
10-07-2017-13:55:34:481 113152 113792 1
10-07-2017-13:55:34:481 113792 114432 1
10-07-2017-13:55:34:482 114432 115072 1
10-07-2017-13:55:34:508 115072 115712 1
10-07-2017-13:55:34:561 115712 116352 1
10-07-2017-13:55:34:582 116352 116992 1
10-07-2017-13:55:34:622 116992 117632 1
10-07-2017-13:55:34:664 117632 118272 1
10-07-2017-13:55:34:716 118272 118912 1
10-07-2017-13:55:34:757 118912 119552 1
10-07-2017-13:55:34:785 119552 120192 1
10-07-2017-13:55:34:839 120192 120832 1
10-07-2017-13:55:34:878 120832 121472 1
10-07-2017-13:55:34:922 121472 122112 1
10-07-2017-13:55:34:956 122112 122752 1
10-07-2017-13:55:34:989 122752 123392 1
10-07-2017-13:55:35:030 123392 124032 1
10-07-2017-13:55:35:070 124032 124672 1
10-07-2017-13:55:35:107 124672 125312 1
10-07-2017-13:55:35:146 125312 125952 1
10-07-2017-13:55:35:188 125952 126592 1
10-07-2017-13:55:35:222 126592 127232 1
10-07-2017-13:55:35:263 127232 127872 1
10-07-2017-13:55:35:334 127872 128512 1
10-07-2017-13:55:35:355 128512 129152 1
10-07-2017-13:55:35:391 129152 129792 1
10-07-2017-13:55:35:433 129792 130432 1
10-07-2017-13:55:35:463 130432 131072 1
10-07-2017-13:55:35:515 131072 131712 1
10-07-2017-13:55:35:551 131712 132352 1
10-07-2017-13:55:35:590 132352 132992 1
10-07-2017-13:55:35:632 132992 133632 1
10-07-2017-13:55:35:665 133632 134272 1
10-07-2017-13:55:35:707 134272 134912 1
10-07-2017-13:55:35:746 134912 135552 1
10-07-2017-13:55:35:782 135552 136192 1
10-07-2017-13:55:35:822 136192 136832 1
10-07-2017-13:55:35:891 136832 137472 1
10-07-2017-13:55:35:907 137472 138112 1
10-07-2017-13:55:35:942 138112 138752 1
10-07-2017-13:55:35:988 138752 139392 1
10-07-2017-13:55:36:027 139392 140032 1
10-07-2017-13:55:36:064 140032 140672 1
10-07-2017-13:55:36:103 140672 141312 1
10-07-2017-13:55:36:146 141312 141952 1
10-07-2017-13:55:36:198 141952 142592 1
10-07-2017-13:55:36:223 142592 143232 1
10-07-2017-13:55:36:263 143232 143872 1
10-07-2017-13:55:36:303 143872 144512 1
10-07-2017-13:55:36:366 144512 145152 1
10-07-2017-13:55:36:393 145152 145792 1
10-07-2017-13:55:36:432 145792 146432 1
10-07-2017-13:55:36:468 146432 147072 1
10-07-2017-13:55:36:513 147072 147712 1
10-07-2017-13:55:36:555 147712 148352 1
10-07-2017-13:55:36:588 148352 148992 1
10-07-2017-13:55:36:628 148992 149632 1
10-07-2017-13:55:36:668 149632 150272 1
10-07-2017-13:55:36:704 150272 150912 1
10-07-2017-13:55:36:746 150912 151552 1
10-07-2017-13:55:36:786 151552 152192 1
10-07-2017-13:55:36:838 152192 152832 1
10-07-2017-13:55:36:874 152832 153472 1
10-07-2017-13:55:36:918 153472 154112 1
10-07-2017-13:55:36:956 154112 154752 1
10-07-2017-13:55:36:990 154752 155392 1
10-07-2017-13:55:37:029 155392 156032 1
10-07-2017-13:55:37:071 156032 156672 1
10-07-2017-13:55:37:105 156672 157312 1
10-07-2017-13:55:37:147 157312 157952 1
10-07-2017-13:55:37:187 157952 158592 1
10-07-2017-13:55:37:223 158592 159232 1
10-07-2017-13:55:37:263 159232 159872 1
10-07-2017-13:55:37:303 159872 160512 1
10-07-2017-13:55:37:345 160512 161152 1
10-07-2017-13:55:37:389 161152 161792 1
10-07-2017-13:55:37:430 161792 162432 1
10-07-2017-13:55:37:468 162432 163072 1
10-07-2017-13:55:37:505 163072 163712 1
10-07-2017-13:55:37:545 163712 164352 1
10-07-2017-13:55:37:597 164352 164992 1
10-07-2017-13:55:37:633 164992 165632 1
10-07-2017-13:55:37:662 165632 166272 1
10-07-2017-13:55:37:713 166272 166912 1
10-07-2017-13:55:37:749 166912 167552 1
10-07-2017-13:55:37:796 167552 168192 1
10-07-2017-13:55:37:830 168192 168832 1
10-07-2017-13:55:37:865 168832 169472 1
10-07-2017-13:55:37:907 169472 170112 1
10-07-2017-13:55:37:948 170112 170752 1
10-07-2017-13:55:37:982 170752 171392 1
10-07-2017-13:55:38:023 171392 172032 1
10-07-2017-13:55:38:064 172032 172672 1
10-07-2017-13:55:38:117 172672 173312 1
10-07-2017-13:55:38:402 173312 173952 1
10-07-2017-13:55:38:406 173952 174592 1
10-07-2017-13:55:38:406 174592 175232 1
10-07-2017-13:55:38:406 175232 175872 1
10-07-2017-13:55:38:406 175872 176512 1
10-07-2017-13:55:38:407 176512 177152 1
10-07-2017-13:55:38:407 177152 177792 1
10-07-2017-13:55:38:428 177792 178432 1
10-07-2017-13:55:38:466 178432 179072 1
10-07-2017-13:55:38:507 179072 179712 1
10-07-2017-13:55:38:543 179712 180352 1
10-07-2017-13:55:38:582 180352 180992 1
10-07-2017-13:55:38:624 180992 181632 1
10-07-2017-13:55:38:675 181632 182272 1
10-07-2017-13:55:38:712 182272 182912 1
10-07-2017-13:55:38:752 182912 183552 1
10-07-2017-13:55:38:793 183552 184192 1
10-07-2017-13:55:38:828 184192 184832 1
10-07-2017-13:55:38:872 184832 185472 1
10-07-2017-13:55:38:908 185472 186112 1
10-07-2017-13:55:38:948 186112 186752 1
10-07-2017-13:55:38:990 186752 187392 1
10-07-2017-13:55:39:030 187392 188032 1
10-07-2017-13:55:39:066 188032 188672 1
10-07-2017-13:55:39:106 188672 189312 1
10-07-2017-13:55:39:167 189312 189952 1
10-07-2017-13:55:39:182 189952 190592 1
10-07-2017-13:55:39:223 190592 191232 1
10-07-2017-13:55:39:264 191232 191872 1
10-07-2017-13:55:39:311 191872 192512 1
10-07-2017-13:55:39:357 192512 193152 1
10-07-2017-13:55:39:401 193152 193792 1
10-07-2017-13:55:39:433 193792 194432 1
10-07-2017-13:55:39:473 194432 195072 1
10-07-2017-13:55:39:507 195072 195712 1
10-07-2017-13:55:39:549 195712 196352 1
10-07-2017-13:55:39:591 196352 196992 1
10-07-2017-13:55:39:652 196992 197632 1
10-07-2017-13:55:39:667 197632 198272 1
10-07-2017-13:55:39:707 198272 198912 1
10-07-2017-13:55:39:750 198912 199552 1
10-07-2017-13:55:39:784 199552 200192 1
10-07-2017-13:55:39:823 200192 200832 1
10-07-2017-13:55:39:865 200832 201472 1
10-07-2017-13:55:39:915 201472 202112 1
10-07-2017-13:55:39:956 202112 202752 1
10-07-2017-13:55:39:991 202752 203392 1
10-07-2017-13:55:40:033 203392 204032 1
10-07-2017-13:55:40:070 204032 204672 1
10-07-2017-13:55:40:110 204672 205312 1
10-07-2017-13:55:40:151 205312 205952 1
10-07-2017-13:55:40:189 205952 206592 1
10-07-2017-13:55:40:226 206592 207232 1
10-07-2017-13:55:40:268 207232 207872 1
10-07-2017-13:55:40:307 207872 208512 1
10-07-2017-13:55:40:346 208512 209152 1
10-07-2017-13:55:40:382 209152 209792 1
10-07-2017-13:55:40:424 209792 210432 1
10-07-2017-13:55:40:465 210432 211072 1
10-07-2017-13:55:40:504 211072 211712 1
10-07-2017-13:55:40:556 211712 212352 1
10-07-2017-13:55:40:609 212352 212992 1
10-07-2017-13:55:40:630 212992 213632 1
10-07-2017-13:55:40:671 213632 214272 1
10-07-2017-13:55:40:707 214272 214912 1
10-07-2017-13:55:40:746 214912 215552 1
10-07-2017-13:55:40:787 215552 216192 1
10-07-2017-13:55:40:844 216192 216832 1
10-07-2017-13:55:40:889 216832 217472 1
10-07-2017-13:55:40:905 217472 218112 1
10-07-2017-13:55:40:944 218112 218752 1
10-07-2017-13:55:40:991 218752 219392 1
10-07-2017-13:55:41:022 219392 220032 1
10-07-2017-13:55:41:114 220032 220672 1
10-07-2017-13:55:41:114 220672 221312 1
10-07-2017-13:55:41:142 221312 221952 1
10-07-2017-13:55:41:193 221952 222592 1
10-07-2017-13:55:41:232 222592 223232 1
10-07-2017-13:55:41:270 223232 223872 1
10-07-2017-13:55:41:312 223872 224512 1
10-07-2017-13:55:41:384 224512 225152 1
10-07-2017-13:55:41:387 225152 225792 1
10-07-2017-13:55:41:431 225792 226432 1
10-07-2017-13:55:41:466 226432 227072 1
10-07-2017-13:55:41:507 227072 227712 1
10-07-2017-13:55:41:544 227712 228352 1
10-07-2017-13:55:41:595 228352 228992 1
10-07-2017-13:55:41:980 228992 229632 1
10-07-2017-13:55:41:983 229632 230272 1
10-07-2017-13:55:41:984 230272 230912 1
10-07-2017-13:55:41:984 230912 231552 1
10-07-2017-13:55:41:984 231552 232192 1
10-07-2017-13:55:41:984 232192 232832 1
10-07-2017-13:55:41:984 232832 233472 1
10-07-2017-13:55:41:985 233472 234112 1
10-07-2017-13:55:41:985 234112 234752 1
10-07-2017-13:55:42:004 234752 235392 1
10-07-2017-13:55:42:025 235392 236032 1
10-07-2017-13:55:42:066 236032 236672 1
10-07-2017-13:55:42:105 236672 237312 1
10-07-2017-13:55:42:147 237312 237952 1
10-07-2017-13:55:42:189 237952 238592 1
10-07-2017-13:55:42:236 238592 239232 1
10-07-2017-13:55:42:271 239232 239872 1
10-07-2017-13:55:42:306 239872 240512 1
10-07-2017-13:55:42:351 240512 241152 1
10-07-2017-13:55:42:391 241152 241792 1
10-07-2017-13:55:42:432 241792 242432 1
10-07-2017-13:55:42:499 242432 243072 1
10-07-2017-13:55:42:506 243072 243712 1
10-07-2017-13:55:42:553 243712 244352 1
10-07-2017-13:55:42:591 244352 244992 1
10-07-2017-13:55:42:629 244992 245632 1
10-07-2017-13:55:42:670 245632 246272 1
10-07-2017-13:55:42:713 246272 246912 1
10-07-2017-13:55:42:780 246912 247552 1
10-07-2017-13:55:42:782 247552 248192 1
10-07-2017-13:55:42:831 248192 248832 1
10-07-2017-13:55:42:864 248832 249472 1
10-07-2017-13:55:42:917 249472 250064 1
10-07-2017-13:55:42:940 250064 250656 1
10-07-2017-13:55:42:981 250656 251248 1
10-07-2017-13:55:43:022 251248 251840 1
10-07-2017-13:55:43:082 251840 252432 1
10-07-2017-13:55:43:088 252432 253024 1
10-07-2017-13:55:43:134 253024 253616 1
10-07-2017-13:55:43:169 253616 254208 1
10-07-2017-13:55:43:196 254208 254800 1
10-07-2017-13:55:43:246 254800 255392 1
10-07-2017-13:55:43:275 255392 255984 1
10-07-2017-13:55:43:311 255984 256576 1
10-07-2017-13:55:43:389 256576 257168 1
10-07-2017-13:55:43:389 257168 257760 1
10-07-2017-13:55:43:428 257760 258352 1
10-07-2017-13:55:43:469 258352 258944 1
10-07-2017-13:55:43:491 258944 259536 1
10-07-2017-13:55:43:534 259536 260128 1
10-07-2017-13:55:43:567 260128 260720 1
10-07-2017-13:55:43:634 260720 261312 1
10-07-2017-13:55:43:653 261312 261904 1
10-07-2017-13:55:43:678 261904 262496 1
10-07-2017-13:55:43:720 262496 263088 1
10-07-2017-13:55:43:759 263088 263680 1
10-07-2017-13:55:43:798 263680 264272 1
10-07-2017-13:55:43:852 264272 264864 1
10-07-2017-13:55:43:864 264864 265456 1
10-07-2017-13:55:43:898 265456 266048 1
10-07-2017-13:55:43:940 266048 266640 1
10-07-2017-13:55:43:982 266640 267232 1
10-07-2017-13:55:44:017 267232 267824 1
10-07-2017-13:55:44:057 267824 268416 1
10-07-2017-13:55:44:093 268416 269008 1
10-07-2017-13:55:44:123 269008 269600 1
10-07-2017-13:55:44:160 269600 270192 1
10-07-2017-13:55:44:196 270192 270784 1
10-07-2017-13:55:44:239 270784 271376 1
10-07-2017-13:55:44:272 271376 271968 1
10-07-2017-13:55:44:312 271968 272560 1
10-07-2017-13:55:44:358 272560 273152 1
10-07-2017-13:55:44:389 273152 273744 1
10-07-2017-13:55:44:415 273744 274336 1
10-07-2017-13:55:44:457 274336 274928 1
10-07-2017-13:55:44:492 274928 275520 1
10-07-2017-13:55:44:534 275520 276112 1
10-07-2017-13:55:44:568 276112 276704 1
