10-07-2017-13:14:53:217 0 640 1
10-07-2017-13:14:53:249 640 1280 1
10-07-2017-13:14:53:293 1280 1920 1
10-07-2017-13:14:53:334 1920 2560 1
10-07-2017-13:14:53:373 2560 3200 1
10-07-2017-13:14:53:414 3200 3840 1
10-07-2017-13:14:53:441 3840 4480 1
10-07-2017-13:14:53:483 4480 5120 1
10-07-2017-13:14:53:524 5120 5760 1
10-07-2017-13:14:53:570 5760 6400 1
10-07-2017-13:14:53:611 6400 7040 1
10-07-2017-13:14:53:655 7040 7680 1
10-07-2017-13:14:53:692 7680 8320 1
10-07-2017-13:14:53:723 8320 8960 1
10-07-2017-13:14:53:762 8960 9600 1
10-07-2017-13:14:53:813 9600 10240 1
10-07-2017-13:14:53:850 10240 10880 1
10-07-2017-13:14:53:891 10880 11520 1
10-07-2017-13:14:53:936 11520 12160 1
10-07-2017-13:14:53:983 12160 12800 1
10-07-2017-13:14:54:022 12800 13440 1
10-07-2017-13:14:54:047 13440 14080 1
10-07-2017-13:14:54:086 14080 14720 1
10-07-2017-13:14:54:127 14720 15360 1
10-07-2017-13:14:54:166 15360 16000 1
10-07-2017-13:14:54:207 16000 16640 1
10-07-2017-13:14:54:252 16640 17280 1
10-07-2017-13:14:54:294 17280 17920 1
10-07-2017-13:14:54:337 17920 18560 1
10-07-2017-13:14:54:364 18560 19200 1
10-07-2017-13:14:54:404 19200 19840 1
10-07-2017-13:14:54:449 19840 20480 1
10-07-2017-13:14:54:489 20480 21120 1
10-07-2017-13:14:54:531 21120 21760 1
10-07-2017-13:14:54:573 21760 22400 1
10-07-2017-13:14:54:619 22400 23040 1
10-07-2017-13:14:54:642 23040 23680 1
10-07-2017-13:14:54:688 23680 24320 1
10-07-2017-13:14:54:728 24320 24960 1
10-07-2017-13:14:54:769 24960 25600 1
10-07-2017-13:14:54:809 25600 26240 1
10-07-2017-13:14:54:849 26240 26880 1
10-07-2017-13:14:54:889 26880 27520 1
10-07-2017-13:14:54:935 27520 28160 1
10-07-2017-13:14:54:976 28160 28800 1
10-07-2017-13:14:55:005 28800 29440 1
10-07-2017-13:14:55:045 29440 30080 1
10-07-2017-13:14:55:085 30080 30720 1
10-07-2017-13:14:55:127 30720 31360 1
10-07-2017-13:14:55:166 31360 32000 1
10-07-2017-13:14:55:206 32000 32640 1
10-07-2017-13:14:55:254 32640 33280 1
10-07-2017-13:14:55:294 33280 33920 1
10-07-2017-13:14:55:322 33920 34560 1
10-07-2017-13:14:55:365 34560 35200 1
10-07-2017-13:14:55:404 35200 35840 1
10-07-2017-13:14:55:445 35840 36480 1
10-07-2017-13:14:55:485 36480 37120 1
10-07-2017-13:14:55:533 37120 37760 1
10-07-2017-13:14:55:573 37760 38400 1
10-07-2017-13:14:55:603 38400 39040 1
10-07-2017-13:14:55:643 39040 39680 1
10-07-2017-13:14:55:684 39680 40320 1
10-07-2017-13:14:55:730 40320 40960 1
10-07-2017-13:14:55:772 40960 41600 1
10-07-2017-13:14:55:811 41600 42240 1
10-07-2017-13:14:55:855 42240 42880 1
10-07-2017-13:14:55:900 42880 43520 1
10-07-2017-13:14:55:923 43520 44160 1
10-07-2017-13:14:55:962 44160 44800 1
10-07-2017-13:14:56:009 44800 45440 1
10-07-2017-13:14:56:050 45440 46080 1
10-07-2017-13:14:56:089 46080 46720 1
10-07-2017-13:14:56:129 46720 47360 1
10-07-2017-13:14:56:171 47360 48000 1
10-07-2017-13:14:56:212 48000 48640 1
10-07-2017-13:14:56:252 48640 49280 1
10-07-2017-13:14:56:293 49280 49920 1
10-07-2017-13:14:56:382 49920 50560 1
10-07-2017-13:14:56:383 50560 51200 1
10-07-2017-13:14:56:412 51200 51840 1
10-07-2017-13:14:56:454 51840 52480 1
10-07-2017-13:14:56:491 52480 53120 1
10-07-2017-13:14:56:531 53120 53760 1
10-07-2017-13:14:56:571 53760 54400 1
10-07-2017-13:14:56:612 54400 55040 1
10-07-2017-13:14:56:663 55040 55664 1
10-07-2017-13:14:56:689 55664 56288 1
10-07-2017-13:14:56:730 56288 56912 1
10-07-2017-13:14:56:759 56912 57536 1
10-07-2017-13:14:56:800 57536 58160 1
10-07-2017-13:14:56:845 58160 58784 1
10-07-2017-13:14:56:895 58784 59408 1
10-07-2017-13:14:56:914 59408 60032 1
10-07-2017-13:14:56:955 60032 60656 1
10-07-2017-13:14:56:996 60656 61280 1
10-07-2017-13:14:57:036 61280 61904 1
10-07-2017-13:14:57:076 61904 62528 1
10-07-2017-13:14:57:123 62528 63152 1
10-07-2017-13:14:57:163 63152 63776 1
10-07-2017-13:14:57:189 63776 64400 1
10-07-2017-13:14:57:231 64400 65024 1
10-07-2017-13:14:57:278 65024 65648 1
10-07-2017-13:14:57:318 65648 66272 1
10-07-2017-13:14:57:359 66272 66896 1
10-07-2017-13:14:57:389 66896 67520 1
10-07-2017-13:14:57:430 67520 68144 1
10-07-2017-13:14:57:471 68144 68768 1
10-07-2017-13:14:57:499 68768 69392 1
10-07-2017-13:14:57:541 69392 70016 1
10-07-2017-13:14:57:580 70016 70640 1
10-07-2017-13:14:57:623 70640 71264 1
10-07-2017-13:14:57:665 71264 71888 1
10-07-2017-13:14:57:703 71888 72512 1
10-07-2017-13:14:57:748 72512 73136 1
10-07-2017-13:14:57:774 73136 73760 1
10-07-2017-13:14:57:819 73760 74384 1
10-07-2017-13:14:57:860 74384 75008 1
10-07-2017-13:14:57:889 75008 75632 1
10-07-2017-13:14:57:930 75632 76256 1
10-07-2017-13:14:57:972 76256 76880 1
10-07-2017-13:14:58:011 76880 77504 1
10-07-2017-13:14:58:051 77504 78128 1
10-07-2017-13:14:58:092 78128 78752 1
10-07-2017-13:14:58:138 78752 79376 1
10-07-2017-13:14:58:162 79376 80000 1
10-07-2017-13:14:58:208 80000 80624 1
10-07-2017-13:14:58:248 80624 81248 1
10-07-2017-13:14:58:289 81248 81872 1
10-07-2017-13:14:58:318 81872 82496 1
10-07-2017-13:14:58:359 82496 83120 1
10-07-2017-13:14:58:398 83120 83744 1
10-07-2017-13:14:58:445 83744 84368 1
10-07-2017-13:14:58:486 84368 84992 1
10-07-2017-13:14:58:516 84992 85616 1
10-07-2017-13:14:58:558 85616 86240 1
10-07-2017-13:14:58:597 86240 86864 1
10-07-2017-13:14:58:637 86864 87488 1
10-07-2017-13:14:58:671 87488 88112 1
10-07-2017-13:14:58:712 88112 88736 1
10-07-2017-13:14:58:756 88736 89360 1
10-07-2017-13:14:58:795 89360 89984 1
10-07-2017-13:14:58:834 89984 90608 1
10-07-2017-13:14:58:864 90608 91232 1
10-07-2017-13:14:58:906 91232 91856 1
10-07-2017-13:14:58:952 91856 92480 1
10-07-2017-13:14:58:992 92480 93104 1
10-07-2017-13:14:59:021 93104 93728 1
10-07-2017-13:14:59:062 93728 94352 1
10-07-2017-13:14:59:101 94352 94976 1
10-07-2017-13:14:59:142 94976 95600 1
10-07-2017-13:14:59:181 95600 96224 1
10-07-2017-13:14:59:221 96224 96848 1
10-07-2017-13:14:59:267 96848 97472 1
10-07-2017-13:14:59:308 97472 98096 1
10-07-2017-13:14:59:337 98096 98720 1
10-07-2017-13:14:59:378 98720 99344 1
10-07-2017-13:14:59:418 99344 99968 1
10-07-2017-13:14:59:512 99968 100592 1
10-07-2017-13:14:59:513 100592 101216 1
10-07-2017-13:14:59:527 101216 101840 1
10-07-2017-13:14:59:569 101840 102464 1
10-07-2017-13:14:59:611 102464 103088 1
10-07-2017-13:14:59:656 103088 103712 1
10-07-2017-13:14:59:695 103712 104336 1
10-07-2017-13:14:59:736 104336 104960 1
10-07-2017-13:14:59:764 104960 105584 1
10-07-2017-13:14:59:806 105584 106208 1
10-07-2017-13:14:59:846 106208 106832 1
10-07-2017-13:14:59:887 106832 107456 1
10-07-2017-13:14:59:929 107456 108080 1
10-07-2017-13:14:59:957 108080 108704 1
10-07-2017-13:14:59:997 108704 109328 1
10-07-2017-13:15:00:037 109328 109952 1
10-07-2017-13:15:00:077 109952 110576 1
10-07-2017-13:15:00:125 110576 111200 1
10-07-2017-13:15:00:166 111200 111824 1
10-07-2017-13:15:00:195 111824 112448 1
10-07-2017-13:15:00:234 112448 113072 1
10-07-2017-13:15:00:280 113072 113696 1
10-07-2017-13:15:00:321 113696 114320 1
10-07-2017-13:15:00:350 114320 114944 1
10-07-2017-13:15:00:390 114944 115568 1
10-07-2017-13:15:00:430 115568 116192 1
10-07-2017-13:15:00:471 116192 116816 1
10-07-2017-13:15:00:511 116816 117440 1
10-07-2017-13:15:00:556 117440 118064 1
10-07-2017-13:15:00:595 118064 118688 1
10-07-2017-13:15:00:619 118688 119312 1
10-07-2017-13:15:00:667 119312 119936 1
10-07-2017-13:15:00:707 119936 120560 1
10-07-2017-13:15:00:748 120560 121184 1
10-07-2017-13:15:00:777 121184 121808 1
10-07-2017-13:15:00:816 121808 122432 1
10-07-2017-13:15:00:858 122432 123056 1
10-07-2017-13:15:00:922 123056 123680 1
10-07-2017-13:15:00:942 123680 124304 1
10-07-2017-13:15:00:979 124304 124928 1
10-07-2017-13:15:01:009 124928 125552 1
10-07-2017-13:15:01:050 125552 126176 1
10-07-2017-13:15:01:096 126176 126800 1
10-07-2017-13:15:01:137 126800 127424 1
10-07-2017-13:15:01:176 127424 128048 1
10-07-2017-13:15:01:205 128048 128672 1
10-07-2017-13:15:01:247 128672 129296 1
10-07-2017-13:15:01:288 129296 129920 1
10-07-2017-13:15:01:328 129920 130544 1
10-07-2017-13:15:01:368 130544 131168 1
10-07-2017-13:15:01:410 131168 131792 1
10-07-2017-13:15:01:438 131792 132416 1
10-07-2017-13:15:01:480 132416 133040 1
10-07-2017-13:15:01:527 133040 133664 1
10-07-2017-13:15:01:568 133664 134288 1
10-07-2017-13:15:01:596 134288 134912 1
10-07-2017-13:15:01:636 134912 135536 1
10-07-2017-13:15:01:676 135536 136160 1
10-07-2017-13:15:01:718 136160 136784 1
10-07-2017-13:15:01:760 136784 137408 1
10-07-2017-13:15:01:790 137408 138032 1
10-07-2017-13:15:01:828 138032 138656 1
10-07-2017-13:15:01:875 138656 139280 1
10-07-2017-13:15:01:914 139280 139904 1
10-07-2017-13:15:01:957 139904 140528 1
10-07-2017-13:15:01:985 140528 141152 1
10-07-2017-13:15:02:027 141152 141776 1
10-07-2017-13:15:02:067 141776 142400 1
10-07-2017-13:15:02:108 142400 143024 1
10-07-2017-13:15:02:149 143024 143648 1
10-07-2017-13:15:02:195 143648 144272 1
10-07-2017-13:15:02:220 144272 144896 1
10-07-2017-13:15:02:265 144896 145520 1
10-07-2017-13:15:02:304 145520 146144 1
10-07-2017-13:15:02:344 146144 146768 1
10-07-2017-13:15:02:385 146768 147392 1
10-07-2017-13:15:02:413 147392 148016 1
10-07-2017-13:15:02:455 148016 148640 1
10-07-2017-13:15:02:496 148640 149264 1
10-07-2017-13:15:02:541 149264 149888 1
10-07-2017-13:15:02:580 149888 150512 1
10-07-2017-13:15:02:608 150512 151136 1
10-07-2017-13:15:02:649 151136 151760 1
10-07-2017-13:15:02:688 151760 152384 1
10-07-2017-13:15:02:730 152384 153008 1
10-07-2017-13:15:02:770 153008 153632 1
10-07-2017-13:15:02:811 153632 154256 1
10-07-2017-13:15:02:858 154256 154880 1
10-07-2017-13:15:02:885 154880 155504 1
10-07-2017-13:15:02:928 155504 156128 1
10-07-2017-13:15:02:971 156128 156752 1
10-07-2017-13:15:03:001 156752 157376 1
10-07-2017-13:15:03:043 157376 158000 1
10-07-2017-13:15:03:080 158000 158624 1
10-07-2017-13:15:03:121 158624 159248 1
10-07-2017-13:15:03:162 159248 159872 1
10-07-2017-13:15:03:207 159872 160496 1
10-07-2017-13:15:03:242 160496 161120 1
10-07-2017-13:15:03:271 161120 161744 1
10-07-2017-13:15:03:311 161744 162368 1
10-07-2017-13:15:03:361 162368 162992 1
10-07-2017-13:15:03:400 162992 163616 1
10-07-2017-13:15:03:429 163616 164240 1
10-07-2017-13:15:03:469 164240 164864 1
10-07-2017-13:15:03:510 164864 165488 1
10-07-2017-13:15:03:550 165488 166112 1
10-07-2017-13:15:03:591 166112 166736 1
10-07-2017-13:15:03:639 166736 167360 1
10-07-2017-13:15:03:662 167360 167984 1
10-07-2017-13:15:03:706 167984 168608 1
10-07-2017-13:15:03:746 168608 169232 1
10-07-2017-13:15:03:785 169232 169856 1
10-07-2017-13:15:03:825 169856 170480 1
10-07-2017-13:15:03:867 170480 171104 1
10-07-2017-13:15:03:894 171104 171728 1
10-07-2017-13:15:03:936 171728 172352 1
10-07-2017-13:15:03:976 172352 172976 1
10-07-2017-13:15:04:022 172976 173600 1
10-07-2017-13:15:04:129 173600 174224 1
10-07-2017-13:15:04:130 174224 174848 1
10-07-2017-13:15:04:133 174848 175472 1
10-07-2017-13:15:04:174 175472 176096 1
10-07-2017-13:15:04:215 176096 176720 1
10-07-2017-13:15:04:255 176720 177344 1
10-07-2017-13:15:04:296 177344 177968 1
10-07-2017-13:15:04:324 177968 178592 1
10-07-2017-13:15:04:366 178592 179216 1
10-07-2017-13:15:04:407 179216 179840 1
10-07-2017-13:15:04:451 179840 180464 1
10-07-2017-13:15:04:493 180464 181088 1
10-07-2017-13:15:04:523 181088 181712 1
10-07-2017-13:15:04:564 181712 182336 1
10-07-2017-13:15:04:605 182336 182960 1
10-07-2017-13:15:04:646 182960 183584 1
10-07-2017-13:15:04:686 183584 184208 1
10-07-2017-13:15:04:715 184208 184832 1
10-07-2017-13:15:04:754 184832 185456 1
10-07-2017-13:15:04:795 185456 186080 1
10-07-2017-13:15:04:833 186080 186704 1
10-07-2017-13:15:04:880 186704 187328 1
10-07-2017-13:15:04:921 187328 187952 1
10-07-2017-13:15:04:950 187952 188576 1
10-07-2017-13:15:04:992 188576 189200 1
10-07-2017-13:15:05:031 189200 189824 1
10-07-2017-13:15:05:073 189824 190448 1
10-07-2017-13:15:05:119 190448 191072 1
10-07-2017-13:15:05:158 191072 191696 1
10-07-2017-13:15:05:185 191696 192320 1
10-07-2017-13:15:05:228 192320 192944 1
10-07-2017-13:15:05:268 192944 193568 1
10-07-2017-13:15:05:309 193568 194192 1
10-07-2017-13:15:05:349 194192 194816 1
10-07-2017-13:15:05:378 194816 195440 1
10-07-2017-13:15:05:418 195440 196064 1
10-07-2017-13:15:05:460 196064 196688 1
10-07-2017-13:15:05:507 196688 197312 1
10-07-2017-13:15:05:548 197312 197936 1
10-07-2017-13:15:05:575 197936 198560 1
10-07-2017-13:15:05:617 198560 199184 1
10-07-2017-13:15:05:658 199184 199808 1
10-07-2017-13:15:05:696 199808 200432 1
10-07-2017-13:15:05:741 200432 201056 1
10-07-2017-13:15:05:768 201056 201680 1
10-07-2017-13:15:05:808 201680 202304 1
10-07-2017-13:15:05:850 202304 202928 1
10-07-2017-13:15:05:895 202928 203552 1
10-07-2017-13:15:05:935 203552 204176 1
10-07-2017-13:15:05:962 204176 204800 1
10-07-2017-13:15:06:005 204800 205424 1
10-07-2017-13:15:06:044 205424 206048 1
10-07-2017-13:15:06:084 206048 206672 1
10-07-2017-13:15:06:126 206672 207296 1
10-07-2017-13:15:06:166 207296 207920 1
10-07-2017-13:15:06:196 207920 208544 1
10-07-2017-13:15:06:237 208544 209168 1
10-07-2017-13:15:06:277 209168 209792 1
10-07-2017-13:15:06:325 209792 210416 1
10-07-2017-13:15:06:364 210416 211040 1
10-07-2017-13:15:06:393 211040 211664 1
10-07-2017-13:15:06:433 211664 212288 1
10-07-2017-13:15:06:473 212288 212912 1
10-07-2017-13:15:06:514 212912 213536 1
10-07-2017-13:15:06:555 213536 214160 1
10-07-2017-13:15:06:600 214160 214784 1
10-07-2017-13:15:06:639 214784 215408 1
10-07-2017-13:15:06:664 215408 216032 1
10-07-2017-13:15:06:711 216032 216656 1
10-07-2017-13:15:06:753 216656 217280 1
10-07-2017-13:15:06:791 217280 217904 1
10-07-2017-13:15:06:821 217904 218528 1
10-07-2017-13:15:06:861 218528 219152 1
10-07-2017-13:15:06:903 219152 219776 1
10-07-2017-13:15:06:944 219776 220400 1
10-07-2017-13:15:06:990 220400 221024 1
10-07-2017-13:15:07:032 221024 221648 1
10-07-2017-13:15:07:061 221648 222272 1
10-07-2017-13:15:07:104 222272 222896 1
10-07-2017-13:15:07:140 222896 223520 1
10-07-2017-13:15:07:184 223520 224144 1
10-07-2017-13:15:07:211 224144 224768 1
10-07-2017-13:15:07:253 224768 225392 1
10-07-2017-13:15:07:293 225392 226016 1
10-07-2017-13:15:07:526 226016 226640 1
10-07-2017-13:15:07:526 226640 227264 1
10-07-2017-13:15:07:527 227264 227888 1
10-07-2017-13:15:07:527 227888 228512 1
10-07-2017-13:15:07:527 228512 229136 1
10-07-2017-13:15:07:530 229136 229760 1
10-07-2017-13:15:07:570 229760 230384 1
10-07-2017-13:15:07:612 230384 231008 1
10-07-2017-13:15:07:650 231008 231632 1
10-07-2017-13:15:07:677 231632 232256 1
10-07-2017-13:15:07:719 232256 232880 1
10-07-2017-13:15:07:759 232880 233504 1
10-07-2017-13:15:07:800 233504 234128 1
10-07-2017-13:15:07:843 234128 234752 1
10-07-2017-13:15:07:885 234752 235376 1
10-07-2017-13:15:07:925 235376 236000 1
10-07-2017-13:15:07:955 236000 236624 1
10-07-2017-13:15:07:994 236624 237248 1
10-07-2017-13:15:08:038 237248 237872 1
10-07-2017-13:15:08:077 237872 238496 1
10-07-2017-13:15:08:117 238496 239120 1
10-07-2017-13:15:08:146 239120 239744 1
10-07-2017-13:15:08:187 239744 240368 1
10-07-2017-13:15:08:234 240368 240992 1
10-07-2017-13:15:08:275 240992 241616 1
10-07-2017-13:15:08:304 241616 242240 1
10-07-2017-13:15:08:345 242240 242864 1
10-07-2017-13:15:08:386 242864 243488 1
10-07-2017-13:15:08:427 243488 244112 1
10-07-2017-13:15:08:466 244112 244736 1
10-07-2017-13:15:08:497 244736 245360 1
10-07-2017-13:15:08:536 245360 245984 1
10-07-2017-13:15:08:584 245984 246608 1
10-07-2017-13:15:08:624 246608 247232 1
10-07-2017-13:15:08:665 247232 247856 1
10-07-2017-13:15:08:692 247856 248480 1
10-07-2017-13:15:08:734 248480 249104 1
10-07-2017-13:15:08:774 249104 249728 1
10-07-2017-13:15:08:813 249728 250352 1
10-07-2017-13:15:08:853 250352 250976 1
10-07-2017-13:15:08:894 250976 251600 1
10-07-2017-13:15:08:939 251600 252224 1
10-07-2017-13:15:08:981 252224 252848 1
10-07-2017-13:15:09:010 252848 253472 1
10-07-2017-13:15:09:050 253472 254096 1
10-07-2017-13:15:09:092 254096 254720 1
10-07-2017-13:15:09:120 254720 255344 1
10-07-2017-13:15:09:163 255344 255968 1
10-07-2017-13:15:09:202 255968 256592 1
10-07-2017-13:15:09:243 256592 257216 1
10-07-2017-13:15:09:284 257216 257840 1
10-07-2017-13:15:09:331 257840 258464 1
10-07-2017-13:15:09:355 258464 259088 1
10-07-2017-13:15:09:402 259088 259712 1
10-07-2017-13:15:09:443 259712 260336 1
10-07-2017-13:15:09:481 260336 260960 1
10-07-2017-13:15:09:511 260960 261584 1
10-07-2017-13:15:09:552 261584 262208 1
10-07-2017-13:15:09:592 262208 262832 1
10-07-2017-13:15:09:634 262832 263456 1
10-07-2017-13:15:09:679 263456 264080 1
10-07-2017-13:15:09:718 264080 264704 1
10-07-2017-13:15:09:759 264704 265328 1
10-07-2017-13:15:09:789 265328 265952 1
10-07-2017-13:15:09:830 265952 266576 1
10-07-2017-13:15:09:871 266576 267200 1
10-07-2017-13:15:09:912 267200 267824 1
10-07-2017-13:15:09:941 267824 268448 1
10-07-2017-13:15:09:982 268448 269072 1
10-07-2017-13:15:10:020 269072 269696 1
10-07-2017-13:15:10:065 269696 270320 1
10-07-2017-13:15:10:107 270320 270944 1
10-07-2017-13:15:10:146 270944 271568 1
10-07-2017-13:15:10:176 271568 272192 1
10-07-2017-13:15:10:216 272192 272816 1
10-07-2017-13:15:10:257 272816 273440 1
10-07-2017-13:15:10:299 273440 274064 1
10-07-2017-13:15:10:340 274064 274688 1
10-07-2017-13:15:10:369 274688 275312 1
10-07-2017-13:15:10:410 275312 275936 1
10-07-2017-13:15:10:453 275936 276560 1
10-07-2017-13:15:10:556 276560 277184 1
10-07-2017-13:15:10:557 277184 277808 1
10-07-2017-13:15:10:573 277808 278432 1
10-07-2017-13:15:10:602 278432 279056 1
10-07-2017-13:15:10:644 279056 279680 1
10-07-2017-13:15:10:683 279680 280304 1
10-07-2017-13:15:10:724 280304 280928 1
10-07-2017-13:15:10:770 280928 281552 1
10-07-2017-13:15:10:799 281552 282176 1
10-07-2017-13:15:10:839 282176 282800 1
10-07-2017-13:15:10:880 282800 283424 1
10-07-2017-13:15:10:920 283424 284048 1
10-07-2017-13:15:10:962 284048 284672 1
10-07-2017-13:15:11:006 284672 285296 1
10-07-2017-13:15:11:046 285296 285920 1
10-07-2017-13:15:11:073 285920 286544 1
10-07-2017-13:15:11:114 286544 287168 1
10-07-2017-13:15:11:154 287168 287792 1
10-07-2017-13:15:11:196 287792 288416 1
10-07-2017-13:15:11:235 288416 289040 1
10-07-2017-13:15:11:284 289040 289664 1
10-07-2017-13:15:11:303 289664 290288 1
10-07-2017-13:15:11:348 290288 290912 1
10-07-2017-13:15:11:390 290912 291536 1
10-07-2017-13:15:11:430 291536 292160 1
10-07-2017-13:15:11:469 292160 292784 1
10-07-2017-13:15:11:508 292784 293408 1
10-07-2017-13:15:11:556 293408 294032 1
10-07-2017-13:15:11:577 294032 294656 1
10-07-2017-13:15:11:622 294656 295280 1
10-07-2017-13:15:11:664 295280 295904 1
10-07-2017-13:15:11:704 295904 296528 1
10-07-2017-13:15:11:745 296528 297152 1
10-07-2017-13:15:11:775 297152 297776 1
10-07-2017-13:15:11:814 297776 298400 1
10-07-2017-13:15:11:855 298400 299024 1
10-07-2017-13:15:11:895 299024 299648 1
10-07-2017-13:15:11:936 299648 300272 1
10-07-2017-13:15:11:982 300272 300896 1
10-07-2017-13:15:12:026 300896 301520 1
10-07-2017-13:15:12:051 301520 302144 1
10-07-2017-13:15:12:094 302144 302768 1
10-07-2017-13:15:12:133 302768 303392 1
10-07-2017-13:15:12:165 303392 304016 1
10-07-2017-13:15:12:205 304016 304640 1
10-07-2017-13:15:12:244 304640 305264 1
10-07-2017-13:15:12:284 305264 305888 1
10-07-2017-13:15:12:327 305888 306512 1
10-07-2017-13:15:12:372 306512 307136 1
10-07-2017-13:15:12:396 307136 307760 1
10-07-2017-13:15:12:487 307760 308384 1
10-07-2017-13:15:12:488 308384 309008 1
10-07-2017-13:15:12:523 309008 309632 1
10-07-2017-13:15:12:562 309632 310256 1
10-07-2017-13:15:12:601 310256 310880 1
10-07-2017-13:15:12:632 310880 311504 1
10-07-2017-13:15:12:673 311504 312128 1
10-07-2017-13:15:12:713 312128 312752 1
10-07-2017-13:15:12:754 312752 313376 1
10-07-2017-13:15:12:799 313376 314000 1
10-07-2017-13:15:12:841 314000 314624 1
10-07-2017-13:15:12:872 314624 315248 1
10-07-2017-13:15:12:911 315248 315872 1
10-07-2017-13:15:12:952 315872 316496 1
10-07-2017-13:15:12:992 316496 317120 1
10-07-2017-13:15:13:021 317120 317744 1
10-07-2017-13:15:13:063 317744 318368 1
10-07-2017-13:15:13:103 318368 318992 1
10-07-2017-13:15:13:143 318992 319616 1
10-07-2017-13:15:13:190 319616 320240 1
10-07-2017-13:15:13:232 320240 320864 1
10-07-2017-13:15:13:258 320864 321488 1
10-07-2017-13:15:13:300 321488 322112 1
10-07-2017-13:15:13:341 322112 322736 1
10-07-2017-13:15:13:382 322736 323360 1
10-07-2017-13:15:13:412 323360 323984 1
10-07-2017-13:15:13:451 323984 324608 1
10-07-2017-13:15:13:491 324608 325232 1
10-07-2017-13:15:13:533 325232 325856 1
10-07-2017-13:15:13:584 325856 326480 1
10-07-2017-13:15:13:621 326480 327104 1
10-07-2017-13:15:13:651 327104 327728 1
10-07-2017-13:15:13:690 327728 328352 1
10-07-2017-13:15:13:736 328352 328976 1
10-07-2017-13:15:13:776 328976 329600 1
10-07-2017-13:15:13:806 329600 330224 1
10-07-2017-13:15:13:845 330224 330848 1
10-07-2017-13:15:13:892 330848 331472 1
10-07-2017-13:15:13:927 331472 332096 1
10-07-2017-13:15:13:956 332096 332720 1
10-07-2017-13:15:13:998 332720 333344 1
10-07-2017-13:15:14:038 333344 333968 1
10-07-2017-13:15:14:086 333968 334592 1
10-07-2017-13:15:14:125 334592 335216 1
10-07-2017-13:15:14:154 335216 335840 1
10-07-2017-13:15:14:196 335840 336464 1
10-07-2017-13:15:14:237 336464 337088 1
10-07-2017-13:15:14:277 337088 337712 1
10-07-2017-13:15:14:318 337712 338336 1
10-07-2017-13:15:14:348 338336 338960 1
10-07-2017-13:15:14:389 338960 339584 1
10-07-2017-13:15:14:435 339584 340208 1
10-07-2017-13:15:14:476 340208 340832 1
10-07-2017-13:15:14:505 340832 341456 1
10-07-2017-13:15:14:544 341456 342080 1
10-07-2017-13:15:14:583 342080 342704 1
10-07-2017-13:15:14:623 342704 343328 1
10-07-2017-13:15:14:664 343328 343952 1
10-07-2017-13:15:14:704 343952 344576 1
10-07-2017-13:15:14:750 344576 345200 1
10-07-2017-13:15:14:790 345200 345824 1
10-07-2017-13:15:14:820 345824 346448 1
10-07-2017-13:15:14:861 346448 347072 1
10-07-2017-13:15:14:902 347072 347696 1
10-07-2017-13:15:14:943 347696 348320 1
10-07-2017-13:15:14:972 348320 348944 1
10-07-2017-13:15:15:012 348944 349568 1
10-07-2017-13:15:15:052 349568 350192 1
10-07-2017-13:15:15:100 350192 350816 1
10-07-2017-13:15:15:139 350816 351440 1
10-07-2017-13:15:15:169 351440 352064 1
10-07-2017-13:15:15:209 352064 352688 1
10-07-2017-13:15:15:249 352688 353312 1
10-07-2017-13:15:15:291 353312 353936 1
10-07-2017-13:15:15:331 353936 354560 1
10-07-2017-13:15:15:377 354560 355184 1
10-07-2017-13:15:15:400 355184 355808 1
10-07-2017-13:15:15:447 355808 356432 1
10-07-2017-13:15:15:487 356432 357056 1
10-07-2017-13:15:15:527 357056 357680 1
10-07-2017-13:15:15:555 357680 358304 1
10-07-2017-13:15:15:676 358304 358928 1
10-07-2017-13:15:15:677 358928 359552 1
10-07-2017-13:15:15:678 359552 360176 1
10-07-2017-13:15:15:723 360176 360800 1
10-07-2017-13:15:15:764 360800 361424 1
10-07-2017-13:15:15:795 361424 362048 1
10-07-2017-13:15:15:835 362048 362672 1
10-07-2017-13:15:15:875 362672 363296 1
10-07-2017-13:15:15:915 363296 363920 1
10-07-2017-13:15:15:957 363920 364544 1
10-07-2017-13:15:15:986 364544 365168 1
10-07-2017-13:15:16:030 365168 365792 1
10-07-2017-13:15:16:070 365792 366416 1
10-07-2017-13:15:16:115 366416 367040 1
10-07-2017-13:15:16:154 367040 367664 1
10-07-2017-13:15:16:195 367664 368288 1
10-07-2017-13:15:16:222 368288 368912 1
10-07-2017-13:15:16:266 368912 369536 1
10-07-2017-13:15:16:302 369536 370160 1
10-07-2017-13:15:16:346 370160 370784 1
10-07-2017-13:15:16:390 370784 371408 1
10-07-2017-13:15:16:415 371408 372032 1
10-07-2017-13:15:16:461 372032 372656 1
10-07-2017-13:15:16:501 372656 373280 1
10-07-2017-13:15:16:542 373280 373904 1
10-07-2017-13:15:16:571 373904 374528 1
10-07-2017-13:15:16:611 374528 375152 1
10-07-2017-13:15:16:658 375152 375776 1
10-07-2017-13:15:16:699 375776 376400 1
10-07-2017-13:15:16:736 376400 377024 1
10-07-2017-13:15:16:776 377024 377648 1
10-07-2017-13:15:16:818 377648 378272 1
10-07-2017-13:15:16:848 378272 378896 1
10-07-2017-13:15:16:888 378896 379520 1
10-07-2017-13:15:16:927 379520 380144 1
10-07-2017-13:15:16:972 380144 380768 1
10-07-2017-13:15:16:999 380768 381392 1
10-07-2017-13:15:17:040 381392 382016 1
10-07-2017-13:15:17:080 382016 382640 1
10-07-2017-13:15:17:128 382640 383264 1
10-07-2017-13:15:17:167 383264 383888 1
10-07-2017-13:15:17:196 383888 384512 1
10-07-2017-13:15:17:238 384512 385136 1
10-07-2017-13:15:17:278 385136 385760 1
10-07-2017-13:15:17:319 385760 386384 1
10-07-2017-13:15:17:360 386384 387008 1
10-07-2017-13:15:17:390 387008 387632 1
10-07-2017-13:15:17:430 387632 388256 1
10-07-2017-13:15:17:476 388256 388880 1
10-07-2017-13:15:17:517 388880 389504 1
10-07-2017-13:15:17:545 389504 390128 1
10-07-2017-13:15:17:585 390128 390752 1
10-07-2017-13:15:17:627 390752 391376 1
10-07-2017-13:15:17:667 391376 392000 1
10-07-2017-13:15:17:714 392000 392624 1
10-07-2017-13:15:17:754 392624 393248 1
10-07-2017-13:15:17:784 393248 393872 1
10-07-2017-13:15:17:825 393872 394496 1
10-07-2017-13:15:17:865 394496 395120 1
10-07-2017-13:15:17:906 395120 395744 1
10-07-2017-13:15:17:945 395744 396368 1
10-07-2017-13:15:17:976 396368 396992 1
10-07-2017-13:15:18:015 396992 397616 1
10-07-2017-13:15:18:061 397616 398240 1
10-07-2017-13:15:18:102 398240 398864 1
10-07-2017-13:15:18:131 398864 399488 1
10-07-2017-13:15:18:175 399488 400112 1
10-07-2017-13:15:18:214 400112 400736 1
10-07-2017-13:15:18:259 400736 401360 1
10-07-2017-13:15:18:287 401360 401984 1
10-07-2017-13:15:18:328 401984 402608 1
10-07-2017-13:15:18:366 402608 403232 1
10-07-2017-13:15:18:408 403232 403856 1
10-07-2017-13:15:18:452 403856 404480 1
10-07-2017-13:15:18:493 404480 405104 1
10-07-2017-13:15:18:522 405104 405728 1
10-07-2017-13:15:18:564 405728 406352 1
10-07-2017-13:15:18:605 406352 406976 1
10-07-2017-13:15:18:645 406976 407600 1
10-07-2017-13:15:18:685 407600 408224 1
10-07-2017-13:15:18:714 408224 408848 1
10-07-2017-13:15:18:828 408848 409472 1
10-07-2017-13:15:18:829 409472 410096 1
10-07-2017-13:15:18:843 410096 410720 1
10-07-2017-13:15:18:881 410720 411344 1
10-07-2017-13:15:18:910 411344 411968 1
10-07-2017-13:15:18:954 411968 412592 1
10-07-2017-13:15:18:992 412592 413216 1
10-07-2017-13:15:19:033 413216 413840 1
10-07-2017-13:15:19:073 413840 414464 1
10-07-2017-13:15:19:121 414464 415088 1
10-07-2017-13:15:19:144 415088 415712 1
10-07-2017-13:15:19:184 415712 416336 1
10-07-2017-13:15:19:230 416336 416960 1
10-07-2017-13:15:19:270 416960 417584 1
10-07-2017-13:15:19:314 417584 418208 1
10-07-2017-13:15:19:339 418208 418832 1
10-07-2017-13:15:19:380 418832 419456 1
10-07-2017-13:15:19:421 419456 420080 1
10-07-2017-13:15:19:463 420080 420704 1
10-07-2017-13:15:19:503 420704 421328 1
10-07-2017-13:15:19:550 421328 421952 1
10-07-2017-13:15:19:573 421952 422576 1
10-07-2017-13:15:19:622 422576 423200 1
10-07-2017-13:15:19:662 423200 423824 1
10-07-2017-13:15:19:702 423824 424448 1
10-07-2017-13:15:19:748 424448 425072 1
10-07-2017-13:15:19:773 425072 425696 1
10-07-2017-13:15:19:814 425696 426320 1
10-07-2017-13:15:19:854 426320 426944 1
10-07-2017-13:15:19:896 426944 427568 1
10-07-2017-13:15:19:935 427568 428192 1
10-07-2017-13:15:19:962 428192 428816 1
10-07-2017-13:15:20:003 428816 429440 1
10-07-2017-13:15:20:043 429440 430064 1
10-07-2017-13:15:20:090 430064 430688 1
10-07-2017-13:15:20:131 430688 431312 1
10-07-2017-13:15:20:160 431312 431936 1
10-07-2017-13:15:20:201 431936 432560 1
10-07-2017-13:15:20:241 432560 433184 1
10-07-2017-13:15:20:282 433184 433808 1
10-07-2017-13:15:20:325 433808 434432 1
10-07-2017-13:15:20:369 434432 435056 1
10-07-2017-13:15:20:392 435056 435680 1
10-07-2017-13:15:20:438 435680 436304 1
10-07-2017-13:15:20:479 436304 436928 1
10-07-2017-13:15:20:520 436928 437552 1
10-07-2017-13:15:20:548 437552 438176 1
10-07-2017-13:15:20:590 438176 438800 1
10-07-2017-13:15:20:629 438800 439424 1
10-07-2017-13:15:20:669 439424 440048 1
10-07-2017-13:15:20:715 440048 440672 1
10-07-2017-13:15:20:756 440672 441296 1
10-07-2017-13:15:20:786 441296 441920 1
10-07-2017-13:15:20:826 441920 442544 1
10-07-2017-13:15:20:867 442544 443168 1
10-07-2017-13:15:20:907 443168 443792 1
10-07-2017-13:15:20:936 443792 444416 1
10-07-2017-13:15:20:978 444416 445040 1
10-07-2017-13:15:21:023 445040 445664 1
10-07-2017-13:15:21:065 445664 446288 1
10-07-2017-13:15:21:108 446288 446912 1
10-07-2017-13:15:21:137 446912 447536 1
10-07-2017-13:15:21:175 447536 448160 1
10-07-2017-13:15:21:216 448160 448784 1
10-07-2017-13:15:21:259 448784 449408 1
10-07-2017-13:15:21:288 449408 450032 1
10-07-2017-13:15:21:329 450032 450656 1
10-07-2017-13:15:21:371 450656 451280 1
10-07-2017-13:15:21:413 451280 451904 1
10-07-2017-13:15:21:457 451904 452528 1
10-07-2017-13:15:21:498 452528 453152 1
10-07-2017-13:15:21:528 453152 453776 1
10-07-2017-13:15:21:568 453776 454400 1
10-07-2017-13:15:21:609 454400 455024 1
10-07-2017-13:15:21:650 455024 455648 1
10-07-2017-13:15:21:678 455648 456272 1
10-07-2017-13:15:21:720 456272 456896 1
10-07-2017-13:15:21:760 456896 457520 1
10-07-2017-13:15:21:802 457520 458144 1
10-07-2017-13:15:21:847 458144 458768 1
10-07-2017-13:15:21:889 458768 459392 1
10-07-2017-13:15:21:918 459392 460016 1
10-07-2017-13:15:21:959 460016 460640 1
10-07-2017-13:15:21:999 460640 461264 1
10-07-2017-13:15:22:040 461264 461888 1
10-07-2017-13:15:22:070 461888 462512 1
10-07-2017-13:15:22:109 462512 463136 1
10-07-2017-13:15:22:150 463136 463760 1
10-07-2017-13:15:22:199 463760 464384 1
10-07-2017-13:15:22:238 464384 465008 1
10-07-2017-13:15:22:268 465008 465632 1
10-07-2017-13:15:22:310 465632 466256 1
10-07-2017-13:15:22:350 466256 466880 1
10-07-2017-13:15:22:392 466880 467504 1
10-07-2017-13:15:22:419 467504 468128 1
10-07-2017-13:15:22:460 468128 468752 1
10-07-2017-13:15:22:500 468752 469376 1
10-07-2017-13:15:22:548 469376 470000 1
10-07-2017-13:15:22:589 470000 470624 1
10-07-2017-13:15:22:618 470624 471248 1
10-07-2017-13:15:22:660 471248 471872 1
10-07-2017-13:15:22:698 471872 472496 1
10-07-2017-13:15:22:745 472496 473120 1
10-07-2017-13:15:22:772 473120 473744 1
10-07-2017-13:15:22:813 473744 474368 1
10-07-2017-13:15:22:854 474368 474992 1
10-07-2017-13:15:22:956 474992 475616 1
10-07-2017-13:15:22:957 475616 476240 1
10-07-2017-13:15:22:976 476240 476864 1
10-07-2017-13:15:23:004 476864 477488 1
10-07-2017-13:15:23:048 477488 478112 1
10-07-2017-13:15:23:090 478112 478736 1
10-07-2017-13:15:23:132 478736 479360 1
10-07-2017-13:15:23:171 479360 479984 1
10-07-2017-13:15:23:201 479984 480608 1
10-07-2017-13:15:23:241 480608 481232 1
10-07-2017-13:15:23:283 481232 481856 1
10-07-2017-13:15:23:323 481856 482480 1
10-07-2017-13:15:23:364 482480 483104 1
10-07-2017-13:15:23:412 483104 483728 1
10-07-2017-13:15:23:437 483728 484352 1
10-07-2017-13:15:23:480 484352 484976 1
10-07-2017-13:15:23:518 484976 485600 1
10-07-2017-13:15:23:559 485600 486224 1
10-07-2017-13:15:23:600 486224 486848 1
10-07-2017-13:15:23:630 486848 487472 1
10-07-2017-13:15:23:676 487472 488096 1
10-07-2017-13:15:23:717 488096 488720 1
10-07-2017-13:15:23:746 488720 489344 1
10-07-2017-13:15:23:786 489344 489968 1
10-07-2017-13:15:23:827 489968 490592 1
10-07-2017-13:15:23:872 490592 491216 1
10-07-2017-13:15:23:911 491216 491840 1
10-07-2017-13:15:23:953 491840 492464 1
10-07-2017-13:15:23:982 492464 493088 1
10-07-2017-13:15:24:022 493088 493712 1
10-07-2017-13:15:24:063 493712 494336 1
10-07-2017-13:15:24:105 494336 494960 1
10-07-2017-13:15:24:146 494960 495584 1
10-07-2017-13:15:24:191 495584 496208 1
10-07-2017-13:15:24:212 496208 496832 1
10-07-2017-13:15:24:254 496832 497456 1
10-07-2017-13:15:24:295 497456 498080 1
10-07-2017-13:15:24:335 498080 498704 1
10-07-2017-13:15:24:383 498704 499328 1
10-07-2017-13:15:24:421 499328 499952 1
10-07-2017-13:15:24:449 499952 500576 1
10-07-2017-13:15:24:489 500576 501200 1
10-07-2017-13:15:24:529 501200 501824 1
10-07-2017-13:15:24:571 501824 502448 1
10-07-2017-13:15:24:612 502448 503072 1
10-07-2017-13:15:24:659 503072 503696 1
10-07-2017-13:15:24:681 503696 504320 1
10-07-2017-13:15:24:722 504320 504944 1
10-07-2017-13:15:24:769 504944 505568 1
10-07-2017-13:15:24:809 505568 506192 1
10-07-2017-13:15:24:851 506192 506816 1
10-07-2017-13:15:24:878 506816 507440 1
10-07-2017-13:15:24:918 507440 508064 1
10-07-2017-13:15:24:959 508064 508688 1
10-07-2017-13:15:25:003 508688 509312 1
10-07-2017-13:15:25:044 509312 509936 1
10-07-2017-13:15:25:085 509936 510560 1
10-07-2017-13:15:25:114 510560 511184 1
10-07-2017-13:15:25:151 511184 511808 1
10-07-2017-13:15:25:191 511808 512432 1
10-07-2017-13:15:25:229 512432 513056 1
10-07-2017-13:15:25:277 513056 513680 1
10-07-2017-13:15:25:317 513680 514304 1
10-07-2017-13:15:25:346 514304 514928 1
10-07-2017-13:15:25:386 514928 515552 1
10-07-2017-13:15:25:428 515552 516176 1
10-07-2017-13:15:25:468 516176 516800 1
10-07-2017-13:15:25:507 516800 517424 1
10-07-2017-13:15:25:547 517424 518048 1
10-07-2017-13:15:25:593 518048 518672 1
10-07-2017-13:15:25:617 518672 519296 1
10-07-2017-13:15:25:667 519296 519920 1
10-07-2017-13:15:25:704 519920 520544 1
10-07-2017-13:15:25:748 520544 521168 1
10-07-2017-13:15:25:778 521168 521792 1
10-07-2017-13:15:25:818 521792 522416 1
10-07-2017-13:15:25:858 522416 523040 1
10-07-2017-13:15:25:899 523040 523664 1
10-07-2017-13:15:25:942 523664 524288 1
10-07-2017-13:15:25:968 524288 524912 1
10-07-2017-13:15:26:009 524912 525536 1
10-07-2017-13:15:26:094 525536 526160 1
10-07-2017-13:15:26:097 526160 526784 1
10-07-2017-13:15:26:136 526784 527408 1
10-07-2017-13:15:26:164 527408 528032 1
10-07-2017-13:15:26:204 528032 528656 1
10-07-2017-13:15:26:246 528656 529280 1
10-07-2017-13:15:26:286 529280 529904 1
10-07-2017-13:15:26:327 529904 530528 1
10-07-2017-13:15:26:369 530528 531152 1
10-07-2017-13:15:26:398 531152 531776 1
10-07-2017-13:15:26:437 531776 532400 1
10-07-2017-13:15:26:479 532400 533024 1
10-07-2017-13:15:26:525 533024 533648 1
10-07-2017-13:15:26:567 533648 534272 1
10-07-2017-13:15:26:595 534272 534896 1
10-07-2017-13:15:26:637 534896 535520 1
10-07-2017-13:15:26:676 535520 536144 1
10-07-2017-13:15:26:717 536144 536768 1
10-07-2017-13:15:26:759 536768 537392 1
10-07-2017-13:15:26:798 537392 538016 1
10-07-2017-13:15:26:828 538016 538640 1
10-07-2017-13:15:26:868 538640 539264 1
10-07-2017-13:15:26:914 539264 539888 1
10-07-2017-13:15:26:954 539888 540512 1
10-07-2017-13:15:26:983 540512 541136 1
10-07-2017-13:15:27:022 541136 541760 1
10-07-2017-13:15:27:064 541760 542384 1
10-07-2017-13:15:27:104 542384 543008 1
10-07-2017-13:15:27:152 543008 543632 1
10-07-2017-13:15:27:192 543632 544256 1
10-07-2017-13:15:27:221 544256 544880 1
10-07-2017-13:15:27:263 544880 545504 1
10-07-2017-13:15:27:304 545504 546128 1
10-07-2017-13:15:27:344 546128 546752 1
10-07-2017-13:15:27:373 546752 547376 1
10-07-2017-13:15:27:414 547376 548000 1
10-07-2017-13:15:27:455 548000 548624 1
10-07-2017-13:15:27:494 548624 549248 1
10-07-2017-13:15:27:535 549248 549872 1
10-07-2017-13:15:27:583 549872 550496 1
10-07-2017-13:15:27:622 550496 551120 1
10-07-2017-13:15:27:645 551120 551744 1
10-07-2017-13:15:27:694 551744 552368 1
10-07-2017-13:15:27:733 552368 552992 1
10-07-2017-13:15:27:772 552992 553616 1
10-07-2017-13:15:27:812 553616 554240 1
10-07-2017-13:15:27:841 554240 554864 1
10-07-2017-13:15:27:881 554864 555488 1
10-07-2017-13:15:27:923 555488 556112 1
10-07-2017-13:15:27:964 556112 556736 1
10-07-2017-13:15:28:010 556736 557360 1
10-07-2017-13:15:28:052 557360 557984 1
10-07-2017-13:15:28:082 557984 558608 1
10-07-2017-13:15:28:119 558608 559232 1
10-07-2017-13:15:28:161 559232 559856 1
10-07-2017-13:15:28:201 559856 560480 1
10-07-2017-13:15:28:232 560480 561104 1
10-07-2017-13:15:28:271 561104 561728 1
10-07-2017-13:15:28:311 561728 562352 1
10-07-2017-13:15:28:357 562352 562976 1
10-07-2017-13:15:28:398 562976 563600 1
10-07-2017-13:15:28:425 563600 564224 1
10-07-2017-13:15:28:467 564224 564848 1
10-07-2017-13:15:28:506 564848 565472 1
10-07-2017-13:15:28:548 565472 566096 1
10-07-2017-13:15:28:588 566096 566720 1
10-07-2017-13:15:28:636 566720 567344 1
10-07-2017-13:15:28:660 567344 567968 1
10-07-2017-13:15:28:699 567968 568592 1
10-07-2017-13:15:28:741 568592 569216 1
10-07-2017-13:15:28:780 569216 569840 1
10-07-2017-13:15:28:820 569840 570464 1
10-07-2017-13:15:28:862 570464 571088 1
10-07-2017-13:15:28:903 571088 571712 1
10-07-2017-13:15:28:948 571712 572336 1
10-07-2017-13:15:28:971 572336 572960 1
10-07-2017-13:15:29:016 572960 573584 1
10-07-2017-13:15:29:055 573584 574208 1
10-07-2017-13:15:29:096 574208 574832 1
10-07-2017-13:15:29:136 574832 575456 1
10-07-2017-13:15:29:177 575456 576080 1
10-07-2017-13:15:29:269 576080 576704 1
10-07-2017-13:15:29:270 576704 577328 1
10-07-2017-13:15:29:294 577328 577952 1
10-07-2017-13:15:29:334 577952 578576 1
10-07-2017-13:15:29:362 578576 579200 1
10-07-2017-13:15:29:403 579200 579824 1
10-07-2017-13:15:29:442 579824 580448 1
10-07-2017-13:15:29:484 580448 581072 1
10-07-2017-13:15:29:523 581072 581696 1
10-07-2017-13:15:29:564 581696 582320 1
10-07-2017-13:15:29:612 582320 582944 1
10-07-2017-13:15:29:635 582944 583568 1
10-07-2017-13:15:29:675 583568 584192 1
10-07-2017-13:15:29:721 584192 584816 1
10-07-2017-13:15:29:763 584816 585440 1
10-07-2017-13:15:29:792 585440 586064 1
10-07-2017-13:15:29:832 586064 586688 1
10-07-2017-13:15:29:872 586688 587312 1
10-07-2017-13:15:29:914 587312 587936 1
10-07-2017-13:15:29:953 587936 588560 1
10-07-2017-13:15:29:993 588560 589184 1
10-07-2017-13:15:30:041 589184 589808 1
10-07-2017-13:15:30:064 589808 590432 1
10-07-2017-13:15:30:105 590432 591056 1
10-07-2017-13:15:30:151 591056 591680 1
10-07-2017-13:15:30:191 591680 592304 1
10-07-2017-13:15:30:221 592304 592928 1
10-07-2017-13:15:30:265 592928 593552 1
10-07-2017-13:15:30:305 593552 594176 1
10-07-2017-13:15:30:345 594176 594800 1
10-07-2017-13:15:30:387 594800 595424 1
10-07-2017-13:15:30:416 595424 596048 1
10-07-2017-13:15:30:455 596048 596672 1
10-07-2017-13:15:30:496 596672 597296 1
10-07-2017-13:15:30:538 597296 597920 1
10-07-2017-13:15:30:584 597920 598544 1
10-07-2017-13:15:30:626 598544 599168 1
10-07-2017-13:15:30:657 599168 599792 1
10-07-2017-13:15:30:695 599792 600416 1
10-07-2017-13:15:30:734 600416 601040 1
10-07-2017-13:15:30:774 601040 601664 1
10-07-2017-13:15:30:804 601664 602288 1
10-07-2017-13:15:30:845 602288 602912 1
10-07-2017-13:15:30:887 602912 603536 1
10-07-2017-13:15:30:927 603536 604160 1
10-07-2017-13:15:30:968 604160 604784 1
10-07-2017-13:15:31:013 604784 605408 1
10-07-2017-13:15:31:054 605408 606032 1
10-07-2017-13:15:31:083 606032 606656 1
10-07-2017-13:15:31:151 606656 607280 1
10-07-2017-13:15:31:166 607280 607904 1
10-07-2017-13:15:31:205 607904 608528 1
10-07-2017-13:15:31:234 608528 609152 1
10-07-2017-13:15:31:276 609152 609776 1
10-07-2017-13:15:31:315 609776 610400 1
10-07-2017-13:15:31:355 610400 611024 1
10-07-2017-13:15:31:396 611024 611648 1
10-07-2017-13:15:31:443 611648 612272 1
10-07-2017-13:15:31:466 612272 612896 1
10-07-2017-13:15:31:513 612896 613520 1
10-07-2017-13:15:31:554 613520 614144 1
10-07-2017-13:15:31:594 614144 614768 1
10-07-2017-13:15:31:622 614768 615392 1
10-07-2017-13:15:31:665 615392 616016 1
10-07-2017-13:15:31:703 616016 616640 1
10-07-2017-13:15:31:748 616640 617264 1
10-07-2017-13:15:31:792 617264 617888 1
10-07-2017-13:15:31:819 617888 618512 1
10-07-2017-13:15:31:860 618512 619136 1
10-07-2017-13:15:31:898 619136 619760 1
10-07-2017-13:15:31:946 619760 620384 1
10-07-2017-13:15:31:985 620384 621008 1
10-07-2017-13:15:32:027 621008 621632 1
10-07-2017-13:15:32:055 621632 622256 1
10-07-2017-13:15:32:097 622256 622880 1
10-07-2017-13:15:32:138 622880 623504 1
10-07-2017-13:15:32:177 623504 624128 1
10-07-2017-13:15:32:219 624128 624752 1
10-07-2017-13:15:32:249 624752 625376 1
10-07-2017-13:15:32:289 625376 626000 1
10-07-2017-13:15:32:328 626000 626624 1
10-07-2017-13:15:32:374 626624 627248 1
10-07-2017-13:15:32:415 627248 627872 1
10-07-2017-13:15:32:443 627872 628496 1
10-07-2017-13:15:32:484 628496 629120 1
10-07-2017-13:15:32:526 629120 629744 1
10-07-2017-13:15:32:566 629744 630368 1
10-07-2017-13:15:32:608 630368 630992 1
10-07-2017-13:15:32:647 630992 631616 1
10-07-2017-13:15:32:677 631616 632240 1
10-07-2017-13:15:32:717 632240 632864 1
10-07-2017-13:15:32:759 632864 633488 1
10-07-2017-13:15:32:806 633488 634112 1
10-07-2017-13:15:32:847 634112 634736 1
10-07-2017-13:15:32:887 634736 635360 1
10-07-2017-13:15:32:917 635360 635984 1
10-07-2017-13:15:32:956 635984 636608 1
10-07-2017-13:15:32:995 636608 637232 1
10-07-2017-13:15:33:037 637232 637856 1
10-07-2017-13:15:33:066 637856 638480 1
10-07-2017-13:15:33:108 638480 639104 1
10-07-2017-13:15:33:150 639104 639728 1
10-07-2017-13:15:33:190 639728 640352 1
10-07-2017-13:15:33:235 640352 640976 1
10-07-2017-13:15:33:273 640976 641600 1
10-07-2017-13:15:33:302 641600 642224 1
10-07-2017-13:15:33:342 642224 642848 1
10-07-2017-13:15:33:389 642848 643472 1
10-07-2017-13:15:33:427 643472 644096 1
10-07-2017-13:15:33:457 644096 644720 1
10-07-2017-13:15:33:497 644720 645344 1
10-07-2017-13:15:33:538 645344 645968 1
10-07-2017-13:15:33:579 645968 646592 1
10-07-2017-13:15:33:619 646592 647216 1
10-07-2017-13:15:33:662 647216 647840 1
10-07-2017-13:15:33:705 647840 648464 1
10-07-2017-13:15:33:728 648464 649088 1
10-07-2017-13:15:33:770 649088 649712 1
10-07-2017-13:15:33:816 649712 650336 1
10-07-2017-13:15:33:857 650336 650960 1
10-07-2017-13:15:33:896 650960 651584 1
10-07-2017-13:15:33:925 651584 652208 1
10-07-2017-13:15:33:967 652208 652832 1
10-07-2017-13:15:34:009 652832 653456 1
10-07-2017-13:15:34:049 653456 654080 1
10-07-2017-13:15:34:088 654080 654704 1
10-07-2017-13:15:34:127 654704 655328 1
10-07-2017-13:15:34:174 655328 655952 1
10-07-2017-13:15:34:197 655952 656576 1
10-07-2017-13:15:34:244 656576 657200 1
10-07-2017-13:15:34:283 657200 657824 1
10-07-2017-13:15:34:323 657824 658448 1
10-07-2017-13:15:34:355 658448 659072 1
10-07-2017-13:15:34:393 659072 659696 1
10-07-2017-13:15:34:436 659696 660320 1
10-07-2017-13:15:34:475 660320 660944 1
10-07-2017-13:15:34:517 660944 661568 1
10-07-2017-13:15:34:563 661568 662192 1
10-07-2017-13:15:34:587 662192 662816 1
10-07-2017-13:15:34:630 662816 663440 1
10-07-2017-13:15:34:679 663440 664064 1
10-07-2017-13:15:34:710 664064 664688 1
10-07-2017-13:15:34:750 664688 665312 1
10-07-2017-13:15:34:789 665312 665936 1
10-07-2017-13:15:35:082 665936 666560 1
10-07-2017-13:15:35:083 666560 667184 1
10-07-2017-13:15:35:083 667184 667808 1
10-07-2017-13:15:35:087 667808 668432 1
10-07-2017-13:15:35:087 668432 669056 1
10-07-2017-13:15:35:087 669056 669680 1
10-07-2017-13:15:35:087 669680 670304 1
10-07-2017-13:15:35:095 670304 670928 1
10-07-2017-13:15:35:135 670928 671552 1
10-07-2017-13:15:35:177 671552 672176 1
10-07-2017-13:15:35:216 672176 672800 1
10-07-2017-13:15:35:255 672800 673424 1
10-07-2017-13:15:35:296 673424 674048 1
10-07-2017-13:15:35:343 674048 674672 1
10-07-2017-13:15:35:367 674672 675296 1
10-07-2017-13:15:35:411 675296 675920 1
10-07-2017-13:15:35:452 675920 676544 1
10-07-2017-13:15:35:492 676544 677168 1
10-07-2017-13:15:35:532 677168 677792 1
10-07-2017-13:15:35:563 677792 678416 1
10-07-2017-13:15:35:604 678416 679040 1
10-07-2017-13:15:35:644 679040 679664 1
10-07-2017-13:15:35:685 679664 680288 1
10-07-2017-13:15:35:725 680288 680912 1
10-07-2017-13:15:35:770 680912 681536 1
10-07-2017-13:15:35:812 681536 682160 1
10-07-2017-13:15:35:841 682160 682784 1
10-07-2017-13:15:35:882 682784 683408 1
10-07-2017-13:15:35:923 683408 684032 1
10-07-2017-13:15:35:962 684032 684656 1
10-07-2017-13:15:35:991 684656 685280 1
10-07-2017-13:15:36:032 685280 685904 1
10-07-2017-13:15:36:072 685904 686528 1
10-07-2017-13:15:36:113 686528 687152 1
10-07-2017-13:15:36:160 687152 687776 1
10-07-2017-13:15:36:199 687776 688400 1
10-07-2017-13:15:36:242 688400 689024 1
10-07-2017-13:15:36:270 689024 689648 1
10-07-2017-13:15:36:310 689648 690272 1
10-07-2017-13:15:36:350 690272 690896 1
10-07-2017-13:15:36:391 690896 691520 1
10-07-2017-13:15:36:421 691520 692144 1
10-07-2017-13:15:36:462 692144 692768 1
10-07-2017-13:15:36:502 692768 693392 1
10-07-2017-13:15:36:543 693392 694016 1
10-07-2017-13:15:36:588 694016 694640 1
10-07-2017-13:15:36:627 694640 695264 1
10-07-2017-13:15:36:660 695264 695888 1
10-07-2017-13:15:36:697 695888 696512 1
10-07-2017-13:15:36:738 696512 697136 1
10-07-2017-13:15:36:777 697136 697760 1
10-07-2017-13:15:36:819 697760 698384 1
10-07-2017-13:15:36:860 698384 699008 1
10-07-2017-13:15:36:899 699008 699632 1
10-07-2017-13:15:36:927 699632 700256 1
10-07-2017-13:15:36:968 700256 700880 1
10-07-2017-13:15:37:015 700880 701504 1
10-07-2017-13:15:37:056 701504 702128 1
10-07-2017-13:15:37:086 702128 702752 1
10-07-2017-13:15:37:126 702752 703376 1
10-07-2017-13:15:37:167 703376 704000 1
10-07-2017-13:15:37:206 704000 704624 1
10-07-2017-13:15:37:249 704624 705248 1
10-07-2017-13:15:37:290 705248 705872 1
10-07-2017-13:15:37:329 705872 706496 1
10-07-2017-13:15:37:356 706496 707120 1
10-07-2017-13:15:37:399 707120 707744 1
10-07-2017-13:15:37:445 707744 708368 1
10-07-2017-13:15:37:485 708368 708992 1
10-07-2017-13:15:37:515 708992 709616 1
10-07-2017-13:15:37:554 709616 710240 1
10-07-2017-13:15:37:595 710240 710864 1
10-07-2017-13:15:37:635 710864 711488 1
10-07-2017-13:15:37:676 711488 712112 1
10-07-2017-13:15:37:718 712112 712736 1
10-07-2017-13:15:37:750 712736 713360 1
10-07-2017-13:15:37:792 713360 713984 1
10-07-2017-13:15:37:831 713984 714608 1
10-07-2017-13:15:37:873 714608 715232 1
10-07-2017-13:15:37:912 715232 715856 1
10-07-2017-13:15:37:942 715856 716480 1
10-07-2017-13:15:38:042 716480 717104 1
10-07-2017-13:15:38:043 717104 717728 1
10-07-2017-13:15:38:064 717728 718352 1
10-07-2017-13:15:38:107 718352 718976 1
10-07-2017-13:15:38:149 718976 719600 1
10-07-2017-13:15:38:190 719600 720224 1
10-07-2017-13:15:38:219 720224 720848 1
10-07-2017-13:15:38:259 720848 721472 1
10-07-2017-13:15:38:301 721472 722096 1
10-07-2017-13:15:38:340 722096 722720 1
10-07-2017-13:15:38:380 722720 723344 1
10-07-2017-13:15:38:410 723344 723968 1
10-07-2017-13:15:38:450 723968 724592 1
10-07-2017-13:15:38:491 724592 725216 1
10-07-2017-13:15:38:537 725216 725840 1
10-07-2017-13:15:38:578 725840 726464 1
10-07-2017-13:15:38:607 726464 727088 1
10-07-2017-13:15:38:647 727088 727712 1
10-07-2017-13:15:38:690 727712 728336 1
10-07-2017-13:15:38:728 728336 728960 1
10-07-2017-13:15:38:770 728960 729584 1
10-07-2017-13:15:38:800 729584 730208 1
10-07-2017-13:15:38:838 730208 730832 1
10-07-2017-13:15:38:879 730832 731456 1
10-07-2017-13:15:38:921 731456 732080 1
10-07-2017-13:15:38:971 732080 732704 1
10-07-2017-13:15:39:006 732704 733328 1
10-07-2017-13:15:39:036 733328 733952 1
10-07-2017-13:15:39:078 733952 734576 1
10-07-2017-13:15:39:117 734576 735200 1
10-07-2017-13:15:39:160 735200 735824 1
10-07-2017-13:15:39:197 735824 736448 1
10-07-2017-13:15:39:240 736448 737072 1
10-07-2017-13:15:39:269 737072 737696 1
10-07-2017-13:15:39:308 737696 738320 1
10-07-2017-13:15:39:351 738320 738944 1
10-07-2017-13:15:39:390 738944 739568 1
10-07-2017-13:15:39:436 739568 740192 1
10-07-2017-13:15:39:479 740192 740816 1
10-07-2017-13:15:39:506 740816 741440 1
10-07-2017-13:15:39:547 741440 742064 1
10-07-2017-13:15:39:588 742064 742688 1
10-07-2017-13:15:39:630 742688 743312 1
10-07-2017-13:15:39:658 743312 743936 1
10-07-2017-13:15:39:698 743936 744560 1
10-07-2017-13:15:39:740 744560 745184 1
10-07-2017-13:15:39:781 745184 745808 1
10-07-2017-13:15:39:826 745808 746432 1
10-07-2017-13:15:39:867 746432 747056 1
10-07-2017-13:15:39:898 747056 747680 1
10-07-2017-13:15:39:938 747680 748304 1
10-07-2017-13:15:39:978 748304 748928 1
10-07-2017-13:15:40:018 748928 749552 1
10-07-2017-13:15:40:047 749552 750176 1
10-07-2017-13:15:40:089 750176 750800 1
10-07-2017-13:15:40:130 750800 751424 1
10-07-2017-13:15:40:176 751424 752048 1
10-07-2017-13:15:40:217 752048 752672 1
10-07-2017-13:15:40:246 752672 753296 1
10-07-2017-13:15:40:285 753296 753920 1
10-07-2017-13:15:40:325 753920 754544 1
10-07-2017-13:15:40:367 754544 755168 1
10-07-2017-13:15:40:406 755168 755792 1
10-07-2017-13:15:40:453 755792 756416 1
10-07-2017-13:15:40:477 756416 757040 1
10-07-2017-13:15:40:524 757040 757664 1
10-07-2017-13:15:40:563 757664 758288 1
10-07-2017-13:15:40:594 758288 758912 1
10-07-2017-13:15:40:635 758912 759536 1
10-07-2017-13:15:40:674 759536 760160 1
10-07-2017-13:15:40:716 760160 760784 1
10-07-2017-13:15:40:758 760784 761408 1
10-07-2017-13:15:40:798 761408 762032 1
10-07-2017-13:15:40:826 762032 762656 1
10-07-2017-13:15:40:866 762656 763280 1
10-07-2017-13:15:40:909 763280 763904 1
10-07-2017-13:15:40:953 763904 764528 1
10-07-2017-13:15:40:993 764528 765152 1
10-07-2017-13:15:41:034 765152 765776 1
10-07-2017-13:15:41:062 765776 766400 1
10-07-2017-13:15:41:103 766400 767024 1
10-07-2017-13:15:41:201 767024 767648 1
10-07-2017-13:15:41:202 767648 768272 1
10-07-2017-13:15:41:225 768272 768896 1
10-07-2017-13:15:41:264 768896 769520 1
10-07-2017-13:15:41:310 769520 770144 1
10-07-2017-13:15:41:335 770144 770768 1
10-07-2017-13:15:41:375 770768 771392 1
10-07-2017-13:15:41:422 771392 772016 1
10-07-2017-13:15:41:462 772016 772640 1
10-07-2017-13:15:41:494 772640 773264 1
10-07-2017-13:15:41:532 773264 773888 1
10-07-2017-13:15:41:572 773888 774512 1
10-07-2017-13:15:41:614 774512 775136 1
10-07-2017-13:15:41:655 775136 775760 1
10-07-2017-13:15:41:702 775760 776384 1
10-07-2017-13:15:41:724 776384 777008 1
10-07-2017-13:15:41:771 777008 777632 1
10-07-2017-13:15:41:811 777632 778256 1
10-07-2017-13:15:41:851 778256 778880 1
10-07-2017-13:15:41:890 778880 779504 1
10-07-2017-13:15:41:919 779504 780128 1
10-07-2017-13:15:41:960 780128 780752 1
10-07-2017-13:15:42:001 780752 781376 1
10-07-2017-13:15:42:046 781376 782000 1
10-07-2017-13:15:42:087 782000 782624 1
10-07-2017-13:15:42:116 782624 783248 1
10-07-2017-13:15:42:157 783248 783872 1
10-07-2017-13:15:42:197 783872 784496 1
10-07-2017-13:15:42:238 784496 785120 1
10-07-2017-13:15:42:279 785120 785744 1
10-07-2017-13:15:42:308 785744 786368 1
10-07-2017-13:15:42:351 786368 786992 1
10-07-2017-13:15:42:394 786992 787616 1
10-07-2017-13:15:42:434 787616 788240 1
10-07-2017-13:15:42:475 788240 788864 1
10-07-2017-13:15:42:504 788864 789488 1
10-07-2017-13:15:42:543 789488 790112 1
10-07-2017-13:15:42:583 790112 790736 1
10-07-2017-13:15:42:624 790736 791360 1
10-07-2017-13:15:42:672 791360 791984 1
10-07-2017-13:15:42:711 791984 792608 1
10-07-2017-13:15:42:739 792608 793232 1
10-07-2017-13:15:42:780 793232 793856 1
10-07-2017-13:15:42:823 793856 794480 1
10-07-2017-13:15:42:860 794480 795104 1
10-07-2017-13:15:42:900 795104 795728 1
10-07-2017-13:15:42:947 795728 796352 1
10-07-2017-13:15:42:987 796352 796976 1
10-07-2017-13:15:43:015 796976 797600 1
10-07-2017-13:15:43:057 797600 798224 1
10-07-2017-13:15:43:097 798224 798848 1
10-07-2017-13:15:43:137 798848 799472 1
10-07-2017-13:15:43:182 799472 800096 1
10-07-2017-13:15:43:206 800096 800720 1
10-07-2017-13:15:43:251 800720 801344 1
10-07-2017-13:15:43:290 801344 801968 1
10-07-2017-13:15:43:332 801968 802592 1
10-07-2017-13:15:43:373 802592 803216 1
10-07-2017-13:15:43:402 803216 803840 1
10-07-2017-13:15:43:441 803840 804464 1
10-07-2017-13:15:43:487 804464 805088 1
10-07-2017-13:15:43:527 805088 805712 1
10-07-2017-13:15:43:567 805712 806336 1
10-07-2017-13:15:43:597 806336 806960 1
10-07-2017-13:15:43:636 806960 807584 1
10-07-2017-13:15:43:677 807584 808208 1
10-07-2017-13:15:43:719 808208 808832 1
10-07-2017-13:15:43:754 808832 809456 1
10-07-2017-13:15:43:794 809456 810080 1
10-07-2017-13:15:43:834 810080 810704 1
10-07-2017-13:15:43:880 810704 811328 1
10-07-2017-13:15:43:908 811328 811952 1
10-07-2017-13:15:43:948 811952 812576 1
10-07-2017-13:15:43:990 812576 813200 1
10-07-2017-13:15:44:030 813200 813824 1
10-07-2017-13:15:44:070 813824 814448 1
10-07-2017-13:15:44:116 814448 815072 1
10-07-2017-13:15:44:156 815072 815696 1
10-07-2017-13:15:44:185 815696 816320 1
10-07-2017-13:15:44:225 816320 816944 1
10-07-2017-13:15:44:265 816944 817568 1
10-07-2017-13:15:44:369 817568 818192 1
10-07-2017-13:15:44:370 818192 818816 1
10-07-2017-13:15:44:385 818816 819440 1
10-07-2017-13:15:44:429 819440 820064 1
10-07-2017-13:15:44:455 820064 820688 1
10-07-2017-13:15:44:500 820688 821312 1
10-07-2017-13:15:44:541 821312 821936 1
10-07-2017-13:15:44:582 821936 822560 1
10-07-2017-13:15:44:611 822560 823184 1
10-07-2017-13:15:44:661 823184 823808 1
10-07-2017-13:15:44:693 823808 824432 1
10-07-2017-13:15:44:734 824432 825056 1
10-07-2017-13:15:44:780 825056 825680 1
10-07-2017-13:15:44:821 825680 826304 1
10-07-2017-13:15:44:844 826304 826928 1
10-07-2017-13:15:44:890 826928 827552 1
10-07-2017-13:15:44:931 827552 828176 1
10-07-2017-13:15:44:972 828176 828800 1
10-07-2017-13:15:44:999 828800 829424 1
10-07-2017-13:15:45:041 829424 830048 1
10-07-2017-13:15:45:080 830048 830672 1
10-07-2017-13:15:45:119 830672 831296 1
10-07-2017-13:15:45:164 831296 831920 1
10-07-2017-13:15:45:204 831920 832544 1
10-07-2017-13:15:45:246 832544 833168 1
10-07-2017-13:15:45:274 833168 833792 1
10-07-2017-13:15:45:315 833792 834416 1
10-07-2017-13:15:45:356 834416 835040 1
10-07-2017-13:15:45:396 835040 835664 1
10-07-2017-13:15:45:437 835664 836288 1
10-07-2017-13:15:45:484 836288 836912 1
10-07-2017-13:15:45:506 836912 837536 1
10-07-2017-13:15:45:554 837536 838160 1
10-07-2017-13:15:45:595 838160 838784 1
10-07-2017-13:15:45:635 838784 839408 1
10-07-2017-13:15:45:664 839408 840032 1
10-07-2017-13:15:45:704 840032 840656 1
10-07-2017-13:15:45:746 840656 841280 1
10-07-2017-13:15:45:786 841280 841904 1
10-07-2017-13:15:45:833 841904 842528 1
10-07-2017-13:15:45:872 842528 843152 1
10-07-2017-13:15:45:902 843152 843776 1
10-07-2017-13:15:45:942 843776 844400 1
10-07-2017-13:15:45:983 844400 845024 1
10-07-2017-13:15:46:024 845024 845648 1
10-07-2017-13:15:46:053 845648 846272 1
10-07-2017-13:15:46:094 846272 846896 1
10-07-2017-13:15:46:140 846896 847520 1
10-07-2017-13:15:46:180 847520 848144 1
10-07-2017-13:15:46:210 848144 848768 1
10-07-2017-13:15:46:252 848768 849392 1
10-07-2017-13:15:46:291 849392 850016 1
10-07-2017-13:15:46:333 850016 850640 1
10-07-2017-13:15:46:373 850640 851264 1
10-07-2017-13:15:46:419 851264 851888 1
10-07-2017-13:15:46:449 851888 852512 1
10-07-2017-13:15:46:488 852512 853136 1
10-07-2017-13:15:46:530 853136 853760 1
10-07-2017-13:15:46:571 853760 854384 1
10-07-2017-13:15:46:603 854384 855008 1
10-07-2017-13:15:46:640 855008 855632 1
10-07-2017-13:15:46:683 855632 856256 1
10-07-2017-13:15:46:728 856256 856880 1
10-07-2017-13:15:46:763 856880 857504 1
10-07-2017-13:15:46:804 857504 858128 1
10-07-2017-13:15:46:833 858128 858752 1
10-07-2017-13:15:46:873 858752 859376 1
10-07-2017-13:15:46:914 859376 860000 1
10-07-2017-13:15:46:961 860000 860624 1
10-07-2017-13:15:47:003 860624 861248 1
10-07-2017-13:15:47:032 861248 861872 1
10-07-2017-13:15:47:071 861872 862496 1
10-07-2017-13:15:47:111 862496 863120 1
10-07-2017-13:15:47:151 863120 863744 1
10-07-2017-13:15:47:191 863744 864368 1
10-07-2017-13:15:47:236 864368 864992 1
10-07-2017-13:15:47:276 864992 865616 1
10-07-2017-13:15:47:305 865616 866240 1
10-07-2017-13:15:47:344 866240 866864 1
10-07-2017-13:15:47:385 866864 867488 1
10-07-2017-13:15:47:427 867488 868112 1
10-07-2017-13:15:47:513 868112 868736 1
10-07-2017-13:15:47:514 868736 869360 1
10-07-2017-13:15:47:539 869360 869984 1
10-07-2017-13:15:47:584 869984 870608 1
10-07-2017-13:15:47:625 870608 871232 1
10-07-2017-13:15:47:658 871232 871856 1
10-07-2017-13:15:47:694 871856 872480 1
10-07-2017-13:15:47:736 872480 873104 1
10-07-2017-13:15:47:777 873104 873728 1
10-07-2017-13:15:47:816 873728 874352 1
10-07-2017-13:15:47:846 874352 874976 1
10-07-2017-13:15:47:886 874976 875600 1
10-07-2017-13:15:47:931 875600 876224 1
10-07-2017-13:15:47:973 876224 876848 1
10-07-2017-13:15:48:013 876848 877472 1
10-07-2017-13:15:48:044 877472 878096 1
10-07-2017-13:15:48:083 878096 878720 1
10-07-2017-13:15:48:123 878720 879344 1
10-07-2017-13:15:48:169 879344 879968 1
10-07-2017-13:15:48:209 879968 880592 1
10-07-2017-13:15:48:237 880592 881216 1
10-07-2017-13:15:48:278 881216 881840 1
10-07-2017-13:15:48:319 881840 882464 1
10-07-2017-13:15:48:357 882464 883088 1
10-07-2017-13:15:48:398 883088 883712 1
10-07-2017-13:15:48:439 883712 884336 1
10-07-2017-13:15:48:486 884336 884960 1
10-07-2017-13:15:48:510 884960 885584 1
10-07-2017-13:15:48:556 885584 886208 1
10-07-2017-13:15:48:598 886208 886832 1
10-07-2017-13:15:48:637 886832 887456 1
10-07-2017-13:15:48:668 887456 888080 1
10-07-2017-13:15:48:706 888080 888704 1
10-07-2017-13:15:48:748 888704 889328 1
10-07-2017-13:15:48:786 889328 889952 1
10-07-2017-13:15:48:827 889952 890576 1
10-07-2017-13:15:48:873 890576 891200 1
10-07-2017-13:15:48:914 891200 891824 1
10-07-2017-13:15:48:945 891824 892448 1
10-07-2017-13:15:48:984 892448 893072 1
10-07-2017-13:15:49:025 893072 893696 1
10-07-2017-13:15:49:065 893696 894320 1
10-07-2017-13:15:49:096 894320 894944 1
10-07-2017-13:15:49:135 894944 895568 1
10-07-2017-13:15:49:182 895568 896192 1
10-07-2017-13:15:49:222 896192 896816 1
10-07-2017-13:15:49:261 896816 897440 1
10-07-2017-13:15:49:290 897440 898064 1
10-07-2017-13:15:49:332 898064 898688 1
10-07-2017-13:15:49:373 898688 899312 1
10-07-2017-13:15:49:413 899312 899936 1
10-07-2017-13:15:49:459 899936 900560 1
10-07-2017-13:15:49:500 900560 901184 1
10-07-2017-13:15:49:529 901184 901808 1
10-07-2017-13:15:49:570 901808 902432 1
10-07-2017-13:15:49:610 902432 903056 1
10-07-2017-13:15:49:651 903056 903680 1
10-07-2017-13:15:49:680 903680 904304 1
10-07-2017-13:15:49:722 904304 904928 1
10-07-2017-13:15:49:765 904928 905552 1
10-07-2017-13:15:49:805 905552 906176 1
10-07-2017-13:15:49:850 906176 906800 1
10-07-2017-13:15:49:874 906800 907424 1
10-07-2017-13:15:49:920 907424 908048 1
10-07-2017-13:15:49:960 908048 908672 1
10-07-2017-13:15:50:002 908672 909296 1
10-07-2017-13:15:50:030 909296 909920 1
10-07-2017-13:15:50:072 909920 910544 1
10-07-2017-13:15:50:112 910544 911168 1
10-07-2017-13:15:50:160 911168 911792 1
10-07-2017-13:15:50:199 911792 912416 1
10-07-2017-13:15:50:228 912416 913040 1
10-07-2017-13:15:50:268 913040 913664 1
10-07-2017-13:15:50:308 913664 914288 1
10-07-2017-13:15:50:349 914288 914912 1
10-07-2017-13:15:50:394 914912 915536 1
10-07-2017-13:15:50:434 915536 916160 1
10-07-2017-13:15:50:463 916160 916784 1
10-07-2017-13:15:50:508 916784 917408 1
10-07-2017-13:15:50:537 917408 918032 1
10-07-2017-13:15:50:578 918032 918656 1
10-07-2017-13:15:50:683 918656 919280 1
10-07-2017-13:15:50:684 919280 919904 1
10-07-2017-13:15:50:699 919904 920528 1
10-07-2017-13:15:50:740 920528 921152 1
10-07-2017-13:15:50:785 921152 921776 1
10-07-2017-13:15:50:826 921776 922400 1
10-07-2017-13:15:50:856 922400 923024 1
10-07-2017-13:15:50:897 923024 923648 1
10-07-2017-13:15:50:939 923648 924272 1
10-07-2017-13:15:50:968 924272 924896 1
10-07-2017-13:15:51:008 924896 925520 1
10-07-2017-13:15:51:050 925520 926144 1
10-07-2017-13:15:51:089 926144 926768 1
10-07-2017-13:15:51:137 926768 927392 1
10-07-2017-13:15:51:175 927392 928016 1
10-07-2017-13:15:51:205 928016 928640 1
10-07-2017-13:15:51:251 928640 929264 1
10-07-2017-13:15:51:290 929264 929888 1
10-07-2017-13:15:51:321 929888 930512 1
10-07-2017-13:15:51:360 930512 931136 1
10-07-2017-13:15:51:400 931136 931760 1
10-07-2017-13:15:51:441 931760 932384 1
10-07-2017-13:15:51:486 932384 933008 1
10-07-2017-13:15:51:527 933008 933632 1
10-07-2017-13:15:51:556 933632 934256 1
10-07-2017-13:15:51:597 934256 934880 1
10-07-2017-13:15:51:639 934880 935504 1
10-07-2017-13:15:51:678 935504 936128 1
10-07-2017-13:15:51:708 936128 936752 1
10-07-2017-13:15:51:748 936752 937376 1
10-07-2017-13:15:51:787 937376 938000 1
10-07-2017-13:15:51:828 938000 938624 1
10-07-2017-13:15:51:874 938624 939248 1
10-07-2017-13:15:51:913 939248 939872 1
10-07-2017-13:15:51:953 939872 940496 1
10-07-2017-13:15:51:980 940496 941120 1
10-07-2017-13:15:52:020 941120 941744 1
10-07-2017-13:15:52:060 941744 942368 1
10-07-2017-13:15:52:101 942368 942992 1
10-07-2017-13:15:52:148 942992 943616 1
10-07-2017-13:15:52:188 943616 944240 1
10-07-2017-13:15:52:218 944240 944864 1
10-07-2017-13:15:52:256 944864 945488 1
10-07-2017-13:15:52:298 945488 946112 1
10-07-2017-13:15:52:337 946112 946736 1
10-07-2017-13:15:52:378 946736 947360 1
10-07-2017-13:15:52:428 947360 947984 1
10-07-2017-13:15:52:447 947984 948608 1
10-07-2017-13:15:52:495 948608 949232 1
10-07-2017-13:15:52:535 949232 949856 1
10-07-2017-13:15:52:575 949856 950480 1
10-07-2017-13:15:52:604 950480 951104 1
10-07-2017-13:15:52:646 951104 951728 1
10-07-2017-13:15:52:686 951728 952352 1
10-07-2017-13:15:52:727 952352 952976 1
10-07-2017-13:15:52:767 952976 953600 1
10-07-2017-13:15:52:809 953600 954224 1
10-07-2017-13:15:52:854 954224 954848 1
10-07-2017-13:15:52:879 954848 955472 1
10-07-2017-13:15:52:924 955472 956096 1
10-07-2017-13:15:52:965 956096 956720 1
10-07-2017-13:15:52:994 956720 957344 1
10-07-2017-13:15:53:036 957344 957968 1
10-07-2017-13:15:53:077 957968 958592 1
10-07-2017-13:15:53:116 958592 959216 1
10-07-2017-13:15:53:159 959216 959840 1
10-07-2017-13:15:53:203 959840 960464 1
10-07-2017-13:15:53:235 960464 961088 1
10-07-2017-13:15:53:272 961088 961712 1
10-07-2017-13:15:53:312 961712 962336 1
10-07-2017-13:15:53:354 962336 962960 1
10-07-2017-13:15:53:395 962960 963584 1
10-07-2017-13:15:53:423 963584 964208 1
10-07-2017-13:15:53:465 964208 964832 1
10-07-2017-13:15:53:511 964832 965456 1
10-07-2017-13:15:53:550 965456 966080 1
10-07-2017-13:15:53:591 966080 966704 1
10-07-2017-13:15:53:620 966704 967328 1
10-07-2017-13:15:53:660 967328 967952 1
10-07-2017-13:15:53:699 967952 968576 1
10-07-2017-13:15:53:738 968576 969200 1
10-07-2017-13:15:53:856 969200 969824 1
10-07-2017-13:15:53:857 969824 970448 1
10-07-2017-13:15:53:857 970448 971072 1
10-07-2017-13:15:53:896 971072 971696 1
10-07-2017-13:15:53:936 971696 972320 1
10-07-2017-13:15:53:978 972320 972944 1
10-07-2017-13:15:54:018 972944 973568 1
10-07-2017-13:15:54:047 973568 974192 1
10-07-2017-13:15:54:089 974192 974816 1
10-07-2017-13:15:54:133 974816 975440 1
10-07-2017-13:15:54:180 975440 976064 1
10-07-2017-13:15:54:210 976064 976688 1
10-07-2017-13:15:54:250 976688 977312 1
10-07-2017-13:15:54:291 977312 977936 1
10-07-2017-13:15:54:336 977936 978560 1
10-07-2017-13:15:54:362 978560 979184 1
10-07-2017-13:15:54:403 979184 979808 1
10-07-2017-13:15:54:444 979808 980432 1
10-07-2017-13:15:54:482 980432 981056 1
10-07-2017-13:15:54:523 981056 981680 1
10-07-2017-13:15:54:564 981680 982304 1
10-07-2017-13:15:54:594 982304 982928 1
10-07-2017-13:15:54:634 982928 983552 1
10-07-2017-13:15:54:673 983552 984176 1
10-07-2017-13:15:54:720 984176 984800 1
10-07-2017-13:15:54:760 984800 985424 1
10-07-2017-13:15:54:790 985424 986048 1
10-07-2017-13:15:54:831 986048 986672 1
10-07-2017-13:15:54:871 986672 987296 1
10-07-2017-13:15:54:912 987296 987920 1
10-07-2017-13:15:54:957 987920 988544 1
10-07-2017-13:15:54:997 988544 989168 1
10-07-2017-13:15:55:027 989168 989792 1
10-07-2017-13:15:55:067 989792 990416 1
10-07-2017-13:15:55:109 990416 991040 1
10-07-2017-13:15:55:149 991040 991664 1
10-07-2017-13:15:55:189 991664 992288 1
10-07-2017-13:15:55:219 992288 992912 1
10-07-2017-13:15:55:259 992912 993536 1
10-07-2017-13:15:55:298 993536 994160 1
10-07-2017-13:15:55:344 994160 994784 1
10-07-2017-13:15:55:383 994784 995408 1
10-07-2017-13:15:55:413 995408 996032 1
10-07-2017-13:15:55:454 996032 996656 1
10-07-2017-13:15:55:494 996656 997280 1
10-07-2017-13:15:55:542 997280 997904 1
10-07-2017-13:15:55:582 997904 998528 1
10-07-2017-13:15:55:611 998528 999152 1
10-07-2017-13:15:55:655 999152 999776 1
10-07-2017-13:15:55:691 999776 1000400 1
10-07-2017-13:15:55:730 1000400 1001024 1
10-07-2017-13:15:55:769 1001024 1001648 1
10-07-2017-13:15:55:816 1001648 1002272 1
10-07-2017-13:15:55:855 1002272 1002896 1
10-07-2017-13:15:55:882 1002896 1003520 1
10-07-2017-13:15:55:924 1003520 1004144 1
10-07-2017-13:15:55:964 1004144 1004768 1
