10-07-2017-13:53:38:293 0 800 1
10-07-2017-13:53:38:343 800 1600 1
10-07-2017-13:53:38:393 1600 2400 1
10-07-2017-13:53:38:444 2400 3200 1
10-07-2017-13:53:38:492 3200 4000 1
10-07-2017-13:53:38:543 4000 4800 1
10-07-2017-13:53:38:590 4800 5600 1
10-07-2017-13:53:38:643 5600 6368 1
10-07-2017-13:53:38:682 6368 7136 1
10-07-2017-13:53:38:732 7136 7904 1
10-07-2017-13:53:38:787 7904 8672 1
10-07-2017-13:53:38:830 8672 9440 1
10-07-2017-13:53:38:882 9440 10112 1
10-07-2017-13:53:38:919 10112 10784 1
10-07-2017-13:53:38:955 10784 11456 1
10-07-2017-13:53:39:007 11456 12128 1
10-07-2017-13:53:39:047 12128 12800 1
10-07-2017-13:53:39:081 12800 13472 1
10-07-2017-13:53:39:134 13472 14128 1
10-07-2017-13:53:39:164 14128 14784 1
10-07-2017-13:53:39:205 14784 15440 1
10-07-2017-13:53:39:241 15440 16096 1
10-07-2017-13:53:39:285 16096 16752 1
10-07-2017-13:53:39:333 16752 17408 1
10-07-2017-13:53:39:366 17408 18064 1
10-07-2017-13:53:39:413 18064 18720 1
10-07-2017-13:53:39:457 18720 19376 1
10-07-2017-13:53:39:493 19376 20032 1
10-07-2017-13:53:39:534 20032 20688 1
10-07-2017-13:53:39:571 20688 21344 1
10-07-2017-13:53:39:622 21344 22000 1
10-07-2017-13:53:39:705 22000 22656 1
10-07-2017-13:53:39:706 22656 23312 1
10-07-2017-13:53:39:735 23312 23968 1
10-07-2017-13:53:39:775 23968 24624 1
10-07-2017-13:53:39:821 24624 25280 1
10-07-2017-13:53:39:858 25280 25936 1
10-07-2017-13:53:39:910 25936 26592 1
10-07-2017-13:53:39:939 26592 27248 1
10-07-2017-13:53:40:060 27248 27904 1
10-07-2017-13:53:40:061 27904 28560 1
10-07-2017-13:53:40:064 28560 29216 1
10-07-2017-13:53:40:108 29216 29872 1
10-07-2017-13:53:40:150 29872 30528 1
10-07-2017-13:53:40:193 30528 31184 1
10-07-2017-13:53:40:228 31184 31840 1
10-07-2017-13:53:40:268 31840 32496 1
10-07-2017-13:53:40:309 32496 33152 1
10-07-2017-13:53:40:359 33152 33808 1
10-07-2017-13:53:40:398 33808 34464 1
10-07-2017-13:53:40:434 34464 35120 1
10-07-2017-13:53:40:480 35120 35776 1
10-07-2017-13:53:40:517 35776 36432 1
10-07-2017-13:53:40:561 36432 37088 1
10-07-2017-13:53:40:622 37088 37744 1
10-07-2017-13:53:40:638 37744 38400 1
10-07-2017-13:53:40:680 38400 39056 1
10-07-2017-13:53:40:724 39056 39712 1
10-07-2017-13:53:40:763 39712 40368 1
10-07-2017-13:53:40:801 40368 41024 1
10-07-2017-13:53:40:842 41024 41680 1
10-07-2017-13:53:40:882 41680 42336 1
10-07-2017-13:53:40:930 42336 42992 1
10-07-2017-13:53:40:967 42992 43648 1
10-07-2017-13:53:41:007 43648 44304 1
10-07-2017-13:53:41:104 44304 44960 1
10-07-2017-13:53:41:104 44960 45616 1
10-07-2017-13:53:41:141 45616 46272 1
10-07-2017-13:53:41:177 46272 46928 1
10-07-2017-13:53:41:215 46928 47584 1
10-07-2017-13:53:41:276 47584 48240 1
10-07-2017-13:53:41:301 48240 48896 1
10-07-2017-13:53:41:337 48896 49552 1
10-07-2017-13:53:41:383 49552 50208 1
10-07-2017-13:53:41:418 50208 50864 1
10-07-2017-13:53:41:454 50864 51520 1
10-07-2017-13:53:41:506 51520 52176 1
10-07-2017-13:53:41:542 52176 52832 1
10-07-2017-13:53:41:579 52832 53488 1
10-07-2017-13:53:41:625 53488 54144 1
10-07-2017-13:53:42:583 54144 54800 1
10-07-2017-13:53:42:587 54800 55456 1
10-07-2017-13:53:42:588 55456 56112 1
10-07-2017-13:53:42:588 56112 56768 1
10-07-2017-13:53:42:588 56768 57424 1
10-07-2017-13:53:42:589 57424 58080 1
10-07-2017-13:53:42:589 58080 58736 1
10-07-2017-13:53:42:589 58736 59392 1
10-07-2017-13:53:42:590 59392 60048 1
10-07-2017-13:53:42:590 60048 60704 1
10-07-2017-13:53:42:590 60704 61360 1
10-07-2017-13:53:42:591 61360 62016 1
10-07-2017-13:53:42:591 62016 62672 1
10-07-2017-13:53:42:591 62672 63328 1
10-07-2017-13:53:42:591 63328 63984 1
10-07-2017-13:53:42:591 63984 64640 1
10-07-2017-13:53:42:592 64640 65296 1
10-07-2017-13:53:42:592 65296 65952 1
10-07-2017-13:53:42:593 65952 66608 1
10-07-2017-13:53:42:593 66608 67264 1
10-07-2017-13:53:42:593 67264 67920 1
10-07-2017-13:53:42:593 67920 68576 1
10-07-2017-13:53:42:594 68576 69232 1
10-07-2017-13:53:42:620 69232 69888 1
10-07-2017-13:53:42:649 69888 70544 1
10-07-2017-13:53:42:688 70544 71200 1
10-07-2017-13:53:42:736 71200 71856 1
10-07-2017-13:53:42:772 71856 72512 1
10-07-2017-13:53:42:807 72512 73168 1
10-07-2017-13:53:42:856 73168 73824 1
10-07-2017-13:53:42:888 73824 74480 1
10-07-2017-13:53:42:946 74480 75136 1
10-07-2017-13:53:42:988 75136 75792 1
10-07-2017-13:53:43:024 75792 76448 1
10-07-2017-13:53:43:054 76448 77104 1
10-07-2017-13:53:43:102 77104 77760 1
10-07-2017-13:53:43:167 77760 78416 1
10-07-2017-13:53:43:182 78416 79072 1
10-07-2017-13:53:43:218 79072 79728 1
10-07-2017-13:53:43:265 79728 80384 1
10-07-2017-13:53:43:302 80384 81040 1
10-07-2017-13:53:43:350 81040 81696 1
10-07-2017-13:53:43:386 81696 82352 1
10-07-2017-13:53:43:423 82352 83008 1
10-07-2017-13:53:43:475 83008 83632 1
10-07-2017-13:53:43:502 83632 84256 1
10-07-2017-13:53:43:550 84256 84880 1
10-07-2017-13:53:43:585 84880 85504 1
10-07-2017-13:53:43:629 85504 86128 1
10-07-2017-13:53:43:671 86128 86752 1
10-07-2017-13:53:43:702 86752 87376 1
10-07-2017-13:53:43:742 87376 88000 1
10-07-2017-13:53:43:779 88000 88624 1
10-07-2017-13:53:43:825 88624 89248 1
10-07-2017-13:53:43:862 89248 89872 1
10-07-2017-13:53:43:898 89872 90496 1
10-07-2017-13:53:43:935 90496 91120 1
10-07-2017-13:53:43:972 91120 91744 1
10-07-2017-13:53:44:013 91744 92368 1
10-07-2017-13:53:44:049 92368 92992 1
10-07-2017-13:53:44:086 92992 93616 1
10-07-2017-13:53:44:135 93616 94240 1
10-07-2017-13:53:44:179 94240 94864 1
10-07-2017-13:53:44:203 94864 95488 1
10-07-2017-13:53:44:250 95488 96112 1
10-07-2017-13:53:44:301 96112 96736 1
10-07-2017-13:53:44:326 96736 97360 1
10-07-2017-13:53:44:363 97360 97984 1
10-07-2017-13:53:44:397 97984 98608 1
10-07-2017-13:53:44:456 98608 99232 1
10-07-2017-13:53:44:481 99232 99856 1
10-07-2017-13:53:44:521 99856 100480 1
10-07-2017-13:53:44:557 100480 101104 1
10-07-2017-13:53:44:595 101104 101728 1
10-07-2017-13:53:44:641 101728 102352 1
10-07-2017-13:53:44:681 102352 102976 1
10-07-2017-13:53:44:739 102976 103600 1
10-07-2017-13:53:44:752 103600 104224 1
10-07-2017-13:53:44:788 104224 104848 1
10-07-2017-13:53:44:831 104848 105472 1
10-07-2017-13:53:44:867 105472 106096 1
10-07-2017-13:53:44:910 106096 106720 1
10-07-2017-13:53:44:948 106720 107344 1
10-07-2017-13:53:44:984 107344 107968 1
10-07-2017-13:53:45:056 107968 108592 1
10-07-2017-13:53:45:085 108592 109216 1
10-07-2017-13:53:45:109 109216 109840 1
10-07-2017-13:53:45:144 109840 110464 1
10-07-2017-13:53:45:191 110464 111088 1
10-07-2017-13:53:45:217 111088 111712 1
10-07-2017-13:53:45:259 111712 112336 1
10-07-2017-13:53:45:310 112336 112960 1
10-07-2017-13:53:45:345 112960 113584 1
10-07-2017-13:53:45:384 113584 114208 1
10-07-2017-13:53:45:417 114208 114832 1
10-07-2017-13:53:45:453 114832 115456 1
10-07-2017-13:53:45:489 115456 116080 1
10-07-2017-13:53:45:538 116080 116704 1
10-07-2017-13:53:45:578 116704 117328 1
10-07-2017-13:53:45:616 117328 117952 1
10-07-2017-13:53:45:956 117952 118576 1
10-07-2017-13:53:45:958 118576 119200 1
10-07-2017-13:53:45:958 119200 119824 1
10-07-2017-13:53:45:959 119824 120448 1
10-07-2017-13:53:45:973 120448 121072 1
10-07-2017-13:53:45:974 121072 121696 1
10-07-2017-13:53:45:974 121696 122320 1
10-07-2017-13:53:45:974 122320 122944 1
10-07-2017-13:53:45:974 122944 123568 1
10-07-2017-13:53:45:999 123568 124192 1
10-07-2017-13:53:46:040 124192 124816 1
10-07-2017-13:53:46:074 124816 125440 1
10-07-2017-13:53:46:122 125440 126064 1
10-07-2017-13:53:46:160 126064 126688 1
10-07-2017-13:53:46:195 126688 127312 1
10-07-2017-13:53:46:274 127312 127936 1
10-07-2017-13:53:46:274 127936 128560 1
10-07-2017-13:53:46:310 128560 129184 1
10-07-2017-13:53:46:346 129184 129808 1
10-07-2017-13:53:46:392 129808 130432 1
10-07-2017-13:53:46:430 130432 131056 1
10-07-2017-13:53:46:464 131056 131680 1
10-07-2017-13:53:46:512 131680 132304 1
10-07-2017-13:53:46:545 132304 132928 1
10-07-2017-13:53:46:580 132928 133552 1
10-07-2017-13:53:46:630 133552 134176 1
10-07-2017-13:53:46:665 134176 134800 1
10-07-2017-13:53:46:705 134800 135424 1
10-07-2017-13:53:46:740 135424 136048 1
10-07-2017-13:53:46:776 136048 136672 1
10-07-2017-13:53:46:822 136672 137296 1
10-07-2017-13:53:46:859 137296 137920 1
10-07-2017-13:53:46:895 137920 138544 1
10-07-2017-13:53:46:939 138544 139168 1
10-07-2017-13:53:46:974 139168 139792 1
10-07-2017-13:53:47:011 139792 140416 1
10-07-2017-13:53:47:063 140416 141040 1
10-07-2017-13:53:47:099 141040 141664 1
10-07-2017-13:53:47:134 141664 142288 1
10-07-2017-13:53:47:171 142288 142912 1
10-07-2017-13:53:47:211 142912 143536 1
10-07-2017-13:53:47:247 143536 144160 1
10-07-2017-13:53:47:285 144160 144784 1
10-07-2017-13:53:47:327 144784 145408 1
10-07-2017-13:53:47:381 145408 146032 1
10-07-2017-13:53:47:402 146032 146656 1
10-07-2017-13:53:47:443 146656 147280 1
10-07-2017-13:53:47:489 147280 147904 1
10-07-2017-13:53:47:517 147904 148528 1
10-07-2017-13:53:47:566 148528 149152 1
10-07-2017-13:53:47:611 149152 149776 1
10-07-2017-13:53:47:647 149776 150400 1
10-07-2017-13:53:47:679 150400 151024 1
10-07-2017-13:53:47:718 151024 151648 1
10-07-2017-13:53:47:753 151648 152272 1
10-07-2017-13:53:47:793 152272 152896 1
10-07-2017-13:53:47:833 152896 153520 1
10-07-2017-13:53:47:876 153520 154144 1
10-07-2017-13:53:47:913 154144 154768 1
10-07-2017-13:53:47:955 154768 155392 1
10-07-2017-13:53:47:993 155392 156016 1
10-07-2017-13:53:48:031 156016 156640 1
10-07-2017-13:53:48:065 156640 157264 1
10-07-2017-13:53:48:105 157264 157888 1
10-07-2017-13:53:48:158 157888 158512 1
10-07-2017-13:53:48:190 158512 159136 1
10-07-2017-13:53:48:227 159136 159760 1
10-07-2017-13:53:48:293 159760 160384 1
10-07-2017-13:53:48:312 160384 161008 1
10-07-2017-13:53:48:338 161008 161632 1
10-07-2017-13:53:48:386 161632 162256 1
10-07-2017-13:53:48:424 162256 162880 1
10-07-2017-13:53:48:460 162880 163504 1
10-07-2017-13:53:48:497 163504 164128 1
10-07-2017-13:53:48:550 164128 164752 1
10-07-2017-13:53:48:572 164752 165376 1
10-07-2017-13:53:48:621 165376 166000 1
10-07-2017-13:53:48:648 166000 166624 1
10-07-2017-13:53:48:707 166624 167248 1
10-07-2017-13:53:48:739 167248 167872 1
10-07-2017-13:53:48:773 167872 168496 1
10-07-2017-13:53:48:812 168496 169120 1
10-07-2017-13:53:48:847 169120 169744 1
10-07-2017-13:53:48:898 169744 170368 1
10-07-2017-13:53:48:935 170368 170992 1
10-07-2017-13:53:48:970 170992 171616 1
10-07-2017-13:53:49:006 171616 172240 1
10-07-2017-13:53:49:045 172240 172864 1
10-07-2017-13:53:49:087 172864 173488 1
10-07-2017-13:53:49:872 173488 174112 1
10-07-2017-13:53:49:875 174112 174736 1
10-07-2017-13:53:49:875 174736 175360 1
10-07-2017-13:53:49:875 175360 175984 1
10-07-2017-13:53:49:875 175984 176608 1
10-07-2017-13:53:49:876 176608 177232 1
10-07-2017-13:53:49:876 177232 177856 1
10-07-2017-13:53:49:876 177856 178480 1
10-07-2017-13:53:49:876 178480 179104 1
10-07-2017-13:53:49:876 179104 179728 1
10-07-2017-13:53:49:877 179728 180352 1
10-07-2017-13:53:49:877 180352 180976 1
10-07-2017-13:53:49:877 180976 181600 1
10-07-2017-13:53:49:877 181600 182224 1
10-07-2017-13:53:49:877 182224 182848 1
10-07-2017-13:53:49:878 182848 183472 1
10-07-2017-13:53:49:878 183472 184096 1
10-07-2017-13:53:49:878 184096 184720 1
10-07-2017-13:53:49:878 184720 185344 1
10-07-2017-13:53:49:879 185344 185968 1
10-07-2017-13:53:49:974 185968 186592 1
10-07-2017-13:53:49:974 186592 187216 1
10-07-2017-13:53:49:984 187216 187840 1
10-07-2017-13:53:50:013 187840 188464 1
10-07-2017-13:53:50:054 188464 189088 1
10-07-2017-13:53:50:102 189088 189712 1
10-07-2017-13:53:50:138 189712 190336 1
10-07-2017-13:53:50:180 190336 190960 1
10-07-2017-13:53:50:212 190960 191584 1
10-07-2017-13:53:50:248 191584 192208 1
10-07-2017-13:53:50:316 192208 192832 1
10-07-2017-13:53:50:332 192832 193456 1
10-07-2017-13:53:50:364 193456 194080 1
10-07-2017-13:53:50:416 194080 194704 1
10-07-2017-13:53:50:451 194704 195328 1
10-07-2017-13:53:50:488 195328 195952 1
10-07-2017-13:53:50:524 195952 196576 1
10-07-2017-13:53:50:562 196576 197200 1
10-07-2017-13:53:50:624 197200 197824 1
10-07-2017-13:53:50:651 197824 198448 1
10-07-2017-13:53:50:683 198448 199072 1
10-07-2017-13:53:50:713 199072 199696 1
10-07-2017-13:53:50:770 199696 200320 1
10-07-2017-13:53:50:810 200320 200944 1
10-07-2017-13:53:50:836 200944 201568 1
10-07-2017-13:53:50:879 201568 202192 1
10-07-2017-13:53:50:915 202192 202816 1
10-07-2017-13:53:50:956 202816 203440 1
10-07-2017-13:53:50:990 203440 204064 1
10-07-2017-13:53:51:026 204064 204688 1
10-07-2017-13:53:51:078 204688 205264 1
10-07-2017-13:53:51:107 205264 205840 1
10-07-2017-13:53:51:142 205840 206416 1
10-07-2017-13:53:51:179 206416 206992 1
10-07-2017-13:53:51:220 206992 207568 1
10-07-2017-13:53:51:242 207568 208144 1
10-07-2017-13:53:51:287 208144 208720 1
10-07-2017-13:53:51:341 208720 209296 1
10-07-2017-13:53:51:355 209296 209872 1
10-07-2017-13:53:51:390 209872 210448 1
10-07-2017-13:53:51:427 210448 211024 1
10-07-2017-13:53:51:467 211024 211600 1
10-07-2017-13:53:51:506 211600 212176 1
10-07-2017-13:53:51:544 212176 212752 1
10-07-2017-13:53:51:571 212752 213328 1
10-07-2017-13:53:51:618 213328 213904 1
10-07-2017-13:53:51:645 213904 214480 1
10-07-2017-13:53:51:681 214480 215056 1
10-07-2017-13:53:51:721 215056 215632 1
10-07-2017-13:53:51:759 215632 216208 1
10-07-2017-13:53:51:783 216208 216784 1
10-07-2017-13:53:51:826 216784 217360 1
