10-07-2017-13:09:34:260 0 640 1
10-07-2017-13:09:34:286 640 1280 1
10-07-2017-13:09:34:326 1280 1920 1
10-07-2017-13:09:34:364 1920 2560 1
10-07-2017-13:09:34:406 2560 3200 1
10-07-2017-13:09:34:445 3200 3840 1
10-07-2017-13:09:34:497 3840 4480 1
10-07-2017-13:09:34:526 4480 5120 1
10-07-2017-13:09:34:566 5120 5760 1
10-07-2017-13:09:34:606 5760 6400 1
10-07-2017-13:09:34:646 6400 7040 1
10-07-2017-13:09:34:687 7040 7680 1
10-07-2017-13:09:34:727 7680 8320 1
10-07-2017-13:09:34:768 8320 8960 1
10-07-2017-13:09:34:808 8960 9600 1
10-07-2017-13:09:34:845 9600 10240 1
10-07-2017-13:09:34:887 10240 10880 1
10-07-2017-13:09:34:939 10880 11520 1
10-07-2017-13:09:34:980 11520 12160 1
10-07-2017-13:09:35:022 12160 12800 1
10-07-2017-13:09:35:045 12800 13440 1
10-07-2017-13:09:35:084 13440 14080 1
10-07-2017-13:09:35:126 14080 14720 1
10-07-2017-13:09:35:166 14720 15360 1
10-07-2017-13:09:35:207 15360 16000 1
10-07-2017-13:09:35:246 16000 16640 1
10-07-2017-13:09:35:287 16640 17280 1
10-07-2017-13:09:35:327 17280 17920 1
10-07-2017-13:09:35:367 17920 18560 1
10-07-2017-13:09:35:420 18560 19200 1
10-07-2017-13:09:35:454 19200 19840 1
10-07-2017-13:09:35:485 19840 20480 1
10-07-2017-13:09:35:538 20480 21120 1
10-07-2017-13:09:35:574 21120 21760 1
10-07-2017-13:09:35:614 21760 22400 1
10-07-2017-13:09:35:654 22400 23040 1
10-07-2017-13:09:35:694 23040 23680 1
10-07-2017-13:09:35:733 23680 24320 1
10-07-2017-13:09:35:773 24320 24960 1
10-07-2017-13:09:35:810 24960 25600 1
10-07-2017-13:09:35:853 25600 26240 1
10-07-2017-13:09:35:890 26240 26880 1
10-07-2017-13:09:35:932 26880 27520 1
10-07-2017-13:09:35:966 27520 28160 1
10-07-2017-13:09:36:007 28160 28800 1
10-07-2017-13:09:36:047 28800 29440 1
10-07-2017-13:09:36:086 29440 30080 1
10-07-2017-13:09:36:127 30080 30720 1
10-07-2017-13:09:36:167 30720 31360 1
10-07-2017-13:09:36:213 31360 32000 1
10-07-2017-13:09:36:263 32000 32640 1
10-07-2017-13:09:36:302 32640 33280 1
10-07-2017-13:09:36:335 33280 33920 1
10-07-2017-13:09:36:370 33920 34560 1
10-07-2017-13:09:36:413 34560 35200 1
10-07-2017-13:09:36:449 35200 35840 1
10-07-2017-13:09:36:488 35840 36480 1
10-07-2017-13:09:36:528 36480 37120 1
10-07-2017-13:09:36:568 37120 37760 1
10-07-2017-13:09:36:618 37760 38400 1
10-07-2017-13:09:36:666 38400 39040 1
10-07-2017-13:09:36:695 39040 39680 1
10-07-2017-13:09:36:734 39680 40320 1
10-07-2017-13:09:36:781 40320 40960 1
10-07-2017-13:09:36:822 40960 41600 1
10-07-2017-13:09:36:845 41600 42240 1
10-07-2017-13:09:36:887 42240 42880 1
10-07-2017-13:09:36:926 42880 43520 1
10-07-2017-13:09:36:967 43520 44160 1
10-07-2017-13:09:37:007 44160 44800 1
10-07-2017-13:09:37:048 44800 45440 1
10-07-2017-13:09:37:088 45440 46080 1
10-07-2017-13:09:37:129 46080 46720 1
10-07-2017-13:09:37:171 46720 47360 1
10-07-2017-13:09:37:209 47360 48000 1
10-07-2017-13:09:37:250 48000 48640 1
10-07-2017-13:09:37:292 48640 49280 1
10-07-2017-13:09:37:333 49280 49920 1
10-07-2017-13:09:37:455 49920 50560 1
10-07-2017-13:09:37:456 50560 51200 1
10-07-2017-13:09:37:459 51200 51840 1
10-07-2017-13:09:37:490 51840 52480 1
10-07-2017-13:09:37:530 52480 53120 1
10-07-2017-13:09:37:572 53120 53760 1
10-07-2017-13:09:37:612 53760 54400 1
10-07-2017-13:09:37:660 54400 55040 1
10-07-2017-13:09:37:699 55040 55680 1
10-07-2017-13:09:37:736 55680 56320 1
10-07-2017-13:09:37:769 56320 56960 1
10-07-2017-13:09:37:810 56960 57600 1
10-07-2017-13:09:37:849 57600 58240 1
10-07-2017-13:09:37:890 58240 58880 1
10-07-2017-13:09:37:930 58880 59520 1
10-07-2017-13:09:37:970 59520 60160 1
10-07-2017-13:09:38:011 60160 60800 1
10-07-2017-13:09:38:053 60800 61440 1
10-07-2017-13:09:38:093 61440 62080 1
10-07-2017-13:09:38:132 62080 62720 1
10-07-2017-13:09:38:174 62720 63360 1
10-07-2017-13:09:38:215 63360 64000 1
10-07-2017-13:09:38:257 64000 64640 1
10-07-2017-13:09:38:294 64640 65280 1
10-07-2017-13:09:38:331 65280 65920 1
10-07-2017-13:09:38:371 65920 66560 1
10-07-2017-13:09:38:411 66560 67200 1
10-07-2017-13:09:38:452 67200 67840 1
10-07-2017-13:09:38:492 67840 68480 1
10-07-2017-13:09:38:534 68480 69120 1
10-07-2017-13:09:38:573 69120 69760 1
10-07-2017-13:09:38:615 69760 70400 1
10-07-2017-13:09:38:658 70400 71040 1
10-07-2017-13:09:38:700 71040 71680 1
10-07-2017-13:09:38:741 71680 72320 1
10-07-2017-13:09:38:772 72320 72960 1
10-07-2017-13:09:38:814 72960 73600 1
10-07-2017-13:09:38:854 73600 74240 1
10-07-2017-13:09:38:899 74240 74880 1
10-07-2017-13:09:38:939 74880 75520 1
10-07-2017-13:09:38:975 75520 76160 1
10-07-2017-13:09:39:016 76160 76800 1
10-07-2017-13:09:39:057 76800 77440 1
10-07-2017-13:09:39:098 77440 78080 1
10-07-2017-13:09:39:132 78080 78720 1
10-07-2017-13:09:39:174 78720 79360 1
10-07-2017-13:09:39:212 79360 80000 1
10-07-2017-13:09:39:252 80000 80640 1
10-07-2017-13:09:39:293 80640 81280 1
10-07-2017-13:09:39:334 81280 81920 1
10-07-2017-13:09:39:372 81920 82560 1
10-07-2017-13:09:39:415 82560 83200 1
10-07-2017-13:09:39:454 83200 83840 1
10-07-2017-13:09:39:493 83840 84480 1
10-07-2017-13:09:39:540 84480 85120 1
10-07-2017-13:09:39:572 85120 85760 1
10-07-2017-13:09:39:610 85760 86400 1
10-07-2017-13:09:39:650 86400 87040 1
10-07-2017-13:09:39:691 87040 87680 1
10-07-2017-13:09:39:730 87680 88320 1
10-07-2017-13:09:39:771 88320 88960 1
10-07-2017-13:09:39:810 88960 89600 1
10-07-2017-13:09:39:849 89600 90240 1
10-07-2017-13:09:39:891 90240 90880 1
10-07-2017-13:09:39:932 90880 91520 1
10-07-2017-13:09:39:971 91520 92160 1
10-07-2017-13:09:40:007 92160 92800 1
10-07-2017-13:09:40:046 92800 93440 1
10-07-2017-13:09:40:087 93440 94080 1
10-07-2017-13:09:40:129 94080 94720 1
10-07-2017-13:09:40:167 94720 95360 1
10-07-2017-13:09:40:209 95360 96000 1
10-07-2017-13:09:40:249 96000 96640 1
10-07-2017-13:09:40:289 96640 97280 1
10-07-2017-13:09:40:328 97280 97920 1
10-07-2017-13:09:40:370 97920 98560 1
10-07-2017-13:09:40:404 98560 99200 1
10-07-2017-13:09:40:445 99200 99840 1
10-07-2017-13:09:40:485 99840 100480 1
10-07-2017-13:09:40:625 100480 101120 1
10-07-2017-13:09:40:626 101120 101760 1
10-07-2017-13:09:40:626 101760 102400 1
10-07-2017-13:09:40:663 102400 103040 1
10-07-2017-13:09:40:692 103040 103680 1
10-07-2017-13:09:40:731 103680 104320 1
10-07-2017-13:09:40:770 104320 104960 1
10-07-2017-13:09:40:808 104960 105600 1
10-07-2017-13:09:40:847 105600 106240 1
10-07-2017-13:09:40:889 106240 106880 1
10-07-2017-13:09:40:929 106880 107520 1
10-07-2017-13:09:40:982 107520 108160 1
10-07-2017-13:09:41:015 108160 108800 1
10-07-2017-13:09:41:055 108800 109440 1
10-07-2017-13:09:41:086 109440 110080 1
10-07-2017-13:09:41:139 110080 110720 1
10-07-2017-13:09:41:178 110720 111360 1
10-07-2017-13:09:41:214 111360 112000 1
10-07-2017-13:09:41:254 112000 112640 1
10-07-2017-13:09:41:299 112640 113280 1
10-07-2017-13:09:41:340 113280 113920 1
10-07-2017-13:09:41:375 113920 114560 1
10-07-2017-13:09:41:414 114560 115200 1
10-07-2017-13:09:41:456 115200 115840 1
10-07-2017-13:09:41:495 115840 116480 1
10-07-2017-13:09:41:535 116480 117120 1
10-07-2017-13:09:41:579 117120 117760 1
10-07-2017-13:09:41:610 117760 118400 1
10-07-2017-13:09:41:651 118400 119040 1
10-07-2017-13:09:41:691 119040 119680 1
10-07-2017-13:09:41:732 119680 120320 1
10-07-2017-13:09:41:773 120320 120960 1
10-07-2017-13:09:41:807 120960 121600 1
10-07-2017-13:09:41:848 121600 122240 1
10-07-2017-13:09:41:889 122240 122880 1
10-07-2017-13:09:41:928 122880 123520 1
10-07-2017-13:09:41:981 123520 124145 1
10-07-2017-13:09:42:003 124145 124770 1
10-07-2017-13:09:42:044 124770 125395 1
10-07-2017-13:09:42:084 125395 126020 1
10-07-2017-13:09:42:126 126020 126645 1
10-07-2017-13:09:42:162 126645 127270 1
10-07-2017-13:09:42:201 127270 127895 1
10-07-2017-13:09:42:243 127895 128520 1
10-07-2017-13:09:42:280 128520 129145 1
10-07-2017-13:09:42:372 129145 129770 1
10-07-2017-13:09:42:373 129770 130395 1
10-07-2017-13:09:42:399 130395 131020 1
10-07-2017-13:09:42:438 131020 131645 1
10-07-2017-13:09:42:477 131645 132270 1
10-07-2017-13:09:42:518 132270 132895 1
10-07-2017-13:09:42:553 132895 133520 1
10-07-2017-13:09:42:595 133520 134145 1
10-07-2017-13:09:42:636 134145 134770 1
10-07-2017-13:09:42:673 134770 135395 1
10-07-2017-13:09:42:716 135395 136020 1
10-07-2017-13:09:42:750 136020 136645 1
10-07-2017-13:09:42:794 136645 137270 1
10-07-2017-13:09:42:836 137270 137895 1
10-07-2017-13:09:42:870 137895 138520 1
10-07-2017-13:09:42:910 138520 139145 1
10-07-2017-13:09:42:950 139145 139770 1
10-07-2017-13:09:42:992 139770 140395 1
10-07-2017-13:09:43:031 140395 141020 1
10-07-2017-13:09:43:073 141020 141645 1
10-07-2017-13:09:43:096 141645 142270 1
10-07-2017-13:09:43:137 142270 142895 1
10-07-2017-13:09:43:178 142895 143520 1
10-07-2017-13:09:43:218 143520 144145 1
10-07-2017-13:09:43:253 144145 144770 1
10-07-2017-13:09:43:294 144770 145395 1
10-07-2017-13:09:43:335 145395 146020 1
10-07-2017-13:09:43:375 146020 146645 1
10-07-2017-13:09:43:417 146645 147270 1
10-07-2017-13:09:43:452 147270 147895 1
10-07-2017-13:09:43:492 147895 148520 1
10-07-2017-13:09:43:533 148520 149145 1
10-07-2017-13:09:43:574 149145 149770 1
10-07-2017-13:09:43:613 149770 150395 1
10-07-2017-13:09:43:664 150395 151020 1
10-07-2017-13:09:43:686 151020 151645 1
10-07-2017-13:09:43:724 151645 152270 1
10-07-2017-13:09:43:765 152270 152895 1
10-07-2017-13:09:43:805 152895 153520 1
10-07-2017-13:09:43:841 153520 154145 1
10-07-2017-13:09:43:882 154145 154770 1
10-07-2017-13:09:43:922 154770 155395 1
10-07-2017-13:09:43:963 155395 156020 1
10-07-2017-13:09:44:002 156020 156645 1
10-07-2017-13:09:44:038 156645 157270 1
10-07-2017-13:09:44:076 157270 157895 1
10-07-2017-13:09:44:118 157895 158520 1
10-07-2017-13:09:44:158 158520 159145 1
10-07-2017-13:09:44:199 159145 159770 1
10-07-2017-13:09:44:242 159770 160395 1
10-07-2017-13:09:44:279 160395 161020 1
10-07-2017-13:09:44:319 161020 161645 1
10-07-2017-13:09:44:358 161645 162270 1
10-07-2017-13:09:44:392 162270 162895 1
10-07-2017-13:09:44:434 162895 163520 1
10-07-2017-13:09:44:475 163520 164145 1
10-07-2017-13:09:44:504 164145 164770 1
10-07-2017-13:09:44:555 164770 165395 1
10-07-2017-13:09:44:596 165395 166020 1
10-07-2017-13:09:44:631 166020 166645 1
10-07-2017-13:09:44:668 166645 167270 1
10-07-2017-13:09:44:706 167270 167895 1
10-07-2017-13:09:44:747 167895 168520 1
10-07-2017-13:09:44:783 168520 169145 1
10-07-2017-13:09:44:823 169145 169770 1
10-07-2017-13:09:44:863 169770 170395 1
10-07-2017-13:09:44:907 170395 171020 1
10-07-2017-13:09:44:945 171020 171645 1
10-07-2017-13:09:44:981 171645 172270 1
10-07-2017-13:09:45:021 172270 172895 1
10-07-2017-13:09:45:061 172895 173520 1
10-07-2017-13:09:45:101 173520 174145 1
10-07-2017-13:09:45:141 174145 174770 1
10-07-2017-13:09:45:181 174770 175395 1
10-07-2017-13:09:45:216 175395 176020 1
10-07-2017-13:09:45:256 176020 176645 1
10-07-2017-13:09:45:285 176645 177270 1
10-07-2017-13:09:45:324 177270 177895 1
10-07-2017-13:09:45:378 177895 178520 1
10-07-2017-13:09:45:418 178520 179145 1
10-07-2017-13:09:45:504 179145 179770 1
10-07-2017-13:09:45:506 179770 180395 1
10-07-2017-13:09:45:521 180395 181020 1
10-07-2017-13:09:45:574 181020 181645 1
10-07-2017-13:09:45:596 181645 182270 1
10-07-2017-13:09:45:644 182270 182895 1
10-07-2017-13:09:45:677 182895 183520 1
10-07-2017-13:09:45:718 183520 184145 1
10-07-2017-13:09:45:767 184145 184770 1
10-07-2017-13:09:45:795 184770 185395 1
10-07-2017-13:09:45:847 185395 186020 1
10-07-2017-13:09:45:870 186020 186645 1
10-07-2017-13:09:45:910 186645 187270 1
10-07-2017-13:09:45:952 187270 187895 1
10-07-2017-13:09:45:990 187895 188520 1
10-07-2017-13:09:46:026 188520 189145 1
10-07-2017-13:09:46:073 189145 189770 1
10-07-2017-13:09:46:112 189770 190395 1
10-07-2017-13:09:46:147 190395 191020 1
10-07-2017-13:09:46:187 191020 191645 1
10-07-2017-13:09:46:228 191645 192270 1
10-07-2017-13:09:46:269 192270 192895 1
10-07-2017-13:09:46:309 192895 193520 1
10-07-2017-13:09:46:345 193520 194145 1
10-07-2017-13:09:46:384 194145 194770 1
10-07-2017-13:09:46:425 194770 195395 1
10-07-2017-13:09:46:465 195395 196020 1
10-07-2017-13:09:46:504 196020 196645 1
10-07-2017-13:09:46:546 196645 197270 1
10-07-2017-13:09:46:581 197270 197895 1
10-07-2017-13:09:46:619 197895 198520 1
10-07-2017-13:09:46:660 198520 199145 1
10-07-2017-13:09:46:700 199145 199770 1
10-07-2017-13:09:46:736 199770 200395 1
10-07-2017-13:09:46:778 200395 201020 1
10-07-2017-13:09:46:818 201020 201645 1
10-07-2017-13:09:46:857 201645 202270 1
10-07-2017-13:09:46:897 202270 202895 1
10-07-2017-13:09:46:939 202895 203520 1
10-07-2017-13:09:46:974 203520 204145 1
10-07-2017-13:09:47:014 204145 204770 1
10-07-2017-13:09:47:057 204770 205395 1
10-07-2017-13:09:47:090 205395 206020 1
10-07-2017-13:09:47:132 206020 206645 1
10-07-2017-13:09:47:159 206645 207270 1
10-07-2017-13:09:47:211 207270 207895 1
10-07-2017-13:09:47:253 207895 208520 1
10-07-2017-13:09:47:278 208520 209145 1
10-07-2017-13:09:47:330 209145 209770 1
10-07-2017-13:09:47:365 209770 210395 1
10-07-2017-13:09:47:394 210395 211020 1
10-07-2017-13:09:47:433 211020 211645 1
10-07-2017-13:09:47:473 211645 212270 1
10-07-2017-13:09:47:525 212270 212895 1
10-07-2017-13:09:47:550 212895 213520 1
10-07-2017-13:09:47:590 213520 214145 1
10-07-2017-13:09:47:632 214145 214770 1
10-07-2017-13:09:47:682 214770 215395 1
10-07-2017-13:09:47:707 215395 216020 1
10-07-2017-13:09:47:747 216020 216645 1
10-07-2017-13:09:47:787 216645 217270 1
10-07-2017-13:09:47:831 217270 217895 1
10-07-2017-13:09:47:864 217895 218520 1
10-07-2017-13:09:47:905 218520 219145 1
10-07-2017-13:09:47:946 219145 219770 1
10-07-2017-13:09:47:984 219770 220395 1
10-07-2017-13:09:48:020 220395 221020 1
10-07-2017-13:09:48:061 221020 221645 1
