10-07-2017-14:00:07:164 0 608 1
10-07-2017-14:00:07:185 608 1216 1
10-07-2017-14:00:07:220 1216 1824 1
10-07-2017-14:00:07:262 1824 2432 1
10-07-2017-14:00:07:298 2432 3040 1
10-07-2017-14:00:07:333 3040 3648 1
10-07-2017-14:00:07:378 3648 4256 1
10-07-2017-14:00:07:413 4256 4864 1
10-07-2017-14:00:07:461 4864 5472 1
10-07-2017-14:00:07:485 5472 6080 1
10-07-2017-14:00:07:530 6080 6688 1
10-07-2017-14:00:07:561 6688 7296 1
10-07-2017-14:00:07:608 7296 7904 1
10-07-2017-14:00:07:637 7904 8512 1
10-07-2017-14:00:07:684 8512 9120 1
10-07-2017-14:00:07:729 9120 9728 1
10-07-2017-14:00:07:757 9728 10336 1
10-07-2017-14:00:07:789 10336 10944 1
10-07-2017-14:00:07:826 10944 11552 1
10-07-2017-14:00:07:872 11552 12160 1
10-07-2017-14:00:07:906 12160 12768 1
10-07-2017-14:00:07:940 12768 13376 1
10-07-2017-14:00:07:978 13376 13984 1
10-07-2017-14:00:08:015 13984 14592 1
10-07-2017-14:00:08:065 14592 15200 1
10-07-2017-14:00:08:101 15200 15808 1
10-07-2017-14:00:08:132 15808 16416 1
10-07-2017-14:00:08:169 16416 17024 1
10-07-2017-14:00:08:222 17024 17632 1
10-07-2017-14:00:08:249 17632 18240 1
10-07-2017-14:00:08:285 18240 18848 1
10-07-2017-14:00:08:325 18848 19456 1
10-07-2017-14:00:08:365 19456 20064 1
10-07-2017-14:00:08:410 20064 20672 1
10-07-2017-14:00:08:436 20672 21280 1
10-07-2017-14:00:08:473 21280 21888 1
10-07-2017-14:00:08:513 21888 22496 1
10-07-2017-14:00:08:554 22496 23104 1
10-07-2017-14:00:08:589 23104 23712 1
10-07-2017-14:00:08:670 23712 24320 1
10-07-2017-14:00:08:672 24320 24928 1
10-07-2017-14:00:08:708 24928 25536 1
10-07-2017-14:00:08:745 25536 26144 1
10-07-2017-14:00:08:785 26144 26752 1
10-07-2017-14:00:08:822 26752 27360 1
10-07-2017-14:00:08:860 27360 27968 1
10-07-2017-14:00:08:890 27968 28576 1
10-07-2017-14:00:09:000 28576 29184 1
10-07-2017-14:00:09:000 29184 29792 1
10-07-2017-14:00:09:005 29792 30400 1
10-07-2017-14:00:09:053 30400 31008 1
10-07-2017-14:00:09:088 31008 31616 1
10-07-2017-14:00:09:755 31616 32224 1
10-07-2017-14:00:09:758 32224 32832 1
10-07-2017-14:00:09:759 32832 33440 1
10-07-2017-14:00:09:759 33440 34048 1
10-07-2017-14:00:09:759 34048 34656 1
10-07-2017-14:00:09:759 34656 35264 1
10-07-2017-14:00:09:759 35264 35872 1
10-07-2017-14:00:09:759 35872 36480 1
10-07-2017-14:00:09:760 36480 37088 1
10-07-2017-14:00:09:760 37088 37696 1
10-07-2017-14:00:09:760 37696 38304 1
10-07-2017-14:00:09:766 38304 38912 1
10-07-2017-14:00:09:766 38912 39520 1
10-07-2017-14:00:09:777 39520 40128 1
10-07-2017-14:00:09:778 40128 40736 1
10-07-2017-14:00:09:778 40736 41344 1
10-07-2017-14:00:09:778 41344 41952 1
10-07-2017-14:00:09:778 41952 42560 1
10-07-2017-14:00:09:814 42560 43168 1
10-07-2017-14:00:09:848 43168 43776 1
10-07-2017-14:00:09:881 43776 44384 1
10-07-2017-14:00:09:925 44384 44992 1
10-07-2017-14:00:09:960 44992 45600 1
10-07-2017-14:00:09:996 45600 46208 1
10-07-2017-14:00:10:038 46208 46816 1
10-07-2017-14:00:10:087 46816 47424 1
10-07-2017-14:00:10:113 47424 48032 1
10-07-2017-14:00:10:149 48032 48640 1
10-07-2017-14:00:10:184 48640 49248 1
10-07-2017-14:00:10:227 49248 49856 1
10-07-2017-14:00:10:269 49856 50464 1
10-07-2017-14:00:10:303 50464 51072 1
10-07-2017-14:00:10:339 51072 51680 1
10-07-2017-14:00:10:380 51680 52288 1
10-07-2017-14:00:10:423 52288 52896 1
10-07-2017-14:00:10:459 52896 53504 1
10-07-2017-14:00:10:490 53504 54112 1
10-07-2017-14:00:10:537 54112 54720 1
10-07-2017-14:00:10:572 54720 55328 1
10-07-2017-14:00:10:609 55328 55936 1
10-07-2017-14:00:10:642 55936 56544 1
10-07-2017-14:00:10:686 56544 57152 1
10-07-2017-14:00:10:719 57152 57760 1
10-07-2017-14:00:10:752 57760 58368 1
10-07-2017-14:00:10:801 58368 58976 1
10-07-2017-14:00:10:842 58976 59584 1
10-07-2017-14:00:10:869 59584 60192 1
10-07-2017-14:00:10:905 60192 60800 1
10-07-2017-14:00:10:946 60800 61408 1
10-07-2017-14:00:11:044 61408 62016 1
10-07-2017-14:00:11:044 62016 62624 1
10-07-2017-14:00:11:063 62624 63232 1
10-07-2017-14:00:11:102 63232 63840 1
10-07-2017-14:00:11:137 63840 64448 1
10-07-2017-14:00:11:174 64448 65056 1
10-07-2017-14:00:11:208 65056 65664 1
10-07-2017-14:00:11:248 65664 66272 1
10-07-2017-14:00:11:322 66272 66880 1
10-07-2017-14:00:11:348 66880 67488 1
10-07-2017-14:00:11:361 67488 68096 1
10-07-2017-14:00:11:405 68096 68704 1
10-07-2017-14:00:11:445 68704 69312 1
10-07-2017-14:00:11:476 69312 69920 1
10-07-2017-14:00:11:520 69920 70528 1
10-07-2017-14:00:11:556 70528 71136 1
10-07-2017-14:00:11:612 71136 71744 1
10-07-2017-14:00:11:631 71744 72352 1
10-07-2017-14:00:11:672 72352 72960 1
10-07-2017-14:00:11:708 72960 73568 1
10-07-2017-14:00:11:745 73568 74176 1
10-07-2017-14:00:11:783 74176 74784 1
10-07-2017-14:00:11:824 74784 75392 1
10-07-2017-14:00:11:871 75392 76000 1
10-07-2017-14:00:11:897 76000 76608 1
10-07-2017-14:00:11:941 76608 77216 1
10-07-2017-14:00:11:975 77216 77824 1
10-07-2017-14:00:12:011 77824 78432 1
10-07-2017-14:00:12:045 78432 79040 1
10-07-2017-14:00:12:092 79040 79648 1
10-07-2017-14:00:12:154 79648 80256 1
10-07-2017-14:00:12:160 80256 80864 1
10-07-2017-14:00:12:196 80864 81472 1
10-07-2017-14:00:12:244 81472 82080 1
10-07-2017-14:00:12:275 82080 82688 1
10-07-2017-14:00:12:312 82688 83296 1
10-07-2017-14:00:12:347 83296 83904 1
10-07-2017-14:00:12:413 83904 84512 1
10-07-2017-14:00:12:427 84512 85120 1
10-07-2017-14:00:12:462 85120 85728 1
10-07-2017-14:00:12:515 85728 86336 1
10-07-2017-14:00:12:543 86336 86944 1
10-07-2017-14:00:12:578 86944 87552 1
10-07-2017-14:00:13:423 87552 88160 1
10-07-2017-14:00:13:426 88160 88768 1
10-07-2017-14:00:13:426 88768 89376 1
10-07-2017-14:00:13:427 89376 89984 1
10-07-2017-14:00:13:427 89984 90592 1
10-07-2017-14:00:13:435 90592 91200 1
10-07-2017-14:00:13:435 91200 91808 1
10-07-2017-14:00:13:436 91808 92416 1
10-07-2017-14:00:13:436 92416 93024 1
10-07-2017-14:00:13:436 93024 93632 1
10-07-2017-14:00:13:436 93632 94240 1
10-07-2017-14:00:13:436 94240 94848 1
10-07-2017-14:00:13:437 94848 95456 1
10-07-2017-14:00:13:437 95456 96064 1
10-07-2017-14:00:13:437 96064 96672 1
10-07-2017-14:00:13:437 96672 97280 1
10-07-2017-14:00:13:437 97280 97888 1
10-07-2017-14:00:13:438 97888 98496 1
10-07-2017-14:00:13:438 98496 99104 1
10-07-2017-14:00:13:438 99104 99712 1
10-07-2017-14:00:13:438 99712 100320 1
10-07-2017-14:00:13:438 100320 100928 1
10-07-2017-14:00:13:452 100928 101536 1
10-07-2017-14:00:13:488 101536 102144 1
10-07-2017-14:00:13:537 102144 102752 1
10-07-2017-14:00:13:572 102752 103360 1
10-07-2017-14:00:13:605 103360 103968 1
10-07-2017-14:00:13:639 103968 104576 1
10-07-2017-14:00:13:687 104576 105184 1
10-07-2017-14:00:13:724 105184 105792 1
10-07-2017-14:00:13:758 105792 106400 1
10-07-2017-14:00:13:794 106400 107008 1
10-07-2017-14:00:13:830 107008 107616 1
10-07-2017-14:00:13:873 107616 108224 1
10-07-2017-14:00:13:909 108224 108832 1
10-07-2017-14:00:13:945 108832 109440 1
10-07-2017-14:00:14:012 109440 110048 1
10-07-2017-14:00:14:031 110048 110656 1
10-07-2017-14:00:14:060 110656 111264 1
10-07-2017-14:00:14:096 111264 111872 1
10-07-2017-14:00:14:147 111872 112480 1
10-07-2017-14:00:14:173 112480 113088 1
10-07-2017-14:00:14:218 113088 113696 1
10-07-2017-14:00:14:296 113696 114304 1
10-07-2017-14:00:14:296 114304 114912 1
10-07-2017-14:00:14:678 114912 115520 1
10-07-2017-14:00:14:683 115520 116128 1
10-07-2017-14:00:14:683 116128 116736 1
10-07-2017-14:00:14:683 116736 117344 1
10-07-2017-14:00:14:683 117344 117952 1
10-07-2017-14:00:14:684 117952 118560 1
10-07-2017-14:00:14:684 118560 119168 1
10-07-2017-14:00:14:684 119168 119776 1
10-07-2017-14:00:14:684 119776 120384 1
10-07-2017-14:00:14:684 120384 120992 1
10-07-2017-14:00:14:716 120992 121600 1
10-07-2017-14:00:14:751 121600 122208 1
10-07-2017-14:00:14:787 122208 122816 1
10-07-2017-14:00:14:822 122816 123424 1
10-07-2017-14:00:14:863 123424 124032 1
10-07-2017-14:00:14:903 124032 124640 1
10-07-2017-14:00:14:988 124640 125248 1
10-07-2017-14:00:14:989 125248 125856 1
10-07-2017-14:00:15:016 125856 126464 1
10-07-2017-14:00:15:053 126464 127072 1
10-07-2017-14:00:15:094 127072 127680 1
10-07-2017-14:00:15:136 127680 128288 1
10-07-2017-14:00:15:166 128288 128896 1
10-07-2017-14:00:15:200 128896 129504 1
10-07-2017-14:00:15:246 129504 130112 1
10-07-2017-14:00:15:283 130112 130720 1
10-07-2017-14:00:15:314 130720 131328 1
10-07-2017-14:00:15:367 131328 131936 1
10-07-2017-14:00:15:397 131936 132544 1
10-07-2017-14:00:15:437 132544 133152 1
10-07-2017-14:00:15:471 133152 133760 1
10-07-2017-14:00:15:505 133760 134368 1
10-07-2017-14:00:15:549 134368 134976 1
10-07-2017-14:00:15:581 134976 135584 1
10-07-2017-14:00:15:622 135584 136192 1
10-07-2017-14:00:15:656 136192 136800 1
10-07-2017-14:00:15:692 136800 137408 1
10-07-2017-14:00:15:770 137408 138016 1
10-07-2017-14:00:15:779 138016 138624 1
10-07-2017-14:00:15:809 138624 139232 1
10-07-2017-14:00:15:843 139232 139840 1
10-07-2017-14:00:15:892 139840 140448 1
10-07-2017-14:00:15:944 140448 141056 1
10-07-2017-14:00:15:963 141056 141664 1
10-07-2017-14:00:16:007 141664 142272 1
10-07-2017-14:00:16:041 142272 142880 1
10-07-2017-14:00:16:087 142880 143488 1
10-07-2017-14:00:16:110 143488 144096 1
10-07-2017-14:00:16:163 144096 144704 1
10-07-2017-14:00:16:185 144704 145312 1
10-07-2017-14:00:16:233 145312 145920 1
10-07-2017-14:00:16:266 145920 146528 1
10-07-2017-14:00:16:301 146528 147136 1
10-07-2017-14:00:16:341 147136 147744 1
10-07-2017-14:00:16:380 147744 148352 1
10-07-2017-14:00:16:415 148352 148960 1
10-07-2017-14:00:16:451 148960 149568 1
10-07-2017-14:00:16:503 149568 150176 1
10-07-2017-14:00:16:530 150176 150784 1
10-07-2017-14:00:16:566 150784 151392 1
10-07-2017-14:00:16:602 151392 152000 1
10-07-2017-14:00:16:651 152000 152608 1
10-07-2017-14:00:16:683 152608 153216 1
10-07-2017-14:00:16:724 153216 153824 1
10-07-2017-14:00:16:770 153824 154432 1
10-07-2017-14:00:16:810 154432 155040 1
10-07-2017-14:00:16:841 155040 155648 1
10-07-2017-14:00:16:877 155648 156256 1
10-07-2017-14:00:16:919 156256 156864 1
10-07-2017-14:00:16:966 156864 157472 1
10-07-2017-14:00:16:985 157472 158080 1
10-07-2017-14:00:17:032 158080 158688 1
10-07-2017-14:00:17:060 158688 159296 1
10-07-2017-14:00:17:100 159296 159904 1
10-07-2017-14:00:17:137 159904 160512 1
10-07-2017-14:00:17:185 160512 161120 1
10-07-2017-14:00:17:248 161120 161728 1
10-07-2017-14:00:17:256 161728 162336 1
10-07-2017-14:00:17:287 162336 162944 1
10-07-2017-14:00:17:339 162944 163552 1
10-07-2017-14:00:17:370 163552 164160 1
10-07-2017-14:00:17:416 164160 164768 1
10-07-2017-14:00:17:439 164768 165376 1
10-07-2017-14:00:17:488 165376 165984 1
10-07-2017-14:00:17:523 165984 166592 1
10-07-2017-14:00:17:940 166592 167200 1
10-07-2017-14:00:17:945 167200 167808 1
10-07-2017-14:00:17:946 167808 168416 1
10-07-2017-14:00:17:946 168416 169024 1
10-07-2017-14:00:17:946 169024 169632 1
10-07-2017-14:00:17:946 169632 170240 1
10-07-2017-14:00:17:946 170240 170848 1
10-07-2017-14:00:17:947 170848 171456 1
10-07-2017-14:00:17:947 171456 172064 1
10-07-2017-14:00:17:947 172064 172672 1
10-07-2017-14:00:17:947 172672 173280 1
10-07-2017-14:00:17:976 173280 173888 1
10-07-2017-14:00:18:016 173888 174496 1
10-07-2017-14:00:18:051 174496 175104 1
10-07-2017-14:00:18:088 175104 175712 1
10-07-2017-14:00:18:132 175712 176320 1
10-07-2017-14:00:18:172 176320 176928 1
10-07-2017-14:00:18:213 176928 177536 1
10-07-2017-14:00:18:270 177536 178144 1
10-07-2017-14:00:18:284 178144 178752 1
10-07-2017-14:00:18:316 178752 179360 1
10-07-2017-14:00:18:352 179360 179968 1
10-07-2017-14:00:18:406 179968 180576 1
10-07-2017-14:00:18:433 180576 181184 1
10-07-2017-14:00:18:469 181184 181792 1
10-07-2017-14:00:18:506 181792 182400 1
10-07-2017-14:00:18:558 182400 183008 1
10-07-2017-14:00:18:586 183008 183616 1
10-07-2017-14:00:18:621 183616 184224 1
10-07-2017-14:00:18:657 184224 184832 1
10-07-2017-14:00:18:695 184832 185440 1
10-07-2017-14:00:18:731 185440 186048 1
10-07-2017-14:00:18:828 186048 186656 1
10-07-2017-14:00:18:829 186656 187264 1
10-07-2017-14:00:18:849 187264 187872 1
10-07-2017-14:00:18:888 187872 188480 1
10-07-2017-14:00:18:929 188480 189088 1
10-07-2017-14:00:18:965 189088 189696 1
10-07-2017-14:00:19:002 189696 190304 1
10-07-2017-14:00:19:044 190304 190912 1
10-07-2017-14:00:19:081 190912 191520 1
10-07-2017-14:00:19:116 191520 192128 1
10-07-2017-14:00:19:165 192128 192736 1
10-07-2017-14:00:19:207 192736 193344 1
10-07-2017-14:00:19:241 193344 193952 1
10-07-2017-14:00:19:267 193952 194560 1
10-07-2017-14:00:19:310 194560 195168 1
10-07-2017-14:00:19:346 195168 195776 1
10-07-2017-14:00:19:382 195776 196384 1
10-07-2017-14:00:19:426 196384 196992 1
10-07-2017-14:00:19:462 196992 197600 1
10-07-2017-14:00:19:499 197600 198208 1
10-07-2017-14:00:19:532 198208 198816 1
10-07-2017-14:00:19:569 198816 199424 1
10-07-2017-14:00:19:862 199424 200032 1
10-07-2017-14:00:19:866 200032 200640 1
10-07-2017-14:00:19:866 200640 201248 1
10-07-2017-14:00:19:866 201248 201856 1
10-07-2017-14:00:19:867 201856 202464 1
10-07-2017-14:00:19:867 202464 203072 1
10-07-2017-14:00:19:867 203072 203680 1
10-07-2017-14:00:19:881 203680 204288 1
10-07-2017-14:00:19:918 204288 204896 1
10-07-2017-14:00:19:959 204896 205504 1
10-07-2017-14:00:19:989 205504 206112 1
10-07-2017-14:00:20:039 206112 206720 1
10-07-2017-14:00:20:065 206720 207328 1
10-07-2017-14:00:20:112 207328 207936 1
10-07-2017-14:00:20:143 207936 208544 1
10-07-2017-14:00:20:188 208544 209152 1
10-07-2017-14:00:20:215 209152 209760 1
10-07-2017-14:00:20:262 209760 210368 1
10-07-2017-14:00:20:300 210368 210976 1
10-07-2017-14:00:20:327 210976 211584 1
10-07-2017-14:00:20:375 211584 212192 1
10-07-2017-14:00:20:412 212192 212800 1
10-07-2017-14:00:20:447 212800 213408 1
10-07-2017-14:00:20:484 213408 214016 1
10-07-2017-14:00:20:526 214016 214624 1
10-07-2017-14:00:20:562 214624 215232 1
10-07-2017-14:00:20:598 215232 215840 1
10-07-2017-14:00:20:634 215840 216448 1
10-07-2017-14:00:20:678 216448 217056 1
10-07-2017-14:00:20:714 217056 217664 1
10-07-2017-14:00:20:750 217664 218272 1
10-07-2017-14:00:20:788 218272 218880 1
10-07-2017-14:00:20:821 218880 219488 1
10-07-2017-14:00:20:866 219488 220096 1
10-07-2017-14:00:20:902 220096 220704 1
10-07-2017-14:00:20:939 220704 221312 1
10-07-2017-14:00:20:973 221312 221920 1
10-07-2017-14:00:21:018 221920 222528 1
10-07-2017-14:00:21:053 222528 223136 1
10-07-2017-14:00:21:104 223136 223744 1
10-07-2017-14:00:21:132 223744 224352 1
10-07-2017-14:00:21:167 224352 224960 1
10-07-2017-14:00:21:204 224960 225568 1
10-07-2017-14:00:21:257 225568 226176 1
10-07-2017-14:00:21:291 226176 226784 1
10-07-2017-14:00:21:324 226784 227392 1
10-07-2017-14:00:21:357 227392 228000 1
10-07-2017-14:00:21:396 228000 228608 1
10-07-2017-14:00:21:438 228608 229216 1
10-07-2017-14:00:21:474 229216 229824 1
10-07-2017-14:00:21:512 229824 230432 1
10-07-2017-14:00:21:547 230432 231040 1
10-07-2017-14:00:21:586 231040 231648 1
10-07-2017-14:00:21:625 231648 232256 1
10-07-2017-14:00:21:662 232256 232864 1
10-07-2017-14:00:21:703 232864 233472 1
10-07-2017-14:00:21:738 233472 234080 1
10-07-2017-14:00:21:773 234080 234688 1
10-07-2017-14:00:21:813 234688 235296 1
10-07-2017-14:00:21:854 235296 235904 1
10-07-2017-14:00:21:893 235904 236512 1
10-07-2017-14:00:21:923 236512 237120 1
10-07-2017-14:00:21:968 237120 237728 1
10-07-2017-14:00:22:003 237728 238336 1
10-07-2017-14:00:22:040 238336 238944 1
10-07-2017-14:00:22:075 238944 239552 1
10-07-2017-14:00:22:116 239552 240160 1
10-07-2017-14:00:22:155 240160 240768 1
10-07-2017-14:00:22:191 240768 241376 1
10-07-2017-14:00:22:228 241376 241984 1
10-07-2017-14:00:22:471 241984 242592 1
10-07-2017-14:00:22:475 242592 243200 1
10-07-2017-14:00:22:475 243200 243808 1
10-07-2017-14:00:22:475 243808 244416 1
10-07-2017-14:00:22:475 244416 245024 1
10-07-2017-14:00:22:476 245024 245632 1
10-07-2017-14:00:22:500 245632 246240 1
10-07-2017-14:00:22:541 246240 246848 1
10-07-2017-14:00:22:574 246848 247456 1
10-07-2017-14:00:22:612 247456 248064 1
10-07-2017-14:00:22:655 248064 248672 1
10-07-2017-14:00:22:685 248672 249280 1
10-07-2017-14:00:22:730 249280 249888 1
10-07-2017-14:00:22:765 249888 250496 1
10-07-2017-14:00:22:808 250496 251104 1
10-07-2017-14:00:22:844 251104 251712 1
10-07-2017-14:00:22:887 251712 252320 1
10-07-2017-14:00:22:921 252320 252928 1
10-07-2017-14:00:22:963 252928 253536 1
10-07-2017-14:00:22:997 253536 254144 1
10-07-2017-14:00:23:035 254144 254752 1
10-07-2017-14:00:23:071 254752 255360 1
10-07-2017-14:00:23:107 255360 255968 1
10-07-2017-14:00:23:143 255968 256576 1
10-07-2017-14:00:23:180 256576 257184 1
10-07-2017-14:00:23:214 257184 257792 1
10-07-2017-14:00:23:275 257792 258400 1
10-07-2017-14:00:23:297 258400 259008 1
10-07-2017-14:00:23:341 259008 259616 1
10-07-2017-14:00:23:370 259616 260224 1
10-07-2017-14:00:23:405 260224 260832 1
10-07-2017-14:00:23:447 260832 261440 1
10-07-2017-14:00:23:487 261440 262048 1
10-07-2017-14:00:23:526 262048 262656 1
10-07-2017-14:00:23:559 262656 263264 1
10-07-2017-14:00:23:595 263264 263872 1
10-07-2017-14:00:23:639 263872 264480 1
10-07-2017-14:00:23:675 264480 265088 1
10-07-2017-14:00:23:711 265088 265696 1
10-07-2017-14:00:23:763 265696 266304 1
10-07-2017-14:00:23:804 266304 266912 1
10-07-2017-14:00:23:825 266912 267520 1
10-07-2017-14:00:23:861 267520 268128 1
10-07-2017-14:00:23:909 268128 268736 1
10-07-2017-14:00:23:942 268736 269344 1
10-07-2017-14:00:23:976 269344 269952 1
10-07-2017-14:00:24:024 269952 270560 1
10-07-2017-14:00:24:060 270560 271168 1
10-07-2017-14:00:24:092 271168 271776 1
10-07-2017-14:00:24:138 271776 272384 1
10-07-2017-14:00:24:173 272384 272992 1
10-07-2017-14:00:24:211 272992 273600 1
10-07-2017-14:00:24:253 273600 274208 1
10-07-2017-14:00:24:298 274208 274816 1
10-07-2017-14:00:24:323 274816 275424 1
10-07-2017-14:00:24:362 275424 276032 1
10-07-2017-14:00:24:734 276032 276640 1
10-07-2017-14:00:24:737 276640 277248 1
10-07-2017-14:00:24:738 277248 277856 1
10-07-2017-14:00:24:738 277856 278464 1
10-07-2017-14:00:24:738 278464 279072 1
10-07-2017-14:00:24:738 279072 279680 1
10-07-2017-14:00:24:738 279680 280288 1
10-07-2017-14:00:24:739 280288 280896 1
10-07-2017-14:00:24:739 280896 281504 1
10-07-2017-14:00:24:755 281504 282112 1
10-07-2017-14:00:24:782 282112 282720 1
10-07-2017-14:00:24:816 282720 283328 1
10-07-2017-14:00:24:854 283328 283936 1
10-07-2017-14:00:24:897 283936 284544 1
10-07-2017-14:00:24:933 284544 285152 1
10-07-2017-14:00:24:969 285152 285760 1
10-07-2017-14:00:25:012 285760 286368 1
10-07-2017-14:00:25:049 286368 286976 1
10-07-2017-14:00:25:085 286976 287584 1
10-07-2017-14:00:25:123 287584 288192 1
10-07-2017-14:00:25:165 288192 288800 1
10-07-2017-14:00:25:199 288800 289408 1
10-07-2017-14:00:25:235 289408 290016 1
10-07-2017-14:00:25:281 290016 290624 1
10-07-2017-14:00:25:317 290624 291232 1
10-07-2017-14:00:25:352 291232 291840 1
10-07-2017-14:00:25:396 291840 292448 1
10-07-2017-14:00:25:420 292448 293056 1
10-07-2017-14:00:25:498 293056 293664 1
10-07-2017-14:00:25:498 293664 294272 1
10-07-2017-14:00:25:536 294272 294880 1
10-07-2017-14:00:25:571 294880 295488 1
10-07-2017-14:00:25:623 295488 296096 1
10-07-2017-14:00:25:653 296096 296704 1
10-07-2017-14:00:25:689 296704 297312 1
10-07-2017-14:00:25:725 297312 297920 1
10-07-2017-14:00:25:774 297920 298528 1
10-07-2017-14:00:25:804 298528 299136 1
10-07-2017-14:00:25:840 299136 299744 1
10-07-2017-14:00:25:876 299744 300352 1
10-07-2017-14:00:25:919 300352 300960 1
10-07-2017-14:00:25:955 300960 301568 1
10-07-2017-14:00:25:991 301568 302176 1
10-07-2017-14:00:26:031 302176 302784 1
10-07-2017-14:00:26:070 302784 303392 1
10-07-2017-14:00:26:110 303392 304000 1
10-07-2017-14:00:26:144 304000 304608 1
10-07-2017-14:00:26:184 304608 305216 1
10-07-2017-14:00:26:223 305216 305824 1
10-07-2017-14:00:26:266 305824 306432 1
10-07-2017-14:00:26:302 306432 307040 1
10-07-2017-14:00:26:342 307040 307648 1
10-07-2017-14:00:26:382 307648 308256 1
10-07-2017-14:00:26:419 308256 308864 1
10-07-2017-14:00:26:452 308864 309472 1
10-07-2017-14:00:26:497 309472 310080 1
10-07-2017-14:00:26:532 310080 310688 1
10-07-2017-14:00:26:569 310688 311296 1
10-07-2017-14:00:26:609 311296 311904 1
10-07-2017-14:00:26:636 311904 312512 1
10-07-2017-14:00:26:683 312512 313120 1
10-07-2017-14:00:26:725 313120 313728 1
10-07-2017-14:00:26:752 313728 314336 1
10-07-2017-14:00:26:789 314336 314944 1
10-07-2017-14:00:26:836 314944 315552 1
10-07-2017-14:00:26:904 315552 316160 1
10-07-2017-14:00:26:908 316160 316768 1
10-07-2017-14:00:26:940 316768 317376 1
10-07-2017-14:00:26:987 317376 317984 1
10-07-2017-14:00:27:021 317984 318592 1
10-07-2017-14:00:27:054 318592 319200 1
10-07-2017-14:00:27:092 319200 319808 1
10-07-2017-14:00:27:131 319808 320416 1
10-07-2017-14:00:27:170 320416 321024 1
10-07-2017-14:00:27:207 321024 321632 1
10-07-2017-14:00:27:254 321632 322240 1
10-07-2017-14:00:27:287 322240 322848 1
10-07-2017-14:00:27:323 322848 323456 1
10-07-2017-14:00:27:359 323456 324064 1
10-07-2017-14:00:27:401 324064 324672 1
10-07-2017-14:00:27:455 324672 325280 1
10-07-2017-14:00:27:488 325280 325888 1
10-07-2017-14:00:27:514 325888 326496 1
10-07-2017-14:00:27:563 326496 327104 1
10-07-2017-14:00:27:596 327104 327712 1
10-07-2017-14:00:27:630 327712 328320 1
10-07-2017-14:00:27:675 328320 328928 1
10-07-2017-14:00:27:710 328928 329536 1
10-07-2017-14:00:27:738 329536 330144 1
10-07-2017-14:00:27:827 330144 330752 1
10-07-2017-14:00:27:828 330752 331360 1
10-07-2017-14:00:27:866 331360 331968 1
10-07-2017-14:00:27:892 331968 332576 1
10-07-2017-14:00:27:928 332576 333184 1
10-07-2017-14:00:28:314 333184 333792 1
10-07-2017-14:00:28:319 333792 334400 1
10-07-2017-14:00:28:320 334400 335008 1
10-07-2017-14:00:28:321 335008 335616 1
10-07-2017-14:00:28:321 335616 336224 1
10-07-2017-14:00:28:321 336224 336832 1
10-07-2017-14:00:28:321 336832 337440 1
10-07-2017-14:00:28:322 337440 338048 1
10-07-2017-14:00:28:346 338048 338656 1
10-07-2017-14:00:28:346 338656 339264 1
10-07-2017-14:00:28:347 339264 339872 1
10-07-2017-14:00:28:387 339872 340480 1
10-07-2017-14:00:28:427 340480 341088 1
10-07-2017-14:00:28:461 341088 341696 1
10-07-2017-14:00:28:497 341696 342304 1
10-07-2017-14:00:28:553 342304 342912 1
10-07-2017-14:00:28:577 342912 343520 1
10-07-2017-14:00:28:613 343520 344128 1
10-07-2017-14:00:28:649 344128 344736 1
10-07-2017-14:00:28:697 344736 345344 1
10-07-2017-14:00:28:728 345344 345952 1
10-07-2017-14:00:28:763 345952 346560 1
10-07-2017-14:00:28:833 346560 347168 1
10-07-2017-14:00:28:847 347168 347776 1
10-07-2017-14:00:28:883 347776 348384 1
10-07-2017-14:00:28:927 348384 348992 1
10-07-2017-14:00:28:962 348992 349600 1
10-07-2017-14:00:28:998 349600 350208 1
10-07-2017-14:00:29:058 350208 350816 1
10-07-2017-14:00:29:080 350816 351424 1
10-07-2017-14:00:29:113 351424 352032 1
10-07-2017-14:00:29:150 352032 352640 1
10-07-2017-14:00:29:186 352640 353248 1
10-07-2017-14:00:29:226 353248 353856 1
10-07-2017-14:00:29:296 353856 354464 1
10-07-2017-14:00:29:300 354464 355072 1
10-07-2017-14:00:29:337 355072 355680 1
10-07-2017-14:00:29:378 355680 356288 1
10-07-2017-14:00:29:417 356288 356896 1
10-07-2017-14:00:29:452 356896 357504 1
10-07-2017-14:00:29:488 357504 358112 1
10-07-2017-14:00:29:532 358112 358720 1
10-07-2017-14:00:29:567 358720 359328 1
10-07-2017-14:00:29:603 359328 359936 1
10-07-2017-14:00:29:639 359936 360544 1
10-07-2017-14:00:29:675 360544 361152 1
10-07-2017-14:00:29:715 361152 361760 1
10-07-2017-14:00:29:757 361760 362368 1
10-07-2017-14:00:29:792 362368 362976 1
10-07-2017-14:00:29:826 362976 363584 1
10-07-2017-14:00:29:871 363584 364192 1
10-07-2017-14:00:29:910 364192 364800 1
10-07-2017-14:00:30:090 364800 365408 1
10-07-2017-14:00:30:093 365408 366016 1
10-07-2017-14:00:30:095 366016 366624 1
10-07-2017-14:00:30:095 366624 367232 1
10-07-2017-14:00:30:106 367232 367840 1
10-07-2017-14:00:30:131 367840 368448 1
10-07-2017-14:00:30:181 368448 369056 1
10-07-2017-14:00:30:216 369056 369664 1
10-07-2017-14:00:30:255 369664 370272 1
10-07-2017-14:00:30:284 370272 370880 1
10-07-2017-14:00:30:337 370880 371488 1
10-07-2017-14:00:30:369 371488 372096 1
10-07-2017-14:00:30:402 372096 372704 1
10-07-2017-14:00:30:448 372704 373312 1
10-07-2017-14:00:30:483 373312 373920 1
10-07-2017-14:00:30:519 373920 374528 1
10-07-2017-14:00:30:554 374528 375136 1
10-07-2017-14:00:30:598 375136 375744 1
10-07-2017-14:00:30:640 375744 376352 1
10-07-2017-14:00:30:670 376352 376960 1
10-07-2017-14:00:30:711 376960 377568 1
10-07-2017-14:00:30:747 377568 378176 1
10-07-2017-14:00:30:782 378176 378784 1
10-07-2017-14:00:30:827 378784 379392 1
10-07-2017-14:00:30:863 379392 380000 1
10-07-2017-14:00:30:899 380000 380608 1
10-07-2017-14:00:30:944 380608 381216 1
10-07-2017-14:00:30:969 381216 381824 1
10-07-2017-14:00:31:016 381824 382432 1
10-07-2017-14:00:31:056 382432 383040 1
10-07-2017-14:00:31:083 383040 383648 1
10-07-2017-14:00:31:125 383648 384256 1
10-07-2017-14:00:31:166 384256 384864 1
10-07-2017-14:00:31:209 384864 385472 1
10-07-2017-14:00:31:238 385472 386080 1
10-07-2017-14:00:31:272 386080 386688 1
10-07-2017-14:00:31:318 386688 387296 1
10-07-2017-14:00:31:359 387296 387904 1
10-07-2017-14:00:31:393 387904 388512 1
10-07-2017-14:00:31:429 388512 389120 1
10-07-2017-14:00:31:467 389120 389728 1
10-07-2017-14:00:31:499 389728 390336 1
10-07-2017-14:00:31:546 390336 390944 1
10-07-2017-14:00:31:579 390944 391552 1
10-07-2017-14:00:31:616 391552 392160 1
10-07-2017-14:00:31:652 392160 392768 1
10-07-2017-14:00:31:704 392768 393376 1
10-07-2017-14:00:31:732 393376 393984 1
10-07-2017-14:00:31:778 393984 394592 1
10-07-2017-14:00:31:812 394592 395200 1
10-07-2017-14:00:31:850 395200 395808 1
10-07-2017-14:00:31:883 395808 396416 1
10-07-2017-14:00:31:919 396416 397024 1
10-07-2017-14:00:31:966 397024 397632 1
10-07-2017-14:00:31:994 397632 398240 1
10-07-2017-14:00:32:044 398240 398848 1
10-07-2017-14:00:32:076 398848 399456 1
10-07-2017-14:00:32:110 399456 400064 1
10-07-2017-14:00:32:146 400064 400672 1
10-07-2017-14:00:32:192 400672 401280 1
10-07-2017-14:00:32:230 401280 401888 1
10-07-2017-14:00:32:261 401888 402496 1
10-07-2017-14:00:32:298 402496 403104 1
10-07-2017-14:00:32:344 403104 403712 1
10-07-2017-14:00:32:378 403712 404320 1
10-07-2017-14:00:32:451 404320 404928 1
10-07-2017-14:00:32:451 404928 405536 1
10-07-2017-14:00:32:493 405536 406144 1
10-07-2017-14:00:32:528 406144 406752 1
10-07-2017-14:00:32:565 406752 407360 1
10-07-2017-14:00:32:611 407360 407968 1
10-07-2017-14:00:32:695 407968 408576 1
10-07-2017-14:00:32:696 408576 409184 1
10-07-2017-14:00:32:726 409184 409792 1
10-07-2017-14:00:32:764 409792 410400 1
10-07-2017-14:00:32:804 410400 411008 1
10-07-2017-14:00:32:829 411008 411616 1
10-07-2017-14:00:33:269 411616 412224 1
10-07-2017-14:00:33:274 412224 412832 1
10-07-2017-14:00:33:274 412832 413440 1
10-07-2017-14:00:33:274 413440 414048 1
10-07-2017-14:00:33:274 414048 414656 1
10-07-2017-14:00:33:275 414656 415264 1
10-07-2017-14:00:33:275 415264 415872 1
10-07-2017-14:00:33:275 415872 416480 1
10-07-2017-14:00:33:276 416480 417088 1
10-07-2017-14:00:33:276 417088 417696 1
10-07-2017-14:00:33:276 417696 418304 1
10-07-2017-14:00:33:296 418304 418912 1
10-07-2017-14:00:33:334 418912 419520 1
10-07-2017-14:00:33:364 419520 420128 1
10-07-2017-14:00:33:401 420128 420736 1
10-07-2017-14:00:33:437 420736 421344 1
10-07-2017-14:00:33:483 421344 421952 1
10-07-2017-14:00:33:519 421952 422560 1
10-07-2017-14:00:33:584 422560 423168 1
10-07-2017-14:00:33:607 423168 423776 1
10-07-2017-14:00:33:633 423776 424384 1
10-07-2017-14:00:33:673 424384 424992 1
10-07-2017-14:00:33:711 424992 425600 1
10-07-2017-14:00:33:752 425600 426208 1
10-07-2017-14:00:33:788 426208 426816 1
10-07-2017-14:00:33:826 426816 427424 1
10-07-2017-14:00:33:882 427424 428032 1
10-07-2017-14:00:33:903 428032 428640 1
10-07-2017-14:00:33:943 428640 429248 1
10-07-2017-14:00:33:980 429248 429856 1
10-07-2017-14:00:34:014 429856 430464 1
10-07-2017-14:00:34:055 430464 431072 1
10-07-2017-14:00:34:094 431072 431680 1
10-07-2017-14:00:34:130 431680 432288 1
10-07-2017-14:00:34:175 432288 432896 1
10-07-2017-14:00:34:198 432896 433504 1
10-07-2017-14:00:34:246 433504 434112 1
10-07-2017-14:00:34:285 434112 434720 1
10-07-2017-14:00:34:321 434720 435328 1
10-07-2017-14:00:34:364 435328 435936 1
10-07-2017-14:00:34:394 435936 436544 1
10-07-2017-14:00:34:459 436544 437152 1
10-07-2017-14:00:34:475 437152 437760 1
10-07-2017-14:00:34:503 437760 438368 1
10-07-2017-14:00:34:541 438368 438976 1
10-07-2017-14:00:34:576 438976 439584 1
10-07-2017-14:00:34:619 439584 440192 1
10-07-2017-14:00:34:657 440192 440800 1
10-07-2017-14:00:34:704 440800 441408 1
10-07-2017-14:00:34:730 441408 442016 1
10-07-2017-14:00:34:768 442016 442624 1
10-07-2017-14:00:34:817 442624 443232 1
10-07-2017-14:00:34:853 443232 443840 1
10-07-2017-14:00:34:919 443840 444448 1
10-07-2017-14:00:34:920 444448 445056 1
10-07-2017-14:00:34:969 445056 445664 1
10-07-2017-14:00:34:997 445664 446272 1
10-07-2017-14:00:35:038 446272 446880 1
10-07-2017-14:00:35:072 446880 447488 1
10-07-2017-14:00:35:124 447488 448096 1
10-07-2017-14:00:35:153 448096 448704 1
10-07-2017-14:00:35:189 448704 449312 1
10-07-2017-14:00:35:231 449312 449920 1
10-07-2017-14:00:35:267 449920 450528 1
10-07-2017-14:00:35:304 450528 451136 1
10-07-2017-14:00:35:343 451136 451744 1
10-07-2017-14:00:35:384 451744 452352 1
10-07-2017-14:00:35:420 452352 452960 1
10-07-2017-14:00:35:466 452960 453568 1
10-07-2017-14:00:36:080 453568 454176 1
10-07-2017-14:00:36:083 454176 454784 1
10-07-2017-14:00:36:083 454784 455392 1
10-07-2017-14:00:36:084 455392 456000 1
10-07-2017-14:00:36:084 456000 456608 1
10-07-2017-14:00:36:084 456608 457216 1
10-07-2017-14:00:36:084 457216 457824 1
10-07-2017-14:00:36:085 457824 458432 1
10-07-2017-14:00:36:085 458432 459040 1
10-07-2017-14:00:36:085 459040 459648 1
10-07-2017-14:00:36:085 459648 460256 1
10-07-2017-14:00:36:085 460256 460864 1
10-07-2017-14:00:36:086 460864 461472 1
10-07-2017-14:00:36:086 461472 462080 1
10-07-2017-14:00:36:086 462080 462688 1
10-07-2017-14:00:36:086 462688 463296 1
10-07-2017-14:00:36:122 463296 463904 1
10-07-2017-14:00:36:140 463904 464512 1
10-07-2017-14:00:36:183 464512 465120 1
10-07-2017-14:00:36:219 465120 465728 1
10-07-2017-14:00:36:255 465728 466336 1
10-07-2017-14:00:36:291 466336 466944 1
10-07-2017-14:00:36:335 466944 467552 1
10-07-2017-14:00:36:372 467552 468160 1
10-07-2017-14:00:36:406 468160 468768 1
10-07-2017-14:00:36:448 468768 469376 1
10-07-2017-14:00:36:525 469376 469984 1
10-07-2017-14:00:36:525 469984 470592 1
10-07-2017-14:00:36:560 470592 471200 1
10-07-2017-14:00:36:597 471200 471808 1
10-07-2017-14:00:36:632 471808 472416 1
10-07-2017-14:00:36:672 472416 473024 1
10-07-2017-14:00:36:713 473024 473632 1
10-07-2017-14:00:36:757 473632 474240 1
10-07-2017-14:00:36:811 474240 474848 1
10-07-2017-14:00:36:845 474848 475456 1
10-07-2017-14:00:36:865 475456 476064 1
10-07-2017-14:00:36:897 476064 476672 1
10-07-2017-14:00:36:943 476672 477280 1
10-07-2017-14:00:36:979 477280 477888 1
10-07-2017-14:00:37:019 477888 478496 1
10-07-2017-14:00:37:054 478496 479104 1
10-07-2017-14:00:37:126 479104 479712 1
10-07-2017-14:00:37:127 479712 480320 1
10-07-2017-14:00:37:171 480320 480928 1
10-07-2017-14:00:37:207 480928 481536 1
10-07-2017-14:00:37:240 481536 482144 1
10-07-2017-14:00:37:276 482144 482752 1
10-07-2017-14:00:37:328 482752 483360 1
10-07-2017-14:00:37:357 483360 483968 1
10-07-2017-14:00:37:394 483968 484576 1
10-07-2017-14:00:37:433 484576 485184 1
10-07-2017-14:00:37:490 485184 485792 1
10-07-2017-14:00:37:509 485792 486400 1
10-07-2017-14:00:37:554 486400 487008 1
10-07-2017-14:00:37:589 487008 487616 1
10-07-2017-14:00:37:626 487616 488224 1
10-07-2017-14:00:37:657 488224 488832 1
10-07-2017-14:00:37:693 488832 489440 1
10-07-2017-14:00:37:744 489440 490048 1
10-07-2017-14:00:37:784 490048 490656 1
10-07-2017-14:00:37:825 490656 491264 1
10-07-2017-14:00:37:868 491264 491872 1
10-07-2017-14:00:37:884 491872 492480 1
10-07-2017-14:00:37:932 492480 493088 1
10-07-2017-14:00:37:964 493088 493696 1
10-07-2017-14:00:38:000 493696 494304 1
10-07-2017-14:00:38:037 494304 494912 1
10-07-2017-14:00:38:082 494912 495520 1
10-07-2017-14:00:38:116 495520 496128 1
10-07-2017-14:00:38:164 496128 496736 1
10-07-2017-14:00:38:190 496736 497344 1
10-07-2017-14:00:38:225 497344 497952 1
10-07-2017-14:00:38:274 497952 498560 1
10-07-2017-14:00:38:307 498560 499168 1
10-07-2017-14:00:38:341 499168 499776 1
10-07-2017-14:00:38:378 499776 500384 1
10-07-2017-14:00:38:433 500384 500992 1
10-07-2017-14:00:38:462 500992 501600 1
10-07-2017-14:00:38:495 501600 502208 1
10-07-2017-14:00:38:539 502208 502816 1
10-07-2017-14:00:38:573 502816 503424 1
10-07-2017-14:00:38:612 503424 504032 1
10-07-2017-14:00:38:654 504032 504640 1
10-07-2017-14:00:38:690 504640 505248 1
10-07-2017-14:00:38:726 505248 505856 1
10-07-2017-14:00:38:838 505856 506464 1
10-07-2017-14:00:38:839 506464 507072 1
10-07-2017-14:00:38:846 507072 507680 1
10-07-2017-14:00:38:888 507680 508288 1
10-07-2017-14:00:38:911 508288 508896 1
10-07-2017-14:00:38:959 508896 509504 1
10-07-2017-14:00:38:986 509504 510112 1
10-07-2017-14:00:39:034 510112 510720 1
10-07-2017-14:00:39:073 510720 511328 1
10-07-2017-14:00:39:106 511328 511936 1
10-07-2017-14:00:39:167 511936 512544 1
10-07-2017-14:00:39:193 512544 513152 1
10-07-2017-14:00:39:219 513152 513760 1
10-07-2017-14:00:39:253 513760 514368 1
10-07-2017-14:00:39:289 514368 514976 1
10-07-2017-14:00:39:334 514976 515584 1
10-07-2017-14:00:39:371 515584 516192 1
10-07-2017-14:00:39:414 516192 516800 1
10-07-2017-14:00:39:451 516800 517408 1
10-07-2017-14:00:39:486 517408 518016 1
10-07-2017-14:00:39:760 518016 518624 1
10-07-2017-14:00:39:763 518624 519232 1
10-07-2017-14:00:39:764 519232 519840 1
10-07-2017-14:00:39:764 519840 520448 1
10-07-2017-14:00:39:764 520448 521056 1
10-07-2017-14:00:39:764 521056 521664 1
10-07-2017-14:00:39:764 521664 522272 1
10-07-2017-14:00:39:799 522272 522880 1
10-07-2017-14:00:39:835 522880 523488 1
10-07-2017-14:00:39:866 523488 524096 1
10-07-2017-14:00:39:899 524096 524704 1
10-07-2017-14:00:39:935 524704 525312 1
10-07-2017-14:00:39:984 525312 525920 1
10-07-2017-14:00:40:016 525920 526528 1
10-07-2017-14:00:40:050 526528 527136 1
10-07-2017-14:00:40:098 527136 527744 1
10-07-2017-14:00:40:132 527744 528352 1
10-07-2017-14:00:40:168 528352 528960 1
10-07-2017-14:00:40:203 528960 529568 1
10-07-2017-14:00:40:242 529568 530176 1
10-07-2017-14:00:40:284 530176 530784 1
10-07-2017-14:00:40:326 530784 531392 1
10-07-2017-14:00:40:354 531392 532000 1
10-07-2017-14:00:40:400 532000 532608 1
10-07-2017-14:00:40:436 532608 533216 1
10-07-2017-14:00:40:472 533216 533824 1
10-07-2017-14:00:40:516 533824 534432 1
10-07-2017-14:00:40:546 534432 535040 1
10-07-2017-14:00:40:595 535040 535648 1
10-07-2017-14:00:40:628 535648 536256 1
10-07-2017-14:00:40:662 536256 536864 1
10-07-2017-14:00:40:699 536864 537472 1
10-07-2017-14:00:40:751 537472 538080 1
10-07-2017-14:00:40:779 538080 538688 1
10-07-2017-14:00:40:823 538688 539296 1
10-07-2017-14:00:40:860 539296 539904 1
10-07-2017-14:00:40:896 539904 540512 1
10-07-2017-14:00:40:931 540512 541120 1
10-07-2017-14:00:40:961 541120 541728 1
10-07-2017-14:00:41:003 541728 542336 1
10-07-2017-14:00:41:038 542336 542944 1
10-07-2017-14:00:41:090 542944 543552 1
10-07-2017-14:00:41:123 543552 544160 1
10-07-2017-14:00:41:160 544160 544768 1
10-07-2017-14:00:41:199 544768 545376 1
10-07-2017-14:00:41:241 545376 545984 1
10-07-2017-14:00:41:271 545984 546592 1
10-07-2017-14:00:41:314 546592 547200 1
10-07-2017-14:00:41:350 547200 547808 1
10-07-2017-14:00:41:381 547808 548416 1
10-07-2017-14:00:41:426 548416 549024 1
10-07-2017-14:00:41:469 549024 549632 1
10-07-2017-14:00:41:498 549632 550240 1
10-07-2017-14:00:41:534 550240 550848 1
10-07-2017-14:00:41:569 550848 551456 1
10-07-2017-14:00:41:610 551456 552064 1
10-07-2017-14:00:41:652 552064 552672 1
10-07-2017-14:00:41:687 552672 553280 1
10-07-2017-14:00:41:727 553280 553888 1
10-07-2017-14:00:41:767 553888 554496 1
10-07-2017-14:00:41:804 554496 555104 1
10-07-2017-14:00:41:838 555104 555712 1
10-07-2017-14:00:41:884 555712 556320 1
10-07-2017-14:00:41:921 556320 556928 1
10-07-2017-14:00:41:955 556928 557536 1
10-07-2017-14:00:41:989 557536 558144 1
10-07-2017-14:00:42:040 558144 558752 1
10-07-2017-14:00:42:073 558752 559360 1
10-07-2017-14:00:42:144 559360 559968 1
10-07-2017-14:00:42:144 559968 560576 1
10-07-2017-14:00:42:187 560576 561184 1
10-07-2017-14:00:42:219 561184 561792 1
10-07-2017-14:00:42:256 561792 562400 1
10-07-2017-14:00:42:301 562400 563008 1
10-07-2017-14:00:42:331 563008 563616 1
10-07-2017-14:00:42:371 563616 564224 1
10-07-2017-14:00:42:425 564224 564832 1
10-07-2017-14:00:42:470 564832 565440 1
10-07-2017-14:00:42:487 565440 566048 1
10-07-2017-14:00:42:524 566048 566656 1
10-07-2017-14:00:42:564 566656 567264 1
10-07-2017-14:00:42:640 567264 567872 1
10-07-2017-14:00:42:641 567872 568480 1
10-07-2017-14:00:42:681 568480 569088 1
10-07-2017-14:00:42:716 569088 569696 1
10-07-2017-14:00:42:756 569696 570304 1
10-07-2017-14:00:43:148 570304 570912 1
10-07-2017-14:00:43:152 570912 571520 1
10-07-2017-14:00:43:153 571520 572128 1
10-07-2017-14:00:43:153 572128 572736 1
10-07-2017-14:00:43:153 572736 573344 1
10-07-2017-14:00:43:153 573344 573952 1
10-07-2017-14:00:43:154 573952 574560 1
10-07-2017-14:00:43:154 574560 575168 1
10-07-2017-14:00:43:154 575168 575776 1
10-07-2017-14:00:43:154 575776 576384 1
10-07-2017-14:00:43:180 576384 576992 1
10-07-2017-14:00:43:206 576992 577600 1
10-07-2017-14:00:43:241 577600 578208 1
10-07-2017-14:00:43:284 578208 578816 1
10-07-2017-14:00:43:323 578816 579424 1
10-07-2017-14:00:43:359 579424 580032 1
10-07-2017-14:00:43:399 580032 580640 1
10-07-2017-14:00:43:449 580640 581248 1
10-07-2017-14:00:43:470 581248 581856 1
10-07-2017-14:00:43:509 581856 582464 1
10-07-2017-14:00:43:546 582464 583072 1
10-07-2017-14:00:43:595 583072 583680 1
10-07-2017-14:00:43:635 583680 584288 1
10-07-2017-14:00:43:662 584288 584896 1
10-07-2017-14:00:43:698 584896 585504 1
10-07-2017-14:00:43:738 585504 586112 1
10-07-2017-14:00:43:804 586112 586720 1
10-07-2017-14:00:43:825 586720 587328 1
10-07-2017-14:00:43:855 587328 587936 1
10-07-2017-14:00:43:890 587936 588544 1
10-07-2017-14:00:43:930 588544 589152 1
10-07-2017-14:00:43:964 589152 589760 1
10-07-2017-14:00:44:002 589760 590368 1
10-07-2017-14:00:44:042 590368 590976 1
10-07-2017-14:00:44:088 590976 591584 1
10-07-2017-14:00:44:116 591584 592192 1
10-07-2017-14:00:44:156 592192 592800 1
10-07-2017-14:00:44:195 592800 593408 1
10-07-2017-14:00:44:240 593408 594016 1
10-07-2017-14:00:44:275 594016 594624 1
10-07-2017-14:00:44:312 594624 595232 1
10-07-2017-14:00:44:352 595232 595840 1
10-07-2017-14:00:44:406 595840 596448 1
10-07-2017-14:00:44:422 596448 597056 1
10-07-2017-14:00:44:466 597056 597664 1
10-07-2017-14:00:44:503 597664 598272 1
10-07-2017-14:00:44:543 598272 598880 1
10-07-2017-14:00:44:571 598880 599488 1
10-07-2017-14:00:44:640 599488 600096 1
10-07-2017-14:00:44:655 600096 600704 1
10-07-2017-14:00:44:688 600704 601312 1
10-07-2017-14:00:44:735 601312 601920 1
10-07-2017-14:00:44:770 601920 602528 1
10-07-2017-14:00:44:808 602528 603136 1
10-07-2017-14:00:44:845 603136 603744 1
10-07-2017-14:00:44:884 603744 604352 1
10-07-2017-14:00:44:942 604352 604960 1
10-07-2017-14:00:44:956 604960 605568 1
10-07-2017-14:00:44:994 605568 606176 1
10-07-2017-14:00:45:030 606176 606784 1
10-07-2017-14:00:45:066 606784 607392 1
10-07-2017-14:00:45:112 607392 608000 1
10-07-2017-14:00:45:146 608000 608608 1
10-07-2017-14:00:45:182 608608 609216 1
10-07-2017-14:00:45:230 609216 609824 1
10-07-2017-14:00:45:262 609824 610432 1
10-07-2017-14:00:45:302 610432 611040 1
10-07-2017-14:00:45:332 611040 611648 1
10-07-2017-14:00:45:380 611648 612256 1
10-07-2017-14:00:45:424 612256 612864 1
10-07-2017-14:00:45:447 612864 613472 1
10-07-2017-14:00:45:483 613472 614080 1
10-07-2017-14:00:45:561 614080 614688 1
10-07-2017-14:00:45:573 614688 615296 1
10-07-2017-14:00:45:628 615296 615904 1
10-07-2017-14:00:45:635 615904 616512 1
10-07-2017-14:00:45:682 616512 617120 1
10-07-2017-14:00:45:716 617120 617728 1
10-07-2017-14:00:45:761 617728 618336 1
10-07-2017-14:00:45:800 618336 618944 1
10-07-2017-14:00:45:844 618944 619552 1
10-07-2017-14:00:45:877 619552 620160 1
10-07-2017-14:00:45:913 620160 620768 1
10-07-2017-14:00:45:948 620768 621376 1
10-07-2017-14:00:45:988 621376 621984 1
10-07-2017-14:00:46:057 621984 622592 1
10-07-2017-14:00:46:070 622592 623200 1
10-07-2017-14:00:46:105 623200 623808 1
10-07-2017-14:00:46:139 623808 624416 1
10-07-2017-14:00:46:174 624416 625024 1
10-07-2017-14:00:46:829 625024 625632 1
10-07-2017-14:00:46:833 625632 626240 1
10-07-2017-14:00:46:833 626240 626848 1
10-07-2017-14:00:46:833 626848 627456 1
10-07-2017-14:00:46:834 627456 628064 1
10-07-2017-14:00:46:834 628064 628672 1
10-07-2017-14:00:46:834 628672 629280 1
10-07-2017-14:00:46:834 629280 629888 1
10-07-2017-14:00:46:834 629888 630496 1
10-07-2017-14:00:46:835 630496 631104 1
10-07-2017-14:00:46:835 631104 631712 1
10-07-2017-14:00:46:835 631712 632320 1
10-07-2017-14:00:46:835 632320 632928 1
10-07-2017-14:00:46:835 632928 633536 1
10-07-2017-14:00:46:836 633536 634144 1
10-07-2017-14:00:46:836 634144 634752 1
10-07-2017-14:00:46:836 634752 635360 1
10-07-2017-14:00:46:878 635360 635968 1
10-07-2017-14:00:46:894 635968 636576 1
10-07-2017-14:00:46:934 636576 637184 1
10-07-2017-14:00:46:973 637184 637792 1
10-07-2017-14:00:47:010 637792 638400 1
10-07-2017-14:00:47:045 638400 639008 1
10-07-2017-14:00:47:091 639008 639616 1
10-07-2017-14:00:47:127 639616 640224 1
10-07-2017-14:00:47:203 640224 640832 1
10-07-2017-14:00:47:203 640832 641440 1
10-07-2017-14:00:47:236 641440 642048 1
10-07-2017-14:00:47:278 642048 642656 1
10-07-2017-14:00:47:319 642656 643264 1
10-07-2017-14:00:47:354 643264 643872 1
10-07-2017-14:00:47:391 643872 644480 1
10-07-2017-14:00:47:425 644480 645088 1
10-07-2017-14:00:47:471 645088 645696 1
10-07-2017-14:00:47:505 645696 646304 1
10-07-2017-14:00:47:552 646304 646912 1
10-07-2017-14:00:47:575 646912 647520 1
10-07-2017-14:00:47:620 647520 648128 1
10-07-2017-14:00:47:657 648128 648736 1
10-07-2017-14:00:47:689 648736 649344 1
10-07-2017-14:00:47:748 649344 649952 1
10-07-2017-14:00:47:769 649952 650560 1
10-07-2017-14:00:47:805 650560 651168 1
10-07-2017-14:00:47:850 651168 651776 1
10-07-2017-14:00:47:883 651776 652384 1
10-07-2017-14:00:47:921 652384 652992 1
10-07-2017-14:00:47:964 652992 653600 1
10-07-2017-14:00:47:999 653600 654208 1
10-07-2017-14:00:48:061 654208 654816 1
10-07-2017-14:00:48:080 654816 655424 1
10-07-2017-14:00:48:107 655424 656032 1
10-07-2017-14:00:48:143 656032 656640 1
10-07-2017-14:00:48:196 656640 657248 1
10-07-2017-14:00:48:223 657248 657856 1
10-07-2017-14:00:48:260 657856 658464 1
10-07-2017-14:00:48:312 658464 659072 1
10-07-2017-14:00:48:334 659072 659680 1
10-07-2017-14:00:48:414 659680 660288 1
10-07-2017-14:00:48:414 660288 660896 1
10-07-2017-14:00:48:456 660896 661504 1
10-07-2017-14:00:48:490 661504 662112 1
10-07-2017-14:00:48:527 662112 662720 1
10-07-2017-14:00:48:571 662720 663328 1
10-07-2017-14:00:48:607 663328 663936 1
10-07-2017-14:00:48:642 663936 664544 1
10-07-2017-14:00:48:683 664544 665152 1
10-07-2017-14:00:48:720 665152 665760 1
10-07-2017-14:00:48:760 665760 666368 1
10-07-2017-14:00:48:789 666368 666976 1
10-07-2017-14:00:48:834 666976 667584 1
10-07-2017-14:00:48:869 667584 668192 1
10-07-2017-14:00:48:905 668192 668800 1
10-07-2017-14:00:48:946 668800 669408 1
10-07-2017-14:00:48:980 669408 670016 1
10-07-2017-14:00:49:032 670016 670624 1
10-07-2017-14:00:49:061 670624 671232 1
10-07-2017-14:00:49:100 671232 671840 1
10-07-2017-14:00:49:137 671840 672448 1
10-07-2017-14:00:49:174 672448 673056 1
10-07-2017-14:00:49:208 673056 673664 1
10-07-2017-14:00:49:256 673664 674272 1
10-07-2017-14:00:49:289 674272 674880 1
10-07-2017-14:00:49:347 674880 675488 1
10-07-2017-14:00:49:422 675488 676096 1
10-07-2017-14:00:49:422 676096 676704 1
10-07-2017-14:00:49:444 676704 677312 1
10-07-2017-14:00:49:481 677312 677920 1
10-07-2017-14:00:49:515 677920 678528 1
10-07-2017-14:00:49:561 678528 679136 1
10-07-2017-14:00:49:610 679136 679744 1
10-07-2017-14:00:49:653 679744 680352 1
10-07-2017-14:00:49:671 680352 680960 1
10-07-2017-14:00:49:714 680960 681568 1
10-07-2017-14:00:49:748 681568 682176 1
10-07-2017-14:00:49:787 682176 682784 1
10-07-2017-14:00:49:820 682784 683392 1
10-07-2017-14:00:50:305 683392 684000 1
10-07-2017-14:00:50:309 684000 684608 1
10-07-2017-14:00:50:309 684608 685216 1
10-07-2017-14:00:50:310 685216 685824 1
10-07-2017-14:00:50:310 685824 686432 1
10-07-2017-14:00:50:310 686432 687040 1
10-07-2017-14:00:50:310 687040 687648 1
10-07-2017-14:00:50:310 687648 688256 1
10-07-2017-14:00:50:311 688256 688864 1
10-07-2017-14:00:50:311 688864 689472 1
10-07-2017-14:00:50:311 689472 690080 1
10-07-2017-14:00:50:311 690080 690688 1
10-07-2017-14:00:50:322 690688 691296 1
10-07-2017-14:00:50:356 691296 691904 1
10-07-2017-14:00:50:392 691904 692512 1
10-07-2017-14:00:50:426 692512 693120 1
10-07-2017-14:00:50:473 693120 693728 1
10-07-2017-14:00:50:509 693728 694336 1
10-07-2017-14:00:50:545 694336 694944 1
10-07-2017-14:00:50:583 694944 695552 1
10-07-2017-14:00:50:649 695552 696160 1
10-07-2017-14:00:50:651 696160 696768 1
10-07-2017-14:00:50:691 696768 697376 1
10-07-2017-14:00:50:727 697376 697984 1
10-07-2017-14:00:50:775 697984 698592 1
10-07-2017-14:00:50:820 698592 699200 1
10-07-2017-14:00:50:842 699200 699808 1
10-07-2017-14:00:50:891 699808 700416 1
10-07-2017-14:00:50:926 700416 701024 1
10-07-2017-14:00:51:012 701024 701632 1
10-07-2017-14:00:51:013 701632 702240 1
10-07-2017-14:00:51:044 702240 702848 1
10-07-2017-14:00:51:072 702848 703456 1
10-07-2017-14:00:51:110 703456 704064 1
10-07-2017-14:00:51:147 704064 704672 1
10-07-2017-14:00:51:282 704672 705280 1
10-07-2017-14:00:51:282 705280 705888 1
10-07-2017-14:00:51:283 705888 706496 1
10-07-2017-14:00:51:298 706496 707104 1
10-07-2017-14:00:51:341 707104 707712 1
10-07-2017-14:00:51:383 707712 708320 1
10-07-2017-14:00:51:418 708320 708928 1
10-07-2017-14:00:51:454 708928 709536 1
10-07-2017-14:00:51:520 709536 710144 1
10-07-2017-14:00:51:534 710144 710752 1
10-07-2017-14:00:51:570 710752 711360 1
10-07-2017-14:00:51:611 711360 711968 1
10-07-2017-14:00:51:651 711968 712576 1
10-07-2017-14:00:51:685 712576 713184 1
10-07-2017-14:00:51:723 713184 713792 1
10-07-2017-14:00:51:758 713792 714400 1
10-07-2017-14:00:51:825 714400 715008 1
10-07-2017-14:00:51:838 715008 715616 1
10-07-2017-14:00:51:874 715616 716224 1
10-07-2017-14:00:51:915 716224 716832 1
10-07-2017-14:00:51:952 716832 717440 1
10-07-2017-14:00:51:990 717440 718048 1
10-07-2017-14:00:52:041 718048 718656 1
10-07-2017-14:00:52:474 718656 719264 1
10-07-2017-14:00:52:480 719264 719872 1
10-07-2017-14:00:52:481 719872 720480 1
10-07-2017-14:00:52:481 720480 721088 1
10-07-2017-14:00:52:481 721088 721696 1
10-07-2017-14:00:52:481 721696 722304 1
10-07-2017-14:00:52:481 722304 722912 1
10-07-2017-14:00:52:482 722912 723520 1
10-07-2017-14:00:52:482 723520 724128 1
10-07-2017-14:00:52:482 724128 724736 1
10-07-2017-14:00:52:483 724736 725344 1
10-07-2017-14:00:52:483 725344 725952 1
10-07-2017-14:00:52:523 725952 726560 1
10-07-2017-14:00:52:559 726560 727168 1
10-07-2017-14:00:52:595 727168 727776 1
10-07-2017-14:00:52:641 727776 728384 1
10-07-2017-14:00:52:670 728384 728992 1
10-07-2017-14:00:52:713 728992 729600 1
10-07-2017-14:00:52:750 729600 730208 1
10-07-2017-14:00:52:784 730208 730816 1
10-07-2017-14:00:52:838 730816 731424 1
10-07-2017-14:00:52:873 731424 732032 1
10-07-2017-14:00:52:966 732032 732640 1
10-07-2017-14:00:52:967 732640 733248 1
10-07-2017-14:00:52:977 733248 733856 1
10-07-2017-14:00:53:018 733856 734464 1
10-07-2017-14:00:53:058 734464 735072 1
10-07-2017-14:00:53:086 735072 735680 1
10-07-2017-14:00:53:135 735680 736288 1
10-07-2017-14:00:53:187 736288 736896 1
10-07-2017-14:00:53:217 736896 737504 1
10-07-2017-14:00:53:243 737504 738112 1
10-07-2017-14:00:53:280 738112 738720 1
10-07-2017-14:00:53:324 738720 739328 1
10-07-2017-14:00:53:361 739328 739936 1
10-07-2017-14:00:53:394 739936 740544 1
10-07-2017-14:00:53:560 740544 741152 1
10-07-2017-14:00:53:561 741152 741760 1
10-07-2017-14:00:53:562 741760 742368 1
10-07-2017-14:00:53:562 742368 742976 1
10-07-2017-14:00:53:585 742976 743584 1
10-07-2017-14:00:53:621 743584 744192 1
10-07-2017-14:00:53:661 744192 744800 1
10-07-2017-14:00:53:701 744800 745408 1
10-07-2017-14:00:53:737 745408 746016 1
10-07-2017-14:00:53:778 746016 746624 1
10-07-2017-14:00:53:865 746624 747232 1
10-07-2017-14:00:53:866 747232 747840 1
10-07-2017-14:00:53:917 747840 748448 1
10-07-2017-14:00:53:927 748448 749056 1
10-07-2017-14:00:53:958 749056 749664 1
10-07-2017-14:00:54:006 749664 750272 1
10-07-2017-14:00:54:038 750272 750880 1
10-07-2017-14:00:54:074 750880 751488 1
10-07-2017-14:00:54:110 751488 752096 1
10-07-2017-14:00:54:154 752096 752704 1
10-07-2017-14:00:54:405 752704 753312 1
10-07-2017-14:00:54:405 753312 753920 1
10-07-2017-14:00:54:406 753920 754528 1
10-07-2017-14:00:54:406 754528 755136 1
10-07-2017-14:00:54:407 755136 755744 1
10-07-2017-14:00:54:407 755744 756352 1
10-07-2017-14:00:54:416 756352 756960 1
10-07-2017-14:00:54:454 756960 757568 1
10-07-2017-14:00:54:550 757568 758176 1
10-07-2017-14:00:54:550 758176 758784 1
10-07-2017-14:00:54:579 758784 759392 1
10-07-2017-14:00:54:605 759392 760000 1
10-07-2017-14:00:54:642 760000 760608 1
10-07-2017-14:00:54:689 760608 761216 1
10-07-2017-14:00:54:725 761216 761824 1
10-07-2017-14:00:54:770 761824 762432 1
10-07-2017-14:00:54:822 762432 763040 1
10-07-2017-14:00:54:863 763040 763648 1
10-07-2017-14:00:54:904 763648 764256 1
10-07-2017-14:00:54:921 764256 764864 1
10-07-2017-14:00:54:956 764864 765472 1
10-07-2017-14:00:54:991 765472 766080 1
10-07-2017-14:00:55:027 766080 766688 1
10-07-2017-14:00:55:127 766688 767296 1
10-07-2017-14:00:55:127 767296 767904 1
10-07-2017-14:00:55:143 767904 768512 1
10-07-2017-14:00:55:178 768512 769120 1
10-07-2017-14:00:55:223 769120 769728 1
10-07-2017-14:00:55:252 769728 770336 1
10-07-2017-14:00:55:298 770336 770944 1
10-07-2017-14:00:55:334 770944 771552 1
10-07-2017-14:00:55:368 771552 772160 1
10-07-2017-14:00:55:820 772160 772768 1
10-07-2017-14:00:55:823 772768 773376 1
10-07-2017-14:00:55:824 773376 773984 1
10-07-2017-14:00:55:824 773984 774592 1
10-07-2017-14:00:55:825 774592 775200 1
10-07-2017-14:00:55:825 775200 775808 1
10-07-2017-14:00:55:825 775808 776416 1
10-07-2017-14:00:55:825 776416 777024 1
10-07-2017-14:00:55:825 777024 777632 1
10-07-2017-14:00:55:826 777632 778240 1
10-07-2017-14:00:55:826 778240 778848 1
10-07-2017-14:00:55:843 778848 779456 1
10-07-2017-14:00:55:858 779456 780064 1
10-07-2017-14:00:55:906 780064 780672 1
10-07-2017-14:00:55:939 780672 781280 1
10-07-2017-14:00:55:974 781280 781888 1
10-07-2017-14:00:56:016 781888 782496 1
10-07-2017-14:00:56:052 782496 783104 1
10-07-2017-14:00:56:089 783104 783712 1
10-07-2017-14:00:56:152 783712 784320 1
10-07-2017-14:00:56:178 784320 784928 1
10-07-2017-14:00:56:214 784928 785536 1
10-07-2017-14:00:56:242 785536 786144 1
10-07-2017-14:00:56:277 786144 786752 1
10-07-2017-14:00:56:324 786752 787360 1
10-07-2017-14:00:56:353 787360 787968 1
10-07-2017-14:00:56:396 787968 788576 1
10-07-2017-14:00:56:433 788576 789184 1
10-07-2017-14:00:56:467 789184 789792 1
10-07-2017-14:00:56:512 789792 790400 1
10-07-2017-14:00:56:547 790400 791008 1
10-07-2017-14:00:56:583 791008 791616 1
10-07-2017-14:00:56:629 791616 792224 1
10-07-2017-14:00:56:663 792224 792832 1
10-07-2017-14:00:56:697 792832 793440 1
10-07-2017-14:00:56:734 793440 794048 1
10-07-2017-14:00:56:777 794048 794656 1
10-07-2017-14:00:56:821 794656 795264 1
10-07-2017-14:00:56:849 795264 795872 1
10-07-2017-14:00:56:885 795872 796480 1
10-07-2017-14:00:56:929 796480 797088 1
10-07-2017-14:00:56:975 797088 797696 1
10-07-2017-14:00:57:008 797696 798304 1
10-07-2017-14:00:57:041 798304 798912 1
10-07-2017-14:00:57:087 798912 799520 1
10-07-2017-14:00:57:122 799520 800128 1
10-07-2017-14:00:57:249 800128 800736 1
10-07-2017-14:00:57:253 800736 801344 1
10-07-2017-14:00:57:253 801344 801952 1
10-07-2017-14:00:57:277 801952 802560 1
10-07-2017-14:00:57:309 802560 803168 1
10-07-2017-14:00:57:354 803168 803776 1
10-07-2017-14:00:57:381 803776 804384 1
10-07-2017-14:00:57:419 804384 804992 1
10-07-2017-14:00:57:455 804992 805600 1
10-07-2017-14:00:57:497 805600 806208 1
10-07-2017-14:00:57:533 806208 806816 1
10-07-2017-14:00:57:569 806816 807424 1
10-07-2017-14:00:57:613 807424 808032 1
10-07-2017-14:00:57:651 808032 808640 1
10-07-2017-14:00:57:686 808640 809248 1
10-07-2017-14:00:57:731 809248 809856 1
10-07-2017-14:00:57:769 809856 810464 1
10-07-2017-14:00:57:804 810464 811072 1
10-07-2017-14:00:57:841 811072 811680 1
10-07-2017-14:00:57:881 811680 812288 1
10-07-2017-14:00:57:917 812288 812896 1
10-07-2017-14:00:57:951 812896 813504 1
10-07-2017-14:00:57:996 813504 814112 1
10-07-2017-14:00:58:032 814112 814720 1
10-07-2017-14:00:58:069 814720 815328 1
10-07-2017-14:00:58:112 815328 815936 1
10-07-2017-14:00:58:147 815936 816544 1
10-07-2017-14:00:58:182 816544 817152 1
10-07-2017-14:00:58:226 817152 817760 1
10-07-2017-14:00:58:263 817760 818368 1
10-07-2017-14:00:58:298 818368 818976 1
10-07-2017-14:00:58:334 818976 819584 1
10-07-2017-14:00:58:372 819584 820192 1
10-07-2017-14:00:58:416 820192 820800 1
10-07-2017-14:00:58:450 820800 821408 1
10-07-2017-14:00:58:481 821408 822016 1
10-07-2017-14:00:58:518 822016 822624 1
10-07-2017-14:00:58:570 822624 823200 1
10-07-2017-14:00:58:602 823200 823776 1
10-07-2017-14:00:58:632 823776 824352 1
10-07-2017-14:00:58:674 824352 824928 1
10-07-2017-14:00:58:706 824928 825504 1
10-07-2017-14:00:58:740 825504 826080 1
10-07-2017-14:00:58:778 826080 826656 1
10-07-2017-14:00:58:812 826656 827232 1
10-07-2017-14:00:58:847 827232 827808 1
10-07-2017-14:00:58:885 827808 828384 1
10-07-2017-14:00:58:920 828384 828960 1
10-07-2017-14:00:58:969 828960 829536 1
10-07-2017-14:00:58:996 829536 830112 1
10-07-2017-14:00:59:027 830112 830688 1
10-07-2017-14:00:59:284 830688 831264 1
10-07-2017-14:00:59:288 831264 831840 1
10-07-2017-14:00:59:288 831840 832416 1
10-07-2017-14:00:59:291 832416 832992 1
10-07-2017-14:00:59:291 832992 833568 1
10-07-2017-14:00:59:291 833568 834144 1
10-07-2017-14:00:59:291 834144 834720 1
10-07-2017-14:00:59:315 834720 835296 1
10-07-2017-14:00:59:351 835296 835872 1
10-07-2017-14:00:59:386 835872 836448 1
10-07-2017-14:00:59:418 836448 837024 1
10-07-2017-14:00:59:454 837024 837600 1
10-07-2017-14:00:59:490 837600 838176 1
10-07-2017-14:00:59:531 838176 838752 1
10-07-2017-14:00:59:575 838752 839328 1
10-07-2017-14:00:59:606 839328 839904 1
10-07-2017-14:00:59:652 839904 840480 1
10-07-2017-14:00:59:673 840480 841056 1
10-07-2017-14:00:59:735 841056 841632 1
10-07-2017-14:00:59:757 841632 842208 1
10-07-2017-14:00:59:819 842208 842784 1
10-07-2017-14:00:59:819 842784 843360 1
10-07-2017-14:00:59:864 843360 843936 1
10-07-2017-14:00:59:886 843936 844512 1
10-07-2017-14:00:59:921 844512 845088 1
10-07-2017-14:01:00:016 845088 845664 1
10-07-2017-14:01:00:017 845664 846240 1
10-07-2017-14:01:00:031 846240 846816 1
10-07-2017-14:01:00:066 846816 847392 1
10-07-2017-14:01:00:106 847392 847968 1
10-07-2017-14:01:00:142 847968 848544 1
10-07-2017-14:01:00:179 848544 849120 1
10-07-2017-14:01:00:252 849120 849696 1
10-07-2017-14:01:00:252 849696 850272 1
10-07-2017-14:01:00:283 850272 850848 1
10-07-2017-14:01:00:327 850848 851424 1
10-07-2017-14:01:00:361 851424 852000 1
10-07-2017-14:01:00:399 852000 852576 1
10-07-2017-14:01:00:426 852576 853152 1
10-07-2017-14:01:00:466 853152 853728 1
10-07-2017-14:01:00:514 853728 854304 1
10-07-2017-14:01:00:591 854304 854880 1
10-07-2017-14:01:00:592 854880 855456 1
10-07-2017-14:01:00:605 855456 856032 1
10-07-2017-14:01:00:645 856032 856608 1
10-07-2017-14:01:00:681 856608 857184 1
10-07-2017-14:01:00:717 857184 857760 1
10-07-2017-14:01:00:751 857760 858336 1
10-07-2017-14:01:00:872 858336 858912 1
10-07-2017-14:01:00:873 858912 859488 1
10-07-2017-14:01:00:873 859488 860064 1
10-07-2017-14:01:00:903 860064 860640 1
10-07-2017-14:01:00:933 860640 861216 1
10-07-2017-14:01:00:970 861216 861792 1
10-07-2017-14:01:01:010 861792 862368 1
10-07-2017-14:01:01:341 862368 862944 1
10-07-2017-14:01:01:344 862944 863520 1
10-07-2017-14:01:01:345 863520 864096 1
10-07-2017-14:01:01:345 864096 864672 1
10-07-2017-14:01:01:345 864672 865248 1
10-07-2017-14:01:01:345 865248 865824 1
10-07-2017-14:01:01:345 865824 866400 1
10-07-2017-14:01:01:346 866400 866976 1
10-07-2017-14:01:01:346 866976 867552 1
10-07-2017-14:01:01:371 867552 868128 1
10-07-2017-14:01:01:409 868128 868704 1
10-07-2017-14:01:01:436 868704 869280 1
10-07-2017-14:01:01:476 869280 869856 1
10-07-2017-14:01:01:512 869856 870432 1
10-07-2017-14:01:01:565 870432 871008 1
10-07-2017-14:01:01:580 871008 871584 1
10-07-2017-14:01:01:619 871584 872160 1
10-07-2017-14:01:01:654 872160 872736 1
10-07-2017-14:01:01:705 872736 873312 1
10-07-2017-14:01:01:735 873312 873888 1
10-07-2017-14:01:01:757 873888 874464 1
10-07-2017-14:01:01:799 874464 875040 1
10-07-2017-14:01:01:828 875040 875616 1
10-07-2017-14:01:01:880 875616 876192 1
10-07-2017-14:01:01:909 876192 876768 1
10-07-2017-14:01:01:945 876768 877344 1
10-07-2017-14:01:01:980 877344 877920 1
10-07-2017-14:01:02:013 877920 878496 1
10-07-2017-14:01:02:049 878496 879072 1
10-07-2017-14:01:02:085 879072 879648 1
10-07-2017-14:01:02:121 879648 880224 1
10-07-2017-14:01:02:170 880224 880800 1
10-07-2017-14:01:02:205 880800 881376 1
10-07-2017-14:01:02:229 881376 881952 1
10-07-2017-14:01:02:284 881952 882528 1
10-07-2017-14:01:02:308 882528 883104 1
10-07-2017-14:01:02:344 883104 883680 1
10-07-2017-14:01:02:408 883680 884256 1
10-07-2017-14:01:02:419 884256 884832 1
10-07-2017-14:01:02:453 884832 885408 1
10-07-2017-14:01:02:485 885408 885984 1
10-07-2017-14:01:02:520 885984 886560 1
10-07-2017-14:01:02:552 886560 887136 1
10-07-2017-14:01:02:596 887136 887712 1
10-07-2017-14:01:02:629 887712 888288 1
10-07-2017-14:01:02:724 888288 888864 1
10-07-2017-14:01:02:726 888864 889440 1
10-07-2017-14:01:02:741 889440 890016 1
10-07-2017-14:01:02:774 890016 890592 1
10-07-2017-14:01:03:026 890592 891168 1
10-07-2017-14:01:03:030 891168 891744 1
10-07-2017-14:01:03:030 891744 892320 1
10-07-2017-14:01:03:030 892320 892896 1
10-07-2017-14:01:03:031 892896 893472 1
10-07-2017-14:01:03:031 893472 894048 1
10-07-2017-14:01:03:031 894048 894624 1
10-07-2017-14:01:03:055 894624 895200 1
10-07-2017-14:01:03:089 895200 895776 1
10-07-2017-14:01:03:133 895776 896352 1
10-07-2017-14:01:03:171 896352 896928 1
10-07-2017-14:01:03:205 896928 897504 1
10-07-2017-14:01:03:244 897504 898080 1
10-07-2017-14:01:03:273 898080 898656 1
10-07-2017-14:01:03:309 898656 899232 1
10-07-2017-14:01:03:352 899232 899808 1
10-07-2017-14:01:03:385 899808 900384 1
10-07-2017-14:01:03:422 900384 900960 1
10-07-2017-14:01:03:456 900960 901536 1
10-07-2017-14:01:03:490 901536 902112 1
10-07-2017-14:01:03:528 902112 902688 1
10-07-2017-14:01:03:566 902688 903264 1
10-07-2017-14:01:03:597 903264 903840 1
10-07-2017-14:01:03:643 903840 904416 1
10-07-2017-14:01:03:679 904416 904992 1
10-07-2017-14:01:03:712 904992 905568 1
10-07-2017-14:01:03:747 905568 906144 1
10-07-2017-14:01:03:777 906144 906720 1
10-07-2017-14:01:03:816 906720 907296 1
10-07-2017-14:01:03:850 907296 907872 1
10-07-2017-14:01:03:890 907872 908448 1
10-07-2017-14:01:03:930 908448 909024 1
10-07-2017-14:01:03:958 909024 909600 1
10-07-2017-14:01:03:990 909600 910176 1
10-07-2017-14:01:04:032 910176 910752 1
10-07-2017-14:01:04:066 910752 911328 1
10-07-2017-14:01:04:107 911328 911904 1
10-07-2017-14:01:04:142 911904 912480 1
10-07-2017-14:01:04:191 912480 913056 1
10-07-2017-14:01:04:213 913056 913632 1
10-07-2017-14:01:04:246 913632 914208 1
10-07-2017-14:01:04:280 914208 914784 1
10-07-2017-14:01:04:335 914784 915360 1
10-07-2017-14:01:04:362 915360 915936 1
10-07-2017-14:01:04:398 915936 916512 1
10-07-2017-14:01:04:433 916512 917088 1
10-07-2017-14:01:04:464 917088 917664 1
10-07-2017-14:01:04:501 917664 918240 1
10-07-2017-14:01:04:537 918240 918816 1
10-07-2017-14:01:04:595 918816 919392 1
10-07-2017-14:01:04:611 919392 919968 1
10-07-2017-14:01:04:638 919968 920544 1
10-07-2017-14:01:04:675 920544 921120 1
10-07-2017-14:01:04:711 921120 921696 1
10-07-2017-14:01:04:751 921696 922272 1
10-07-2017-14:01:04:792 922272 922848 1
10-07-2017-14:01:04:828 922848 923424 1
10-07-2017-14:01:04:862 923424 924000 1
10-07-2017-14:01:04:903 924000 924576 1
10-07-2017-14:01:04:932 924576 925152 1
10-07-2017-14:01:04:967 925152 925728 1
10-07-2017-14:01:05:008 925728 926304 1
10-07-2017-14:01:05:047 926304 926880 1
10-07-2017-14:01:05:070 926880 927456 1
10-07-2017-14:01:05:111 927456 928032 1
10-07-2017-14:01:05:143 928032 928608 1
10-07-2017-14:01:05:190 928608 929184 1
10-07-2017-14:01:05:218 929184 929760 1
10-07-2017-14:01:05:259 929760 930336 1
10-07-2017-14:01:05:292 930336 930912 1
10-07-2017-14:01:05:324 930912 931488 1
10-07-2017-14:01:05:358 931488 932064 1
10-07-2017-14:01:05:404 932064 932640 1
10-07-2017-14:01:05:438 932640 933216 1
10-07-2017-14:01:05:474 933216 933792 1
10-07-2017-14:01:05:515 933792 934368 1
10-07-2017-14:01:05:540 934368 934944 1
10-07-2017-14:01:05:582 934944 935520 1
10-07-2017-14:01:05:616 935520 936096 1
10-07-2017-14:01:05:654 936096 936672 1
10-07-2017-14:01:05:690 936672 937248 1
10-07-2017-14:01:05:732 937248 937824 1
10-07-2017-14:01:05:756 937824 938400 1
10-07-2017-14:01:05:792 938400 938976 1
10-07-2017-14:01:05:828 938976 939552 1
10-07-2017-14:01:05:868 939552 940128 1
10-07-2017-14:01:05:907 940128 940704 1
10-07-2017-14:01:05:943 940704 941280 1
10-07-2017-14:01:05:978 941280 941856 1
10-07-2017-14:01:06:019 941856 942432 1
10-07-2017-14:01:06:544 942432 943008 1
10-07-2017-14:01:06:548 943008 943584 1
10-07-2017-14:01:06:548 943584 944160 1
10-07-2017-14:01:06:549 944160 944736 1
10-07-2017-14:01:06:549 944736 945312 1
10-07-2017-14:01:06:549 945312 945888 1
10-07-2017-14:01:06:549 945888 946464 1
10-07-2017-14:01:06:549 946464 947040 1
10-07-2017-14:01:06:549 947040 947616 1
10-07-2017-14:01:06:550 947616 948192 1
10-07-2017-14:01:06:550 948192 948768 1
10-07-2017-14:01:06:550 948768 949344 1
10-07-2017-14:01:06:550 949344 949920 1
10-07-2017-14:01:06:550 949920 950496 1
10-07-2017-14:01:06:550 950496 951072 1
10-07-2017-14:01:06:587 951072 951648 1
10-07-2017-14:01:06:623 951648 952224 1
10-07-2017-14:01:06:666 952224 952800 1
10-07-2017-14:01:06:690 952800 953376 1
10-07-2017-14:01:06:736 953376 953952 1
10-07-2017-14:01:06:771 953952 954528 1
10-07-2017-14:01:06:807 954528 955104 1
10-07-2017-14:01:06:854 955104 955680 1
10-07-2017-14:01:06:907 955680 956256 1
10-07-2017-14:01:06:910 956256 956832 1
10-07-2017-14:01:06:951 956832 957408 1
10-07-2017-14:01:06:989 957408 957984 1
10-07-2017-14:01:07:024 957984 958560 1
10-07-2017-14:01:07:054 958560 959136 1
10-07-2017-14:01:07:090 959136 959712 1
10-07-2017-14:01:07:124 959712 960288 1
10-07-2017-14:01:07:172 960288 960864 1
10-07-2017-14:01:07:200 960864 961440 1
10-07-2017-14:01:07:231 961440 962016 1
10-07-2017-14:01:07:274 962016 962592 1
10-07-2017-14:01:07:309 962592 963168 1
10-07-2017-14:01:07:346 963168 963744 1
10-07-2017-14:01:07:388 963744 964320 1
10-07-2017-14:01:07:419 964320 964896 1
10-07-2017-14:01:07:468 964896 965472 1
10-07-2017-14:01:07:490 965472 966048 1
10-07-2017-14:01:07:524 966048 966624 1
10-07-2017-14:01:07:564 966624 967200 1
10-07-2017-14:01:07:600 967200 967776 1
10-07-2017-14:01:07:635 967776 968352 1
10-07-2017-14:01:07:664 968352 968928 1
10-07-2017-14:01:07:704 968928 969504 1
10-07-2017-14:01:07:776 969504 970080 1
10-07-2017-14:01:07:779 970080 970656 1
10-07-2017-14:01:07:807 970656 971232 1
10-07-2017-14:01:08:078 971232 971808 1
10-07-2017-14:01:08:082 971808 972384 1
10-07-2017-14:01:08:082 972384 972960 1
10-07-2017-14:01:08:082 972960 973536 1
10-07-2017-14:01:08:083 973536 974112 1
10-07-2017-14:01:08:083 974112 974688 1
10-07-2017-14:01:08:083 974688 975264 1
10-07-2017-14:01:08:098 975264 975840 1
10-07-2017-14:01:08:135 975840 976416 1
10-07-2017-14:01:08:173 976416 976992 1
10-07-2017-14:01:08:201 976992 977568 1
10-07-2017-14:01:08:243 977568 978144 1
10-07-2017-14:01:08:281 978144 978720 1
10-07-2017-14:01:08:318 978720 979296 1
10-07-2017-14:01:08:353 979296 979872 1
10-07-2017-14:01:08:388 979872 980448 1
10-07-2017-14:01:08:434 980448 981024 1
10-07-2017-14:01:08:458 981024 981600 1
10-07-2017-14:01:08:495 981600 982176 1
10-07-2017-14:01:08:534 982176 982752 1
10-07-2017-14:01:08:565 982752 983328 1
10-07-2017-14:01:08:601 983328 983904 1
10-07-2017-14:01:08:633 983904 984480 1
10-07-2017-14:01:08:687 984480 985056 1
10-07-2017-14:01:08:713 985056 985632 1
10-07-2017-14:01:08:749 985632 986208 1
10-07-2017-14:01:08:800 986208 986784 1
10-07-2017-14:01:08:818 986784 987360 1
10-07-2017-14:01:08:853 987360 987936 1
10-07-2017-14:01:08:890 987936 988512 1
10-07-2017-14:01:08:927 988512 989088 1
10-07-2017-14:01:08:958 989088 989664 1
10-07-2017-14:01:08:997 989664 990240 1
10-07-2017-14:01:09:038 990240 990816 1
10-07-2017-14:01:09:075 990816 991392 1
10-07-2017-14:01:09:110 991392 991968 1
10-07-2017-14:01:09:144 991968 992544 1
10-07-2017-14:01:09:177 992544 993120 1
10-07-2017-14:01:09:225 993120 993696 1
10-07-2017-14:01:09:253 993696 994272 1
10-07-2017-14:01:09:290 994272 994848 1
10-07-2017-14:01:09:325 994848 995424 1
10-07-2017-14:01:09:367 995424 996000 1
10-07-2017-14:01:09:394 996000 996576 1
10-07-2017-14:01:09:432 996576 997152 1
10-07-2017-14:01:09:464 997152 997728 1
10-07-2017-14:01:09:508 997728 998304 1
10-07-2017-14:01:09:551 998304 998880 1
10-07-2017-14:01:09:578 998880 999456 1
10-07-2017-14:01:09:612 999456 1000032 1
10-07-2017-14:01:09:649 1000032 1000608 1
10-07-2017-14:01:09:685 1000608 1001184 1
10-07-2017-14:01:09:732 1001184 1001760 1
10-07-2017-14:01:09:749 1001760 1002336 1
10-07-2017-14:01:09:790 1002336 1002912 1
10-07-2017-14:01:09:824 1002912 1003488 1
10-07-2017-14:01:10:030 1003488 1004064 1
10-07-2017-14:01:10:034 1004064 1004640 1
10-07-2017-14:01:10:034 1004640 1005216 1
10-07-2017-14:01:10:034 1005216 1005792 1
10-07-2017-14:01:10:034 1005792 1006368 1
10-07-2017-14:01:10:046 1006368 1006944 1
10-07-2017-14:01:10:083 1006944 1007520 1
10-07-2017-14:01:10:116 1007520 1008096 1
10-07-2017-14:01:10:150 1008096 1008672 1
10-07-2017-14:01:10:193 1008672 1009248 1
10-07-2017-14:01:10:227 1009248 1009824 1
10-07-2017-14:01:10:258 1009824 1010400 1
10-07-2017-14:01:10:295 1010400 1010976 1
10-07-2017-14:01:10:331 1010976 1011552 1
10-07-2017-14:01:10:376 1011552 1012128 1
10-07-2017-14:01:10:397 1012128 1012704 1
10-07-2017-14:01:10:433 1012704 1013280 1
10-07-2017-14:01:10:469 1013280 1013856 1
10-07-2017-14:01:10:509 1013856 1014432 1
10-07-2017-14:01:10:551 1014432 1015008 1
10-07-2017-14:01:10:585 1015008 1015584 1
10-07-2017-14:01:10:621 1015584 1016160 1
10-07-2017-14:01:10:672 1016160 1016736 1
10-07-2017-14:01:10:689 1016736 1017312 1
10-07-2017-14:01:10:725 1017312 1017888 1
10-07-2017-14:01:10:763 1017888 1018464 1
10-07-2017-14:01:10:805 1018464 1019040 1
10-07-2017-14:01:10:839 1019040 1019616 1
10-07-2017-14:01:10:881 1019616 1020192 1
10-07-2017-14:01:10:919 1020192 1020768 1
10-07-2017-14:01:10:942 1020768 1021344 1
10-07-2017-14:01:10:978 1021344 1021920 1
10-07-2017-14:01:11:013 1021920 1022496 1
10-07-2017-14:01:11:049 1022496 1023072 1
10-07-2017-14:01:11:098 1023072 1023648 1
10-07-2017-14:01:11:121 1023648 1024224 1
10-07-2017-14:01:11:163 1024224 1024800 1
10-07-2017-14:01:11:205 1024800 1025376 1
10-07-2017-14:01:11:225 1025376 1025952 1
10-07-2017-14:01:11:262 1025952 1026528 1
10-07-2017-14:01:11:299 1026528 1027104 1
10-07-2017-14:01:11:351 1027104 1027680 1
10-07-2017-14:01:11:380 1027680 1028256 1
10-07-2017-14:01:11:415 1028256 1028832 1
10-07-2017-14:01:11:456 1028832 1029408 1
10-07-2017-14:01:11:484 1029408 1029984 1
10-07-2017-14:01:11:520 1029984 1030560 1
10-07-2017-14:01:11:554 1030560 1031136 1
10-07-2017-14:01:11:590 1031136 1031712 1
10-07-2017-14:01:11:640 1031712 1032288 1
10-07-2017-14:01:11:662 1032288 1032864 1
10-07-2017-14:01:11:695 1032864 1033440 1
10-07-2017-14:01:11:731 1033440 1034016 1
10-07-2017-14:01:11:769 1034016 1034592 1
10-07-2017-14:01:11:852 1034592 1035168 1
10-07-2017-14:01:11:852 1035168 1035744 1
10-07-2017-14:01:11:890 1035744 1036320 1
10-07-2017-14:01:11:920 1036320 1036896 1
10-07-2017-14:01:11:951 1036896 1037472 1
10-07-2017-14:01:11:989 1037472 1038048 1
10-07-2017-14:01:12:024 1038048 1038624 1
10-07-2017-14:01:12:113 1038624 1039200 1
10-07-2017-14:01:12:113 1039200 1039776 1
10-07-2017-14:01:12:133 1039776 1040352 1
10-07-2017-14:01:12:168 1040352 1040928 1
10-07-2017-14:01:12:206 1040928 1041504 1
10-07-2017-14:01:12:527 1041504 1042080 1
10-07-2017-14:01:12:531 1042080 1042656 1
10-07-2017-14:01:12:532 1042656 1043232 1
10-07-2017-14:01:12:532 1043232 1043808 1
10-07-2017-14:01:12:532 1043808 1044384 1
10-07-2017-14:01:12:532 1044384 1044960 1
10-07-2017-14:01:12:533 1044960 1045536 1
10-07-2017-14:01:12:533 1045536 1046112 1
10-07-2017-14:01:12:533 1046112 1046688 1
10-07-2017-14:01:12:567 1046688 1047264 1
10-07-2017-14:01:12:598 1047264 1047840 1
10-07-2017-14:01:12:634 1047840 1048416 1
10-07-2017-14:01:12:677 1048416 1048992 1
10-07-2017-14:01:12:706 1048992 1049568 1
10-07-2017-14:01:12:772 1049568 1050144 1
10-07-2017-14:01:12:791 1050144 1050720 1
10-07-2017-14:01:12:821 1050720 1051296 1
10-07-2017-14:01:12:852 1051296 1051872 1
10-07-2017-14:01:12:891 1051872 1052448 1
10-07-2017-14:01:12:927 1052448 1053024 1
10-07-2017-14:01:12:962 1053024 1053600 1
10-07-2017-14:01:12:997 1053600 1054176 1
10-07-2017-14:01:13:033 1054176 1054752 1
10-07-2017-14:01:13:066 1054752 1055328 1
10-07-2017-14:01:13:109 1055328 1055904 1
10-07-2017-14:01:13:135 1055904 1056480 1
10-07-2017-14:01:13:171 1056480 1057056 1
10-07-2017-14:01:13:208 1057056 1057632 1
10-07-2017-14:01:13:243 1057632 1058208 1
10-07-2017-14:01:13:287 1058208 1058784 1
10-07-2017-14:01:13:323 1058784 1059360 1
10-07-2017-14:01:13:358 1059360 1059936 1
10-07-2017-14:01:13:387 1059936 1060512 1
10-07-2017-14:01:13:432 1060512 1061088 1
10-07-2017-14:01:13:462 1061088 1061664 1
10-07-2017-14:01:13:501 1061664 1062240 1
10-07-2017-14:01:13:540 1062240 1062816 1
10-07-2017-14:01:13:578 1062816 1063392 1
10-07-2017-14:01:13:614 1063392 1063968 1
10-07-2017-14:01:13:653 1063968 1064544 1
10-07-2017-14:01:13:681 1064544 1065120 1
10-07-2017-14:01:13:716 1065120 1065696 1
10-07-2017-14:01:13:752 1065696 1066272 1
10-07-2017-14:01:13:798 1066272 1066848 1
10-07-2017-14:01:14:091 1066848 1067424 1
10-07-2017-14:01:14:095 1067424 1068000 1
10-07-2017-14:01:14:095 1068000 1068576 1
10-07-2017-14:01:14:096 1068576 1069152 1
10-07-2017-14:01:14:096 1069152 1069728 1
10-07-2017-14:01:14:096 1069728 1070304 1
10-07-2017-14:01:14:096 1070304 1070880 1
10-07-2017-14:01:14:096 1070880 1071456 1
10-07-2017-14:01:14:118 1071456 1072032 1
10-07-2017-14:01:14:152 1072032 1072608 1
10-07-2017-14:01:14:187 1072608 1073184 1
10-07-2017-14:01:14:217 1073184 1073760 1
10-07-2017-14:01:14:268 1073760 1074336 1
10-07-2017-14:01:14:296 1074336 1074912 1
10-07-2017-14:01:14:326 1074912 1075488 1
10-07-2017-14:01:14:365 1075488 1076064 1
10-07-2017-14:01:14:401 1076064 1076640 1
10-07-2017-14:01:14:511 1076640 1077216 1
10-07-2017-14:01:14:511 1077216 1077792 1
10-07-2017-14:01:14:512 1077792 1078368 1
10-07-2017-14:01:14:539 1078368 1078944 1
10-07-2017-14:01:14:579 1078944 1079520 1
10-07-2017-14:01:14:616 1079520 1080096 1
10-07-2017-14:01:14:650 1080096 1080672 1
10-07-2017-14:01:14:737 1080672 1081248 1
10-07-2017-14:01:14:738 1081248 1081824 1
10-07-2017-14:01:14:761 1081824 1082400 1
10-07-2017-14:01:14:790 1082400 1082976 1
10-07-2017-14:01:14:830 1082976 1083552 1
10-07-2017-14:01:14:866 1083552 1084128 1
10-07-2017-14:01:14:902 1084128 1084704 1
10-07-2017-14:01:14:949 1084704 1085280 1
10-07-2017-14:01:14:979 1085280 1085856 1
10-07-2017-14:01:15:013 1085856 1086432 1
10-07-2017-14:01:15:042 1086432 1087008 1
10-07-2017-14:01:15:082 1087008 1087584 1
10-07-2017-14:01:15:121 1087584 1088160 1
10-07-2017-14:01:15:162 1088160 1088736 1
10-07-2017-14:01:15:185 1088736 1089312 1
10-07-2017-14:01:15:222 1089312 1089888 1
10-07-2017-14:01:15:259 1089888 1090464 1
10-07-2017-14:01:15:301 1090464 1091040 1
10-07-2017-14:01:15:339 1091040 1091616 1
10-07-2017-14:01:15:373 1091616 1092192 1
10-07-2017-14:01:15:416 1092192 1092768 1
10-07-2017-14:01:15:451 1092768 1093344 1
10-07-2017-14:01:15:475 1093344 1093920 1
10-07-2017-14:01:15:512 1093920 1094496 1
10-07-2017-14:01:15:546 1094496 1095072 1
10-07-2017-14:01:15:600 1095072 1095648 1
10-07-2017-14:01:15:626 1095648 1096224 1
10-07-2017-14:01:15:663 1096224 1096800 1
10-07-2017-14:01:15:702 1096800 1097376 1
10-07-2017-14:01:15:735 1097376 1097952 1
10-07-2017-14:01:15:773 1097952 1098528 1
10-07-2017-14:01:15:803 1098528 1099104 1
10-07-2017-14:01:15:843 1099104 1099680 1
10-07-2017-14:01:15:875 1099680 1100256 1
10-07-2017-14:01:15:911 1100256 1100832 1
10-07-2017-14:01:15:955 1100832 1101408 1
10-07-2017-14:01:15:980 1101408 1101984 1
10-07-2017-14:01:16:014 1101984 1102560 1
10-07-2017-14:01:16:051 1102560 1103136 1
10-07-2017-14:01:16:086 1103136 1103712 1
10-07-2017-14:01:16:139 1103712 1104288 1
10-07-2017-14:01:16:167 1104288 1104864 1
10-07-2017-14:01:16:202 1104864 1105440 1
10-07-2017-14:01:16:235 1105440 1106016 1
10-07-2017-14:01:16:269 1106016 1106592 1
10-07-2017-14:01:16:305 1106592 1107168 1
10-07-2017-14:01:16:363 1107168 1107744 1
10-07-2017-14:01:16:375 1107744 1108320 1
10-07-2017-14:01:16:410 1108320 1108896 1
10-07-2017-14:01:16:446 1108896 1109472 1
10-07-2017-14:01:16:489 1109472 1110048 1
10-07-2017-14:01:16:527 1110048 1110624 1
10-07-2017-14:01:16:561 1110624 1111200 1
10-07-2017-14:01:16:597 1111200 1111776 1
10-07-2017-14:01:16:642 1111776 1112352 1
10-07-2017-14:01:16:664 1112352 1112928 1
10-07-2017-14:01:16:700 1112928 1113504 1
10-07-2017-14:01:16:737 1113504 1114080 1
10-07-2017-14:01:16:780 1114080 1114656 1
10-07-2017-14:01:16:815 1114656 1115232 1
10-07-2017-14:01:16:850 1115232 1115808 1
10-07-2017-14:01:16:889 1115808 1116384 1
10-07-2017-14:01:16:926 1116384 1116960 1
10-07-2017-14:01:16:953 1116960 1117536 1
10-07-2017-14:01:16:988 1117536 1118112 1
10-07-2017-14:01:17:026 1118112 1118688 1
10-07-2017-14:01:17:065 1118688 1119264 1
10-07-2017-14:01:17:688 1119264 1119840 1
10-07-2017-14:01:17:692 1119840 1120416 1
10-07-2017-14:01:17:692 1120416 1120992 1
10-07-2017-14:01:17:692 1120992 1121568 1
10-07-2017-14:01:17:693 1121568 1122144 1
10-07-2017-14:01:17:693 1122144 1122720 1
10-07-2017-14:01:17:693 1122720 1123296 1
10-07-2017-14:01:17:693 1123296 1123872 1
10-07-2017-14:01:17:693 1123872 1124448 1
10-07-2017-14:01:17:694 1124448 1125024 1
10-07-2017-14:01:17:694 1125024 1125600 1
10-07-2017-14:01:17:694 1125600 1126176 1
10-07-2017-14:01:17:694 1126176 1126752 1
10-07-2017-14:01:17:695 1126752 1127328 1
10-07-2017-14:01:17:695 1127328 1127904 1
10-07-2017-14:01:17:695 1127904 1128480 1
10-07-2017-14:01:17:695 1128480 1129056 1
10-07-2017-14:01:17:723 1129056 1129632 1
10-07-2017-14:01:17:746 1129632 1130208 1
10-07-2017-14:01:17:781 1130208 1130784 1
10-07-2017-14:01:17:827 1130784 1131360 1
10-07-2017-14:01:17:852 1131360 1131936 1
10-07-2017-14:01:17:887 1131936 1132512 1
10-07-2017-14:01:17:925 1132512 1133088 1
10-07-2017-14:01:17:961 1133088 1133664 1
10-07-2017-14:01:18:036 1133664 1134240 1
10-07-2017-14:01:18:037 1134240 1134816 1
10-07-2017-14:01:18:068 1134816 1135392 1
10-07-2017-14:01:18:101 1135392 1135968 1
10-07-2017-14:01:18:145 1135968 1136544 1
10-07-2017-14:01:18:183 1136544 1137120 1
10-07-2017-14:01:18:223 1137120 1137696 1
10-07-2017-14:01:18:250 1137696 1138272 1
10-07-2017-14:01:18:287 1138272 1138848 1
10-07-2017-14:01:18:332 1138848 1139424 1
10-07-2017-14:01:18:382 1139424 1140000 1
10-07-2017-14:01:18:396 1140000 1140576 1
10-07-2017-14:01:18:433 1140576 1141152 1
10-07-2017-14:01:18:464 1141152 1141728 1
10-07-2017-14:01:18:501 1141728 1142304 1
10-07-2017-14:01:18:538 1142304 1142880 1
10-07-2017-14:01:18:580 1142880 1143456 1
10-07-2017-14:01:18:614 1143456 1144032 1
10-07-2017-14:01:18:660 1144032 1144608 1
10-07-2017-14:01:18:681 1144608 1145184 1
10-07-2017-14:01:18:720 1145184 1145760 1
10-07-2017-14:01:18:764 1145760 1146336 1
10-07-2017-14:01:18:789 1146336 1146912 1
10-07-2017-14:01:18:825 1146912 1147488 1
10-07-2017-14:01:18:860 1147488 1148064 1
10-07-2017-14:01:18:914 1148064 1148640 1
10-07-2017-14:01:18:941 1148640 1149216 1
10-07-2017-14:01:18:977 1149216 1149792 1
10-07-2017-14:01:19:013 1149792 1150368 1
10-07-2017-14:01:19:046 1150368 1150944 1
10-07-2017-14:01:19:084 1150944 1151520 1
10-07-2017-14:01:19:117 1151520 1152096 1
10-07-2017-14:01:19:232 1152096 1152672 1
10-07-2017-14:01:19:233 1152672 1153248 1
10-07-2017-14:01:19:233 1153248 1153824 1
10-07-2017-14:01:19:261 1153824 1154400 1
10-07-2017-14:01:19:291 1154400 1154976 1
10-07-2017-14:01:19:331 1154976 1155552 1
10-07-2017-14:01:19:365 1155552 1156128 1
10-07-2017-14:01:19:411 1156128 1156704 1
10-07-2017-14:01:19:435 1156704 1157280 1
10-07-2017-14:01:19:469 1157280 1157856 1
10-07-2017-14:01:19:520 1157856 1158432 1
10-07-2017-14:01:19:550 1158432 1159008 1
10-07-2017-14:01:19:586 1159008 1159584 1
10-07-2017-14:01:19:626 1159584 1160160 1
10-07-2017-14:01:19:653 1160160 1160736 1
10-07-2017-14:01:19:689 1160736 1161312 1
10-07-2017-14:01:19:733 1161312 1161888 1
10-07-2017-14:01:19:786 1161888 1162464 1
10-07-2017-14:01:19:800 1162464 1163040 1
10-07-2017-14:01:19:830 1163040 1163616 1
10-07-2017-14:01:19:875 1163616 1164192 1
10-07-2017-14:01:19:913 1164192 1164768 1
10-07-2017-14:01:19:950 1164768 1165344 1
10-07-2017-14:01:19:976 1165344 1165920 1
10-07-2017-14:01:20:032 1165920 1166496 1
10-07-2017-14:01:20:053 1166496 1167072 1
10-07-2017-14:01:20:093 1167072 1167648 1
10-07-2017-14:01:20:120 1167648 1168224 1
10-07-2017-14:01:20:156 1168224 1168800 1
10-07-2017-14:01:20:196 1168800 1169376 1
10-07-2017-14:01:20:230 1169376 1169952 1
10-07-2017-14:01:20:265 1169952 1170528 1
10-07-2017-14:01:20:299 1170528 1171104 1
10-07-2017-14:01:20:334 1171104 1171680 1
10-07-2017-14:01:20:377 1171680 1172256 1
10-07-2017-14:01:20:413 1172256 1172832 1
10-07-2017-14:01:20:449 1172832 1173408 1
10-07-2017-14:01:20:499 1173408 1173984 1
10-07-2017-14:01:20:517 1173984 1174560 1
10-07-2017-14:01:20:583 1174560 1175136 1
10-07-2017-14:01:20:596 1175136 1175712 1
10-07-2017-14:01:21:261 1175712 1176288 1
10-07-2017-14:01:21:265 1176288 1176864 1
10-07-2017-14:01:21:265 1176864 1177440 1
10-07-2017-14:01:21:266 1177440 1178016 1
10-07-2017-14:01:21:266 1178016 1178592 1
10-07-2017-14:01:21:266 1178592 1179168 1
10-07-2017-14:01:21:266 1179168 1179744 1
10-07-2017-14:01:21:266 1179744 1180320 1
10-07-2017-14:01:21:267 1180320 1180896 1
10-07-2017-14:01:21:267 1180896 1181472 1
10-07-2017-14:01:21:267 1181472 1182048 1
10-07-2017-14:01:21:267 1182048 1182624 1
10-07-2017-14:01:21:267 1182624 1183200 1
10-07-2017-14:01:21:268 1183200 1183776 1
10-07-2017-14:01:21:268 1183776 1184352 1
10-07-2017-14:01:21:268 1184352 1184928 1
10-07-2017-14:01:21:268 1184928 1185504 1
10-07-2017-14:01:21:268 1185504 1186080 1
10-07-2017-14:01:21:289 1186080 1186656 1
10-07-2017-14:01:21:310 1186656 1187232 1
10-07-2017-14:01:21:348 1187232 1187808 1
10-07-2017-14:01:21:383 1187808 1188384 1
10-07-2017-14:01:21:416 1188384 1188960 1
10-07-2017-14:01:21:451 1188960 1189536 1
10-07-2017-14:01:21:487 1189536 1190112 1
10-07-2017-14:01:21:547 1190112 1190688 1
10-07-2017-14:01:21:566 1190688 1191264 1
10-07-2017-14:01:21:602 1191264 1191840 1
10-07-2017-14:01:21:643 1191840 1192416 1
10-07-2017-14:01:21:673 1192416 1192992 1
10-07-2017-14:01:21:703 1192992 1193568 1
10-07-2017-14:01:21:740 1193568 1194144 1
10-07-2017-14:01:21:779 1194144 1194720 1
10-07-2017-14:01:21:822 1194720 1195296 1
10-07-2017-14:01:21:850 1195296 1195872 1
10-07-2017-14:01:21:886 1195872 1196448 1
10-07-2017-14:01:21:919 1196448 1197024 1
10-07-2017-14:01:21:960 1197024 1197600 1
10-07-2017-14:01:21:995 1197600 1198176 1
10-07-2017-14:01:22:030 1198176 1198752 1
10-07-2017-14:01:22:066 1198752 1199328 1
10-07-2017-14:01:22:139 1199328 1199904 1
10-07-2017-14:01:22:139 1199904 1200480 1
10-07-2017-14:01:22:180 1200480 1201056 1
10-07-2017-14:01:22:215 1201056 1201632 1
10-07-2017-14:01:22:251 1201632 1202208 1
10-07-2017-14:01:22:294 1202208 1202784 1
10-07-2017-14:01:22:319 1202784 1203360 1
10-07-2017-14:01:22:353 1203360 1203936 1
10-07-2017-14:01:22:390 1203936 1204512 1
10-07-2017-14:01:22:457 1204512 1205088 1
10-07-2017-14:01:22:473 1205088 1205664 1
10-07-2017-14:01:22:500 1205664 1206240 1
10-07-2017-14:01:22:535 1206240 1206816 1
10-07-2017-14:01:22:569 1206816 1207392 1
10-07-2017-14:01:22:613 1207392 1207968 1
10-07-2017-14:01:22:650 1207968 1208544 1
10-07-2017-14:01:22:680 1208544 1209120 1
10-07-2017-14:01:22:746 1209120 1209696 1
