10-07-2017-13:05:54:142 0 747 1
10-07-2017-13:05:54:179 747 1494 1
10-07-2017-13:05:54:231 1494 2240 1
10-07-2017-13:05:54:273 2240 2986 1
10-07-2017-13:05:54:320 2986 3732 1
10-07-2017-13:05:54:366 3732 4478 1
10-07-2017-13:05:54:417 4478 5224 1
10-07-2017-13:05:54:465 5224 5970 1
10-07-2017-13:05:54:512 5970 6716 1
10-07-2017-13:05:54:558 6716 7462 1
10-07-2017-13:05:54:605 7462 8208 1
10-07-2017-13:05:54:651 8208 8954 1
10-07-2017-13:05:54:697 8954 9700 1
10-07-2017-13:05:54:750 9700 10446 1
10-07-2017-13:05:54:796 10446 11192 1
10-07-2017-13:05:54:842 11192 11938 1
10-07-2017-13:05:54:890 11938 12684 1
10-07-2017-13:05:54:936 12684 13430 1
10-07-2017-13:05:54:984 13430 14176 1
10-07-2017-13:05:55:030 14176 14922 1
10-07-2017-13:05:55:076 14922 15668 1
10-07-2017-13:05:55:123 15668 16414 1
10-07-2017-13:05:55:171 16414 17160 1
10-07-2017-13:05:55:216 17160 17906 1
10-07-2017-13:05:55:262 17906 18652 1
10-07-2017-13:05:55:310 18652 19398 1
10-07-2017-13:05:55:357 19398 20144 1
10-07-2017-13:05:55:402 20144 20890 1
10-07-2017-13:05:55:453 20890 21636 1
10-07-2017-13:05:55:495 21636 22382 1
10-07-2017-13:05:55:544 22382 23128 1
10-07-2017-13:05:55:592 23128 23874 1
10-07-2017-13:05:55:635 23874 24620 1
10-07-2017-13:05:55:683 24620 25366 1
10-07-2017-13:05:55:729 25366 26112 1
10-07-2017-13:05:55:776 26112 26858 1
10-07-2017-13:05:55:816 26858 27604 1
10-07-2017-13:05:55:864 27604 28350 1
10-07-2017-13:05:55:910 28350 29096 1
10-07-2017-13:05:55:954 29096 29842 1
10-07-2017-13:05:56:003 29842 30588 1
10-07-2017-13:05:56:049 30588 31334 1
10-07-2017-13:05:56:095 31334 32080 1
10-07-2017-13:05:56:141 32080 32826 1
10-07-2017-13:05:56:189 32826 33572 1
10-07-2017-13:05:56:234 33572 34318 1
10-07-2017-13:05:56:282 34318 35064 1
10-07-2017-13:05:56:330 35064 35810 1
10-07-2017-13:05:56:374 35810 36556 1
10-07-2017-13:05:56:422 36556 37302 1
10-07-2017-13:05:56:469 37302 38048 1
10-07-2017-13:05:56:516 38048 38794 1
10-07-2017-13:05:56:563 38794 39540 1
10-07-2017-13:05:56:611 39540 40286 1
10-07-2017-13:05:56:660 40286 41032 1
10-07-2017-13:05:56:705 41032 41778 1
10-07-2017-13:05:56:754 41778 42524 1
10-07-2017-13:05:56:798 42524 43270 1
10-07-2017-13:05:56:846 43270 44016 1
10-07-2017-13:05:56:894 44016 44762 1
10-07-2017-13:05:56:939 44762 45508 1
10-07-2017-13:05:56:978 45508 46254 1
10-07-2017-13:05:57:030 46254 47000 1
10-07-2017-13:05:57:076 47000 47746 1
10-07-2017-13:05:57:121 47746 48492 1
10-07-2017-13:05:57:169 48492 49238 1
10-07-2017-13:05:57:215 49238 49984 1
10-07-2017-13:05:57:400 49984 50730 1
10-07-2017-13:05:57:401 50730 51476 1
10-07-2017-13:05:57:401 51476 52222 1
10-07-2017-13:05:57:401 52222 52968 1
10-07-2017-13:05:57:451 52968 53714 1
10-07-2017-13:05:57:497 53714 54460 1
10-07-2017-13:05:57:543 54460 55206 1
10-07-2017-13:05:57:590 55206 55952 1
10-07-2017-13:05:57:636 55952 56698 1
10-07-2017-13:05:57:682 56698 57444 1
10-07-2017-13:05:57:731 57444 58190 1
10-07-2017-13:05:57:778 58190 58936 1
10-07-2017-13:05:57:823 58936 59682 1
10-07-2017-13:05:57:868 59682 60428 1
10-07-2017-13:05:57:921 60428 61174 1
10-07-2017-13:05:57:970 61174 61920 1
10-07-2017-13:05:58:014 61920 62666 1
10-07-2017-13:05:58:059 62666 63412 1
10-07-2017-13:05:58:106 63412 64158 1
10-07-2017-13:05:58:153 64158 64904 1
10-07-2017-13:05:58:202 64904 65650 1
10-07-2017-13:05:58:247 65650 66396 1
10-07-2017-13:05:58:297 66396 67142 1
10-07-2017-13:05:58:340 67142 67888 1
10-07-2017-13:05:58:386 67888 68634 1
10-07-2017-13:05:58:435 68634 69380 1
10-07-2017-13:05:58:480 69380 70126 1
10-07-2017-13:05:58:526 70126 70872 1
10-07-2017-13:05:58:573 70872 71618 1
10-07-2017-13:05:58:620 71618 72364 1
10-07-2017-13:05:58:673 72364 73094 1
10-07-2017-13:05:58:705 73094 73824 1
10-07-2017-13:05:58:753 73824 74554 1
10-07-2017-13:05:58:799 74554 75284 1
10-07-2017-13:05:58:846 75284 76014 1
10-07-2017-13:05:58:893 76014 76744 1
10-07-2017-13:05:58:939 76744 77474 1
10-07-2017-13:05:58:985 77474 78204 1
10-07-2017-13:05:59:021 78204 78934 1
10-07-2017-13:05:59:066 78934 79664 1
10-07-2017-13:05:59:114 79664 80394 1
10-07-2017-13:05:59:160 80394 81124 1
10-07-2017-13:05:59:207 81124 81854 1
10-07-2017-13:05:59:255 81854 82584 1
10-07-2017-13:05:59:301 82584 83314 1
10-07-2017-13:05:59:347 83314 84044 1
10-07-2017-13:05:59:393 84044 84774 1
10-07-2017-13:05:59:441 84774 85504 1
10-07-2017-13:05:59:488 85504 86234 1
10-07-2017-13:05:59:522 86234 86964 1
10-07-2017-13:05:59:569 86964 87694 1
10-07-2017-13:05:59:616 87694 88424 1
10-07-2017-13:05:59:667 88424 89154 1
10-07-2017-13:05:59:713 89154 89884 1
10-07-2017-13:05:59:760 89884 90614 1
10-07-2017-13:05:59:807 90614 91344 1
10-07-2017-13:05:59:842 91344 92074 1
10-07-2017-13:05:59:888 92074 92804 1
10-07-2017-13:05:59:935 92804 93534 1
10-07-2017-13:05:59:983 93534 94264 1
10-07-2017-13:06:00:029 94264 94994 1
10-07-2017-13:06:00:075 94994 95724 1
10-07-2017-13:06:00:121 95724 96454 1
10-07-2017-13:06:00:168 96454 97184 1
10-07-2017-13:06:00:209 97184 97914 1
10-07-2017-13:06:00:261 97914 98627 1
10-07-2017-13:06:00:302 98627 99340 1
10-07-2017-13:06:00:346 99340 100053 1
10-07-2017-13:06:00:387 100053 100766 1
10-07-2017-13:06:00:755 100766 101479 1
10-07-2017-13:06:00:756 101479 102192 1
10-07-2017-13:06:00:756 102192 102905 1
10-07-2017-13:06:00:757 102905 103618 1
10-07-2017-13:06:00:757 103618 104331 1
10-07-2017-13:06:00:757 104331 105044 1
10-07-2017-13:06:00:757 105044 105757 1
10-07-2017-13:06:00:757 105757 106470 1
10-07-2017-13:06:00:796 106470 107183 1
10-07-2017-13:06:00:830 107183 107896 1
10-07-2017-13:06:00:878 107896 108609 1
10-07-2017-13:06:00:924 108609 109322 1
10-07-2017-13:06:00:971 109322 110035 1
10-07-2017-13:06:01:018 110035 110748 1
10-07-2017-13:06:01:064 110748 111461 1
10-07-2017-13:06:01:105 111461 112174 1
10-07-2017-13:06:01:156 112174 112887 1
10-07-2017-13:06:01:190 112887 113600 1
10-07-2017-13:06:01:238 113600 114313 1
10-07-2017-13:06:01:283 114313 115026 1
10-07-2017-13:06:01:331 115026 115739 1
10-07-2017-13:06:01:366 115739 116452 1
10-07-2017-13:06:01:416 116452 117165 1
10-07-2017-13:06:01:455 117165 117878 1
10-07-2017-13:06:01:507 117878 118591 1
10-07-2017-13:06:01:549 118591 119304 1
10-07-2017-13:06:01:592 119304 120017 1
10-07-2017-13:06:01:638 120017 120730 1
10-07-2017-13:06:01:685 120730 121443 1
10-07-2017-13:06:01:733 121443 122156 1
10-07-2017-13:06:01:768 122156 122869 1
10-07-2017-13:06:01:814 122869 123582 1
10-07-2017-13:06:01:860 123582 124295 1
10-07-2017-13:06:01:901 124295 125008 1
10-07-2017-13:06:01:948 125008 125721 1
10-07-2017-13:06:01:994 125721 126434 1
10-07-2017-13:06:02:041 126434 127147 1
10-07-2017-13:06:02:088 127147 127860 1
10-07-2017-13:06:02:123 127860 128573 1
10-07-2017-13:06:02:170 128573 129286 1
10-07-2017-13:06:02:216 129286 129999 1
10-07-2017-13:06:02:263 129999 130712 1
10-07-2017-13:06:02:309 130712 131425 1
10-07-2017-13:06:02:357 131425 132138 1
10-07-2017-13:06:02:392 132138 132851 1
10-07-2017-13:06:02:438 132851 133564 1
10-07-2017-13:06:02:484 133564 134277 1
10-07-2017-13:06:02:532 134277 134990 1
10-07-2017-13:06:02:579 134990 135703 1
10-07-2017-13:06:02:613 135703 136416 1
10-07-2017-13:06:02:666 136416 137129 1
10-07-2017-13:06:02:711 137129 137842 1
10-07-2017-13:06:02:749 137842 138555 1
10-07-2017-13:06:02:793 138555 139268 1
10-07-2017-13:06:02:841 139268 139981 1
10-07-2017-13:06:02:888 139981 140694 1
10-07-2017-13:06:02:926 140694 141407 1
10-07-2017-13:06:02:972 141407 142120 1
10-07-2017-13:06:03:019 142120 142833 1
10-07-2017-13:06:03:069 142833 143546 1
10-07-2017-13:06:03:113 143546 144259 1
10-07-2017-13:06:03:152 144259 144972 1
10-07-2017-13:06:03:195 144972 145685 1
10-07-2017-13:06:03:242 145685 146398 1
10-07-2017-13:06:03:289 146398 147111 1
10-07-2017-13:06:03:336 147111 147824 1
10-07-2017-13:06:03:382 147824 148537 1
10-07-2017-13:06:03:417 148537 149250 1
10-07-2017-13:06:03:462 149250 149963 1
10-07-2017-13:06:03:510 149963 150676 1
10-07-2017-13:06:03:559 150676 151389 1
10-07-2017-13:06:04:003 151389 152102 1
10-07-2017-13:06:04:004 152102 152815 1
10-07-2017-13:06:04:004 152815 153528 1
10-07-2017-13:06:04:004 153528 154241 1
10-07-2017-13:06:04:004 154241 154954 1
10-07-2017-13:06:04:005 154954 155667 1
10-07-2017-13:06:04:005 155667 156380 1
10-07-2017-13:06:04:005 156380 157093 1
10-07-2017-13:06:04:005 157093 157806 1
10-07-2017-13:06:04:005 157806 158519 1
10-07-2017-13:06:04:047 158519 159232 1
10-07-2017-13:06:04:093 159232 159945 1
10-07-2017-13:06:04:131 159945 160658 1
10-07-2017-13:06:04:179 160658 161371 1
10-07-2017-13:06:04:226 161371 162084 1
10-07-2017-13:06:04:272 162084 162797 1
10-07-2017-13:06:04:308 162797 163510 1
10-07-2017-13:06:04:354 163510 164223 1
10-07-2017-13:06:04:401 164223 164936 1
10-07-2017-13:06:04:447 164936 165649 1
10-07-2017-13:06:04:485 165649 166362 1
10-07-2017-13:06:04:530 166362 167075 1
10-07-2017-13:06:04:575 167075 167788 1
10-07-2017-13:06:04:626 167788 168494 1
10-07-2017-13:06:04:669 168494 169200 1
10-07-2017-13:06:04:714 169200 169906 1
10-07-2017-13:06:04:749 169906 170612 1
10-07-2017-13:06:04:796 170612 171318 1
10-07-2017-13:06:04:843 171318 172024 1
10-07-2017-13:06:04:890 172024 172730 1
10-07-2017-13:06:04:938 172730 173436 1
10-07-2017-13:06:04:972 173436 174142 1
10-07-2017-13:06:05:019 174142 174848 1
10-07-2017-13:06:05:064 174848 175554 1
10-07-2017-13:06:05:112 175554 176260 1
10-07-2017-13:06:05:158 176260 176966 1
10-07-2017-13:06:05:193 176966 177672 1
10-07-2017-13:06:05:240 177672 178378 1
10-07-2017-13:06:05:287 178378 179084 1
10-07-2017-13:06:05:332 179084 179790 1
10-07-2017-13:06:05:368 179790 180496 1
10-07-2017-13:06:05:414 180496 181202 1
10-07-2017-13:06:05:462 181202 181908 1
10-07-2017-13:06:05:507 181908 182614 1
10-07-2017-13:06:05:556 182614 183320 1
10-07-2017-13:06:05:589 183320 184026 1
10-07-2017-13:06:05:637 184026 184732 1
10-07-2017-13:06:05:687 184732 185438 1
10-07-2017-13:06:05:722 185438 186144 1
10-07-2017-13:06:05:768 186144 186850 1
10-07-2017-13:06:05:815 186850 187556 1
10-07-2017-13:06:05:862 187556 188262 1
10-07-2017-13:06:05:909 188262 188968 1
10-07-2017-13:06:05:944 188968 189674 1
10-07-2017-13:06:05:991 189674 190380 1
10-07-2017-13:06:06:036 190380 191086 1
10-07-2017-13:06:06:083 191086 191792 1
10-07-2017-13:06:06:119 191792 192498 1
10-07-2017-13:06:06:165 192498 193204 1
10-07-2017-13:06:06:222 193204 193867 1
10-07-2017-13:06:06:250 193867 194530 1
10-07-2017-13:06:06:288 194530 195193 1
10-07-2017-13:06:06:340 195193 195856 1
10-07-2017-13:06:06:374 195856 196519 1
10-07-2017-13:06:06:420 196519 197182 1
10-07-2017-13:06:06:455 197182 197845 1
10-07-2017-13:06:06:501 197845 198508 1
10-07-2017-13:06:06:539 198508 199171 1
10-07-2017-13:06:06:584 199171 199834 1
10-07-2017-13:06:06:620 199834 200497 1
10-07-2017-13:06:06:666 200497 201160 1
10-07-2017-13:06:06:700 201160 201823 1
10-07-2017-13:06:06:748 201823 202486 1
10-07-2017-13:06:06:794 202486 203149 1
10-07-2017-13:06:06:830 203149 203812 1
10-07-2017-13:06:06:876 203812 204475 1
10-07-2017-13:06:06:910 204475 205138 1
10-07-2017-13:06:06:957 205138 205801 1
10-07-2017-13:06:06:993 205801 206464 1
10-07-2017-13:06:07:039 206464 207127 1
10-07-2017-13:06:07:074 207127 207790 1
10-07-2017-13:06:07:120 207790 208453 1
10-07-2017-13:06:07:168 208453 209116 1
10-07-2017-13:06:07:202 209116 209779 1
10-07-2017-13:06:07:249 209779 210442 1
10-07-2017-13:06:07:288 210442 211105 1
10-07-2017-13:06:07:331 211105 211768 1
10-07-2017-13:06:07:368 211768 212431 1
10-07-2017-13:06:07:412 212431 213094 1
10-07-2017-13:06:07:447 213094 213757 1
10-07-2017-13:06:07:494 213757 214420 1
10-07-2017-13:06:07:541 214420 215083 1
10-07-2017-13:06:07:575 215083 215746 1
10-07-2017-13:06:07:626 215746 216409 1
10-07-2017-13:06:07:662 216409 217072 1
10-07-2017-13:06:07:704 217072 217735 1
10-07-2017-13:06:07:740 217735 218398 1
10-07-2017-13:06:07:786 218398 219061 1
10-07-2017-13:06:07:821 219061 219724 1
10-07-2017-13:06:07:869 219724 220387 1
10-07-2017-13:06:07:907 220387 221050 1
10-07-2017-13:06:07:951 221050 221713 1
10-07-2017-13:06:07:992 221713 222376 1
10-07-2017-13:06:08:028 222376 223039 1
10-07-2017-13:06:08:075 223039 223702 1
10-07-2017-13:06:08:108 223702 224365 1
10-07-2017-13:06:08:157 224365 225028 1
10-07-2017-13:06:08:202 225028 225691 1
10-07-2017-13:06:08:237 225691 226354 1
10-07-2017-13:06:08:284 226354 227017 1
10-07-2017-13:06:08:323 227017 227680 1
10-07-2017-13:06:08:367 227680 228343 1
10-07-2017-13:06:08:402 228343 229006 1
10-07-2017-13:06:08:448 229006 229669 1
10-07-2017-13:06:08:483 229669 230332 1
10-07-2017-13:06:08:529 230332 230995 1
10-07-2017-13:06:08:578 230995 231658 1
10-07-2017-13:06:08:869 231658 232321 1
10-07-2017-13:06:08:870 232321 232984 1
10-07-2017-13:06:08:870 232984 233647 1
10-07-2017-13:06:08:870 233647 234310 1
10-07-2017-13:06:08:870 234310 234973 1
10-07-2017-13:06:08:870 234973 235636 1
10-07-2017-13:06:08:870 235636 236299 1
10-07-2017-13:06:08:903 236299 236962 1
10-07-2017-13:06:08:947 236962 237625 1
10-07-2017-13:06:08:988 237625 238288 1
10-07-2017-13:06:09:026 238288 238951 1
10-07-2017-13:06:09:072 238951 239614 1
10-07-2017-13:06:09:108 239614 240277 1
10-07-2017-13:06:09:156 240277 240940 1
10-07-2017-13:06:09:190 240940 241603 1
10-07-2017-13:06:09:236 241603 242266 1
10-07-2017-13:06:09:271 242266 242929 1
10-07-2017-13:06:09:317 242929 243592 1
10-07-2017-13:06:09:352 243592 244255 1
10-07-2017-13:06:09:400 244255 244918 1
10-07-2017-13:06:09:447 244918 245581 1
10-07-2017-13:06:09:482 245581 246244 1
10-07-2017-13:06:09:528 246244 246907 1
10-07-2017-13:06:09:562 246907 247570 1
10-07-2017-13:06:09:610 247570 248233 1
10-07-2017-13:06:09:645 248233 248896 1
10-07-2017-13:06:09:691 248896 249559 1
10-07-2017-13:06:09:726 249559 250222 1
10-07-2017-13:06:09:773 250222 250885 1
10-07-2017-13:06:09:819 250885 251548 1
10-07-2017-13:06:09:856 251548 252211 1
10-07-2017-13:06:09:902 252211 252874 1
10-07-2017-13:06:09:937 252874 253537 1
10-07-2017-13:06:09:985 253537 254200 1
10-07-2017-13:06:10:020 254200 254863 1
10-07-2017-13:06:10:066 254863 255526 1
10-07-2017-13:06:10:101 255526 256189 1
10-07-2017-13:06:10:147 256189 256852 1
10-07-2017-13:06:10:182 256852 257515 1
10-07-2017-13:06:10:228 257515 258178 1
10-07-2017-13:06:10:276 258178 258841 1
10-07-2017-13:06:10:310 258841 259504 1
10-07-2017-13:06:10:356 259504 260167 1
10-07-2017-13:06:10:391 260167 260830 1
10-07-2017-13:06:10:438 260830 261493 1
10-07-2017-13:06:10:474 261493 262156 1
10-07-2017-13:06:10:521 262156 262819 1
10-07-2017-13:06:10:554 262819 263482 1
10-07-2017-13:06:10:602 263482 264145 1
10-07-2017-13:06:10:649 264145 264808 1
10-07-2017-13:06:10:683 264808 265471 1
10-07-2017-13:06:10:730 265471 266134 1
10-07-2017-13:06:10:766 266134 266797 1
10-07-2017-13:06:10:811 266797 267460 1
10-07-2017-13:06:10:847 267460 268123 1
10-07-2017-13:06:10:895 268123 268786 1
10-07-2017-13:06:10:930 268786 269449 1
10-07-2017-13:06:10:975 269449 270112 1
10-07-2017-13:06:11:021 270112 270775 1
10-07-2017-13:06:11:058 270775 271438 1
10-07-2017-13:06:11:102 271438 272101 1
10-07-2017-13:06:11:141 272101 272764 1
10-07-2017-13:06:11:184 272764 273427 1
10-07-2017-13:06:11:220 273427 274090 1
10-07-2017-13:06:11:265 274090 274753 1
10-07-2017-13:06:11:302 274753 275416 1
10-07-2017-13:06:11:348 275416 276079 1
10-07-2017-13:06:11:418 276079 276742 1
10-07-2017-13:06:11:432 276742 277405 1
10-07-2017-13:06:11:478 277405 278068 1
10-07-2017-13:06:11:511 278068 278731 1
10-07-2017-13:06:11:558 278731 279394 1
10-07-2017-13:06:11:592 279394 280057 1
10-07-2017-13:06:11:640 280057 280720 1
10-07-2017-13:06:11:675 280720 281383 1
10-07-2017-13:06:11:723 281383 282046 1
10-07-2017-13:06:11:757 282046 282709 1
10-07-2017-13:06:11:803 282709 283372 1
10-07-2017-13:06:11:850 283372 284035 1
10-07-2017-13:06:11:887 284035 284698 1
10-07-2017-13:06:11:930 284698 285361 1
10-07-2017-13:06:11:967 285361 286024 1
10-07-2017-13:06:12:013 286024 286687 1
10-07-2017-13:06:12:047 286687 287350 1
10-07-2017-13:06:12:095 287350 288013 1
10-07-2017-13:06:12:138 288013 288676 1
10-07-2017-13:06:12:174 288676 289339 1
10-07-2017-13:06:12:220 289339 290002 1
10-07-2017-13:06:12:258 290002 290665 1
10-07-2017-13:06:12:304 290665 291328 1
10-07-2017-13:06:12:338 291328 291991 1
10-07-2017-13:06:12:383 291991 292654 1
10-07-2017-13:06:12:420 292654 293317 1
10-07-2017-13:06:12:465 293317 293980 1
10-07-2017-13:06:12:511 293980 294643 1
10-07-2017-13:06:12:547 294643 295306 1
10-07-2017-13:06:12:597 295306 295969 1
10-07-2017-13:06:12:724 295969 296632 1
10-07-2017-13:06:12:725 296632 297295 1
10-07-2017-13:06:12:726 297295 297958 1
10-07-2017-13:06:12:755 297958 298621 1
10-07-2017-13:06:12:800 298621 299284 1
10-07-2017-13:06:12:835 299284 299947 1
10-07-2017-13:06:12:881 299947 300610 1
10-07-2017-13:06:12:916 300610 301273 1
10-07-2017-13:06:12:964 301273 301936 1
10-07-2017-13:06:13:001 301936 302599 1
10-07-2017-13:06:13:045 302599 303262 1
10-07-2017-13:06:13:093 303262 303925 1
10-07-2017-13:06:13:128 303925 304588 1
10-07-2017-13:06:13:167 304588 305251 1
10-07-2017-13:06:13:213 305251 305914 1
10-07-2017-13:06:13:249 305914 306577 1
10-07-2017-13:06:13:296 306577 307240 1
10-07-2017-13:06:13:329 307240 307903 1
10-07-2017-13:06:13:377 307903 308566 1
10-07-2017-13:06:13:425 308566 309229 1
10-07-2017-13:06:13:463 309229 309892 1
10-07-2017-13:06:13:505 309892 310555 1
10-07-2017-13:06:13:545 310555 311218 1
10-07-2017-13:06:13:588 311218 311881 1
10-07-2017-13:06:13:624 311881 312544 1
10-07-2017-13:06:13:673 312544 313207 1
10-07-2017-13:06:13:707 313207 313870 1
10-07-2017-13:06:13:754 313870 314533 1
10-07-2017-13:06:13:788 314533 315196 1
10-07-2017-13:06:13:836 315196 315859 1
10-07-2017-13:06:13:874 315859 316522 1
10-07-2017-13:06:13:918 316522 317185 1
10-07-2017-13:06:13:951 317185 317848 1
10-07-2017-13:06:13:999 317848 318511 1
10-07-2017-13:06:14:064 318511 319174 1
10-07-2017-13:06:14:083 319174 319837 1
10-07-2017-13:06:14:127 319837 320500 1
10-07-2017-13:06:14:161 320500 321163 1
10-07-2017-13:06:14:208 321163 321826 1
10-07-2017-13:06:14:247 321826 322489 1
10-07-2017-13:06:14:293 322489 323152 1
10-07-2017-13:06:14:327 323152 323815 1
10-07-2017-13:06:14:375 323815 324478 1
10-07-2017-13:06:14:410 324478 325141 1
10-07-2017-13:06:14:457 325141 325804 1
10-07-2017-13:06:14:491 325804 326467 1
10-07-2017-13:06:14:538 326467 327130 1
10-07-2017-13:06:14:586 327130 327793 1
10-07-2017-13:06:14:620 327793 328456 1
10-07-2017-13:06:14:666 328456 329119 1
10-07-2017-13:06:14:706 329119 329782 1
10-07-2017-13:06:14:747 329782 330445 1
10-07-2017-13:06:14:783 330445 331108 1
10-07-2017-13:06:14:829 331108 331771 1
10-07-2017-13:06:14:865 331771 332434 1
10-07-2017-13:06:14:911 332434 333097 1
10-07-2017-13:06:14:946 333097 333760 1
10-07-2017-13:06:14:999 333760 334374 1
10-07-2017-13:06:15:024 334374 334988 1
10-07-2017-13:06:15:072 334988 335602 1
10-07-2017-13:06:15:107 335602 336216 1
10-07-2017-13:06:15:143 336216 336830 1
10-07-2017-13:06:15:187 336830 337444 1
10-07-2017-13:06:15:223 337444 338058 1
10-07-2017-13:06:15:257 338058 338672 1
10-07-2017-13:06:15:293 338672 339286 1
10-07-2017-13:06:15:339 339286 339900 1
10-07-2017-13:06:15:375 339900 340514 1
10-07-2017-13:06:15:411 340514 341128 1
10-07-2017-13:06:15:457 341128 341742 1
10-07-2017-13:06:15:493 341742 342356 1
10-07-2017-13:06:15:563 342356 342970 1
10-07-2017-13:06:15:564 342970 343584 1
10-07-2017-13:06:15:598 343584 344198 1
10-07-2017-13:06:15:647 344198 344812 1
10-07-2017-13:06:15:682 344812 345426 1
10-07-2017-13:06:15:715 345426 346040 1
10-07-2017-13:06:15:763 346040 346654 1
10-07-2017-13:06:15:798 346654 347268 1
10-07-2017-13:06:15:832 347268 347882 1
10-07-2017-13:06:15:868 347882 348496 1
10-07-2017-13:06:15:914 348496 349110 1
10-07-2017-13:06:15:951 349110 349724 1
10-07-2017-13:06:15:986 349724 350338 1
10-07-2017-13:06:16:029 350338 350952 1
10-07-2017-13:06:16:064 350952 351566 1
10-07-2017-13:06:16:099 351566 352180 1
10-07-2017-13:06:16:144 352180 352794 1
10-07-2017-13:06:16:181 352794 353408 1
10-07-2017-13:06:16:215 353408 354022 1
10-07-2017-13:06:16:264 354022 354636 1
10-07-2017-13:06:16:382 354636 355250 1
10-07-2017-13:06:16:382 355250 355864 1
10-07-2017-13:06:16:383 355864 356478 1
10-07-2017-13:06:16:410 356478 357092 1
10-07-2017-13:06:16:442 357092 357706 1
10-07-2017-13:06:16:490 357706 358320 1
10-07-2017-13:06:16:524 358320 358934 1
10-07-2017-13:06:16:559 358934 359548 1
10-07-2017-13:06:16:606 359548 360162 1
10-07-2017-13:06:16:642 360162 360776 1
10-07-2017-13:06:16:676 360776 361390 1
10-07-2017-13:06:16:725 361390 362004 1
10-07-2017-13:06:16:758 362004 362618 1
10-07-2017-13:06:16:793 362618 363232 1
10-07-2017-13:06:16:840 363232 363846 1
10-07-2017-13:06:16:873 363846 364460 1
10-07-2017-13:06:16:908 364460 365074 1
10-07-2017-13:06:16:944 365074 365688 1
10-07-2017-13:06:16:990 365688 366302 1
10-07-2017-13:06:17:024 366302 366916 1
10-07-2017-13:06:17:061 366916 367530 1
10-07-2017-13:06:17:095 367530 368144 1
10-07-2017-13:06:17:142 368144 368758 1
10-07-2017-13:06:17:178 368758 369372 1
10-07-2017-13:06:17:211 369372 369986 1
10-07-2017-13:06:17:260 369986 370600 1
10-07-2017-13:06:17:293 370600 371214 1
10-07-2017-13:06:17:330 371214 371828 1
10-07-2017-13:06:17:368 371828 372442 1
10-07-2017-13:06:17:404 372442 373056 1
10-07-2017-13:06:17:449 373056 373670 1
10-07-2017-13:06:17:486 373670 374284 1
10-07-2017-13:06:17:522 374284 374898 1
10-07-2017-13:06:17:566 374898 375512 1
10-07-2017-13:06:17:603 375512 376126 1
10-07-2017-13:06:17:639 376126 376740 1
10-07-2017-13:06:17:679 376740 377354 1
10-07-2017-13:06:17:712 377354 377968 1
10-07-2017-13:06:17:747 377968 378582 1
10-07-2017-13:06:17:789 378582 379196 1
10-07-2017-13:06:17:861 379196 379810 1
10-07-2017-13:06:17:873 379810 380424 1
10-07-2017-13:06:17:903 380424 381038 1
10-07-2017-13:06:17:951 381038 381652 1
10-07-2017-13:06:17:984 381652 382266 1
10-07-2017-13:06:18:019 382266 382880 1
10-07-2017-13:06:18:055 382880 383494 1
10-07-2017-13:06:18:102 383494 384108 1
10-07-2017-13:06:18:138 384108 384722 1
10-07-2017-13:06:18:171 384722 385336 1
10-07-2017-13:06:18:220 385336 385950 1
10-07-2017-13:06:18:253 385950 386564 1
10-07-2017-13:06:18:288 386564 387178 1
10-07-2017-13:06:18:329 387178 387792 1
10-07-2017-13:06:18:372 387792 388406 1
10-07-2017-13:06:18:407 388406 389020 1
10-07-2017-13:06:18:442 389020 389634 1
10-07-2017-13:06:18:478 389634 390248 1
10-07-2017-13:06:18:523 390248 390862 1
10-07-2017-13:06:18:561 390862 391476 1
10-07-2017-13:06:18:593 391476 392090 1
10-07-2017-13:06:18:641 392090 392704 1
10-07-2017-13:06:18:676 392704 393318 1
10-07-2017-13:06:18:710 393318 393932 1
10-07-2017-13:06:18:746 393932 394546 1
10-07-2017-13:06:18:793 394546 395160 1
10-07-2017-13:06:18:827 395160 395774 1
10-07-2017-13:06:18:871 395774 396388 1
10-07-2017-13:06:18:910 396388 397002 1
10-07-2017-13:06:18:946 397002 397616 1
10-07-2017-13:06:18:982 397616 398230 1
10-07-2017-13:06:19:016 398230 398844 1
10-07-2017-13:06:19:062 398844 399458 1
10-07-2017-13:06:19:096 399458 400072 1
10-07-2017-13:06:19:132 400072 400686 1
10-07-2017-13:06:19:178 400686 401300 1
10-07-2017-13:06:19:213 401300 401914 1
10-07-2017-13:06:19:249 401914 402528 1
10-07-2017-13:06:19:289 402528 403142 1
10-07-2017-13:06:19:331 403142 403756 1
10-07-2017-13:06:19:365 403756 404370 1
10-07-2017-13:06:19:404 404370 404984 1
10-07-2017-13:06:19:447 404984 405598 1
10-07-2017-13:06:19:483 405598 406212 1
10-07-2017-13:06:19:520 406212 406826 1
10-07-2017-13:06:19:560 406826 407440 1
10-07-2017-13:06:19:599 407440 408054 1
10-07-2017-13:06:19:635 408054 408668 1
10-07-2017-13:06:19:669 408668 409282 1
10-07-2017-13:06:19:715 409282 409896 1
10-07-2017-13:06:19:750 409896 410510 1
10-07-2017-13:06:19:784 410510 411124 1
10-07-2017-13:06:19:821 411124 411738 1
10-07-2017-13:06:19:868 411738 412352 1
10-07-2017-13:06:19:906 412352 412966 1
10-07-2017-13:06:19:937 412966 413580 1
10-07-2017-13:06:19:985 413580 414194 1
10-07-2017-13:06:20:020 414194 414808 1
10-07-2017-13:06:20:058 414808 415422 1
10-07-2017-13:06:20:096 415422 416036 1
10-07-2017-13:06:20:132 416036 416650 1
10-07-2017-13:06:20:168 416650 417264 1
10-07-2017-13:06:20:213 417264 417878 1
10-07-2017-13:06:20:248 417878 418492 1
10-07-2017-13:06:20:284 418492 419106 1
10-07-2017-13:06:20:428 419106 419720 1
10-07-2017-13:06:20:429 419720 420334 1
10-07-2017-13:06:20:429 420334 420948 1
10-07-2017-13:06:20:436 420948 421562 1
10-07-2017-13:06:20:481 421562 422176 1
10-07-2017-13:06:20:517 422176 422790 1
10-07-2017-13:06:20:551 422790 423404 1
10-07-2017-13:06:20:598 423404 424018 1
10-07-2017-13:06:20:635 424018 424632 1
10-07-2017-13:06:20:669 424632 425246 1
10-07-2017-13:06:20:707 425246 425860 1
10-07-2017-13:06:20:751 425860 426474 1
10-07-2017-13:06:20:786 426474 427088 1
10-07-2017-13:06:20:820 427088 427702 1
10-07-2017-13:06:20:866 427702 428316 1
10-07-2017-13:06:20:901 428316 428930 1
10-07-2017-13:06:20:938 428930 429544 1
10-07-2017-13:06:20:973 429544 430158 1
10-07-2017-13:06:21:015 430158 430772 1
10-07-2017-13:06:21:054 430772 431386 1
10-07-2017-13:06:21:090 431386 432000 1
10-07-2017-13:06:21:123 432000 432614 1
10-07-2017-13:06:21:171 432614 433228 1
10-07-2017-13:06:21:208 433228 433842 1
10-07-2017-13:06:21:241 433842 434456 1
10-07-2017-13:06:21:288 434456 435070 1
10-07-2017-13:06:21:595 435070 435684 1
10-07-2017-13:06:21:596 435684 436298 1
10-07-2017-13:06:21:596 436298 436912 1
10-07-2017-13:06:21:596 436912 437526 1
10-07-2017-13:06:21:596 437526 438140 1
10-07-2017-13:06:21:596 438140 438754 1
10-07-2017-13:06:21:596 438754 439368 1
10-07-2017-13:06:21:596 439368 439982 1
10-07-2017-13:06:21:633 439982 440596 1
10-07-2017-13:06:21:670 440596 441210 1
10-07-2017-13:06:21:704 441210 441824 1
10-07-2017-13:06:21:738 441824 442438 1
10-07-2017-13:06:21:785 442438 443052 1
10-07-2017-13:06:21:821 443052 443666 1
10-07-2017-13:06:21:856 443666 444280 1
10-07-2017-13:06:21:902 444280 444894 1
10-07-2017-13:06:21:938 444894 445508 1
10-07-2017-13:06:21:971 445508 446122 1
10-07-2017-13:06:22:019 446122 446736 1
10-07-2017-13:06:22:047 446736 447350 1
10-07-2017-13:06:22:084 447350 447964 1
10-07-2017-13:06:22:132 447964 448578 1
10-07-2017-13:06:22:170 448578 449192 1
10-07-2017-13:06:22:206 449192 449806 1
10-07-2017-13:06:22:239 449806 450420 1
10-07-2017-13:06:22:315 450420 451034 1
10-07-2017-13:06:22:322 451034 451648 1
10-07-2017-13:06:22:357 451648 452262 1
10-07-2017-13:06:22:392 452262 452876 1
10-07-2017-13:06:22:437 452876 453490 1
10-07-2017-13:06:22:474 453490 454104 1
10-07-2017-13:06:22:508 454104 454718 1
10-07-2017-13:06:22:554 454718 455332 1
10-07-2017-13:06:22:590 455332 455946 1
10-07-2017-13:06:22:626 455946 456560 1
10-07-2017-13:06:22:664 456560 457174 1
10-07-2017-13:06:22:708 457174 457788 1
10-07-2017-13:06:22:741 457788 458402 1
10-07-2017-13:06:22:777 458402 459016 1
10-07-2017-13:06:22:826 459016 459630 1
10-07-2017-13:06:22:859 459630 460244 1
10-07-2017-13:06:22:895 460244 460858 1
10-07-2017-13:06:22:937 460858 461472 1
10-07-2017-13:06:22:971 461472 462086 1
10-07-2017-13:06:23:008 462086 462700 1
10-07-2017-13:06:23:054 462700 463314 1
10-07-2017-13:06:23:089 463314 463928 1
10-07-2017-13:06:23:123 463928 464542 1
10-07-2017-13:06:23:158 464542 465156 1
10-07-2017-13:06:23:209 465156 465770 1
10-07-2017-13:06:23:240 465770 466384 1
10-07-2017-13:06:23:276 466384 466998 1
10-07-2017-13:06:23:322 466998 467612 1
10-07-2017-13:06:23:357 467612 468226 1
10-07-2017-13:06:23:394 468226 468840 1
10-07-2017-13:06:23:428 468840 469454 1
10-07-2017-13:06:23:474 469454 470068 1
10-07-2017-13:06:23:512 470068 470682 1
10-07-2017-13:06:23:546 470682 471296 1
10-07-2017-13:06:23:581 471296 471910 1
10-07-2017-13:06:23:628 471910 472524 1
10-07-2017-13:06:23:663 472524 473138 1
10-07-2017-13:06:23:700 473138 473752 1
10-07-2017-13:06:23:745 473752 474366 1
10-07-2017-13:06:23:780 474366 474980 1
10-07-2017-13:06:23:814 474980 475594 1
10-07-2017-13:06:23:850 475594 476208 1
10-07-2017-13:06:23:896 476208 476822 1
10-07-2017-13:06:23:932 476822 477436 1
10-07-2017-13:06:23:966 477436 478050 1
10-07-2017-13:06:24:012 478050 478664 1
10-07-2017-13:06:24:057 478664 479278 1
10-07-2017-13:06:24:083 479278 479892 1
10-07-2017-13:06:24:118 479892 480506 1
10-07-2017-13:06:24:164 480506 481120 1
10-07-2017-13:06:24:200 481120 481734 1
10-07-2017-13:06:24:236 481734 482348 1
10-07-2017-13:06:24:282 482348 482962 1
10-07-2017-13:06:24:317 482962 483576 1
10-07-2017-13:06:24:354 483576 484190 1
10-07-2017-13:06:24:388 484190 484804 1
10-07-2017-13:06:24:434 484804 485418 1
10-07-2017-13:06:24:468 485418 486032 1
10-07-2017-13:06:24:506 486032 486646 1
10-07-2017-13:06:24:551 486646 487260 1
10-07-2017-13:06:24:586 487260 487874 1
10-07-2017-13:06:24:625 487874 488488 1
10-07-2017-13:06:24:663 488488 489102 1
10-07-2017-13:06:24:699 489102 489716 1
10-07-2017-13:06:24:733 489716 490330 1
10-07-2017-13:06:24:779 490330 490944 1
10-07-2017-13:06:24:815 490944 491558 1
10-07-2017-13:06:24:850 491558 492172 1
10-07-2017-13:06:24:886 492172 492786 1
10-07-2017-13:06:24:933 492786 493400 1
10-07-2017-13:06:24:967 493400 494014 1
10-07-2017-13:06:25:002 494014 494628 1
10-07-2017-13:06:25:049 494628 495242 1
10-07-2017-13:06:25:084 495242 495856 1
10-07-2017-13:06:25:194 495856 496470 1
10-07-2017-13:06:25:195 496470 497084 1
10-07-2017-13:06:25:195 497084 497698 1
10-07-2017-13:06:25:240 497698 498312 1
10-07-2017-13:06:25:280 498312 498926 1
10-07-2017-13:06:25:317 498926 499540 1
10-07-2017-13:06:25:356 499540 500154 1
10-07-2017-13:06:25:391 500154 500768 1
10-07-2017-13:06:25:428 500768 501382 1
10-07-2017-13:06:25:463 501382 501996 1
10-07-2017-13:06:25:512 501996 502610 1
10-07-2017-13:06:25:542 502610 503224 1
10-07-2017-13:06:25:579 503224 503838 1
10-07-2017-13:06:25:629 503838 504452 1
10-07-2017-13:06:25:662 504452 505066 1
10-07-2017-13:06:25:696 505066 505680 1
10-07-2017-13:06:25:731 505680 506294 1
10-07-2017-13:06:25:778 506294 506908 1
10-07-2017-13:06:25:816 506908 507522 1
10-07-2017-13:06:25:851 507522 508136 1
10-07-2017-13:06:25:887 508136 508750 1
10-07-2017-13:06:25:922 508750 509364 1
10-07-2017-13:06:25:968 509364 509978 1
10-07-2017-13:06:26:003 509978 510592 1
10-07-2017-13:06:26:039 510592 511206 1
10-07-2017-13:06:26:085 511206 511820 1
10-07-2017-13:06:26:471 511820 512434 1
10-07-2017-13:06:26:472 512434 513048 1
10-07-2017-13:06:26:472 513048 513662 1
10-07-2017-13:06:26:473 513662 514276 1
10-07-2017-13:06:26:473 514276 514890 1
10-07-2017-13:06:26:473 514890 515504 1
10-07-2017-13:06:26:473 515504 516118 1
10-07-2017-13:06:26:473 516118 516732 1
10-07-2017-13:06:26:473 516732 517346 1
10-07-2017-13:06:26:473 517346 517960 1
10-07-2017-13:06:26:497 517960 518574 1
10-07-2017-13:06:26:559 518574 519188 1
10-07-2017-13:06:26:579 519188 519802 1
10-07-2017-13:06:26:615 519802 520416 1
10-07-2017-13:06:26:666 520416 521030 1
10-07-2017-13:06:26:696 521030 521644 1
10-07-2017-13:06:26:731 521644 522258 1
10-07-2017-13:06:26:766 522258 522872 1
10-07-2017-13:06:26:805 522872 523486 1
10-07-2017-13:06:26:852 523486 524100 1
10-07-2017-13:06:26:889 524100 524714 1
10-07-2017-13:06:26:928 524714 525328 1
10-07-2017-13:06:26:959 525328 525942 1
10-07-2017-13:06:27:008 525942 526556 1
10-07-2017-13:06:27:042 526556 527170 1
10-07-2017-13:06:27:076 527170 527784 1
10-07-2017-13:06:27:112 527784 528398 1
10-07-2017-13:06:27:158 528398 529012 1
10-07-2017-13:06:27:194 529012 529626 1
10-07-2017-13:06:27:228 529626 530240 1
10-07-2017-13:06:27:275 530240 530854 1
10-07-2017-13:06:27:310 530854 531468 1
10-07-2017-13:06:27:356 531468 532082 1
10-07-2017-13:06:27:385 532082 532696 1
10-07-2017-13:06:27:420 532696 533310 1
10-07-2017-13:06:27:465 533310 533924 1
10-07-2017-13:06:27:500 533924 534538 1
10-07-2017-13:06:27:536 534538 535152 1
10-07-2017-13:06:27:583 535152 535766 1
10-07-2017-13:06:27:617 535766 536380 1
10-07-2017-13:06:27:659 536380 536994 1
10-07-2017-13:06:27:687 536994 537608 1
10-07-2017-13:06:27:734 537608 538222 1
10-07-2017-13:06:27:770 538222 538836 1
10-07-2017-13:06:27:804 538836 539450 1
10-07-2017-13:06:27:851 539450 540064 1
10-07-2017-13:06:27:886 540064 540678 1
10-07-2017-13:06:27:930 540678 541292 1
10-07-2017-13:06:27:955 541292 541906 1
10-07-2017-13:06:28:001 541906 542520 1
10-07-2017-13:06:28:036 542520 543134 1
10-07-2017-13:06:28:072 543134 543748 1
10-07-2017-13:06:28:120 543748 544362 1
10-07-2017-13:06:28:153 544362 544976 1
10-07-2017-13:06:28:191 544976 545590 1
10-07-2017-13:06:28:228 545590 546204 1
10-07-2017-13:06:28:272 546204 546818 1
10-07-2017-13:06:28:308 546818 547432 1
10-07-2017-13:06:28:343 547432 548046 1
10-07-2017-13:06:28:379 548046 548660 1
10-07-2017-13:06:28:426 548660 549274 1
10-07-2017-13:06:28:680 549274 549888 1
10-07-2017-13:06:28:681 549888 550502 1
10-07-2017-13:06:28:681 550502 551116 1
10-07-2017-13:06:28:681 551116 551730 1
10-07-2017-13:06:28:681 551730 552344 1
10-07-2017-13:06:28:681 552344 552958 1
10-07-2017-13:06:28:688 552958 553572 1
10-07-2017-13:06:28:735 553572 554186 1
10-07-2017-13:06:28:769 554186 554800 1
10-07-2017-13:06:28:802 554800 555414 1
10-07-2017-13:06:28:848 555414 556028 1
10-07-2017-13:06:28:884 556028 556642 1
10-07-2017-13:06:28:919 556642 557256 1
10-07-2017-13:06:28:953 557256 557870 1
10-07-2017-13:06:28:997 557870 558484 1
10-07-2017-13:06:29:032 558484 559098 1
10-07-2017-13:06:29:078 559098 559712 1
10-07-2017-13:06:29:115 559712 560326 1
10-07-2017-13:06:29:147 560326 560940 1
10-07-2017-13:06:29:184 560940 561554 1
10-07-2017-13:06:29:231 561554 562168 1
10-07-2017-13:06:29:266 562168 562782 1
10-07-2017-13:06:29:299 562782 563396 1
10-07-2017-13:06:29:347 563396 564010 1
10-07-2017-13:06:29:386 564010 564624 1
10-07-2017-13:06:29:416 564624 565238 1
10-07-2017-13:06:29:454 565238 565852 1
10-07-2017-13:06:29:490 565852 566466 1
10-07-2017-13:06:29:536 566466 567080 1
10-07-2017-13:06:29:574 567080 567694 1
10-07-2017-13:06:29:607 567694 568308 1
10-07-2017-13:06:29:660 568308 568922 1
10-07-2017-13:06:29:686 568922 569536 1
10-07-2017-13:06:29:722 569536 570150 1
10-07-2017-13:06:29:768 570150 570764 1
10-07-2017-13:06:29:805 570764 571378 1
10-07-2017-13:06:29:839 571378 571992 1
10-07-2017-13:06:29:886 571992 572606 1
10-07-2017-13:06:29:921 572606 573220 1
10-07-2017-13:06:29:955 573220 573834 1
10-07-2017-13:06:29:992 573834 574448 1
10-07-2017-13:06:30:040 574448 575062 1
10-07-2017-13:06:30:075 575062 575676 1
10-07-2017-13:06:30:110 575676 576290 1
10-07-2017-13:06:30:145 576290 576904 1
10-07-2017-13:06:30:192 576904 577518 1
10-07-2017-13:06:30:226 577518 578132 1
10-07-2017-13:06:30:262 578132 578746 1
10-07-2017-13:06:30:298 578746 579360 1
10-07-2017-13:06:30:344 579360 579974 1
10-07-2017-13:06:30:378 579974 580588 1
10-07-2017-13:06:30:414 580588 581202 1
10-07-2017-13:06:30:457 581202 581816 1
10-07-2017-13:06:30:495 581816 582430 1
10-07-2017-13:06:30:533 582430 583044 1
10-07-2017-13:06:30:576 583044 583658 1
10-07-2017-13:06:30:611 583658 584272 1
10-07-2017-13:06:30:646 584272 584886 1
10-07-2017-13:06:30:681 584886 585500 1
10-07-2017-13:06:30:728 585500 586114 1
10-07-2017-13:06:30:763 586114 586728 1
10-07-2017-13:06:30:798 586728 587342 1
10-07-2017-13:06:30:844 587342 587956 1
10-07-2017-13:06:30:880 587956 588570 1
10-07-2017-13:06:30:921 588570 589184 1
10-07-2017-13:06:30:957 589184 589798 1
10-07-2017-13:06:30:992 589798 590412 1
10-07-2017-13:06:31:029 590412 591026 1
10-07-2017-13:06:31:073 591026 591640 1
10-07-2017-13:06:31:109 591640 592254 1
10-07-2017-13:06:31:144 592254 592868 1
10-07-2017-13:06:31:180 592868 593482 1
10-07-2017-13:06:31:226 593482 594096 1
10-07-2017-13:06:31:260 594096 594710 1
10-07-2017-13:06:31:296 594710 595324 1
10-07-2017-13:06:31:344 595324 595938 1
10-07-2017-13:06:31:377 595938 596552 1
10-07-2017-13:06:31:413 596552 597166 1
10-07-2017-13:06:31:448 597166 597780 1
10-07-2017-13:06:31:494 597780 598394 1
10-07-2017-13:06:31:530 598394 599008 1
10-07-2017-13:06:31:566 599008 599622 1
10-07-2017-13:06:31:984 599622 600236 1
10-07-2017-13:06:31:985 600236 600850 1
10-07-2017-13:06:31:985 600850 601464 1
10-07-2017-13:06:31:985 601464 602078 1
10-07-2017-13:06:31:985 602078 602692 1
10-07-2017-13:06:31:986 602692 603306 1
10-07-2017-13:06:31:986 603306 603920 1
10-07-2017-13:06:31:986 603920 604534 1
10-07-2017-13:06:31:986 604534 605148 1
10-07-2017-13:06:31:986 605148 605762 1
10-07-2017-13:06:31:992 605762 606376 1
10-07-2017-13:06:32:027 606376 606990 1
10-07-2017-13:06:32:065 606990 607604 1
10-07-2017-13:06:32:109 607604 608218 1
10-07-2017-13:06:32:144 608218 608832 1
10-07-2017-13:06:32:178 608832 609446 1
10-07-2017-13:06:32:225 609446 610060 1
10-07-2017-13:06:32:260 610060 610674 1
10-07-2017-13:06:32:295 610674 611288 1
10-07-2017-13:06:32:337 611288 611902 1
10-07-2017-13:06:32:386 611902 612516 1
10-07-2017-13:06:32:406 612516 613130 1
10-07-2017-13:06:32:454 613130 613744 1
10-07-2017-13:06:32:491 613744 614358 1
10-07-2017-13:06:32:524 614358 614972 1
10-07-2017-13:06:32:572 614972 615586 1
10-07-2017-13:06:32:605 615586 616200 1
10-07-2017-13:06:32:641 616200 616814 1
10-07-2017-13:06:32:680 616814 617428 1
10-07-2017-13:06:32:716 617428 618042 1
10-07-2017-13:06:32:763 618042 618656 1
10-07-2017-13:06:32:798 618656 619270 1
10-07-2017-13:06:32:833 619270 619884 1
10-07-2017-13:06:32:869 619884 620498 1
10-07-2017-13:06:32:914 620498 621112 1
10-07-2017-13:06:32:951 621112 621726 1
10-07-2017-13:06:32:987 621726 622340 1
10-07-2017-13:06:33:032 622340 622954 1
10-07-2017-13:06:33:067 622954 623568 1
10-07-2017-13:06:33:101 623568 624182 1
10-07-2017-13:06:33:137 624182 624796 1
10-07-2017-13:06:33:184 624796 625410 1
10-07-2017-13:06:33:222 625410 626024 1
10-07-2017-13:06:33:258 626024 626638 1
10-07-2017-13:06:33:292 626638 627252 1
10-07-2017-13:06:33:328 627252 627866 1
10-07-2017-13:06:33:375 627866 628480 1
10-07-2017-13:06:33:409 628480 629094 1
10-07-2017-13:06:33:445 629094 629708 1
