10-07-2017-13:07:11:754 0 800 1
10-07-2017-13:07:11:800 800 1600 1
10-07-2017-13:07:11:852 1600 2347 1
10-07-2017-13:07:11:905 2347 3054 1
10-07-2017-13:07:11:936 3054 3761 1
10-07-2017-13:07:11:982 3761 4468 1
10-07-2017-13:07:12:028 4468 5175 1
10-07-2017-13:07:12:077 5175 5882 1
10-07-2017-13:07:12:122 5882 6589 1
10-07-2017-13:07:12:159 6589 7296 1
10-07-2017-13:07:12:204 7296 8003 1
10-07-2017-13:07:12:255 8003 8710 1
10-07-2017-13:07:12:290 8710 9417 1
10-07-2017-13:07:12:337 9417 10124 1
10-07-2017-13:07:12:385 10124 10831 1
10-07-2017-13:07:12:425 10831 11538 1
10-07-2017-13:07:12:470 11538 12245 1
10-07-2017-13:07:12:518 12245 12952 1
10-07-2017-13:07:12:564 12952 13659 1
10-07-2017-13:07:12:600 13659 14366 1
10-07-2017-13:07:12:650 14366 15073 1
10-07-2017-13:07:12:701 15073 15780 1
10-07-2017-13:07:12:732 15780 16487 1
10-07-2017-13:07:12:780 16487 17194 1
10-07-2017-13:07:12:826 17194 17901 1
10-07-2017-13:07:12:877 17901 18608 1
10-07-2017-13:07:12:910 18608 19315 1
10-07-2017-13:07:12:958 19315 20022 1
10-07-2017-13:07:12:999 20022 20729 1
10-07-2017-13:07:13:045 20729 21436 1
10-07-2017-13:07:13:090 21436 22143 1
10-07-2017-13:07:13:140 22143 22850 1
10-07-2017-13:07:13:186 22850 23557 1
10-07-2017-13:07:13:220 23557 24264 1
10-07-2017-13:07:13:267 24264 24971 1
10-07-2017-13:07:13:313 24971 25678 1
10-07-2017-13:07:13:350 25678 26385 1
10-07-2017-13:07:13:402 26385 27092 1
10-07-2017-13:07:13:448 27092 27799 1
10-07-2017-13:07:13:484 27799 28506 1
10-07-2017-13:07:13:530 28506 29213 1
10-07-2017-13:07:13:578 29213 29920 1
10-07-2017-13:07:13:624 29920 30627 1
10-07-2017-13:07:13:658 30627 31334 1
10-07-2017-13:07:13:705 31334 32041 1
10-07-2017-13:07:13:755 32041 32748 1
10-07-2017-13:07:13:797 32748 33455 1
10-07-2017-13:07:13:843 33455 34162 1
10-07-2017-13:07:13:880 34162 34869 1
10-07-2017-13:07:13:931 34869 35576 1
10-07-2017-13:07:13:978 35576 36283 1
10-07-2017-13:07:14:013 36283 36990 1
10-07-2017-13:07:14:060 36990 37697 1
10-07-2017-13:07:14:102 37697 38404 1
10-07-2017-13:07:14:148 38404 39111 1
10-07-2017-13:07:14:195 39111 39818 1
10-07-2017-13:07:14:240 39818 40525 1
10-07-2017-13:07:14:287 40525 41232 1
10-07-2017-13:07:14:332 41232 41939 1
10-07-2017-13:07:14:372 41939 42646 1
10-07-2017-13:07:14:417 42646 43353 1
10-07-2017-13:07:14:464 43353 44060 1
10-07-2017-13:07:14:503 44060 44767 1
10-07-2017-13:07:14:548 44767 45474 1
10-07-2017-13:07:14:593 45474 46181 1
10-07-2017-13:07:14:642 46181 46888 1
10-07-2017-13:07:14:680 46888 47595 1
10-07-2017-13:07:14:727 47595 48302 1
10-07-2017-13:07:14:773 48302 49009 1
10-07-2017-13:07:14:809 49009 49716 1
10-07-2017-13:07:15:050 49716 50423 1
10-07-2017-13:07:15:051 50423 51130 1
10-07-2017-13:07:15:051 51130 51837 1
10-07-2017-13:07:15:051 51837 52544 1
10-07-2017-13:07:15:051 52544 53251 1
10-07-2017-13:07:15:083 53251 53958 1
10-07-2017-13:07:15:118 53958 54665 1
10-07-2017-13:07:15:167 54665 55372 1
10-07-2017-13:07:15:215 55372 56079 1
10-07-2017-13:07:15:250 56079 56786 1
10-07-2017-13:07:15:296 56786 57493 1
10-07-2017-13:07:15:348 57493 58200 1
10-07-2017-13:07:15:382 58200 58907 1
10-07-2017-13:07:15:429 58907 59614 1
10-07-2017-13:07:15:474 59614 60321 1
10-07-2017-13:07:15:521 60321 61028 1
10-07-2017-13:07:15:560 61028 61735 1
10-07-2017-13:07:15:606 61735 62442 1
10-07-2017-13:07:15:660 62442 63149 1
10-07-2017-13:07:15:700 63149 63856 1
10-07-2017-13:07:15:748 63856 64563 1
10-07-2017-13:07:15:782 64563 65270 1
10-07-2017-13:07:15:828 65270 65977 1
10-07-2017-13:07:15:876 65977 66684 1
10-07-2017-13:07:15:921 66684 67391 1
10-07-2017-13:07:15:960 67391 68098 1
10-07-2017-13:07:16:008 68098 68805 1
10-07-2017-13:07:16:054 68805 69512 1
10-07-2017-13:07:16:091 69512 70219 1
10-07-2017-13:07:16:142 70219 70926 1
10-07-2017-13:07:16:187 70926 71633 1
10-07-2017-13:07:16:231 71633 72340 1
10-07-2017-13:07:16:271 72340 73047 1
10-07-2017-13:07:16:314 73047 73754 1
10-07-2017-13:07:16:362 73754 74461 1
10-07-2017-13:07:16:400 74461 75168 1
10-07-2017-13:07:16:447 75168 75875 1
10-07-2017-13:07:16:495 75875 76582 1
10-07-2017-13:07:16:540 76582 77289 1
10-07-2017-13:07:16:578 77289 77996 1
10-07-2017-13:07:16:622 77996 78703 1
10-07-2017-13:07:16:675 78703 79410 1
10-07-2017-13:07:16:709 79410 80117 1
10-07-2017-13:07:16:756 80117 80824 1
10-07-2017-13:07:16:804 80824 81531 1
10-07-2017-13:07:16:849 81531 82238 1
10-07-2017-13:07:16:888 82238 82945 1
10-07-2017-13:07:16:935 82945 83652 1
10-07-2017-13:07:16:982 83652 84359 1
10-07-2017-13:07:17:016 84359 85066 1
10-07-2017-13:07:17:064 85066 85773 1
10-07-2017-13:07:17:112 85773 86480 1
10-07-2017-13:07:17:157 86480 87187 1
10-07-2017-13:07:17:204 87187 87894 1
10-07-2017-13:07:17:243 87894 88601 1
10-07-2017-13:07:17:282 88601 89308 1
10-07-2017-13:07:17:330 89308 90015 1
10-07-2017-13:07:17:376 90015 90722 1
10-07-2017-13:07:17:416 90722 91429 1
10-07-2017-13:07:17:465 91429 92136 1
10-07-2017-13:07:17:513 92136 92843 1
10-07-2017-13:07:17:546 92843 93550 1
10-07-2017-13:07:17:594 93550 94257 1
10-07-2017-13:07:17:645 94257 94964 1
10-07-2017-13:07:17:688 94964 95671 1
10-07-2017-13:07:17:736 95671 96378 1
10-07-2017-13:07:17:774 96378 97085 1
10-07-2017-13:07:17:821 97085 97792 1
10-07-2017-13:07:17:867 97792 98499 1
10-07-2017-13:07:17:902 98499 99206 1
10-07-2017-13:07:17:949 99206 99913 1
10-07-2017-13:07:18:294 99913 100620 1
10-07-2017-13:07:18:295 100620 101327 1
10-07-2017-13:07:18:295 101327 102034 1
10-07-2017-13:07:18:295 102034 102741 1
10-07-2017-13:07:18:296 102741 103448 1
10-07-2017-13:07:18:296 103448 104155 1
10-07-2017-13:07:18:296 104155 104862 1
10-07-2017-13:07:18:306 104862 105569 1
10-07-2017-13:07:18:348 105569 106276 1
10-07-2017-13:07:18:393 106276 106983 1
10-07-2017-13:07:18:440 106983 107690 1
10-07-2017-13:07:18:488 107690 108397 1
10-07-2017-13:07:18:520 108397 109104 1
10-07-2017-13:07:18:568 109104 109811 1
10-07-2017-13:07:18:619 109811 110518 1
10-07-2017-13:07:18:661 110518 111225 1
10-07-2017-13:07:18:705 111225 111932 1
10-07-2017-13:07:18:741 111932 112639 1
10-07-2017-13:07:18:790 112639 113346 1
10-07-2017-13:07:18:836 113346 114053 1
10-07-2017-13:07:18:876 114053 114760 1
10-07-2017-13:07:18:927 114760 115467 1
10-07-2017-13:07:18:969 115467 116174 1
10-07-2017-13:07:19:015 116174 116881 1
10-07-2017-13:07:19:050 116881 117588 1
10-07-2017-13:07:19:098 117588 118295 1
10-07-2017-13:07:19:144 118295 119002 1
10-07-2017-13:07:19:187 119002 119709 1
10-07-2017-13:07:19:234 119709 120416 1
10-07-2017-13:07:19:288 120416 121123 1
10-07-2017-13:07:19:315 121123 121830 1
10-07-2017-13:07:19:361 121830 122537 1
10-07-2017-13:07:19:408 122537 123244 1
10-07-2017-13:07:19:457 123244 123951 1
10-07-2017-13:07:19:503 123951 124658 1
10-07-2017-13:07:19:542 124658 125365 1
10-07-2017-13:07:19:674 125365 126072 1
10-07-2017-13:07:19:676 126072 126779 1
10-07-2017-13:07:19:676 126779 127486 1
10-07-2017-13:07:19:721 127486 128193 1
10-07-2017-13:07:19:767 128193 128900 1
10-07-2017-13:07:19:804 128900 129607 1
10-07-2017-13:07:19:850 129607 130314 1
10-07-2017-13:07:19:889 130314 131021 1
10-07-2017-13:07:19:936 131021 131728 1
10-07-2017-13:07:19:982 131728 132435 1
10-07-2017-13:07:20:029 132435 133142 1
10-07-2017-13:07:20:077 133142 133849 1
10-07-2017-13:07:20:111 133849 134556 1
10-07-2017-13:07:20:153 134556 135263 1
10-07-2017-13:07:20:201 135263 135970 1
10-07-2017-13:07:20:247 135970 136677 1
10-07-2017-13:07:20:293 136677 137384 1
10-07-2017-13:07:20:340 137384 138091 1
10-07-2017-13:07:20:376 138091 138798 1
10-07-2017-13:07:20:424 138798 139505 1
10-07-2017-13:07:20:636 139505 140212 1
10-07-2017-13:07:20:637 140212 140919 1
10-07-2017-13:07:20:638 140919 141626 1
10-07-2017-13:07:20:641 141626 142333 1
10-07-2017-13:07:20:663 142333 143040 1
10-07-2017-13:07:20:683 143040 143747 1
10-07-2017-13:07:20:734 143747 144454 1
10-07-2017-13:07:20:782 144454 145161 1
10-07-2017-13:07:20:818 145161 145868 1
10-07-2017-13:07:20:863 145868 146575 1
10-07-2017-13:07:20:912 146575 147282 1
10-07-2017-13:07:20:958 147282 147989 1
10-07-2017-13:07:20:996 147989 148696 1
10-07-2017-13:07:21:042 148696 149403 1
10-07-2017-13:07:21:089 149403 150110 1
10-07-2017-13:07:21:135 150110 150817 1
10-07-2017-13:07:21:171 150817 151524 1
10-07-2017-13:07:21:217 151524 152231 1
10-07-2017-13:07:21:286 152231 152938 1
10-07-2017-13:07:21:309 152938 153645 1
10-07-2017-13:07:21:355 153645 154352 1
10-07-2017-13:07:21:401 154352 155059 1
10-07-2017-13:07:21:436 155059 155766 1
10-07-2017-13:07:21:483 155766 156473 1
10-07-2017-13:07:21:531 156473 157180 1
10-07-2017-13:07:21:577 157180 157887 1
10-07-2017-13:07:21:615 157887 158594 1
10-07-2017-13:07:21:662 158594 159301 1
10-07-2017-13:07:21:708 159301 160008 1
10-07-2017-13:07:21:753 160008 160715 1
10-07-2017-13:07:21:788 160715 161422 1
10-07-2017-13:07:21:836 161422 162129 1
10-07-2017-13:07:21:882 162129 162836 1
10-07-2017-13:07:21:929 162836 163543 1
10-07-2017-13:07:21:976 163543 164250 1
10-07-2017-13:07:22:011 164250 164957 1
10-07-2017-13:07:22:061 164957 165664 1
10-07-2017-13:07:22:109 165664 166371 1
10-07-2017-13:07:22:144 166371 167078 1
10-07-2017-13:07:22:191 167078 167785 1
10-07-2017-13:07:22:238 167785 168492 1
10-07-2017-13:07:22:283 168492 169199 1
10-07-2017-13:07:22:322 169199 169906 1
10-07-2017-13:07:22:368 169906 170613 1
10-07-2017-13:07:22:418 170613 171320 1
10-07-2017-13:07:22:463 171320 172027 1
10-07-2017-13:07:22:500 172027 172734 1
10-07-2017-13:07:22:544 172734 173441 1
10-07-2017-13:07:22:591 173441 174148 1
10-07-2017-13:07:22:629 174148 174855 1
10-07-2017-13:07:22:681 174855 175562 1
10-07-2017-13:07:22:722 175562 176269 1
10-07-2017-13:07:22:769 176269 176976 1
10-07-2017-13:07:22:817 176976 177683 1
10-07-2017-13:07:22:850 177683 178390 1
10-07-2017-13:07:22:900 178390 179097 1
10-07-2017-13:07:22:948 179097 179804 1
10-07-2017-13:07:22:983 179804 180511 1
10-07-2017-13:07:23:030 180511 181218 1
10-07-2017-13:07:23:079 181218 181925 1
10-07-2017-13:07:23:124 181925 182632 1
10-07-2017-13:07:23:160 182632 183339 1
10-07-2017-13:07:23:207 183339 184046 1
10-07-2017-13:07:23:257 184046 184753 1
10-07-2017-13:07:23:400 184753 185460 1
10-07-2017-13:07:23:401 185460 186167 1
10-07-2017-13:07:23:401 186167 186874 1
10-07-2017-13:07:23:424 186874 187581 1
10-07-2017-13:07:23:476 187581 188240 1
10-07-2017-13:07:23:513 188240 188899 1
10-07-2017-13:07:23:549 188899 189558 1
10-07-2017-13:07:23:596 189558 190217 1
10-07-2017-13:07:23:631 190217 190876 1
10-07-2017-13:07:23:678 190876 191535 1
10-07-2017-13:07:23:714 191535 192194 1
10-07-2017-13:07:23:764 192194 192853 1
10-07-2017-13:07:23:798 192853 193512 1
10-07-2017-13:07:23:844 193512 194171 1
10-07-2017-13:07:23:880 194171 194830 1
10-07-2017-13:07:23:926 194830 195489 1
10-07-2017-13:07:23:960 195489 196148 1
10-07-2017-13:07:24:007 196148 196807 1
10-07-2017-13:07:24:043 196807 197466 1
10-07-2017-13:07:24:087 197466 198125 1
10-07-2017-13:07:24:131 198125 198784 1
10-07-2017-13:07:24:167 198784 199443 1
10-07-2017-13:07:24:215 199443 200102 1
10-07-2017-13:07:24:249 200102 200761 1
10-07-2017-13:07:24:296 200761 201420 1
10-07-2017-13:07:24:331 201420 202079 1
10-07-2017-13:07:24:374 202079 202738 1
10-07-2017-13:07:24:422 202738 203397 1
10-07-2017-13:07:24:456 203397 204056 1
10-07-2017-13:07:24:502 204056 204715 1
10-07-2017-13:07:24:538 204715 205374 1
10-07-2017-13:07:24:585 205374 206033 1
10-07-2017-13:07:24:621 206033 206692 1
10-07-2017-13:07:24:664 206692 207351 1
10-07-2017-13:07:24:710 207351 208010 1
10-07-2017-13:07:24:747 208010 208669 1
10-07-2017-13:07:24:788 208669 209328 1
10-07-2017-13:07:24:834 209328 209987 1
10-07-2017-13:07:24:869 209987 210646 1
10-07-2017-13:07:24:917 210646 211305 1
10-07-2017-13:07:24:951 211305 211964 1
10-07-2017-13:07:24:998 211964 212623 1
10-07-2017-13:07:25:034 212623 213282 1
10-07-2017-13:07:25:080 213282 213941 1
10-07-2017-13:07:25:120 213941 214600 1
10-07-2017-13:07:25:153 214600 215259 1
10-07-2017-13:07:25:202 215259 215918 1
10-07-2017-13:07:25:247 215918 216577 1
10-07-2017-13:07:25:283 216577 217236 1
10-07-2017-13:07:25:329 217236 217895 1
10-07-2017-13:07:25:364 217895 218554 1
10-07-2017-13:07:25:403 218554 219213 1
10-07-2017-13:07:25:449 219213 219872 1
10-07-2017-13:07:25:485 219872 220531 1
10-07-2017-13:07:25:530 220531 221190 1
10-07-2017-13:07:25:591 221190 221849 1
10-07-2017-13:07:25:614 221849 222508 1
10-07-2017-13:07:25:647 222508 223167 1
10-07-2017-13:07:25:699 223167 223826 1
10-07-2017-13:07:25:734 223826 224485 1
10-07-2017-13:07:25:780 224485 225144 1
10-07-2017-13:07:25:816 225144 225803 1
10-07-2017-13:07:25:864 225803 226462 1
10-07-2017-13:07:25:898 226462 227121 1
10-07-2017-13:07:25:944 227121 227780 1
10-07-2017-13:07:25:983 227780 228439 1
10-07-2017-13:07:26:030 228439 229098 1
10-07-2017-13:07:26:067 229098 229757 1
10-07-2017-13:07:26:111 229757 230416 1
10-07-2017-13:07:26:146 230416 231075 1
10-07-2017-13:07:26:193 231075 231734 1
10-07-2017-13:07:26:233 231734 232393 1
10-07-2017-13:07:26:270 232393 233052 1
10-07-2017-13:07:26:318 233052 233711 1
10-07-2017-13:07:26:352 233711 234370 1
10-07-2017-13:07:26:400 234370 235029 1
10-07-2017-13:07:26:433 235029 235688 1
10-07-2017-13:07:26:484 235688 236347 1
10-07-2017-13:07:26:516 236347 237006 1
10-07-2017-13:07:26:562 237006 237665 1
10-07-2017-13:07:26:602 237665 238324 1
10-07-2017-13:07:26:636 238324 238983 1
10-07-2017-13:07:26:688 238983 239640 1
10-07-2017-13:07:26:724 239640 240297 1
10-07-2017-13:07:26:836 240297 240954 1
10-07-2017-13:07:26:837 240954 241611 1
10-07-2017-13:07:26:844 241611 242268 1
10-07-2017-13:07:26:891 242268 242925 1
10-07-2017-13:07:26:925 242925 243582 1
10-07-2017-13:07:26:973 243582 244239 1
10-07-2017-13:07:27:010 244239 244896 1
10-07-2017-13:07:27:053 244896 245553 1
10-07-2017-13:07:27:089 245553 246210 1
10-07-2017-13:07:27:140 246210 246867 1
10-07-2017-13:07:27:179 246867 247524 1
10-07-2017-13:07:27:215 247524 248181 1
10-07-2017-13:07:27:264 248181 248838 1
10-07-2017-13:07:27:296 248838 249495 1
10-07-2017-13:07:27:342 249495 250152 1
10-07-2017-13:07:27:378 250152 250809 1
10-07-2017-13:07:27:428 250809 251466 1
10-07-2017-13:07:27:469 251466 252123 1
10-07-2017-13:07:27:502 252123 252780 1
10-07-2017-13:07:27:548 252780 253437 1
10-07-2017-13:07:27:584 253437 254094 1
10-07-2017-13:07:27:631 254094 254751 1
10-07-2017-13:07:27:671 254751 255408 1
10-07-2017-13:07:27:712 255408 256065 1
10-07-2017-13:07:27:752 256065 256722 1
10-07-2017-13:07:27:786 256722 257379 1
10-07-2017-13:07:27:835 257379 258036 1
10-07-2017-13:07:28:036 258036 258693 1
10-07-2017-13:07:28:037 258693 259350 1
10-07-2017-13:07:28:037 259350 260007 1
10-07-2017-13:07:28:037 260007 260664 1
10-07-2017-13:07:28:037 260664 261321 1
10-07-2017-13:07:28:083 261321 261978 1
10-07-2017-13:07:28:118 261978 262635 1
10-07-2017-13:07:28:168 262635 263292 1
10-07-2017-13:07:28:208 263292 263949 1
10-07-2017-13:07:28:243 263949 264606 1
10-07-2017-13:07:28:291 264606 265263 1
10-07-2017-13:07:28:324 265263 265920 1
10-07-2017-13:07:28:371 265920 266577 1
10-07-2017-13:07:28:407 266577 267234 1
10-07-2017-13:07:28:453 267234 267891 1
10-07-2017-13:07:28:491 267891 268548 1
10-07-2017-13:07:28:527 268548 269205 1
10-07-2017-13:07:28:574 269205 269862 1
10-07-2017-13:07:28:609 269862 270519 1
10-07-2017-13:07:28:661 270519 271176 1
10-07-2017-13:07:28:692 271176 271833 1
10-07-2017-13:07:28:736 271833 272490 1
10-07-2017-13:07:28:781 272490 273147 1
10-07-2017-13:07:28:816 273147 273804 1
10-07-2017-13:07:28:862 273804 274461 1
10-07-2017-13:07:28:899 274461 275118 1
10-07-2017-13:07:28:944 275118 275775 1
10-07-2017-13:07:28:980 275775 276432 1
10-07-2017-13:07:29:028 276432 277089 1
10-07-2017-13:07:29:062 277089 277746 1
10-07-2017-13:07:29:099 277746 278403 1
10-07-2017-13:07:29:148 278403 279060 1
10-07-2017-13:07:29:182 279060 279717 1
10-07-2017-13:07:29:229 279717 280374 1
10-07-2017-13:07:29:296 280374 281031 1
10-07-2017-13:07:29:315 281031 281688 1
10-07-2017-13:07:29:348 281688 282345 1
10-07-2017-13:07:29:395 282345 283002 1
10-07-2017-13:07:29:431 283002 283659 1
10-07-2017-13:07:29:476 283659 284316 1
10-07-2017-13:07:29:511 284316 284973 1
10-07-2017-13:07:29:558 284973 285630 1
10-07-2017-13:07:29:594 285630 286287 1
10-07-2017-13:07:29:643 286287 286944 1
10-07-2017-13:07:29:676 286944 287601 1
10-07-2017-13:07:29:718 287601 288258 1
10-07-2017-13:07:29:763 288258 288915 1
10-07-2017-13:07:29:798 288915 289572 1
10-07-2017-13:07:29:846 289572 290229 1
10-07-2017-13:07:29:882 290229 290886 1
10-07-2017-13:07:29:927 290886 291543 1
10-07-2017-13:07:29:964 291543 292200 1
10-07-2017-13:07:30:009 292200 292857 1
10-07-2017-13:07:30:049 292857 293514 1
10-07-2017-13:07:30:087 293514 294171 1
10-07-2017-13:07:30:134 294171 294828 1
10-07-2017-13:07:30:168 294828 295485 1
10-07-2017-13:07:30:216 295485 296142 1
10-07-2017-13:07:30:251 296142 296799 1
10-07-2017-13:07:30:296 296799 297456 1
10-07-2017-13:07:30:332 297456 298113 1
10-07-2017-13:07:30:379 298113 298770 1
10-07-2017-13:07:30:418 298770 299427 1
10-07-2017-13:07:30:465 299427 300084 1
10-07-2017-13:07:30:500 300084 300741 1
10-07-2017-13:07:30:547 300741 301398 1
10-07-2017-13:07:30:583 301398 302055 1
10-07-2017-13:07:30:629 302055 302712 1
10-07-2017-13:07:30:669 302712 303369 1
10-07-2017-13:07:30:704 303369 304026 1
10-07-2017-13:07:30:749 304026 304683 1
10-07-2017-13:07:30:789 304683 305340 1
10-07-2017-13:07:30:839 305340 305997 1
10-07-2017-13:07:30:867 305997 306654 1
10-07-2017-13:07:30:913 306654 307311 1
10-07-2017-13:07:30:948 307311 307968 1
10-07-2017-13:07:30:996 307968 308625 1
10-07-2017-13:07:31:031 308625 309282 1
10-07-2017-13:07:31:079 309282 309939 1
10-07-2017-13:07:31:112 309939 310596 1
10-07-2017-13:07:31:156 310596 311253 1
10-07-2017-13:07:31:204 311253 311910 1
10-07-2017-13:07:31:237 311910 312567 1
10-07-2017-13:07:31:284 312567 313224 1
10-07-2017-13:07:31:320 313224 313881 1
10-07-2017-13:07:31:365 313881 314538 1
10-07-2017-13:07:31:401 314538 315195 1
10-07-2017-13:07:31:448 315195 315852 1
10-07-2017-13:07:31:487 315852 316509 1
10-07-2017-13:07:31:533 316509 317166 1
10-07-2017-13:07:31:568 317166 317823 1
10-07-2017-13:07:31:615 317823 318480 1
10-07-2017-13:07:31:772 318480 319137 1
10-07-2017-13:07:31:773 319137 319794 1
10-07-2017-13:07:31:774 319794 320451 1
10-07-2017-13:07:31:778 320451 321108 1
10-07-2017-13:07:31:817 321108 321765 1
10-07-2017-13:07:31:855 321765 322422 1
10-07-2017-13:07:31:906 322422 323079 1
10-07-2017-13:07:31:938 323079 323736 1
10-07-2017-13:07:31:984 323736 324393 1
10-07-2017-13:07:32:020 324393 325050 1
10-07-2017-13:07:32:067 325050 325707 1
10-07-2017-13:07:32:103 325707 326364 1
10-07-2017-13:07:32:141 326364 327021 1
10-07-2017-13:07:32:181 327021 327678 1
10-07-2017-13:07:32:227 327678 328335 1
10-07-2017-13:07:32:263 328335 328992 1
10-07-2017-13:07:32:313 328992 329649 1
10-07-2017-13:07:32:347 329649 330306 1
10-07-2017-13:07:32:396 330306 330963 1
10-07-2017-13:07:32:438 330963 331620 1
10-07-2017-13:07:32:473 331620 332277 1
10-07-2017-13:07:32:508 332277 332934 1
10-07-2017-13:07:32:556 332934 333591 1
10-07-2017-13:07:32:607 333591 334248 1
10-07-2017-13:07:32:636 334248 334905 1
10-07-2017-13:07:32:683 334905 335562 1
10-07-2017-13:07:32:722 335562 336219 1
10-07-2017-13:07:32:757 336219 336876 1
10-07-2017-13:07:32:805 336876 337533 1
10-07-2017-13:07:32:839 337533 338190 1
10-07-2017-13:07:32:886 338190 338847 1
10-07-2017-13:07:32:923 338847 339504 1
10-07-2017-13:07:32:971 339504 340161 1
10-07-2017-13:07:33:011 340161 340818 1
10-07-2017-13:07:33:045 340818 341475 1
10-07-2017-13:07:33:091 341475 342132 1
10-07-2017-13:07:33:127 342132 342789 1
10-07-2017-13:07:33:175 342789 343446 1
10-07-2017-13:07:33:208 343446 344103 1
10-07-2017-13:07:33:253 344103 344760 1
10-07-2017-13:07:33:300 344760 345417 1
10-07-2017-13:07:33:353 345417 346074 1
10-07-2017-13:07:33:385 346074 346731 1
10-07-2017-13:07:33:416 346731 347388 1
10-07-2017-13:07:33:463 347388 348045 1
10-07-2017-13:07:33:501 348045 348702 1
10-07-2017-13:07:33:545 348702 349359 1
10-07-2017-13:07:33:587 349359 350016 1
10-07-2017-13:07:33:623 350016 350673 1
10-07-2017-13:07:33:657 350673 351330 1
10-07-2017-13:07:33:703 351330 351987 1
10-07-2017-13:07:33:751 351987 352644 1
10-07-2017-13:07:33:791 352644 353301 1
10-07-2017-13:07:33:825 353301 353958 1
10-07-2017-13:07:33:873 353958 354615 1
10-07-2017-13:07:33:904 354615 355272 1
10-07-2017-13:07:33:952 355272 355929 1
10-07-2017-13:07:33:985 355929 356586 1
10-07-2017-13:07:34:032 356586 357243 1
10-07-2017-13:07:34:080 357243 357900 1
10-07-2017-13:07:34:115 357900 358557 1
10-07-2017-13:07:34:161 358557 359214 1
10-07-2017-13:07:34:196 359214 359871 1
10-07-2017-13:07:34:244 359871 360528 1
10-07-2017-13:07:34:276 360528 361185 1
10-07-2017-13:07:34:322 361185 361842 1
10-07-2017-13:07:34:358 361842 362499 1
10-07-2017-13:07:34:404 362499 363156 1
10-07-2017-13:07:34:440 363156 363813 1
10-07-2017-13:07:34:485 363813 364470 1
10-07-2017-13:07:34:521 364470 365127 1
10-07-2017-13:07:34:567 365127 365784 1
10-07-2017-13:07:34:613 365784 366441 1
10-07-2017-13:07:34:663 366441 367098 1
10-07-2017-13:07:34:690 367098 367755 1
10-07-2017-13:07:34:734 367755 368412 1
10-07-2017-13:07:34:769 368412 369069 1
10-07-2017-13:07:34:817 369069 369726 1
10-07-2017-13:07:34:852 369726 370383 1
10-07-2017-13:07:34:895 370383 371040 1
10-07-2017-13:07:34:941 371040 371697 1
10-07-2017-13:07:34:976 371697 372354 1
10-07-2017-13:07:35:025 372354 373011 1
10-07-2017-13:07:35:057 373011 373668 1
10-07-2017-13:07:35:104 373668 374325 1
10-07-2017-13:07:35:139 374325 374982 1
10-07-2017-13:07:35:189 374982 375639 1
10-07-2017-13:07:35:226 375639 376296 1
10-07-2017-13:07:35:262 376296 376953 1
10-07-2017-13:07:35:307 376953 377610 1
10-07-2017-13:07:35:343 377610 378267 1
10-07-2017-13:07:35:392 378267 378924 1
10-07-2017-13:07:35:426 378924 379581 1
10-07-2017-13:07:35:473 379581 380238 1
10-07-2017-13:07:35:509 380238 380895 1
10-07-2017-13:07:35:555 380895 381552 1
10-07-2017-13:07:35:592 381552 382209 1
10-07-2017-13:07:35:638 382209 382866 1
10-07-2017-13:07:35:672 382866 383523 1
10-07-2017-13:07:35:723 383523 384174 1
10-07-2017-13:07:35:753 384174 384825 1
10-07-2017-13:07:35:801 384825 385476 1
10-07-2017-13:07:35:951 385476 386127 1
10-07-2017-13:07:35:952 386127 386778 1
10-07-2017-13:07:35:952 386778 387429 1
10-07-2017-13:07:35:964 387429 388080 1
10-07-2017-13:07:36:000 388080 388731 1
10-07-2017-13:07:36:046 388731 389382 1
10-07-2017-13:07:36:077 389382 390033 1
10-07-2017-13:07:36:123 390033 390684 1
10-07-2017-13:07:36:159 390684 391335 1
10-07-2017-13:07:36:205 391335 391986 1
10-07-2017-13:07:36:241 391986 392637 1
10-07-2017-13:07:36:288 392637 393288 1
10-07-2017-13:07:36:321 393288 393939 1
10-07-2017-13:07:36:373 393939 394587 1
10-07-2017-13:07:36:412 394587 395235 1
10-07-2017-13:07:36:448 395235 395883 1
10-07-2017-13:07:36:493 395883 396531 1
10-07-2017-13:07:36:528 396531 397179 1
10-07-2017-13:07:36:563 397179 397827 1
10-07-2017-13:07:36:610 397827 398475 1
10-07-2017-13:07:36:646 398475 399123 1
10-07-2017-13:07:36:686 399123 399771 1
10-07-2017-13:07:36:731 399771 400419 1
10-07-2017-13:07:36:767 400419 401067 1
10-07-2017-13:07:36:813 401067 401715 1
10-07-2017-13:07:36:850 401715 402363 1
10-07-2017-13:07:36:896 402363 403011 1
10-07-2017-13:07:36:930 403011 403659 1
10-07-2017-13:07:36:978 403659 404307 1
10-07-2017-13:07:37:011 404307 404955 1
10-07-2017-13:07:37:059 404955 405603 1
10-07-2017-13:07:37:097 405603 406251 1
10-07-2017-13:07:37:133 406251 406899 1
10-07-2017-13:07:37:179 406899 407547 1
10-07-2017-13:07:37:215 407547 408195 1
10-07-2017-13:07:37:261 408195 408843 1
10-07-2017-13:07:37:296 408843 409491 1
10-07-2017-13:07:37:364 409491 410139 1
10-07-2017-13:07:37:386 410139 410787 1
10-07-2017-13:07:37:420 410787 411435 1
10-07-2017-13:07:37:455 411435 412083 1
10-07-2017-13:07:37:503 412083 412731 1
10-07-2017-13:07:37:539 412731 413379 1
10-07-2017-13:07:37:584 413379 414027 1
10-07-2017-13:07:37:620 414027 414675 1
10-07-2017-13:07:37:666 414675 415323 1
10-07-2017-13:07:37:699 415323 415971 1
10-07-2017-13:07:37:739 415971 416619 1
10-07-2017-13:07:37:784 416619 417267 1
10-07-2017-13:07:37:820 417267 417915 1
10-07-2017-13:07:37:867 417915 418563 1
10-07-2017-13:07:37:903 418563 419211 1
10-07-2017-13:07:37:950 419211 419859 1
10-07-2017-13:07:37:991 419859 420507 1
10-07-2017-13:07:38:026 420507 421155 1
10-07-2017-13:07:38:074 421155 421803 1
10-07-2017-13:07:38:109 421803 422451 1
10-07-2017-13:07:38:143 422451 423099 1
10-07-2017-13:07:38:192 423099 423747 1
10-07-2017-13:07:38:226 423747 424395 1
10-07-2017-13:07:38:275 424395 425043 1
10-07-2017-13:07:38:311 425043 425691 1
10-07-2017-13:07:38:345 425691 426339 1
10-07-2017-13:07:38:393 426339 426987 1
10-07-2017-13:07:38:429 426987 427635 1
10-07-2017-13:07:38:474 427635 428283 1
10-07-2017-13:07:38:510 428283 428931 1
10-07-2017-13:07:38:556 428931 429579 1
10-07-2017-13:07:38:599 429579 430227 1
10-07-2017-13:07:38:634 430227 430875 1
10-07-2017-13:07:38:675 430875 431523 1
10-07-2017-13:07:38:711 431523 432171 1
10-07-2017-13:07:38:758 432171 432819 1
10-07-2017-13:07:38:792 432819 433467 1
10-07-2017-13:07:38:840 433467 434115 1
10-07-2017-13:07:38:875 434115 434763 1
10-07-2017-13:07:38:916 434763 435411 1
10-07-2017-13:07:38:962 435411 436059 1
10-07-2017-13:07:38:998 436059 436707 1
10-07-2017-13:07:39:045 436707 437355 1
10-07-2017-13:07:39:083 437355 438003 1
10-07-2017-13:07:39:114 438003 438651 1
10-07-2017-13:07:39:164 438651 439299 1
10-07-2017-13:07:39:201 439299 439947 1
10-07-2017-13:07:39:243 439947 440595 1
10-07-2017-13:07:39:287 440595 441243 1
10-07-2017-13:07:39:323 441243 441891 1
10-07-2017-13:07:39:369 441891 442539 1
10-07-2017-13:07:39:405 442539 443187 1
10-07-2017-13:07:39:439 443187 443835 1
10-07-2017-13:07:39:487 443835 444483 1
10-07-2017-13:07:39:522 444483 445131 1
10-07-2017-13:07:39:574 445131 445774 1
10-07-2017-13:07:39:612 445774 446417 1
10-07-2017-13:07:39:647 446417 447060 1
10-07-2017-13:07:39:682 447060 447703 1
10-07-2017-13:07:39:729 447703 448346 1
10-07-2017-13:07:39:764 448346 448989 1
10-07-2017-13:07:39:810 448989 449632 1
10-07-2017-13:07:39:844 449632 450275 1
10-07-2017-13:07:39:988 450275 450918 1
10-07-2017-13:07:39:989 450918 451561 1
10-07-2017-13:07:39:989 451561 452204 1
10-07-2017-13:07:40:012 452204 452847 1
10-07-2017-13:07:40:044 452847 453490 1
10-07-2017-13:07:40:090 453490 454133 1
10-07-2017-13:07:40:126 454133 454776 1
10-07-2017-13:07:40:170 454776 455419 1
10-07-2017-13:07:40:213 455419 456062 1
10-07-2017-13:07:40:246 456062 456705 1
10-07-2017-13:07:40:292 456705 457348 1
10-07-2017-13:07:40:327 457348 457991 1
10-07-2017-13:07:40:375 457991 458634 1
10-07-2017-13:07:40:414 458634 459277 1
10-07-2017-13:07:40:445 459277 459920 1
10-07-2017-13:07:40:492 459920 460563 1
10-07-2017-13:07:40:527 460563 461206 1
10-07-2017-13:07:40:575 461206 461849 1
10-07-2017-13:07:40:608 461849 462492 1
10-07-2017-13:07:40:660 462492 463107 1
10-07-2017-13:07:40:687 463107 463722 1
10-07-2017-13:07:40:731 463722 464337 1
10-07-2017-13:07:40:766 464337 464952 1
10-07-2017-13:07:40:801 464952 465567 1
10-07-2017-13:07:40:837 465567 466182 1
10-07-2017-13:07:40:883 466182 466797 1
10-07-2017-13:07:40:919 466797 467412 1
10-07-2017-13:07:40:961 467412 468027 1
10-07-2017-13:07:40:992 468027 468642 1
10-07-2017-13:07:41:032 468642 469257 1
10-07-2017-13:07:41:078 469257 469872 1
10-07-2017-13:07:41:114 469872 470487 1
10-07-2017-13:07:41:149 470487 471102 1
10-07-2017-13:07:41:182 471102 471717 1
10-07-2017-13:07:41:229 471717 472332 1
10-07-2017-13:07:41:263 472332 472947 1
10-07-2017-13:07:41:299 472947 473562 1
10-07-2017-13:07:41:346 473562 474177 1
10-07-2017-13:07:41:382 474177 474792 1
10-07-2017-13:07:41:415 474792 475407 1
10-07-2017-13:07:41:479 475407 476022 1
10-07-2017-13:07:41:498 476022 476637 1
10-07-2017-13:07:41:533 476637 477252 1
10-07-2017-13:07:41:568 477252 477867 1
10-07-2017-13:07:41:614 477867 478482 1
10-07-2017-13:07:41:650 478482 479097 1
10-07-2017-13:07:41:689 479097 479712 1
10-07-2017-13:07:41:724 479712 480327 1
10-07-2017-13:07:41:759 480327 480942 1
10-07-2017-13:07:41:805 480942 481557 1
10-07-2017-13:07:41:841 481557 482172 1
10-07-2017-13:07:41:877 482172 482787 1
10-07-2017-13:07:41:923 482787 483402 1
10-07-2017-13:07:41:957 483402 484017 1
10-07-2017-13:07:41:992 484017 484632 1
10-07-2017-13:07:42:030 484632 485247 1
10-07-2017-13:07:42:065 485247 485862 1
10-07-2017-13:07:42:112 485862 486477 1
10-07-2017-13:07:42:147 486477 487092 1
10-07-2017-13:07:42:184 487092 487707 1
10-07-2017-13:07:42:230 487707 488322 1
10-07-2017-13:07:42:266 488322 488937 1
10-07-2017-13:07:42:303 488937 489552 1
10-07-2017-13:07:42:343 489552 490167 1
10-07-2017-13:07:42:378 490167 490782 1
10-07-2017-13:07:42:413 490782 491397 1
10-07-2017-13:07:42:460 491397 492012 1
10-07-2017-13:07:42:494 492012 492627 1
10-07-2017-13:07:42:530 492627 493242 1
10-07-2017-13:07:42:575 493242 493857 1
10-07-2017-13:07:42:615 493857 494472 1
10-07-2017-13:07:42:643 494472 495087 1
10-07-2017-13:07:42:684 495087 495702 1
10-07-2017-13:07:42:720 495702 496317 1
10-07-2017-13:07:42:766 496317 496932 1
10-07-2017-13:07:42:801 496932 497547 1
10-07-2017-13:07:42:840 497547 498162 1
10-07-2017-13:07:42:876 498162 498777 1
10-07-2017-13:07:42:923 498777 499392 1
10-07-2017-13:07:42:957 499392 500007 1
10-07-2017-13:07:42:992 500007 500622 1
10-07-2017-13:07:43:028 500622 501237 1
10-07-2017-13:07:43:075 501237 501852 1
10-07-2017-13:07:43:111 501852 502467 1
10-07-2017-13:07:43:151 502467 503082 1
10-07-2017-13:07:43:183 503082 503697 1
10-07-2017-13:07:43:232 503697 504312 1
10-07-2017-13:07:43:265 504312 504927 1
10-07-2017-13:07:43:298 504927 505542 1
10-07-2017-13:07:43:334 505542 506157 1
10-07-2017-13:07:43:383 506157 506772 1
10-07-2017-13:07:43:416 506772 507387 1
10-07-2017-13:07:43:460 507387 508002 1
10-07-2017-13:07:43:497 508002 508617 1
10-07-2017-13:07:43:533 508617 509232 1
10-07-2017-13:07:43:569 509232 509847 1
10-07-2017-13:07:43:615 509847 510462 1
10-07-2017-13:07:43:649 510462 511077 1
10-07-2017-13:07:43:689 511077 511692 1
10-07-2017-13:07:43:720 511692 512307 1
10-07-2017-13:07:43:758 512307 512922 1
10-07-2017-13:07:43:796 512922 513537 1
10-07-2017-13:07:43:844 513537 514152 1
10-07-2017-13:07:43:880 514152 514767 1
10-07-2017-13:07:43:913 514767 515382 1
10-07-2017-13:07:43:952 515382 515997 1
10-07-2017-13:07:43:998 515997 516612 1
10-07-2017-13:07:44:032 516612 517227 1
10-07-2017-13:07:44:071 517227 517842 1
10-07-2017-13:07:44:107 517842 518457 1
10-07-2017-13:07:44:153 518457 519072 1
10-07-2017-13:07:44:188 519072 519687 1
10-07-2017-13:07:44:222 519687 520302 1
10-07-2017-13:07:44:257 520302 520917 1
10-07-2017-13:07:44:296 520917 521532 1
10-07-2017-13:07:44:342 521532 522147 1
10-07-2017-13:07:44:381 522147 522762 1
10-07-2017-13:07:44:417 522762 523377 1
10-07-2017-13:07:44:452 523377 523992 1
10-07-2017-13:07:44:692 523992 524607 1
10-07-2017-13:07:44:695 524607 525222 1
10-07-2017-13:07:44:695 525222 525837 1
10-07-2017-13:07:44:695 525837 526452 1
10-07-2017-13:07:44:695 526452 527067 1
10-07-2017-13:07:44:695 527067 527682 1
10-07-2017-13:07:44:724 527682 528297 1
10-07-2017-13:07:44:760 528297 528912 1
10-07-2017-13:07:44:806 528912 529527 1
10-07-2017-13:07:44:842 529527 530142 1
10-07-2017-13:07:44:876 530142 530757 1
10-07-2017-13:07:44:914 530757 531372 1
10-07-2017-13:07:44:948 531372 531987 1
10-07-2017-13:07:44:997 531987 532602 1
10-07-2017-13:07:45:032 532602 533217 1
10-07-2017-13:07:45:066 533217 533832 1
10-07-2017-13:07:45:112 533832 534447 1
10-07-2017-13:07:45:148 534447 535062 1
10-07-2017-13:07:45:183 535062 535677 1
10-07-2017-13:07:45:218 535677 536292 1
10-07-2017-13:07:45:257 536292 536907 1
10-07-2017-13:07:45:305 536907 537522 1
10-07-2017-13:07:45:339 537522 538137 1
10-07-2017-13:07:45:374 538137 538752 1
10-07-2017-13:07:45:422 538752 539367 1
10-07-2017-13:07:45:456 539367 539982 1
10-07-2017-13:07:45:491 539982 540597 1
10-07-2017-13:07:45:529 540597 541212 1
10-07-2017-13:07:45:565 541212 541827 1
10-07-2017-13:07:45:612 541827 542442 1
10-07-2017-13:07:45:647 542442 543057 1
10-07-2017-13:07:45:682 543057 543672 1
10-07-2017-13:07:45:728 543672 544287 1
10-07-2017-13:07:45:763 544287 544902 1
10-07-2017-13:07:45:802 544902 545517 1
10-07-2017-13:07:45:838 545517 546132 1
10-07-2017-13:07:45:874 546132 546747 1
10-07-2017-13:07:45:920 546747 547362 1
10-07-2017-13:07:45:955 547362 547977 1
10-07-2017-13:07:45:991 547977 548592 1
10-07-2017-13:07:46:046 548592 549207 1
10-07-2017-13:07:46:064 549207 549822 1
10-07-2017-13:07:46:109 549822 550437 1
10-07-2017-13:07:46:145 550437 551052 1
10-07-2017-13:07:46:180 551052 551667 1
10-07-2017-13:07:46:227 551667 552282 1
10-07-2017-13:07:46:262 552282 552897 1
10-07-2017-13:07:46:297 552897 553512 1
10-07-2017-13:07:46:344 553512 554127 1
10-07-2017-13:07:46:369 554127 554742 1
10-07-2017-13:07:46:417 554742 555357 1
10-07-2017-13:07:46:453 555357 555972 1
10-07-2017-13:07:46:488 555972 556587 1
10-07-2017-13:07:46:535 556587 557202 1
10-07-2017-13:07:46:570 557202 557817 1
10-07-2017-13:07:46:604 557817 558432 1
10-07-2017-13:07:46:655 558432 559047 1
10-07-2017-13:07:46:690 559047 559662 1
10-07-2017-13:07:46:725 559662 560277 1
10-07-2017-13:07:46:759 560277 560892 1
10-07-2017-13:07:46:796 560892 561507 1
10-07-2017-13:07:46:842 561507 562122 1
10-07-2017-13:07:46:876 562122 562737 1
10-07-2017-13:07:46:911 562737 563352 1
10-07-2017-13:07:46:958 563352 563967 1
10-07-2017-13:07:46:996 563967 564582 1
10-07-2017-13:07:47:033 564582 565197 1
10-07-2017-13:07:47:093 565197 565812 1
10-07-2017-13:07:47:102 565812 566427 1
10-07-2017-13:07:47:149 566427 567042 1
10-07-2017-13:07:47:195 567042 567657 1
10-07-2017-13:07:47:219 567657 568272 1
10-07-2017-13:07:47:265 568272 568887 1
10-07-2017-13:07:47:303 568887 569502 1
10-07-2017-13:07:47:339 569502 570117 1
10-07-2017-13:07:47:373 570117 570732 1
10-07-2017-13:07:47:412 570732 571347 1
10-07-2017-13:07:47:446 571347 571962 1
10-07-2017-13:07:47:493 571962 572577 1
10-07-2017-13:07:47:530 572577 573192 1
10-07-2017-13:07:47:564 573192 573807 1
10-07-2017-13:07:47:611 573807 574422 1
10-07-2017-13:07:47:646 574422 575037 1
10-07-2017-13:07:47:687 575037 575652 1
10-07-2017-13:07:47:729 575652 576267 1
10-07-2017-13:07:47:764 576267 576882 1
10-07-2017-13:07:47:800 576882 577497 1
10-07-2017-13:07:47:835 577497 578112 1
10-07-2017-13:07:47:872 578112 578727 1
10-07-2017-13:07:47:917 578727 579342 1
10-07-2017-13:07:47:951 579342 579957 1
10-07-2017-13:07:47:987 579957 580572 1
10-07-2017-13:07:48:033 580572 581187 1
10-07-2017-13:07:48:072 581187 581802 1
10-07-2017-13:07:48:107 581802 582417 1
10-07-2017-13:07:48:142 582417 583032 1
10-07-2017-13:07:48:178 583032 583647 1
10-07-2017-13:07:48:223 583647 584262 1
10-07-2017-13:07:48:259 584262 584877 1
10-07-2017-13:07:48:293 584877 585492 1
10-07-2017-13:07:48:341 585492 586107 1
10-07-2017-13:07:48:376 586107 586722 1
10-07-2017-13:07:48:411 586722 587337 1
10-07-2017-13:07:48:458 587337 587952 1
10-07-2017-13:07:48:485 587952 588567 1
10-07-2017-13:07:48:536 588567 589182 1
10-07-2017-13:07:48:566 589182 589797 1
10-07-2017-13:07:48:602 589797 590412 1
10-07-2017-13:07:48:648 590412 591027 1
10-07-2017-13:07:48:683 591027 591642 1
10-07-2017-13:07:48:718 591642 592257 1
10-07-2017-13:07:48:766 592257 592872 1
10-07-2017-13:07:48:794 592872 593487 1
10-07-2017-13:07:48:840 593487 594102 1
10-07-2017-13:07:48:876 594102 594717 1
10-07-2017-13:07:48:915 594717 595332 1
10-07-2017-13:07:48:953 595332 595947 1
10-07-2017-13:07:48:991 595947 596562 1
10-07-2017-13:07:49:023 596562 597177 1
10-07-2017-13:07:49:070 597177 597792 1
10-07-2017-13:07:49:105 597792 598407 1
10-07-2017-13:07:49:141 598407 599022 1
10-07-2017-13:07:49:187 599022 599637 1
10-07-2017-13:07:49:223 599637 600252 1
10-07-2017-13:07:49:265 600252 600867 1
10-07-2017-13:07:49:300 600867 601482 1
10-07-2017-13:07:49:335 601482 602097 1
10-07-2017-13:07:49:371 602097 602712 1
10-07-2017-13:07:49:417 602712 603327 1
10-07-2017-13:07:49:453 603327 603942 1
10-07-2017-13:07:49:491 603942 604557 1
10-07-2017-13:07:49:524 604557 605172 1
10-07-2017-13:07:49:569 605172 605787 1
10-07-2017-13:07:49:604 605787 606402 1
10-07-2017-13:07:49:642 606402 607017 1
10-07-2017-13:07:49:677 607017 607632 1
10-07-2017-13:07:49:723 607632 608247 1
10-07-2017-13:07:49:758 608247 608862 1
10-07-2017-13:07:49:794 608862 609477 1
10-07-2017-13:07:49:841 609477 610092 1
10-07-2017-13:07:49:877 610092 610707 1
10-07-2017-13:07:49:914 610707 611322 1
10-07-2017-13:07:49:952 611322 611937 1
10-07-2017-13:07:49:985 611937 612552 1
10-07-2017-13:07:50:032 612552 613167 1
10-07-2017-13:07:50:067 613167 613782 1
10-07-2017-13:07:50:102 613782 614397 1
10-07-2017-13:07:50:137 614397 615012 1
10-07-2017-13:07:50:184 615012 615627 1
10-07-2017-13:07:50:554 615627 616242 1
10-07-2017-13:07:50:555 616242 616857 1
10-07-2017-13:07:50:555 616857 617472 1
10-07-2017-13:07:50:555 617472 618087 1
10-07-2017-13:07:50:555 618087 618702 1
10-07-2017-13:07:50:555 618702 619317 1
10-07-2017-13:07:50:555 619317 619932 1
10-07-2017-13:07:50:555 619932 620547 1
10-07-2017-13:07:50:555 620547 621162 1
10-07-2017-13:07:50:563 621162 621777 1
10-07-2017-13:07:50:598 621777 622392 1
10-07-2017-13:07:50:646 622392 623007 1
10-07-2017-13:07:50:684 623007 623622 1
10-07-2017-13:07:50:720 623622 624237 1
10-07-2017-13:07:50:755 624237 624852 1
10-07-2017-13:07:50:801 624852 625467 1
10-07-2017-13:07:50:836 625467 626082 1
10-07-2017-13:07:50:871 626082 626697 1
10-07-2017-13:07:50:906 626697 627312 1
10-07-2017-13:07:50:955 627312 627927 1
10-07-2017-13:07:50:989 627927 628542 1
10-07-2017-13:07:51:023 628542 629157 1
10-07-2017-13:07:51:096 629157 629772 1
10-07-2017-13:07:51:106 629772 630387 1
10-07-2017-13:07:51:139 630387 631002 1
10-07-2017-13:07:51:186 631002 631617 1
10-07-2017-13:07:51:221 631617 632232 1
10-07-2017-13:07:51:256 632232 632847 1
10-07-2017-13:07:51:291 632847 633462 1
10-07-2017-13:07:51:339 633462 634077 1
10-07-2017-13:07:51:374 634077 634692 1
10-07-2017-13:07:51:415 634692 635307 1
10-07-2017-13:07:51:459 635307 635922 1
10-07-2017-13:07:51:493 635922 636537 1
10-07-2017-13:07:51:528 636537 637152 1
10-07-2017-13:07:51:564 637152 637767 1
10-07-2017-13:07:51:598 637767 638382 1
10-07-2017-13:07:51:646 638382 638997 1
10-07-2017-13:07:51:679 638997 639612 1
10-07-2017-13:07:51:714 639612 640227 1
10-07-2017-13:07:51:762 640227 640842 1
10-07-2017-13:07:51:802 640842 641457 1
10-07-2017-13:07:51:838 641457 642072 1
10-07-2017-13:07:51:872 642072 642687 1
10-07-2017-13:07:51:915 642687 643302 1
10-07-2017-13:07:51:952 643302 643917 1
10-07-2017-13:07:51:990 643917 644532 1
10-07-2017-13:07:52:023 644532 645147 1
10-07-2017-13:07:52:134 645147 645762 1
10-07-2017-13:07:52:135 645762 646377 1
10-07-2017-13:07:52:139 646377 646992 1
10-07-2017-13:07:52:175 646992 647607 1
10-07-2017-13:07:52:222 647607 648222 1
10-07-2017-13:07:52:256 648222 648837 1
10-07-2017-13:07:52:291 648837 649452 1
10-07-2017-13:07:52:338 649452 650067 1
10-07-2017-13:07:52:377 650067 650682 1
10-07-2017-13:07:52:408 650682 651297 1
10-07-2017-13:07:52:456 651297 651912 1
10-07-2017-13:07:52:486 651912 652527 1
10-07-2017-13:07:52:523 652527 653142 1
10-07-2017-13:07:52:560 653142 653757 1
10-07-2017-13:07:52:606 653757 654372 1
10-07-2017-13:07:52:640 654372 654987 1
10-07-2017-13:07:52:676 654987 655602 1
10-07-2017-13:07:52:722 655602 656217 1
10-07-2017-13:07:52:759 656217 656832 1
10-07-2017-13:07:52:793 656832 657447 1
10-07-2017-13:07:52:840 657447 658062 1
10-07-2017-13:07:52:875 658062 658677 1
10-07-2017-13:07:52:912 658677 659292 1
10-07-2017-13:07:52:944 659292 659907 1
10-07-2017-13:07:52:993 659907 660522 1
10-07-2017-13:07:53:022 660522 661137 1
10-07-2017-13:07:53:062 661137 661752 1
10-07-2017-13:07:53:109 661752 662367 1
10-07-2017-13:07:53:143 662367 662982 1
10-07-2017-13:07:53:179 662982 663597 1
10-07-2017-13:07:53:397 663597 664212 1
10-07-2017-13:07:53:397 664212 664827 1
10-07-2017-13:07:53:398 664827 665442 1
10-07-2017-13:07:53:399 665442 666057 1
10-07-2017-13:07:53:399 666057 666672 1
10-07-2017-13:07:53:409 666672 667287 1
10-07-2017-13:07:53:457 667287 667902 1
10-07-2017-13:07:53:491 667902 668517 1
10-07-2017-13:07:53:525 668517 669132 1
10-07-2017-13:07:53:559 669132 669747 1
10-07-2017-13:07:53:606 669747 670362 1
10-07-2017-13:07:53:640 670362 670977 1
10-07-2017-13:07:53:681 670977 671592 1
10-07-2017-13:07:53:715 671592 672207 1
10-07-2017-13:07:53:750 672207 672822 1
10-07-2017-13:07:53:798 672822 673437 1
10-07-2017-13:07:53:833 673437 674052 1
10-07-2017-13:07:53:896 674052 674667 1
10-07-2017-13:07:53:915 674667 675282 1
10-07-2017-13:07:53:949 675282 675897 1
10-07-2017-13:07:53:985 675897 676512 1
10-07-2017-13:07:54:022 676512 677127 1
10-07-2017-13:07:54:057 677127 677742 1
10-07-2017-13:07:54:105 677742 678357 1
10-07-2017-13:07:54:139 678357 678972 1
10-07-2017-13:07:54:175 678972 679587 1
10-07-2017-13:07:54:223 679587 680202 1
10-07-2017-13:07:54:258 680202 680817 1
10-07-2017-13:07:54:296 680817 681432 1
10-07-2017-13:07:54:333 681432 682047 1
10-07-2017-13:07:54:365 682047 682662 1
10-07-2017-13:07:54:414 682662 683277 1
10-07-2017-13:07:54:448 683277 683892 1
10-07-2017-13:07:54:483 683892 684507 1
10-07-2017-13:07:54:529 684507 685122 1
10-07-2017-13:07:54:564 685122 685737 1
10-07-2017-13:07:54:600 685737 686352 1
10-07-2017-13:07:54:646 686352 686967 1
10-07-2017-13:07:54:672 686967 687582 1
10-07-2017-13:07:54:720 687582 688197 1
10-07-2017-13:07:54:754 688197 688812 1
10-07-2017-13:07:54:793 688812 689427 1
10-07-2017-13:07:54:828 689427 690042 1
10-07-2017-13:07:54:875 690042 690657 1
10-07-2017-13:07:54:911 690657 691272 1
10-07-2017-13:07:54:946 691272 691887 1
10-07-2017-13:07:54:981 691887 692502 1
10-07-2017-13:07:55:027 692502 693117 1
10-07-2017-13:07:55:063 693117 693732 1
10-07-2017-13:07:55:108 693732 694347 1
10-07-2017-13:07:55:142 694347 694962 1
10-07-2017-13:07:55:177 694962 695577 1
10-07-2017-13:07:55:212 695577 696192 1
10-07-2017-13:07:55:259 696192 696807 1
10-07-2017-13:07:55:293 696807 697422 1
10-07-2017-13:07:55:330 697422 698037 1
10-07-2017-13:07:55:379 698037 698652 1
10-07-2017-13:07:55:407 698652 699267 1
10-07-2017-13:07:55:453 699267 699882 1
10-07-2017-13:07:55:488 699882 700497 1
10-07-2017-13:07:55:523 700497 701112 1
10-07-2017-13:07:55:557 701112 701727 1
10-07-2017-13:07:55:605 701727 702342 1
10-07-2017-13:07:55:640 702342 702957 1
10-07-2017-13:07:55:680 702957 703572 1
10-07-2017-13:07:55:713 703572 704187 1
10-07-2017-13:07:55:751 704187 704802 1
10-07-2017-13:07:55:796 704802 705417 1
10-07-2017-13:07:55:832 705417 706032 1
10-07-2017-13:07:55:866 706032 706647 1
10-07-2017-13:07:55:912 706647 707262 1
10-07-2017-13:07:55:953 707262 707877 1
10-07-2017-13:07:55:988 707877 708492 1
10-07-2017-13:07:56:021 708492 709107 1
10-07-2017-13:07:56:056 709107 709722 1
10-07-2017-13:07:56:105 709722 710337 1
10-07-2017-13:07:56:141 710337 710952 1
10-07-2017-13:07:56:175 710952 711567 1
10-07-2017-13:07:56:217 711567 712182 1
10-07-2017-13:07:56:254 712182 712797 1
10-07-2017-13:07:56:291 712797 713412 1
10-07-2017-13:07:56:327 713412 714027 1
10-07-2017-13:07:56:373 714027 714642 1
10-07-2017-13:07:56:412 714642 715257 1
10-07-2017-13:07:56:447 715257 715872 1
10-07-2017-13:07:56:486 715872 716487 1
10-07-2017-13:07:56:522 716487 717102 1
10-07-2017-13:07:56:558 717102 717717 1
10-07-2017-13:07:56:602 717717 718332 1
10-07-2017-13:07:56:638 718332 718947 1
10-07-2017-13:07:56:685 718947 719562 1
10-07-2017-13:07:56:712 719562 720177 1
10-07-2017-13:07:56:752 720177 720792 1
10-07-2017-13:07:56:790 720792 721407 1
10-07-2017-13:07:56:833 721407 722022 1
10-07-2017-13:07:56:874 722022 722637 1
10-07-2017-13:07:56:905 722637 723252 1
10-07-2017-13:07:56:951 723252 723867 1
10-07-2017-13:07:56:985 723867 724482 1
10-07-2017-13:07:57:021 724482 725097 1
10-07-2017-13:07:57:060 725097 725712 1
10-07-2017-13:07:57:094 725712 726327 1
10-07-2017-13:07:57:142 726327 726942 1
10-07-2017-13:07:57:178 726942 727557 1
10-07-2017-13:07:57:213 727557 728172 1
10-07-2017-13:07:57:261 728172 728787 1
10-07-2017-13:07:57:303 728787 729402 1
10-07-2017-13:07:57:332 729402 730017 1
10-07-2017-13:07:57:372 730017 730632 1
10-07-2017-13:07:57:407 730632 731247 1
10-07-2017-13:07:57:441 731247 731862 1
10-07-2017-13:07:57:487 731862 732477 1
10-07-2017-13:07:57:525 732477 733092 1
10-07-2017-13:07:57:559 733092 733707 1
10-07-2017-13:07:57:604 733707 734322 1
10-07-2017-13:07:57:641 734322 734937 1
10-07-2017-13:07:57:678 734937 735552 1
10-07-2017-13:07:57:714 735552 736167 1
10-07-2017-13:07:57:748 736167 736782 1
10-07-2017-13:07:57:795 736782 737397 1
10-07-2017-13:07:57:830 737397 738012 1
10-07-2017-13:07:58:605 738012 738627 1
10-07-2017-13:07:58:606 738627 739242 1
10-07-2017-13:07:58:606 739242 739857 1
10-07-2017-13:07:58:607 739857 740472 1
10-07-2017-13:07:58:607 740472 741087 1
10-07-2017-13:07:58:607 741087 741702 1
10-07-2017-13:07:58:607 741702 742317 1
10-07-2017-13:07:58:607 742317 742932 1
10-07-2017-13:07:58:607 742932 743547 1
10-07-2017-13:07:58:607 743547 744162 1
10-07-2017-13:07:58:607 744162 744777 1
10-07-2017-13:07:58:607 744777 745392 1
10-07-2017-13:07:58:607 745392 746007 1
10-07-2017-13:07:58:607 746007 746622 1
10-07-2017-13:07:58:607 746622 747237 1
10-07-2017-13:07:58:607 747237 747852 1
10-07-2017-13:07:58:608 747852 748467 1
10-07-2017-13:07:58:608 748467 749082 1
10-07-2017-13:07:58:608 749082 749697 1
10-07-2017-13:07:58:608 749697 750312 1
10-07-2017-13:07:58:637 750312 750927 1
10-07-2017-13:07:58:675 750927 751542 1
10-07-2017-13:07:58:717 751542 752157 1
10-07-2017-13:07:58:757 752157 752772 1
10-07-2017-13:07:58:795 752772 753387 1
10-07-2017-13:07:58:827 753387 754002 1
10-07-2017-13:07:58:875 754002 754617 1
10-07-2017-13:07:58:909 754617 755232 1
10-07-2017-13:07:58:944 755232 755847 1
10-07-2017-13:07:58:980 755847 756462 1
10-07-2017-13:07:59:030 756462 757077 1
10-07-2017-13:07:59:056 757077 757692 1
10-07-2017-13:07:59:104 757692 758307 1
10-07-2017-13:07:59:138 758307 758922 1
10-07-2017-13:07:59:173 758922 759537 1
10-07-2017-13:07:59:209 759537 760152 1
10-07-2017-13:07:59:255 760152 760767 1
10-07-2017-13:07:59:290 760767 761382 1
10-07-2017-13:07:59:324 761382 761997 1
10-07-2017-13:07:59:374 761997 762612 1
10-07-2017-13:07:59:408 762612 763227 1
10-07-2017-13:07:59:442 763227 763842 1
10-07-2017-13:07:59:489 763842 764457 1
10-07-2017-13:07:59:524 764457 765072 1
10-07-2017-13:07:59:559 765072 765687 1
10-07-2017-13:07:59:597 765687 766302 1
10-07-2017-13:07:59:634 766302 766917 1
10-07-2017-13:07:59:679 766917 767532 1
10-07-2017-13:07:59:715 767532 768147 1
10-07-2017-13:07:59:750 768147 768762 1
10-07-2017-13:07:59:796 768762 769377 1
10-07-2017-13:07:59:831 769377 769992 1
10-07-2017-13:07:59:869 769992 770607 1
10-07-2017-13:07:59:906 770607 771222 1
10-07-2017-13:07:59:940 771222 771837 1
10-07-2017-13:07:59:987 771837 772452 1
10-07-2017-13:08:00:022 772452 773067 1
10-07-2017-13:08:00:057 773067 773682 1
10-07-2017-13:08:00:135 773682 774297 1
10-07-2017-13:08:00:141 774297 774912 1
10-07-2017-13:08:00:177 774912 775527 1
10-07-2017-13:08:00:211 775527 776142 1
10-07-2017-13:08:00:246 776142 776757 1
10-07-2017-13:08:00:293 776757 777372 1
10-07-2017-13:08:00:329 777372 777987 1
10-07-2017-13:08:00:364 777987 778602 1
10-07-2017-13:08:00:410 778602 779217 1
10-07-2017-13:08:00:446 779217 779832 1
10-07-2017-13:08:00:480 779832 780447 1
10-07-2017-13:08:00:515 780447 781062 1
10-07-2017-13:08:00:555 781062 781677 1
10-07-2017-13:08:00:601 781677 782292 1
10-07-2017-13:08:00:638 782292 782907 1
10-07-2017-13:08:00:671 782907 783522 1
10-07-2017-13:08:00:718 783522 784137 1
10-07-2017-13:08:00:753 784137 784752 1
10-07-2017-13:08:00:792 784752 785367 1
10-07-2017-13:08:00:828 785367 785982 1
10-07-2017-13:08:00:862 785982 786597 1
10-07-2017-13:08:00:905 786597 787212 1
10-07-2017-13:08:00:944 787212 787827 1
10-07-2017-13:08:00:980 787827 788442 1
10-07-2017-13:08:01:027 788442 789057 1
10-07-2017-13:08:01:061 789057 789672 1
10-07-2017-13:08:01:096 789672 790287 1
10-07-2017-13:08:01:132 790287 790902 1
10-07-2017-13:08:01:178 790902 791517 1
10-07-2017-13:08:01:213 791517 792132 1
10-07-2017-13:08:01:256 792132 792747 1
10-07-2017-13:08:01:290 792747 793362 1
10-07-2017-13:08:01:325 793362 793977 1
10-07-2017-13:08:01:373 793977 794592 1
10-07-2017-13:08:01:407 794592 795207 1
10-07-2017-13:08:01:482 795207 795822 1
10-07-2017-13:08:01:483 795822 796437 1
10-07-2017-13:08:01:524 796437 797052 1
10-07-2017-13:08:01:559 797052 797667 1
10-07-2017-13:08:01:603 797667 798282 1
10-07-2017-13:08:01:637 798282 798897 1
10-07-2017-13:08:01:672 798897 799512 1
10-07-2017-13:08:01:708 799512 800127 1
10-07-2017-13:08:01:754 800127 800742 1
10-07-2017-13:08:01:792 800742 801357 1
10-07-2017-13:08:01:826 801357 801972 1
10-07-2017-13:08:01:871 801972 802587 1
10-07-2017-13:08:01:915 802587 803202 1
10-07-2017-13:08:01:939 803202 803817 1
10-07-2017-13:08:01:984 803817 804432 1
10-07-2017-13:08:02:019 804432 805047 1
10-07-2017-13:08:02:055 805047 805662 1
10-07-2017-13:08:02:102 805662 806277 1
10-07-2017-13:08:02:138 806277 806892 1
10-07-2017-13:08:02:171 806892 807507 1
10-07-2017-13:08:02:214 807507 808122 1
10-07-2017-13:08:02:249 808122 808737 1
10-07-2017-13:08:02:288 808737 809352 1
10-07-2017-13:08:02:324 809352 809967 1
10-07-2017-13:08:02:369 809967 810582 1
10-07-2017-13:08:02:407 810582 811197 1
10-07-2017-13:08:02:440 811197 811812 1
10-07-2017-13:08:02:485 811812 812427 1
10-07-2017-13:08:02:521 812427 813042 1
10-07-2017-13:08:02:559 813042 813657 1
10-07-2017-13:08:02:596 813657 814272 1
10-07-2017-13:08:02:640 814272 814887 1
10-07-2017-13:08:02:676 814887 815502 1
10-07-2017-13:08:02:710 815502 816117 1
10-07-2017-13:08:02:748 816117 816732 1
10-07-2017-13:08:02:793 816732 817347 1
10-07-2017-13:08:02:829 817347 817962 1
10-07-2017-13:08:02:866 817962 818577 1
10-07-2017-13:08:02:904 818577 819192 1
10-07-2017-13:08:03:137 819192 819807 1
10-07-2017-13:08:03:138 819807 820422 1
10-07-2017-13:08:03:138 820422 821037 1
10-07-2017-13:08:03:138 821037 821652 1
10-07-2017-13:08:03:138 821652 822267 1
10-07-2017-13:08:03:138 822267 822882 1
10-07-2017-13:08:03:167 822882 823497 1
10-07-2017-13:08:03:214 823497 824112 1
10-07-2017-13:08:03:251 824112 824727 1
10-07-2017-13:08:03:286 824727 825342 1
10-07-2017-13:08:03:331 825342 825957 1
10-07-2017-13:08:03:367 825957 826572 1
10-07-2017-13:08:03:405 826572 827187 1
10-07-2017-13:08:03:441 827187 827802 1
10-07-2017-13:08:03:475 827802 828417 1
10-07-2017-13:08:03:521 828417 829032 1
10-07-2017-13:08:03:561 829032 829647 1
10-07-2017-13:08:03:592 829647 830262 1
10-07-2017-13:08:03:641 830262 830877 1
10-07-2017-13:08:03:674 830877 831492 1
10-07-2017-13:08:03:708 831492 832107 1
10-07-2017-13:08:03:755 832107 832722 1
10-07-2017-13:08:03:794 832722 833337 1
10-07-2017-13:08:03:832 833337 833952 1
10-07-2017-13:08:03:864 833952 834567 1
10-07-2017-13:08:03:904 834567 835182 1
10-07-2017-13:08:03:937 835182 835797 1
10-07-2017-13:08:03:985 835797 836412 1
10-07-2017-13:08:04:019 836412 837027 1
10-07-2017-13:08:04:056 837027 837642 1
10-07-2017-13:08:04:102 837642 838257 1
10-07-2017-13:08:04:136 838257 838872 1
10-07-2017-13:08:04:172 838872 839487 1
10-07-2017-13:08:04:212 839487 840102 1
10-07-2017-13:08:04:245 840102 840717 1
10-07-2017-13:08:04:294 840717 841332 1
10-07-2017-13:08:04:329 841332 841947 1
10-07-2017-13:08:04:364 841947 842562 1
10-07-2017-13:08:04:400 842562 843177 1
10-07-2017-13:08:04:444 843177 843792 1
10-07-2017-13:08:04:481 843792 844407 1
10-07-2017-13:08:04:518 844407 845022 1
10-07-2017-13:08:04:553 845022 845637 1
10-07-2017-13:08:04:602 845637 846252 1
10-07-2017-13:08:04:634 846252 846867 1
10-07-2017-13:08:04:675 846867 847482 1
10-07-2017-13:08:04:717 847482 848097 1
10-07-2017-13:08:04:752 848097 848712 1
10-07-2017-13:08:04:795 848712 849327 1
10-07-2017-13:08:04:829 849327 849942 1
10-07-2017-13:08:04:866 849942 850557 1
10-07-2017-13:08:04:900 850557 851172 1
10-07-2017-13:08:04:946 851172 851787 1
10-07-2017-13:08:04:982 851787 852402 1
10-07-2017-13:08:05:016 852402 853017 1
10-07-2017-13:08:05:052 853017 853632 1
10-07-2017-13:08:05:098 853632 854247 1
10-07-2017-13:08:05:138 854247 854862 1
10-07-2017-13:08:05:172 854862 855477 1
10-07-2017-13:08:05:207 855477 856092 1
10-07-2017-13:08:05:255 856092 856707 1
10-07-2017-13:08:05:289 856707 857322 1
10-07-2017-13:08:05:324 857322 857937 1
10-07-2017-13:08:05:358 857937 858552 1
10-07-2017-13:08:05:398 858552 859167 1
10-07-2017-13:08:05:437 859167 859782 1
10-07-2017-13:08:05:485 859782 860397 1
10-07-2017-13:08:05:520 860397 861012 1
10-07-2017-13:08:05:555 861012 861627 1
10-07-2017-13:08:05:591 861627 862242 1
10-07-2017-13:08:05:637 862242 862857 1
10-07-2017-13:08:05:676 862857 863472 1
10-07-2017-13:08:05:710 863472 864087 1
10-07-2017-13:08:05:745 864087 864702 1
10-07-2017-13:08:05:793 864702 865317 1
10-07-2017-13:08:05:828 865317 865932 1
10-07-2017-13:08:05:863 865932 866547 1
10-07-2017-13:08:05:901 866547 867162 1
10-07-2017-13:08:05:945 867162 867777 1
10-07-2017-13:08:05:983 867777 868392 1
10-07-2017-13:08:06:017 868392 869007 1
10-07-2017-13:08:06:051 869007 869622 1
10-07-2017-13:08:06:098 869622 870237 1
10-07-2017-13:08:06:136 870237 870852 1
10-07-2017-13:08:06:169 870852 871467 1
10-07-2017-13:08:06:215 871467 872082 1
10-07-2017-13:08:06:298 872082 872697 1
10-07-2017-13:08:06:299 872697 873312 1
10-07-2017-13:08:06:323 873312 873927 1
10-07-2017-13:08:06:364 873927 874542 1
10-07-2017-13:08:06:398 874542 875157 1
10-07-2017-13:08:06:447 875157 875772 1
10-07-2017-13:08:06:481 875772 876387 1
10-07-2017-13:08:06:515 876387 877002 1
10-07-2017-13:08:06:558 877002 877617 1
10-07-2017-13:08:06:590 877617 878232 1
10-07-2017-13:08:06:637 878232 878847 1
10-07-2017-13:08:06:670 878847 879462 1
10-07-2017-13:08:06:706 879462 880077 1
10-07-2017-13:08:06:747 880077 880692 1
10-07-2017-13:08:06:784 880692 881307 1
10-07-2017-13:08:06:819 881307 881922 1
10-07-2017-13:08:06:860 881922 882537 1
10-07-2017-13:08:06:905 882537 883152 1
10-07-2017-13:08:06:940 883152 883767 1
10-07-2017-13:08:06:979 883767 884382 1
10-07-2017-13:08:07:021 884382 884997 1
10-07-2017-13:08:07:061 884997 885612 1
10-07-2017-13:08:07:092 885612 886227 1
10-07-2017-13:08:07:132 886227 886842 1
10-07-2017-13:08:07:166 886842 887457 1
10-07-2017-13:08:07:213 887457 888072 1
10-07-2017-13:08:07:248 888072 888687 1
10-07-2017-13:08:07:283 888687 889302 1
10-07-2017-13:08:07:321 889302 889917 1
10-07-2017-13:08:07:366 889917 890532 1
10-07-2017-13:08:07:404 890532 891147 1
10-07-2017-13:08:07:439 891147 891762 1
10-07-2017-13:08:07:475 891762 892377 1
10-07-2017-13:08:07:522 892377 892992 1
10-07-2017-13:08:07:559 892992 893607 1
10-07-2017-13:08:07:592 893607 894222 1
10-07-2017-13:08:07:628 894222 894837 1
10-07-2017-13:08:07:669 894837 895452 1
10-07-2017-13:08:07:712 895452 896067 1
10-07-2017-13:08:07:742 896067 896682 1
10-07-2017-13:08:07:789 896682 897297 1
10-07-2017-13:08:07:824 897297 897912 1
10-07-2017-13:08:07:860 897912 898527 1
10-07-2017-13:08:07:899 898527 899142 1
10-07-2017-13:08:07:933 899142 899757 1
10-07-2017-13:08:07:980 899757 900372 1
10-07-2017-13:08:08:017 900372 900987 1
10-07-2017-13:08:08:051 900987 901602 1
10-07-2017-13:08:08:099 901602 902217 1
10-07-2017-13:08:08:133 902217 902832 1
10-07-2017-13:08:08:170 902832 903447 1
10-07-2017-13:08:08:206 903447 904062 1
10-07-2017-13:08:08:241 904062 904677 1
10-07-2017-13:08:08:291 904677 905292 1
10-07-2017-13:08:08:329 905292 905907 1
10-07-2017-13:08:08:362 905907 906522 1
10-07-2017-13:08:08:396 906522 907137 1
10-07-2017-13:08:08:444 907137 907752 1
