10-07-2017-14:13:56:921 0 784 1
10-07-2017-14:13:56:949 784 1568 1
10-07-2017-14:13:56:991 1568 2352 1
10-07-2017-14:13:57:043 2352 3136 1
10-07-2017-14:13:57:095 3136 3920 1
10-07-2017-14:13:57:136 3920 4704 1
10-07-2017-14:13:57:189 4704 5344 1
10-07-2017-14:13:57:217 5344 5984 1
10-07-2017-14:13:57:254 5984 6624 1
10-07-2017-14:13:57:301 6624 7264 1
10-07-2017-14:13:57:342 7264 7904 1
10-07-2017-14:13:57:381 7904 8544 1
10-07-2017-14:13:57:417 8544 9184 1
10-07-2017-14:13:57:456 9184 9824 1
10-07-2017-14:13:57:503 9824 10464 1
10-07-2017-14:13:57:537 10464 11104 1
10-07-2017-14:13:57:581 11104 11744 1
10-07-2017-14:13:57:630 11744 12384 1
10-07-2017-14:13:57:666 12384 13024 1
10-07-2017-14:13:57:707 13024 13664 1
10-07-2017-14:13:57:740 13664 14304 1
10-07-2017-14:13:57:779 14304 14944 1
10-07-2017-14:13:57:838 14944 15520 1
10-07-2017-14:13:57:858 15520 16096 1
10-07-2017-14:13:57:899 16096 16672 1
10-07-2017-14:13:57:920 16672 17248 1
10-07-2017-14:13:57:960 17248 17824 1
10-07-2017-14:13:57:996 17824 18400 1
10-07-2017-14:13:58:036 18400 18976 1
10-07-2017-14:13:58:077 18976 19552 1
10-07-2017-14:13:58:113 19552 20128 1
10-07-2017-14:13:58:148 20128 20704 1
10-07-2017-14:13:58:176 20704 21280 1
10-07-2017-14:13:58:211 21280 21856 1
10-07-2017-14:13:58:253 21856 22432 1
10-07-2017-14:13:58:287 22432 23008 1
10-07-2017-14:13:58:317 23008 23584 1
10-07-2017-14:13:58:350 23584 24160 1
10-07-2017-14:13:58:394 24160 24736 1
10-07-2017-14:13:58:444 24736 25312 1
10-07-2017-14:13:58:477 25312 25888 1
10-07-2017-14:13:58:495 25888 26464 1
10-07-2017-14:13:58:531 26464 27040 1
10-07-2017-14:13:58:573 27040 27616 1
10-07-2017-14:13:58:607 27616 28192 1
10-07-2017-14:13:58:647 28192 28768 1
10-07-2017-14:13:58:689 28768 29344 1
10-07-2017-14:13:58:758 29344 29920 1
10-07-2017-14:13:58:761 29920 30496 1
10-07-2017-14:13:58:790 30496 31072 1
10-07-2017-14:13:58:828 31072 31648 1
10-07-2017-14:13:58:857 31648 32224 1
10-07-2017-14:13:58:893 32224 32800 1
10-07-2017-14:13:58:931 32800 33376 1
10-07-2017-14:13:58:967 33376 33952 1
10-07-2017-14:13:59:051 33952 34528 1
10-07-2017-14:13:59:051 34528 35104 1
10-07-2017-14:13:59:076 35104 35680 1
10-07-2017-14:13:59:116 35680 36256 1
10-07-2017-14:13:59:156 36256 36832 1
10-07-2017-14:13:59:180 36832 37408 1
10-07-2017-14:13:59:222 37408 37984 1
10-07-2017-14:13:59:284 37984 38560 1
10-07-2017-14:13:59:312 38560 39136 1
10-07-2017-14:13:59:327 39136 39712 1
10-07-2017-14:13:59:360 39712 40288 1
10-07-2017-14:13:59:401 40288 40864 1
10-07-2017-14:13:59:436 40864 41440 1
10-07-2017-14:13:59:476 41440 42016 1
10-07-2017-14:13:59:507 42016 42592 1
10-07-2017-14:13:59:542 42592 43168 1
10-07-2017-14:13:59:582 43168 43744 1
10-07-2017-14:13:59:622 43744 44320 1
10-07-2017-14:13:59:650 44320 44896 1
10-07-2017-14:13:59:713 44896 45472 1
10-07-2017-14:13:59:722 45472 46048 1
10-07-2017-14:13:59:762 46048 46624 1
10-07-2017-14:13:59:797 46624 47200 1
10-07-2017-14:13:59:827 47200 47776 1
10-07-2017-14:13:59:862 47776 48352 1
10-07-2017-14:13:59:901 48352 48928 1
10-07-2017-14:13:59:938 48928 49504 1
10-07-2017-14:14:00:003 49504 50080 1
10-07-2017-14:14:00:031 50080 50656 1
10-07-2017-14:14:00:052 50656 51232 1
10-07-2017-14:14:00:088 51232 51808 1
10-07-2017-14:14:00:125 51808 52384 1
10-07-2017-14:14:00:154 52384 52960 1
10-07-2017-14:14:00:189 52960 53536 1
10-07-2017-14:14:00:228 53536 54112 1
10-07-2017-14:14:00:264 54112 54688 1
10-07-2017-14:14:00:305 54688 55264 1
10-07-2017-14:14:00:366 55264 55840 1
10-07-2017-14:14:00:369 55840 56416 1
10-07-2017-14:14:00:411 56416 56992 1
10-07-2017-14:14:00:445 56992 57568 1
10-07-2017-14:14:00:486 57568 58144 1
10-07-2017-14:14:00:524 58144 58720 1
10-07-2017-14:14:00:550 58720 59296 1
