17-07-2017-14:20:09:593 0 800 1
17-07-2017-14:20:09:645 800 1560 1
17-07-2017-14:20:09:697 1560 2307 1
17-07-2017-14:20:09:738 2307 3054 1
17-07-2017-14:20:09:784 3054 3801 1
17-07-2017-14:20:09:832 3801 4548 1
17-07-2017-14:20:09:877 4548 5295 1
17-07-2017-14:20:09:929 5295 6042 1
17-07-2017-14:20:09:977 6042 6789 1
17-07-2017-14:20:10:017 6789 7536 1
17-07-2017-14:20:10:063 7536 8283 1
17-07-2017-14:20:10:115 8283 9030 1
17-07-2017-14:20:10:162 9030 9777 1
17-07-2017-14:20:10:201 9777 10524 1
17-07-2017-14:20:10:249 10524 11271 1
17-07-2017-14:20:10:298 11271 12018 1
17-07-2017-14:20:10:346 12018 12765 1
17-07-2017-14:20:10:397 12765 13512 1
17-07-2017-14:20:10:445 13512 14259 1
17-07-2017-14:20:10:492 14259 15006 1
17-07-2017-14:20:10:541 15006 15753 1
17-07-2017-14:20:10:577 15753 16500 1
17-07-2017-14:20:10:624 16500 17247 1
17-07-2017-14:20:10:676 17247 17994 1
17-07-2017-14:20:10:721 17994 18741 1
17-07-2017-14:20:10:768 18741 19488 1
17-07-2017-14:20:10:814 19488 20235 1
17-07-2017-14:20:10:853 20235 20982 1
17-07-2017-14:20:10:900 20982 21729 1
17-07-2017-14:20:10:952 21729 22476 1
17-07-2017-14:20:10:999 22476 23223 1
17-07-2017-14:20:11:045 23223 23970 1
17-07-2017-14:20:11:097 23970 24717 1
17-07-2017-14:20:11:143 24717 25464 1
17-07-2017-14:20:11:191 25464 26211 1
17-07-2017-14:20:11:228 26211 26958 1
17-07-2017-14:20:11:274 26958 27705 1
17-07-2017-14:20:11:322 27705 28452 1
17-07-2017-14:20:11:374 28452 29199 1
17-07-2017-14:20:11:419 29199 29946 1
17-07-2017-14:20:11:467 29946 30693 1
17-07-2017-14:20:11:513 30693 31440 1
17-07-2017-14:20:11:565 31440 32187 1
17-07-2017-14:20:11:606 32187 32934 1
17-07-2017-14:20:11:654 32934 33681 1
17-07-2017-14:20:11:700 33681 34428 1
17-07-2017-14:20:11:752 34428 35175 1
17-07-2017-14:20:11:797 35175 35922 1
17-07-2017-14:20:11:845 35922 36669 1
17-07-2017-14:20:11:891 36669 37416 1
17-07-2017-14:20:11:939 37416 38163 1
17-07-2017-14:20:11:978 38163 38910 1
17-07-2017-14:20:12:026 38910 39657 1
17-07-2017-14:20:12:076 39657 40404 1
17-07-2017-14:20:12:115 40404 41151 1
17-07-2017-14:20:12:163 41151 41898 1
17-07-2017-14:20:12:213 41898 42645 1
17-07-2017-14:20:12:261 42645 43392 1
17-07-2017-14:20:12:306 43392 44139 1
17-07-2017-14:20:12:354 44139 44886 1
17-07-2017-14:20:12:396 44886 45633 1
17-07-2017-14:20:12:446 45633 46380 1
17-07-2017-14:20:12:493 46380 47127 1
17-07-2017-14:20:12:539 47127 47874 1
17-07-2017-14:20:12:587 47874 48621 1
17-07-2017-14:20:12:633 48621 49368 1
17-07-2017-14:20:12:802 49368 50115 1
17-07-2017-14:20:12:803 50115 50862 1
17-07-2017-14:20:12:803 50862 51609 1
17-07-2017-14:20:12:815 51609 52356 1
17-07-2017-14:20:12:861 52356 53103 1
17-07-2017-14:20:12:909 53103 53850 1
17-07-2017-14:20:12:961 53850 54560 1
17-07-2017-14:20:12:998 54560 55270 1
17-07-2017-14:20:13:044 55270 55980 1
17-07-2017-14:20:13:092 55980 56690 1
17-07-2017-14:20:13:140 56690 57400 1
