17-07-2017-15:53:08:783 0 800 1
17-07-2017-15:53:08:829 800 1600 1
17-07-2017-15:53:08:876 1600 2400 1
17-07-2017-15:53:08:926 2400 3200 1
17-07-2017-15:53:08:977 3200 3974 1
17-07-2017-15:53:09:030 3974 4720 1
17-07-2017-15:53:09:069 4720 5466 1
17-07-2017-15:53:09:117 5466 6212 1
17-07-2017-15:53:09:162 6212 6958 1
17-07-2017-15:53:09:210 6958 7704 1
17-07-2017-15:53:09:256 7704 8450 1
17-07-2017-15:53:09:304 8450 9196 1
17-07-2017-15:53:09:350 9196 9942 1
17-07-2017-15:53:09:397 9942 10688 1
17-07-2017-15:53:09:445 10688 11434 1
17-07-2017-15:53:09:489 11434 12180 1
17-07-2017-15:53:09:537 12180 12926 1
17-07-2017-15:53:09:584 12926 13672 1
17-07-2017-15:53:09:629 13672 14418 1
17-07-2017-15:53:09:676 14418 15164 1
17-07-2017-15:53:09:722 15164 15910 1
17-07-2017-15:53:09:767 15910 16656 1
17-07-2017-15:53:09:815 16656 17402 1
17-07-2017-15:53:09:868 17402 18147 1
17-07-2017-15:53:09:906 18147 18892 1
17-07-2017-15:53:09:955 18892 19637 1
17-07-2017-15:53:10:005 19637 20382 1
17-07-2017-15:53:10:056 20382 21127 1
17-07-2017-15:53:10:102 21127 21872 1
17-07-2017-15:53:10:148 21872 22617 1
17-07-2017-15:53:10:195 22617 23362 1
17-07-2017-15:53:10:243 23362 24107 1
17-07-2017-15:53:10:288 24107 24852 1
17-07-2017-15:53:10:336 24852 25597 1
17-07-2017-15:53:10:380 25597 26342 1
17-07-2017-15:53:10:428 26342 27087 1
17-07-2017-15:53:10:474 27087 27832 1
17-07-2017-15:53:10:521 27832 28577 1
17-07-2017-15:53:10:567 28577 29322 1
17-07-2017-15:53:10:615 29322 30067 1
17-07-2017-15:53:10:660 30067 30812 1
17-07-2017-15:53:10:707 30812 31557 1
17-07-2017-15:53:10:754 31557 32302 1
17-07-2017-15:53:10:802 32302 33047 1
17-07-2017-15:53:10:848 33047 33792 1
17-07-2017-15:53:10:895 33792 34537 1
17-07-2017-15:53:10:936 34537 35282 1
17-07-2017-15:53:10:980 35282 36027 1
17-07-2017-15:53:11:026 36027 36772 1
17-07-2017-15:53:11:073 36772 37517 1
17-07-2017-15:53:11:121 37517 38262 1
17-07-2017-15:53:11:165 38262 39007 1
17-07-2017-15:53:11:213 39007 39752 1
17-07-2017-15:53:11:260 39752 40497 1
17-07-2017-15:53:11:306 40497 41242 1
17-07-2017-15:53:11:353 41242 41987 1
17-07-2017-15:53:11:399 41987 42732 1
17-07-2017-15:53:11:446 42732 43477 1
17-07-2017-15:53:11:492 43477 44222 1
17-07-2017-15:53:11:539 44222 44967 1
17-07-2017-15:53:11:590 44967 45712 1
17-07-2017-15:53:11:637 45712 46457 1
17-07-2017-15:53:11:678 46457 47202 1
17-07-2017-15:53:11:726 47202 47947 1
17-07-2017-15:53:11:773 47947 48692 1
17-07-2017-15:53:11:820 48692 49437 1
17-07-2017-15:53:11:866 49437 50182 1
17-07-2017-15:53:12:442 50182 50927 1
17-07-2017-15:53:12:443 50927 51672 1
17-07-2017-15:53:12:443 51672 52417 1
17-07-2017-15:53:12:443 52417 53162 1
17-07-2017-15:53:12:444 53162 53907 1
17-07-2017-15:53:12:444 53907 54652 1
17-07-2017-15:53:12:444 54652 55397 1
17-07-2017-15:53:12:444 55397 56142 1
17-07-2017-15:53:12:444 56142 56887 1
17-07-2017-15:53:12:444 56887 57632 1
17-07-2017-15:53:12:444 57632 58377 1
17-07-2017-15:53:12:444 58377 59122 1
17-07-2017-15:53:12:480 59122 59867 1
17-07-2017-15:53:12:523 59867 60612 1
17-07-2017-15:53:12:568 60612 61357 1
17-07-2017-15:53:12:616 61357 62102 1
17-07-2017-15:53:12:662 62102 62847 1
17-07-2017-15:53:12:709 62847 63592 1
17-07-2017-15:53:12:756 63592 64337 1
17-07-2017-15:53:12:795 64337 65082 1
17-07-2017-15:53:12:843 65082 65827 1
17-07-2017-15:53:12:889 65827 66572 1
17-07-2017-15:53:12:934 66572 67317 1
17-07-2017-15:53:12:981 67317 68062 1
17-07-2017-15:53:13:029 68062 68807 1
17-07-2017-15:53:13:075 68807 69552 1
17-07-2017-15:53:13:122 69552 70297 1
17-07-2017-15:53:13:174 70297 70974 1
17-07-2017-15:53:13:213 70974 71651 1
17-07-2017-15:53:13:249 71651 72328 1
17-07-2017-15:53:13:295 72328 73005 1
17-07-2017-15:53:13:362 73005 73682 1
17-07-2017-15:53:13:375 73682 74359 1
17-07-2017-15:53:13:421 74359 75036 1
17-07-2017-15:53:13:458 75036 75713 1
17-07-2017-15:53:13:504 75713 76390 1
17-07-2017-15:53:13:551 76390 77067 1
17-07-2017-15:53:13:590 77067 77744 1
17-07-2017-15:53:13:632 77744 78421 1
17-07-2017-15:53:13:679 78421 79098 1
17-07-2017-15:53:13:712 79098 79775 1
17-07-2017-15:53:13:760 79775 80452 1
17-07-2017-15:53:13:818 80452 81129 1
17-07-2017-15:53:13:839 81129 81806 1
17-07-2017-15:53:13:885 81806 82483 1
17-07-2017-15:53:13:932 82483 83160 1
17-07-2017-15:53:13:967 83160 83837 1
17-07-2017-15:53:14:014 83837 84514 1
17-07-2017-15:53:14:064 84514 85191 1
17-07-2017-15:53:14:095 85191 85868 1
17-07-2017-15:53:14:143 85868 86545 1
17-07-2017-15:53:14:176 86545 87222 1
17-07-2017-15:53:14:224 87222 87899 1
17-07-2017-15:53:14:271 87899 88576 1
17-07-2017-15:53:14:331 88576 89253 1
17-07-2017-15:53:14:352 89253 89930 1
17-07-2017-15:53:14:398 89930 90607 1
17-07-2017-15:53:14:434 90607 91284 1
17-07-2017-15:53:14:481 91284 91961 1
17-07-2017-15:53:14:515 91961 92638 1
17-07-2017-15:53:14:579 92638 93315 1
17-07-2017-15:53:14:608 93315 93992 1
17-07-2017-15:53:14:643 93992 94669 1
17-07-2017-15:53:14:691 94669 95346 1
17-07-2017-15:53:14:736 95346 96023 1
17-07-2017-15:53:14:778 96023 96700 1
17-07-2017-15:53:14:826 96700 97377 1
17-07-2017-15:53:14:855 97377 98054 1
17-07-2017-15:53:14:901 98054 98731 1
17-07-2017-15:53:14:947 98731 99408 1
17-07-2017-15:53:14:983 99408 100085 1
17-07-2017-15:53:15:029 100085 100762 1
17-07-2017-15:53:15:483 100762 101439 1
17-07-2017-15:53:15:484 101439 102116 1
17-07-2017-15:53:15:484 102116 102793 1
17-07-2017-15:53:15:484 102793 103470 1
17-07-2017-15:53:15:484 103470 104147 1
17-07-2017-15:53:15:484 104147 104824 1
17-07-2017-15:53:15:484 104824 105501 1
17-07-2017-15:53:15:485 105501 106178 1
17-07-2017-15:53:15:485 106178 106855 1
17-07-2017-15:53:15:485 106855 107532 1
17-07-2017-15:53:15:496 107532 108209 1
17-07-2017-15:53:15:530 108209 108886 1
17-07-2017-15:53:15:613 108886 109563 1
17-07-2017-15:53:15:625 109563 110240 1
17-07-2017-15:53:15:661 110240 110917 1
17-07-2017-15:53:15:706 110917 111594 1
17-07-2017-15:53:15:754 111594 112271 1
17-07-2017-15:53:15:787 112271 112948 1
17-07-2017-15:53:15:826 112948 113625 1
17-07-2017-15:53:15:875 113625 114302 1
17-07-2017-15:53:15:919 114302 114979 1
17-07-2017-15:53:15:962 114979 115656 1
17-07-2017-15:53:16:002 115656 116333 1
17-07-2017-15:53:16:042 116333 117010 1
17-07-2017-15:53:16:085 117010 117687 1
17-07-2017-15:53:16:131 117687 118364 1
17-07-2017-15:53:16:166 118364 119041 1
17-07-2017-15:53:16:213 119041 119718 1
17-07-2017-15:53:16:280 119718 120374 1
17-07-2017-15:53:16:300 120374 121030 1
17-07-2017-15:53:16:347 121030 121686 1
17-07-2017-15:53:16:375 121686 122342 1
17-07-2017-15:53:16:423 122342 122998 1
17-07-2017-15:53:16:457 122998 123654 1
17-07-2017-15:53:16:505 123654 124310 1
17-07-2017-15:53:16:540 124310 124966 1
17-07-2017-15:53:16:587 124966 125622 1
17-07-2017-15:53:16:621 125622 126278 1
17-07-2017-15:53:16:667 126278 126934 1
17-07-2017-15:53:16:703 126934 127590 1
17-07-2017-15:53:16:749 127590 128246 1
17-07-2017-15:53:16:785 128246 128902 1
17-07-2017-15:53:16:832 128902 129558 1
17-07-2017-15:53:16:872 129558 130214 1
17-07-2017-15:53:16:910 130214 130870 1
17-07-2017-15:53:16:956 130870 131526 1
17-07-2017-15:53:16:993 131526 132182 1
17-07-2017-15:53:17:037 132182 132838 1
17-07-2017-15:53:17:072 132838 133494 1
17-07-2017-15:53:17:118 133494 134150 1
17-07-2017-15:53:17:153 134150 134806 1
17-07-2017-15:53:17:201 134806 135462 1
17-07-2017-15:53:17:236 135462 136118 1
17-07-2017-15:53:17:283 136118 136774 1
17-07-2017-15:53:17:316 136774 137430 1
17-07-2017-15:53:17:365 137430 138086 1
17-07-2017-15:53:17:399 138086 138742 1
17-07-2017-15:53:17:444 138742 139398 1
17-07-2017-15:53:17:480 139398 140054 1
17-07-2017-15:53:17:526 140054 140710 1
17-07-2017-15:53:17:561 140710 141366 1
17-07-2017-15:53:17:609 141366 142022 1
17-07-2017-15:53:17:643 142022 142678 1
17-07-2017-15:53:17:690 142678 143334 1
17-07-2017-15:53:17:725 143334 143990 1
17-07-2017-15:53:17:772 143990 144646 1
17-07-2017-15:53:17:808 144646 145302 1
17-07-2017-15:53:17:853 145302 145958 1
17-07-2017-15:53:17:888 145958 146614 1
17-07-2017-15:53:17:930 146614 147270 1
17-07-2017-15:53:17:979 147270 147926 1
17-07-2017-15:53:18:013 147926 148582 1
17-07-2017-15:53:18:060 148582 149238 1
17-07-2017-15:53:18:095 149238 149894 1
17-07-2017-15:53:18:141 149894 150550 1
17-07-2017-15:53:18:176 150550 151206 1
17-07-2017-15:53:18:706 151206 151862 1
17-07-2017-15:53:18:707 151862 152518 1
17-07-2017-15:53:18:707 152518 153174 1
17-07-2017-15:53:18:707 153174 153830 1
17-07-2017-15:53:18:707 153830 154486 1
17-07-2017-15:53:18:708 154486 155142 1
17-07-2017-15:53:18:708 155142 155798 1
17-07-2017-15:53:18:708 155798 156454 1
17-07-2017-15:53:18:708 156454 157110 1
17-07-2017-15:53:18:708 157110 157766 1
17-07-2017-15:53:18:708 157766 158422 1
17-07-2017-15:53:18:708 158422 159078 1
17-07-2017-15:53:18:714 159078 159734 1
17-07-2017-15:53:18:762 159734 160390 1
17-07-2017-15:53:18:798 160390 161046 1
17-07-2017-15:53:18:840 161046 161702 1
17-07-2017-15:53:18:878 161702 162358 1
17-07-2017-15:53:18:917 162358 163014 1
17-07-2017-15:53:18:964 163014 163670 1
17-07-2017-15:53:18:999 163670 164326 1
17-07-2017-15:53:19:046 164326 164982 1
17-07-2017-15:53:19:082 164982 165638 1
17-07-2017-15:53:19:128 165638 166294 1
17-07-2017-15:53:19:163 166294 166950 1
17-07-2017-15:53:19:209 166950 167606 1
17-07-2017-15:53:19:244 167606 168262 1
17-07-2017-15:53:19:290 168262 168918 1
17-07-2017-15:53:19:325 168918 169574 1
17-07-2017-15:53:19:373 169574 170230 1
17-07-2017-15:53:19:407 170230 170886 1
17-07-2017-15:53:19:455 170886 171542 1
17-07-2017-15:53:19:496 171542 172198 1
17-07-2017-15:53:19:530 172198 172854 1
17-07-2017-15:53:19:576 172854 173510 1
17-07-2017-15:53:19:611 173510 174166 1
17-07-2017-15:53:19:659 174166 174822 1
17-07-2017-15:53:19:693 174822 175478 1
17-07-2017-15:53:19:741 175478 176134 1
17-07-2017-15:53:19:776 176134 176790 1
17-07-2017-15:53:19:821 176790 177446 1
17-07-2017-15:53:19:857 177446 178102 1
17-07-2017-15:53:19:903 178102 178758 1
17-07-2017-15:53:19:938 178758 179414 1
17-07-2017-15:53:19:986 179414 180070 1
17-07-2017-15:53:20:019 180070 180726 1
17-07-2017-15:53:20:067 180726 181382 1
17-07-2017-15:53:20:102 181382 182038 1
17-07-2017-15:53:20:148 182038 182694 1
17-07-2017-15:53:20:191 182694 183350 1
17-07-2017-15:53:20:227 183350 184006 1
17-07-2017-15:53:20:273 184006 184662 1
17-07-2017-15:53:20:313 184662 185318 1
17-07-2017-15:53:20:348 185318 185974 1
17-07-2017-15:53:20:394 185974 186630 1
17-07-2017-15:53:20:441 186630 187286 1
17-07-2017-15:53:20:475 187286 187942 1
17-07-2017-15:53:20:522 187942 188598 1
17-07-2017-15:53:20:561 188598 189254 1
17-07-2017-15:53:20:601 189254 189910 1
17-07-2017-15:53:20:636 189910 190566 1
17-07-2017-15:53:20:682 190566 191222 1
17-07-2017-15:53:20:718 191222 191878 1
17-07-2017-15:53:20:764 191878 192534 1
17-07-2017-15:53:20:809 192534 193190 1
17-07-2017-15:53:20:845 193190 193846 1
17-07-2017-15:53:20:891 193846 194502 1
17-07-2017-15:53:20:927 194502 195158 1
17-07-2017-15:53:20:974 195158 195814 1
17-07-2017-15:53:21:009 195814 196470 1
17-07-2017-15:53:21:055 196470 197126 1
17-07-2017-15:53:21:090 197126 197782 1
17-07-2017-15:53:21:136 197782 198438 1
17-07-2017-15:53:21:171 198438 199094 1
17-07-2017-15:53:21:219 199094 199750 1
17-07-2017-15:53:21:252 199750 200406 1
17-07-2017-15:53:21:300 200406 201062 1
17-07-2017-15:53:21:336 201062 201718 1
17-07-2017-15:53:21:821 201718 202374 1
17-07-2017-15:53:21:823 202374 203030 1
17-07-2017-15:53:21:823 203030 203686 1
17-07-2017-15:53:21:823 203686 204342 1
17-07-2017-15:53:21:823 204342 204998 1
17-07-2017-15:53:21:823 204998 205654 1
17-07-2017-15:53:21:823 205654 206310 1
17-07-2017-15:53:21:823 206310 206966 1
17-07-2017-15:53:21:823 206966 207622 1
17-07-2017-15:53:21:823 207622 208278 1
17-07-2017-15:53:21:824 208278 208934 1
17-07-2017-15:53:21:830 208934 209590 1
17-07-2017-15:53:21:865 209590 210246 1
17-07-2017-15:53:21:911 210246 210902 1
17-07-2017-15:53:21:946 210902 211558 1
17-07-2017-15:53:21:993 211558 212214 1
17-07-2017-15:53:22:041 212214 212870 1
17-07-2017-15:53:22:075 212870 213526 1
17-07-2017-15:53:22:121 213526 214182 1
17-07-2017-15:53:22:157 214182 214838 1
17-07-2017-15:53:22:203 214838 215494 1
17-07-2017-15:53:22:237 215494 216150 1
17-07-2017-15:53:22:285 216150 216806 1
17-07-2017-15:53:22:319 216806 217462 1
17-07-2017-15:53:22:367 217462 218118 1
17-07-2017-15:53:22:402 218118 218774 1
17-07-2017-15:53:22:447 218774 219430 1
17-07-2017-15:53:22:483 219430 220086 1
17-07-2017-15:53:22:537 220086 220742 1
17-07-2017-15:53:22:567 220742 221398 1
17-07-2017-15:53:22:613 221398 222054 1
17-07-2017-15:53:22:647 222054 222710 1
17-07-2017-15:53:22:695 222710 223366 1
17-07-2017-15:53:22:730 223366 224022 1
17-07-2017-15:53:22:776 224022 224678 1
17-07-2017-15:53:22:811 224678 225334 1
17-07-2017-15:53:22:858 225334 225990 1
17-07-2017-15:53:22:892 225990 226646 1
17-07-2017-15:53:22:938 226646 227302 1
17-07-2017-15:53:22:974 227302 227958 1
17-07-2017-15:53:23:020 227958 228614 1
17-07-2017-15:53:23:056 228614 229270 1
17-07-2017-15:53:23:102 229270 229926 1
17-07-2017-15:53:23:138 229926 230582 1
17-07-2017-15:53:23:183 230582 231238 1
17-07-2017-15:53:23:222 231238 231894 1
17-07-2017-15:53:23:263 231894 232550 1
17-07-2017-15:53:23:302 232550 233206 1
17-07-2017-15:53:23:353 233206 233862 1
17-07-2017-15:53:23:388 233862 234518 1
17-07-2017-15:53:23:434 234518 235174 1
17-07-2017-15:53:23:468 235174 235830 1
17-07-2017-15:53:23:515 235830 236486 1
17-07-2017-15:53:23:551 236486 237142 1
17-07-2017-15:53:23:596 237142 237798 1
17-07-2017-15:53:23:631 237798 238454 1
17-07-2017-15:53:23:678 238454 239110 1
