17-07-2017-15:47:43:004 0 800 1
17-07-2017-15:47:43:065 800 1600 1
17-07-2017-15:47:43:101 1600 2400 1
17-07-2017-15:47:43:153 2400 3200 1
17-07-2017-15:47:43:199 3200 4000 1
17-07-2017-15:47:43:251 4000 4747 1
17-07-2017-15:47:43:293 4747 5494 1
17-07-2017-15:47:43:345 5494 6240 1
17-07-2017-15:47:43:386 6240 6986 1
17-07-2017-15:47:43:432 6986 7732 1
17-07-2017-15:47:43:480 7732 8478 1
17-07-2017-15:47:43:525 8478 9224 1
17-07-2017-15:47:43:573 9224 9970 1
17-07-2017-15:47:43:621 9970 10716 1
17-07-2017-15:47:43:666 10716 11462 1
17-07-2017-15:47:43:713 11462 12208 1
17-07-2017-15:47:43:760 12208 12954 1
17-07-2017-15:47:43:807 12954 13700 1
17-07-2017-15:47:43:856 13700 14446 1
17-07-2017-15:47:43:899 14446 15192 1
17-07-2017-15:47:43:950 15192 15938 1
17-07-2017-15:47:44:001 15938 16684 1
17-07-2017-15:47:44:048 16684 17430 1
17-07-2017-15:47:44:095 17430 18176 1
17-07-2017-15:47:44:144 18176 18922 1
17-07-2017-15:47:44:189 18922 19668 1
17-07-2017-15:47:44:240 19668 20414 1
17-07-2017-15:47:44:274 20414 21160 1
17-07-2017-15:47:44:320 21160 21906 1
17-07-2017-15:47:44:367 21906 22652 1
17-07-2017-15:47:44:413 22652 23398 1
17-07-2017-15:47:44:460 23398 24144 1
17-07-2017-15:47:44:506 24144 24890 1
17-07-2017-15:47:44:553 24890 25636 1
17-07-2017-15:47:44:600 25636 26382 1
17-07-2017-15:47:44:646 26382 27128 1
17-07-2017-15:47:44:693 27128 27874 1
17-07-2017-15:47:44:739 27874 28620 1
17-07-2017-15:47:44:787 28620 29366 1
17-07-2017-15:47:44:833 29366 30112 1
17-07-2017-15:47:44:880 30112 30858 1
17-07-2017-15:47:44:927 30858 31604 1
17-07-2017-15:47:44:973 31604 32350 1
17-07-2017-15:47:45:020 32350 33096 1
17-07-2017-15:47:45:067 33096 33842 1
17-07-2017-15:47:45:120 33842 34560 1
17-07-2017-15:47:45:156 34560 35278 1
17-07-2017-15:47:45:202 35278 35996 1
17-07-2017-15:47:45:250 35996 36714 1
17-07-2017-15:47:45:295 36714 37432 1
17-07-2017-15:47:45:343 37432 38150 1
17-07-2017-15:47:45:390 38150 38868 1
17-07-2017-15:47:45:425 38868 39586 1
17-07-2017-15:47:45:471 39586 40304 1
17-07-2017-15:47:45:518 40304 41022 1
17-07-2017-15:47:45:564 41022 41740 1
17-07-2017-15:47:45:611 41740 42458 1
17-07-2017-15:47:45:657 42458 43176 1
17-07-2017-15:47:45:693 43176 43894 1
17-07-2017-15:47:45:740 43894 44612 1
17-07-2017-15:47:45:788 44612 45330 1
17-07-2017-15:47:45:833 45330 46048 1
17-07-2017-15:47:45:898 46048 46766 1
17-07-2017-15:47:45:925 46766 47484 1
17-07-2017-15:47:45:972 47484 48202 1
17-07-2017-15:47:46:007 48202 48920 1
17-07-2017-15:47:46:059 48920 49560 1
17-07-2017-15:47:46:505 49560 50200 1
17-07-2017-15:47:46:506 50200 50840 1
17-07-2017-15:47:46:506 50840 51480 1
17-07-2017-15:47:46:506 51480 52120 1
17-07-2017-15:47:46:506 52120 52760 1
17-07-2017-15:47:46:506 52760 53400 1
17-07-2017-15:47:46:506 53400 54040 1
17-07-2017-15:47:46:506 54040 54680 1
17-07-2017-15:47:46:506 54680 55320 1
17-07-2017-15:47:46:506 55320 55960 1
17-07-2017-15:47:46:506 55960 56600 1
17-07-2017-15:47:46:536 56600 57240 1
17-07-2017-15:47:46:568 57240 57880 1
17-07-2017-15:47:46:617 57880 58520 1
17-07-2017-15:47:46:649 58520 59160 1
17-07-2017-15:47:46:697 59160 59800 1
17-07-2017-15:47:46:732 59800 60440 1
17-07-2017-15:47:46:767 60440 61080 1
17-07-2017-15:47:46:809 61080 61720 1
17-07-2017-15:47:46:857 61720 62360 1
17-07-2017-15:47:46:894 62360 63000 1
17-07-2017-15:47:46:937 63000 63640 1
17-07-2017-15:47:46:974 63640 64280 1
17-07-2017-15:47:47:015 64280 64920 1
17-07-2017-15:47:47:055 64920 65560 1
17-07-2017-15:47:47:090 65560 66200 1
17-07-2017-15:47:47:136 66200 66840 1
17-07-2017-15:47:47:172 66840 67480 1
17-07-2017-15:47:47:218 67480 68120 1
17-07-2017-15:47:47:254 68120 68760 1
17-07-2017-15:47:47:288 68760 69400 1
17-07-2017-15:47:47:334 69400 70040 1
17-07-2017-15:47:47:370 70040 70680 1
17-07-2017-15:47:47:415 70680 71320 1
17-07-2017-15:47:47:450 71320 71960 1
17-07-2017-15:47:47:498 71960 72600 1
17-07-2017-15:47:47:533 72600 73240 1
17-07-2017-15:47:47:567 73240 73880 1
17-07-2017-15:47:47:614 73880 74520 1
17-07-2017-15:47:47:650 74520 75160 1
17-07-2017-15:47:47:696 75160 75800 1
17-07-2017-15:47:47:731 75800 76440 1
17-07-2017-15:47:47:778 76440 77080 1
17-07-2017-15:47:47:813 77080 77720 1
17-07-2017-15:47:47:856 77720 78360 1
17-07-2017-15:47:47:890 78360 79000 1
17-07-2017-15:47:47:938 79000 79640 1
17-07-2017-15:47:47:973 79640 80280 1
17-07-2017-15:47:48:008 80280 80920 1
17-07-2017-15:47:48:054 80920 81560 1
17-07-2017-15:47:48:089 81560 82200 1
17-07-2017-15:47:48:135 82200 82840 1
17-07-2017-15:47:48:170 82840 83480 1
17-07-2017-15:47:48:216 83480 84120 1
17-07-2017-15:47:48:268 84120 84760 1
17-07-2017-15:47:48:286 84760 85400 1
17-07-2017-15:47:48:334 85400 86040 1
17-07-2017-15:47:48:368 86040 86680 1
17-07-2017-15:47:48:415 86680 87320 1
17-07-2017-15:47:48:449 87320 87960 1
17-07-2017-15:47:48:496 87960 88600 1
17-07-2017-15:47:48:531 88600 89240 1
17-07-2017-15:47:48:567 89240 89880 1
17-07-2017-15:47:48:614 89880 90520 1
17-07-2017-15:47:48:648 90520 91160 1
17-07-2017-15:47:48:695 91160 91800 1
17-07-2017-15:47:48:730 91800 92440 1
17-07-2017-15:47:48:776 92440 93080 1
17-07-2017-15:47:48:812 93080 93720 1
17-07-2017-15:47:48:846 93720 94360 1
17-07-2017-15:47:48:891 94360 95000 1
17-07-2017-15:47:48:937 95000 95640 1
17-07-2017-15:47:48:972 95640 96280 1
17-07-2017-15:47:49:010 96280 96920 1
17-07-2017-15:47:49:054 96920 97560 1
17-07-2017-15:47:49:087 97560 98200 1
17-07-2017-15:47:49:134 98200 98840 1
17-07-2017-15:47:49:170 98840 99480 1
17-07-2017-15:47:49:218 99480 100120 1
17-07-2017-15:47:49:601 100120 100760 1
17-07-2017-15:47:49:602 100760 101400 1
17-07-2017-15:47:49:602 101400 102040 1
17-07-2017-15:47:49:602 102040 102680 1
17-07-2017-15:47:49:602 102680 103320 1
17-07-2017-15:47:49:602 103320 103960 1
17-07-2017-15:47:49:602 103960 104600 1
17-07-2017-15:47:49:602 104600 105240 1
17-07-2017-15:47:49:602 105240 105880 1
17-07-2017-15:47:49:611 105880 106520 1
17-07-2017-15:47:49:657 106520 107160 1
17-07-2017-15:47:49:693 107160 107800 1
17-07-2017-15:47:49:727 107800 108440 1
17-07-2017-15:47:49:772 108440 109080 1
17-07-2017-15:47:49:807 109080 109720 1
17-07-2017-15:47:49:854 109720 110360 1
17-07-2017-15:47:49:890 110360 111000 1
17-07-2017-15:47:49:936 111000 111640 1
17-07-2017-15:47:49:972 111640 112280 1
17-07-2017-15:47:50:007 112280 112920 1
17-07-2017-15:47:50:058 112920 113560 1
17-07-2017-15:47:50:092 113560 114200 1
17-07-2017-15:47:50:129 114200 114840 1
17-07-2017-15:47:50:174 114840 115480 1
17-07-2017-15:47:50:211 115480 116120 1
17-07-2017-15:47:50:255 116120 116760 1
17-07-2017-15:47:50:291 116760 117400 1
17-07-2017-15:47:50:337 117400 118040 1
17-07-2017-15:47:50:371 118040 118680 1
17-07-2017-15:47:50:405 118680 119320 1
17-07-2017-15:47:50:452 119320 119960 1
17-07-2017-15:47:50:490 119960 120600 1
17-07-2017-15:47:50:541 120600 121240 1
17-07-2017-15:47:50:568 121240 121880 1
17-07-2017-15:47:50:615 121880 122520 1
17-07-2017-15:47:50:650 122520 123160 1
17-07-2017-15:47:50:695 123160 123800 1
17-07-2017-15:47:50:738 123800 124440 1
17-07-2017-15:47:50:771 124440 125080 1
17-07-2017-15:47:50:806 125080 125720 1
17-07-2017-15:47:50:853 125720 126360 1
17-07-2017-15:47:50:888 126360 127000 1
17-07-2017-15:47:50:934 127000 127640 1
17-07-2017-15:47:50:971 127640 128280 1
17-07-2017-15:47:51:017 128280 128920 1
17-07-2017-15:47:51:056 128920 129560 1
17-07-2017-15:47:51:095 129560 130200 1
17-07-2017-15:47:51:130 130200 130840 1
17-07-2017-15:47:51:177 130840 131480 1
17-07-2017-15:47:51:212 131480 132120 1
17-07-2017-15:47:51:246 132120 132760 1
17-07-2017-15:47:51:293 132760 133400 1
17-07-2017-15:47:51:329 133400 134040 1
17-07-2017-15:47:51:374 134040 134680 1
17-07-2017-15:47:51:410 134680 135320 1
17-07-2017-15:47:51:455 135320 135960 1
17-07-2017-15:47:51:491 135960 136600 1
17-07-2017-15:47:51:527 136600 137240 1
17-07-2017-15:47:51:574 137240 137880 1
17-07-2017-15:47:51:608 137880 138520 1
17-07-2017-15:47:51:655 138520 139160 1
17-07-2017-15:47:51:689 139160 139800 1
17-07-2017-15:47:51:734 139800 140440 1
17-07-2017-15:47:51:768 140440 141080 1
17-07-2017-15:47:51:815 141080 141720 1
17-07-2017-15:47:51:848 141720 142360 1
17-07-2017-15:47:51:895 142360 143000 1
17-07-2017-15:47:51:930 143000 143640 1
17-07-2017-15:47:51:977 143640 144280 1
17-07-2017-15:47:52:012 144280 144920 1
17-07-2017-15:47:52:047 144920 145560 1
17-07-2017-15:47:52:094 145560 146200 1
17-07-2017-15:47:52:129 146200 146840 1
17-07-2017-15:47:52:175 146840 147480 1
17-07-2017-15:47:52:211 147480 148120 1
17-07-2017-15:47:52:257 148120 148760 1
17-07-2017-15:47:52:293 148760 149400 1
17-07-2017-15:47:52:327 149400 150040 1
17-07-2017-15:47:52:368 150040 150680 1
17-07-2017-15:47:52:900 150680 151320 1
17-07-2017-15:47:52:902 151320 151960 1
17-07-2017-15:47:52:902 151960 152600 1
17-07-2017-15:47:52:902 152600 153240 1
17-07-2017-15:47:52:902 153240 153880 1
17-07-2017-15:47:52:902 153880 154520 1
17-07-2017-15:47:52:902 154520 155160 1
17-07-2017-15:47:52:902 155160 155800 1
17-07-2017-15:47:52:902 155800 156440 1
17-07-2017-15:47:52:902 156440 157080 1
17-07-2017-15:47:52:902 157080 157720 1
17-07-2017-15:47:52:902 157720 158360 1
17-07-2017-15:47:52:902 158360 159000 1
17-07-2017-15:47:52:938 159000 159640 1
17-07-2017-15:47:52:973 159640 160280 1
17-07-2017-15:47:53:010 160280 160920 1
17-07-2017-15:47:53:054 160920 161560 1
17-07-2017-15:47:53:091 161560 162200 1
17-07-2017-15:47:53:136 162200 162840 1
17-07-2017-15:47:53:173 162840 163480 1
17-07-2017-15:47:53:205 163480 164120 1
17-07-2017-15:47:53:246 164120 164760 1
17-07-2017-15:47:53:294 164760 165400 1
17-07-2017-15:47:53:339 165400 166040 1
17-07-2017-15:47:53:379 166040 166680 1
17-07-2017-15:47:53:414 166680 167320 1
17-07-2017-15:47:53:448 167320 167960 1
17-07-2017-15:47:53:498 167960 168600 1
17-07-2017-15:47:53:529 168600 169240 1
17-07-2017-15:47:53:575 169240 169880 1
17-07-2017-15:47:53:611 169880 170520 1
17-07-2017-15:47:53:658 170520 171160 1
17-07-2017-15:47:53:693 171160 171800 1
17-07-2017-15:47:53:727 171800 172440 1
17-07-2017-15:47:53:775 172440 173080 1
17-07-2017-15:47:53:816 173080 173720 1
17-07-2017-15:47:53:855 173720 174360 1
17-07-2017-15:47:53:899 174360 175000 1
17-07-2017-15:47:53:933 175000 175640 1
17-07-2017-15:47:53:967 175640 176280 1
17-07-2017-15:47:54:012 176280 176920 1
17-07-2017-15:47:54:048 176920 177560 1
17-07-2017-15:47:54:096 177560 178200 1
17-07-2017-15:47:54:130 178200 178840 1
17-07-2017-15:47:54:177 178840 179480 1
17-07-2017-15:47:54:212 179480 180120 1
17-07-2017-15:47:54:246 180120 180760 1
17-07-2017-15:47:54:292 180760 181400 1
17-07-2017-15:47:54:328 181400 182040 1
17-07-2017-15:47:54:375 182040 182680 1
17-07-2017-15:47:54:409 182680 183320 1
17-07-2017-15:47:54:457 183320 183960 1
17-07-2017-15:47:54:490 183960 184600 1
17-07-2017-15:47:54:534 184600 185240 1
17-07-2017-15:47:54:577 185240 185880 1
17-07-2017-15:47:54:617 185880 186520 1
17-07-2017-15:47:54:651 186520 187160 1
17-07-2017-15:47:54:689 187160 187800 1
17-07-2017-15:47:54:729 187800 188440 1
17-07-2017-15:47:54:776 188440 189080 1
17-07-2017-15:47:54:825 189080 189720 1
17-07-2017-15:47:54:858 189720 190360 1
17-07-2017-15:47:54:892 190360 191000 1
17-07-2017-15:47:54:927 191000 191640 1
17-07-2017-15:47:54:975 191640 192280 1
17-07-2017-15:47:55:008 192280 192920 1
17-07-2017-15:47:55:056 192920 193560 1
17-07-2017-15:47:55:091 193560 194200 1
17-07-2017-15:47:55:137 194200 194840 1
17-07-2017-15:47:55:171 194840 195480 1
17-07-2017-15:47:55:207 195480 196120 1
17-07-2017-15:47:55:254 196120 196760 1
17-07-2017-15:47:55:288 196760 197400 1
17-07-2017-15:47:55:335 197400 198040 1
17-07-2017-15:47:55:370 198040 198680 1
17-07-2017-15:47:55:416 198680 199320 1
17-07-2017-15:47:55:452 199320 199960 1
17-07-2017-15:47:55:487 199960 200600 1
17-07-2017-15:47:55:534 200600 201240 1
17-07-2017-15:47:55:992 201240 201880 1
17-07-2017-15:47:55:993 201880 202520 1
17-07-2017-15:47:55:993 202520 203160 1
17-07-2017-15:47:55:993 203160 203800 1
17-07-2017-15:47:55:994 203800 204440 1
17-07-2017-15:47:55:994 204440 205080 1
17-07-2017-15:47:55:994 205080 205720 1
17-07-2017-15:47:55:994 205720 206360 1
17-07-2017-15:47:55:994 206360 207000 1
17-07-2017-15:47:55:994 207000 207640 1
17-07-2017-15:47:55:994 207640 208280 1
17-07-2017-15:47:56:024 208280 208920 1
17-07-2017-15:47:56:052 208920 209560 1
17-07-2017-15:47:56:096 209560 210200 1
17-07-2017-15:47:56:146 210200 210840 1
17-07-2017-15:47:56:167 210840 211480 1
17-07-2017-15:47:56:213 211480 212120 1
17-07-2017-15:47:56:270 212120 212760 1
17-07-2017-15:47:56:291 212760 213400 1
17-07-2017-15:47:56:329 213400 214040 1
17-07-2017-15:47:56:376 214040 214680 1
17-07-2017-15:47:56:412 214680 215320 1
17-07-2017-15:47:56:457 215320 215960 1
17-07-2017-15:47:56:493 215960 216600 1
17-07-2017-15:47:56:530 216600 217240 1
17-07-2017-15:47:56:575 217240 217880 1
17-07-2017-15:47:56:610 217880 218520 1
17-07-2017-15:47:56:656 218520 219160 1
17-07-2017-15:47:56:692 219160 219800 1
17-07-2017-15:47:56:737 219800 220440 1
17-07-2017-15:47:56:771 220440 221080 1
17-07-2017-15:47:56:807 221080 221720 1
17-07-2017-15:47:56:853 221720 222360 1
17-07-2017-15:47:56:889 222360 223000 1
17-07-2017-15:47:56:935 223000 223640 1
17-07-2017-15:47:56:971 223640 224280 1
17-07-2017-15:47:57:018 224280 224920 1
17-07-2017-15:47:57:051 224920 225560 1
17-07-2017-15:47:57:087 225560 226200 1
17-07-2017-15:47:57:133 226200 226840 1
17-07-2017-15:47:57:168 226840 227480 1
17-07-2017-15:47:57:216 227480 228120 1
17-07-2017-15:47:57:255 228120 228760 1
17-07-2017-15:47:57:294 228760 229400 1
17-07-2017-15:47:57:329 229400 230040 1
17-07-2017-15:47:57:375 230040 230680 1
17-07-2017-15:47:57:410 230680 231320 1
17-07-2017-15:47:57:458 231320 231960 1
17-07-2017-15:47:57:492 231960 232600 1
17-07-2017-15:47:57:530 232600 233240 1
17-07-2017-15:47:57:576 233240 233880 1
17-07-2017-15:47:57:612 233880 234520 1
17-07-2017-15:47:57:648 234520 235160 1
17-07-2017-15:47:57:694 235160 235800 1
17-07-2017-15:47:57:736 235800 236440 1
17-07-2017-15:47:57:781 236440 237080 1
17-07-2017-15:47:57:812 237080 237720 1
17-07-2017-15:47:57:858 237720 238360 1
17-07-2017-15:47:57:891 238360 239000 1
17-07-2017-15:47:57:926 239000 239640 1
17-07-2017-15:47:57:974 239640 240280 1
17-07-2017-15:47:58:009 240280 240920 1
17-07-2017-15:47:58:055 240920 241560 1
17-07-2017-15:47:58:090 241560 242200 1
17-07-2017-15:47:58:137 242200 242840 1
17-07-2017-15:47:58:172 242840 243480 1
17-07-2017-15:47:58:208 243480 244120 1
17-07-2017-15:47:58:253 244120 244760 1
17-07-2017-15:47:58:289 244760 245400 1
17-07-2017-15:47:58:329 245400 246040 1
17-07-2017-15:47:58:368 246040 246680 1
17-07-2017-15:47:58:413 246680 247320 1
17-07-2017-15:47:58:450 247320 247960 1
17-07-2017-15:47:58:488 247960 248600 1
17-07-2017-15:47:58:539 248600 249240 1
17-07-2017-15:47:58:569 249240 249880 1
17-07-2017-15:47:58:615 249880 250520 1
17-07-2017-15:47:58:654 250520 251160 1
17-07-2017-15:47:58:690 251160 251800 1
17-07-2017-15:47:59:231 251800 252440 1
17-07-2017-15:47:59:233 252440 253080 1
17-07-2017-15:47:59:234 253080 253720 1
17-07-2017-15:47:59:234 253720 254360 1
17-07-2017-15:47:59:235 254360 255000 1
17-07-2017-15:47:59:235 255000 255640 1
17-07-2017-15:47:59:235 255640 256280 1
17-07-2017-15:47:59:236 256280 256920 1
17-07-2017-15:47:59:236 256920 257560 1
17-07-2017-15:47:59:236 257560 258200 1
17-07-2017-15:47:59:236 258200 258840 1
17-07-2017-15:47:59:236 258840 259480 1
17-07-2017-15:47:59:236 259480 260120 1
17-07-2017-15:47:59:251 260120 260760 1
17-07-2017-15:47:59:290 260760 261400 1
17-07-2017-15:47:59:337 261400 262040 1
17-07-2017-15:47:59:371 262040 262680 1
17-07-2017-15:47:59:407 262680 263320 1
17-07-2017-15:47:59:455 263320 263960 1
17-07-2017-15:47:59:487 263960 264600 1
17-07-2017-15:47:59:536 264600 265240 1
17-07-2017-15:47:59:590 265240 265880 1
17-07-2017-15:47:59:621 265880 266520 1
17-07-2017-15:47:59:655 266520 267160 1
17-07-2017-15:47:59:688 267160 267800 1
17-07-2017-15:47:59:733 267800 268440 1
17-07-2017-15:47:59:769 268440 269080 1
17-07-2017-15:47:59:816 269080 269720 1
17-07-2017-15:47:59:850 269720 270360 1
17-07-2017-15:47:59:897 270360 271000 1
17-07-2017-15:47:59:932 271000 271640 1
17-07-2017-15:47:59:977 271640 272280 1
17-07-2017-15:48:00:008 272280 272920 1
17-07-2017-15:48:00:059 272920 273560 1
17-07-2017-15:48:00:090 273560 274200 1
17-07-2017-15:48:00:137 274200 274840 1
17-07-2017-15:48:00:171 274840 275480 1
17-07-2017-15:48:00:218 275480 276120 1
17-07-2017-15:48:00:256 276120 276760 1
17-07-2017-15:48:00:287 276760 277400 1
17-07-2017-15:48:00:337 277400 278040 1
17-07-2017-15:48:00:373 278040 278680 1
17-07-2017-15:48:00:415 278680 279320 1
17-07-2017-15:48:00:454 279320 279960 1
17-07-2017-15:48:00:490 279960 280600 1
17-07-2017-15:48:00:526 280600 281240 1
17-07-2017-15:48:00:573 281240 281880 1
17-07-2017-15:48:00:609 281880 282520 1
17-07-2017-15:48:00:655 282520 283160 1
17-07-2017-15:48:00:690 283160 283800 1
17-07-2017-15:48:00:737 283800 284440 1
17-07-2017-15:48:00:774 284440 285080 1
17-07-2017-15:48:00:806 285080 285720 1
17-07-2017-15:48:00:857 285720 286360 1
17-07-2017-15:48:00:899 286360 287000 1
