17-07-2017-14:19:05:777 0 694 1
17-07-2017-14:19:05:821 694 1388 1
17-07-2017-14:19:05:868 1388 2082 1
17-07-2017-14:19:05:901 2082 2776 1
17-07-2017-14:19:05:948 2776 3470 1
17-07-2017-14:19:05:996 3470 4164 1
17-07-2017-14:19:06:031 4164 4858 1
17-07-2017-14:19:06:078 4858 5552 1
17-07-2017-14:19:06:124 5552 6246 1
17-07-2017-14:19:06:172 6246 6940 1
17-07-2017-14:19:06:209 6940 7634 1
17-07-2017-14:19:06:257 7634 8328 1
17-07-2017-14:19:06:297 8328 9022 1
17-07-2017-14:19:06:344 9022 9716 1
17-07-2017-14:19:06:382 9716 10410 1
17-07-2017-14:19:06:429 10410 11104 1
17-07-2017-14:19:06:465 11104 11798 1
17-07-2017-14:19:06:515 11798 12492 1
17-07-2017-14:19:06:550 12492 13186 1
17-07-2017-14:19:06:602 13186 13880 1
17-07-2017-14:19:06:637 13880 14574 1
17-07-2017-14:19:06:683 14574 15268 1
17-07-2017-14:19:06:731 15268 15962 1
17-07-2017-14:19:06:768 15962 16656 1
17-07-2017-14:19:06:816 16656 17350 1
17-07-2017-14:19:06:868 17350 18044 1
17-07-2017-14:19:06:903 18044 18738 1
17-07-2017-14:19:06:951 18738 19432 1
17-07-2017-14:19:06:990 19432 20126 1
17-07-2017-14:19:07:030 20126 20820 1
17-07-2017-14:19:07:080 20820 21514 1
17-07-2017-14:19:07:115 21514 22208 1
17-07-2017-14:19:07:161 22208 22902 1
17-07-2017-14:19:07:208 22902 23596 1
17-07-2017-14:19:07:244 23596 24290 1
17-07-2017-14:19:07:290 24290 24984 1
17-07-2017-14:19:07:337 24984 25678 1
17-07-2017-14:19:07:383 25678 26372 1
17-07-2017-14:19:07:418 26372 27066 1
17-07-2017-14:19:07:464 27066 27760 1
17-07-2017-14:19:07:512 27760 28454 1
17-07-2017-14:19:07:551 28454 29148 1
17-07-2017-14:19:07:599 29148 29842 1
17-07-2017-14:19:07:645 29842 30536 1
17-07-2017-14:19:07:684 30536 31230 1
17-07-2017-14:19:07:732 31230 31924 1
17-07-2017-14:19:07:771 31924 32618 1
17-07-2017-14:19:07:819 32618 33312 1
17-07-2017-14:19:07:852 33312 34006 1
17-07-2017-14:19:07:900 34006 34700 1
17-07-2017-14:19:07:940 34700 35394 1
17-07-2017-14:19:07:987 35394 36088 1
17-07-2017-14:19:08:033 36088 36782 1
17-07-2017-14:19:08:072 36782 37476 1
17-07-2017-14:19:08:121 37476 38170 1
17-07-2017-14:19:08:154 38170 38864 1
17-07-2017-14:19:08:202 38864 39558 1
17-07-2017-14:19:08:241 39558 40252 1
17-07-2017-14:19:08:293 40252 40946 1
17-07-2017-14:19:08:332 40946 41640 1
17-07-2017-14:19:08:379 41640 42334 1
17-07-2017-14:19:08:419 42334 43028 1
17-07-2017-14:19:08:466 43028 43722 1
17-07-2017-14:19:08:505 43722 44416 1
17-07-2017-14:19:08:553 44416 45110 1
17-07-2017-14:19:08:592 45110 45804 1
17-07-2017-14:19:08:638 45804 46498 1
17-07-2017-14:19:08:679 46498 47192 1
17-07-2017-14:19:08:725 47192 47886 1
17-07-2017-14:19:08:773 47886 48580 1
17-07-2017-14:19:08:813 48580 49274 1
17-07-2017-14:19:08:859 49274 49968 1
17-07-2017-14:19:09:018 49968 50662 1
17-07-2017-14:19:09:019 50662 51356 1
17-07-2017-14:19:09:019 51356 52050 1
17-07-2017-14:19:09:032 52050 52744 1
17-07-2017-14:19:09:073 52744 53438 1
