17-07-2017-14:20:04:222 0 800 1
17-07-2017-14:20:04:274 800 1547 1
17-07-2017-14:20:04:315 1547 2294 1
17-07-2017-14:20:04:367 2294 2987 1
17-07-2017-14:20:04:404 2987 3680 1
17-07-2017-14:20:04:452 3680 4373 1
17-07-2017-14:20:04:498 4373 5066 1
17-07-2017-14:20:04:533 5066 5759 1
17-07-2017-14:20:04:581 5759 6452 1
17-07-2017-14:20:04:626 6452 7145 1
17-07-2017-14:20:04:662 7145 7838 1
17-07-2017-14:20:04:712 7838 8531 1
17-07-2017-14:20:04:747 8531 9224 1
17-07-2017-14:20:04:795 9224 9917 1
17-07-2017-14:20:04:844 9917 10610 1
17-07-2017-14:20:04:880 10610 11303 1
17-07-2017-14:20:04:928 11303 11996 1
17-07-2017-14:20:04:973 11996 12689 1
17-07-2017-14:20:05:009 12689 13382 1
17-07-2017-14:20:05:056 13382 14075 1
17-07-2017-14:20:05:102 14075 14768 1
17-07-2017-14:20:05:142 14768 15461 1
17-07-2017-14:20:05:189 15461 16154 1
17-07-2017-14:20:05:235 16154 16847 1
17-07-2017-14:20:05:270 16847 17540 1
17-07-2017-14:20:05:322 17540 18233 1
17-07-2017-14:20:05:358 18233 18926 1
17-07-2017-14:20:05:403 18926 19619 1
17-07-2017-14:20:05:453 19619 20312 1
17-07-2017-14:20:05:488 20312 21005 1
17-07-2017-14:20:05:534 21005 21698 1
17-07-2017-14:20:05:582 21698 22391 1
17-07-2017-14:20:05:617 22391 23084 1
17-07-2017-14:20:05:663 23084 23777 1
17-07-2017-14:20:05:711 23777 24470 1
17-07-2017-14:20:05:744 24470 25163 1
17-07-2017-14:20:05:792 25163 25856 1
17-07-2017-14:20:05:831 25856 26549 1
17-07-2017-14:20:05:877 26549 27242 1
17-07-2017-14:20:05:919 27242 27935 1
17-07-2017-14:20:05:964 27935 28628 1
17-07-2017-14:20:06:010 28628 29321 1
17-07-2017-14:20:06:058 29321 30014 1
17-07-2017-14:20:06:098 30014 30707 1
17-07-2017-14:20:06:150 30707 31400 1
17-07-2017-14:20:06:185 31400 32093 1
17-07-2017-14:20:06:231 32093 32786 1
17-07-2017-14:20:06:271 32786 33479 1
17-07-2017-14:20:06:318 33479 34172 1
17-07-2017-14:20:06:354 34172 34865 1
17-07-2017-14:20:06:399 34865 35558 1
17-07-2017-14:20:06:445 35558 36251 1
17-07-2017-14:20:06:481 36251 36944 1
17-07-2017-14:20:06:532 36944 37637 1
17-07-2017-14:20:06:568 37637 38330 1
17-07-2017-14:20:06:620 38330 39023 1
17-07-2017-14:20:06:655 39023 39716 1
17-07-2017-14:20:06:701 39716 40409 1
17-07-2017-14:20:06:751 40409 41102 1
17-07-2017-14:20:06:790 41102 41795 1
17-07-2017-14:20:06:838 41795 42488 1
17-07-2017-14:20:06:878 42488 43181 1
17-07-2017-14:20:06:925 43181 43874 1
17-07-2017-14:20:06:965 43874 44567 1
17-07-2017-14:20:07:010 44567 45260 1
17-07-2017-14:20:07:050 45260 45953 1
17-07-2017-14:20:07:097 45953 46646 1
17-07-2017-14:20:07:139 46646 47339 1
17-07-2017-14:20:07:184 47339 48032 1
17-07-2017-14:20:07:220 48032 48725 1
17-07-2017-14:20:07:266 48725 49418 1
17-07-2017-14:20:07:444 49418 50111 1
17-07-2017-14:20:07:444 50111 50804 1
17-07-2017-14:20:07:445 50804 51497 1
17-07-2017-14:20:07:445 51497 52190 1
17-07-2017-14:20:07:478 52190 52883 1
17-07-2017-14:20:07:526 52883 53576 1
17-07-2017-14:20:07:566 53576 54269 1
17-07-2017-14:20:07:611 54269 54962 1
17-07-2017-14:20:07:651 54962 55655 1
17-07-2017-14:20:07:698 55655 56348 1
17-07-2017-14:20:07:738 56348 57041 1
17-07-2017-14:20:07:786 57041 57734 1
17-07-2017-14:20:07:828 57734 58427 1
17-07-2017-14:20:07:873 58427 59120 1
17-07-2017-14:20:07:912 59120 59813 1
17-07-2017-14:20:07:958 59813 60506 1
17-07-2017-14:20:08:005 60506 61199 1
17-07-2017-14:20:08:041 61199 61892 1
17-07-2017-14:20:08:086 61892 62585 1
17-07-2017-14:20:08:134 62585 63278 1
17-07-2017-14:20:08:174 63278 63971 1
17-07-2017-14:20:08:221 63971 64664 1
17-07-2017-14:20:08:271 64664 65357 1
17-07-2017-14:20:08:307 65357 66050 1
17-07-2017-14:20:08:352 66050 66743 1
17-07-2017-14:20:08:388 66743 67436 1
17-07-2017-14:20:08:435 67436 68129 1
17-07-2017-14:20:08:481 68129 68822 1
17-07-2017-14:20:08:516 68822 69515 1
17-07-2017-14:20:08:568 69515 70208 1
17-07-2017-14:20:08:604 70208 70901 1
17-07-2017-14:20:08:649 70901 71594 1
17-07-2017-14:20:08:697 71594 72287 1
17-07-2017-14:20:08:743 72287 72980 1
17-07-2017-14:20:08:783 72980 73673 1
17-07-2017-14:20:08:830 73673 74366 1
17-07-2017-14:20:08:870 74366 75059 1
17-07-2017-14:20:08:918 75059 75752 1
17-07-2017-14:20:08:953 75752 76445 1
17-07-2017-14:20:09:003 76445 77138 1
17-07-2017-14:20:09:038 77138 77831 1
17-07-2017-14:20:09:086 77831 78524 1
17-07-2017-14:20:09:125 78524 79217 1
17-07-2017-14:20:09:171 79217 79910 1
17-07-2017-14:20:09:219 79910 80603 1
17-07-2017-14:20:09:254 80603 81296 1
17-07-2017-14:20:09:300 81296 81989 1
17-07-2017-14:20:09:340 81989 82682 1
17-07-2017-14:20:09:388 82682 83375 1
17-07-2017-14:20:09:427 83375 84068 1
