17-07-2017-16:05:27:253 0 800 1
17-07-2017-16:05:27:305 800 1600 1
17-07-2017-16:05:27:351 1600 2400 1
17-07-2017-16:05:27:403 2400 3040 1
17-07-2017-16:05:27:441 3040 3680 1
17-07-2017-16:05:27:479 3680 4320 1
17-07-2017-16:05:27:512 4320 4960 1
17-07-2017-16:05:27:555 4960 5600 1
17-07-2017-16:05:27:597 5600 6240 1
17-07-2017-16:05:27:641 6240 6880 1
17-07-2017-16:05:27:677 6880 7520 1
17-07-2017-16:05:27:720 7520 8160 1
17-07-2017-16:05:27:752 8160 8800 1
17-07-2017-16:05:27:800 8800 9440 1
17-07-2017-16:05:27:834 9440 10080 1
17-07-2017-16:05:27:883 10080 10720 1
17-07-2017-16:05:27:921 10720 11360 1
17-07-2017-16:05:27:961 11360 12000 1
17-07-2017-16:05:28:003 12000 12640 1
17-07-2017-16:05:28:035 12640 13280 1
17-07-2017-16:05:28:082 13280 13920 1
17-07-2017-16:05:28:117 13920 14560 1
17-07-2017-16:05:28:155 14560 15200 1
17-07-2017-16:05:28:200 15200 15840 1
17-07-2017-16:05:28:246 15840 16480 1
17-07-2017-16:05:28:273 16480 17120 1
17-07-2017-16:05:28:319 17120 17760 1
17-07-2017-16:05:28:354 17760 18400 1
17-07-2017-16:05:28:402 18400 19040 1
17-07-2017-16:05:28:455 19040 19680 1
17-07-2017-16:05:28:479 19680 20320 1
17-07-2017-16:05:28:518 20320 20960 1
17-07-2017-16:05:28:562 20960 21600 1
17-07-2017-16:05:28:597 21600 22240 1
17-07-2017-16:05:28:636 22240 22880 1
17-07-2017-16:05:28:675 22880 23520 1
17-07-2017-16:05:28:723 23520 24160 1
17-07-2017-16:05:28:757 24160 24800 1
17-07-2017-16:05:28:792 24800 25440 1
17-07-2017-16:05:28:831 25440 26080 1
17-07-2017-16:05:28:882 26080 26720 1
17-07-2017-16:05:28:919 26720 27360 1
17-07-2017-16:05:28:961 27360 28000 1
17-07-2017-16:05:28:997 28000 28640 1
17-07-2017-16:05:29:044 28640 29280 1
17-07-2017-16:05:29:080 29280 29920 1
17-07-2017-16:05:29:112 29920 30560 1
17-07-2017-16:05:29:163 30560 31200 1
17-07-2017-16:05:29:194 31200 31840 1
17-07-2017-16:05:29:242 31840 32480 1
17-07-2017-16:05:29:277 32480 33120 1
17-07-2017-16:05:29:311 33120 33760 1
17-07-2017-16:05:29:359 33760 34400 1
17-07-2017-16:05:29:394 34400 35040 1
17-07-2017-16:05:29:440 35040 35680 1
17-07-2017-16:05:29:475 35680 36320 1
17-07-2017-16:05:29:521 36320 36960 1
17-07-2017-16:05:29:556 36960 37600 1
17-07-2017-16:05:29:591 37600 38240 1
17-07-2017-16:05:29:639 38240 38880 1
17-07-2017-16:05:29:674 38880 39520 1
17-07-2017-16:05:29:723 39520 40160 1
17-07-2017-16:05:29:756 40160 40800 1
17-07-2017-16:05:29:795 40800 41440 1
17-07-2017-16:05:29:842 41440 42080 1
17-07-2017-16:05:29:877 42080 42720 1
17-07-2017-16:05:29:913 42720 43360 1
17-07-2017-16:05:29:959 43360 44000 1
17-07-2017-16:05:29:994 44000 44640 1
17-07-2017-16:05:30:042 44640 45280 1
17-07-2017-16:05:30:077 45280 45920 1
17-07-2017-16:05:30:111 45920 46560 1
17-07-2017-16:05:30:158 46560 47200 1
17-07-2017-16:05:30:194 47200 47840 1
17-07-2017-16:05:30:239 47840 48480 1
17-07-2017-16:05:30:275 48480 49120 1
17-07-2017-16:05:30:322 49120 49760 1
17-07-2017-16:05:31:025 49760 50400 1
17-07-2017-16:05:31:026 50400 51040 1
17-07-2017-16:05:31:026 51040 51680 1
17-07-2017-16:05:31:026 51680 52320 1
17-07-2017-16:05:31:027 52320 52960 1
17-07-2017-16:05:31:027 52960 53600 1
17-07-2017-16:05:31:027 53600 54240 1
17-07-2017-16:05:31:027 54240 54880 1
17-07-2017-16:05:31:027 54880 55520 1
17-07-2017-16:05:31:027 55520 56160 1
17-07-2017-16:05:31:027 56160 56800 1
17-07-2017-16:05:31:027 56800 57440 1
17-07-2017-16:05:31:027 57440 58080 1
17-07-2017-16:05:31:027 58080 58720 1
17-07-2017-16:05:31:027 58720 59360 1
17-07-2017-16:05:31:027 59360 60000 1
17-07-2017-16:05:31:027 60000 60640 1
17-07-2017-16:05:31:037 60640 61280 1
17-07-2017-16:05:31:083 61280 61920 1
17-07-2017-16:05:31:118 61920 62560 1
17-07-2017-16:05:31:152 62560 63200 1
17-07-2017-16:05:31:199 63200 63840 1
17-07-2017-16:05:31:236 63840 64480 1
17-07-2017-16:05:31:286 64480 65120 1
17-07-2017-16:05:31:311 65120 65760 1
17-07-2017-16:05:31:364 65760 66374 1
17-07-2017-16:05:31:397 66374 66988 1
17-07-2017-16:05:31:442 66988 67602 1
17-07-2017-16:05:31:473 67602 68216 1
17-07-2017-16:05:31:517 68216 68830 1
17-07-2017-16:05:31:548 68830 69444 1
17-07-2017-16:05:31:588 69444 70058 1
17-07-2017-16:05:31:623 70058 70672 1
17-07-2017-16:05:31:668 70672 71286 1
17-07-2017-16:05:31:697 71286 71900 1
17-07-2017-16:05:31:741 71900 72514 1
17-07-2017-16:05:31:775 72514 73128 1
17-07-2017-16:05:31:820 73128 73742 1
17-07-2017-16:05:31:856 73742 74356 1
17-07-2017-16:05:31:891 74356 74970 1
17-07-2017-16:05:31:926 74970 75584 1
17-07-2017-16:05:31:973 75584 76198 1
17-07-2017-16:05:32:007 76198 76812 1
17-07-2017-16:05:32:042 76812 77426 1
17-07-2017-16:05:32:090 77426 78040 1
17-07-2017-16:05:32:125 78040 78654 1
17-07-2017-16:05:32:161 78654 79268 1
17-07-2017-16:05:32:194 79268 79882 1
17-07-2017-16:05:32:242 79882 80496 1
17-07-2017-16:05:32:276 80496 81110 1
17-07-2017-16:05:32:311 81110 81724 1
17-07-2017-16:05:32:359 81724 82338 1
17-07-2017-16:05:32:394 82338 82952 1
17-07-2017-16:05:32:428 82952 83566 1
17-07-2017-16:05:32:463 83566 84180 1
17-07-2017-16:05:32:502 84180 84794 1
17-07-2017-16:05:32:548 84794 85408 1
17-07-2017-16:05:32:584 85408 86022 1
17-07-2017-16:05:32:619 86022 86636 1
17-07-2017-16:05:32:665 86636 87250 1
17-07-2017-16:05:32:700 87250 87864 1
17-07-2017-16:05:32:736 87864 88478 1
17-07-2017-16:05:32:770 88478 89092 1
17-07-2017-16:05:32:817 89092 89706 1
17-07-2017-16:05:32:851 89706 90320 1
17-07-2017-16:05:32:886 90320 90934 1
17-07-2017-16:05:32:933 90934 91548 1
17-07-2017-16:05:32:967 91548 92162 1
17-07-2017-16:05:33:004 92162 92776 1
17-07-2017-16:05:33:049 92776 93390 1
17-07-2017-16:05:33:085 93390 94004 1
17-07-2017-16:05:33:119 94004 94618 1
17-07-2017-16:05:33:155 94618 95232 1
17-07-2017-16:05:33:203 95232 95846 1
17-07-2017-16:05:33:240 95846 96460 1
17-07-2017-16:05:33:276 96460 97074 1
17-07-2017-16:05:33:309 97074 97688 1
17-07-2017-16:05:33:345 97688 98302 1
17-07-2017-16:05:33:391 98302 98916 1
17-07-2017-16:05:33:428 98916 99530 1
17-07-2017-16:05:33:462 99530 100144 1
17-07-2017-16:05:34:105 100144 100758 1
17-07-2017-16:05:34:108 100758 101372 1
17-07-2017-16:05:34:108 101372 101986 1
17-07-2017-16:05:34:111 101986 102600 1
17-07-2017-16:05:34:111 102600 103214 1
17-07-2017-16:05:34:111 103214 103828 1
17-07-2017-16:05:34:111 103828 104442 1
17-07-2017-16:05:34:111 104442 105056 1
17-07-2017-16:05:34:111 105056 105670 1
17-07-2017-16:05:34:111 105670 106284 1
17-07-2017-16:05:34:111 106284 106898 1
17-07-2017-16:05:34:111 106898 107512 1
17-07-2017-16:05:34:111 107512 108126 1
17-07-2017-16:05:34:111 108126 108740 1
17-07-2017-16:05:34:111 108740 109354 1
17-07-2017-16:05:34:111 109354 109968 1
17-07-2017-16:05:34:130 109968 110582 1
17-07-2017-16:05:34:159 110582 111196 1
17-07-2017-16:05:34:194 111196 111810 1
