17-07-2017-14:41:49:309 0 800 1
17-07-2017-14:41:49:361 800 1547 1
17-07-2017-14:41:49:402 1547 2294 1
17-07-2017-14:41:49:454 2294 2987 1
17-07-2017-14:41:49:492 2987 3680 1
17-07-2017-14:41:49:531 3680 4373 1
17-07-2017-14:41:49:579 4373 5066 1
17-07-2017-14:41:49:625 5066 5759 1
17-07-2017-14:41:49:676 5759 6452 1
17-07-2017-14:41:49:712 6452 7145 1
17-07-2017-14:41:49:764 7145 7838 1
17-07-2017-14:41:49:799 7838 8531 1
17-07-2017-14:41:49:851 8531 9224 1
17-07-2017-14:41:49:886 9224 9917 1
17-07-2017-14:41:49:932 9917 10610 1
17-07-2017-14:41:49:971 10610 11303 1
17-07-2017-14:41:50:019 11303 11996 1
17-07-2017-14:41:50:054 11996 12689 1
17-07-2017-14:41:50:100 12689 13382 1
17-07-2017-14:41:50:147 13382 14075 1
17-07-2017-14:41:50:187 14075 14768 1
17-07-2017-14:41:50:232 14768 15461 1
17-07-2017-14:41:50:272 15461 16154 1
17-07-2017-14:41:50:320 16154 16847 1
17-07-2017-14:41:50:359 16847 17540 1
17-07-2017-14:41:50:407 17540 18233 1
17-07-2017-14:41:50:446 18233 18926 1
17-07-2017-14:41:50:492 18926 19619 1
17-07-2017-14:41:50:531 19619 20312 1
17-07-2017-14:41:50:573 20312 21005 1
17-07-2017-14:41:50:619 21005 21698 1
17-07-2017-14:41:50:666 21698 22391 1
17-07-2017-14:41:50:706 22391 23084 1
17-07-2017-14:41:50:752 23084 23777 1
17-07-2017-14:41:50:791 23777 24470 1
17-07-2017-14:41:50:838 24470 25163 1
17-07-2017-14:41:50:886 25163 25856 1
17-07-2017-14:41:50:921 25856 26549 1
17-07-2017-14:41:50:972 26549 27242 1
17-07-2017-14:41:51:007 27242 27935 1
17-07-2017-14:41:51:057 27935 28628 1
17-07-2017-14:41:51:092 28628 29321 1
17-07-2017-14:41:51:144 29321 30014 1
17-07-2017-14:41:51:179 30014 30707 1
17-07-2017-14:41:51:229 30707 31400 1
17-07-2017-14:41:51:264 31400 32093 1
17-07-2017-14:41:51:312 32093 32786 1
17-07-2017-14:41:51:358 32786 33479 1
17-07-2017-14:41:51:406 33479 34172 1
17-07-2017-14:41:51:441 34172 34865 1
17-07-2017-14:41:51:487 34865 35558 1
17-07-2017-14:41:51:526 35558 36251 1
17-07-2017-14:41:51:572 36251 36944 1
17-07-2017-14:41:51:624 36944 37637 1
17-07-2017-14:41:51:659 37637 38330 1
17-07-2017-14:41:51:707 38330 39023 1
17-07-2017-14:41:51:746 39023 39716 1
17-07-2017-14:41:51:791 39716 40409 1
17-07-2017-14:41:51:833 40409 41102 1
17-07-2017-14:41:51:883 41102 41795 1
17-07-2017-14:41:51:918 41795 42488 1
17-07-2017-14:41:51:969 42488 43181 1
17-07-2017-14:41:52:004 43181 43874 1
17-07-2017-14:41:52:052 43874 44567 1
17-07-2017-14:41:52:091 44567 45260 1
17-07-2017-14:41:52:139 45260 45953 1
17-07-2017-14:41:52:184 45953 46646 1
17-07-2017-14:41:52:219 46646 47339 1
17-07-2017-14:41:52:271 47339 48032 1
17-07-2017-14:41:52:307 48032 48725 1
17-07-2017-14:41:52:357 48725 49418 1
17-07-2017-14:41:52:496 49418 50111 1
17-07-2017-14:41:52:497 50111 50804 1
17-07-2017-14:41:52:497 50804 51497 1
17-07-2017-14:41:52:526 51497 52190 1
17-07-2017-14:41:52:572 52190 52883 1
17-07-2017-14:41:52:619 52883 53576 1
17-07-2017-14:41:52:659 53576 54269 1
17-07-2017-14:41:52:705 54269 54962 1
17-07-2017-14:41:52:744 54962 55655 1
17-07-2017-14:41:52:792 55655 56348 1
17-07-2017-14:41:52:831 56348 57041 1
17-07-2017-14:41:52:867 57041 57734 1
17-07-2017-14:41:52:919 57734 58427 1
17-07-2017-14:41:52:954 58427 59120 1
17-07-2017-14:41:53:004 59120 59813 1
17-07-2017-14:41:53:051 59813 60506 1
17-07-2017-14:41:53:087 60506 61199 1
17-07-2017-14:41:53:139 61199 61892 1
17-07-2017-14:41:53:174 61892 62585 1
17-07-2017-14:41:53:220 62585 63278 1
17-07-2017-14:41:53:265 63278 63971 1
17-07-2017-14:41:53:301 63971 64664 1
17-07-2017-14:41:53:348 64664 65357 1
17-07-2017-14:41:53:394 65357 66050 1
17-07-2017-14:41:53:433 66050 66743 1
17-07-2017-14:41:53:481 66743 67436 1
17-07-2017-14:41:53:527 67436 68129 1
17-07-2017-14:41:53:562 68129 68822 1
17-07-2017-14:41:53:610 68822 69515 1
17-07-2017-14:41:53:647 69515 70208 1
17-07-2017-14:41:53:695 70208 70901 1
17-07-2017-14:41:53:741 70901 71594 1
17-07-2017-14:41:53:776 71594 72287 1
17-07-2017-14:41:53:824 72287 72980 1
17-07-2017-14:41:53:869 72980 73673 1
17-07-2017-14:41:53:917 73673 74366 1
17-07-2017-14:41:53:953 74366 75059 1
17-07-2017-14:41:54:004 75059 75752 1
17-07-2017-14:41:54:044 75752 76445 1
17-07-2017-14:41:54:090 76445 77138 1
17-07-2017-14:41:54:125 77138 77831 1
17-07-2017-14:41:54:173 77831 78524 1
17-07-2017-14:41:54:219 78524 79217 1
17-07-2017-14:41:54:254 79217 79910 1
17-07-2017-14:41:54:302 79910 80603 1
17-07-2017-14:41:54:343 80603 81296 1
17-07-2017-14:41:54:393 81296 81989 1
17-07-2017-14:41:54:429 81989 82682 1
17-07-2017-14:41:54:475 82682 83375 1
17-07-2017-14:41:54:523 83375 84068 1
17-07-2017-14:41:54:564 84068 84761 1
17-07-2017-14:41:54:600 84761 85454 1
17-07-2017-14:41:54:646 85454 86147 1
17-07-2017-14:41:54:693 86147 86840 1
17-07-2017-14:41:54:739 86840 87533 1
17-07-2017-14:41:54:774 87533 88226 1
17-07-2017-14:41:54:820 88226 88919 1
17-07-2017-14:41:54:868 88919 89612 1
17-07-2017-14:41:54:903 89612 90305 1
17-07-2017-14:41:54:949 90305 90998 1
17-07-2017-14:41:54:997 90998 91691 1
17-07-2017-14:41:55:042 91691 92384 1
17-07-2017-14:41:55:080 92384 93077 1
17-07-2017-14:41:55:128 93077 93770 1
17-07-2017-14:41:55:163 93770 94463 1
17-07-2017-14:41:55:209 94463 95156 1
17-07-2017-14:41:55:261 95156 95827 1
17-07-2017-14:41:55:290 95827 96498 1
17-07-2017-14:41:55:338 96498 97169 1
17-07-2017-14:41:55:383 97169 97840 1
17-07-2017-14:41:55:419 97840 98511 1
17-07-2017-14:41:55:467 98511 99182 1
17-07-2017-14:41:55:508 99182 99853 1
17-07-2017-14:41:55:669 99853 100524 1
17-07-2017-14:41:55:670 100524 101195 1
17-07-2017-14:41:55:670 101195 101866 1
17-07-2017-14:41:55:672 101866 102537 1
17-07-2017-14:41:55:719 102537 103208 1
17-07-2017-14:41:55:757 103208 103879 1
17-07-2017-14:41:55:803 103879 104550 1
17-07-2017-14:41:55:841 104550 105221 1
17-07-2017-14:41:55:890 105221 105892 1
17-07-2017-14:41:55:924 105892 106563 1
17-07-2017-14:41:55:971 106563 107234 1
17-07-2017-14:41:56:011 107234 107905 1
17-07-2017-14:41:56:046 107905 108576 1
17-07-2017-14:41:56:091 108576 109247 1
17-07-2017-14:41:56:137 109247 109918 1
17-07-2017-14:41:56:172 109918 110589 1
17-07-2017-14:41:56:220 110589 111260 1
17-07-2017-14:41:56:264 111260 111931 1
17-07-2017-14:41:56:297 111931 112602 1
17-07-2017-14:41:56:344 112602 113273 1
17-07-2017-14:41:56:392 113273 113944 1
17-07-2017-14:41:56:433 113944 114615 1
17-07-2017-14:41:56:473 114615 115286 1
17-07-2017-14:41:56:508 115286 115957 1
17-07-2017-14:41:56:556 115957 116628 1
17-07-2017-14:41:56:598 116628 117299 1
17-07-2017-14:41:56:631 117299 117970 1
17-07-2017-14:41:56:679 117970 118641 1
17-07-2017-14:41:56:724 118641 119312 1
17-07-2017-14:41:56:764 119312 119983 1
17-07-2017-14:41:56:799 119983 120654 1
17-07-2017-14:41:56:847 120654 121325 1
17-07-2017-14:41:56:893 121325 121996 1
17-07-2017-14:41:56:932 121996 122667 1
17-07-2017-14:41:56:978 122667 123338 1
17-07-2017-14:41:57:013 123338 124009 1
17-07-2017-14:41:57:061 124009 124680 1
17-07-2017-14:41:57:094 124680 125351 1
17-07-2017-14:41:57:142 125351 126022 1
17-07-2017-14:41:57:177 126022 126693 1
17-07-2017-14:41:57:223 126693 127364 1
17-07-2017-14:41:57:262 127364 128035 1
17-07-2017-14:41:57:310 128035 128706 1
17-07-2017-14:41:57:350 128706 129377 1
17-07-2017-14:41:57:398 129377 130048 1
17-07-2017-14:41:57:431 130048 130719 1
17-07-2017-14:41:57:479 130719 131390 1
17-07-2017-14:41:57:518 131390 132061 1
17-07-2017-14:41:57:566 132061 132732 1
17-07-2017-14:41:57:606 132732 133403 1
17-07-2017-14:41:57:641 133403 134074 1
17-07-2017-14:41:57:687 134074 134745 1
17-07-2017-14:41:57:734 134745 135416 1
17-07-2017-14:41:57:774 135416 136087 1
17-07-2017-14:41:57:809 136087 136758 1
17-07-2017-14:41:57:855 136758 137429 1
17-07-2017-14:41:57:895 137429 138100 1
17-07-2017-14:41:57:943 138100 138771 1
17-07-2017-14:41:57:982 138771 139442 1
17-07-2017-14:41:58:017 139442 140113 1
17-07-2017-14:41:58:067 140113 140784 1
17-07-2017-14:41:58:103 140784 141455 1
17-07-2017-14:41:58:149 141455 142126 1
17-07-2017-14:41:58:184 142126 142797 1
17-07-2017-14:41:58:236 142797 143468 1
17-07-2017-14:41:58:271 143468 144139 1
17-07-2017-14:41:58:311 144139 144810 1
17-07-2017-14:41:58:359 144810 145481 1
17-07-2017-14:41:58:399 145481 146152 1
17-07-2017-14:41:58:445 146152 146823 1
17-07-2017-14:41:58:482 146823 147494 1
17-07-2017-14:41:58:530 147494 148165 1
17-07-2017-14:41:58:570 148165 148836 1
17-07-2017-14:41:58:605 148836 149507 1
17-07-2017-14:41:58:653 149507 150178 1
17-07-2017-14:41:58:814 150178 150849 1
17-07-2017-14:41:58:815 150849 151520 1
17-07-2017-14:41:58:815 151520 152191 1
17-07-2017-14:41:58:821 152191 152862 1
17-07-2017-14:41:58:860 152862 153533 1
17-07-2017-14:41:58:906 153533 154204 1
17-07-2017-14:41:58:947 154204 154875 1
17-07-2017-14:41:58:981 154875 155546 1
17-07-2017-14:41:59:028 155546 156217 1
17-07-2017-14:41:59:076 156217 156888 1
17-07-2017-14:41:59:115 156888 157559 1
17-07-2017-14:41:59:155 157559 158230 1
17-07-2017-14:41:59:190 158230 158901 1
17-07-2017-14:41:59:237 158901 159572 1
17-07-2017-14:41:59:284 159572 160243 1
17-07-2017-14:41:59:324 160243 160914 1
17-07-2017-14:41:59:359 160914 161585 1
17-07-2017-14:41:59:411 161585 162256 1
17-07-2017-14:41:59:451 162256 162927 1
17-07-2017-14:41:59:486 162927 163598 1
17-07-2017-14:41:59:532 163598 164269 1
17-07-2017-14:41:59:571 164269 164940 1
17-07-2017-14:41:59:619 164940 165611 1
17-07-2017-14:41:59:654 165611 166282 1
17-07-2017-14:41:59:700 166282 166953 1
17-07-2017-14:41:59:739 166953 167624 1
17-07-2017-14:41:59:788 167624 168295 1
17-07-2017-14:41:59:826 168295 168966 1
17-07-2017-14:41:59:863 168966 169637 1
17-07-2017-14:41:59:913 169637 170308 1
17-07-2017-14:41:59:948 170308 170979 1
17-07-2017-14:41:59:996 170979 171650 1
17-07-2017-14:42:00:031 171650 172321 1
17-07-2017-14:42:00:076 172321 172992 1
17-07-2017-14:42:00:124 172992 173663 1
17-07-2017-14:42:00:164 173663 174334 1
17-07-2017-14:42:00:199 174334 175005 1
17-07-2017-14:42:00:239 175005 175676 1
17-07-2017-14:42:00:284 175676 176347 1
17-07-2017-14:42:00:324 176347 177018 1
17-07-2017-14:42:00:372 177018 177689 1
17-07-2017-14:42:00:411 177689 178360 1
17-07-2017-14:42:00:459 178360 179031 1
17-07-2017-14:42:00:494 179031 179702 1
17-07-2017-14:42:00:540 179702 180373 1
17-07-2017-14:42:00:575 180373 181044 1
17-07-2017-14:42:00:627 181044 181715 1
17-07-2017-14:42:00:662 181715 182386 1
17-07-2017-14:42:00:708 182386 183057 1
17-07-2017-14:42:00:743 183057 183728 1
17-07-2017-14:42:00:791 183728 184399 1
17-07-2017-14:42:00:830 184399 185070 1
17-07-2017-14:42:00:876 185070 185741 1
17-07-2017-14:42:00:911 185741 186412 1
17-07-2017-14:42:00:951 186412 187083 1
17-07-2017-14:42:00:999 187083 187754 1
17-07-2017-14:42:01:049 187754 188425 1
17-07-2017-14:42:01:084 188425 189096 1
17-07-2017-14:42:01:119 189096 189767 1
17-07-2017-14:42:01:171 189767 190438 1
17-07-2017-14:42:01:204 190438 191109 1
17-07-2017-14:42:01:252 191109 191780 1
17-07-2017-14:42:01:288 191780 192451 1
17-07-2017-14:42:01:337 192451 193122 1
17-07-2017-14:42:01:372 193122 193793 1
17-07-2017-14:42:01:420 193793 194464 1
17-07-2017-14:42:01:459 194464 195135 1
17-07-2017-14:42:01:507 195135 195806 1
17-07-2017-14:42:01:542 195806 196477 1
17-07-2017-14:42:01:581 196477 197148 1
17-07-2017-14:42:01:628 197148 197819 1
17-07-2017-14:42:01:676 197819 198490 1
17-07-2017-14:42:01:713 198490 199161 1
17-07-2017-14:42:01:748 199161 199832 1
17-07-2017-14:42:01:796 199832 200503 1
17-07-2017-14:42:02:002 200503 201174 1
17-07-2017-14:42:02:002 201174 201845 1
17-07-2017-14:42:02:003 201845 202516 1
17-07-2017-14:42:02:003 202516 203187 1
17-07-2017-14:42:02:003 203187 203858 1
17-07-2017-14:42:02:049 203858 204529 1
17-07-2017-14:42:02:084 204529 205200 1
17-07-2017-14:42:02:131 205200 205871 1
17-07-2017-14:42:02:179 205871 206542 1
17-07-2017-14:42:02:214 206542 207213 1
17-07-2017-14:42:02:254 207213 207884 1
17-07-2017-14:42:02:300 207884 208555 1
17-07-2017-14:42:02:335 208555 209226 1
17-07-2017-14:42:02:387 209226 209897 1
17-07-2017-14:42:02:422 209897 210568 1
17-07-2017-14:42:02:461 210568 211239 1
17-07-2017-14:42:02:507 211239 211910 1
17-07-2017-14:42:02:555 211910 212581 1
17-07-2017-14:42:02:595 212581 213252 1
17-07-2017-14:42:02:630 213252 213923 1
17-07-2017-14:42:02:678 213923 214594 1
17-07-2017-14:42:02:723 214594 215265 1
17-07-2017-14:42:02:759 215265 215936 1
17-07-2017-14:42:02:804 215936 216607 1
17-07-2017-14:42:02:844 216607 217278 1
17-07-2017-14:42:02:892 217278 217949 1
17-07-2017-14:42:02:927 217949 218620 1
17-07-2017-14:42:02:966 218620 219291 1
17-07-2017-14:42:03:013 219291 219962 1
17-07-2017-14:42:03:048 219962 220633 1
17-07-2017-14:42:03:096 220633 221304 1
17-07-2017-14:42:03:135 221304 221975 1
17-07-2017-14:42:03:181 221975 222646 1
17-07-2017-14:42:03:221 222646 223317 1
17-07-2017-14:42:03:268 223317 223988 1
17-07-2017-14:42:03:308 223988 224659 1
17-07-2017-14:42:03:343 224659 225330 1
17-07-2017-14:42:03:395 225330 226001 1
17-07-2017-14:42:03:430 226001 226672 1
17-07-2017-14:42:03:470 226672 227343 1
17-07-2017-14:42:03:516 227343 228014 1
17-07-2017-14:42:03:555 228014 228685 1
17-07-2017-14:42:03:603 228685 229356 1
17-07-2017-14:42:03:643 229356 230027 1
17-07-2017-14:42:03:678 230027 230698 1
17-07-2017-14:42:03:731 230698 231369 1
17-07-2017-14:42:03:766 231369 232040 1
17-07-2017-14:42:03:805 232040 232711 1
17-07-2017-14:42:03:855 232711 233382 1
17-07-2017-14:42:03:891 233382 234053 1
17-07-2017-14:42:03:937 234053 234724 1
17-07-2017-14:42:03:972 234724 235395 1
17-07-2017-14:42:04:024 235395 236066 1
17-07-2017-14:42:04:059 236066 236737 1
17-07-2017-14:42:04:099 236737 237408 1
17-07-2017-14:42:04:145 237408 238079 1
17-07-2017-14:42:04:192 238079 238750 1
17-07-2017-14:42:04:228 238750 239421 1
17-07-2017-14:42:04:267 239421 240092 1
17-07-2017-14:42:04:313 240092 240763 1
17-07-2017-14:42:04:353 240763 241434 1
17-07-2017-14:42:04:400 241434 242105 1
17-07-2017-14:42:04:440 242105 242776 1
17-07-2017-14:42:04:475 242776 243447 1
17-07-2017-14:42:04:527 243447 244118 1
17-07-2017-14:42:04:563 244118 244789 1
17-07-2017-14:42:04:602 244789 245460 1
17-07-2017-14:42:04:648 245460 246131 1
17-07-2017-14:42:04:687 246131 246802 1
17-07-2017-14:42:04:735 246802 247473 1
17-07-2017-14:42:04:775 247473 248144 1
17-07-2017-14:42:04:810 248144 248815 1
17-07-2017-14:42:04:856 248815 249486 1
17-07-2017-14:42:04:904 249486 250157 1
17-07-2017-14:42:04:937 250157 250828 1
17-07-2017-14:42:05:152 250828 251499 1
17-07-2017-14:42:05:153 251499 252170 1
17-07-2017-14:42:05:153 252170 252841 1
17-07-2017-14:42:05:154 252841 253512 1
17-07-2017-14:42:05:154 253512 254183 1
17-07-2017-14:42:05:193 254183 254854 1
17-07-2017-14:42:05:233 254854 255525 1
17-07-2017-14:42:05:278 255525 256196 1
17-07-2017-14:42:05:318 256196 256867 1
17-07-2017-14:42:05:370 256867 257538 1
17-07-2017-14:42:05:405 257538 258209 1
17-07-2017-14:42:05:440 258209 258880 1
17-07-2017-14:42:05:486 258880 259551 1
17-07-2017-14:42:05:522 259551 260222 1
17-07-2017-14:42:05:573 260222 260893 1
17-07-2017-14:42:05:609 260893 261564 1
17-07-2017-14:42:05:648 261564 262235 1
17-07-2017-14:42:05:696 262235 262906 1
17-07-2017-14:42:05:736 262906 263577 1
17-07-2017-14:42:05:783 263577 264248 1
17-07-2017-14:42:05:817 264248 264919 1
17-07-2017-14:42:05:864 264919 265590 1
17-07-2017-14:42:05:910 265590 266261 1
17-07-2017-14:42:05:945 266261 266932 1
17-07-2017-14:42:05:985 266932 267603 1
17-07-2017-14:42:06:033 267603 268274 1
17-07-2017-14:42:06:066 268274 268945 1
17-07-2017-14:42:06:118 268945 269616 1
17-07-2017-14:42:06:154 269616 270287 1
17-07-2017-14:42:06:193 270287 270958 1
17-07-2017-14:42:06:241 270958 271629 1
17-07-2017-14:42:06:280 271629 272300 1
17-07-2017-14:42:06:328 272300 272971 1
17-07-2017-14:42:06:367 272971 273642 1
17-07-2017-14:42:06:413 273642 274313 1
17-07-2017-14:42:06:448 274313 274984 1
17-07-2017-14:42:06:495 274984 275655 1
17-07-2017-14:42:06:535 275655 276326 1
17-07-2017-14:42:06:582 276326 276997 1
17-07-2017-14:42:06:615 276997 277668 1
17-07-2017-14:42:06:663 277668 278339 1
17-07-2017-14:42:06:702 278339 279010 1
17-07-2017-14:42:06:749 279010 279681 1
17-07-2017-14:42:06:789 279681 280352 1
17-07-2017-14:42:06:826 280352 281023 1
17-07-2017-14:42:06:865 281023 281694 1
17-07-2017-14:42:06:912 281694 282365 1
17-07-2017-14:42:06:952 282365 283036 1
17-07-2017-14:42:06:999 283036 283707 1
17-07-2017-14:42:07:032 283707 284378 1
17-07-2017-14:42:07:080 284378 285049 1
17-07-2017-14:42:07:119 285049 285720 1
17-07-2017-14:42:07:166 285720 286391 1
17-07-2017-14:42:07:202 286391 287062 1
17-07-2017-14:42:07:249 287062 287733 1
17-07-2017-14:42:07:288 287733 288404 1
17-07-2017-14:42:07:336 288404 289075 1
17-07-2017-14:42:07:369 289075 289746 1
17-07-2017-14:42:07:416 289746 290417 1
17-07-2017-14:42:07:456 290417 291088 1
17-07-2017-14:42:07:503 291088 291759 1
17-07-2017-14:42:07:542 291759 292430 1
17-07-2017-14:42:07:578 292430 293101 1
17-07-2017-14:42:07:624 293101 293772 1
17-07-2017-14:42:07:672 293772 294443 1
17-07-2017-14:42:07:705 294443 295114 1
17-07-2017-14:42:07:753 295114 295785 1
17-07-2017-14:42:07:792 295785 296456 1
17-07-2017-14:42:07:840 296456 297127 1
17-07-2017-14:42:07:874 297127 297798 1
17-07-2017-14:42:07:921 297798 298469 1
17-07-2017-14:42:07:955 298469 299140 1
17-07-2017-14:42:08:003 299140 299811 1
17-07-2017-14:42:08:042 299811 300482 1
17-07-2017-14:42:08:090 300482 301153 1
17-07-2017-14:42:08:273 301153 301824 1
17-07-2017-14:42:08:274 301824 302495 1
17-07-2017-14:42:08:274 302495 303166 1
17-07-2017-14:42:08:274 303166 303837 1
17-07-2017-14:42:08:297 303837 304508 1
17-07-2017-14:42:08:337 304508 305179 1
17-07-2017-14:42:08:384 305179 305850 1
17-07-2017-14:42:08:419 305850 306521 1
17-07-2017-14:42:08:459 306521 307192 1
17-07-2017-14:42:08:507 307192 307863 1
17-07-2017-14:42:08:552 307863 308534 1
17-07-2017-14:42:08:588 308534 309205 1
17-07-2017-14:42:08:627 309205 309876 1
17-07-2017-14:42:08:679 309876 310547 1
17-07-2017-14:42:08:715 310547 311218 1
17-07-2017-14:42:08:760 311218 311889 1
17-07-2017-14:42:08:796 311889 312560 1
17-07-2017-14:42:08:843 312560 313231 1
17-07-2017-14:42:08:883 313231 313902 1
17-07-2017-14:42:08:929 313902 314573 1
17-07-2017-14:42:08:964 314573 315244 1
17-07-2017-14:42:09:011 315244 315915 1
17-07-2017-14:42:09:051 315915 316586 1
17-07-2017-14:42:09:097 316586 317257 1
17-07-2017-14:42:09:132 317257 317928 1
17-07-2017-14:42:09:172 317928 318599 1
17-07-2017-14:42:09:218 318599 319270 1
17-07-2017-14:42:09:264 319270 319941 1
17-07-2017-14:42:09:304 319941 320612 1
17-07-2017-14:42:09:339 320612 321283 1
17-07-2017-14:42:09:387 321283 321954 1
17-07-2017-14:42:09:426 321954 322625 1
17-07-2017-14:42:09:474 322625 323296 1
17-07-2017-14:42:09:509 323296 323967 1
17-07-2017-14:42:09:554 323967 324638 1
17-07-2017-14:42:09:602 324638 325309 1
17-07-2017-14:42:09:638 325309 325980 1
17-07-2017-14:42:09:683 325980 326651 1
17-07-2017-14:42:09:719 326651 327322 1
17-07-2017-14:42:09:764 327322 327993 1
17-07-2017-14:42:09:804 327993 328664 1
17-07-2017-14:42:09:845 328664 329335 1
17-07-2017-14:42:09:885 329335 330006 1
17-07-2017-14:42:09:930 330006 330677 1
17-07-2017-14:42:09:978 330677 331348 1
17-07-2017-14:42:10:014 331348 332019 1
17-07-2017-14:42:10:059 332019 332690 1
17-07-2017-14:42:10:095 332690 333361 1
17-07-2017-14:42:10:147 333361 334032 1
17-07-2017-14:42:10:182 334032 334703 1
17-07-2017-14:42:10:228 334703 335374 1
17-07-2017-14:42:10:263 335374 336045 1
17-07-2017-14:42:10:309 336045 336716 1
17-07-2017-14:42:10:344 336716 337387 1
17-07-2017-14:42:10:396 337387 338058 1
17-07-2017-14:42:10:432 338058 338729 1
17-07-2017-14:42:10:477 338729 339400 1
17-07-2017-14:42:10:513 339400 340071 1
17-07-2017-14:42:10:560 340071 340742 1
17-07-2017-14:42:10:606 340742 341413 1
17-07-2017-14:42:10:646 341413 342084 1
17-07-2017-14:42:10:681 342084 342755 1
17-07-2017-14:42:10:729 342755 343426 1
17-07-2017-14:42:10:775 343426 344097 1
17-07-2017-14:42:10:810 344097 344768 1
17-07-2017-14:42:10:858 344768 345439 1
17-07-2017-14:42:10:897 345439 346110 1
17-07-2017-14:42:10:943 346110 346781 1
17-07-2017-14:42:10:978 346781 347452 1
17-07-2017-14:42:11:018 347452 348123 1
17-07-2017-14:42:11:066 348123 348794 1
17-07-2017-14:42:11:101 348794 349465 1
17-07-2017-14:42:11:151 349465 350136 1
17-07-2017-14:42:11:186 350136 350807 1
17-07-2017-14:42:11:234 350807 351478 1
17-07-2017-14:42:11:444 351478 352149 1
17-07-2017-14:42:11:445 352149 352820 1
17-07-2017-14:42:11:445 352820 353491 1
17-07-2017-14:42:11:445 353491 354162 1
17-07-2017-14:42:11:445 354162 354833 1
17-07-2017-14:42:11:481 354833 355504 1
17-07-2017-14:42:11:528 355504 356175 1
17-07-2017-14:42:11:568 356175 356846 1
17-07-2017-14:42:11:603 356846 357517 1
17-07-2017-14:42:11:651 357517 358188 1
17-07-2017-14:42:11:697 358188 358859 1
17-07-2017-14:42:11:732 358859 359530 1
17-07-2017-14:42:11:771 359530 360201 1
17-07-2017-14:42:11:818 360201 360872 1
17-07-2017-14:42:11:858 360872 361543 1
17-07-2017-14:42:11:905 361543 362214 1
17-07-2017-14:42:11:940 362214 362885 1
17-07-2017-14:42:11:987 362885 363556 1
17-07-2017-14:42:12:027 363556 364227 1
17-07-2017-14:42:12:074 364227 364898 1
17-07-2017-14:42:12:113 364898 365569 1
17-07-2017-14:42:12:148 365569 366240 1
17-07-2017-14:42:12:194 366240 366911 1
17-07-2017-14:42:12:242 366911 367582 1
17-07-2017-14:42:12:281 367582 368253 1
17-07-2017-14:42:12:316 368253 368924 1
17-07-2017-14:42:12:368 368924 369595 1
17-07-2017-14:42:12:404 369595 370266 1
17-07-2017-14:42:12:453 370266 370937 1
17-07-2017-14:42:12:489 370937 371608 1
17-07-2017-14:42:12:541 371608 372279 1
17-07-2017-14:42:12:576 372279 372950 1
17-07-2017-14:42:12:612 372950 373621 1
17-07-2017-14:42:12:651 373621 374292 1
17-07-2017-14:42:12:699 374292 374963 1
17-07-2017-14:42:12:745 374963 375634 1
17-07-2017-14:42:12:780 375634 376305 1
17-07-2017-14:42:12:819 376305 376976 1
17-07-2017-14:42:12:867 376976 377647 1
17-07-2017-14:42:12:919 377647 378318 1
17-07-2017-14:42:12:959 378318 378989 1
17-07-2017-14:42:12:986 378989 379660 1
17-07-2017-14:42:13:034 379660 380331 1
17-07-2017-14:42:13:073 380331 381002 1
17-07-2017-14:42:13:121 381002 381673 1
17-07-2017-14:42:13:161 381673 382344 1
17-07-2017-14:42:13:208 382344 383015 1
17-07-2017-14:42:13:242 383015 383686 1
17-07-2017-14:42:13:290 383686 384357 1
17-07-2017-14:42:13:329 384357 385028 1
17-07-2017-14:42:13:375 385028 385699 1
17-07-2017-14:42:13:410 385699 386370 1
17-07-2017-14:42:13:452 386370 387041 1
17-07-2017-14:42:13:497 387041 387712 1
17-07-2017-14:42:13:539 387712 388383 1
17-07-2017-14:42:13:585 388383 389054 1
17-07-2017-14:42:13:620 389054 389725 1
17-07-2017-14:42:13:659 389725 390396 1
17-07-2017-14:42:13:707 390396 391067 1
17-07-2017-14:42:13:757 391067 391738 1
17-07-2017-14:42:13:792 391738 392409 1
17-07-2017-14:42:13:828 392409 393080 1
17-07-2017-14:42:13:869 393080 393751 1
17-07-2017-14:42:13:919 393751 394422 1
17-07-2017-14:42:13:955 394422 395093 1
17-07-2017-14:42:13:995 395093 395764 1
17-07-2017-14:42:14:040 395764 396435 1
17-07-2017-14:42:14:088 396435 397106 1
17-07-2017-14:42:14:128 397106 397777 1
17-07-2017-14:42:14:163 397777 398448 1
17-07-2017-14:42:14:215 398448 399115 1
17-07-2017-14:42:14:261 399115 399782 1
17-07-2017-14:42:14:288 399782 400449 1
17-07-2017-14:42:14:330 400449 401116 1
17-07-2017-14:42:14:375 401116 401783 1
17-07-2017-14:42:14:579 401783 402450 1
17-07-2017-14:42:14:580 402450 403117 1
17-07-2017-14:42:14:580 403117 403784 1
17-07-2017-14:42:14:580 403784 404451 1
17-07-2017-14:42:14:589 404451 405118 1
17-07-2017-14:42:14:628 405118 405785 1
17-07-2017-14:42:14:663 405785 406452 1
17-07-2017-14:42:14:711 406452 407119 1
17-07-2017-14:42:14:747 407119 407786 1
17-07-2017-14:42:14:796 407786 408453 1
17-07-2017-14:42:14:832 408453 409120 1
17-07-2017-14:42:14:884 409120 409787 1
17-07-2017-14:42:14:925 409787 410454 1
17-07-2017-14:42:14:952 410454 411121 1
17-07-2017-14:42:15:000 411121 411788 1
17-07-2017-14:42:15:048 411788 412455 1
17-07-2017-14:42:15:081 412455 413122 1
17-07-2017-14:42:15:129 413122 413789 1
17-07-2017-14:42:15:165 413789 414456 1
17-07-2017-14:42:15:210 414456 415123 1
17-07-2017-14:42:15:246 415123 415790 1
17-07-2017-14:42:15:291 415790 416457 1
17-07-2017-14:42:15:339 416457 417124 1
17-07-2017-14:42:15:378 417124 417791 1
17-07-2017-14:42:15:413 417791 418458 1
17-07-2017-14:42:15:453 418458 419125 1
17-07-2017-14:42:15:501 419125 419792 1
17-07-2017-14:42:15:540 419792 420459 1
17-07-2017-14:42:15:586 420459 421126 1
17-07-2017-14:42:15:621 421126 421793 1
17-07-2017-14:42:15:669 421793 422460 1
17-07-2017-14:42:15:709 422460 423127 1
17-07-2017-14:42:15:756 423127 423794 1
17-07-2017-14:42:15:794 423794 424461 1
17-07-2017-14:42:15:835 424461 425128 1
17-07-2017-14:42:15:881 425128 425795 1
17-07-2017-14:42:15:916 425795 426462 1
17-07-2017-14:42:15:962 426462 427129 1
17-07-2017-14:42:15:997 427129 427796 1
17-07-2017-14:42:16:045 427796 428463 1
17-07-2017-14:42:16:080 428463 429130 1
17-07-2017-14:42:16:130 429130 429797 1
17-07-2017-14:42:16:166 429797 430464 1
17-07-2017-14:42:16:214 430464 431131 1
17-07-2017-14:42:16:249 431131 431798 1
17-07-2017-14:42:16:295 431798 432465 1
17-07-2017-14:42:16:334 432465 433132 1
17-07-2017-14:42:16:383 433132 433799 1
17-07-2017-14:42:16:422 433799 434466 1
17-07-2017-14:42:16:457 434466 435133 1
17-07-2017-14:42:16:509 435133 435800 1
17-07-2017-14:42:16:544 435800 436467 1
17-07-2017-14:42:16:589 436467 437134 1
17-07-2017-14:42:16:624 437134 437801 1
17-07-2017-14:42:16:676 437801 438468 1
17-07-2017-14:42:16:711 438468 439135 1
17-07-2017-14:42:16:746 439135 439802 1
17-07-2017-14:42:16:798 439802 440469 1
17-07-2017-14:42:16:833 440469 441136 1
17-07-2017-14:42:16:880 441136 441803 1
17-07-2017-14:42:16:916 441803 442470 1
17-07-2017-14:42:16:955 442470 443137 1
17-07-2017-14:42:17:001 443137 443804 1
17-07-2017-14:42:17:049 443804 444471 1
17-07-2017-14:42:17:090 444471 445138 1
17-07-2017-14:42:17:130 445138 445805 1
17-07-2017-14:42:17:165 445805 446472 1
17-07-2017-14:42:17:211 446472 447139 1
17-07-2017-14:42:17:257 447139 447806 1
17-07-2017-14:42:17:296 447806 448473 1
17-07-2017-14:42:17:336 448473 449140 1
17-07-2017-14:42:17:383 449140 449807 1
17-07-2017-14:42:17:423 449807 450474 1
17-07-2017-14:42:17:458 450474 451141 1
17-07-2017-14:42:17:498 451141 451808 1
17-07-2017-14:42:17:544 451808 452475 1
17-07-2017-14:42:17:732 452475 453142 1
17-07-2017-14:42:17:733 453142 453809 1
17-07-2017-14:42:17:733 453809 454476 1
17-07-2017-14:42:17:734 454476 455143 1
17-07-2017-14:42:17:757 455143 455810 1
17-07-2017-14:42:17:792 455810 456477 1
17-07-2017-14:42:17:838 456477 457144 1
17-07-2017-14:42:17:877 457144 457811 1
17-07-2017-14:42:17:913 457811 458478 1
17-07-2017-14:42:17:960 458478 459145 1
17-07-2017-14:42:18:012 459145 459812 1
17-07-2017-14:42:18:046 459812 460479 1
17-07-2017-14:42:18:081 460479 461146 1
17-07-2017-14:42:18:129 461146 461813 1
17-07-2017-14:42:18:164 461813 462480 1
17-07-2017-14:42:18:210 462480 463147 1
17-07-2017-14:42:18:262 463147 463814 1
17-07-2017-14:42:18:297 463814 464481 1
17-07-2017-14:42:18:332 464481 465148 1
17-07-2017-14:42:18:372 465148 465815 1
17-07-2017-14:42:18:420 465815 466482 1
17-07-2017-14:42:18:459 466482 467149 1
17-07-2017-14:42:18:498 467149 467816 1
17-07-2017-14:42:18:540 467816 468483 1
17-07-2017-14:42:18:580 468483 469150 1
17-07-2017-14:42:18:627 469150 469817 1
17-07-2017-14:42:18:673 469817 470484 1
17-07-2017-14:42:18:713 470484 471151 1
17-07-2017-14:42:18:748 471151 471818 1
17-07-2017-14:42:18:794 471818 472485 1
17-07-2017-14:42:18:841 472485 473152 1
17-07-2017-14:42:18:877 473152 473819 1
17-07-2017-14:42:18:922 473819 474486 1
17-07-2017-14:42:18:958 474486 475153 1
17-07-2017-14:42:19:003 475153 475820 1
17-07-2017-14:42:19:039 475820 476487 1
17-07-2017-14:42:19:089 476487 477154 1
17-07-2017-14:42:19:124 477154 477821 1
17-07-2017-14:42:19:172 477821 478488 1
17-07-2017-14:42:19:207 478488 479155 1
17-07-2017-14:42:19:247 479155 479822 1
17-07-2017-14:42:19:294 479822 480489 1
17-07-2017-14:42:19:340 480489 481156 1
17-07-2017-14:42:19:376 481156 481823 1
17-07-2017-14:42:19:415 481823 482490 1
17-07-2017-14:42:19:463 482490 483157 1
17-07-2017-14:42:19:509 483157 483824 1
17-07-2017-14:42:19:544 483824 484491 1
17-07-2017-14:42:19:590 484491 485158 1
17-07-2017-14:42:19:625 485158 485825 1
17-07-2017-14:42:19:671 485825 486492 1
17-07-2017-14:42:19:706 486492 487159 1
17-07-2017-14:42:19:758 487159 487826 1
17-07-2017-14:42:19:794 487826 488493 1
17-07-2017-14:42:19:841 488493 489160 1
17-07-2017-14:42:19:875 489160 489827 1
17-07-2017-14:42:19:923 489827 490494 1
17-07-2017-14:42:19:962 490494 491161 1
17-07-2017-14:42:20:008 491161 491828 1
17-07-2017-14:42:20:043 491828 492495 1
17-07-2017-14:42:20:091 492495 493162 1
17-07-2017-14:42:20:131 493162 493829 1
17-07-2017-14:42:20:166 493829 494496 1
17-07-2017-14:42:20:212 494496 495163 1
17-07-2017-14:42:20:259 495163 495830 1
17-07-2017-14:42:20:299 495830 496497 1
17-07-2017-14:42:20:338 496497 497164 1
17-07-2017-14:42:20:372 497164 497831 1
17-07-2017-14:42:20:424 497831 498498 1
17-07-2017-14:42:20:459 498498 499165 1
17-07-2017-14:42:20:499 499165 499832 1
17-07-2017-14:42:20:546 499832 500499 1
17-07-2017-14:42:20:586 500499 501166 1
17-07-2017-14:42:20:632 501166 501833 1
17-07-2017-14:42:20:667 501833 502500 1
17-07-2017-14:42:20:707 502500 503167 1
17-07-2017-14:42:20:877 503167 503834 1
17-07-2017-14:42:20:878 503834 504501 1
17-07-2017-14:42:20:878 504501 505168 1
17-07-2017-14:42:20:882 505168 505835 1
17-07-2017-14:42:20:918 505835 506502 1
17-07-2017-14:42:20:957 506502 507169 1
17-07-2017-14:42:21:005 507169 507836 1
17-07-2017-14:42:21:044 507836 508503 1
17-07-2017-14:42:21:090 508503 509170 1
17-07-2017-14:42:21:125 509170 509837 1
17-07-2017-14:42:21:173 509837 510504 1
17-07-2017-14:42:21:208 510504 511171 1
17-07-2017-14:42:21:254 511171 511838 1
17-07-2017-14:42:21:306 511838 512505 1
17-07-2017-14:42:21:341 512505 513172 1
17-07-2017-14:42:21:377 513172 513839 1
17-07-2017-14:42:21:416 513839 514506 1
17-07-2017-14:42:21:462 514506 515173 1
17-07-2017-14:42:21:510 515173 515840 1
17-07-2017-14:42:21:545 515840 516507 1
17-07-2017-14:42:21:591 516507 517174 1
17-07-2017-14:42:21:626 517174 517841 1
17-07-2017-14:42:21:671 517841 518508 1
17-07-2017-14:42:21:707 518508 519175 1
17-07-2017-14:42:21:759 519175 519842 1
17-07-2017-14:42:21:794 519842 520509 1
17-07-2017-14:42:21:832 520509 521176 1
17-07-2017-14:42:21:883 521176 521843 1
17-07-2017-14:42:21:919 521843 522510 1
17-07-2017-14:42:21:964 522510 523177 1
17-07-2017-14:42:22:000 523177 523844 1
17-07-2017-14:42:22:039 523844 524511 1
17-07-2017-14:42:22:087 524511 525178 1
17-07-2017-14:42:22:127 525178 525845 1
17-07-2017-14:42:22:174 525845 526512 1
17-07-2017-14:42:22:214 526512 527179 1
17-07-2017-14:42:22:249 527179 527846 1
17-07-2017-14:42:22:299 527846 528513 1
17-07-2017-14:42:22:334 528513 529180 1
17-07-2017-14:42:22:386 529180 529847 1
17-07-2017-14:42:22:422 529847 530514 1
17-07-2017-14:42:22:457 530514 531181 1
17-07-2017-14:42:22:509 531181 531848 1
17-07-2017-14:42:22:544 531848 532515 1
17-07-2017-14:42:22:590 532515 533182 1
17-07-2017-14:42:22:625 533182 533849 1
17-07-2017-14:42:22:671 533849 534516 1
17-07-2017-14:42:22:719 534516 535183 1
17-07-2017-14:42:22:752 535183 535850 1
17-07-2017-14:42:22:800 535850 536517 1
17-07-2017-14:42:22:840 536517 537184 1
17-07-2017-14:42:22:875 537184 537851 1
17-07-2017-14:42:22:923 537851 538518 1
17-07-2017-14:42:22:962 538518 539185 1
17-07-2017-14:42:23:008 539185 539852 1
17-07-2017-14:42:23:043 539852 540519 1
17-07-2017-14:42:23:091 540519 541186 1
17-07-2017-14:42:23:131 541186 541853 1
17-07-2017-14:42:23:179 541853 542520 1
17-07-2017-14:42:23:216 542520 543187 1
17-07-2017-14:42:23:252 543187 543854 1
17-07-2017-14:42:23:297 543854 544521 1
17-07-2017-14:42:23:339 544521 545188 1
17-07-2017-14:42:23:379 545188 545855 1
17-07-2017-14:42:23:424 545855 546522 1
17-07-2017-14:42:23:464 546522 547189 1
17-07-2017-14:42:23:499 547189 547856 1
17-07-2017-14:42:23:547 547856 548523 1
17-07-2017-14:42:23:587 548523 549190 1
17-07-2017-14:42:23:634 549190 549857 1
17-07-2017-14:42:23:674 549857 550524 1
17-07-2017-14:42:23:709 550524 551191 1
17-07-2017-14:42:23:759 551191 551858 1
17-07-2017-14:42:23:794 551858 552525 1
17-07-2017-14:42:23:842 552525 553192 1
17-07-2017-14:42:23:876 553192 553859 1
17-07-2017-14:42:24:047 553859 554526 1
17-07-2017-14:42:24:047 554526 555193 1
17-07-2017-14:42:24:048 555193 555860 1
17-07-2017-14:42:24:048 555860 556527 1
17-07-2017-14:42:24:091 556527 557194 1
17-07-2017-14:42:24:131 557194 557861 1
17-07-2017-14:42:24:166 557861 558528 1
17-07-2017-14:42:24:218 558528 559195 1
17-07-2017-14:42:24:253 559195 559862 1
17-07-2017-14:42:24:305 559862 560529 1
17-07-2017-14:42:24:341 560529 561196 1
17-07-2017-14:42:24:380 561196 561863 1
17-07-2017-14:42:24:426 561863 562530 1
17-07-2017-14:42:24:461 562530 563197 1
17-07-2017-14:42:24:509 563197 563864 1
17-07-2017-14:42:24:544 563864 564531 1
17-07-2017-14:42:24:590 564531 565198 1
17-07-2017-14:42:24:625 565198 565865 1
17-07-2017-14:42:24:671 565865 566532 1
17-07-2017-14:42:24:719 566532 567199 1
17-07-2017-14:42:24:758 567199 567866 1
17-07-2017-14:42:24:793 567866 568533 1
17-07-2017-14:42:24:845 568533 569200 1
17-07-2017-14:42:24:879 569200 569867 1
17-07-2017-14:42:24:926 569867 570534 1
17-07-2017-14:42:24:960 570534 571201 1
17-07-2017-14:42:25:007 571201 571868 1
17-07-2017-14:42:25:047 571868 572535 1
17-07-2017-14:42:25:095 572535 573202 1
17-07-2017-14:42:25:134 573202 573869 1
17-07-2017-14:42:25:170 573869 574536 1
17-07-2017-14:42:25:219 574536 575203 1
17-07-2017-14:42:25:255 575203 575870 1
17-07-2017-14:42:25:303 575870 576537 1
17-07-2017-14:42:25:338 576537 577204 1
17-07-2017-14:42:25:384 577204 577871 1
17-07-2017-14:42:25:419 577871 578538 1
17-07-2017-14:42:25:467 578538 579205 1
17-07-2017-14:42:25:506 579205 579872 1
17-07-2017-14:42:25:552 579872 580539 1
17-07-2017-14:42:25:587 580539 581206 1
17-07-2017-14:42:25:635 581206 581873 1
17-07-2017-14:42:25:668 581873 582540 1
17-07-2017-14:42:25:708 582540 583207 1
17-07-2017-14:42:25:755 583207 583874 1
17-07-2017-14:42:25:801 583874 584541 1
17-07-2017-14:42:25:837 584541 585208 1
17-07-2017-14:42:25:889 585208 585875 1
17-07-2017-14:42:25:925 585875 586542 1
17-07-2017-14:42:25:958 586542 587209 1
17-07-2017-14:42:26:006 587209 587876 1
17-07-2017-14:42:26:052 587876 588543 1
17-07-2017-14:42:26:087 588543 589210 1
17-07-2017-14:42:26:127 589210 589877 1
17-07-2017-14:42:26:175 589877 590544 1
17-07-2017-14:42:26:210 590544 591211 1
17-07-2017-14:42:26:260 591211 591878 1
17-07-2017-14:42:26:295 591878 592545 1
17-07-2017-14:42:26:346 592545 593212 1
17-07-2017-14:42:26:382 593212 593879 1
17-07-2017-14:42:26:421 593879 594546 1
17-07-2017-14:42:26:469 594546 595213 1
17-07-2017-14:42:26:504 595213 595880 1
17-07-2017-14:42:26:544 595880 596547 1
17-07-2017-14:42:26:589 596547 597214 1
17-07-2017-14:42:26:629 597214 597881 1
17-07-2017-14:42:26:677 597881 598548 1
17-07-2017-14:42:26:716 598548 599215 1
17-07-2017-14:42:26:752 599215 599882 1
17-07-2017-14:42:26:803 599882 600549 1
17-07-2017-14:42:26:839 600549 601216 1
17-07-2017-14:42:26:885 601216 601883 1
17-07-2017-14:42:26:924 601883 602550 1
17-07-2017-14:42:26:959 602550 603217 1
17-07-2017-14:42:27:011 603217 603884 1
17-07-2017-14:42:27:047 603884 604551 1
17-07-2017-14:42:27:222 604551 605218 1
17-07-2017-14:42:27:223 605218 605885 1
17-07-2017-14:42:27:223 605885 606552 1
17-07-2017-14:42:27:223 606552 607219 1
17-07-2017-14:42:27:261 607219 607886 1
17-07-2017-14:42:27:300 607886 608553 1
17-07-2017-14:42:27:335 608553 609220 1
17-07-2017-14:42:27:381 609220 609887 1
17-07-2017-14:42:27:416 609887 610554 1
17-07-2017-14:42:27:464 610554 611221 1
17-07-2017-14:42:27:503 611221 611888 1
17-07-2017-14:42:27:551 611888 612555 1
17-07-2017-14:42:27:591 612555 613222 1
17-07-2017-14:42:27:638 613222 613889 1
17-07-2017-14:42:27:676 613889 614556 1
17-07-2017-14:42:27:711 614556 615223 1
17-07-2017-14:42:27:763 615223 615890 1
17-07-2017-14:42:27:799 615890 616557 1
17-07-2017-14:42:27:844 616557 617224 1
17-07-2017-14:42:27:880 617224 617891 1
17-07-2017-14:42:27:927 617891 618558 1
17-07-2017-14:42:27:967 618558 619225 1
17-07-2017-14:42:28:002 619225 619892 1
17-07-2017-14:42:28:048 619892 620559 1
17-07-2017-14:42:28:095 620559 621226 1
17-07-2017-14:42:28:129 621226 621893 1
17-07-2017-14:42:28:177 621893 622560 1
17-07-2017-14:42:28:212 622560 623227 1
17-07-2017-14:42:28:258 623227 623894 1
17-07-2017-14:42:28:294 623894 624561 1
17-07-2017-14:42:28:340 624561 625228 1
17-07-2017-14:42:28:387 625228 625895 1
17-07-2017-14:42:28:423 625895 626562 1
17-07-2017-14:42:28:462 626562 627229 1
17-07-2017-14:42:28:509 627229 627896 1
17-07-2017-14:42:28:542 627896 628563 1
17-07-2017-14:42:28:590 628563 629230 1
17-07-2017-14:42:28:637 629230 629897 1
17-07-2017-14:42:28:672 629897 630564 1
17-07-2017-14:42:28:718 630564 631231 1
17-07-2017-14:42:28:753 631231 631898 1
17-07-2017-14:42:28:801 631898 632565 1
17-07-2017-14:42:28:834 632565 633232 1
17-07-2017-14:42:28:886 633232 633899 1
17-07-2017-14:42:28:921 633899 634566 1
17-07-2017-14:42:28:969 634566 635233 1
17-07-2017-14:42:29:007 635233 635900 1
17-07-2017-14:42:29:053 635900 636567 1
17-07-2017-14:42:29:089 636567 637234 1
17-07-2017-14:42:29:134 637234 637901 1
17-07-2017-14:42:29:174 637901 638568 1
17-07-2017-14:42:29:222 638568 639235 1
17-07-2017-14:42:29:259 639235 639902 1
17-07-2017-14:42:29:294 639902 640569 1
17-07-2017-14:42:29:346 640569 641236 1
17-07-2017-14:42:29:386 641236 641903 1
17-07-2017-14:42:29:421 641903 642570 1
17-07-2017-14:42:29:461 642570 643237 1
17-07-2017-14:42:29:507 643237 643904 1
17-07-2017-14:42:29:554 643904 644571 1
17-07-2017-14:42:29:590 644571 645238 1
17-07-2017-14:42:29:629 645238 645905 1
17-07-2017-14:42:29:675 645905 646572 1
17-07-2017-14:42:29:710 646572 647239 1
17-07-2017-14:42:29:762 647239 647906 1
17-07-2017-14:42:29:798 647906 648573 1
17-07-2017-14:42:29:844 648573 649240 1
17-07-2017-14:42:29:879 649240 649907 1
17-07-2017-14:42:29:919 649907 650574 1
17-07-2017-14:42:29:966 650574 651241 1
17-07-2017-14:42:30:012 651241 651908 1
17-07-2017-14:42:30:048 651908 652575 1
17-07-2017-14:42:30:093 652575 653242 1
17-07-2017-14:42:30:129 653242 653909 1
17-07-2017-14:42:30:175 653909 654576 1
