17-07-2017-15:38:11:505 0 747 1
17-07-2017-15:38:11:546 747 1494 1
17-07-2017-15:38:11:598 1494 2120 1
17-07-2017-15:38:11:627 2120 2746 1
17-07-2017-15:38:11:675 2746 3372 1
17-07-2017-15:38:11:710 3372 3998 1
17-07-2017-15:38:11:744 3998 4624 1
17-07-2017-15:38:11:784 4624 5250 1
17-07-2017-15:38:11:829 5250 5876 1
17-07-2017-15:38:11:864 5876 6502 1
17-07-2017-15:38:11:905 6502 7128 1
17-07-2017-15:38:11:945 7128 7754 1
17-07-2017-15:38:11:978 7754 8380 1
17-07-2017-15:38:12:026 8380 9006 1
17-07-2017-15:38:12:059 9006 9632 1
17-07-2017-15:38:12:094 9632 10258 1
17-07-2017-15:38:12:142 10258 10884 1
17-07-2017-15:38:12:177 10884 11510 1
17-07-2017-15:38:12:211 11510 12136 1
17-07-2017-15:38:12:258 12136 12762 1
17-07-2017-15:38:12:294 12762 13388 1
17-07-2017-15:38:12:333 13388 14014 1
17-07-2017-15:38:12:368 14014 14640 1
17-07-2017-15:38:12:414 14640 15266 1
17-07-2017-15:38:12:449 15266 15892 1
17-07-2017-15:38:12:495 15892 16518 1
17-07-2017-15:38:12:530 16518 17144 1
17-07-2017-15:38:12:566 17144 17770 1
17-07-2017-15:38:12:605 17770 18396 1
17-07-2017-15:38:12:645 18396 19022 1
17-07-2017-15:38:12:692 19022 19648 1
17-07-2017-15:38:12:728 19648 20274 1
17-07-2017-15:38:12:761 20274 20900 1
17-07-2017-15:38:12:809 20900 21526 1
17-07-2017-15:38:12:844 21526 22152 1
17-07-2017-15:38:12:883 22152 22778 1
17-07-2017-15:38:12:917 22778 23404 1
17-07-2017-15:38:12:965 23404 24030 1
17-07-2017-15:38:12:998 24030 24656 1
17-07-2017-15:38:13:039 24656 25282 1
17-07-2017-15:38:13:073 25282 25908 1
17-07-2017-15:38:13:120 25908 26534 1
17-07-2017-15:38:13:156 26534 27160 1
17-07-2017-15:38:13:195 27160 27786 1
17-07-2017-15:38:13:230 27786 28412 1
17-07-2017-15:38:13:276 28412 29038 1
17-07-2017-15:38:13:311 29038 29664 1
17-07-2017-15:38:13:351 29664 30290 1
17-07-2017-15:38:13:386 30290 30916 1
17-07-2017-15:38:13:432 30916 31542 1
17-07-2017-15:38:13:467 31542 32168 1
17-07-2017-15:38:13:503 32168 32794 1
17-07-2017-15:38:13:542 32794 33420 1
17-07-2017-15:38:13:588 33420 34046 1
17-07-2017-15:38:13:623 34046 34672 1
17-07-2017-15:38:13:669 34672 35298 1
17-07-2017-15:38:13:708 35298 35924 1
17-07-2017-15:38:13:744 35924 36550 1
17-07-2017-15:38:13:779 36550 37176 1
17-07-2017-15:38:13:825 37176 37802 1
17-07-2017-15:38:13:860 37802 38428 1
17-07-2017-15:38:13:900 38428 39054 1
17-07-2017-15:38:13:935 39054 39680 1
17-07-2017-15:38:13:981 39680 40306 1
17-07-2017-15:38:14:016 40306 40932 1
17-07-2017-15:38:14:051 40932 41558 1
17-07-2017-15:38:14:097 41558 42184 1
17-07-2017-15:38:14:132 42184 42810 1
17-07-2017-15:38:14:168 42810 43436 1
17-07-2017-15:38:14:213 43436 44062 1
17-07-2017-15:38:14:255 44062 44688 1
17-07-2017-15:38:14:289 44688 45314 1
17-07-2017-15:38:14:325 45314 45940 1
17-07-2017-15:38:14:370 45940 46566 1
17-07-2017-15:38:14:405 46566 47192 1
17-07-2017-15:38:14:446 47192 47818 1
17-07-2017-15:38:14:481 47818 48444 1
17-07-2017-15:38:14:527 48444 49070 1
17-07-2017-15:38:14:562 49070 49696 1
17-07-2017-15:38:14:771 49696 50322 1
17-07-2017-15:38:14:771 50322 50948 1
17-07-2017-15:38:14:772 50948 51574 1
17-07-2017-15:38:14:772 51574 52200 1
17-07-2017-15:38:14:772 52200 52826 1
17-07-2017-15:38:14:799 52826 53452 1
17-07-2017-15:38:14:841 53452 54078 1
17-07-2017-15:38:14:876 54078 54704 1
17-07-2017-15:38:14:922 54704 55330 1
17-07-2017-15:38:14:957 55330 55956 1
17-07-2017-15:38:14:996 55956 56582 1
17-07-2017-15:38:15:032 56582 57208 1
17-07-2017-15:38:15:077 57208 57834 1
17-07-2017-15:38:15:113 57834 58460 1
17-07-2017-15:38:15:154 58460 59086 1
17-07-2017-15:38:15:187 59086 59712 1
17-07-2017-15:38:15:234 59712 60338 1
17-07-2017-15:38:15:269 60338 60964 1
17-07-2017-15:38:15:309 60964 61590 1
17-07-2017-15:38:15:344 61590 62216 1
17-07-2017-15:38:15:390 62216 62842 1
17-07-2017-15:38:15:425 62842 63468 1
17-07-2017-15:38:15:467 63468 64094 1
17-07-2017-15:38:15:500 64094 64720 1
17-07-2017-15:38:15:542 64720 65346 1
17-07-2017-15:38:15:575 65346 65972 1
17-07-2017-15:38:15:623 65972 66598 1
17-07-2017-15:38:15:662 66598 67224 1
17-07-2017-15:38:15:697 67224 67850 1
17-07-2017-15:38:15:743 67850 68476 1
17-07-2017-15:38:15:778 68476 69102 1
17-07-2017-15:38:15:818 69102 69728 1
17-07-2017-15:38:15:853 69728 70354 1
17-07-2017-15:38:15:899 70354 70980 1
17-07-2017-15:38:15:934 70980 71606 1
17-07-2017-15:38:15:973 71606 72232 1
17-07-2017-15:38:16:008 72232 72858 1
17-07-2017-15:38:16:056 72858 73484 1
17-07-2017-15:38:16:089 73484 74110 1
17-07-2017-15:38:16:124 74110 74736 1
17-07-2017-15:38:16:172 74736 75362 1
17-07-2017-15:38:16:212 75362 75988 1
17-07-2017-15:38:16:245 75988 76614 1
17-07-2017-15:38:16:280 76614 77240 1
17-07-2017-15:38:16:326 77240 77866 1
17-07-2017-15:38:16:368 77866 78492 1
17-07-2017-15:38:16:401 78492 79118 1
17-07-2017-15:38:16:436 79118 79744 1
17-07-2017-15:38:16:482 79744 80370 1
17-07-2017-15:38:16:523 80370 80996 1
17-07-2017-15:38:16:557 80996 81622 1
17-07-2017-15:38:16:604 81622 82248 1
17-07-2017-15:38:16:638 82248 82874 1
17-07-2017-15:38:16:679 82874 83500 1
17-07-2017-15:38:16:715 83500 84126 1
17-07-2017-15:38:16:760 84126 84752 1
17-07-2017-15:38:16:796 84752 85378 1
17-07-2017-15:38:16:835 85378 86004 1
17-07-2017-15:38:16:871 86004 86630 1
17-07-2017-15:38:16:916 86630 87256 1
17-07-2017-15:38:16:952 87256 87882 1
17-07-2017-15:38:16:991 87882 88508 1
17-07-2017-15:38:17:027 88508 89134 1
17-07-2017-15:38:17:072 89134 89760 1
17-07-2017-15:38:17:108 89760 90386 1
17-07-2017-15:38:17:147 90386 91012 1
17-07-2017-15:38:17:182 91012 91638 1
17-07-2017-15:38:17:228 91638 92264 1
17-07-2017-15:38:17:263 92264 92890 1
17-07-2017-15:38:17:299 92890 93516 1
17-07-2017-15:38:17:338 93516 94142 1
17-07-2017-15:38:17:384 94142 94768 1
17-07-2017-15:38:17:419 94768 95394 1
17-07-2017-15:38:17:453 95394 96020 1
17-07-2017-15:38:17:494 96020 96646 1
17-07-2017-15:38:17:540 96646 97272 1
17-07-2017-15:38:17:575 97272 97898 1
17-07-2017-15:38:17:611 97898 98524 1
17-07-2017-15:38:17:654 98524 99150 1
17-07-2017-15:38:17:689 99150 99776 1
17-07-2017-15:38:17:875 99776 100402 1
17-07-2017-15:38:17:876 100402 101028 1
17-07-2017-15:38:17:876 101028 101654 1
17-07-2017-15:38:17:876 101654 102280 1
17-07-2017-15:38:17:893 102280 102906 1
17-07-2017-15:38:17:928 102906 103532 1
17-07-2017-15:38:17:963 103532 104158 1
17-07-2017-15:38:18:003 104158 104784 1
17-07-2017-15:38:18:050 104784 105410 1
17-07-2017-15:38:18:086 105410 106036 1
17-07-2017-15:38:18:119 106036 106662 1
17-07-2017-15:38:18:166 106662 107288 1
17-07-2017-15:38:18:202 107288 107914 1
17-07-2017-15:38:18:241 107914 108540 1
17-07-2017-15:38:18:276 108540 109166 1
17-07-2017-15:38:18:322 109166 109792 1
17-07-2017-15:38:18:357 109792 110418 1
17-07-2017-15:38:18:397 110418 111044 1
17-07-2017-15:38:18:443 111044 111670 1
17-07-2017-15:38:18:478 111670 112296 1
17-07-2017-15:38:18:514 112296 112922 1
17-07-2017-15:38:18:554 112922 113548 1
17-07-2017-15:38:18:589 113548 114174 1
17-07-2017-15:38:18:635 114174 114800 1
17-07-2017-15:38:18:670 114800 115426 1
17-07-2017-15:38:18:710 115426 116052 1
17-07-2017-15:38:18:755 116052 116678 1
17-07-2017-15:38:18:791 116678 117304 1
17-07-2017-15:38:18:826 117304 117930 1
17-07-2017-15:38:18:865 117930 118556 1
17-07-2017-15:38:18:911 118556 119182 1
17-07-2017-15:38:18:946 119182 119808 1
17-07-2017-15:38:18:986 119808 120434 1
17-07-2017-15:38:19:021 120434 121060 1
17-07-2017-15:38:19:069 121060 121686 1
17-07-2017-15:38:19:102 121686 122312 1
17-07-2017-15:38:19:137 122312 122938 1
17-07-2017-15:38:19:177 122938 123564 1
17-07-2017-15:38:19:225 123564 124190 1
17-07-2017-15:38:19:258 124190 124816 1
17-07-2017-15:38:19:293 124816 125442 1
17-07-2017-15:38:19:333 125442 126068 1
17-07-2017-15:38:19:381 126068 126694 1
17-07-2017-15:38:19:414 126694 127320 1
17-07-2017-15:38:19:453 127320 127946 1
17-07-2017-15:38:19:489 127946 128572 1
17-07-2017-15:38:19:534 128572 129198 1
17-07-2017-15:38:19:570 129198 129824 1
17-07-2017-15:38:19:609 129824 130450 1
17-07-2017-15:38:19:645 130450 131076 1
17-07-2017-15:38:19:690 131076 131702 1
17-07-2017-15:38:19:726 131702 132328 1
17-07-2017-15:38:19:765 132328 132954 1
17-07-2017-15:38:19:813 132954 133580 1
17-07-2017-15:38:19:846 133580 134206 1
17-07-2017-15:38:19:882 134206 134832 1
17-07-2017-15:38:19:921 134832 135458 1
17-07-2017-15:38:19:969 135458 136084 1
17-07-2017-15:38:20:002 136084 136710 1
17-07-2017-15:38:20:039 136710 137336 1
17-07-2017-15:38:20:085 137336 137962 1
17-07-2017-15:38:20:120 137962 138588 1
17-07-2017-15:38:20:159 138588 139214 1
17-07-2017-15:38:20:195 139214 139840 1
17-07-2017-15:38:20:240 139840 140466 1
17-07-2017-15:38:20:280 140466 141092 1
17-07-2017-15:38:20:315 141092 141718 1
17-07-2017-15:38:20:351 141718 142344 1
17-07-2017-15:38:20:396 142344 142970 1
17-07-2017-15:38:20:432 142970 143596 1
17-07-2017-15:38:20:471 143596 144222 1
17-07-2017-15:38:20:507 144222 144848 1
17-07-2017-15:38:20:552 144848 145474 1
17-07-2017-15:38:20:588 145474 146100 1
17-07-2017-15:38:20:634 146100 146726 1
17-07-2017-15:38:20:669 146726 147352 1
17-07-2017-15:38:20:703 147352 147978 1
17-07-2017-15:38:20:751 147978 148604 1
17-07-2017-15:38:20:790 148604 149230 1
17-07-2017-15:38:20:826 149230 149856 1
17-07-2017-15:38:20:966 149856 150482 1
17-07-2017-15:38:20:967 150482 151108 1
17-07-2017-15:38:20:967 151108 151734 1
17-07-2017-15:38:20:975 151734 152360 1
17-07-2017-15:38:21:023 152360 152986 1
17-07-2017-15:38:21:058 152986 153612 1
17-07-2017-15:38:21:102 153612 154238 1
17-07-2017-15:38:21:137 154238 154864 1
17-07-2017-15:38:21:172 154864 155490 1
17-07-2017-15:38:21:218 155490 156116 1
17-07-2017-15:38:21:253 156116 156742 1
17-07-2017-15:38:21:289 156742 157368 1
17-07-2017-15:38:21:336 157368 157994 1
17-07-2017-15:38:21:371 157994 158620 1
17-07-2017-15:38:21:410 158620 159246 1
17-07-2017-15:38:21:445 159246 159872 1
17-07-2017-15:38:21:491 159872 160498 1
17-07-2017-15:38:21:532 160498 161124 1
17-07-2017-15:38:21:567 161124 161750 1
17-07-2017-15:38:21:602 161750 162376 1
17-07-2017-15:38:21:648 162376 163002 1
17-07-2017-15:38:21:683 163002 163628 1
17-07-2017-15:38:21:718 163628 164254 1
17-07-2017-15:38:21:764 164254 164880 1
17-07-2017-15:38:21:805 164880 165506 1
17-07-2017-15:38:21:838 165506 166132 1
17-07-2017-15:38:21:886 166132 166758 1
17-07-2017-15:38:21:921 166758 167384 1
17-07-2017-15:38:21:955 167384 168010 1
17-07-2017-15:38:22:002 168010 168636 1
17-07-2017-15:38:22:042 168636 169262 1
17-07-2017-15:38:22:075 169262 169888 1
17-07-2017-15:38:22:110 169888 170514 1
17-07-2017-15:38:22:158 170514 171140 1
17-07-2017-15:38:22:191 171140 171766 1
17-07-2017-15:38:22:227 171766 172392 1
17-07-2017-15:38:22:275 172392 173018 1
17-07-2017-15:38:22:308 173018 173644 1
17-07-2017-15:38:22:347 173644 174270 1
17-07-2017-15:38:22:395 174270 174896 1
17-07-2017-15:38:22:428 174896 175522 1
17-07-2017-15:38:22:464 175522 176148 1
17-07-2017-15:38:22:511 176148 176774 1
17-07-2017-15:38:22:544 176774 177400 1
17-07-2017-15:38:22:590 177400 178026 1
17-07-2017-15:38:22:625 178026 178652 1
17-07-2017-15:38:22:659 178652 179278 1
17-07-2017-15:38:22:707 179278 179904 1
17-07-2017-15:38:22:742 179904 180530 1
17-07-2017-15:38:22:781 180530 181156 1
17-07-2017-15:38:22:821 181156 181782 1
17-07-2017-15:38:22:856 181782 182408 1
17-07-2017-15:38:22:902 182408 183034 1
17-07-2017-15:38:22:937 183034 183660 1
17-07-2017-15:38:22:973 183660 184286 1
17-07-2017-15:38:23:022 184286 184912 1
17-07-2017-15:38:23:052 184912 185538 1
17-07-2017-15:38:23:097 185538 186164 1
17-07-2017-15:38:23:133 186164 186790 1
17-07-2017-15:38:23:168 186790 187416 1
17-07-2017-15:38:23:214 187416 188042 1
17-07-2017-15:38:23:249 188042 188668 1
17-07-2017-15:38:23:289 188668 189294 1
17-07-2017-15:38:23:324 189294 189920 1
17-07-2017-15:38:23:370 189920 190546 1
17-07-2017-15:38:23:405 190546 191172 1
17-07-2017-15:38:23:440 191172 191798 1
17-07-2017-15:38:23:486 191798 192424 1
17-07-2017-15:38:23:521 192424 193050 1
17-07-2017-15:38:23:561 193050 193676 1
17-07-2017-15:38:23:608 193676 194302 1
17-07-2017-15:38:23:641 194302 194928 1
17-07-2017-15:38:23:676 194928 195554 1
17-07-2017-15:38:23:724 195554 196180 1
17-07-2017-15:38:23:759 196180 196806 1
17-07-2017-15:38:23:798 196806 197432 1
17-07-2017-15:38:23:833 197432 198058 1
17-07-2017-15:38:23:879 198058 198684 1
17-07-2017-15:38:23:914 198684 199310 1
17-07-2017-15:38:23:950 199310 199936 1
17-07-2017-15:38:24:114 199936 200562 1
17-07-2017-15:38:24:115 200562 201188 1
17-07-2017-15:38:24:115 201188 201814 1
17-07-2017-15:38:24:115 201814 202440 1
17-07-2017-15:38:24:152 202440 203066 1
17-07-2017-15:38:24:188 203066 203692 1
17-07-2017-15:38:24:221 203692 204318 1
17-07-2017-15:38:24:273 204318 204944 1
17-07-2017-15:38:24:308 204944 205570 1
17-07-2017-15:38:24:344 205570 206196 1
17-07-2017-15:38:24:389 206196 206822 1
17-07-2017-15:38:24:424 206822 207448 1
17-07-2017-15:38:24:464 207448 208074 1
17-07-2017-15:38:24:499 208074 208700 1
17-07-2017-15:38:24:545 208700 209326 1
17-07-2017-15:38:24:580 209326 209952 1
17-07-2017-15:38:24:616 209952 210578 1
17-07-2017-15:38:24:655 210578 211204 1
17-07-2017-15:38:24:701 211204 211830 1
17-07-2017-15:38:24:736 211830 212456 1
17-07-2017-15:38:24:771 212456 213082 1
17-07-2017-15:38:24:811 213082 213708 1
17-07-2017-15:38:24:857 213708 214334 1
17-07-2017-15:38:24:892 214334 214960 1
17-07-2017-15:38:24:927 214960 215586 1
17-07-2017-15:38:24:967 215586 216212 1
17-07-2017-15:38:25:012 216212 216838 1
17-07-2017-15:38:25:049 216838 217464 1
17-07-2017-15:38:25:082 217464 218090 1
17-07-2017-15:38:25:123 218090 218716 1
17-07-2017-15:38:25:168 218716 219342 1
17-07-2017-15:38:25:204 219342 219968 1
17-07-2017-15:38:25:251 219968 220594 1
17-07-2017-15:38:25:290 220594 221220 1
17-07-2017-15:38:25:325 221220 221846 1
17-07-2017-15:38:25:360 221846 222472 1
17-07-2017-15:38:25:406 222472 223098 1
17-07-2017-15:38:25:447 223098 223724 1
17-07-2017-15:38:25:482 223724 224350 1
17-07-2017-15:38:25:517 224350 224976 1
17-07-2017-15:38:25:563 224976 225602 1
17-07-2017-15:38:25:604 225602 226228 1
17-07-2017-15:38:25:639 226228 226854 1
17-07-2017-15:38:25:672 226854 227480 1
17-07-2017-15:38:25:719 227480 228106 1
17-07-2017-15:38:25:748 228106 228732 1
17-07-2017-15:38:25:794 228732 229358 1
17-07-2017-15:38:25:829 229358 229984 1
17-07-2017-15:38:25:875 229984 230610 1
17-07-2017-15:38:25:910 230610 231236 1
17-07-2017-15:38:25:946 231236 231862 1
17-07-2017-15:38:25:991 231862 232488 1
17-07-2017-15:38:26:029 232488 233114 1
17-07-2017-15:38:26:064 233114 233740 1
17-07-2017-15:38:26:112 233740 234366 1
17-07-2017-15:38:26:145 234366 234992 1
17-07-2017-15:38:26:181 234992 235618 1
17-07-2017-15:38:26:220 235618 236244 1
17-07-2017-15:38:26:268 236244 236870 1
17-07-2017-15:38:26:303 236870 237496 1
17-07-2017-15:38:26:336 237496 238122 1
17-07-2017-15:38:26:384 238122 238748 1
17-07-2017-15:38:26:419 238748 239374 1
17-07-2017-15:38:26:458 239374 240000 1
17-07-2017-15:38:26:494 240000 240626 1
17-07-2017-15:38:26:540 240626 241252 1
17-07-2017-15:38:26:575 241252 241878 1
17-07-2017-15:38:26:610 241878 242504 1
17-07-2017-15:38:26:656 242504 243130 1
17-07-2017-15:38:26:691 243130 243756 1
17-07-2017-15:38:26:731 243756 244382 1
17-07-2017-15:38:26:777 244382 245008 1
17-07-2017-15:38:26:812 245008 245634 1
17-07-2017-15:38:26:845 245634 246260 1
17-07-2017-15:38:26:893 246260 246886 1
17-07-2017-15:38:26:933 246886 247512 1
17-07-2017-15:38:26:970 247512 248138 1
17-07-2017-15:38:27:005 248138 248764 1
17-07-2017-15:38:27:041 248764 249390 1
17-07-2017-15:38:27:086 249390 250016 1
17-07-2017-15:38:27:235 250016 250642 1
17-07-2017-15:38:27:236 250642 251268 1
17-07-2017-15:38:27:236 251268 251894 1
17-07-2017-15:38:27:244 251894 252520 1
17-07-2017-15:38:27:280 252520 253146 1
17-07-2017-15:38:27:313 253146 253772 1
17-07-2017-15:38:27:361 253772 254398 1
17-07-2017-15:38:27:396 254398 255024 1
17-07-2017-15:38:27:429 255024 255650 1
17-07-2017-15:38:27:471 255650 256276 1
17-07-2017-15:38:27:516 256276 256902 1
17-07-2017-15:38:27:552 256902 257528 1
17-07-2017-15:38:27:602 257528 258154 1
17-07-2017-15:38:27:637 258154 258780 1
17-07-2017-15:38:27:672 258780 259406 1
17-07-2017-15:38:27:708 259406 260032 1
17-07-2017-15:38:27:753 260032 260658 1
17-07-2017-15:38:27:788 260658 261284 1
17-07-2017-15:38:27:828 261284 261910 1
17-07-2017-15:38:27:863 261910 262536 1
17-07-2017-15:38:27:909 262536 263162 1
17-07-2017-15:38:27:944 263162 263788 1
17-07-2017-15:38:27:980 263788 264414 1
17-07-2017-15:38:28:025 264414 265040 1
17-07-2017-15:38:28:061 265040 265666 1
17-07-2017-15:38:28:096 265666 266292 1
17-07-2017-15:38:28:140 266292 266918 1
17-07-2017-15:38:28:175 266918 267544 1
17-07-2017-15:38:28:221 267544 268170 1
17-07-2017-15:38:28:256 268170 268796 1
17-07-2017-15:38:28:291 268796 269422 1
17-07-2017-15:38:28:337 269422 270048 1
17-07-2017-15:38:28:377 270048 270674 1
17-07-2017-15:38:28:412 270674 271300 1
17-07-2017-15:38:28:460 271300 271926 1
17-07-2017-15:38:28:493 271926 272552 1
17-07-2017-15:38:28:528 272552 273178 1
17-07-2017-15:38:28:576 273178 273804 1
17-07-2017-15:38:28:615 273804 274430 1
17-07-2017-15:38:28:651 274430 275056 1
17-07-2017-15:38:28:684 275056 275682 1
17-07-2017-15:38:28:732 275682 276308 1
17-07-2017-15:38:28:765 276308 276934 1
17-07-2017-15:38:28:800 276934 277560 1
17-07-2017-15:38:28:852 277560 278186 1
17-07-2017-15:38:28:886 278186 278812 1
17-07-2017-15:38:28:921 278812 279438 1
17-07-2017-15:38:28:956 279438 280064 1
17-07-2017-15:38:29:002 280064 280690 1
17-07-2017-15:38:29:044 280690 281316 1
17-07-2017-15:38:29:077 281316 281942 1
17-07-2017-15:38:29:112 281942 282568 1
17-07-2017-15:38:29:164 282568 283194 1
17-07-2017-15:38:29:200 283194 283820 1
17-07-2017-15:38:29:233 283820 284446 1
17-07-2017-15:38:29:281 284446 285072 1
17-07-2017-15:38:29:316 285072 285698 1
17-07-2017-15:38:29:351 285698 286324 1
17-07-2017-15:38:29:396 286324 286950 1
17-07-2017-15:38:29:432 286950 287576 1
17-07-2017-15:38:29:471 287576 288202 1
17-07-2017-15:38:29:505 288202 288828 1
17-07-2017-15:38:29:553 288828 289454 1
17-07-2017-15:38:29:586 289454 290080 1
17-07-2017-15:38:29:622 290080 290706 1
17-07-2017-15:38:29:669 290706 291332 1
17-07-2017-15:38:29:704 291332 291958 1
17-07-2017-15:38:29:739 291958 292584 1
17-07-2017-15:38:29:789 292584 293210 1
17-07-2017-15:38:29:825 293210 293836 1
17-07-2017-15:38:29:860 293836 294462 1
17-07-2017-15:38:29:906 294462 295088 1
17-07-2017-15:38:29:941 295088 295714 1
17-07-2017-15:38:29:977 295714 296340 1
17-07-2017-15:38:30:022 296340 296966 1
17-07-2017-15:38:30:062 296966 297592 1
17-07-2017-15:38:30:097 297592 298218 1
17-07-2017-15:38:30:133 298218 298844 1
17-07-2017-15:38:30:178 298844 299470 1
17-07-2017-15:38:30:214 299470 300096 1
17-07-2017-15:38:30:361 300096 300722 1
17-07-2017-15:38:30:362 300722 301348 1
17-07-2017-15:38:30:362 301348 301974 1
17-07-2017-15:38:30:370 301974 302600 1
17-07-2017-15:38:30:404 302600 303226 1
17-07-2017-15:38:30:452 303226 303852 1
17-07-2017-15:38:30:487 303852 304478 1
17-07-2017-15:38:30:526 304478 305104 1
17-07-2017-15:38:30:562 305104 305730 1
17-07-2017-15:38:30:607 305730 306356 1
17-07-2017-15:38:30:643 306356 306982 1
17-07-2017-15:38:30:678 306982 307608 1
17-07-2017-15:38:30:730 307608 308234 1
17-07-2017-15:38:30:763 308234 308860 1
17-07-2017-15:38:30:798 308860 309486 1
17-07-2017-15:38:30:850 309486 310107 1
17-07-2017-15:38:30:884 310107 310728 1
17-07-2017-15:38:30:920 310728 311349 1
17-07-2017-15:38:30:953 311349 311970 1
17-07-2017-15:38:31:001 311970 312591 1
17-07-2017-15:38:31:036 312591 313212 1
17-07-2017-15:38:31:079 313212 313833 1
17-07-2017-15:38:31:114 313833 314454 1
17-07-2017-15:38:31:150 314454 315075 1
17-07-2017-15:38:31:185 315075 315696 1
17-07-2017-15:38:31:230 315696 316317 1
17-07-2017-15:38:31:265 316317 316938 1
17-07-2017-15:38:31:307 316938 317559 1
17-07-2017-15:38:31:342 317559 318180 1
17-07-2017-15:38:31:387 318180 318801 1
17-07-2017-15:38:31:422 318801 319422 1
17-07-2017-15:38:31:457 319422 320043 1
17-07-2017-15:38:31:505 320043 320664 1
17-07-2017-15:38:31:544 320664 321285 1
17-07-2017-15:38:31:579 321285 321906 1
17-07-2017-15:38:31:614 321906 322527 1
17-07-2017-15:38:31:650 322527 323148 1
17-07-2017-15:38:31:695 323148 323769 1
17-07-2017-15:38:31:730 323769 324390 1
17-07-2017-15:38:31:765 324390 325011 1
17-07-2017-15:38:31:805 325011 325632 1
17-07-2017-15:38:31:850 325632 326253 1
17-07-2017-15:38:31:887 326253 326874 1
