17-07-2017-16:13:59:862 0 800 1
17-07-2017-16:13:59:914 800 1574 1
17-07-2017-16:13:59:966 1574 2320 1
17-07-2017-16:14:00:006 2320 3066 1
17-07-2017-16:14:00:051 3066 3812 1
17-07-2017-16:14:00:099 3812 4558 1
17-07-2017-16:14:00:149 4558 5304 1
17-07-2017-16:14:00:195 5304 6050 1
17-07-2017-16:14:00:242 6050 6796 1
17-07-2017-16:14:00:289 6796 7542 1
17-07-2017-16:14:00:329 7542 8288 1
17-07-2017-16:14:00:380 8288 9034 1
17-07-2017-16:14:00:428 9034 9780 1
17-07-2017-16:14:00:473 9780 10526 1
17-07-2017-16:14:00:520 10526 11272 1
17-07-2017-16:14:00:567 11272 12018 1
17-07-2017-16:14:00:613 12018 12764 1
17-07-2017-16:14:00:660 12764 13510 1
17-07-2017-16:14:00:707 13510 14256 1
17-07-2017-16:14:00:753 14256 15002 1
17-07-2017-16:14:00:804 15002 15748 1
17-07-2017-16:14:00:849 15748 16494 1
17-07-2017-16:14:00:891 16494 17240 1
17-07-2017-16:14:00:944 17240 17986 1
17-07-2017-16:14:00:989 17986 18732 1
17-07-2017-16:14:01:034 18732 19478 1
17-07-2017-16:14:01:080 19478 20224 1
17-07-2017-16:14:01:124 20224 20970 1
17-07-2017-16:14:01:168 20970 21716 1
17-07-2017-16:14:01:216 21716 22462 1
17-07-2017-16:14:01:262 22462 23208 1
17-07-2017-16:14:01:310 23208 23954 1
17-07-2017-16:14:01:355 23954 24700 1
17-07-2017-16:14:01:403 24700 25446 1
17-07-2017-16:14:01:448 25446 26192 1
17-07-2017-16:14:01:497 26192 26938 1
17-07-2017-16:14:01:541 26938 27684 1
17-07-2017-16:14:01:589 27684 28430 1
17-07-2017-16:14:01:636 28430 29176 1
17-07-2017-16:14:01:682 29176 29922 1
17-07-2017-16:14:01:729 29922 30668 1
17-07-2017-16:14:01:776 30668 31414 1
17-07-2017-16:14:01:822 31414 32160 1
17-07-2017-16:14:01:869 32160 32906 1
17-07-2017-16:14:01:916 32906 33652 1
17-07-2017-16:14:01:962 33652 34398 1
17-07-2017-16:14:02:009 34398 35144 1
17-07-2017-16:14:02:055 35144 35890 1
17-07-2017-16:14:02:102 35890 36636 1
17-07-2017-16:14:02:148 36636 37382 1
17-07-2017-16:14:02:196 37382 38128 1
17-07-2017-16:14:02:242 38128 38874 1
17-07-2017-16:14:02:289 38874 39620 1
17-07-2017-16:14:02:335 39620 40366 1
17-07-2017-16:14:02:383 40366 41112 1
17-07-2017-16:14:02:429 41112 41858 1
17-07-2017-16:14:02:476 41858 42604 1
17-07-2017-16:14:02:529 42604 43350 1
17-07-2017-16:14:02:577 43350 44096 1
17-07-2017-16:14:02:623 44096 44842 1
17-07-2017-16:14:02:669 44842 45588 1
17-07-2017-16:14:02:717 45588 46334 1
17-07-2017-16:14:02:755 46334 47080 1
17-07-2017-16:14:02:798 47080 47826 1
17-07-2017-16:14:02:846 47826 48572 1
17-07-2017-16:14:02:892 48572 49318 1
17-07-2017-16:14:02:938 49318 50064 1
17-07-2017-16:14:03:517 50064 50810 1
17-07-2017-16:14:03:518 50810 51556 1
17-07-2017-16:14:03:518 51556 52302 1
17-07-2017-16:14:03:518 52302 53048 1
17-07-2017-16:14:03:519 53048 53794 1
17-07-2017-16:14:03:519 53794 54540 1
17-07-2017-16:14:03:519 54540 55286 1
17-07-2017-16:14:03:519 55286 56032 1
17-07-2017-16:14:03:519 56032 56778 1
17-07-2017-16:14:03:520 56778 57524 1
17-07-2017-16:14:03:520 57524 58270 1
17-07-2017-16:14:03:520 58270 59016 1
17-07-2017-16:14:03:561 59016 59762 1
17-07-2017-16:14:03:598 59762 60508 1
17-07-2017-16:14:03:644 60508 61254 1
17-07-2017-16:14:03:691 61254 62000 1
17-07-2017-16:14:03:744 62000 62746 1
17-07-2017-16:14:03:790 62746 63492 1
17-07-2017-16:14:03:834 63492 64238 1
17-07-2017-16:14:03:869 64238 64984 1
17-07-2017-16:14:03:917 64984 65730 1
17-07-2017-16:14:03:964 65730 66476 1
17-07-2017-16:14:04:010 66476 67222 1
17-07-2017-16:14:04:057 67222 67968 1
17-07-2017-16:14:04:103 67968 68714 1
17-07-2017-16:14:04:150 68714 69460 1
17-07-2017-16:14:04:196 69460 70206 1
17-07-2017-16:14:04:249 70206 70952 1
17-07-2017-16:14:04:299 70952 71698 1
17-07-2017-16:14:04:347 71698 72444 1
17-07-2017-16:14:04:392 72444 73190 1
17-07-2017-16:14:04:440 73190 73936 1
17-07-2017-16:14:04:486 73936 74682 1
17-07-2017-16:14:04:534 74682 75428 1
17-07-2017-16:14:04:579 75428 76174 1
17-07-2017-16:14:04:627 76174 76920 1
17-07-2017-16:14:04:672 76920 77666 1
17-07-2017-16:14:04:720 77666 78412 1
17-07-2017-16:14:04:766 78412 79158 1
17-07-2017-16:14:04:813 79158 79904 1
17-07-2017-16:14:04:859 79904 80650 1
17-07-2017-16:14:04:907 80650 81396 1
17-07-2017-16:14:04:953 81396 82142 1
17-07-2017-16:14:05:000 82142 82888 1
17-07-2017-16:14:05:045 82888 83634 1
17-07-2017-16:14:05:087 83634 84380 1
17-07-2017-16:14:05:138 84380 85126 1
17-07-2017-16:14:05:183 85126 85872 1
17-07-2017-16:14:05:231 85872 86618 1
17-07-2017-16:14:05:278 86618 87364 1
17-07-2017-16:14:05:324 87364 88110 1
17-07-2017-16:14:05:370 88110 88856 1
17-07-2017-16:14:05:417 88856 89602 1
17-07-2017-16:14:05:463 89602 90348 1
17-07-2017-16:14:05:510 90348 91094 1
17-07-2017-16:14:05:556 91094 91840 1
17-07-2017-16:14:05:597 91840 92586 1
17-07-2017-16:14:05:648 92586 93332 1
17-07-2017-16:14:05:695 93332 94078 1
17-07-2017-16:14:05:741 94078 94824 1
17-07-2017-16:14:05:787 94824 95570 1
17-07-2017-16:14:05:834 95570 96316 1
17-07-2017-16:14:05:880 96316 97062 1
