17-07-2017-16:08:14:577 0 800 1
17-07-2017-16:08:14:629 800 1600 1
17-07-2017-16:08:14:682 1600 2374 1
17-07-2017-16:08:14:732 2374 3148 1
17-07-2017-16:08:14:780 3148 3922 1
17-07-2017-16:08:14:831 3922 4614 1
17-07-2017-16:08:14:866 4614 5306 1
17-07-2017-16:08:14:908 5306 5998 1
17-07-2017-16:08:14:955 5998 6690 1
17-07-2017-16:08:14:992 6690 7382 1
17-07-2017-16:08:15:039 7382 8074 1
17-07-2017-16:08:15:089 8074 8766 1
17-07-2017-16:08:15:121 8766 9458 1
17-07-2017-16:08:15:181 9458 10150 1
17-07-2017-16:08:15:215 10150 10842 1
17-07-2017-16:08:15:249 10842 11534 1
17-07-2017-16:08:15:297 11534 12226 1
17-07-2017-16:08:15:346 12226 12918 1
17-07-2017-16:08:15:389 12918 13610 1
17-07-2017-16:08:15:431 13610 14302 1
17-07-2017-16:08:15:477 14302 14994 1
17-07-2017-16:08:15:516 14994 15686 1
17-07-2017-16:08:15:551 15686 16378 1
17-07-2017-16:08:15:597 16378 17070 1
17-07-2017-16:08:15:645 17070 17762 1
17-07-2017-16:08:15:693 17762 18454 1
17-07-2017-16:08:15:725 18454 19146 1
17-07-2017-16:08:15:773 19146 19838 1
17-07-2017-16:08:15:819 19838 20530 1
17-07-2017-16:08:15:854 20530 21222 1
17-07-2017-16:08:15:900 21222 21914 1
17-07-2017-16:08:15:948 21914 22606 1
17-07-2017-16:08:15:993 22606 23298 1
17-07-2017-16:08:16:031 23298 23990 1
17-07-2017-16:08:16:074 23990 24682 1
17-07-2017-16:08:16:122 24682 25374 1
17-07-2017-16:08:16:158 25374 26066 1
17-07-2017-16:08:16:207 26066 26758 1
17-07-2017-16:08:16:252 26758 27450 1
17-07-2017-16:08:16:294 27450 28142 1
17-07-2017-16:08:16:340 28142 28834 1
17-07-2017-16:08:16:373 28834 29526 1
17-07-2017-16:08:16:421 29526 30218 1
17-07-2017-16:08:16:468 30218 30910 1
17-07-2017-16:08:16:504 30910 31602 1
17-07-2017-16:08:16:548 31602 32294 1
17-07-2017-16:08:16:596 32294 32986 1
17-07-2017-16:08:16:643 32986 33678 1
17-07-2017-16:08:16:678 33678 34370 1
17-07-2017-16:08:16:724 34370 35062 1
17-07-2017-16:08:16:770 35062 35754 1
17-07-2017-16:08:16:805 35754 36446 1
17-07-2017-16:08:16:852 36446 37138 1
17-07-2017-16:08:16:899 37138 37830 1
17-07-2017-16:08:16:945 37830 38522 1
17-07-2017-16:08:16:979 38522 39214 1
17-07-2017-16:08:17:027 39214 39906 1
17-07-2017-16:08:17:073 39906 40598 1
17-07-2017-16:08:17:112 40598 41290 1
17-07-2017-16:08:17:159 41290 41982 1
17-07-2017-16:08:17:196 41982 42674 1
17-07-2017-16:08:17:242 42674 43366 1
17-07-2017-16:08:17:287 43366 44058 1
17-07-2017-16:08:17:333 44058 44750 1
17-07-2017-16:08:17:369 44750 45442 1
17-07-2017-16:08:17:416 45442 46134 1
17-07-2017-16:08:17:462 46134 46826 1
17-07-2017-16:08:17:505 46826 47518 1
17-07-2017-16:08:17:540 47518 48210 1
17-07-2017-16:08:17:587 48210 48902 1
17-07-2017-16:08:17:634 48902 49594 1
17-07-2017-16:08:18:053 49594 50286 1
17-07-2017-16:08:18:054 50286 50978 1
17-07-2017-16:08:18:055 50978 51670 1
17-07-2017-16:08:18:055 51670 52362 1
17-07-2017-16:08:18:055 52362 53054 1
17-07-2017-16:08:18:055 53054 53746 1
17-07-2017-16:08:18:055 53746 54438 1
17-07-2017-16:08:18:055 54438 55130 1
17-07-2017-16:08:18:055 55130 55822 1
17-07-2017-16:08:18:071 55822 56514 1
17-07-2017-16:08:18:104 56514 57206 1
17-07-2017-16:08:18:154 57206 57898 1
17-07-2017-16:08:18:197 57898 58590 1
17-07-2017-16:08:18:233 58590 59282 1
17-07-2017-16:08:18:279 59282 59974 1
17-07-2017-16:08:18:327 59974 60666 1
17-07-2017-16:08:18:361 60666 61358 1
17-07-2017-16:08:18:407 61358 62050 1
17-07-2017-16:08:18:454 62050 62742 1
17-07-2017-16:08:18:501 62742 63434 1
17-07-2017-16:08:18:537 63434 64126 1
17-07-2017-16:08:18:583 64126 64818 1
17-07-2017-16:08:18:623 64818 65510 1
17-07-2017-16:08:18:675 65510 66202 1
17-07-2017-16:08:18:708 66202 66894 1
17-07-2017-16:08:18:756 66894 67586 1
17-07-2017-16:08:18:802 67586 68278 1
17-07-2017-16:08:18:838 68278 68970 1
17-07-2017-16:08:18:884 68970 69662 1
17-07-2017-16:08:18:930 69662 70354 1
17-07-2017-16:08:18:976 70354 71046 1
17-07-2017-16:08:19:012 71046 71738 1
17-07-2017-16:08:19:059 71738 72430 1
17-07-2017-16:08:19:106 72430 73122 1
17-07-2017-16:08:19:148 73122 73814 1
17-07-2017-16:08:19:186 73814 74506 1
17-07-2017-16:08:19:234 74506 75198 1
17-07-2017-16:08:19:280 75198 75890 1
17-07-2017-16:08:19:320 75890 76582 1
17-07-2017-16:08:19:361 76582 77274 1
17-07-2017-16:08:19:409 77274 77966 1
17-07-2017-16:08:19:443 77966 78658 1
17-07-2017-16:08:19:492 78658 79350 1
17-07-2017-16:08:19:536 79350 80042 1
17-07-2017-16:08:19:584 80042 80734 1
17-07-2017-16:08:19:617 80734 81426 1
17-07-2017-16:08:19:668 81426 82118 1
17-07-2017-16:08:19:707 82118 82810 1
17-07-2017-16:08:19:752 82810 83502 1
17-07-2017-16:08:19:797 83502 84194 1
17-07-2017-16:08:19:833 84194 84886 1
17-07-2017-16:08:19:876 84886 85578 1
17-07-2017-16:08:19:925 85578 86270 1
17-07-2017-16:08:19:971 86270 86962 1
17-07-2017-16:08:20:012 86962 87654 1
17-07-2017-16:08:20:047 87654 88346 1
17-07-2017-16:08:20:097 88346 89038 1
17-07-2017-16:08:20:145 89038 89730 1
17-07-2017-16:08:20:180 89730 90422 1
17-07-2017-16:08:20:228 90422 91114 1
17-07-2017-16:08:20:274 91114 91806 1
17-07-2017-16:08:20:308 91806 92498 1
17-07-2017-16:08:20:356 92498 93190 1
17-07-2017-16:08:20:405 93190 93882 1
17-07-2017-16:08:20:443 93882 94574 1
17-07-2017-16:08:20:491 94574 95266 1
17-07-2017-16:08:20:525 95266 95958 1
17-07-2017-16:08:20:571 95958 96650 1
17-07-2017-16:08:20:619 96650 97342 1
17-07-2017-16:08:20:655 97342 98034 1
17-07-2017-16:08:20:701 98034 98726 1
17-07-2017-16:08:20:747 98726 99418 1
17-07-2017-16:08:20:789 99418 100110 1
17-07-2017-16:08:21:239 100110 100802 1
17-07-2017-16:08:21:240 100802 101494 1
17-07-2017-16:08:21:240 101494 102186 1
17-07-2017-16:08:21:240 102186 102878 1
17-07-2017-16:08:21:241 102878 103570 1
17-07-2017-16:08:21:243 103570 104262 1
17-07-2017-16:08:21:243 104262 104954 1
17-07-2017-16:08:21:243 104954 105646 1
17-07-2017-16:08:21:243 105646 106338 1
17-07-2017-16:08:21:243 106338 107030 1
17-07-2017-16:08:21:272 107030 107722 1
17-07-2017-16:08:21:304 107722 108414 1
17-07-2017-16:08:21:350 108414 109106 1
17-07-2017-16:08:21:396 109106 109798 1
17-07-2017-16:08:21:444 109798 110490 1
17-07-2017-16:08:21:485 110490 111182 1
17-07-2017-16:08:21:527 111182 111874 1
17-07-2017-16:08:21:573 111874 112566 1
17-07-2017-16:08:21:615 112566 113258 1
17-07-2017-16:08:21:659 113258 113950 1
17-07-2017-16:08:21:692 113950 114642 1
17-07-2017-16:08:21:739 114642 115334 1
17-07-2017-16:08:21:786 115334 116026 1
17-07-2017-16:08:21:820 116026 116718 1
17-07-2017-16:08:21:867 116718 117410 1
17-07-2017-16:08:21:914 117410 118102 1
17-07-2017-16:08:21:961 118102 118794 1
17-07-2017-16:08:22:001 118794 119486 1
17-07-2017-16:08:22:043 119486 120178 1
17-07-2017-16:08:22:089 120178 120870 1
17-07-2017-16:08:22:125 120870 121562 1
17-07-2017-16:08:22:171 121562 122254 1
17-07-2017-16:08:22:218 122254 122946 1
17-07-2017-16:08:22:264 122946 123638 1
17-07-2017-16:08:22:298 123638 124330 1
17-07-2017-16:08:22:345 124330 125022 1
17-07-2017-16:08:22:392 125022 125714 1
17-07-2017-16:08:22:428 125714 126406 1
17-07-2017-16:08:22:475 126406 127098 1
17-07-2017-16:08:22:521 127098 127790 1
17-07-2017-16:08:22:569 127790 128482 1
17-07-2017-16:08:22:603 128482 129174 1
17-07-2017-16:08:22:650 129174 129866 1
17-07-2017-16:08:22:697 129866 130558 1
17-07-2017-16:08:22:732 130558 131250 1
17-07-2017-16:08:22:783 131250 131942 1
17-07-2017-16:08:22:827 131942 132634 1
17-07-2017-16:08:22:863 132634 133326 1
17-07-2017-16:08:22:908 133326 134018 1
17-07-2017-16:08:22:949 134018 134710 1
17-07-2017-16:08:22:995 134710 135402 1
17-07-2017-16:08:23:043 135402 136094 1
17-07-2017-16:08:23:077 136094 136786 1
17-07-2017-16:08:23:125 136786 137478 1
17-07-2017-16:08:23:170 137478 138170 1
17-07-2017-16:08:23:208 138170 138862 1
17-07-2017-16:08:23:254 138862 139554 1
17-07-2017-16:08:23:300 139554 140246 1
17-07-2017-16:08:23:335 140246 140938 1
17-07-2017-16:08:23:383 140938 141630 1
17-07-2017-16:08:23:428 141630 142322 1
17-07-2017-16:08:23:475 142322 143014 1
17-07-2017-16:08:23:511 143014 143706 1
17-07-2017-16:08:23:557 143706 144398 1
17-07-2017-16:08:23:603 144398 145090 1
17-07-2017-16:08:23:638 145090 145782 1
17-07-2017-16:08:23:686 145782 146474 1
17-07-2017-16:08:23:733 146474 147166 1
17-07-2017-16:08:23:779 147166 147858 1
17-07-2017-16:08:23:815 147858 148550 1
17-07-2017-16:08:23:862 148550 149242 1
17-07-2017-16:08:23:907 149242 149934 1
17-07-2017-16:08:23:942 149934 150626 1
17-07-2017-16:08:24:359 150626 151318 1
17-07-2017-16:08:24:361 151318 152010 1
17-07-2017-16:08:24:361 152010 152702 1
17-07-2017-16:08:24:361 152702 153394 1
17-07-2017-16:08:24:361 153394 154086 1
17-07-2017-16:08:24:361 154086 154778 1
17-07-2017-16:08:24:361 154778 155470 1
17-07-2017-16:08:24:361 155470 156162 1
17-07-2017-16:08:24:361 156162 156854 1
17-07-2017-16:08:24:373 156854 157546 1
17-07-2017-16:08:24:419 157546 158238 1
17-07-2017-16:08:24:467 158238 158930 1
17-07-2017-16:08:24:513 158930 159622 1
17-07-2017-16:08:24:551 159622 160314 1
17-07-2017-16:08:24:601 160314 161006 1
17-07-2017-16:08:24:636 161006 161698 1
17-07-2017-16:08:24:681 161698 162390 1
17-07-2017-16:08:24:730 162390 163082 1
17-07-2017-16:08:24:763 163082 163774 1
17-07-2017-16:08:24:811 163774 164466 1
17-07-2017-16:08:24:857 164466 165158 1
17-07-2017-16:08:24:892 165158 165850 1
17-07-2017-16:08:24:945 165850 166480 1
17-07-2017-16:08:24:972 166480 167110 1
17-07-2017-16:08:25:018 167110 167740 1
17-07-2017-16:08:25:053 167740 168370 1
17-07-2017-16:08:25:099 168370 169000 1
17-07-2017-16:08:25:134 169000 169630 1
17-07-2017-16:08:25:169 169630 170260 1
17-07-2017-16:08:25:216 170260 170890 1
17-07-2017-16:08:25:252 170890 171520 1
17-07-2017-16:08:25:286 171520 172150 1
17-07-2017-16:08:25:333 172150 172780 1
17-07-2017-16:08:25:367 172780 173410 1
17-07-2017-16:08:25:415 173410 174040 1
17-07-2017-16:08:25:449 174040 174670 1
17-07-2017-16:08:25:485 174670 175300 1
17-07-2017-16:08:25:531 175300 175930 1
17-07-2017-16:08:25:566 175930 176560 1
17-07-2017-16:08:25:600 176560 177190 1
17-07-2017-16:08:25:648 177190 177820 1
17-07-2017-16:08:25:682 177820 178450 1
17-07-2017-16:08:25:730 178450 179080 1
17-07-2017-16:08:25:764 179080 179710 1
17-07-2017-16:08:25:807 179710 180340 1
17-07-2017-16:08:25:841 180340 180970 1
17-07-2017-16:08:25:878 180970 181600 1
17-07-2017-16:08:25:924 181600 182230 1
17-07-2017-16:08:25:960 182230 182860 1
17-07-2017-16:08:26:006 182860 183490 1
17-07-2017-16:08:26:041 183490 184120 1
17-07-2017-16:08:26:076 184120 184750 1
17-07-2017-16:08:26:122 184750 185380 1
17-07-2017-16:08:26:158 185380 186010 1
17-07-2017-16:08:26:192 186010 186640 1
17-07-2017-16:08:26:238 186640 187270 1
17-07-2017-16:08:26:273 187270 187900 1
17-07-2017-16:08:26:319 187900 188530 1
17-07-2017-16:08:26:355 188530 189160 1
17-07-2017-16:08:26:389 189160 189790 1
17-07-2017-16:08:26:436 189790 190420 1
17-07-2017-16:08:26:471 190420 191050 1
17-07-2017-16:08:26:507 191050 191680 1
17-07-2017-16:08:26:554 191680 192310 1
17-07-2017-16:08:26:593 192310 192940 1
17-07-2017-16:08:26:628 192940 193570 1
17-07-2017-16:08:26:673 193570 194200 1
17-07-2017-16:08:26:710 194200 194830 1
17-07-2017-16:08:26:745 194830 195460 1
17-07-2017-16:08:26:791 195460 196090 1
17-07-2017-16:08:26:825 196090 196720 1
17-07-2017-16:08:26:872 196720 197350 1
17-07-2017-16:08:26:906 197350 197980 1
17-07-2017-16:08:26:941 197980 198610 1
17-07-2017-16:08:26:989 198610 199240 1
17-07-2017-16:08:27:025 199240 199870 1
17-07-2017-16:08:27:058 199870 200500 1
17-07-2017-16:08:27:106 200500 201130 1
17-07-2017-16:08:27:379 201130 201760 1
17-07-2017-16:08:27:380 201760 202390 1
17-07-2017-16:08:27:380 202390 203020 1
17-07-2017-16:08:27:380 203020 203650 1
17-07-2017-16:08:27:381 203650 204280 1
17-07-2017-16:08:27:381 204280 204910 1
17-07-2017-16:08:27:381 204910 205540 1
17-07-2017-16:08:27:424 205540 206170 1
17-07-2017-16:08:27:478 206170 206800 1
17-07-2017-16:08:27:502 206800 207430 1
17-07-2017-16:08:27:538 207430 208060 1
17-07-2017-16:08:27:572 208060 208690 1
17-07-2017-16:08:27:617 208690 209320 1
17-07-2017-16:08:27:653 209320 209950 1
17-07-2017-16:08:27:688 209950 210580 1
17-07-2017-16:08:27:736 210580 211210 1
17-07-2017-16:08:27:771 211210 211840 1
17-07-2017-16:08:27:817 211840 212470 1
17-07-2017-16:08:27:852 212470 213100 1
17-07-2017-16:08:27:887 213100 213730 1
17-07-2017-16:08:27:934 213730 214360 1
17-07-2017-16:08:27:968 214360 214990 1
17-07-2017-16:08:28:003 214990 215620 1
17-07-2017-16:08:28:051 215620 216250 1
17-07-2017-16:08:28:086 216250 216880 1
17-07-2017-16:08:28:132 216880 217510 1
17-07-2017-16:08:28:166 217510 218140 1
17-07-2017-16:08:28:201 218140 218770 1
17-07-2017-16:08:28:248 218770 219400 1
17-07-2017-16:08:28:280 219400 220030 1
17-07-2017-16:08:28:326 220030 220660 1
17-07-2017-16:08:28:362 220660 221290 1
17-07-2017-16:08:28:398 221290 221920 1
17-07-2017-16:08:28:444 221920 222550 1
17-07-2017-16:08:28:479 222550 223180 1
17-07-2017-16:08:28:526 223180 223810 1
17-07-2017-16:08:28:560 223810 224440 1
17-07-2017-16:08:28:594 224440 225070 1
17-07-2017-16:08:28:641 225070 225700 1
17-07-2017-16:08:28:677 225700 226330 1
17-07-2017-16:08:28:712 226330 226960 1
17-07-2017-16:08:28:759 226960 227590 1
17-07-2017-16:08:28:793 227590 228220 1
17-07-2017-16:08:28:839 228220 228850 1
17-07-2017-16:08:28:876 228850 229480 1
17-07-2017-16:08:28:909 229480 230110 1
17-07-2017-16:08:28:957 230110 230740 1
17-07-2017-16:08:28:996 230740 231370 1
17-07-2017-16:08:29:034 231370 232000 1
17-07-2017-16:08:29:069 232000 232630 1
17-07-2017-16:08:29:108 232630 233260 1
17-07-2017-16:08:29:156 233260 233890 1
17-07-2017-16:08:29:190 233890 234520 1
17-07-2017-16:08:29:223 234520 235150 1
17-07-2017-16:08:29:271 235150 235780 1
17-07-2017-16:08:29:306 235780 236410 1
17-07-2017-16:08:29:351 236410 237040 1
17-07-2017-16:08:29:386 237040 237670 1
17-07-2017-16:08:29:422 237670 238300 1
17-07-2017-16:08:29:468 238300 238930 1
17-07-2017-16:08:29:504 238930 239560 1
17-07-2017-16:08:29:540 239560 240190 1
17-07-2017-16:08:29:585 240190 240820 1
17-07-2017-16:08:29:621 240820 241450 1
17-07-2017-16:08:29:667 241450 242080 1
17-07-2017-16:08:29:702 242080 242710 1
17-07-2017-16:08:29:737 242710 243340 1
17-07-2017-16:08:29:783 243340 243970 1
17-07-2017-16:08:29:819 243970 244600 1
17-07-2017-16:08:29:853 244600 245230 1
17-07-2017-16:08:29:901 245230 245860 1
17-07-2017-16:08:29:935 245860 246490 1
17-07-2017-16:08:29:981 246490 247120 1
17-07-2017-16:08:30:016 247120 247750 1
17-07-2017-16:08:30:059 247750 248380 1
17-07-2017-16:08:30:101 248380 249010 1
17-07-2017-16:08:30:136 249010 249640 1
17-07-2017-16:08:30:171 249640 250270 1
17-07-2017-16:08:30:217 250270 250900 1
17-07-2017-16:08:30:252 250900 251530 1
17-07-2017-16:08:30:743 251530 252160 1
17-07-2017-16:08:30:745 252160 252790 1
17-07-2017-16:08:30:745 252790 253420 1
17-07-2017-16:08:30:745 253420 254050 1
17-07-2017-16:08:30:745 254050 254680 1
17-07-2017-16:08:30:745 254680 255310 1
17-07-2017-16:08:30:745 255310 255940 1
17-07-2017-16:08:30:745 255940 256570 1
17-07-2017-16:08:30:745 256570 257200 1
17-07-2017-16:08:30:745 257200 257830 1
17-07-2017-16:08:30:745 257830 258460 1
17-07-2017-16:08:30:745 258460 259090 1
17-07-2017-16:08:30:764 259090 259720 1
17-07-2017-16:08:30:800 259720 260350 1
17-07-2017-16:08:30:845 260350 260980 1
17-07-2017-16:08:30:891 260980 261610 1
17-07-2017-16:08:30:926 261610 262240 1
17-07-2017-16:08:30:962 262240 262870 1
17-07-2017-16:08:31:007 262870 263500 1
17-07-2017-16:08:31:045 263500 264130 1
17-07-2017-16:08:31:081 264130 264760 1
17-07-2017-16:08:31:115 264760 265390 1
17-07-2017-16:08:31:162 265390 266020 1
17-07-2017-16:08:31:197 266020 266650 1
17-07-2017-16:08:31:232 266650 267280 1
17-07-2017-16:08:31:278 267280 267910 1
17-07-2017-16:08:31:314 267910 268540 1
17-07-2017-16:08:31:361 268540 269170 1
17-07-2017-16:08:31:396 269170 269800 1
17-07-2017-16:08:31:438 269800 270430 1
17-07-2017-16:08:31:472 270430 271060 1
17-07-2017-16:08:31:517 271060 271690 1
17-07-2017-16:08:31:554 271690 272320 1
17-07-2017-16:08:31:588 272320 272950 1
17-07-2017-16:08:31:634 272950 273580 1
17-07-2017-16:08:31:669 273580 274210 1
17-07-2017-16:08:31:705 274210 274840 1
17-07-2017-16:08:31:751 274840 275470 1
17-07-2017-16:08:31:787 275470 276100 1
17-07-2017-16:08:31:833 276100 276730 1
17-07-2017-16:08:31:867 276730 277360 1
17-07-2017-16:08:31:904 277360 277990 1
17-07-2017-16:08:31:949 277990 278620 1
17-07-2017-16:08:31:985 278620 279250 1
17-07-2017-16:08:32:019 279250 279880 1
17-07-2017-16:08:32:067 279880 280510 1
17-07-2017-16:08:32:100 280510 281140 1
17-07-2017-16:08:32:148 281140 281770 1
17-07-2017-16:08:32:185 281770 282400 1
17-07-2017-16:08:32:218 282400 283030 1
17-07-2017-16:08:32:264 283030 283660 1
17-07-2017-16:08:32:299 283660 284290 1
17-07-2017-16:08:32:335 284290 284920 1
17-07-2017-16:08:32:380 284920 285550 1
17-07-2017-16:08:32:416 285550 286180 1
17-07-2017-16:08:32:462 286180 286810 1
17-07-2017-16:08:32:498 286810 287440 1
17-07-2017-16:08:32:533 287440 288070 1
17-07-2017-16:08:32:578 288070 288700 1
17-07-2017-16:08:32:614 288700 289330 1
17-07-2017-16:08:32:650 289330 289960 1
17-07-2017-16:08:32:700 289960 290590 1
17-07-2017-16:08:32:735 290590 291220 1
17-07-2017-16:08:32:771 291220 291850 1
17-07-2017-16:08:32:817 291850 292480 1
17-07-2017-16:08:32:852 292480 293110 1
17-07-2017-16:08:32:888 293110 293740 1
17-07-2017-16:08:32:933 293740 294370 1
17-07-2017-16:08:32:968 294370 295000 1
17-07-2017-16:08:33:003 295000 295630 1
17-07-2017-16:08:33:049 295630 296260 1
17-07-2017-16:08:33:085 296260 296890 1
17-07-2017-16:08:33:132 296890 297520 1
17-07-2017-16:08:33:165 297520 298150 1
17-07-2017-16:08:33:211 298150 298780 1
17-07-2017-16:08:33:244 298780 299410 1
17-07-2017-16:08:33:280 299410 300040 1
17-07-2017-16:08:33:327 300040 300670 1
17-07-2017-16:08:33:361 300670 301300 1
17-07-2017-16:08:33:396 301300 301930 1
17-07-2017-16:08:33:801 301930 302560 1
17-07-2017-16:08:33:802 302560 303190 1
17-07-2017-16:08:33:802 303190 303820 1
17-07-2017-16:08:33:803 303820 304450 1
17-07-2017-16:08:33:803 304450 305080 1
17-07-2017-16:08:33:803 305080 305710 1
17-07-2017-16:08:33:803 305710 306340 1
17-07-2017-16:08:33:803 306340 306970 1
17-07-2017-16:08:33:803 306970 307600 1
17-07-2017-16:08:33:803 307600 308230 1
17-07-2017-16:08:33:840 308230 308860 1
17-07-2017-16:08:33:874 308860 309490 1
17-07-2017-16:08:33:909 309490 310120 1
17-07-2017-16:08:33:978 310120 310750 1
17-07-2017-16:08:33:992 310750 311380 1
17-07-2017-16:08:34:030 311380 312010 1
17-07-2017-16:08:34:073 312010 312640 1
17-07-2017-16:08:34:119 312640 313270 1
17-07-2017-16:08:34:148 313270 313900 1
17-07-2017-16:08:34:194 313900 314530 1
17-07-2017-16:08:34:229 314530 315160 1
17-07-2017-16:08:34:264 315160 315790 1
17-07-2017-16:08:34:309 315790 316420 1
17-07-2017-16:08:34:345 316420 317050 1
17-07-2017-16:08:34:392 317050 317680 1
17-07-2017-16:08:34:426 317680 318310 1
17-07-2017-16:08:34:462 318310 318940 1
17-07-2017-16:08:34:508 318940 319570 1
17-07-2017-16:08:34:543 319570 320200 1
17-07-2017-16:08:34:578 320200 320830 1
17-07-2017-16:08:34:626 320830 321460 1
17-07-2017-16:08:34:661 321460 322090 1
17-07-2017-16:08:34:708 322090 322720 1
17-07-2017-16:08:34:743 322720 323350 1
17-07-2017-16:08:34:777 323350 323980 1
17-07-2017-16:08:34:823 323980 324610 1
17-07-2017-16:08:34:858 324610 325240 1
17-07-2017-16:08:34:893 325240 325870 1
17-07-2017-16:08:34:939 325870 326500 1
17-07-2017-16:08:34:976 326500 327130 1
17-07-2017-16:08:35:021 327130 327760 1
17-07-2017-16:08:35:055 327760 328390 1
17-07-2017-16:08:35:091 328390 329020 1
17-07-2017-16:08:35:137 329020 329650 1
17-07-2017-16:08:35:173 329650 330280 1
17-07-2017-16:08:35:208 330280 330910 1
17-07-2017-16:08:35:258 330910 331540 1
17-07-2017-16:08:35:299 331540 332170 1
17-07-2017-16:08:35:332 332170 332800 1
17-07-2017-16:08:35:367 332800 333430 1
17-07-2017-16:08:35:415 333430 334060 1
17-07-2017-16:08:35:448 334060 334690 1
17-07-2017-16:08:35:484 334690 335320 1
17-07-2017-16:08:35:531 335320 335950 1
17-07-2017-16:08:35:567 335950 336580 1
17-07-2017-16:08:35:613 336580 337210 1
17-07-2017-16:08:35:647 337210 337840 1
17-07-2017-16:08:35:683 337840 338470 1
17-07-2017-16:08:35:729 338470 339100 1
17-07-2017-16:08:35:765 339100 339730 1
17-07-2017-16:08:35:798 339730 340360 1
17-07-2017-16:08:35:846 340360 340990 1
17-07-2017-16:08:35:881 340990 341620 1
17-07-2017-16:08:35:928 341620 342250 1
17-07-2017-16:08:35:962 342250 342880 1
17-07-2017-16:08:35:997 342880 343510 1
17-07-2017-16:08:36:045 343510 344140 1
17-07-2017-16:08:36:079 344140 344770 1
17-07-2017-16:08:36:114 344770 345400 1
17-07-2017-16:08:36:163 345400 346030 1
17-07-2017-16:08:36:195 346030 346660 1
17-07-2017-16:08:36:240 346660 347290 1
17-07-2017-16:08:36:274 347290 347920 1
17-07-2017-16:08:36:322 347920 348550 1
17-07-2017-16:08:36:355 348550 349180 1
17-07-2017-16:08:36:391 349180 349810 1
17-07-2017-16:08:36:438 349810 350440 1
17-07-2017-16:08:36:472 350440 351070 1
17-07-2017-16:08:36:507 351070 351700 1
17-07-2017-16:08:36:555 351700 352330 1
17-07-2017-16:08:37:081 352330 352960 1
17-07-2017-16:08:37:082 352960 353590 1
17-07-2017-16:08:37:083 353590 354220 1
17-07-2017-16:08:37:083 354220 354850 1
17-07-2017-16:08:37:083 354850 355480 1
17-07-2017-16:08:37:083 355480 356110 1
17-07-2017-16:08:37:083 356110 356740 1
17-07-2017-16:08:37:083 356740 357370 1
17-07-2017-16:08:37:083 357370 358000 1
17-07-2017-16:08:37:083 358000 358630 1
17-07-2017-16:08:37:083 358630 359260 1
17-07-2017-16:08:37:083 359260 359890 1
17-07-2017-16:08:37:083 359890 360520 1
17-07-2017-16:08:37:103 360520 361150 1
17-07-2017-16:08:37:137 361150 361780 1
17-07-2017-16:08:37:184 361780 362410 1
17-07-2017-16:08:37:220 362410 363040 1
17-07-2017-16:08:37:267 363040 363670 1
17-07-2017-16:08:37:300 363670 364300 1
17-07-2017-16:08:37:336 364300 364930 1
17-07-2017-16:08:37:383 364930 365560 1
17-07-2017-16:08:37:418 365560 366190 1
17-07-2017-16:08:37:452 366190 366820 1
17-07-2017-16:08:37:500 366820 367450 1
17-07-2017-16:08:37:534 367450 368080 1
17-07-2017-16:08:37:580 368080 368710 1
17-07-2017-16:08:37:616 368710 369340 1
17-07-2017-16:08:37:650 369340 369970 1
17-07-2017-16:08:37:697 369970 370600 1
17-07-2017-16:08:37:733 370600 371230 1
17-07-2017-16:08:37:767 371230 371860 1
17-07-2017-16:08:37:814 371860 372490 1
17-07-2017-16:08:37:849 372490 373120 1
17-07-2017-16:08:37:895 373120 373750 1
17-07-2017-16:08:37:930 373750 374380 1
17-07-2017-16:08:37:965 374380 375010 1
17-07-2017-16:08:38:012 375010 375640 1
17-07-2017-16:08:38:048 375640 376270 1
17-07-2017-16:08:38:082 376270 376900 1
17-07-2017-16:08:38:122 376900 377530 1
17-07-2017-16:08:38:168 377530 378160 1
17-07-2017-16:08:38:204 378160 378790 1
17-07-2017-16:08:38:250 378790 379420 1
17-07-2017-16:08:38:285 379420 380050 1
17-07-2017-16:08:38:319 380050 380680 1
17-07-2017-16:08:38:367 380680 381310 1
17-07-2017-16:08:38:402 381310 381940 1
17-07-2017-16:08:38:436 381940 382570 1
17-07-2017-16:08:38:484 382570 383200 1
17-07-2017-16:08:38:524 383200 383830 1
17-07-2017-16:08:38:562 383830 384460 1
17-07-2017-16:08:38:597 384460 385090 1
17-07-2017-16:08:38:644 385090 385720 1
17-07-2017-16:08:38:680 385720 386350 1
17-07-2017-16:08:38:713 386350 386980 1
17-07-2017-16:08:38:765 386980 387610 1
17-07-2017-16:08:38:796 387610 388240 1
17-07-2017-16:08:38:843 388240 388870 1
17-07-2017-16:08:38:877 388870 389500 1
17-07-2017-16:08:38:912 389500 390130 1
17-07-2017-16:08:38:958 390130 390760 1
17-07-2017-16:08:38:997 390760 391390 1
17-07-2017-16:08:39:029 391390 392020 1
17-07-2017-16:08:39:075 392020 392650 1
17-07-2017-16:08:39:111 392650 393280 1
17-07-2017-16:08:39:163 393280 393910 1
17-07-2017-16:08:39:191 393910 394540 1
17-07-2017-16:08:39:227 394540 395170 1
17-07-2017-16:08:39:272 395170 395800 1
17-07-2017-16:08:39:308 395800 396430 1
17-07-2017-16:08:39:346 396430 397060 1
17-07-2017-16:08:39:391 397060 397690 1
17-07-2017-16:08:39:426 397690 398320 1
17-07-2017-16:08:39:472 398320 398950 1
17-07-2017-16:08:39:513 398950 399580 1
17-07-2017-16:08:39:541 399580 400210 1
17-07-2017-16:08:39:589 400210 400840 1
17-07-2017-16:08:39:628 400840 401470 1
17-07-2017-16:08:39:672 401470 402100 1
17-07-2017-16:08:39:704 402100 402730 1
17-07-2017-16:08:40:094 402730 403360 1
17-07-2017-16:08:40:101 403360 403990 1
17-07-2017-16:08:40:101 403990 404620 1
17-07-2017-16:08:40:101 404620 405250 1
17-07-2017-16:08:40:104 405250 405880 1
17-07-2017-16:08:40:104 405880 406510 1
17-07-2017-16:08:40:104 406510 407140 1
17-07-2017-16:08:40:104 407140 407770 1
17-07-2017-16:08:40:104 407770 408400 1
17-07-2017-16:08:40:104 408400 409030 1
17-07-2017-16:08:40:135 409030 409660 1
17-07-2017-16:08:40:170 409660 410290 1
17-07-2017-16:08:40:216 410290 410920 1
17-07-2017-16:08:40:256 410920 411550 1
17-07-2017-16:08:40:296 411550 412180 1
17-07-2017-16:08:40:331 412180 412810 1
17-07-2017-16:08:40:365 412810 413440 1
17-07-2017-16:08:40:413 413440 414070 1
17-07-2017-16:08:40:448 414070 414700 1
17-07-2017-16:08:40:493 414700 415330 1
17-07-2017-16:08:40:530 415330 415960 1
17-07-2017-16:08:40:564 415960 416590 1
17-07-2017-16:08:40:611 416590 417220 1
17-07-2017-16:08:40:649 417220 417850 1
17-07-2017-16:08:40:686 417850 418480 1
17-07-2017-16:08:40:732 418480 419110 1
17-07-2017-16:08:40:766 419110 419740 1
17-07-2017-16:08:40:802 419740 420370 1
17-07-2017-16:08:40:848 420370 421000 1
17-07-2017-16:08:40:892 421000 421630 1
17-07-2017-16:08:40:918 421630 422260 1
17-07-2017-16:08:40:964 422260 422890 1
17-07-2017-16:08:41:004 422890 423520 1
17-07-2017-16:08:41:040 423520 424150 1
17-07-2017-16:08:41:075 424150 424780 1
17-07-2017-16:08:41:121 424780 425410 1
17-07-2017-16:08:41:160 425410 426040 1
17-07-2017-16:08:41:203 426040 426670 1
17-07-2017-16:08:41:238 426670 427300 1
17-07-2017-16:08:41:274 427300 427930 1
17-07-2017-16:08:41:313 427930 428560 1
17-07-2017-16:08:41:359 428560 429190 1
17-07-2017-16:08:41:394 429190 429820 1
17-07-2017-16:08:41:431 429820 430450 1
17-07-2017-16:08:41:477 430450 431080 1
17-07-2017-16:08:41:511 431080 431710 1
17-07-2017-16:08:41:558 431710 432340 1
17-07-2017-16:08:41:596 432340 432970 1
17-07-2017-16:08:41:631 432970 433600 1
17-07-2017-16:08:41:667 433600 434230 1
17-07-2017-16:08:41:712 434230 434860 1
17-07-2017-16:08:41:748 434860 435490 1
17-07-2017-16:08:41:784 435490 436120 1
17-07-2017-16:08:41:830 436120 436750 1
17-07-2017-16:08:41:866 436750 437380 1
17-07-2017-16:08:41:913 437380 438010 1
17-07-2017-16:08:41:952 438010 438640 1
17-07-2017-16:08:41:983 438640 439270 1
17-07-2017-16:08:42:029 439270 439900 1
17-07-2017-16:08:42:064 439900 440530 1
17-07-2017-16:08:42:104 440530 441160 1
17-07-2017-16:08:42:152 441160 441790 1
17-07-2017-16:08:42:181 441790 442420 1
17-07-2017-16:08:42:234 442420 443050 1
17-07-2017-16:08:42:260 443050 443680 1
17-07-2017-16:08:42:296 443680 444310 1
17-07-2017-16:08:42:344 444310 444940 1
17-07-2017-16:08:42:380 444940 445570 1
17-07-2017-16:08:42:413 445570 446200 1
17-07-2017-16:08:42:461 446200 446830 1
17-07-2017-16:08:42:499 446830 447460 1
17-07-2017-16:08:42:539 447460 448090 1
17-07-2017-16:08:42:573 448090 448720 1
17-07-2017-16:08:42:614 448720 449350 1
17-07-2017-16:08:42:658 449350 449980 1
17-07-2017-16:08:42:694 449980 450610 1
17-07-2017-16:08:42:730 450610 451240 1
17-07-2017-16:08:42:781 451240 451870 1
17-07-2017-16:08:42:817 451870 452500 1
17-07-2017-16:08:42:857 452500 453130 1
17-07-2017-16:08:42:896 453130 453760 1
17-07-2017-16:08:44:673 453760 454390 1
17-07-2017-16:08:44:678 454390 455020 1
17-07-2017-16:08:44:679 455020 455650 1
17-07-2017-16:08:44:679 455650 456280 1
17-07-2017-16:08:44:679 456280 456910 1
17-07-2017-16:08:44:679 456910 457540 1
17-07-2017-16:08:44:679 457540 458170 1
17-07-2017-16:08:44:679 458170 458800 1
17-07-2017-16:08:44:679 458800 459430 1
17-07-2017-16:08:44:680 459430 460060 1
17-07-2017-16:08:44:680 460060 460690 1
17-07-2017-16:08:44:680 460690 461320 1
17-07-2017-16:08:44:680 461320 461950 1
17-07-2017-16:08:44:680 461950 462580 1
17-07-2017-16:08:44:680 462580 463210 1
17-07-2017-16:08:44:680 463210 463840 1
17-07-2017-16:08:44:680 463840 464470 1
17-07-2017-16:08:44:680 464470 465100 1
17-07-2017-16:08:44:707 465100 465730 1
17-07-2017-16:08:44:707 465730 466360 1
17-07-2017-16:08:44:707 466360 466990 1
17-07-2017-16:08:44:707 466990 467620 1
17-07-2017-16:08:44:707 467620 468250 1
17-07-2017-16:08:44:707 468250 468880 1
17-07-2017-16:08:44:707 468880 469510 1
17-07-2017-16:08:44:716 469510 470140 1
17-07-2017-16:08:44:716 470140 470770 1
17-07-2017-16:08:44:716 470770 471400 1
17-07-2017-16:08:44:748 471400 472030 1
17-07-2017-16:08:44:795 472030 472660 1
17-07-2017-16:08:44:830 472660 473290 1
17-07-2017-16:08:44:865 473290 473920 1
17-07-2017-16:08:44:907 473920 474550 1
17-07-2017-16:08:44:960 474550 475180 1
17-07-2017-16:08:45:050 475180 475810 1
17-07-2017-16:08:45:051 475810 476440 1
17-07-2017-16:08:45:078 476440 477070 1
17-07-2017-16:08:45:104 477070 477700 1
17-07-2017-16:08:45:151 477700 478330 1
17-07-2017-16:08:45:213 478330 478960 1
17-07-2017-16:08:45:234 478960 479590 1
17-07-2017-16:08:45:267 479590 480220 1
17-07-2017-16:08:45:302 480220 480850 1
17-07-2017-16:08:45:338 480850 481480 1
17-07-2017-16:08:45:385 481480 482110 1
17-07-2017-16:08:45:417 482110 482740 1
17-07-2017-16:08:45:463 482740 483370 1
17-07-2017-16:08:45:506 483370 484000 1
17-07-2017-16:08:45:543 484000 484630 1
