17-07-2017-14:12:05:787 0 800 1
17-07-2017-14:12:05:839 800 1574 1
17-07-2017-14:12:05:891 1574 2320 1
17-07-2017-14:12:05:931 2320 3066 1
17-07-2017-14:12:05:976 3066 3812 1
17-07-2017-14:12:06:024 3812 4558 1
17-07-2017-14:12:06:074 4558 5304 1
17-07-2017-14:12:06:113 5304 6050 1
17-07-2017-14:12:06:161 6050 6796 1
17-07-2017-14:12:06:206 6796 7542 1
17-07-2017-14:12:06:258 7542 8288 1
17-07-2017-14:12:06:304 8288 9034 1
17-07-2017-14:12:06:352 9034 9780 1
17-07-2017-14:12:06:404 9780 10507 1
17-07-2017-14:12:06:443 10507 11234 1
17-07-2017-14:12:06:491 11234 11961 1
17-07-2017-14:12:06:541 11961 12688 1
17-07-2017-14:12:06:576 12688 13415 1
17-07-2017-14:12:06:622 13415 14142 1
17-07-2017-14:12:06:674 14142 14869 1
17-07-2017-14:12:06:721 14869 15596 1
17-07-2017-14:12:06:757 15596 16323 1
17-07-2017-14:12:06:807 16323 17050 1
17-07-2017-14:12:06:854 17050 17777 1
17-07-2017-14:12:06:902 17777 18504 1
17-07-2017-14:12:06:939 18504 19231 1
17-07-2017-14:12:06:987 19231 19958 1
17-07-2017-14:12:07:033 19958 20685 1
17-07-2017-14:12:07:081 20685 21412 1
17-07-2017-14:12:07:128 21412 22139 1
17-07-2017-14:12:07:167 22139 22866 1
17-07-2017-14:12:07:215 22866 23593 1
17-07-2017-14:12:07:260 23593 24320 1
17-07-2017-14:12:07:299 24320 25047 1
17-07-2017-14:12:07:347 25047 25774 1
17-07-2017-14:12:07:395 25774 26501 1
17-07-2017-14:12:07:440 26501 27228 1
17-07-2017-14:12:07:492 27228 27955 1
17-07-2017-14:12:07:539 27955 28682 1
17-07-2017-14:12:07:574 28682 29409 1
17-07-2017-14:12:07:622 29409 30136 1
17-07-2017-14:12:07:667 30136 30863 1
17-07-2017-14:12:07:713 30863 31590 1
17-07-2017-14:12:07:761 31590 32317 1
17-07-2017-14:12:07:807 32317 33044 1
17-07-2017-14:12:07:854 33044 33771 1
17-07-2017-14:12:07:900 33771 34498 1
17-07-2017-14:12:07:948 34498 35225 1
17-07-2017-14:12:07:983 35225 35952 1
17-07-2017-14:12:08:028 35952 36679 1
17-07-2017-14:12:08:080 36679 37406 1
17-07-2017-14:12:08:128 37406 38133 1
17-07-2017-14:12:08:168 38133 38860 1
17-07-2017-14:12:08:213 38860 39587 1
17-07-2017-14:12:08:261 39587 40314 1
17-07-2017-14:12:08:305 40314 41041 1
17-07-2017-14:12:08:353 41041 41768 1
17-07-2017-14:12:08:392 41768 42495 1
17-07-2017-14:12:08:438 42495 43222 1
17-07-2017-14:12:08:490 43222 43949 1
17-07-2017-14:12:08:537 43949 44676 1
17-07-2017-14:12:08:587 44676 45403 1
17-07-2017-14:12:08:623 45403 46130 1
17-07-2017-14:12:08:670 46130 46857 1
17-07-2017-14:12:08:717 46857 47584 1
17-07-2017-14:12:08:767 47584 48311 1
17-07-2017-14:12:08:803 48311 49038 1
17-07-2017-14:12:08:855 49038 49765 1
17-07-2017-14:12:09:055 49765 50492 1
17-07-2017-14:12:09:055 50492 51219 1
17-07-2017-14:12:09:056 51219 51946 1
17-07-2017-14:12:09:056 51946 52673 1
17-07-2017-14:12:09:081 52673 53400 1
17-07-2017-14:12:09:128 53400 54127 1
17-07-2017-14:12:09:163 54127 54854 1
17-07-2017-14:12:09:215 54854 55581 1
17-07-2017-14:12:09:267 55581 56308 1
17-07-2017-14:12:09:303 56308 57035 1
17-07-2017-14:12:09:348 57035 57762 1
17-07-2017-14:12:09:396 57762 58489 1
17-07-2017-14:12:09:442 58489 59216 1
17-07-2017-14:12:09:489 59216 59943 1
17-07-2017-14:12:09:535 59943 60670 1
17-07-2017-14:12:09:583 60670 61397 1
17-07-2017-14:12:09:628 61397 62124 1
17-07-2017-14:12:09:664 62124 62851 1
17-07-2017-14:12:09:716 62851 63578 1
17-07-2017-14:12:09:762 63578 64305 1
17-07-2017-14:12:09:799 64305 65032 1
17-07-2017-14:12:09:847 65032 65759 1
17-07-2017-14:12:09:898 65759 66486 1
17-07-2017-14:12:09:944 66486 67213 1
17-07-2017-14:12:09:996 67213 67940 1
17-07-2017-14:12:10:031 67940 68667 1
17-07-2017-14:12:10:079 68667 69394 1
17-07-2017-14:12:10:125 69394 70121 1
17-07-2017-14:12:10:172 70121 70848 1
17-07-2017-14:12:10:218 70848 71575 1
17-07-2017-14:12:10:266 71575 72302 1
17-07-2017-14:12:10:299 72302 73029 1
17-07-2017-14:12:10:347 73029 73756 1
17-07-2017-14:12:10:392 73756 74483 1
17-07-2017-14:12:10:440 74483 75210 1
17-07-2017-14:12:10:486 75210 75937 1
17-07-2017-14:12:10:533 75937 76664 1
17-07-2017-14:12:10:579 76664 77391 1
17-07-2017-14:12:10:627 77391 78118 1
17-07-2017-14:12:10:673 78118 78845 1
17-07-2017-14:12:10:708 78845 79572 1
17-07-2017-14:12:10:760 79572 80299 1
17-07-2017-14:12:10:806 80299 81026 1
17-07-2017-14:12:10:845 81026 81753 1
17-07-2017-14:12:10:893 81753 82480 1
17-07-2017-14:12:10:945 82480 83207 1
17-07-2017-14:12:10:992 83207 83934 1
17-07-2017-14:12:11:028 83934 84661 1
17-07-2017-14:12:11:073 84661 85388 1
17-07-2017-14:12:11:119 85388 86115 1
17-07-2017-14:12:11:167 86115 86842 1
17-07-2017-14:12:11:213 86842 87569 1
17-07-2017-14:12:11:265 87569 88296 1
17-07-2017-14:12:11:300 88296 89023 1
17-07-2017-14:12:11:346 89023 89750 1
17-07-2017-14:12:11:393 89750 90477 1
17-07-2017-14:12:11:439 90477 91204 1
17-07-2017-14:12:11:487 91204 91931 1
17-07-2017-14:12:11:527 91931 92658 1
17-07-2017-14:12:11:574 92658 93385 1
17-07-2017-14:12:11:624 93385 94112 1
17-07-2017-14:12:11:672 94112 94839 1
17-07-2017-14:12:11:711 94839 95566 1
17-07-2017-14:12:11:759 95566 96293 1
17-07-2017-14:12:11:809 96293 97020 1
17-07-2017-14:12:11:844 97020 97747 1
17-07-2017-14:12:11:892 97747 98474 1
17-07-2017-14:12:11:944 98474 99201 1
17-07-2017-14:12:11:990 99201 99928 1
17-07-2017-14:12:12:159 99928 100655 1
17-07-2017-14:12:12:160 100655 101382 1
17-07-2017-14:12:12:160 101382 102109 1
17-07-2017-14:12:12:162 102109 102836 1
17-07-2017-14:12:12:210 102836 103563 1
17-07-2017-14:12:12:255 103563 104290 1
17-07-2017-14:12:12:303 104290 105017 1
17-07-2017-14:12:12:349 105017 105744 1
17-07-2017-14:12:12:397 105744 106471 1
17-07-2017-14:12:12:437 106471 107198 1
17-07-2017-14:12:12:489 107198 107925 1
17-07-2017-14:12:12:535 107925 108652 1
17-07-2017-14:12:12:574 108652 109379 1
17-07-2017-14:12:12:621 109379 110106 1
17-07-2017-14:12:12:669 110106 110833 1
17-07-2017-14:12:12:709 110833 111560 1
17-07-2017-14:12:12:760 111560 112287 1
17-07-2017-14:12:12:806 112287 113014 1
17-07-2017-14:12:12:858 113014 113741 1
17-07-2017-14:12:12:893 113741 114468 1
17-07-2017-14:12:12:939 114468 115195 1
17-07-2017-14:12:12:991 115195 115922 1
17-07-2017-14:12:13:027 115922 116649 1
17-07-2017-14:12:13:078 116649 117376 1
17-07-2017-14:12:13:124 117376 118103 1
17-07-2017-14:12:13:172 118103 118830 1
17-07-2017-14:12:13:218 118830 119557 1
17-07-2017-14:12:13:257 119557 120284 1
17-07-2017-14:12:13:305 120284 121011 1
17-07-2017-14:12:13:353 121011 121738 1
17-07-2017-14:12:13:392 121738 122465 1
17-07-2017-14:12:13:438 122465 123192 1
17-07-2017-14:12:13:485 123192 123919 1
17-07-2017-14:12:13:532 123919 124646 1
17-07-2017-14:12:13:584 124646 125373 1
17-07-2017-14:12:13:618 125373 126100 1
17-07-2017-14:12:13:665 126100 126827 1
17-07-2017-14:12:13:712 126827 127554 1
17-07-2017-14:12:13:762 127554 128281 1
17-07-2017-14:12:13:801 128281 129008 1
17-07-2017-14:12:13:849 129008 129735 1
17-07-2017-14:12:13:889 129735 130462 1
17-07-2017-14:12:13:937 130462 131189 1
17-07-2017-14:12:13:982 131189 131916 1
17-07-2017-14:12:14:030 131916 132643 1
17-07-2017-14:12:14:076 132643 133370 1
17-07-2017-14:12:14:123 133370 134097 1
17-07-2017-14:12:14:171 134097 134824 1
17-07-2017-14:12:14:217 134824 135551 1
17-07-2017-14:12:14:256 135551 136278 1
17-07-2017-14:12:14:307 136278 137005 1
17-07-2017-14:12:14:353 137005 137732 1
17-07-2017-14:12:14:400 137732 138459 1
17-07-2017-14:12:14:434 138459 139186 1
17-07-2017-14:12:14:482 139186 139913 1
17-07-2017-14:12:14:534 139913 140640 1
17-07-2017-14:12:14:573 140640 141367 1
17-07-2017-14:12:14:619 141367 142094 1
17-07-2017-14:12:14:671 142094 142821 1
17-07-2017-14:12:14:719 142821 143548 1
17-07-2017-14:12:14:758 143548 144275 1
17-07-2017-14:12:14:806 144275 145002 1
17-07-2017-14:12:14:852 145002 145729 1
17-07-2017-14:12:14:897 145729 146456 1
17-07-2017-14:12:14:945 146456 147183 1
17-07-2017-14:12:14:980 147183 147910 1
17-07-2017-14:12:15:032 147910 148637 1
17-07-2017-14:12:15:078 148637 149364 1
17-07-2017-14:12:15:126 149364 150091 1
17-07-2017-14:12:15:309 150091 150818 1
17-07-2017-14:12:15:310 150818 151545 1
17-07-2017-14:12:15:310 151545 152272 1
17-07-2017-14:12:15:311 152272 152999 1
17-07-2017-14:12:15:344 152999 153726 1
17-07-2017-14:12:15:396 153726 154453 1
17-07-2017-14:12:15:443 154453 155180 1
17-07-2017-14:12:15:490 155180 155907 1
17-07-2017-14:12:15:529 155907 156634 1
17-07-2017-14:12:15:575 156634 157361 1
17-07-2017-14:12:15:614 157361 158088 1
17-07-2017-14:12:15:662 158088 158815 1
17-07-2017-14:12:15:708 158815 159542 1
17-07-2017-14:12:15:755 159542 160269 1
17-07-2017-14:12:15:807 160269 160996 1
17-07-2017-14:12:15:846 160996 161723 1
17-07-2017-14:12:15:894 161723 162450 1
17-07-2017-14:12:15:934 162450 163177 1
17-07-2017-14:12:15:981 163177 163904 1
17-07-2017-14:12:16:031 163904 164631 1
17-07-2017-14:12:16:079 164631 165358 1
17-07-2017-14:12:16:119 165358 166085 1
17-07-2017-14:12:16:166 166085 166812 1
17-07-2017-14:12:16:216 166812 167539 1
17-07-2017-14:12:16:254 167539 168266 1
17-07-2017-14:12:16:304 168266 168993 1
17-07-2017-14:12:16:351 168993 169720 1
17-07-2017-14:12:16:390 169720 170447 1
17-07-2017-14:12:16:438 170447 171174 1
17-07-2017-14:12:16:489 171174 171901 1
17-07-2017-14:12:16:535 171901 172628 1
17-07-2017-14:12:16:576 172628 173355 1
17-07-2017-14:12:16:622 173355 174082 1
17-07-2017-14:12:16:663 174082 174809 1
