17-07-2017-14:52:49:411 0 707 1
17-07-2017-14:52:49:453 707 1414 1
17-07-2017-14:52:49:501 1414 2121 1
17-07-2017-14:52:49:536 2121 2828 1
17-07-2017-14:52:49:588 2828 3535 1
17-07-2017-14:52:49:633 3535 4242 1
17-07-2017-14:52:49:673 4242 4949 1
17-07-2017-14:52:49:721 4949 5656 1
17-07-2017-14:52:49:760 5656 6363 1
17-07-2017-14:52:49:807 6363 7070 1
17-07-2017-14:52:49:853 7070 7777 1
17-07-2017-14:52:49:905 7777 8484 1
17-07-2017-14:52:49:938 8484 9191 1
17-07-2017-14:52:49:986 9191 9898 1
17-07-2017-14:52:50:029 9898 10605 1
17-07-2017-14:52:50:077 10605 11312 1
17-07-2017-14:52:50:116 11312 12019 1
17-07-2017-14:52:50:164 12019 12726 1
17-07-2017-14:52:50:203 12726 13433 1
17-07-2017-14:52:50:249 13433 14140 1
17-07-2017-14:52:50:301 14140 14847 1
17-07-2017-14:52:50:336 14847 15554 1
17-07-2017-14:52:50:376 15554 16261 1
17-07-2017-14:52:50:423 16261 16968 1
17-07-2017-14:52:50:473 16968 17675 1
17-07-2017-14:52:50:508 17675 18382 1
17-07-2017-14:52:50:560 18382 19089 1
17-07-2017-14:52:50:596 19089 19796 1
17-07-2017-14:52:50:645 19796 20503 1
17-07-2017-14:52:50:685 20503 21210 1
17-07-2017-14:52:50:733 21210 21917 1
17-07-2017-14:52:50:774 21917 22624 1
17-07-2017-14:52:50:826 22624 23331 1
17-07-2017-14:52:50:861 23331 24038 1
17-07-2017-14:52:50:907 24038 24745 1
17-07-2017-14:52:50:955 24745 25452 1
17-07-2017-14:52:51:001 25452 26159 1
17-07-2017-14:52:51:040 26159 26866 1
17-07-2017-14:52:51:086 26866 27573 1
17-07-2017-14:52:51:131 27573 28280 1
17-07-2017-14:52:51:179 28280 28987 1
17-07-2017-14:52:51:215 28987 29694 1
17-07-2017-14:52:51:260 29694 30401 1
17-07-2017-14:52:51:308 30401 31108 1
17-07-2017-14:52:51:349 31108 31815 1
17-07-2017-14:52:51:395 31815 32522 1
17-07-2017-14:52:51:443 32522 33229 1
17-07-2017-14:52:51:489 33229 33936 1
17-07-2017-14:52:51:524 33936 34643 1
17-07-2017-14:52:51:572 34643 35350 1
17-07-2017-14:52:51:624 35350 36057 1
17-07-2017-14:52:51:659 36057 36764 1
17-07-2017-14:52:51:705 36764 37471 1
17-07-2017-14:52:51:753 37471 38178 1
17-07-2017-14:52:51:799 38178 38885 1
17-07-2017-14:52:51:834 38885 39592 1
17-07-2017-14:52:51:882 39592 40299 1
17-07-2017-14:52:51:925 40299 41006 1
17-07-2017-14:52:51:973 41006 41713 1
17-07-2017-14:52:52:019 41713 42420 1
17-07-2017-14:52:52:054 42420 43127 1
17-07-2017-14:52:52:106 43127 43760 1
17-07-2017-14:52:52:135 43760 44393 1
17-07-2017-14:52:52:183 44393 45026 1
17-07-2017-14:52:52:218 45026 45659 1
17-07-2017-14:52:52:254 45659 46292 1
17-07-2017-14:52:52:299 46292 46925 1
17-07-2017-14:52:52:334 46925 47558 1
17-07-2017-14:52:52:378 47558 48191 1
17-07-2017-14:52:52:413 48191 48824 1
17-07-2017-14:52:52:460 48824 49457 1
17-07-2017-14:52:52:640 49457 50090 1
17-07-2017-14:52:52:641 50090 50723 1
17-07-2017-14:52:52:641 50723 51356 1
17-07-2017-14:52:52:641 51356 51989 1
17-07-2017-14:52:52:658 51989 52622 1
17-07-2017-14:52:52:697 52622 53255 1
17-07-2017-14:52:52:733 53255 53888 1
17-07-2017-14:52:52:772 53888 54521 1
17-07-2017-14:52:52:807 54521 55154 1
17-07-2017-14:52:52:847 55154 55787 1
17-07-2017-14:52:52:895 55787 56420 1
17-07-2017-14:52:52:934 56420 57053 1
17-07-2017-14:52:52:970 57053 57686 1
17-07-2017-14:52:53:009 57686 58319 1
17-07-2017-14:52:53:045 58319 58952 1
17-07-2017-14:52:53:090 58952 59585 1
17-07-2017-14:52:53:126 59585 60218 1
17-07-2017-14:52:53:171 60218 60851 1
17-07-2017-14:52:53:207 60851 61484 1
17-07-2017-14:52:53:242 61484 62117 1
17-07-2017-14:52:53:290 62117 62750 1
17-07-2017-14:52:53:325 62750 63383 1
17-07-2017-14:52:53:371 63383 64016 1
17-07-2017-14:52:53:406 64016 64649 1
17-07-2017-14:52:53:444 64649 65282 1
17-07-2017-14:52:53:479 65282 65915 1
17-07-2017-14:52:53:525 65915 66548 1
17-07-2017-14:52:53:560 66548 67181 1
17-07-2017-14:52:53:600 67181 67814 1
17-07-2017-14:52:53:647 67814 68447 1
17-07-2017-14:52:53:683 68447 69080 1
17-07-2017-14:52:53:720 69080 69713 1
17-07-2017-14:52:53:756 69713 70346 1
17-07-2017-14:52:53:803 70346 70979 1
17-07-2017-14:52:53:843 70979 71612 1
17-07-2017-14:52:53:878 71612 72245 1
17-07-2017-14:52:53:913 72245 72878 1
17-07-2017-14:52:53:965 72878 73511 1
17-07-2017-14:52:54:000 73511 74144 1
17-07-2017-14:52:54:035 74144 74777 1
17-07-2017-14:52:54:081 74777 75410 1
17-07-2017-14:52:54:120 75410 76043 1
17-07-2017-14:52:54:156 76043 76676 1
17-07-2017-14:52:54:191 76676 77309 1
17-07-2017-14:52:54:231 77309 77942 1
17-07-2017-14:52:54:278 77942 78575 1
17-07-2017-14:52:54:314 78575 79208 1
17-07-2017-14:52:54:353 79208 79841 1
17-07-2017-14:52:54:389 79841 80474 1
17-07-2017-14:52:54:429 80474 81107 1
17-07-2017-14:52:54:479 81107 81740 1
17-07-2017-14:52:54:515 81740 82373 1
17-07-2017-14:52:54:550 82373 83006 1
17-07-2017-14:52:54:589 83006 83639 1
17-07-2017-14:52:54:641 83639 84272 1
17-07-2017-14:52:54:665 84272 84905 1
17-07-2017-14:52:54:715 84905 85538 1
17-07-2017-14:52:54:750 85538 86171 1
17-07-2017-14:52:54:786 86171 86804 1
17-07-2017-14:52:54:834 86804 87437 1
17-07-2017-14:52:54:869 87437 88070 1
17-07-2017-14:52:54:902 88070 88703 1
17-07-2017-14:52:54:950 88703 89336 1
17-07-2017-14:52:54:986 89336 89969 1
17-07-2017-14:52:55:031 89969 90602 1
17-07-2017-14:52:55:067 90602 91235 1
17-07-2017-14:52:55:102 91235 91868 1
17-07-2017-14:52:55:148 91868 92501 1
17-07-2017-14:52:55:183 92501 93134 1
17-07-2017-14:52:55:229 93134 93767 1
17-07-2017-14:52:55:264 93767 94400 1
17-07-2017-14:52:55:300 94400 95033 1
17-07-2017-14:52:55:347 95033 95666 1
17-07-2017-14:52:55:381 95666 96299 1
17-07-2017-14:52:55:416 96299 96932 1
17-07-2017-14:52:55:456 96932 97565 1
17-07-2017-14:52:55:503 97565 98198 1
17-07-2017-14:52:55:539 98198 98831 1
17-07-2017-14:52:55:585 98831 99464 1
17-07-2017-14:52:55:756 99464 100097 1
17-07-2017-14:52:55:757 100097 100730 1
17-07-2017-14:52:55:757 100730 101363 1
17-07-2017-14:52:55:757 101363 101996 1
17-07-2017-14:52:55:774 101996 102629 1
17-07-2017-14:52:55:822 102629 103262 1
17-07-2017-14:52:55:857 103262 103895 1
17-07-2017-14:52:55:897 103895 104528 1
17-07-2017-14:52:55:932 104528 105161 1
17-07-2017-14:52:55:971 105161 105794 1
17-07-2017-14:52:56:019 105794 106427 1
17-07-2017-14:52:56:058 106427 107060 1
17-07-2017-14:52:56:099 107060 107693 1
17-07-2017-14:52:56:134 107693 108326 1
17-07-2017-14:52:56:169 108326 108959 1
17-07-2017-14:52:56:215 108959 109592 1
17-07-2017-14:52:56:257 109592 110225 1
17-07-2017-14:52:56:290 110225 110858 1
17-07-2017-14:52:56:338 110858 111491 1
17-07-2017-14:52:56:372 111491 112124 1
17-07-2017-14:52:56:408 112124 112757 1
17-07-2017-14:52:56:454 112757 113390 1
17-07-2017-14:52:56:489 113390 114023 1
17-07-2017-14:52:56:535 114023 114656 1
17-07-2017-14:52:56:564 114656 115289 1
17-07-2017-14:52:56:610 115289 115922 1
17-07-2017-14:52:56:649 115922 116555 1
17-07-2017-14:52:56:685 116555 117188 1
17-07-2017-14:52:56:737 117188 117821 1
17-07-2017-14:52:56:773 117821 118454 1
17-07-2017-14:52:56:812 118454 119087 1
17-07-2017-14:52:56:848 119087 119720 1
17-07-2017-14:52:56:881 119720 120353 1
17-07-2017-14:52:56:929 120353 120986 1
17-07-2017-14:52:56:968 120986 121619 1
17-07-2017-14:52:57:004 121619 122252 1
17-07-2017-14:52:57:039 122252 122885 1
17-07-2017-14:52:57:078 122885 123518 1
17-07-2017-14:52:57:124 123518 124151 1
17-07-2017-14:52:57:162 124151 124784 1
17-07-2017-14:52:57:207 124784 125417 1
17-07-2017-14:52:57:243 125417 126050 1
17-07-2017-14:52:57:282 126050 126683 1
17-07-2017-14:52:57:318 126683 127316 1
17-07-2017-14:52:57:357 127316 127949 1
17-07-2017-14:52:57:405 127949 128582 1
17-07-2017-14:52:57:444 128582 129215 1
17-07-2017-14:52:57:479 129215 129848 1
17-07-2017-14:52:57:514 129848 130481 1
17-07-2017-14:52:57:560 130481 131114 1
17-07-2017-14:52:57:595 131114 131747 1
17-07-2017-14:52:57:642 131747 132380 1
17-07-2017-14:52:57:682 132380 133013 1
17-07-2017-14:52:57:717 133013 133646 1
17-07-2017-14:52:57:752 133646 134279 1
17-07-2017-14:52:57:792 134279 134912 1
17-07-2017-14:52:57:840 134912 135545 1
17-07-2017-14:52:57:875 135545 136178 1
17-07-2017-14:52:57:915 136178 136811 1
17-07-2017-14:52:57:949 136811 137444 1
17-07-2017-14:52:57:989 137444 138077 1
17-07-2017-14:52:58:035 138077 138710 1
17-07-2017-14:52:58:075 138710 139343 1
17-07-2017-14:52:58:110 139343 139976 1
17-07-2017-14:52:58:150 139976 140609 1
17-07-2017-14:52:58:197 140609 141242 1
17-07-2017-14:52:58:225 141242 141875 1
17-07-2017-14:52:58:272 141875 142508 1
17-07-2017-14:52:58:308 142508 143141 1
17-07-2017-14:52:58:353 143141 143774 1
17-07-2017-14:52:58:393 143774 144407 1
17-07-2017-14:52:58:428 144407 145040 1
17-07-2017-14:52:58:469 145040 145673 1
17-07-2017-14:52:58:504 145673 146306 1
17-07-2017-14:52:58:544 146306 146939 1
17-07-2017-14:52:58:591 146939 147572 1
17-07-2017-14:52:58:625 147572 148205 1
17-07-2017-14:52:58:660 148205 148838 1
17-07-2017-14:52:58:700 148838 149471 1
17-07-2017-14:52:58:866 149471 150104 1
17-07-2017-14:52:58:867 150104 150737 1
17-07-2017-14:52:58:867 150737 151370 1
17-07-2017-14:52:58:868 151370 152003 1
17-07-2017-14:52:58:899 152003 152636 1
17-07-2017-14:52:58:947 152636 153269 1
17-07-2017-14:52:58:986 153269 153902 1
17-07-2017-14:52:59:021 153902 154535 1
17-07-2017-14:52:59:067 154535 155168 1
17-07-2017-14:52:59:107 155168 155801 1
17-07-2017-14:52:59:142 155801 156434 1
17-07-2017-14:52:59:177 156434 157067 1
17-07-2017-14:52:59:217 157067 157700 1
17-07-2017-14:52:59:263 157700 158333 1
17-07-2017-14:52:59:298 158333 158966 1
17-07-2017-14:52:59:333 158966 159599 1
17-07-2017-14:52:59:381 159599 160232 1
17-07-2017-14:52:59:416 160232 160865 1
17-07-2017-14:52:59:462 160865 161498 1
17-07-2017-14:52:59:502 161498 162131 1
17-07-2017-14:52:59:537 162131 162764 1
17-07-2017-14:52:59:572 162764 163397 1
17-07-2017-14:52:59:612 163397 164030 1
17-07-2017-14:52:59:657 164030 164663 1
17-07-2017-14:52:59:693 164663 165296 1
17-07-2017-14:52:59:730 165296 165929 1
17-07-2017-14:52:59:776 165929 166562 1
17-07-2017-14:52:59:811 166562 167195 1
17-07-2017-14:52:59:851 167195 167828 1
17-07-2017-14:52:59:896 167828 168461 1
17-07-2017-14:52:59:932 168461 169094 1
17-07-2017-14:52:59:967 169094 169727 1
17-07-2017-14:53:00:015 169727 170360 1
17-07-2017-14:53:00:048 170360 170993 1
17-07-2017-14:53:00:097 170993 171626 1
17-07-2017-14:53:00:130 171626 172259 1
17-07-2017-14:53:00:165 172259 172892 1
17-07-2017-14:53:00:211 172892 173525 1
17-07-2017-14:53:00:246 173525 174158 1
17-07-2017-14:53:00:294 174158 174791 1
17-07-2017-14:53:00:330 174791 175424 1
17-07-2017-14:53:00:369 175424 176057 1
17-07-2017-14:53:00:405 176057 176690 1
17-07-2017-14:53:00:444 176690 177323 1
17-07-2017-14:53:00:490 177323 177956 1
17-07-2017-14:53:00:525 177956 178589 1
17-07-2017-14:53:00:561 178589 179222 1
17-07-2017-14:53:00:606 179222 179855 1
17-07-2017-14:53:00:642 179855 180488 1
17-07-2017-14:53:00:689 180488 181121 1
17-07-2017-14:53:00:725 181121 181754 1
17-07-2017-14:53:00:758 181754 182387 1
17-07-2017-14:53:00:806 182387 183020 1
17-07-2017-14:53:00:839 183020 183653 1
17-07-2017-14:53:00:887 183653 184286 1
17-07-2017-14:53:00:922 184286 184919 1
17-07-2017-14:53:00:958 184919 185552 1
17-07-2017-14:53:00:997 185552 186185 1
17-07-2017-14:53:01:043 186185 186818 1
17-07-2017-14:53:01:078 186818 187451 1
17-07-2017-14:53:01:118 187451 188084 1
17-07-2017-14:53:01:153 188084 188717 1
17-07-2017-14:53:01:199 188717 189350 1
17-07-2017-14:53:01:243 189350 189983 1
17-07-2017-14:53:01:275 189983 190616 1
17-07-2017-14:53:01:320 190616 191249 1
17-07-2017-14:53:01:358 191249 191882 1
17-07-2017-14:53:01:391 191882 192515 1
17-07-2017-14:53:01:438 192515 193148 1
17-07-2017-14:53:01:478 193148 193781 1
17-07-2017-14:53:01:513 193781 194414 1
17-07-2017-14:53:01:553 194414 195047 1
17-07-2017-14:53:01:588 195047 195680 1
17-07-2017-14:53:01:634 195680 196313 1
17-07-2017-14:53:01:669 196313 196946 1
17-07-2017-14:53:01:709 196946 197579 1
17-07-2017-14:53:01:757 197579 198212 1
17-07-2017-14:53:01:796 198212 198845 1
17-07-2017-14:53:01:831 198845 199478 1
17-07-2017-14:53:01:990 199478 200111 1
17-07-2017-14:53:01:991 200111 200744 1
17-07-2017-14:53:01:992 200744 201377 1
17-07-2017-14:53:01:994 201377 202010 1
17-07-2017-14:53:02:031 202010 202643 1
17-07-2017-14:53:02:064 202643 203276 1
17-07-2017-14:53:02:112 203276 203909 1
17-07-2017-14:53:02:145 203909 204542 1
17-07-2017-14:53:02:193 204542 205175 1
17-07-2017-14:53:02:228 205175 205808 1
17-07-2017-14:53:02:264 205808 206441 1
17-07-2017-14:53:02:303 206441 207074 1
17-07-2017-14:53:02:349 207074 207707 1
17-07-2017-14:53:02:384 207707 208340 1
17-07-2017-14:53:02:424 208340 208973 1
17-07-2017-14:53:02:463 208973 209606 1
17-07-2017-14:53:02:499 209606 210239 1
17-07-2017-14:53:02:538 210239 210872 1
17-07-2017-14:53:02:584 210872 211505 1
17-07-2017-14:53:02:625 211505 212138 1
17-07-2017-14:53:02:661 212138 212771 1
17-07-2017-14:53:02:700 212771 213404 1
17-07-2017-14:53:02:746 213404 214037 1
17-07-2017-14:53:02:781 214037 214670 1
17-07-2017-14:53:02:817 214670 215303 1
17-07-2017-14:53:02:856 215303 215936 1
17-07-2017-14:53:02:904 215936 216569 1
17-07-2017-14:53:02:937 216569 217202 1
17-07-2017-14:53:02:973 217202 217835 1
17-07-2017-14:53:03:020 217835 218468 1
17-07-2017-14:53:03:056 218468 219101 1
17-07-2017-14:53:03:095 219101 219734 1
17-07-2017-14:53:03:141 219734 220367 1
17-07-2017-14:53:03:180 220367 221000 1
17-07-2017-14:53:03:216 221000 221633 1
17-07-2017-14:53:03:255 221633 222266 1
17-07-2017-14:53:03:290 222266 222899 1
17-07-2017-14:53:03:330 222899 223532 1
17-07-2017-14:53:03:378 223532 224165 1
17-07-2017-14:53:03:417 224165 224798 1
17-07-2017-14:53:03:452 224798 225431 1
17-07-2017-14:53:03:492 225431 226064 1
17-07-2017-14:53:03:527 226064 226697 1
17-07-2017-14:53:03:579 226697 227330 1
17-07-2017-14:53:03:615 227330 227963 1
17-07-2017-14:53:03:652 227963 228596 1
17-07-2017-14:53:03:687 228596 229229 1
17-07-2017-14:53:03:735 229229 229862 1
17-07-2017-14:53:03:770 229862 230495 1
17-07-2017-14:53:03:804 230495 231128 1
17-07-2017-14:53:03:851 231128 231761 1
17-07-2017-14:53:03:887 231761 232394 1
17-07-2017-14:53:03:932 232394 233027 1
17-07-2017-14:53:03:968 233027 233660 1
17-07-2017-14:53:04:007 233660 234293 1
17-07-2017-14:53:04:043 234293 234926 1
17-07-2017-14:53:04:082 234926 235559 1
17-07-2017-14:53:04:130 235559 236192 1
17-07-2017-14:53:04:169 236192 236825 1
17-07-2017-14:53:04:205 236825 237458 1
17-07-2017-14:53:04:240 237458 238091 1
17-07-2017-14:53:04:286 238091 238724 1
17-07-2017-14:53:04:326 238724 239357 1
17-07-2017-14:53:04:361 239357 239990 1
17-07-2017-14:53:04:413 239990 240623 1
17-07-2017-14:53:04:448 240623 241256 1
17-07-2017-14:53:04:482 241256 241889 1
17-07-2017-14:53:04:517 241889 242522 1
17-07-2017-14:53:04:569 242522 243155 1
17-07-2017-14:53:04:604 243155 243788 1
17-07-2017-14:53:04:644 243788 244421 1
17-07-2017-14:53:04:679 244421 245054 1
17-07-2017-14:53:04:714 245054 245687 1
17-07-2017-14:53:04:754 245687 246320 1
17-07-2017-14:53:04:806 246320 246953 1
17-07-2017-14:53:04:841 246953 247586 1
17-07-2017-14:53:04:877 247586 248219 1
17-07-2017-14:53:04:917 248219 248852 1
17-07-2017-14:53:04:952 248852 249485 1
17-07-2017-14:53:05:109 249485 250118 1
17-07-2017-14:53:05:110 250118 250751 1
17-07-2017-14:53:05:110 250751 251384 1
17-07-2017-14:53:05:112 251384 252017 1
17-07-2017-14:53:05:158 252017 252650 1
17-07-2017-14:53:05:193 252650 253283 1
17-07-2017-14:53:05:235 253283 253916 1
17-07-2017-14:53:05:270 253916 254549 1
17-07-2017-14:53:05:316 254549 255182 1
17-07-2017-14:53:05:351 255182 255815 1
17-07-2017-14:53:05:397 255815 256448 1
17-07-2017-14:53:05:436 256448 257081 1
17-07-2017-14:53:05:476 257081 257714 1
17-07-2017-14:53:05:511 257714 258347 1
17-07-2017-14:53:05:544 258347 258980 1
17-07-2017-14:53:05:592 258980 259613 1
17-07-2017-14:53:05:631 259613 260246 1
17-07-2017-14:53:05:667 260246 260879 1
17-07-2017-14:53:05:714 260879 261512 1
17-07-2017-14:53:05:750 261512 262145 1
17-07-2017-14:53:05:789 262145 262778 1
17-07-2017-14:53:05:825 262778 263411 1
17-07-2017-14:53:05:864 263411 264044 1
17-07-2017-14:53:05:910 264044 264677 1
17-07-2017-14:53:05:949 264677 265310 1
17-07-2017-14:53:05:984 265310 265943 1
17-07-2017-14:53:06:023 265943 266576 1
17-07-2017-14:53:06:059 266576 267209 1
17-07-2017-14:53:06:106 267209 267842 1
17-07-2017-14:53:06:142 267842 268475 1
17-07-2017-14:53:06:181 268475 269108 1
17-07-2017-14:53:06:227 269108 269741 1
17-07-2017-14:53:06:262 269741 270374 1
17-07-2017-14:53:06:298 270374 271007 1
17-07-2017-14:53:06:337 271007 271640 1
17-07-2017-14:53:06:377 271640 272273 1
17-07-2017-14:53:06:425 272273 272906 1
17-07-2017-14:53:06:464 272906 273539 1
17-07-2017-14:53:06:500 273539 274172 1
17-07-2017-14:53:06:539 274172 274805 1
17-07-2017-14:53:06:574 274805 275438 1
17-07-2017-14:53:06:614 275438 276071 1
17-07-2017-14:53:06:662 276071 276704 1
17-07-2017-14:53:06:702 276704 277337 1
17-07-2017-14:53:06:737 277337 277970 1
17-07-2017-14:53:06:776 277970 278603 1
17-07-2017-14:53:06:812 278603 279236 1
17-07-2017-14:53:06:851 279236 279869 1
17-07-2017-14:53:06:897 279869 280502 1
17-07-2017-14:53:06:937 280502 281135 1
17-07-2017-14:53:06:976 281135 281768 1
17-07-2017-14:53:07:011 281768 282401 1
17-07-2017-14:53:07:057 282401 283034 1
17-07-2017-14:53:07:092 283034 283667 1
17-07-2017-14:53:07:128 283667 284300 1
17-07-2017-14:53:07:176 284300 284933 1
17-07-2017-14:53:07:209 284933 285566 1
17-07-2017-14:53:07:257 285566 286199 1
17-07-2017-14:53:07:291 286199 286832 1
17-07-2017-14:53:07:326 286832 287465 1
17-07-2017-14:53:07:365 287465 288098 1
17-07-2017-14:53:07:413 288098 288731 1
17-07-2017-14:53:07:449 288731 289364 1
17-07-2017-14:53:07:484 289364 289997 1
17-07-2017-14:53:07:530 289997 290630 1
17-07-2017-14:53:07:564 290630 291263 1
17-07-2017-14:53:07:612 291263 291896 1
17-07-2017-14:53:07:647 291896 292529 1
17-07-2017-14:53:07:687 292529 293162 1
17-07-2017-14:53:07:722 293162 293795 1
17-07-2017-14:53:07:768 293795 294428 1
17-07-2017-14:53:07:803 294428 295061 1
17-07-2017-14:53:07:843 295061 295694 1
17-07-2017-14:53:07:889 295694 296327 1
17-07-2017-14:53:07:924 296327 296960 1
17-07-2017-14:53:07:959 296960 297593 1
17-07-2017-14:53:08:007 297593 298226 1
17-07-2017-14:53:08:042 298226 298859 1
17-07-2017-14:53:08:076 298859 299492 1
17-07-2017-14:53:08:245 299492 300125 1
17-07-2017-14:53:08:246 300125 300758 1
17-07-2017-14:53:08:246 300758 301391 1
17-07-2017-14:53:08:247 301391 302024 1
17-07-2017-14:53:08:284 302024 302657 1
17-07-2017-14:53:08:319 302657 303290 1
17-07-2017-14:53:08:355 303290 303923 1
17-07-2017-14:53:08:392 303923 304556 1
17-07-2017-14:53:08:442 304556 305189 1
17-07-2017-14:53:08:479 305189 305822 1
17-07-2017-14:53:08:518 305822 306455 1
17-07-2017-14:53:08:554 306455 307088 1
17-07-2017-14:53:08:593 307088 307721 1
17-07-2017-14:53:08:639 307721 308354 1
17-07-2017-14:53:08:679 308354 308987 1
17-07-2017-14:53:08:714 308987 309620 1
17-07-2017-14:53:08:753 309620 310253 1
17-07-2017-14:53:08:789 310253 310886 1
17-07-2017-14:53:08:836 310886 311519 1
17-07-2017-14:53:08:872 311519 312152 1
17-07-2017-14:53:08:912 312152 312785 1
17-07-2017-14:53:08:957 312785 313418 1
17-07-2017-14:53:08:993 313418 314051 1
17-07-2017-14:53:09:028 314051 314684 1
17-07-2017-14:53:09:074 314684 315317 1
17-07-2017-14:53:09:109 315317 315950 1
17-07-2017-14:53:09:148 315950 316583 1
17-07-2017-14:53:09:184 316583 317216 1
17-07-2017-14:53:09:225 317216 317849 1
17-07-2017-14:53:09:271 317849 318482 1
17-07-2017-14:53:09:310 318482 319115 1
17-07-2017-14:53:09:346 319115 319748 1
17-07-2017-14:53:09:385 319748 320381 1
17-07-2017-14:53:09:421 320381 321014 1
17-07-2017-14:53:09:472 321014 321647 1
17-07-2017-14:53:09:508 321647 322280 1
17-07-2017-14:53:09:547 322280 322913 1
17-07-2017-14:53:09:583 322913 323546 1
17-07-2017-14:53:09:622 323546 324179 1
17-07-2017-14:53:09:670 324179 324812 1
17-07-2017-14:53:09:709 324812 325445 1
17-07-2017-14:53:09:745 325445 326078 1
17-07-2017-14:53:09:780 326078 326711 1
17-07-2017-14:53:09:826 326711 327344 1
17-07-2017-14:53:09:865 327344 327977 1
17-07-2017-14:53:09:900 327977 328610 1
17-07-2017-14:53:09:936 328610 329243 1
17-07-2017-14:53:09:988 329243 329876 1
17-07-2017-14:53:10:023 329876 330509 1
17-07-2017-14:53:10:063 330509 331142 1
17-07-2017-14:53:10:098 331142 331775 1
17-07-2017-14:53:10:144 331775 332408 1
17-07-2017-14:53:10:179 332408 333041 1
17-07-2017-14:53:10:219 333041 333674 1
17-07-2017-14:53:10:254 333674 334307 1
17-07-2017-14:53:10:293 334307 334940 1
17-07-2017-14:53:10:341 334940 335573 1
17-07-2017-14:53:10:381 335573 336206 1
17-07-2017-14:53:10:416 336206 336839 1
17-07-2017-14:53:10:451 336839 337472 1
17-07-2017-14:53:10:503 337472 338105 1
17-07-2017-14:53:10:530 338105 338738 1
17-07-2017-14:53:10:578 338738 339371 1
17-07-2017-14:53:10:611 339371 340004 1
17-07-2017-14:53:10:651 340004 340637 1
17-07-2017-14:53:10:699 340637 341270 1
17-07-2017-14:53:10:734 341270 341903 1
17-07-2017-14:53:10:769 341903 342536 1
17-07-2017-14:53:10:815 342536 343169 1
17-07-2017-14:53:10:851 343169 343802 1
17-07-2017-14:53:10:886 343802 344435 1
17-07-2017-14:53:10:927 344435 345068 1
17-07-2017-14:53:10:973 345068 345701 1
17-07-2017-14:53:11:006 345701 346334 1
17-07-2017-14:53:11:046 346334 346967 1
17-07-2017-14:53:11:094 346967 347600 1
17-07-2017-14:53:11:129 347600 348233 1
17-07-2017-14:53:11:169 348233 348866 1
17-07-2017-14:53:11:204 348866 349499 1
