17-07-2017-15:41:51:740 0 800 1
17-07-2017-15:41:51:787 800 1600 1
17-07-2017-15:41:51:838 1600 2360 1
17-07-2017-15:41:51:885 2360 3120 1
17-07-2017-15:41:51:931 3120 3880 1
17-07-2017-15:41:51:978 3880 4640 1
17-07-2017-15:41:52:028 4640 5400 1
17-07-2017-15:41:52:075 5400 6160 1
17-07-2017-15:41:52:121 6160 6920 1
17-07-2017-15:41:52:167 6920 7680 1
17-07-2017-15:41:52:215 7680 8440 1
17-07-2017-15:41:52:262 8440 9200 1
17-07-2017-15:41:52:308 9200 9960 1
17-07-2017-15:41:52:361 9960 10707 1
17-07-2017-15:41:52:406 10707 11454 1
17-07-2017-15:41:52:459 11454 12201 1
17-07-2017-15:41:52:506 12201 12948 1
17-07-2017-15:41:52:553 12948 13695 1
17-07-2017-15:41:52:600 13695 14442 1
17-07-2017-15:41:52:647 14442 15189 1
17-07-2017-15:41:52:692 15189 15936 1
17-07-2017-15:41:52:740 15936 16683 1
17-07-2017-15:41:52:785 16683 17430 1
17-07-2017-15:41:52:832 17430 18177 1
17-07-2017-15:41:52:879 18177 18924 1
17-07-2017-15:41:52:925 18924 19671 1
17-07-2017-15:41:52:976 19671 20418 1
17-07-2017-15:41:53:016 20418 21165 1
17-07-2017-15:41:53:062 21165 21912 1
17-07-2017-15:41:53:108 21912 22659 1
17-07-2017-15:41:53:155 22659 23406 1
17-07-2017-15:41:53:202 23406 24153 1
17-07-2017-15:41:53:246 24153 24900 1
17-07-2017-15:41:53:299 24900 25647 1
17-07-2017-15:41:53:347 25647 26394 1
17-07-2017-15:41:53:390 26394 27141 1
17-07-2017-15:41:53:435 27141 27888 1
17-07-2017-15:41:53:481 27888 28635 1
17-07-2017-15:41:53:529 28635 29382 1
17-07-2017-15:41:53:575 29382 30129 1
17-07-2017-15:41:53:622 30129 30876 1
17-07-2017-15:41:53:673 30876 31623 1
17-07-2017-15:41:53:715 31623 32370 1
17-07-2017-15:41:53:761 32370 33117 1
17-07-2017-15:41:53:808 33117 33864 1
17-07-2017-15:41:53:854 33864 34611 1
17-07-2017-15:41:53:902 34611 35358 1
17-07-2017-15:41:53:954 35358 36105 1
17-07-2017-15:41:53:995 36105 36852 1
17-07-2017-15:41:54:043 36852 37599 1
17-07-2017-15:41:54:089 37599 38346 1
17-07-2017-15:41:54:135 38346 39093 1
17-07-2017-15:41:54:182 39093 39840 1
17-07-2017-15:41:54:228 39840 40587 1
17-07-2017-15:41:54:276 40587 41334 1
17-07-2017-15:41:54:322 41334 42081 1
17-07-2017-15:41:54:368 42081 42828 1
17-07-2017-15:41:54:415 42828 43575 1
17-07-2017-15:41:54:461 43575 44322 1
17-07-2017-15:41:54:509 44322 45069 1
17-07-2017-15:41:54:556 45069 45816 1
17-07-2017-15:41:54:602 45816 46563 1
17-07-2017-15:41:54:649 46563 47310 1
17-07-2017-15:41:54:695 47310 48057 1
17-07-2017-15:41:54:741 48057 48804 1
17-07-2017-15:41:54:788 48804 49551 1
17-07-2017-15:41:55:242 49551 50298 1
17-07-2017-15:41:55:244 50298 51045 1
17-07-2017-15:41:55:244 51045 51792 1
17-07-2017-15:41:55:244 51792 52539 1
17-07-2017-15:41:55:244 52539 53286 1
17-07-2017-15:41:55:244 53286 54033 1
17-07-2017-15:41:55:244 54033 54780 1
17-07-2017-15:41:55:244 54780 55527 1
17-07-2017-15:41:55:245 55527 56274 1
17-07-2017-15:41:55:260 56274 57021 1
17-07-2017-15:41:55:302 57021 57768 1
17-07-2017-15:41:55:348 57768 58515 1
17-07-2017-15:41:55:399 58515 59262 1
17-07-2017-15:41:55:438 59262 60009 1
17-07-2017-15:41:55:492 60009 60756 1
17-07-2017-15:41:55:537 60756 61503 1
17-07-2017-15:41:55:584 61503 62250 1
17-07-2017-15:41:55:632 62250 62997 1
17-07-2017-15:41:55:691 62997 63744 1
17-07-2017-15:41:55:724 63744 64491 1
17-07-2017-15:41:55:765 64491 65238 1
17-07-2017-15:41:55:812 65238 65985 1
17-07-2017-15:41:55:858 65985 66732 1
17-07-2017-15:41:55:904 66732 67479 1
17-07-2017-15:41:55:952 67479 68226 1
17-07-2017-15:41:55:998 68226 68973 1
17-07-2017-15:41:56:045 68973 69720 1
17-07-2017-15:41:56:092 69720 70467 1
17-07-2017-15:41:56:137 70467 71214 1
17-07-2017-15:41:56:185 71214 71961 1
17-07-2017-15:41:56:230 71961 72708 1
17-07-2017-15:41:56:278 72708 73455 1
17-07-2017-15:41:56:324 73455 74202 1
17-07-2017-15:41:56:372 74202 74949 1
17-07-2017-15:41:56:417 74949 75696 1
17-07-2017-15:41:56:465 75696 76443 1
17-07-2017-15:41:56:510 76443 77190 1
17-07-2017-15:41:56:557 77190 77937 1
17-07-2017-15:41:56:604 77937 78684 1
17-07-2017-15:41:56:650 78684 79431 1
17-07-2017-15:41:56:697 79431 80178 1
17-07-2017-15:41:56:750 80178 80894 1
17-07-2017-15:41:56:789 80894 81610 1
17-07-2017-15:41:56:835 81610 82326 1
17-07-2017-15:41:56:881 82326 83042 1
17-07-2017-15:41:56:927 83042 83758 1
17-07-2017-15:41:56:974 83758 84474 1
17-07-2017-15:41:57:021 84474 85190 1
17-07-2017-15:41:57:056 85190 85906 1
17-07-2017-15:41:57:102 85906 86622 1
17-07-2017-15:41:57:150 86622 87338 1
17-07-2017-15:41:57:197 87338 88054 1
17-07-2017-15:41:57:242 88054 88770 1
17-07-2017-15:41:57:283 88770 89486 1
17-07-2017-15:41:57:331 89486 90202 1
17-07-2017-15:41:57:376 90202 90918 1
17-07-2017-15:41:57:422 90918 91634 1
17-07-2017-15:41:57:458 91634 92350 1
17-07-2017-15:41:57:505 92350 93066 1
17-07-2017-15:41:57:551 93066 93782 1
17-07-2017-15:41:57:597 93782 94498 1
17-07-2017-15:41:57:645 94498 95214 1
17-07-2017-15:41:57:690 95214 95930 1
17-07-2017-15:41:57:734 95930 96646 1
17-07-2017-15:41:57:779 96646 97362 1
17-07-2017-15:41:57:827 97362 98078 1
17-07-2017-15:41:57:862 98078 98794 1
17-07-2017-15:41:57:907 98794 99510 1
17-07-2017-15:41:57:955 99510 100226 1
17-07-2017-15:41:58:366 100226 100942 1
17-07-2017-15:41:58:367 100942 101658 1
17-07-2017-15:41:58:367 101658 102374 1
17-07-2017-15:41:58:367 102374 103090 1
17-07-2017-15:41:58:367 103090 103806 1
17-07-2017-15:41:58:367 103806 104522 1
17-07-2017-15:41:58:368 104522 105238 1
17-07-2017-15:41:58:368 105238 105954 1
17-07-2017-15:41:58:368 105954 106670 1
17-07-2017-15:41:58:400 106670 107386 1
17-07-2017-15:41:58:449 107386 108102 1
17-07-2017-15:41:58:512 108102 108818 1
17-07-2017-15:41:58:542 108818 109534 1
17-07-2017-15:41:58:578 109534 110250 1
17-07-2017-15:41:58:622 110250 110966 1
17-07-2017-15:41:58:669 110966 111682 1
17-07-2017-15:41:58:717 111682 112398 1
17-07-2017-15:41:58:767 112398 113114 1
17-07-2017-15:41:58:800 113114 113830 1
17-07-2017-15:41:58:847 113830 114546 1
17-07-2017-15:41:58:894 114546 115262 1
17-07-2017-15:41:58:946 115262 115960 1
17-07-2017-15:41:58:984 115960 116658 1
17-07-2017-15:41:59:030 116658 117356 1
17-07-2017-15:41:59:067 117356 118054 1
17-07-2017-15:41:59:114 118054 118752 1
17-07-2017-15:41:59:159 118752 119450 1
17-07-2017-15:41:59:206 119450 120148 1
17-07-2017-15:41:59:240 120148 120846 1
17-07-2017-15:41:59:287 120846 121544 1
17-07-2017-15:41:59:333 121544 122242 1
17-07-2017-15:41:59:370 122242 122940 1
17-07-2017-15:41:59:415 122940 123638 1
17-07-2017-15:41:59:462 123638 124336 1
17-07-2017-15:41:59:509 124336 125034 1
17-07-2017-15:41:59:554 125034 125732 1
17-07-2017-15:41:59:589 125732 126430 1
17-07-2017-15:41:59:636 126430 127128 1
17-07-2017-15:41:59:682 127128 127826 1
17-07-2017-15:41:59:728 127826 128524 1
17-07-2017-15:41:59:762 128524 129222 1
17-07-2017-15:41:59:810 129222 129920 1
17-07-2017-15:41:59:855 129920 130618 1
17-07-2017-15:41:59:902 130618 131316 1
17-07-2017-15:41:59:937 131316 132014 1
17-07-2017-15:41:59:985 132014 132712 1
17-07-2017-15:42:00:030 132712 133410 1
17-07-2017-15:42:00:077 133410 134108 1
17-07-2017-15:42:00:125 134108 134806 1
17-07-2017-15:42:00:160 134806 135504 1
17-07-2017-15:42:00:207 135504 136202 1
17-07-2017-15:42:00:242 136202 136900 1
17-07-2017-15:42:00:288 136900 137598 1
17-07-2017-15:42:00:335 137598 138296 1
17-07-2017-15:42:00:382 138296 138994 1
17-07-2017-15:42:00:416 138994 139692 1
17-07-2017-15:42:00:469 139692 140387 1
17-07-2017-15:42:00:507 140387 141082 1
17-07-2017-15:42:00:553 141082 141777 1
17-07-2017-15:42:00:600 141777 142472 1
17-07-2017-15:42:00:636 142472 143167 1
17-07-2017-15:42:00:682 143167 143862 1
17-07-2017-15:42:00:728 143862 144557 1
17-07-2017-15:42:00:775 144557 145252 1
17-07-2017-15:42:00:809 145252 145947 1
17-07-2017-15:42:00:855 145947 146642 1
17-07-2017-15:42:00:904 146642 147337 1
17-07-2017-15:42:00:937 147337 148032 1
17-07-2017-15:42:00:985 148032 148727 1
17-07-2017-15:42:01:031 148727 149422 1
17-07-2017-15:42:01:078 149422 150117 1
17-07-2017-15:42:01:114 150117 150812 1
17-07-2017-15:42:01:628 150812 151507 1
17-07-2017-15:42:01:630 151507 152202 1
17-07-2017-15:42:01:631 152202 152897 1
17-07-2017-15:42:01:631 152897 153592 1
17-07-2017-15:42:01:631 153592 154287 1
17-07-2017-15:42:01:634 154287 154982 1
17-07-2017-15:42:01:634 154982 155677 1
17-07-2017-15:42:01:634 155677 156372 1
17-07-2017-15:42:01:634 156372 157067 1
17-07-2017-15:42:01:634 157067 157762 1
17-07-2017-15:42:01:634 157762 158457 1
17-07-2017-15:42:01:634 158457 159152 1
17-07-2017-15:42:01:683 159152 159847 1
17-07-2017-15:42:01:728 159847 160542 1
17-07-2017-15:42:01:770 160542 161237 1
17-07-2017-15:42:01:819 161237 161932 1
17-07-2017-15:42:01:860 161932 162627 1
17-07-2017-15:42:01:895 162627 163322 1
17-07-2017-15:42:01:941 163322 164017 1
17-07-2017-15:42:01:989 164017 164712 1
17-07-2017-15:42:02:024 164712 165407 1
17-07-2017-15:42:02:069 165407 166102 1
17-07-2017-15:42:02:113 166102 166797 1
17-07-2017-15:42:02:161 166797 167492 1
17-07-2017-15:42:02:207 167492 168187 1
17-07-2017-15:42:02:243 168187 168882 1
17-07-2017-15:42:02:290 168882 169577 1
17-07-2017-15:42:02:335 169577 170272 1
17-07-2017-15:42:02:383 170272 170967 1
17-07-2017-15:42:02:416 170967 171662 1
17-07-2017-15:42:02:464 171662 172357 1
17-07-2017-15:42:02:510 172357 173052 1
17-07-2017-15:42:02:554 173052 173747 1
17-07-2017-15:42:02:592 173747 174442 1
17-07-2017-15:42:02:640 174442 175137 1
17-07-2017-15:42:02:686 175137 175832 1
17-07-2017-15:42:02:720 175832 176527 1
17-07-2017-15:42:02:770 176527 177222 1
17-07-2017-15:42:02:814 177222 177917 1
17-07-2017-15:42:02:849 177917 178612 1
17-07-2017-15:42:02:895 178612 179307 1
17-07-2017-15:42:02:951 179307 180002 1
17-07-2017-15:42:02:986 180002 180697 1
17-07-2017-15:42:03:026 180697 181392 1
17-07-2017-15:42:03:071 181392 182087 1
17-07-2017-15:42:03:118 182087 182782 1
17-07-2017-15:42:03:152 182782 183477 1
17-07-2017-15:42:03:200 183477 184172 1
17-07-2017-15:42:03:246 184172 184867 1
17-07-2017-15:42:03:285 184867 185562 1
17-07-2017-15:42:03:332 185562 186257 1
17-07-2017-15:42:03:377 186257 186952 1
17-07-2017-15:42:03:413 186952 187647 1
17-07-2017-15:42:03:460 187647 188342 1
17-07-2017-15:42:03:507 188342 189037 1
17-07-2017-15:42:03:553 189037 189732 1
17-07-2017-15:42:03:594 189732 190427 1
17-07-2017-15:42:03:633 190427 191122 1
17-07-2017-15:42:03:676 191122 191817 1
17-07-2017-15:42:03:722 191817 192512 1
17-07-2017-15:42:03:769 192512 193207 1
17-07-2017-15:42:03:827 193207 193902 1
17-07-2017-15:42:03:852 193902 194597 1
17-07-2017-15:42:03:898 194597 195292 1
17-07-2017-15:42:03:944 195292 195987 1
17-07-2017-15:42:03:980 195987 196682 1
17-07-2017-15:42:04:025 196682 197377 1
17-07-2017-15:42:04:072 197377 198072 1
17-07-2017-15:42:04:119 198072 198767 1
17-07-2017-15:42:04:156 198767 199462 1
17-07-2017-15:42:04:200 199462 200157 1
17-07-2017-15:42:04:248 200157 200852 1
17-07-2017-15:42:04:283 200852 201547 1
17-07-2017-15:42:04:331 201547 202242 1
17-07-2017-15:42:04:562 202242 202937 1
17-07-2017-15:42:04:563 202937 203632 1
17-07-2017-15:42:04:563 203632 204327 1
17-07-2017-15:42:04:563 204327 205022 1
17-07-2017-15:42:04:564 205022 205717 1
17-07-2017-15:42:04:595 205717 206412 1
17-07-2017-15:42:04:629 206412 207107 1
17-07-2017-15:42:04:676 207107 207802 1
17-07-2017-15:42:04:724 207802 208497 1
17-07-2017-15:42:04:767 208497 209192 1
17-07-2017-15:42:04:808 209192 209887 1
17-07-2017-15:42:04:856 209887 210582 1
17-07-2017-15:42:04:891 210582 211277 1
17-07-2017-15:42:04:936 211277 211972 1
17-07-2017-15:42:04:983 211972 212667 1
17-07-2017-15:42:05:029 212667 213362 1
17-07-2017-15:42:05:064 213362 214057 1
17-07-2017-15:42:05:111 214057 214752 1
17-07-2017-15:42:05:159 214752 215447 1
17-07-2017-15:42:05:205 215447 216142 1
17-07-2017-15:42:05:239 216142 216837 1
17-07-2017-15:42:05:286 216837 217532 1
17-07-2017-15:42:05:334 217532 218227 1
17-07-2017-15:42:05:367 218227 218922 1
17-07-2017-15:42:05:414 218922 219617 1
17-07-2017-15:42:05:466 219617 220312 1
17-07-2017-15:42:05:505 220312 221007 1
17-07-2017-15:42:05:551 221007 221702 1
17-07-2017-15:42:05:587 221702 222397 1
17-07-2017-15:42:05:634 222397 223092 1
17-07-2017-15:42:05:680 223092 223787 1
17-07-2017-15:42:05:726 223787 224482 1
17-07-2017-15:42:05:976 224482 225177 1
17-07-2017-15:42:05:978 225177 225872 1
17-07-2017-15:42:05:978 225872 226567 1
17-07-2017-15:42:05:979 226567 227262 1
17-07-2017-15:42:05:979 227262 227957 1
17-07-2017-15:42:05:983 227957 228652 1
17-07-2017-15:42:06:034 228652 229347 1
17-07-2017-15:42:06:072 229347 230042 1
17-07-2017-15:42:06:108 230042 230737 1
17-07-2017-15:42:06:153 230737 231432 1
17-07-2017-15:42:06:199 231432 232127 1
17-07-2017-15:42:06:247 232127 232822 1
17-07-2017-15:42:06:286 232822 233517 1
17-07-2017-15:42:06:332 233517 234212 1
17-07-2017-15:42:06:367 234212 234907 1
17-07-2017-15:42:06:413 234907 235602 1
17-07-2017-15:42:06:462 235602 236297 1
17-07-2017-15:42:06:506 236297 236992 1
17-07-2017-15:42:06:543 236992 237687 1
17-07-2017-15:42:06:590 237687 238382 1
17-07-2017-15:42:06:636 238382 239077 1
17-07-2017-15:42:06:670 239077 239772 1
17-07-2017-15:42:06:717 239772 240467 1
17-07-2017-15:42:06:763 240467 241162 1
17-07-2017-15:42:06:802 241162 241857 1
17-07-2017-15:42:06:844 241857 242552 1
17-07-2017-15:42:06:893 242552 243247 1
17-07-2017-15:42:06:938 243247 243942 1
17-07-2017-15:42:06:985 243942 244637 1
17-07-2017-15:42:07:020 244637 245332 1
17-07-2017-15:42:07:067 245332 246027 1
17-07-2017-15:42:07:114 246027 246722 1
17-07-2017-15:42:07:159 246722 247417 1
17-07-2017-15:42:07:195 247417 248112 1
17-07-2017-15:42:07:242 248112 248807 1
17-07-2017-15:42:07:289 248807 249502 1
17-07-2017-15:42:07:323 249502 250197 1
17-07-2017-15:42:07:366 250197 250892 1
17-07-2017-15:42:07:412 250892 251587 1
17-07-2017-15:42:07:459 251587 252282 1
17-07-2017-15:42:07:506 252282 252977 1
17-07-2017-15:42:07:542 252977 253672 1
17-07-2017-15:42:07:587 253672 254367 1
17-07-2017-15:42:07:633 254367 255062 1
17-07-2017-15:42:07:680 255062 255757 1
17-07-2017-15:42:07:716 255757 256452 1
17-07-2017-15:42:07:763 256452 257147 1
17-07-2017-15:42:07:809 257147 257842 1
17-07-2017-15:42:07:845 257842 258537 1
17-07-2017-15:42:07:890 258537 259232 1
17-07-2017-15:42:07:938 259232 259927 1
17-07-2017-15:42:07:984 259927 260622 1
17-07-2017-15:42:08:019 260622 261317 1
17-07-2017-15:42:08:066 261317 262012 1
17-07-2017-15:42:08:112 262012 262707 1
17-07-2017-15:42:08:153 262707 263402 1
17-07-2017-15:42:08:202 263402 264097 1
17-07-2017-15:42:08:237 264097 264792 1
17-07-2017-15:42:08:284 264792 265487 1
17-07-2017-15:42:08:332 265487 266182 1
17-07-2017-15:42:08:365 266182 266877 1
17-07-2017-15:42:08:414 266877 267572 1
17-07-2017-15:42:08:460 267572 268267 1
17-07-2017-15:42:08:506 268267 268962 1
17-07-2017-15:42:08:541 268962 269657 1
17-07-2017-15:42:08:586 269657 270352 1
17-07-2017-15:42:08:634 270352 271047 1
17-07-2017-15:42:09:047 271047 271742 1
17-07-2017-15:42:09:048 271742 272437 1
17-07-2017-15:42:09:048 272437 273132 1
17-07-2017-15:42:09:048 273132 273827 1
17-07-2017-15:42:09:048 273827 274522 1
17-07-2017-15:42:09:048 274522 275217 1
17-07-2017-15:42:09:048 275217 275912 1
17-07-2017-15:42:09:049 275912 276607 1
17-07-2017-15:42:09:049 276607 277302 1
17-07-2017-15:42:09:065 277302 277997 1
17-07-2017-15:42:09:112 277997 278692 1
17-07-2017-15:42:09:148 278692 279387 1
17-07-2017-15:42:09:195 279387 280082 1
17-07-2017-15:42:09:241 280082 280777 1
17-07-2017-15:42:09:287 280777 281472 1
17-07-2017-15:42:09:323 281472 282167 1
17-07-2017-15:42:09:375 282167 282827 1
17-07-2017-15:42:09:412 282827 283487 1
17-07-2017-15:42:09:450 283487 284147 1
17-07-2017-15:42:09:493 284147 284807 1
17-07-2017-15:42:09:529 284807 285467 1
17-07-2017-15:42:09:575 285467 286127 1
17-07-2017-15:42:09:611 286127 286787 1
17-07-2017-15:42:09:656 286787 287447 1
17-07-2017-15:42:09:693 287447 288107 1
17-07-2017-15:42:09:739 288107 288767 1
