17-07-2017-14:04:48:258 0 800 1
17-07-2017-14:04:48:309 800 1600 1
17-07-2017-14:04:48:355 1600 2400 1
17-07-2017-14:04:48:406 2400 3200 1
17-07-2017-14:04:48:458 3200 3974 1
17-07-2017-14:04:48:509 3974 4720 1
17-07-2017-14:04:48:550 4720 5466 1
17-07-2017-14:04:48:598 5466 6212 1
17-07-2017-14:04:48:643 6212 6958 1
17-07-2017-14:04:48:691 6958 7704 1
17-07-2017-14:04:48:736 7704 8450 1
17-07-2017-14:04:48:784 8450 9196 1
17-07-2017-14:04:48:830 9196 9942 1
17-07-2017-14:04:48:882 9942 10688 1
17-07-2017-14:04:48:929 10688 11434 1
17-07-2017-14:04:48:975 11434 12180 1
17-07-2017-14:04:49:023 12180 12926 1
17-07-2017-14:04:49:069 12926 13672 1
17-07-2017-14:04:49:116 13672 14418 1
17-07-2017-14:04:49:162 14418 15164 1
17-07-2017-14:04:49:210 15164 15910 1
17-07-2017-14:04:49:255 15910 16656 1
17-07-2017-14:04:49:301 16656 17402 1
17-07-2017-14:04:49:349 17402 18148 1
17-07-2017-14:04:49:395 18148 18894 1
17-07-2017-14:04:49:442 18894 19640 1
17-07-2017-14:04:49:494 19640 20386 1
17-07-2017-14:04:49:528 20386 21132 1
17-07-2017-14:04:49:575 21132 21878 1
17-07-2017-14:04:49:621 21878 22624 1
17-07-2017-14:04:49:669 22624 23370 1
17-07-2017-14:04:49:715 23370 24116 1
17-07-2017-14:04:49:762 24116 24862 1
17-07-2017-14:04:49:808 24862 25608 1
17-07-2017-14:04:49:854 25608 26354 1
17-07-2017-14:04:49:902 26354 27100 1
17-07-2017-14:04:49:948 27100 27846 1
17-07-2017-14:04:49:996 27846 28592 1
17-07-2017-14:04:50:041 28592 29338 1
17-07-2017-14:04:50:089 29338 30084 1
17-07-2017-14:04:50:135 30084 30830 1
17-07-2017-14:04:50:181 30830 31576 1
17-07-2017-14:04:50:228 31576 32322 1
17-07-2017-14:04:50:274 32322 33068 1
17-07-2017-14:04:50:322 33068 33814 1
17-07-2017-14:04:50:368 33814 34560 1
17-07-2017-14:04:50:416 34560 35306 1
17-07-2017-14:04:50:461 35306 36052 1
17-07-2017-14:04:50:509 36052 36798 1
17-07-2017-14:04:50:555 36798 37544 1
17-07-2017-14:04:50:601 37544 38290 1
17-07-2017-14:04:50:648 38290 39036 1
17-07-2017-14:04:50:694 39036 39782 1
17-07-2017-14:04:50:742 39782 40528 1
17-07-2017-14:04:50:792 40528 41274 1
17-07-2017-14:04:50:838 41274 42020 1
17-07-2017-14:04:50:885 42020 42766 1
17-07-2017-14:04:50:931 42766 43512 1
17-07-2017-14:04:50:979 43512 44258 1
17-07-2017-14:04:51:025 44258 45004 1
17-07-2017-14:04:51:072 45004 45750 1
17-07-2017-14:04:51:118 45750 46496 1
17-07-2017-14:04:51:164 46496 47242 1
17-07-2017-14:04:51:212 47242 47988 1
17-07-2017-14:04:51:257 47988 48734 1
17-07-2017-14:04:51:305 48734 49480 1
17-07-2017-14:04:51:494 49480 50226 1
17-07-2017-14:04:51:495 50226 50972 1
17-07-2017-14:04:51:495 50972 51718 1
17-07-2017-14:04:51:495 51718 52464 1
17-07-2017-14:04:51:537 52464 53210 1
17-07-2017-14:04:51:582 53210 53956 1
17-07-2017-14:04:51:630 53956 54702 1
17-07-2017-14:04:51:675 54702 55448 1
17-07-2017-14:04:51:722 55448 56194 1
17-07-2017-14:04:51:770 56194 56940 1
17-07-2017-14:04:51:815 56940 57686 1
17-07-2017-14:04:51:863 57686 58432 1
17-07-2017-14:04:51:910 58432 59178 1
17-07-2017-14:04:51:956 59178 59924 1
17-07-2017-14:04:52:004 59924 60670 1
17-07-2017-14:04:52:049 60670 61416 1
17-07-2017-14:04:52:097 61416 62162 1
17-07-2017-14:04:52:143 62162 62908 1
17-07-2017-14:04:52:190 62908 63654 1
17-07-2017-14:04:52:235 63654 64400 1
17-07-2017-14:04:52:287 64400 65146 1
17-07-2017-14:04:52:332 65146 65892 1
17-07-2017-14:04:52:380 65892 66638 1
17-07-2017-14:04:52:425 66638 67384 1
17-07-2017-14:04:52:472 67384 68130 1
17-07-2017-14:04:52:520 68130 68876 1
17-07-2017-14:04:52:565 68876 69622 1
17-07-2017-14:04:52:613 69622 70368 1
