17-07-2017-16:18:26:921 0 800 1
17-07-2017-16:18:26:973 800 1547 1
17-07-2017-16:18:27:022 1547 2294 1
17-07-2017-16:18:27:068 2294 3041 1
17-07-2017-16:18:27:130 3041 3788 1
17-07-2017-16:18:27:156 3788 4535 1
17-07-2017-16:18:27:207 4535 5282 1
17-07-2017-16:18:27:252 5282 6029 1
17-07-2017-16:18:27:306 6029 6720 1
17-07-2017-16:18:27:341 6720 7411 1
17-07-2017-16:18:27:384 7411 8102 1
17-07-2017-16:18:27:432 8102 8793 1
17-07-2017-16:18:27:466 8793 9484 1
17-07-2017-16:18:27:514 9484 10175 1
17-07-2017-16:18:27:548 10175 10866 1
17-07-2017-16:18:27:594 10866 11557 1
17-07-2017-16:18:27:642 11557 12248 1
17-07-2017-16:18:27:692 12248 12939 1
17-07-2017-16:18:27:731 12939 13630 1
17-07-2017-16:18:27:766 13630 14321 1
17-07-2017-16:18:27:819 14321 15012 1
17-07-2017-16:18:27:862 15012 15703 1
17-07-2017-16:18:27:905 15703 16394 1
17-07-2017-16:18:27:939 16394 17085 1
17-07-2017-16:18:27:986 17085 17776 1
17-07-2017-16:18:28:032 17776 18467 1
17-07-2017-16:18:28:067 18467 19158 1
17-07-2017-16:18:28:118 19158 19835 1
17-07-2017-16:18:28:161 19835 20512 1
17-07-2017-16:18:28:195 20512 21189 1
17-07-2017-16:18:28:245 21189 21866 1
17-07-2017-16:18:28:292 21866 22543 1
17-07-2017-16:18:28:322 22543 23220 1
17-07-2017-16:18:28:370 23220 23897 1
17-07-2017-16:18:28:403 23897 24574 1
17-07-2017-16:18:28:451 24574 25251 1
17-07-2017-16:18:28:497 25251 25928 1
17-07-2017-16:18:28:540 25928 26605 1
17-07-2017-16:18:28:583 26605 27282 1
17-07-2017-16:18:28:630 27282 27959 1
17-07-2017-16:18:28:665 27959 28636 1
17-07-2017-16:18:28:706 28636 29313 1
17-07-2017-16:18:28:745 29313 29990 1
17-07-2017-16:18:28:792 29990 30667 1
17-07-2017-16:18:28:837 30667 31344 1
17-07-2017-16:18:28:875 31344 32021 1
17-07-2017-16:18:28:922 32021 32698 1
17-07-2017-16:18:28:960 32698 33375 1
17-07-2017-16:18:29:002 33375 34052 1
17-07-2017-16:18:29:052 34052 34729 1
17-07-2017-16:18:29:096 34729 35406 1
17-07-2017-16:18:29:135 35406 36083 1
17-07-2017-16:18:29:173 36083 36760 1
17-07-2017-16:18:29:217 36760 37437 1
17-07-2017-16:18:29:252 37437 38114 1
17-07-2017-16:18:29:299 38114 38791 1
17-07-2017-16:18:29:345 38791 39468 1
17-07-2017-16:18:29:381 39468 40145 1
17-07-2017-16:18:29:428 40145 40822 1
17-07-2017-16:18:29:472 40822 41499 1
17-07-2017-16:18:29:506 41499 42176 1
17-07-2017-16:18:29:555 42176 42853 1
17-07-2017-16:18:29:589 42853 43530 1
17-07-2017-16:18:29:636 43530 44207 1
17-07-2017-16:18:29:675 44207 44884 1
17-07-2017-16:18:29:728 44884 45561 1
17-07-2017-16:18:29:773 45561 46238 1
17-07-2017-16:18:29:802 46238 46915 1
17-07-2017-16:18:29:847 46915 47592 1
17-07-2017-16:18:29:894 47592 48269 1
17-07-2017-16:18:29:933 48269 48946 1
17-07-2017-16:18:29:973 48946 49623 1
17-07-2017-16:18:30:625 49623 50300 1
17-07-2017-16:18:30:627 50300 50977 1
17-07-2017-16:18:30:627 50977 51654 1
17-07-2017-16:18:30:627 51654 52331 1
17-07-2017-16:18:30:627 52331 53008 1
17-07-2017-16:18:30:627 53008 53685 1
17-07-2017-16:18:30:627 53685 54362 1
17-07-2017-16:18:30:627 54362 55039 1
17-07-2017-16:18:30:627 55039 55716 1
17-07-2017-16:18:30:627 55716 56393 1
17-07-2017-16:18:30:628 56393 57070 1
17-07-2017-16:18:30:628 57070 57747 1
17-07-2017-16:18:30:628 57747 58424 1
17-07-2017-16:18:30:628 58424 59101 1
17-07-2017-16:18:30:628 59101 59778 1
17-07-2017-16:18:30:660 59778 60455 1
17-07-2017-16:18:30:696 60455 61132 1
17-07-2017-16:18:30:732 61132 61809 1
17-07-2017-16:18:30:781 61809 62486 1
17-07-2017-16:18:30:825 62486 63163 1
17-07-2017-16:18:30:861 63163 63840 1
17-07-2017-16:18:30:908 63840 64517 1
17-07-2017-16:18:30:945 64517 65194 1
17-07-2017-16:18:30:993 65194 65871 1
17-07-2017-16:18:31:027 65871 66548 1
17-07-2017-16:18:31:075 66548 67225 1
17-07-2017-16:18:31:121 67225 67902 1
17-07-2017-16:18:31:156 67902 68579 1
17-07-2017-16:18:31:202 68579 69256 1
17-07-2017-16:18:31:248 69256 69933 1
17-07-2017-16:18:31:284 69933 70610 1
17-07-2017-16:18:31:329 70610 71287 1
17-07-2017-16:18:31:364 71287 71964 1
17-07-2017-16:18:31:413 71964 72641 1
17-07-2017-16:18:31:459 72641 73318 1
17-07-2017-16:18:31:493 73318 73995 1
17-07-2017-16:18:31:541 73995 74672 1
17-07-2017-16:18:31:584 74672 75349 1
17-07-2017-16:18:31:633 75349 76026 1
17-07-2017-16:18:31:666 76026 76703 1
17-07-2017-16:18:31:713 76703 77380 1
17-07-2017-16:18:31:747 77380 78057 1
17-07-2017-16:18:31:794 78057 78734 1
17-07-2017-16:18:31:841 78734 79411 1
17-07-2017-16:18:31:882 79411 80088 1
17-07-2017-16:18:31:916 80088 80765 1
17-07-2017-16:18:31:962 80765 81442 1
17-07-2017-16:18:32:010 81442 82119 1
17-07-2017-16:18:32:045 82119 82796 1
17-07-2017-16:18:32:091 82796 83473 1
17-07-2017-16:18:32:134 83473 84150 1
17-07-2017-16:18:32:179 84150 84827 1
17-07-2017-16:18:32:215 84827 85504 1
17-07-2017-16:18:32:261 85504 86181 1
17-07-2017-16:18:32:307 86181 86858 1
17-07-2017-16:18:32:341 86858 87535 1
17-07-2017-16:18:32:385 87535 88212 1
17-07-2017-16:18:32:425 88212 88889 1
17-07-2017-16:18:32:474 88889 89566 1
17-07-2017-16:18:32:511 89566 90243 1
17-07-2017-16:18:32:722 90243 90920 1
17-07-2017-16:18:32:723 90920 91597 1
17-07-2017-16:18:32:723 91597 92274 1
17-07-2017-16:18:32:723 92274 92951 1
17-07-2017-16:18:32:728 92951 93628 1
17-07-2017-16:18:32:765 93628 94305 1
17-07-2017-16:18:32:812 94305 94982 1
17-07-2017-16:18:32:858 94982 95659 1
17-07-2017-16:18:32:891 95659 96336 1
17-07-2017-16:18:32:938 96336 97013 1
17-07-2017-16:18:32:974 97013 97690 1
17-07-2017-16:18:33:020 97690 98367 1
17-07-2017-16:18:33:066 98367 99044 1
17-07-2017-16:18:33:103 99044 99721 1
17-07-2017-16:18:33:148 99721 100398 1
17-07-2017-16:18:33:191 100398 101075 1
17-07-2017-16:18:33:228 101075 101752 1
17-07-2017-16:18:33:275 101752 102429 1
17-07-2017-16:18:33:329 102429 103106 1
17-07-2017-16:18:33:356 103106 103783 1
17-07-2017-16:18:33:402 103783 104460 1
17-07-2017-16:18:33:450 104460 105137 1
17-07-2017-16:18:33:483 105137 105814 1
17-07-2017-16:18:33:535 105814 106419 1
17-07-2017-16:18:33:560 106419 107024 1
17-07-2017-16:18:33:595 107024 107629 1
17-07-2017-16:18:33:641 107629 108234 1
17-07-2017-16:18:33:677 108234 108839 1
17-07-2017-16:18:33:711 108839 109444 1
17-07-2017-16:18:33:747 109444 110049 1
17-07-2017-16:18:33:790 110049 110654 1
17-07-2017-16:18:33:822 110654 111259 1
17-07-2017-16:18:33:868 111259 111864 1
17-07-2017-16:18:33:903 111864 112469 1
17-07-2017-16:18:33:937 112469 113074 1
17-07-2017-16:18:33:983 113074 113679 1
17-07-2017-16:18:34:018 113679 114284 1
17-07-2017-16:18:34:054 114284 114889 1
17-07-2017-16:18:34:089 114889 115494 1
17-07-2017-16:18:34:123 115494 116099 1
17-07-2017-16:18:34:170 116099 116704 1
17-07-2017-16:18:34:206 116704 117309 1
17-07-2017-16:18:34:250 117309 117914 1
17-07-2017-16:18:34:288 117914 118519 1
17-07-2017-16:18:34:316 118519 119124 1
17-07-2017-16:18:34:363 119124 119729 1
17-07-2017-16:18:34:398 119729 120334 1
17-07-2017-16:18:34:434 120334 120939 1
17-07-2017-16:18:34:475 120939 121544 1
17-07-2017-16:18:34:508 121544 122149 1
17-07-2017-16:18:34:545 122149 122754 1
17-07-2017-16:18:34:578 122754 123359 1
17-07-2017-16:18:34:626 123359 123964 1
17-07-2017-16:18:34:661 123964 124569 1
17-07-2017-16:18:34:700 124569 125174 1
17-07-2017-16:18:34:730 125174 125779 1
17-07-2017-16:18:34:777 125779 126384 1
17-07-2017-16:18:34:811 126384 126989 1
17-07-2017-16:18:34:847 126989 127594 1
17-07-2017-16:18:34:885 127594 128199 1
17-07-2017-16:18:34:928 128199 128804 1
17-07-2017-16:18:35:042 128804 129409 1
17-07-2017-16:18:35:045 129409 130014 1
17-07-2017-16:18:35:045 130014 130619 1
17-07-2017-16:18:35:080 130619 131224 1
17-07-2017-16:18:35:115 131224 131829 1
17-07-2017-16:18:35:150 131829 132434 1
17-07-2017-16:18:35:183 132434 133039 1
17-07-2017-16:18:35:231 133039 133644 1
17-07-2017-16:18:35:265 133644 134249 1
17-07-2017-16:18:35:302 134249 134854 1
17-07-2017-16:18:35:336 134854 135459 1
17-07-2017-16:18:35:383 135459 136064 1
17-07-2017-16:18:35:418 136064 136669 1
17-07-2017-16:18:35:458 136669 137274 1
17-07-2017-16:18:35:492 137274 137879 1
17-07-2017-16:18:35:532 137879 138484 1
17-07-2017-16:18:35:568 138484 139089 1
17-07-2017-16:18:35:602 139089 139694 1
17-07-2017-16:18:35:637 139694 140299 1
17-07-2017-16:18:35:684 140299 140904 1
17-07-2017-16:18:35:720 140904 141509 1
17-07-2017-16:18:35:751 141509 142114 1
17-07-2017-16:18:35:789 142114 142719 1
17-07-2017-16:18:35:835 142719 143324 1
17-07-2017-16:18:35:876 143324 143929 1
17-07-2017-16:18:35:910 143929 144534 1
17-07-2017-16:18:35:940 144534 145139 1
17-07-2017-16:18:35:988 145139 145744 1
17-07-2017-16:18:36:021 145744 146349 1
17-07-2017-16:18:36:057 146349 146954 1
17-07-2017-16:18:36:093 146954 147559 1
17-07-2017-16:18:36:132 147559 148164 1
17-07-2017-16:18:36:168 148164 148769 1
17-07-2017-16:18:36:214 148769 149374 1
17-07-2017-16:18:36:248 149374 149979 1
17-07-2017-16:18:36:285 149979 150584 1
17-07-2017-16:18:36:320 150584 151189 1
17-07-2017-16:18:36:367 151189 151794 1
17-07-2017-16:18:36:401 151794 152399 1
17-07-2017-16:18:36:436 152399 153004 1
17-07-2017-16:18:36:470 153004 153609 1
17-07-2017-16:18:36:505 153609 154214 1
17-07-2017-16:18:36:548 154214 154819 1
17-07-2017-16:18:36:585 154819 155424 1
17-07-2017-16:18:36:630 155424 156029 1
17-07-2017-16:18:36:666 156029 156634 1
17-07-2017-16:18:36:700 156634 157239 1
17-07-2017-16:18:36:735 157239 157844 1
17-07-2017-16:18:36:782 157844 158449 1
17-07-2017-16:18:36:818 158449 159054 1
17-07-2017-16:18:36:852 159054 159659 1
17-07-2017-16:18:36:887 159659 160264 1
17-07-2017-16:18:36:923 160264 160869 1
17-07-2017-16:18:36:970 160869 161474 1
17-07-2017-16:18:37:003 161474 162079 1
17-07-2017-16:18:37:039 162079 162684 1
17-07-2017-16:18:37:075 162684 163289 1
17-07-2017-16:18:37:120 163289 163894 1
17-07-2017-16:18:37:156 163894 164499 1
17-07-2017-16:18:37:192 164499 165104 1
17-07-2017-16:18:37:225 165104 165709 1
17-07-2017-16:18:37:272 165709 166314 1
17-07-2017-16:18:37:308 166314 166919 1
17-07-2017-16:18:37:341 166919 167524 1
17-07-2017-16:18:37:378 167524 168129 1
17-07-2017-16:18:37:424 168129 168734 1
17-07-2017-16:18:37:460 168734 169339 1
17-07-2017-16:18:37:493 169339 169944 1
17-07-2017-16:18:37:528 169944 170549 1
17-07-2017-16:18:37:576 170549 171154 1
17-07-2017-16:18:37:612 171154 171759 1
17-07-2017-16:18:37:646 171759 172364 1
17-07-2017-16:18:37:680 172364 172969 1
17-07-2017-16:18:37:726 172969 173574 1
17-07-2017-16:18:37:762 173574 174179 1
17-07-2017-16:18:37:804 174179 174784 1
17-07-2017-16:18:37:832 174784 175389 1
17-07-2017-16:18:37:878 175389 175994 1
17-07-2017-16:18:37:926 175994 176599 1
17-07-2017-16:18:37:950 176599 177204 1
17-07-2017-16:18:37:983 177204 177809 1
17-07-2017-16:18:38:018 177809 178414 1
17-07-2017-16:18:38:069 178414 179019 1
17-07-2017-16:18:38:529 179019 179624 1
17-07-2017-16:18:38:531 179624 180229 1
17-07-2017-16:18:38:531 180229 180834 1
17-07-2017-16:18:38:531 180834 181439 1
17-07-2017-16:18:38:531 181439 182044 1
17-07-2017-16:18:38:531 182044 182649 1
17-07-2017-16:18:38:531 182649 183254 1
17-07-2017-16:18:38:531 183254 183859 1
17-07-2017-16:18:38:531 183859 184464 1
17-07-2017-16:18:38:531 184464 185069 1
17-07-2017-16:18:38:531 185069 185674 1
17-07-2017-16:18:38:531 185674 186279 1
17-07-2017-16:18:38:551 186279 186884 1
17-07-2017-16:18:38:586 186884 187489 1
17-07-2017-16:18:38:639 187489 188094 1
17-07-2017-16:18:38:667 188094 188699 1
17-07-2017-16:18:38:703 188699 189304 1
17-07-2017-16:18:38:745 189304 189909 1
17-07-2017-16:18:38:786 189909 190514 1
17-07-2017-16:18:38:819 190514 191119 1
17-07-2017-16:18:38:863 191119 191724 1
17-07-2017-16:18:38:892 191724 192329 1
17-07-2017-16:18:38:925 192329 192934 1
17-07-2017-16:18:38:973 192934 193539 1
17-07-2017-16:18:39:008 193539 194144 1
17-07-2017-16:18:39:043 194144 194749 1
17-07-2017-16:18:39:078 194749 195354 1
17-07-2017-16:18:39:124 195354 195959 1
17-07-2017-16:18:39:160 195959 196564 1
17-07-2017-16:18:39:194 196564 197169 1
17-07-2017-16:18:39:230 197169 197774 1
17-07-2017-16:18:39:276 197774 198379 1
17-07-2017-16:18:39:312 198379 198984 1
17-07-2017-16:18:39:345 198984 199589 1
17-07-2017-16:18:39:381 199589 200194 1
17-07-2017-16:18:39:427 200194 200799 1
17-07-2017-16:18:39:462 200799 201404 1
17-07-2017-16:18:39:498 201404 202009 1
17-07-2017-16:18:39:532 202009 202614 1
17-07-2017-16:18:39:580 202614 203219 1
17-07-2017-16:18:39:614 203219 203824 1
17-07-2017-16:18:39:650 203824 204429 1
17-07-2017-16:18:39:684 204429 205034 1
17-07-2017-16:18:39:732 205034 205639 1
17-07-2017-16:18:39:765 205639 206244 1
17-07-2017-16:18:39:801 206244 206849 1
17-07-2017-16:18:39:837 206849 207454 1
17-07-2017-16:18:39:871 207454 208059 1
17-07-2017-16:18:39:917 208059 208664 1
17-07-2017-16:18:39:953 208664 209269 1
17-07-2017-16:18:39:989 209269 209874 1
17-07-2017-16:18:40:024 209874 210479 1
17-07-2017-16:18:40:069 210479 211084 1
17-07-2017-16:18:40:113 211084 211689 1
17-07-2017-16:18:40:146 211689 212294 1
17-07-2017-16:18:40:180 212294 212899 1
17-07-2017-16:18:40:216 212899 213504 1
17-07-2017-16:18:40:364 213504 214109 1
17-07-2017-16:18:40:365 214109 214714 1
17-07-2017-16:18:40:365 214714 215319 1
17-07-2017-16:18:40:368 215319 215924 1
17-07-2017-16:18:40:403 215924 216529 1
17-07-2017-16:18:40:449 216529 217134 1
17-07-2017-16:18:40:484 217134 217739 1
17-07-2017-16:18:40:519 217739 218344 1
17-07-2017-16:18:40:555 218344 218949 1
17-07-2017-16:18:40:600 218949 219554 1
17-07-2017-16:18:40:634 219554 220159 1
17-07-2017-16:18:40:671 220159 220764 1
17-07-2017-16:18:40:705 220764 221369 1
17-07-2017-16:18:40:753 221369 221974 1
17-07-2017-16:18:40:787 221974 222579 1
17-07-2017-16:18:40:823 222579 223184 1
17-07-2017-16:18:40:861 223184 223789 1
17-07-2017-16:18:40:896 223789 224394 1
17-07-2017-16:18:40:932 224394 224999 1
17-07-2017-16:18:40:979 224999 225604 1
17-07-2017-16:18:41:014 225604 226209 1
17-07-2017-16:18:41:052 226209 226814 1
17-07-2017-16:18:41:083 226814 227419 1
17-07-2017-16:18:41:131 227419 228024 1
17-07-2017-16:18:41:165 228024 228629 1
17-07-2017-16:18:41:201 228629 229234 1
17-07-2017-16:18:41:238 229234 229839 1
17-07-2017-16:18:41:281 229839 230444 1
17-07-2017-16:18:41:315 230444 231049 1
17-07-2017-16:18:41:350 231049 231654 1
17-07-2017-16:18:41:386 231654 232259 1
17-07-2017-16:18:41:431 232259 232864 1
17-07-2017-16:18:41:461 232864 233469 1
17-07-2017-16:18:41:506 233469 234074 1
17-07-2017-16:18:41:542 234074 234679 1
17-07-2017-16:18:41:577 234679 235284 1
17-07-2017-16:18:41:612 235284 235889 1
17-07-2017-16:18:41:653 235889 236494 1
17-07-2017-16:18:41:685 236494 237099 1
17-07-2017-16:18:41:733 237099 237704 1
17-07-2017-16:18:41:768 237704 238309 1
17-07-2017-16:18:41:803 238309 238914 1
17-07-2017-16:18:41:838 238914 239519 1
17-07-2017-16:18:41:886 239519 240124 1
17-07-2017-16:18:41:920 240124 240729 1
17-07-2017-16:18:41:970 240729 241334 1
17-07-2017-16:18:41:988 241334 241939 1
17-07-2017-16:18:42:038 241939 242544 1
17-07-2017-16:18:42:071 242544 243149 1
17-07-2017-16:18:42:107 243149 243754 1
17-07-2017-16:18:42:144 243754 244359 1
17-07-2017-16:18:42:188 244359 244964 1
17-07-2017-16:18:42:226 244964 245569 1
17-07-2017-16:18:42:262 245569 246174 1
17-07-2017-16:18:42:296 246174 246779 1
17-07-2017-16:18:42:332 246779 247384 1
17-07-2017-16:18:42:367 247384 247989 1
17-07-2017-16:18:42:413 247989 248594 1
17-07-2017-16:18:42:449 248594 249199 1
17-07-2017-16:18:42:485 249199 249804 1
17-07-2017-16:18:42:524 249804 250409 1
17-07-2017-16:18:42:560 250409 251014 1
17-07-2017-16:18:42:593 251014 251619 1
17-07-2017-16:18:42:640 251619 252224 1
17-07-2017-16:18:42:681 252224 252829 1
17-07-2017-16:18:42:710 252829 253434 1
17-07-2017-16:18:42:750 253434 254039 1
17-07-2017-16:18:42:784 254039 254644 1
17-07-2017-16:18:42:831 254644 255249 1
17-07-2017-16:18:42:867 255249 255854 1
17-07-2017-16:18:42:904 255854 256459 1
17-07-2017-16:18:42:936 256459 257064 1
17-07-2017-16:18:42:975 257064 257669 1
17-07-2017-16:18:43:015 257669 258274 1
17-07-2017-16:18:43:050 258274 258879 1
17-07-2017-16:18:43:085 258879 259484 1
17-07-2017-16:18:43:133 259484 260089 1
17-07-2017-16:18:43:167 260089 260694 1
17-07-2017-16:18:43:203 260694 261299 1
17-07-2017-16:18:43:239 261299 261904 1
17-07-2017-16:18:43:284 261904 262509 1
17-07-2017-16:18:43:322 262509 263114 1
17-07-2017-16:18:43:360 263114 263719 1
17-07-2017-16:18:43:394 263719 264324 1
17-07-2017-16:18:43:429 264324 264929 1
