17-07-2017-16:12:10:025 0 800 1
17-07-2017-16:12:10:071 800 1600 1
17-07-2017-16:12:10:122 1600 2400 1
17-07-2017-16:12:10:172 2400 3200 1
17-07-2017-16:12:10:224 3200 3947 1
17-07-2017-16:12:10:262 3947 4694 1
17-07-2017-16:12:10:315 4694 5427 1
17-07-2017-16:12:10:355 5427 6160 1
17-07-2017-16:12:10:402 6160 6893 1
17-07-2017-16:12:10:447 6893 7626 1
17-07-2017-16:12:10:495 7626 8359 1
17-07-2017-16:12:10:544 8359 9092 1
17-07-2017-16:12:10:593 9092 9825 1
17-07-2017-16:12:10:648 9825 10558 1
17-07-2017-16:12:10:683 10558 11291 1
17-07-2017-16:12:10:728 11291 12024 1
17-07-2017-16:12:10:777 12024 12757 1
17-07-2017-16:12:10:821 12757 13490 1
17-07-2017-16:12:10:874 13490 14223 1
17-07-2017-16:12:10:906 14223 14956 1
17-07-2017-16:12:10:956 14956 15689 1
17-07-2017-16:12:10:997 15689 16422 1
17-07-2017-16:12:11:045 16422 17155 1
17-07-2017-16:12:11:092 17155 17888 1
17-07-2017-16:12:11:137 17888 18621 1
17-07-2017-16:12:11:183 18621 19354 1
17-07-2017-16:12:11:227 19354 20087 1
17-07-2017-16:12:11:277 20087 20820 1
17-07-2017-16:12:11:320 20820 21553 1
17-07-2017-16:12:11:369 21553 22286 1
17-07-2017-16:12:11:414 22286 23019 1
17-07-2017-16:12:11:460 23019 23752 1
17-07-2017-16:12:11:508 23752 24485 1
17-07-2017-16:12:11:554 24485 25218 1
17-07-2017-16:12:11:601 25218 25951 1
17-07-2017-16:12:11:647 25951 26684 1
17-07-2017-16:12:11:693 26684 27417 1
17-07-2017-16:12:11:740 27417 28150 1
17-07-2017-16:12:11:776 28150 28883 1
17-07-2017-16:12:11:823 28883 29616 1
17-07-2017-16:12:11:869 29616 30349 1
17-07-2017-16:12:11:918 30349 31082 1
17-07-2017-16:12:11:961 31082 31815 1
17-07-2017-16:12:12:009 31815 32548 1
17-07-2017-16:12:12:055 32548 33281 1
17-07-2017-16:12:12:101 33281 34014 1
17-07-2017-16:12:12:148 34014 34747 1
17-07-2017-16:12:12:195 34747 35480 1
17-07-2017-16:12:12:238 35480 36213 1
17-07-2017-16:12:12:283 36213 36946 1
17-07-2017-16:12:12:334 36946 37679 1
17-07-2017-16:12:12:378 37679 38412 1
17-07-2017-16:12:12:424 38412 39145 1
17-07-2017-16:12:12:470 39145 39878 1
17-07-2017-16:12:12:516 39878 40611 1
17-07-2017-16:12:12:567 40611 41344 1
17-07-2017-16:12:12:610 41344 42077 1
17-07-2017-16:12:12:644 42077 42810 1
17-07-2017-16:12:12:696 42810 43543 1
17-07-2017-16:12:12:738 43543 44276 1
17-07-2017-16:12:12:785 44276 45009 1
17-07-2017-16:12:12:832 45009 45742 1
17-07-2017-16:12:12:883 45742 46475 1
17-07-2017-16:12:12:926 46475 47208 1
17-07-2017-16:12:12:978 47208 47854 1
17-07-2017-16:12:13:001 47854 48500 1
17-07-2017-16:12:13:047 48500 49146 1
17-07-2017-16:12:13:083 49146 49792 1
17-07-2017-16:12:13:426 49792 50438 1
17-07-2017-16:12:13:427 50438 51084 1
17-07-2017-16:12:13:427 51084 51730 1
17-07-2017-16:12:13:427 51730 52376 1
17-07-2017-16:12:13:427 52376 53022 1
17-07-2017-16:12:13:427 53022 53668 1
17-07-2017-16:12:13:427 53668 54314 1
17-07-2017-16:12:13:427 54314 54960 1
17-07-2017-16:12:13:456 54960 55606 1
17-07-2017-16:12:13:493 55606 56252 1
17-07-2017-16:12:13:528 56252 56898 1
17-07-2017-16:12:13:572 56898 57544 1
17-07-2017-16:12:13:608 57544 58190 1
17-07-2017-16:12:13:654 58190 58836 1
17-07-2017-16:12:13:689 58836 59482 1
17-07-2017-16:12:13:736 59482 60128 1
17-07-2017-16:12:13:770 60128 60774 1
17-07-2017-16:12:13:820 60774 61420 1
17-07-2017-16:12:13:852 61420 62066 1
17-07-2017-16:12:13:900 62066 62712 1
17-07-2017-16:12:13:934 62712 63358 1
17-07-2017-16:12:13:982 63358 64004 1
17-07-2017-16:12:14:015 64004 64650 1
17-07-2017-16:12:14:051 64650 65296 1
17-07-2017-16:12:14:097 65296 65942 1
17-07-2017-16:12:14:132 65942 66588 1
17-07-2017-16:12:14:178 66588 67234 1
17-07-2017-16:12:14:213 67234 67880 1
17-07-2017-16:12:14:261 67880 68526 1
17-07-2017-16:12:14:297 68526 69172 1
17-07-2017-16:12:14:343 69172 69818 1
17-07-2017-16:12:14:377 69818 70464 1
17-07-2017-16:12:14:423 70464 71110 1
17-07-2017-16:12:14:459 71110 71756 1
17-07-2017-16:12:14:505 71756 72402 1
17-07-2017-16:12:14:540 72402 73048 1
17-07-2017-16:12:14:575 73048 73694 1
17-07-2017-16:12:14:621 73694 74340 1
17-07-2017-16:12:14:656 74340 74986 1
17-07-2017-16:12:14:760 74986 75632 1
17-07-2017-16:12:14:762 75632 76278 1
17-07-2017-16:12:14:785 76278 76924 1
17-07-2017-16:12:14:821 76924 77570 1
17-07-2017-16:12:14:867 77570 78216 1
17-07-2017-16:12:14:903 78216 78862 1
17-07-2017-16:12:14:969 78862 79508 1
17-07-2017-16:12:14:986 79508 80154 1
17-07-2017-16:12:15:025 80154 80800 1
17-07-2017-16:12:15:068 80800 81446 1
17-07-2017-16:12:15:117 81446 82092 1
17-07-2017-16:12:15:143 82092 82738 1
17-07-2017-16:12:15:190 82738 83384 1
17-07-2017-16:12:15:224 83384 84030 1
17-07-2017-16:12:15:272 84030 84676 1
17-07-2017-16:12:15:307 84676 85322 1
17-07-2017-16:12:15:353 85322 85968 1
17-07-2017-16:12:15:388 85968 86614 1
17-07-2017-16:12:15:423 86614 87260 1
17-07-2017-16:12:15:471 87260 87906 1
17-07-2017-16:12:15:512 87906 88552 1
17-07-2017-16:12:15:549 88552 89198 1
17-07-2017-16:12:15:595 89198 89844 1
17-07-2017-16:12:15:631 89844 90490 1
17-07-2017-16:12:15:664 90490 91136 1
17-07-2017-16:12:15:711 91136 91782 1
17-07-2017-16:12:15:751 91782 92428 1
17-07-2017-16:12:15:793 92428 93074 1
17-07-2017-16:12:15:828 93074 93720 1
17-07-2017-16:12:15:874 93720 94366 1
17-07-2017-16:12:15:910 94366 95012 1
17-07-2017-16:12:15:956 95012 95658 1
17-07-2017-16:12:15:992 95658 96304 1
17-07-2017-16:12:16:039 96304 96950 1
17-07-2017-16:12:16:074 96950 97596 1
17-07-2017-16:12:16:121 97596 98242 1
17-07-2017-16:12:16:155 98242 98888 1
17-07-2017-16:12:16:190 98888 99534 1
17-07-2017-16:12:16:237 99534 100180 1
17-07-2017-16:12:16:271 100180 100826 1
17-07-2017-16:12:16:318 100826 101472 1
17-07-2017-16:12:16:354 101472 102118 1
17-07-2017-16:12:16:400 102118 102764 1
17-07-2017-16:12:16:435 102764 103410 1
17-07-2017-16:12:16:482 103410 104056 1
17-07-2017-16:12:16:516 104056 104702 1
17-07-2017-16:12:16:563 104702 105348 1
17-07-2017-16:12:16:611 105348 105994 1
17-07-2017-16:12:16:635 105994 106640 1
17-07-2017-16:12:16:678 106640 107286 1
17-07-2017-16:12:16:716 107286 107932 1
17-07-2017-16:12:16:763 107932 108578 1
17-07-2017-16:12:16:799 108578 109224 1
17-07-2017-16:12:16:845 109224 109870 1
17-07-2017-16:12:16:879 109870 110516 1
17-07-2017-16:12:16:926 110516 111162 1
17-07-2017-16:12:16:963 111162 111808 1
17-07-2017-16:12:17:008 111808 112454 1
17-07-2017-16:12:17:043 112454 113100 1
17-07-2017-16:12:17:077 113100 113746 1
17-07-2017-16:12:17:125 113746 114392 1
17-07-2017-16:12:17:161 114392 115038 1
17-07-2017-16:12:17:207 115038 115684 1
17-07-2017-16:12:17:241 115684 116330 1
17-07-2017-16:12:17:287 116330 116976 1
17-07-2017-16:12:17:322 116976 117622 1
17-07-2017-16:12:17:369 117622 118268 1
17-07-2017-16:12:17:405 118268 118914 1
17-07-2017-16:12:17:451 118914 119560 1
17-07-2017-16:12:17:488 119560 120206 1
17-07-2017-16:12:17:533 120206 120852 1
17-07-2017-16:12:17:572 120852 121498 1
17-07-2017-16:12:17:612 121498 122144 1
17-07-2017-16:12:17:648 122144 122790 1
17-07-2017-16:12:17:694 122790 123436 1
17-07-2017-16:12:17:729 123436 124082 1
17-07-2017-16:12:17:776 124082 124728 1
17-07-2017-16:12:17:811 124728 125374 1
17-07-2017-16:12:18:167 125374 126020 1
17-07-2017-16:12:18:169 126020 126666 1
17-07-2017-16:12:18:169 126666 127312 1
17-07-2017-16:12:18:169 127312 127958 1
17-07-2017-16:12:18:169 127958 128604 1
17-07-2017-16:12:18:169 128604 129250 1
17-07-2017-16:12:18:169 129250 129896 1
17-07-2017-16:12:18:170 129896 130542 1
17-07-2017-16:12:18:189 130542 131188 1
17-07-2017-16:12:18:219 131188 131834 1
17-07-2017-16:12:18:254 131834 132480 1
17-07-2017-16:12:18:301 132480 133126 1
17-07-2017-16:12:18:336 133126 133772 1
17-07-2017-16:12:18:370 133772 134418 1
17-07-2017-16:12:18:416 134418 135064 1
17-07-2017-16:12:18:457 135064 135710 1
17-07-2017-16:12:18:499 135710 136356 1
17-07-2017-16:12:18:533 136356 137002 1
17-07-2017-16:12:18:573 137002 137648 1
17-07-2017-16:12:18:619 137648 138294 1
17-07-2017-16:12:18:655 138294 138940 1
17-07-2017-16:12:18:705 138940 139586 1
17-07-2017-16:12:18:736 139586 140232 1
17-07-2017-16:12:18:777 140232 140878 1
17-07-2017-16:12:18:825 140878 141524 1
17-07-2017-16:12:18:859 141524 142170 1
17-07-2017-16:12:18:907 142170 142816 1
17-07-2017-16:12:18:944 142816 143462 1
17-07-2017-16:12:18:980 143462 144108 1
17-07-2017-16:12:19:024 144108 144754 1
17-07-2017-16:12:19:057 144754 145400 1
17-07-2017-16:12:19:105 145400 146046 1
17-07-2017-16:12:19:139 146046 146692 1
17-07-2017-16:12:19:186 146692 147338 1
17-07-2017-16:12:19:223 147338 147984 1
17-07-2017-16:12:19:267 147984 148630 1
17-07-2017-16:12:19:302 148630 149276 1
17-07-2017-16:12:19:351 149276 149922 1
17-07-2017-16:12:19:385 149922 150568 1
17-07-2017-16:12:19:419 150568 151214 1
17-07-2017-16:12:19:466 151214 151860 1
17-07-2017-16:12:19:501 151860 152506 1
17-07-2017-16:12:19:548 152506 153152 1
17-07-2017-16:12:19:584 153152 153798 1
17-07-2017-16:12:19:630 153798 154444 1
17-07-2017-16:12:19:664 154444 155090 1
17-07-2017-16:12:19:712 155090 155736 1
17-07-2017-16:12:19:746 155736 156382 1
17-07-2017-16:12:19:794 156382 157028 1
17-07-2017-16:12:19:827 157028 157674 1
17-07-2017-16:12:19:875 157674 158320 1
17-07-2017-16:12:19:909 158320 158966 1
17-07-2017-16:12:19:943 158966 159612 1
17-07-2017-16:12:19:993 159612 160258 1
17-07-2017-16:12:20:026 160258 160904 1
17-07-2017-16:12:20:074 160904 161550 1
17-07-2017-16:12:20:109 161550 162196 1
17-07-2017-16:12:20:155 162196 162842 1
17-07-2017-16:12:20:189 162842 163488 1
17-07-2017-16:12:20:236 163488 164134 1
17-07-2017-16:12:20:270 164134 164780 1
17-07-2017-16:12:20:318 164780 165426 1
17-07-2017-16:12:20:352 165426 166072 1
17-07-2017-16:12:20:400 166072 166718 1
17-07-2017-16:12:20:434 166718 167364 1
17-07-2017-16:12:20:470 167364 168010 1
17-07-2017-16:12:20:516 168010 168656 1
17-07-2017-16:12:20:552 168656 169302 1
17-07-2017-16:12:20:598 169302 169948 1
17-07-2017-16:12:20:633 169948 170594 1
17-07-2017-16:12:20:680 170594 171240 1
17-07-2017-16:12:20:715 171240 171886 1
17-07-2017-16:12:20:762 171886 172532 1
17-07-2017-16:12:20:796 172532 173178 1
17-07-2017-16:12:20:843 173178 173824 1
17-07-2017-16:12:20:879 173824 174470 1
17-07-2017-16:12:20:924 174470 175116 1
17-07-2017-16:12:20:959 175116 175762 1
17-07-2017-16:12:21:411 175762 176408 1
17-07-2017-16:12:21:411 176408 177054 1
17-07-2017-16:12:21:412 177054 177700 1
17-07-2017-16:12:21:412 177700 178346 1
17-07-2017-16:12:21:412 178346 178992 1
17-07-2017-16:12:21:412 178992 179638 1
17-07-2017-16:12:21:412 179638 180284 1
17-07-2017-16:12:21:415 180284 180930 1
17-07-2017-16:12:21:415 180930 181576 1
17-07-2017-16:12:21:415 181576 182222 1
17-07-2017-16:12:21:415 182222 182868 1
17-07-2017-16:12:21:450 182868 183514 1
17-07-2017-16:12:21:484 183514 184160 1
17-07-2017-16:12:21:519 184160 184806 1
17-07-2017-16:12:21:569 184806 185452 1
17-07-2017-16:12:21:605 185452 186098 1
17-07-2017-16:12:21:652 186098 186744 1
17-07-2017-16:12:21:685 186744 187390 1
17-07-2017-16:12:21:722 187390 188036 1
17-07-2017-16:12:21:763 188036 188682 1
17-07-2017-16:12:21:809 188682 189328 1
17-07-2017-16:12:21:851 189328 189974 1
17-07-2017-16:12:21:891 189974 190620 1
17-07-2017-16:12:21:926 190620 191266 1
17-07-2017-16:12:21:972 191266 191912 1
17-07-2017-16:12:22:008 191912 192558 1
17-07-2017-16:12:22:054 192558 193204 1
17-07-2017-16:12:22:089 193204 193850 1
17-07-2017-16:12:22:135 193850 194496 1
17-07-2017-16:12:22:171 194496 195142 1
17-07-2017-16:12:22:206 195142 195788 1
17-07-2017-16:12:22:253 195788 196434 1
17-07-2017-16:12:22:287 196434 197080 1
17-07-2017-16:12:22:334 197080 197726 1
17-07-2017-16:12:22:369 197726 198372 1
17-07-2017-16:12:22:416 198372 199018 1
17-07-2017-16:12:22:452 199018 199664 1
17-07-2017-16:12:22:498 199664 200310 1
17-07-2017-16:12:22:534 200310 200956 1
17-07-2017-16:12:22:580 200956 201602 1
17-07-2017-16:12:22:613 201602 202248 1
17-07-2017-16:12:22:649 202248 202894 1
17-07-2017-16:12:22:695 202894 203540 1
17-07-2017-16:12:22:730 203540 204186 1
17-07-2017-16:12:22:778 204186 204832 1
17-07-2017-16:12:22:812 204832 205478 1
17-07-2017-16:12:22:859 205478 206124 1
17-07-2017-16:12:22:895 206124 206770 1
17-07-2017-16:12:22:940 206770 207416 1
17-07-2017-16:12:22:981 207416 208062 1
17-07-2017-16:12:23:021 208062 208708 1
17-07-2017-16:12:23:055 208708 209354 1
17-07-2017-16:12:23:101 209354 210000 1
17-07-2017-16:12:23:136 210000 210646 1
17-07-2017-16:12:23:183 210646 211292 1
17-07-2017-16:12:23:218 211292 211938 1
17-07-2017-16:12:23:266 211938 212584 1
17-07-2017-16:12:23:300 212584 213230 1
17-07-2017-16:12:23:347 213230 213876 1
17-07-2017-16:12:23:382 213876 214522 1
17-07-2017-16:12:23:416 214522 215168 1
17-07-2017-16:12:23:462 215168 215814 1
17-07-2017-16:12:23:498 215814 216460 1
17-07-2017-16:12:23:545 216460 217106 1
17-07-2017-16:12:23:581 217106 217752 1
17-07-2017-16:12:23:627 217752 218398 1
17-07-2017-16:12:23:662 218398 219044 1
17-07-2017-16:12:23:701 219044 219690 1
17-07-2017-16:12:23:754 219690 220334 1
17-07-2017-16:12:23:791 220334 220978 1
17-07-2017-16:12:23:826 220978 221622 1
17-07-2017-16:12:23:861 221622 222266 1
17-07-2017-16:12:23:907 222266 222910 1
17-07-2017-16:12:23:943 222910 223554 1
17-07-2017-16:12:23:989 223554 224198 1
17-07-2017-16:12:24:024 224198 224842 1
17-07-2017-16:12:24:072 224842 225486 1
17-07-2017-16:12:24:107 225486 226130 1
17-07-2017-16:12:24:441 226130 226774 1
17-07-2017-16:12:24:442 226774 227418 1
17-07-2017-16:12:24:442 227418 228062 1
17-07-2017-16:12:24:442 228062 228706 1
17-07-2017-16:12:24:442 228706 229350 1
17-07-2017-16:12:24:442 229350 229994 1
17-07-2017-16:12:24:442 229994 230638 1
17-07-2017-16:12:24:442 230638 231282 1
17-07-2017-16:12:24:468 231282 231926 1
17-07-2017-16:12:24:514 231926 232570 1
17-07-2017-16:12:24:553 232570 233214 1
17-07-2017-16:12:24:588 233214 233858 1
17-07-2017-16:12:24:634 233858 234502 1
17-07-2017-16:12:24:668 234502 235146 1
17-07-2017-16:12:24:716 235146 235790 1
17-07-2017-16:12:24:759 235790 236434 1
17-07-2017-16:12:24:794 236434 237078 1
17-07-2017-16:12:24:830 237078 237722 1
17-07-2017-16:12:24:876 237722 238366 1
17-07-2017-16:12:24:912 238366 239010 1
17-07-2017-16:12:24:957 239010 239654 1
17-07-2017-16:12:24:993 239654 240298 1
17-07-2017-16:12:25:028 240298 240942 1
17-07-2017-16:12:25:075 240942 241586 1
17-07-2017-16:12:25:109 241586 242230 1
17-07-2017-16:12:25:156 242230 242874 1
17-07-2017-16:12:25:191 242874 243518 1
17-07-2017-16:12:25:238 243518 244162 1
17-07-2017-16:12:25:273 244162 244806 1
17-07-2017-16:12:25:319 244806 245450 1
17-07-2017-16:12:25:354 245450 246094 1
17-07-2017-16:12:25:398 246094 246738 1
17-07-2017-16:12:25:437 246738 247382 1
17-07-2017-16:12:25:473 247382 248026 1
17-07-2017-16:12:25:520 248026 248670 1
17-07-2017-16:12:25:553 248670 249314 1
17-07-2017-16:12:25:601 249314 249958 1
17-07-2017-16:12:25:636 249958 250602 1
17-07-2017-16:12:25:681 250602 251246 1
17-07-2017-16:12:25:718 251246 251890 1
17-07-2017-16:12:25:751 251890 252534 1
17-07-2017-16:12:25:798 252534 253178 1
17-07-2017-16:12:25:833 253178 253822 1
17-07-2017-16:12:25:879 253822 254466 1
17-07-2017-16:12:25:914 254466 255110 1
17-07-2017-16:12:25:961 255110 255754 1
17-07-2017-16:12:26:001 255754 256398 1
17-07-2017-16:12:26:040 256398 257042 1
17-07-2017-16:12:26:074 257042 257686 1
17-07-2017-16:12:26:120 257686 258330 1
17-07-2017-16:12:26:156 258330 258974 1
17-07-2017-16:12:26:202 258974 259618 1
17-07-2017-16:12:26:237 259618 260262 1
17-07-2017-16:12:26:285 260262 260906 1
17-07-2017-16:12:26:318 260906 261550 1
17-07-2017-16:12:26:365 261550 262194 1
17-07-2017-16:12:26:410 262194 262838 1
17-07-2017-16:12:26:444 262838 263482 1
17-07-2017-16:12:26:478 263482 264126 1
17-07-2017-16:12:26:526 264126 264770 1
17-07-2017-16:12:26:562 264770 265414 1
17-07-2017-16:12:26:609 265414 266058 1
17-07-2017-16:12:26:643 266058 266702 1
17-07-2017-16:12:26:678 266702 267346 1
17-07-2017-16:12:26:725 267346 267990 1
17-07-2017-16:12:26:759 267990 268634 1
17-07-2017-16:12:26:806 268634 269278 1
17-07-2017-16:12:26:840 269278 269922 1
17-07-2017-16:12:26:888 269922 270566 1
17-07-2017-16:12:26:923 270566 271210 1
17-07-2017-16:12:26:969 271210 271854 1
17-07-2017-16:12:27:001 271854 272498 1
17-07-2017-16:12:27:048 272498 273142 1
17-07-2017-16:12:27:084 273142 273786 1
17-07-2017-16:12:27:130 273786 274430 1
17-07-2017-16:12:27:164 274430 275074 1
17-07-2017-16:12:27:212 275074 275718 1
17-07-2017-16:12:27:245 275718 276362 1
17-07-2017-16:12:27:553 276362 277006 1
17-07-2017-16:12:27:554 277006 277650 1
17-07-2017-16:12:27:554 277650 278294 1
17-07-2017-16:12:27:554 278294 278938 1
17-07-2017-16:12:27:554 278938 279582 1
17-07-2017-16:12:27:554 279582 280226 1
17-07-2017-16:12:27:554 280226 280870 1
17-07-2017-16:12:27:565 280870 281514 1
17-07-2017-16:12:27:611 281514 282158 1
17-07-2017-16:12:27:646 282158 282802 1
17-07-2017-16:12:27:686 282802 283446 1
17-07-2017-16:12:27:724 283446 284090 1
17-07-2017-16:12:27:772 284090 284734 1
17-07-2017-16:12:27:807 284734 285378 1
17-07-2017-16:12:27:854 285378 286022 1
17-07-2017-16:12:27:890 286022 286666 1
17-07-2017-16:12:27:936 286666 287310 1
17-07-2017-16:12:27:969 287310 287954 1
17-07-2017-16:12:28:017 287954 288598 1
17-07-2017-16:12:28:050 288598 289242 1
17-07-2017-16:12:28:088 289242 289886 1
17-07-2017-16:12:28:138 289886 290530 1
17-07-2017-16:12:28:171 290530 291174 1
17-07-2017-16:12:28:220 291174 291818 1
17-07-2017-16:12:28:254 291818 292462 1
17-07-2017-16:12:28:289 292462 293106 1
17-07-2017-16:12:28:336 293106 293750 1
17-07-2017-16:12:28:370 293750 294394 1
17-07-2017-16:12:28:417 294394 295038 1
17-07-2017-16:12:28:452 295038 295682 1
17-07-2017-16:12:28:498 295682 296326 1
17-07-2017-16:12:28:533 296326 296970 1
17-07-2017-16:12:28:579 296970 297614 1
17-07-2017-16:12:28:614 297614 298258 1
17-07-2017-16:12:28:649 298258 298902 1
17-07-2017-16:12:28:697 298902 299546 1
17-07-2017-16:12:28:732 299546 300190 1
17-07-2017-16:12:28:771 300190 300834 1
17-07-2017-16:12:28:821 300834 301478 1
17-07-2017-16:12:28:855 301478 302122 1
17-07-2017-16:12:28:903 302122 302766 1
17-07-2017-16:12:28:937 302766 303410 1
17-07-2017-16:12:28:974 303410 304054 1
17-07-2017-16:12:29:020 304054 304698 1
17-07-2017-16:12:29:054 304698 305342 1
17-07-2017-16:12:29:104 305342 305986 1
17-07-2017-16:12:29:137 305986 306630 1
17-07-2017-16:12:29:184 306630 307274 1
17-07-2017-16:12:29:218 307274 307918 1
17-07-2017-16:12:29:264 307918 308562 1
17-07-2017-16:12:29:300 308562 309206 1
17-07-2017-16:12:29:335 309206 309850 1
17-07-2017-16:12:29:381 309850 310494 1
17-07-2017-16:12:29:416 310494 311138 1
17-07-2017-16:12:29:463 311138 311782 1
17-07-2017-16:12:29:497 311782 312426 1
17-07-2017-16:12:29:545 312426 313070 1
17-07-2017-16:12:29:579 313070 313714 1
17-07-2017-16:12:29:627 313714 314358 1
17-07-2017-16:12:29:660 314358 315002 1
17-07-2017-16:12:29:708 315002 315646 1
17-07-2017-16:12:29:742 315646 316290 1
17-07-2017-16:12:29:777 316290 316934 1
17-07-2017-16:12:29:824 316934 317578 1
17-07-2017-16:12:29:858 317578 318222 1
17-07-2017-16:12:29:906 318222 318866 1
17-07-2017-16:12:29:942 318866 319510 1
17-07-2017-16:12:29:988 319510 320154 1
17-07-2017-16:12:30:023 320154 320798 1
17-07-2017-16:12:30:070 320798 321442 1
17-07-2017-16:12:30:103 321442 322086 1
17-07-2017-16:12:30:139 322086 322730 1
17-07-2017-16:12:30:185 322730 323374 1
17-07-2017-16:12:30:221 323374 324018 1
17-07-2017-16:12:30:267 324018 324662 1
17-07-2017-16:12:30:303 324662 325306 1
17-07-2017-16:12:30:349 325306 325950 1
17-07-2017-16:12:30:383 325950 326594 1
17-07-2017-16:12:30:869 326594 327238 1
17-07-2017-16:12:30:874 327238 327882 1
17-07-2017-16:12:30:874 327882 328526 1
17-07-2017-16:12:30:875 328526 329170 1
17-07-2017-16:12:30:875 329170 329814 1
17-07-2017-16:12:30:875 329814 330458 1
17-07-2017-16:12:30:875 330458 331102 1
17-07-2017-16:12:30:875 331102 331746 1
17-07-2017-16:12:30:875 331746 332390 1
17-07-2017-16:12:30:875 332390 333034 1
17-07-2017-16:12:30:875 333034 333678 1
17-07-2017-16:12:30:875 333678 334322 1
17-07-2017-16:12:30:906 334322 334966 1
17-07-2017-16:12:30:952 334966 335610 1
17-07-2017-16:12:31:005 335610 336254 1
17-07-2017-16:12:31:035 336254 336898 1
17-07-2017-16:12:31:068 336898 337542 1
17-07-2017-16:12:31:115 337542 338186 1
17-07-2017-16:12:31:150 338186 338830 1
17-07-2017-16:12:31:196 338830 339474 1
17-07-2017-16:12:31:231 339474 340118 1
17-07-2017-16:12:31:268 340118 340762 1
17-07-2017-16:12:31:313 340762 341406 1
17-07-2017-16:12:31:349 341406 342050 1
17-07-2017-16:12:31:396 342050 342694 1
17-07-2017-16:12:31:430 342694 343338 1
17-07-2017-16:12:31:482 343338 343982 1
17-07-2017-16:12:31:507 343982 344626 1
17-07-2017-16:12:31:555 344626 345270 1
17-07-2017-16:12:31:589 345270 345914 1
17-07-2017-16:12:31:637 345914 346558 1
17-07-2017-16:12:31:671 346558 347202 1
17-07-2017-16:12:31:718 347202 347846 1
17-07-2017-16:12:31:752 347846 348490 1
17-07-2017-16:12:31:799 348490 349134 1
17-07-2017-16:12:31:834 349134 349778 1
17-07-2017-16:12:31:882 349778 350422 1
17-07-2017-16:12:31:917 350422 351066 1
17-07-2017-16:12:31:951 351066 351710 1
17-07-2017-16:12:31:998 351710 352354 1
17-07-2017-16:12:32:033 352354 352998 1
17-07-2017-16:12:32:078 352998 353642 1
17-07-2017-16:12:32:126 353642 354286 1
17-07-2017-16:12:32:163 354286 354930 1
17-07-2017-16:12:32:195 354930 355574 1
17-07-2017-16:12:32:243 355574 356218 1
17-07-2017-16:12:32:278 356218 356862 1
17-07-2017-16:12:32:312 356862 357506 1
17-07-2017-16:12:32:360 357506 358150 1
17-07-2017-16:12:32:401 358150 358794 1
17-07-2017-16:12:32:442 358794 359438 1
17-07-2017-16:12:32:476 359438 360082 1
17-07-2017-16:12:32:524 360082 360726 1
17-07-2017-16:12:32:557 360726 361370 1
17-07-2017-16:12:32:603 361370 362014 1
17-07-2017-16:12:32:639 362014 362658 1
17-07-2017-16:12:32:685 362658 363302 1
17-07-2017-16:12:32:721 363302 363946 1
17-07-2017-16:12:32:756 363946 364590 1
17-07-2017-16:12:32:802 364590 365234 1
17-07-2017-16:12:32:837 365234 365878 1
17-07-2017-16:12:32:885 365878 366522 1
17-07-2017-16:12:32:920 366522 367166 1
17-07-2017-16:12:32:966 367166 367810 1
17-07-2017-16:12:33:000 367810 368454 1
17-07-2017-16:12:33:047 368454 369098 1
17-07-2017-16:12:33:091 369098 369742 1
17-07-2017-16:12:33:126 369742 370386 1
17-07-2017-16:12:33:162 370386 371030 1
17-07-2017-16:12:33:207 371030 371674 1
17-07-2017-16:12:33:242 371674 372318 1
17-07-2017-16:12:33:290 372318 372962 1
17-07-2017-16:12:33:325 372962 373606 1
17-07-2017-16:12:33:358 373606 374250 1
17-07-2017-16:12:33:405 374250 374894 1
17-07-2017-16:12:33:441 374894 375538 1
17-07-2017-16:12:33:488 375538 376182 1
17-07-2017-16:12:33:521 376182 376826 1
17-07-2017-16:12:33:825 376826 377470 1
17-07-2017-16:12:33:826 377470 378114 1
17-07-2017-16:12:33:826 378114 378758 1
17-07-2017-16:12:33:833 378758 379402 1
17-07-2017-16:12:33:833 379402 380046 1
17-07-2017-16:12:33:833 380046 380690 1
17-07-2017-16:12:33:833 380690 381334 1
17-07-2017-16:12:33:850 381334 381978 1
17-07-2017-16:12:33:885 381978 382622 1
17-07-2017-16:12:33:931 382622 383266 1
17-07-2017-16:12:33:967 383266 383910 1
17-07-2017-16:12:34:026 383910 384554 1
17-07-2017-16:12:34:048 384554 385198 1
17-07-2017-16:12:34:094 385198 385842 1
17-07-2017-16:12:34:130 385842 386486 1
17-07-2017-16:12:34:164 386486 387130 1
17-07-2017-16:12:34:211 387130 387774 1
17-07-2017-16:12:34:251 387774 388418 1
17-07-2017-16:12:34:285 388418 389062 1
17-07-2017-16:12:34:331 389062 389706 1
17-07-2017-16:12:34:366 389706 390350 1
17-07-2017-16:12:34:414 390350 390994 1
17-07-2017-16:12:34:449 390994 391638 1
17-07-2017-16:12:34:495 391638 392282 1
17-07-2017-16:12:34:530 392282 392926 1
17-07-2017-16:12:34:579 392926 393570 1
17-07-2017-16:12:34:611 393570 394214 1
17-07-2017-16:12:34:658 394214 394858 1
17-07-2017-16:12:34:693 394858 395502 1
17-07-2017-16:12:34:728 395502 396146 1
17-07-2017-16:12:34:773 396146 396790 1
17-07-2017-16:12:34:820 396790 397434 1
17-07-2017-16:12:34:854 397434 398078 1
17-07-2017-16:12:34:899 398078 398722 1
17-07-2017-16:12:34:938 398722 399366 1
17-07-2017-16:12:34:970 399366 400010 1
17-07-2017-16:12:35:016 400010 400654 1
17-07-2017-16:12:35:055 400654 401298 1
17-07-2017-16:12:35:091 401298 401942 1
17-07-2017-16:12:35:138 401942 402586 1
17-07-2017-16:12:35:172 402586 403230 1
17-07-2017-16:12:35:219 403230 403874 1
17-07-2017-16:12:35:254 403874 404518 1
17-07-2017-16:12:35:300 404518 405162 1
17-07-2017-16:12:35:336 405162 405806 1
17-07-2017-16:12:35:385 405806 406450 1
17-07-2017-16:12:35:417 406450 407094 1
17-07-2017-16:12:35:452 407094 407738 1
17-07-2017-16:12:35:497 407738 408382 1
17-07-2017-16:12:35:543 408382 409026 1
17-07-2017-16:12:35:578 409026 409670 1
17-07-2017-16:12:35:623 409670 410314 1
17-07-2017-16:12:35:658 410314 410958 1
17-07-2017-16:12:35:694 410958 411602 1
17-07-2017-16:12:35:741 411602 412246 1
17-07-2017-16:12:35:775 412246 412890 1
17-07-2017-16:12:35:822 412890 413534 1
17-07-2017-16:12:35:858 413534 414178 1
17-07-2017-16:12:35:903 414178 414822 1
17-07-2017-16:12:35:939 414822 415466 1
17-07-2017-16:12:35:986 415466 416110 1
17-07-2017-16:12:36:019 416110 416754 1
17-07-2017-16:12:36:055 416754 417398 1
17-07-2017-16:12:36:102 417398 418042 1
17-07-2017-16:12:36:141 418042 418686 1
17-07-2017-16:12:36:181 418686 419330 1
17-07-2017-16:12:36:227 419330 419974 1
17-07-2017-16:12:36:262 419974 420618 1
17-07-2017-16:12:36:309 420618 421262 1
17-07-2017-16:12:36:342 421262 421906 1
17-07-2017-16:12:36:378 421906 422550 1
17-07-2017-16:12:36:426 422550 423194 1
17-07-2017-16:12:36:459 423194 423838 1
17-07-2017-16:12:36:507 423838 424482 1
17-07-2017-16:12:36:541 424482 425126 1
17-07-2017-16:12:36:581 425126 425770 1
17-07-2017-16:12:36:626 425770 426414 1
17-07-2017-16:12:36:662 426414 427058 1
17-07-2017-16:12:37:158 427058 427702 1
17-07-2017-16:12:37:159 427702 428346 1
17-07-2017-16:12:37:160 428346 428990 1
17-07-2017-16:12:37:160 428990 429634 1
17-07-2017-16:12:37:160 429634 430278 1
17-07-2017-16:12:37:160 430278 430922 1
17-07-2017-16:12:37:160 430922 431566 1
17-07-2017-16:12:37:160 431566 432210 1
17-07-2017-16:12:37:160 432210 432854 1
17-07-2017-16:12:37:160 432854 433498 1
17-07-2017-16:12:37:160 433498 434142 1
17-07-2017-16:12:37:160 434142 434786 1
17-07-2017-16:12:37:184 434786 435430 1
17-07-2017-16:12:37:232 435430 436074 1
17-07-2017-16:12:37:277 436074 436718 1
17-07-2017-16:12:37:313 436718 437362 1
17-07-2017-16:12:37:349 437362 438006 1
17-07-2017-16:12:37:395 438006 438650 1
17-07-2017-16:12:37:429 438650 439294 1
17-07-2017-16:12:37:465 439294 439938 1
17-07-2017-16:12:37:511 439938 440582 1
17-07-2017-16:12:37:546 440582 441226 1
17-07-2017-16:12:37:594 441226 441870 1
17-07-2017-16:12:37:628 441870 442514 1
17-07-2017-16:12:37:675 442514 443158 1
17-07-2017-16:12:37:709 443158 443802 1
17-07-2017-16:12:37:757 443802 444446 1
17-07-2017-16:12:37:793 444446 445090 1
17-07-2017-16:12:37:827 445090 445734 1
17-07-2017-16:12:37:873 445734 446378 1
17-07-2017-16:12:37:908 446378 447022 1
17-07-2017-16:12:37:956 447022 447666 1
17-07-2017-16:12:37:989 447666 448310 1
17-07-2017-16:12:38:036 448310 448954 1
17-07-2017-16:12:38:075 448954 449598 1
17-07-2017-16:12:38:110 449598 450242 1
17-07-2017-16:12:38:157 450242 450886 1
17-07-2017-16:12:38:191 450886 451530 1
17-07-2017-16:12:38:239 451530 452174 1
17-07-2017-16:12:38:274 452174 452818 1
17-07-2017-16:12:38:320 452818 453462 1
17-07-2017-16:12:38:355 453462 454106 1
17-07-2017-16:12:38:402 454106 454750 1
17-07-2017-16:12:38:435 454750 455394 1
17-07-2017-16:12:38:471 455394 456038 1
17-07-2017-16:12:38:522 456038 456682 1
17-07-2017-16:12:38:561 456682 457326 1
17-07-2017-16:12:38:596 457326 457970 1
17-07-2017-16:12:38:642 457970 458614 1
17-07-2017-16:12:38:677 458614 459258 1
17-07-2017-16:12:38:712 459258 459902 1
17-07-2017-16:12:38:760 459902 460546 1
17-07-2017-16:12:38:795 460546 461190 1
17-07-2017-16:12:38:841 461190 461834 1
17-07-2017-16:12:38:877 461834 462478 1
17-07-2017-16:12:38:923 462478 463122 1
17-07-2017-16:12:38:958 463122 463766 1
17-07-2017-16:12:39:004 463766 464410 1
17-07-2017-16:12:39:041 464410 465054 1
17-07-2017-16:12:39:085 465054 465698 1
17-07-2017-16:12:39:121 465698 466342 1
17-07-2017-16:12:39:156 466342 466986 1
17-07-2017-16:12:39:202 466986 467630 1
17-07-2017-16:12:39:237 467630 468274 1
17-07-2017-16:12:39:283 468274 468918 1
17-07-2017-16:12:39:319 468918 469562 1
17-07-2017-16:12:39:365 469562 470206 1
17-07-2017-16:12:39:400 470206 470850 1
17-07-2017-16:12:39:446 470850 471494 1
17-07-2017-16:12:39:482 471494 472138 1
17-07-2017-16:12:39:517 472138 472782 1
17-07-2017-16:12:39:564 472782 473426 1
17-07-2017-16:12:39:599 473426 474070 1
17-07-2017-16:12:39:645 474070 474714 1
17-07-2017-16:12:39:680 474714 475358 1
17-07-2017-16:12:39:728 475358 476002 1
17-07-2017-16:12:39:761 476002 476646 1
17-07-2017-16:12:39:809 476646 477290 1
17-07-2017-16:12:40:044 477290 477934 1
17-07-2017-16:12:40:047 477934 478578 1
17-07-2017-16:12:40:047 478578 479222 1
17-07-2017-16:12:40:047 479222 479866 1
17-07-2017-16:12:40:047 479866 480510 1
17-07-2017-16:12:40:050 480510 481154 1
17-07-2017-16:12:40:084 481154 481798 1
17-07-2017-16:12:40:133 481798 482442 1
17-07-2017-16:12:40:166 482442 483086 1
17-07-2017-16:12:40:203 483086 483730 1
17-07-2017-16:12:40:247 483730 484374 1
17-07-2017-16:12:40:283 484374 485018 1
17-07-2017-16:12:40:329 485018 485662 1
17-07-2017-16:12:40:364 485662 486306 1
17-07-2017-16:12:40:412 486306 486950 1
17-07-2017-16:12:40:447 486950 487594 1
17-07-2017-16:12:40:493 487594 488238 1
17-07-2017-16:12:40:528 488238 488882 1
17-07-2017-16:12:40:575 488882 489526 1
17-07-2017-16:12:40:610 489526 490170 1
17-07-2017-16:12:40:646 490170 490814 1
17-07-2017-16:12:40:691 490814 491458 1
17-07-2017-16:12:40:727 491458 492102 1
17-07-2017-16:12:40:773 492102 492746 1
17-07-2017-16:12:40:807 492746 493390 1
17-07-2017-16:12:40:853 493390 494034 1
17-07-2017-16:12:40:890 494034 494678 1
17-07-2017-16:12:40:936 494678 495322 1
17-07-2017-16:12:40:975 495322 495966 1
17-07-2017-16:12:41:011 495966 496610 1
17-07-2017-16:12:41:058 496610 497254 1
17-07-2017-16:12:41:093 497254 497898 1
17-07-2017-16:12:41:127 497898 498542 1
17-07-2017-16:12:41:173 498542 499186 1
17-07-2017-16:12:41:208 499186 499830 1
17-07-2017-16:12:41:255 499830 500474 1
17-07-2017-16:12:41:290 500474 501118 1
17-07-2017-16:12:41:336 501118 501762 1
17-07-2017-16:12:41:377 501762 502406 1
17-07-2017-16:12:41:421 502406 503050 1
17-07-2017-16:12:41:455 503050 503694 1
17-07-2017-16:12:41:490 503694 504338 1
17-07-2017-16:12:41:536 504338 504982 1
17-07-2017-16:12:41:572 504982 505626 1
17-07-2017-16:12:41:618 505626 506270 1
17-07-2017-16:12:41:652 506270 506914 1
17-07-2017-16:12:41:699 506914 507558 1
17-07-2017-16:12:41:734 507558 508202 1
17-07-2017-16:12:41:780 508202 508846 1
17-07-2017-16:12:41:816 508846 509490 1
17-07-2017-16:12:41:851 509490 510134 1
