17-07-2017-14:04:17:894 0 800 1
17-07-2017-14:04:17:946 800 1600 1
17-07-2017-14:04:17:998 1600 2358 1
17-07-2017-14:04:18:048 2358 3116 1
17-07-2017-14:04:18:095 3116 3874 1
17-07-2017-14:04:18:141 3874 4632 1
17-07-2017-14:04:18:183 4632 5390 1
17-07-2017-14:04:18:235 5390 6144 1
17-07-2017-14:04:18:287 6144 6898 1
17-07-2017-14:04:18:332 6898 7652 1
17-07-2017-14:04:18:380 7652 8406 1
17-07-2017-14:04:18:426 8406 9160 1
17-07-2017-14:04:18:473 9160 9914 1
17-07-2017-14:04:18:519 9914 10668 1
17-07-2017-14:04:18:567 10668 11422 1
17-07-2017-14:04:18:612 11422 12176 1
17-07-2017-14:04:18:654 12176 12930 1
17-07-2017-14:04:18:700 12930 13684 1
17-07-2017-14:04:18:747 13684 14438 1
17-07-2017-14:04:18:799 14438 15190 1
17-07-2017-14:04:18:851 15190 15936 1
17-07-2017-14:04:18:886 15936 16682 1
17-07-2017-14:04:18:934 16682 17428 1
17-07-2017-14:04:18:986 17428 18174 1
17-07-2017-14:04:19:033 18174 18920 1
17-07-2017-14:04:19:078 18920 19666 1
17-07-2017-14:04:19:130 19666 20412 1
17-07-2017-14:04:19:178 20412 21158 1
17-07-2017-14:04:19:224 21158 21904 1
17-07-2017-14:04:19:271 21904 22650 1
17-07-2017-14:04:19:317 22650 23396 1
17-07-2017-14:04:19:356 23396 24142 1
17-07-2017-14:04:19:402 24142 24888 1
17-07-2017-14:04:19:454 24888 25560 1
17-07-2017-14:04:19:493 25560 26232 1
17-07-2017-14:04:19:529 26232 26904 1
17-07-2017-14:04:19:574 26904 27576 1
17-07-2017-14:04:19:610 27576 28248 1
17-07-2017-14:04:19:657 28248 28920 1
17-07-2017-14:04:19:709 28920 29592 1
17-07-2017-14:04:19:745 29592 30264 1
17-07-2017-14:04:19:784 30264 30936 1
17-07-2017-14:04:19:820 30936 31608 1
17-07-2017-14:04:19:865 31608 32280 1
17-07-2017-14:04:19:913 32280 32952 1
17-07-2017-14:04:19:948 32952 33624 1
17-07-2017-14:04:19:994 33624 34296 1
17-07-2017-14:04:20:029 34296 34968 1
17-07-2017-14:04:20:075 34968 35640 1
17-07-2017-14:04:20:123 35640 36312 1
17-07-2017-14:04:20:162 36312 36984 1
17-07-2017-14:04:20:206 36984 37656 1
17-07-2017-14:04:20:241 37656 38328 1
17-07-2017-14:04:20:287 38328 39000 1
17-07-2017-14:04:20:335 39000 39672 1
17-07-2017-14:04:20:368 39672 40344 1
17-07-2017-14:04:20:410 40344 41016 1
17-07-2017-14:04:20:456 41016 41688 1
17-07-2017-14:04:20:503 41688 42360 1
17-07-2017-14:04:20:537 42360 43032 1
17-07-2017-14:04:20:583 43032 43704 1
17-07-2017-14:04:20:619 43704 44376 1
17-07-2017-14:04:20:666 44376 45048 1
17-07-2017-14:04:20:712 45048 45720 1
17-07-2017-14:04:20:747 45720 46392 1
17-07-2017-14:04:20:793 46392 47064 1
17-07-2017-14:04:20:828 47064 47736 1
17-07-2017-14:04:20:876 47736 48408 1
17-07-2017-14:04:20:922 48408 49080 1
17-07-2017-14:04:20:957 49080 49752 1
17-07-2017-14:04:21:151 49752 50424 1
17-07-2017-14:04:21:152 50424 51096 1
17-07-2017-14:04:21:152 51096 51768 1
17-07-2017-14:04:21:152 51768 52440 1
17-07-2017-14:04:21:171 52440 53112 1
17-07-2017-14:04:21:206 53112 53784 1
17-07-2017-14:04:21:252 53784 54456 1
17-07-2017-14:04:21:300 54456 55128 1
17-07-2017-14:04:21:335 55128 55800 1
17-07-2017-14:04:21:381 55800 56472 1
17-07-2017-14:04:21:416 56472 57144 1
17-07-2017-14:04:21:464 57144 57816 1
17-07-2017-14:04:21:509 57816 58488 1
17-07-2017-14:04:21:545 58488 59160 1
17-07-2017-14:04:21:590 59160 59832 1
17-07-2017-14:04:21:626 59832 60504 1
17-07-2017-14:04:21:673 60504 61176 1
17-07-2017-14:04:21:719 61176 61848 1
17-07-2017-14:04:21:759 61848 62520 1
17-07-2017-14:04:21:802 62520 63192 1
17-07-2017-14:04:21:837 63192 63864 1
17-07-2017-14:04:21:883 63864 64536 1
17-07-2017-14:04:21:923 64536 65208 1
17-07-2017-14:04:21:970 65208 65880 1
17-07-2017-14:04:22:006 65880 66552 1
17-07-2017-14:04:22:051 66552 67224 1
17-07-2017-14:04:22:098 67224 67896 1
17-07-2017-14:04:22:133 67896 68568 1
17-07-2017-14:04:22:179 68568 69240 1
17-07-2017-14:04:22:214 69240 69912 1
17-07-2017-14:04:22:261 69912 70584 1
17-07-2017-14:04:22:307 70584 71256 1
17-07-2017-14:04:22:342 71256 71928 1
17-07-2017-14:04:22:389 71928 72600 1
17-07-2017-14:04:22:429 72600 73272 1
17-07-2017-14:04:22:474 73272 73944 1
17-07-2017-14:04:22:507 73944 74616 1
17-07-2017-14:04:22:555 74616 75288 1
17-07-2017-14:04:22:601 75288 75960 1
17-07-2017-14:04:22:636 75960 76632 1
17-07-2017-14:04:22:682 76632 77304 1
17-07-2017-14:04:22:717 77304 77976 1
