17-07-2017-16:24:52:389 0 800 1
17-07-2017-16:24:52:442 800 1600 1
17-07-2017-16:24:52:490 1600 2400 1
17-07-2017-16:24:52:536 2400 3200 1
17-07-2017-16:24:52:583 3200 4000 1
17-07-2017-16:24:52:635 4000 4760 1
17-07-2017-16:24:52:682 4760 5520 1
17-07-2017-16:24:52:729 5520 6280 1
17-07-2017-16:24:52:775 6280 7040 1
17-07-2017-16:24:52:821 7040 7800 1
17-07-2017-16:24:52:869 7800 8560 1
17-07-2017-16:24:52:914 8560 9320 1
17-07-2017-16:24:52:967 9320 10067 1
17-07-2017-16:24:53:013 10067 10814 1
17-07-2017-16:24:53:066 10814 11561 1
17-07-2017-16:24:53:113 11561 12308 1
17-07-2017-16:24:53:160 12308 13055 1
17-07-2017-16:24:53:209 13055 13802 1
17-07-2017-16:24:53:255 13802 14549 1
17-07-2017-16:24:53:304 14549 15296 1
17-07-2017-16:24:53:352 15296 16043 1
17-07-2017-16:24:53:387 16043 16790 1
17-07-2017-16:24:53:438 16790 17440 1
17-07-2017-16:24:53:472 17440 18090 1
17-07-2017-16:24:53:512 18090 18740 1
17-07-2017-16:24:53:560 18740 19390 1
17-07-2017-16:24:53:597 19390 20040 1
17-07-2017-16:24:53:626 20040 20690 1
17-07-2017-16:24:53:673 20690 21340 1
17-07-2017-16:24:53:707 21340 21990 1
17-07-2017-16:24:53:754 21990 22640 1
17-07-2017-16:24:53:789 22640 23290 1
17-07-2017-16:24:53:836 23290 23940 1
17-07-2017-16:24:53:871 23940 24590 1
17-07-2017-16:24:53:917 24590 25240 1
17-07-2017-16:24:53:953 25240 25890 1
17-07-2017-16:24:53:999 25890 26540 1
17-07-2017-16:24:54:033 26540 27190 1
17-07-2017-16:24:54:079 27190 27840 1
17-07-2017-16:24:54:123 27840 28490 1
17-07-2017-16:24:54:166 28490 29140 1
17-07-2017-16:24:54:201 29140 29790 1
17-07-2017-16:24:54:236 29790 30440 1
17-07-2017-16:24:54:281 30440 31090 1
17-07-2017-16:24:54:317 31090 31740 1
17-07-2017-16:24:54:364 31740 32390 1
17-07-2017-16:24:54:408 32390 33040 1
17-07-2017-16:24:54:439 33040 33690 1
17-07-2017-16:24:54:486 33690 34340 1
17-07-2017-16:24:54:521 34340 34990 1
17-07-2017-16:24:54:568 34990 35640 1
17-07-2017-16:24:54:603 35640 36290 1
17-07-2017-16:24:54:649 36290 36940 1
17-07-2017-16:24:54:686 36940 37590 1
17-07-2017-16:24:54:733 37590 38240 1
17-07-2017-16:24:54:773 38240 38890 1
17-07-2017-16:24:54:807 38890 39540 1
17-07-2017-16:24:54:853 39540 40190 1
17-07-2017-16:24:54:889 40190 40840 1
17-07-2017-16:24:54:929 40840 41490 1
17-07-2017-16:24:54:976 41490 42140 1
17-07-2017-16:24:55:011 42140 42790 1
17-07-2017-16:24:55:058 42790 43440 1
17-07-2017-16:24:55:093 43440 44090 1
17-07-2017-16:24:55:138 44090 44740 1
17-07-2017-16:24:55:174 44740 45390 1
17-07-2017-16:24:55:220 45390 46040 1
17-07-2017-16:24:55:265 46040 46690 1
17-07-2017-16:24:55:296 46690 47340 1
17-07-2017-16:24:55:344 47340 47990 1
17-07-2017-16:24:55:379 47990 48640 1
17-07-2017-16:24:55:418 48640 49290 1
17-07-2017-16:24:55:454 49290 49940 1
17-07-2017-16:24:55:802 49940 50547 1
17-07-2017-16:24:55:803 50547 51154 1
17-07-2017-16:24:55:803 51154 51761 1
17-07-2017-16:24:55:803 51761 52368 1
17-07-2017-16:24:55:803 52368 52975 1
17-07-2017-16:24:55:804 52975 53582 1
17-07-2017-16:24:55:804 53582 54189 1
17-07-2017-16:24:55:804 54189 54796 1
17-07-2017-16:24:55:806 54796 55403 1
17-07-2017-16:24:55:841 55403 56010 1
17-07-2017-16:24:55:876 56010 56617 1
17-07-2017-16:24:55:910 56617 57224 1
17-07-2017-16:24:55:957 57224 57831 1
17-07-2017-16:24:55:993 57831 58438 1
17-07-2017-16:24:56:028 58438 59045 1
17-07-2017-16:24:56:061 59045 59652 1
17-07-2017-16:24:56:107 59652 60259 1
17-07-2017-16:24:56:142 60259 60866 1
17-07-2017-16:24:56:177 60866 61473 1
17-07-2017-16:24:56:224 61473 62080 1
17-07-2017-16:24:56:258 62080 62687 1
17-07-2017-16:24:56:293 62687 63294 1
17-07-2017-16:24:56:329 63294 63901 1
17-07-2017-16:24:56:375 63901 64508 1
17-07-2017-16:24:56:409 64508 65115 1
17-07-2017-16:24:56:450 65115 65722 1
17-07-2017-16:24:56:489 65722 66329 1
17-07-2017-16:24:56:520 66329 66936 1
17-07-2017-16:24:56:555 66936 67543 1
17-07-2017-16:24:56:600 67543 68150 1
17-07-2017-16:24:56:636 68150 68757 1
17-07-2017-16:24:56:670 68757 69364 1
17-07-2017-16:24:56:706 69364 69971 1
17-07-2017-16:24:56:751 69971 70578 1
17-07-2017-16:24:56:788 70578 71185 1
17-07-2017-16:24:56:823 71185 71792 1
17-07-2017-16:24:56:856 71792 72399 1
17-07-2017-16:24:56:906 72399 73006 1
17-07-2017-16:24:56:938 73006 73613 1
17-07-2017-16:24:56:973 73613 74220 1
17-07-2017-16:24:57:016 74220 74827 1
17-07-2017-16:24:57:197 74827 75434 1
17-07-2017-16:24:57:198 75434 76041 1
17-07-2017-16:24:57:198 76041 76648 1
17-07-2017-16:24:57:198 76648 77255 1
17-07-2017-16:24:57:202 77255 77862 1
17-07-2017-16:24:57:240 77862 78469 1
17-07-2017-16:24:57:283 78469 79076 1
17-07-2017-16:24:57:319 79076 79683 1
17-07-2017-16:24:57:357 79683 80290 1
17-07-2017-16:24:57:388 80290 80897 1
17-07-2017-16:24:57:436 80897 81504 1
17-07-2017-16:24:57:470 81504 82111 1
17-07-2017-16:24:57:506 82111 82718 1
17-07-2017-16:24:57:540 82718 83325 1
17-07-2017-16:24:57:586 83325 83932 1
17-07-2017-16:24:57:622 83932 84539 1
17-07-2017-16:24:57:656 84539 85146 1
17-07-2017-16:24:57:692 85146 85753 1
17-07-2017-16:24:57:739 85753 86360 1
17-07-2017-16:24:57:774 86360 86967 1
17-07-2017-16:24:57:808 86967 87574 1
17-07-2017-16:24:57:844 87574 88181 1
17-07-2017-16:24:57:890 88181 88788 1
17-07-2017-16:24:57:930 88788 89395 1
17-07-2017-16:24:57:966 89395 90002 1
17-07-2017-16:24:58:000 90002 90609 1
17-07-2017-16:24:58:036 90609 91216 1
17-07-2017-16:24:58:082 91216 91823 1
17-07-2017-16:24:58:116 91823 92430 1
17-07-2017-16:24:58:157 92430 93037 1
17-07-2017-16:24:58:193 93037 93644 1
17-07-2017-16:24:58:234 93644 94251 1
17-07-2017-16:24:58:278 94251 94858 1
17-07-2017-16:24:58:301 94858 95465 1
17-07-2017-16:24:58:347 95465 96072 1
17-07-2017-16:24:58:382 96072 96679 1
17-07-2017-16:24:58:418 96679 97286 1
17-07-2017-16:24:58:452 97286 97893 1
17-07-2017-16:24:58:500 97893 98500 1
17-07-2017-16:24:58:535 98500 99107 1
17-07-2017-16:24:58:568 99107 99714 1
17-07-2017-16:24:58:604 99714 100321 1
17-07-2017-16:24:58:651 100321 100928 1
17-07-2017-16:24:58:686 100928 101535 1
17-07-2017-16:24:58:722 101535 102142 1
17-07-2017-16:24:58:756 102142 102749 1
17-07-2017-16:24:58:803 102749 103356 1
17-07-2017-16:24:58:838 103356 103963 1
17-07-2017-16:24:58:873 103963 104570 1
17-07-2017-16:24:58:907 104570 105177 1
17-07-2017-16:24:58:955 105177 105784 1
17-07-2017-16:24:58:989 105784 106391 1
17-07-2017-16:24:59:024 106391 106998 1
17-07-2017-16:24:59:058 106998 107605 1
17-07-2017-16:24:59:105 107605 108212 1
17-07-2017-16:24:59:141 108212 108819 1
17-07-2017-16:24:59:175 108819 109426 1
17-07-2017-16:24:59:210 109426 110033 1
17-07-2017-16:24:59:256 110033 110640 1
17-07-2017-16:24:59:291 110640 111247 1
17-07-2017-16:24:59:327 111247 111854 1
17-07-2017-16:24:59:363 111854 112461 1
17-07-2017-16:24:59:481 112461 113068 1
17-07-2017-16:24:59:482 113068 113675 1
17-07-2017-16:24:59:485 113675 114282 1
17-07-2017-16:24:59:518 114282 114889 1
17-07-2017-16:24:59:553 114889 115496 1
17-07-2017-16:24:59:588 115496 116103 1
17-07-2017-16:24:59:628 116103 116710 1
17-07-2017-16:24:59:671 116710 117317 1
17-07-2017-16:24:59:705 117317 117924 1
17-07-2017-16:24:59:741 117924 118531 1
17-07-2017-16:24:59:787 118531 119138 1
17-07-2017-16:24:59:822 119138 119745 1
17-07-2017-16:24:59:858 119745 120352 1
17-07-2017-16:24:59:892 120352 120959 1
17-07-2017-16:24:59:938 120959 121566 1
17-07-2017-16:24:59:974 121566 122173 1
17-07-2017-16:25:00:008 122173 122780 1
17-07-2017-16:25:00:044 122780 123387 1
17-07-2017-16:25:00:090 123387 123994 1
17-07-2017-16:25:00:125 123994 124601 1
17-07-2017-16:25:00:161 124601 125208 1
17-07-2017-16:25:00:206 125208 125815 1
17-07-2017-16:25:00:242 125815 126422 1
17-07-2017-16:25:00:277 126422 127029 1
17-07-2017-16:25:00:312 127029 127636 1
17-07-2017-16:25:00:358 127636 128243 1
17-07-2017-16:25:00:394 128243 128850 1
17-07-2017-16:25:00:429 128850 129457 1
17-07-2017-16:25:00:465 129457 130064 1
17-07-2017-16:25:00:511 130064 130671 1
17-07-2017-16:25:00:546 130671 131278 1
17-07-2017-16:25:00:580 131278 131885 1
17-07-2017-16:25:00:615 131885 132492 1
17-07-2017-16:25:00:661 132492 133099 1
17-07-2017-16:25:00:696 133099 133706 1
17-07-2017-16:25:00:729 133706 134313 1
17-07-2017-16:25:00:776 134313 134920 1
17-07-2017-16:25:00:810 134920 135527 1
17-07-2017-16:25:00:846 135527 136134 1
17-07-2017-16:25:00:881 136134 136741 1
17-07-2017-16:25:00:928 136741 137348 1
17-07-2017-16:25:00:961 137348 137955 1
17-07-2017-16:25:00:996 137955 138562 1
17-07-2017-16:25:01:032 138562 139169 1
17-07-2017-16:25:01:079 139169 139776 1
17-07-2017-16:25:01:113 139776 140383 1
17-07-2017-16:25:01:149 140383 140990 1
17-07-2017-16:25:01:197 140990 141597 1
17-07-2017-16:25:01:230 141597 142204 1
17-07-2017-16:25:01:265 142204 142811 1
17-07-2017-16:25:01:300 142811 143418 1
17-07-2017-16:25:01:337 143418 144025 1
17-07-2017-16:25:01:385 144025 144632 1
17-07-2017-16:25:01:419 144632 145239 1
17-07-2017-16:25:01:454 145239 145846 1
17-07-2017-16:25:01:487 145846 146453 1
17-07-2017-16:25:01:533 146453 147060 1
17-07-2017-16:25:01:570 147060 147667 1
17-07-2017-16:25:01:605 147667 148274 1
17-07-2017-16:25:01:638 148274 148881 1
17-07-2017-16:25:01:686 148881 149488 1
17-07-2017-16:25:01:720 149488 150095 1
17-07-2017-16:25:01:754 150095 150702 1
17-07-2017-16:25:01:791 150702 151309 1
17-07-2017-16:25:01:838 151309 151916 1
17-07-2017-16:25:01:872 151916 152523 1
17-07-2017-16:25:01:907 152523 153130 1
17-07-2017-16:25:01:943 153130 153737 1
17-07-2017-16:25:01:989 153737 154344 1
17-07-2017-16:25:02:024 154344 154951 1
17-07-2017-16:25:02:060 154951 155558 1
17-07-2017-16:25:02:094 155558 156165 1
17-07-2017-16:25:02:140 156165 156772 1
17-07-2017-16:25:02:175 156772 157379 1
17-07-2017-16:25:02:211 157379 157986 1
17-07-2017-16:25:02:245 157986 158593 1
17-07-2017-16:25:02:293 158593 159200 1
17-07-2017-16:25:02:326 159200 159807 1
17-07-2017-16:25:02:362 159807 160414 1
17-07-2017-16:25:02:398 160414 161021 1
17-07-2017-16:25:02:437 161021 161628 1
17-07-2017-16:25:02:483 161628 162235 1
17-07-2017-16:25:02:517 162235 162842 1
17-07-2017-16:25:02:869 162842 163449 1
17-07-2017-16:25:02:870 163449 164056 1
17-07-2017-16:25:02:870 164056 164663 1
17-07-2017-16:25:02:871 164663 165270 1
17-07-2017-16:25:02:872 165270 165877 1
17-07-2017-16:25:02:872 165877 166484 1
17-07-2017-16:25:02:872 166484 167091 1
17-07-2017-16:25:02:872 167091 167698 1
17-07-2017-16:25:02:872 167698 168305 1
17-07-2017-16:25:02:895 168305 168912 1
17-07-2017-16:25:02:929 168912 169519 1
17-07-2017-16:25:02:977 169519 170126 1
17-07-2017-16:25:03:011 170126 170733 1
17-07-2017-16:25:03:047 170733 171340 1
17-07-2017-16:25:03:082 171340 171947 1
17-07-2017-16:25:03:128 171947 172554 1
17-07-2017-16:25:03:163 172554 173161 1
17-07-2017-16:25:03:198 173161 173768 1
17-07-2017-16:25:03:245 173768 174375 1
17-07-2017-16:25:03:280 174375 174982 1
17-07-2017-16:25:03:314 174982 175589 1
17-07-2017-16:25:03:350 175589 176196 1
17-07-2017-16:25:03:384 176196 176803 1
17-07-2017-16:25:03:432 176803 177410 1
17-07-2017-16:25:03:465 177410 178017 1
17-07-2017-16:25:03:501 178017 178624 1
17-07-2017-16:25:03:537 178624 179231 1
17-07-2017-16:25:03:582 179231 179838 1
17-07-2017-16:25:03:618 179838 180445 1
17-07-2017-16:25:03:654 180445 181052 1
17-07-2017-16:25:03:687 181052 181659 1
17-07-2017-16:25:03:738 181659 182266 1
17-07-2017-16:25:03:765 182266 182873 1
17-07-2017-16:25:03:809 182873 183480 1
17-07-2017-16:25:03:844 183480 184087 1
17-07-2017-16:25:03:880 184087 184694 1
17-07-2017-16:25:03:918 184694 185301 1
17-07-2017-16:25:03:953 185301 185908 1
17-07-2017-16:25:03:999 185908 186515 1
17-07-2017-16:25:04:035 186515 187122 1
17-07-2017-16:25:04:068 187122 187729 1
17-07-2017-16:25:04:104 187729 188336 1
17-07-2017-16:25:04:150 188336 188943 1
17-07-2017-16:25:04:187 188943 189550 1
17-07-2017-16:25:04:221 189550 190157 1
17-07-2017-16:25:04:256 190157 190764 1
17-07-2017-16:25:04:301 190764 191371 1
17-07-2017-16:25:04:338 191371 191978 1
17-07-2017-16:25:04:374 191978 192585 1
17-07-2017-16:25:04:408 192585 193192 1
17-07-2017-16:25:04:453 193192 193799 1
17-07-2017-16:25:04:492 193799 194406 1
17-07-2017-16:25:04:527 194406 195013 1
17-07-2017-16:25:04:567 195013 195620 1
17-07-2017-16:25:04:601 195620 196227 1
17-07-2017-16:25:04:637 196227 196834 1
17-07-2017-16:25:04:683 196834 197441 1
17-07-2017-16:25:04:719 197441 198048 1
17-07-2017-16:25:04:753 198048 198655 1
17-07-2017-16:25:04:789 198655 199262 1
17-07-2017-16:25:04:834 199262 199869 1
17-07-2017-16:25:04:871 199869 200476 1
17-07-2017-16:25:04:905 200476 201083 1
17-07-2017-16:25:04:939 201083 201690 1
17-07-2017-16:25:04:989 201690 202297 1
17-07-2017-16:25:05:022 202297 202904 1
17-07-2017-16:25:05:058 202904 203511 1
17-07-2017-16:25:05:092 203511 204118 1
17-07-2017-16:25:05:138 204118 204725 1
17-07-2017-16:25:05:173 204725 205332 1
17-07-2017-16:25:05:209 205332 205939 1
17-07-2017-16:25:05:243 205939 206546 1
17-07-2017-16:25:05:289 206546 207153 1
17-07-2017-16:25:05:324 207153 207760 1
17-07-2017-16:25:05:361 207760 208367 1
17-07-2017-16:25:05:394 208367 208974 1
17-07-2017-16:25:05:441 208974 209581 1
17-07-2017-16:25:05:476 209581 210188 1
17-07-2017-16:25:05:511 210188 210795 1
17-07-2017-16:25:05:545 210795 211402 1
17-07-2017-16:25:05:593 211402 212009 1
17-07-2017-16:25:05:628 212009 212616 1
17-07-2017-16:25:05:662 212616 213223 1
17-07-2017-16:25:05:967 213223 213830 1
17-07-2017-16:25:05:968 213830 214437 1
17-07-2017-16:25:05:969 214437 215044 1
17-07-2017-16:25:05:969 215044 215651 1
17-07-2017-16:25:05:969 215651 216258 1
17-07-2017-16:25:05:969 216258 216865 1
17-07-2017-16:25:05:969 216865 217472 1
17-07-2017-16:25:05:969 217472 218079 1
17-07-2017-16:25:06:004 218079 218686 1
17-07-2017-16:25:06:040 218686 219293 1
17-07-2017-16:25:06:087 219293 219900 1
17-07-2017-16:25:06:121 219900 220507 1
17-07-2017-16:25:06:156 220507 221114 1
17-07-2017-16:25:06:190 221114 221721 1
17-07-2017-16:25:06:237 221721 222328 1
17-07-2017-16:25:06:272 222328 222935 1
17-07-2017-16:25:06:307 222935 223542 1
17-07-2017-16:25:06:342 223542 224149 1
17-07-2017-16:25:06:390 224149 224756 1
17-07-2017-16:25:06:424 224756 225363 1
17-07-2017-16:25:06:460 225363 225970 1
17-07-2017-16:25:06:494 225970 226577 1
17-07-2017-16:25:06:541 226577 227184 1
17-07-2017-16:25:06:575 227184 227791 1
17-07-2017-16:25:06:610 227791 228398 1
17-07-2017-16:25:06:646 228398 229005 1
17-07-2017-16:25:06:692 229005 229612 1
17-07-2017-16:25:06:726 229612 230219 1
17-07-2017-16:25:06:762 230219 230826 1
17-07-2017-16:25:06:797 230826 231433 1
17-07-2017-16:25:06:843 231433 232040 1
17-07-2017-16:25:06:879 232040 232647 1
17-07-2017-16:25:06:919 232647 233254 1
17-07-2017-16:25:06:955 233254 233861 1
17-07-2017-16:25:06:989 233861 234468 1
17-07-2017-16:25:07:035 234468 235075 1
17-07-2017-16:25:07:071 235075 235682 1
17-07-2017-16:25:07:105 235682 236289 1
17-07-2017-16:25:07:140 236289 236896 1
17-07-2017-16:25:07:180 236896 237503 1
17-07-2017-16:25:07:226 237503 238110 1
17-07-2017-16:25:07:260 238110 238717 1
17-07-2017-16:25:07:296 238717 239324 1
17-07-2017-16:25:07:329 239324 239931 1
17-07-2017-16:25:07:377 239931 240538 1
17-07-2017-16:25:07:411 240538 241145 1
17-07-2017-16:25:07:447 241145 241752 1
17-07-2017-16:25:07:482 241752 242359 1
17-07-2017-16:25:07:528 242359 242966 1
17-07-2017-16:25:07:564 242966 243573 1
17-07-2017-16:25:07:599 243573 244180 1
17-07-2017-16:25:07:633 244180 244787 1
17-07-2017-16:25:07:680 244787 245394 1
17-07-2017-16:25:07:716 245394 246001 1
17-07-2017-16:25:07:751 246001 246608 1
17-07-2017-16:25:07:794 246608 247215 1
17-07-2017-16:25:07:830 247215 247822 1
17-07-2017-16:25:07:865 247822 248429 1
17-07-2017-16:25:07:901 248429 249036 1
17-07-2017-16:25:07:947 249036 249643 1
17-07-2017-16:25:07:980 249643 250250 1
17-07-2017-16:25:08:016 250250 250857 1
17-07-2017-16:25:08:051 250857 251464 1
17-07-2017-16:25:08:099 251464 252071 1
17-07-2017-16:25:08:132 252071 252678 1
17-07-2017-16:25:08:168 252678 253285 1
17-07-2017-16:25:08:203 253285 253892 1
17-07-2017-16:25:08:250 253892 254499 1
17-07-2017-16:25:08:285 254499 255106 1
17-07-2017-16:25:08:318 255106 255713 1
17-07-2017-16:25:08:358 255713 256320 1
17-07-2017-16:25:08:393 256320 256927 1
17-07-2017-16:25:08:431 256927 257534 1
17-07-2017-16:25:08:466 257534 258141 1
17-07-2017-16:25:08:514 258141 258748 1
17-07-2017-16:25:08:547 258748 259355 1
17-07-2017-16:25:08:583 259355 259962 1
17-07-2017-16:25:08:619 259962 260569 1
17-07-2017-16:25:08:665 260569 261176 1
17-07-2017-16:25:08:698 261176 261783 1
17-07-2017-16:25:08:734 261783 262390 1
17-07-2017-16:25:08:770 262390 262997 1
17-07-2017-16:25:08:816 262997 263604 1
17-07-2017-16:25:09:142 263604 264211 1
17-07-2017-16:25:09:144 264211 264818 1
17-07-2017-16:25:09:145 264818 265425 1
17-07-2017-16:25:09:145 265425 266032 1
17-07-2017-16:25:09:145 266032 266639 1
17-07-2017-16:25:09:145 266639 267246 1
17-07-2017-16:25:09:145 267246 267853 1
17-07-2017-16:25:09:145 267853 268460 1
17-07-2017-16:25:09:151 268460 269067 1
17-07-2017-16:25:09:199 269067 269674 1
17-07-2017-16:25:09:234 269674 270281 1
17-07-2017-16:25:09:269 270281 270888 1
17-07-2017-16:25:09:302 270888 271495 1
17-07-2017-16:25:09:350 271495 272102 1
17-07-2017-16:25:09:384 272102 272709 1
17-07-2017-16:25:09:419 272709 273316 1
17-07-2017-16:25:09:454 273316 273923 1
17-07-2017-16:25:09:499 273923 274530 1
17-07-2017-16:25:09:534 274530 275137 1
17-07-2017-16:25:09:571 275137 275744 1
17-07-2017-16:25:09:606 275744 276351 1
17-07-2017-16:25:09:651 276351 276958 1
17-07-2017-16:25:09:687 276958 277565 1
17-07-2017-16:25:09:723 277565 278172 1
17-07-2017-16:25:09:756 278172 278779 1
17-07-2017-16:25:09:802 278779 279386 1
17-07-2017-16:25:09:836 279386 279993 1
17-07-2017-16:25:09:871 279993 280600 1
17-07-2017-16:25:09:910 280600 281207 1
17-07-2017-16:25:09:956 281207 281814 1
17-07-2017-16:25:09:990 281814 282421 1
17-07-2017-16:25:10:025 282421 283028 1
17-07-2017-16:25:10:061 283028 283635 1
17-07-2017-16:25:10:108 283635 284242 1
17-07-2017-16:25:10:142 284242 284849 1
17-07-2017-16:25:10:177 284849 285456 1
17-07-2017-16:25:10:212 285456 286063 1
17-07-2017-16:25:10:258 286063 286670 1
17-07-2017-16:25:10:294 286670 287277 1
17-07-2017-16:25:10:328 287277 287884 1
17-07-2017-16:25:10:364 287884 288491 1
17-07-2017-16:25:10:409 288491 289098 1
17-07-2017-16:25:10:445 289098 289705 1
17-07-2017-16:25:10:479 289705 290312 1
17-07-2017-16:25:10:515 290312 290919 1
17-07-2017-16:25:10:562 290919 291526 1
17-07-2017-16:25:10:596 291526 292133 1
17-07-2017-16:25:10:629 292133 292740 1
17-07-2017-16:25:10:677 292740 293347 1
17-07-2017-16:25:10:711 293347 293954 1
17-07-2017-16:25:10:746 293954 294561 1
17-07-2017-16:25:10:780 294561 295168 1
17-07-2017-16:25:10:827 295168 295775 1
17-07-2017-16:25:10:862 295775 296382 1
17-07-2017-16:25:10:897 296382 296989 1
17-07-2017-16:25:10:933 296989 297596 1
17-07-2017-16:25:10:978 297596 298203 1
17-07-2017-16:25:11:014 298203 298810 1
17-07-2017-16:25:11:048 298810 299417 1
17-07-2017-16:25:11:084 299417 300024 1
17-07-2017-16:25:11:130 300024 300631 1
17-07-2017-16:25:11:164 300631 301238 1
17-07-2017-16:25:11:200 301238 301845 1
17-07-2017-16:25:11:235 301845 302452 1
17-07-2017-16:25:11:282 302452 303059 1
17-07-2017-16:25:11:316 303059 303666 1
17-07-2017-16:25:11:357 303666 304273 1
17-07-2017-16:25:11:396 304273 304880 1
17-07-2017-16:25:11:432 304880 305487 1
17-07-2017-16:25:11:467 305487 306094 1
17-07-2017-16:25:11:503 306094 306701 1
17-07-2017-16:25:11:549 306701 307308 1
17-07-2017-16:25:11:583 307308 307915 1
17-07-2017-16:25:11:619 307915 308522 1
17-07-2017-16:25:11:653 308522 309129 1
17-07-2017-16:25:11:701 309129 309736 1
17-07-2017-16:25:11:735 309736 310343 1
17-07-2017-16:25:11:770 310343 310950 1
17-07-2017-16:25:11:805 310950 311557 1
17-07-2017-16:25:11:851 311557 312164 1
17-07-2017-16:25:11:886 312164 312771 1
17-07-2017-16:25:11:921 312771 313378 1
17-07-2017-16:25:11:957 313378 313985 1
17-07-2017-16:25:12:328 313985 314592 1
17-07-2017-16:25:12:329 314592 315199 1
17-07-2017-16:25:12:329 315199 315806 1
17-07-2017-16:25:12:330 315806 316413 1
17-07-2017-16:25:12:330 316413 317020 1
17-07-2017-16:25:12:330 317020 317627 1
17-07-2017-16:25:12:330 317627 318234 1
17-07-2017-16:25:12:330 318234 318841 1
17-07-2017-16:25:12:330 318841 319448 1
17-07-2017-16:25:12:337 319448 320055 1
17-07-2017-16:25:12:391 320055 320662 1
17-07-2017-16:25:12:420 320662 321269 1
17-07-2017-16:25:12:456 321269 321876 1
17-07-2017-16:25:12:490 321876 322483 1
17-07-2017-16:25:12:536 322483 323090 1
17-07-2017-16:25:12:571 323090 323697 1
17-07-2017-16:25:12:605 323697 324304 1
17-07-2017-16:25:12:641 324304 324911 1
17-07-2017-16:25:12:688 324911 325518 1
17-07-2017-16:25:12:724 325518 326125 1
17-07-2017-16:25:12:758 326125 326732 1
17-07-2017-16:25:12:792 326732 327339 1
17-07-2017-16:25:12:840 327339 327946 1
17-07-2017-16:25:12:875 327946 328553 1
17-07-2017-16:25:12:908 328553 329160 1
17-07-2017-16:25:12:951 329160 329767 1
17-07-2017-16:25:12:986 329767 330374 1
17-07-2017-16:25:13:021 330374 330981 1
17-07-2017-16:25:13:057 330981 331588 1
17-07-2017-16:25:13:099 331588 332195 1
17-07-2017-16:25:13:139 332195 332802 1
17-07-2017-16:25:13:173 332802 333409 1
17-07-2017-16:25:13:219 333409 334016 1
17-07-2017-16:25:13:254 334016 334623 1
17-07-2017-16:25:13:289 334623 335230 1
17-07-2017-16:25:13:325 335230 335837 1
17-07-2017-16:25:13:369 335837 336444 1
17-07-2017-16:25:13:406 336444 337051 1
17-07-2017-16:25:13:440 337051 337658 1
17-07-2017-16:25:13:476 337658 338265 1
17-07-2017-16:25:13:522 338265 338872 1
17-07-2017-16:25:13:556 338872 339479 1
17-07-2017-16:25:13:593 339479 340086 1
17-07-2017-16:25:13:628 340086 340693 1
17-07-2017-16:25:13:674 340693 341300 1
17-07-2017-16:25:13:709 341300 341907 1
17-07-2017-16:25:13:743 341907 342514 1
17-07-2017-16:25:13:778 342514 343121 1
17-07-2017-16:25:13:825 343121 343728 1
17-07-2017-16:25:13:860 343728 344335 1
17-07-2017-16:25:13:895 344335 344942 1
17-07-2017-16:25:13:931 344942 345549 1
17-07-2017-16:25:13:977 345549 346156 1
17-07-2017-16:25:14:012 346156 346763 1
17-07-2017-16:25:14:046 346763 347370 1
17-07-2017-16:25:14:083 347370 347977 1
17-07-2017-16:25:14:131 347977 348584 1
17-07-2017-16:25:14:164 348584 349191 1
17-07-2017-16:25:14:199 349191 349798 1
17-07-2017-16:25:14:235 349798 350405 1
17-07-2017-16:25:14:280 350405 351012 1
17-07-2017-16:25:14:319 351012 351619 1
17-07-2017-16:25:14:350 351619 352226 1
17-07-2017-16:25:14:385 352226 352833 1
17-07-2017-16:25:14:433 352833 353440 1
17-07-2017-16:25:14:474 353440 354047 1
17-07-2017-16:25:14:502 354047 354654 1
17-07-2017-16:25:14:537 354654 355261 1
17-07-2017-16:25:14:584 355261 355868 1
17-07-2017-16:25:14:619 355868 356475 1
17-07-2017-16:25:14:654 356475 357082 1
17-07-2017-16:25:14:687 357082 357689 1
17-07-2017-16:25:14:735 357689 358296 1
17-07-2017-16:25:14:770 358296 358903 1
17-07-2017-16:25:14:806 358903 359510 1
17-07-2017-16:25:14:841 359510 360117 1
17-07-2017-16:25:14:887 360117 360724 1
17-07-2017-16:25:14:922 360724 361331 1
17-07-2017-16:25:14:957 361331 361938 1
17-07-2017-16:25:14:991 361938 362545 1
17-07-2017-16:25:15:039 362545 363152 1
17-07-2017-16:25:15:074 363152 363759 1
17-07-2017-16:25:15:108 363759 364366 1
17-07-2017-16:25:15:460 364366 364973 1
17-07-2017-16:25:15:461 364973 365580 1
17-07-2017-16:25:15:461 365580 366187 1
17-07-2017-16:25:15:461 366187 366794 1
17-07-2017-16:25:15:461 366794 367401 1
17-07-2017-16:25:15:461 367401 368008 1
17-07-2017-16:25:15:461 368008 368615 1
17-07-2017-16:25:15:461 368615 369222 1
17-07-2017-16:25:15:461 369222 369829 1
17-07-2017-16:25:15:486 369829 370436 1
17-07-2017-16:25:15:533 370436 371043 1
17-07-2017-16:25:15:567 371043 371650 1
17-07-2017-16:25:15:602 371650 372257 1
17-07-2017-16:25:15:638 372257 372864 1
17-07-2017-16:25:15:687 372864 373471 1
17-07-2017-16:25:15:723 373471 374078 1
17-07-2017-16:25:15:753 374078 374685 1
17-07-2017-16:25:15:791 374685 375292 1
17-07-2017-16:25:15:836 375292 375899 1
17-07-2017-16:25:15:870 375899 376506 1
17-07-2017-16:25:15:907 376506 377113 1
17-07-2017-16:25:15:941 377113 377720 1
17-07-2017-16:25:15:987 377720 378327 1
17-07-2017-16:25:16:022 378327 378934 1
17-07-2017-16:25:16:056 378934 379541 1
17-07-2017-16:25:16:091 379541 380148 1
17-07-2017-16:25:16:138 380148 380755 1
17-07-2017-16:25:16:173 380755 381362 1
17-07-2017-16:25:16:209 381362 381969 1
17-07-2017-16:25:16:244 381969 382576 1
17-07-2017-16:25:16:289 382576 383183 1
17-07-2017-16:25:16:326 383183 383790 1
17-07-2017-16:25:16:360 383790 384397 1
17-07-2017-16:25:16:396 384397 385004 1
17-07-2017-16:25:16:441 385004 385611 1
17-07-2017-16:25:16:476 385611 386218 1
17-07-2017-16:25:16:512 386218 386825 1
17-07-2017-16:25:16:547 386825 387432 1
17-07-2017-16:25:16:586 387432 388039 1
17-07-2017-16:25:16:632 388039 388646 1
17-07-2017-16:25:16:675 388646 389253 1
17-07-2017-16:25:16:698 389253 389860 1
17-07-2017-16:25:16:742 389860 390467 1
17-07-2017-16:25:16:777 390467 391074 1
17-07-2017-16:25:16:823 391074 391681 1
17-07-2017-16:25:16:859 391681 392288 1
17-07-2017-16:25:16:893 392288 392895 1
17-07-2017-16:25:16:927 392895 393502 1
17-07-2017-16:25:16:974 393502 394109 1
17-07-2017-16:25:17:010 394109 394716 1
17-07-2017-16:25:17:045 394716 395323 1
17-07-2017-16:25:17:078 395323 395930 1
17-07-2017-16:25:17:126 395930 396537 1
17-07-2017-16:25:17:161 396537 397144 1
17-07-2017-16:25:17:196 397144 397751 1
17-07-2017-16:25:17:232 397751 398358 1
17-07-2017-16:25:17:277 398358 398965 1
17-07-2017-16:25:17:313 398965 399572 1
17-07-2017-16:25:17:348 399572 400179 1
17-07-2017-16:25:17:383 400179 400786 1
17-07-2017-16:25:17:428 400786 401393 1
17-07-2017-16:25:17:464 401393 402000 1
17-07-2017-16:25:17:499 402000 402607 1
17-07-2017-16:25:17:534 402607 403214 1
17-07-2017-16:25:17:580 403214 403821 1
17-07-2017-16:25:17:617 403821 404428 1
17-07-2017-16:25:17:650 404428 405035 1
17-07-2017-16:25:17:685 405035 405642 1
17-07-2017-16:25:17:733 405642 406249 1
17-07-2017-16:25:17:764 406249 406856 1
17-07-2017-16:25:17:810 406856 407463 1
17-07-2017-16:25:17:845 407463 408070 1
17-07-2017-16:25:17:879 408070 408677 1
17-07-2017-16:25:17:914 408677 409284 1
17-07-2017-16:25:17:961 409284 409891 1
17-07-2017-16:25:17:997 409891 410498 1
17-07-2017-16:25:18:032 410498 411105 1
17-07-2017-16:25:18:065 411105 411712 1
17-07-2017-16:25:18:113 411712 412319 1
17-07-2017-16:25:18:148 412319 412926 1
17-07-2017-16:25:18:182 412926 413533 1
17-07-2017-16:25:18:217 413533 414140 1
17-07-2017-16:25:18:263 414140 414747 1
17-07-2017-16:25:18:752 414747 415354 1
17-07-2017-16:25:18:754 415354 415961 1
17-07-2017-16:25:18:755 415961 416568 1
17-07-2017-16:25:18:755 416568 417175 1
17-07-2017-16:25:18:755 417175 417782 1
17-07-2017-16:25:18:755 417782 418389 1
17-07-2017-16:25:18:755 418389 418996 1
17-07-2017-16:25:18:766 418996 419603 1
17-07-2017-16:25:18:766 419603 420210 1
17-07-2017-16:25:18:766 420210 420817 1
17-07-2017-16:25:18:766 420817 421424 1
17-07-2017-16:25:18:766 421424 422031 1
17-07-2017-16:25:18:766 422031 422638 1
17-07-2017-16:25:18:790 422638 423245 1
17-07-2017-16:25:18:824 423245 423852 1
17-07-2017-16:25:18:871 423852 424459 1
17-07-2017-16:25:18:905 424459 425066 1
17-07-2017-16:25:18:941 425066 425673 1
17-07-2017-16:25:18:975 425673 426280 1
17-07-2017-16:25:19:025 426280 426887 1
17-07-2017-16:25:19:057 426887 427494 1
17-07-2017-16:25:19:092 427494 428101 1
17-07-2017-16:25:19:129 428101 428708 1
17-07-2017-16:25:19:173 428708 429315 1
17-07-2017-16:25:19:209 429315 429922 1
17-07-2017-16:25:19:244 429922 430529 1
17-07-2017-16:25:19:286 430529 431136 1
17-07-2017-16:25:19:322 431136 431743 1
17-07-2017-16:25:19:356 431743 432350 1
17-07-2017-16:25:19:403 432350 432957 1
17-07-2017-16:25:19:437 432957 433564 1
17-07-2017-16:25:19:474 433564 434171 1
17-07-2017-16:25:19:507 434171 434778 1
17-07-2017-16:25:19:554 434778 435385 1
17-07-2017-16:25:19:590 435385 435992 1
17-07-2017-16:25:19:625 435992 436599 1
17-07-2017-16:25:19:660 436599 437206 1
17-07-2017-16:25:19:706 437206 437813 1
17-07-2017-16:25:19:740 437813 438420 1
17-07-2017-16:25:19:775 438420 439027 1
17-07-2017-16:25:19:811 439027 439634 1
17-07-2017-16:25:19:857 439634 440241 1
17-07-2017-16:25:19:892 440241 440848 1
17-07-2017-16:25:19:929 440848 441455 1
17-07-2017-16:25:19:961 441455 442062 1
17-07-2017-16:25:20:005 442062 442669 1
17-07-2017-16:25:20:040 442669 443276 1
17-07-2017-16:25:20:085 443276 443883 1
17-07-2017-16:25:20:129 443883 444490 1
17-07-2017-16:25:20:162 444490 445097 1
17-07-2017-16:25:20:196 445097 445704 1
17-07-2017-16:25:20:232 445704 446311 1
17-07-2017-16:25:20:267 446311 446918 1
17-07-2017-16:25:20:314 446918 447525 1
17-07-2017-16:25:20:348 447525 448132 1
17-07-2017-16:25:20:383 448132 448739 1
17-07-2017-16:25:20:419 448739 449346 1
17-07-2017-16:25:20:466 449346 449953 1
17-07-2017-16:25:20:500 449953 450560 1
17-07-2017-16:25:20:535 450560 451167 1
17-07-2017-16:25:20:570 451167 451774 1
17-07-2017-16:25:20:617 451774 452381 1
17-07-2017-16:25:20:650 452381 452988 1
17-07-2017-16:25:20:691 452988 453595 1
17-07-2017-16:25:20:729 453595 454202 1
17-07-2017-16:25:20:765 454202 454809 1
17-07-2017-16:25:20:800 454809 455416 1
17-07-2017-16:25:20:834 455416 456023 1
17-07-2017-16:25:20:881 456023 456630 1
17-07-2017-16:25:20:915 456630 457237 1
17-07-2017-16:25:20:951 457237 457844 1
17-07-2017-16:25:20:985 457844 458451 1
17-07-2017-16:25:21:032 458451 459058 1
17-07-2017-16:25:21:068 459058 459665 1
17-07-2017-16:25:21:105 459665 460272 1
17-07-2017-16:25:21:139 460272 460879 1
17-07-2017-16:25:21:183 460879 461486 1
17-07-2017-16:25:21:220 461486 462093 1
17-07-2017-16:25:21:255 462093 462700 1
17-07-2017-16:25:21:289 462700 463307 1
17-07-2017-16:25:21:336 463307 463914 1
17-07-2017-16:25:21:370 463914 464521 1
17-07-2017-16:25:21:405 464521 465128 1
17-07-2017-16:25:21:823 465128 465735 1
17-07-2017-16:25:21:825 465735 466342 1
17-07-2017-16:25:21:826 466342 466949 1
17-07-2017-16:25:21:826 466949 467556 1
17-07-2017-16:25:21:826 467556 468163 1
17-07-2017-16:25:21:826 468163 468770 1
17-07-2017-16:25:21:826 468770 469377 1
17-07-2017-16:25:21:826 469377 469984 1
17-07-2017-16:25:21:826 469984 470591 1
17-07-2017-16:25:21:827 470591 471198 1
17-07-2017-16:25:21:827 471198 471805 1
17-07-2017-16:25:21:858 471805 472412 1
17-07-2017-16:25:21:906 472412 473019 1
17-07-2017-16:25:21:950 473019 473626 1
17-07-2017-16:25:21:979 473626 474233 1
17-07-2017-16:25:22:014 474233 474840 1
17-07-2017-16:25:22:049 474840 475447 1
17-07-2017-16:25:22:095 475447 476054 1
17-07-2017-16:25:22:131 476054 476661 1
17-07-2017-16:25:22:165 476661 477268 1
17-07-2017-16:25:22:201 477268 477875 1
17-07-2017-16:25:22:247 477875 478482 1
17-07-2017-16:25:22:283 478482 479089 1
17-07-2017-16:25:22:316 479089 479696 1
17-07-2017-16:25:22:351 479696 480303 1
17-07-2017-16:25:22:399 480303 480910 1
17-07-2017-16:25:22:434 480910 481517 1
17-07-2017-16:25:22:467 481517 482124 1
17-07-2017-16:25:22:503 482124 482731 1
17-07-2017-16:25:22:551 482731 483338 1
17-07-2017-16:25:22:584 483338 483945 1
17-07-2017-16:25:22:620 483945 484552 1
17-07-2017-16:25:22:655 484552 485159 1
17-07-2017-16:25:22:702 485159 485766 1
17-07-2017-16:25:22:737 485766 486373 1
17-07-2017-16:25:22:770 486373 486980 1
17-07-2017-16:25:22:806 486980 487587 1
17-07-2017-16:25:22:854 487587 488194 1
17-07-2017-16:25:22:888 488194 488801 1
17-07-2017-16:25:22:923 488801 489408 1
17-07-2017-16:25:22:958 489408 490015 1
17-07-2017-16:25:23:004 490015 490622 1
17-07-2017-16:25:23:040 490622 491229 1
17-07-2017-16:25:23:076 491229 491836 1
17-07-2017-16:25:23:115 491836 492443 1
17-07-2017-16:25:23:161 492443 493050 1
17-07-2017-16:25:23:196 493050 493657 1
17-07-2017-16:25:23:232 493657 494264 1
17-07-2017-16:25:23:265 494264 494871 1
17-07-2017-16:25:23:301 494871 495478 1
17-07-2017-16:25:23:348 495478 496085 1
17-07-2017-16:25:23:383 496085 496692 1
17-07-2017-16:25:23:421 496692 497299 1
17-07-2017-16:25:23:456 497299 497906 1
17-07-2017-16:25:23:492 497906 498513 1
17-07-2017-16:25:23:538 498513 499120 1
17-07-2017-16:25:23:572 499120 499727 1
17-07-2017-16:25:23:608 499727 500334 1
17-07-2017-16:25:23:643 500334 500941 1
17-07-2017-16:25:23:689 500941 501548 1
17-07-2017-16:25:23:723 501548 502155 1
17-07-2017-16:25:23:759 502155 502762 1
17-07-2017-16:25:23:795 502762 503369 1
17-07-2017-16:25:23:841 503369 503976 1
17-07-2017-16:25:23:876 503976 504583 1
17-07-2017-16:25:23:911 504583 505190 1
17-07-2017-16:25:23:945 505190 505797 1
17-07-2017-16:25:23:992 505797 506404 1
17-07-2017-16:25:24:029 506404 507011 1
17-07-2017-16:25:24:063 507011 507618 1
17-07-2017-16:25:24:097 507618 508225 1
17-07-2017-16:25:24:145 508225 508832 1
17-07-2017-16:25:24:179 508832 509439 1
17-07-2017-16:25:24:214 509439 510046 1
17-07-2017-16:25:24:249 510046 510653 1
17-07-2017-16:25:24:295 510653 511260 1
17-07-2017-16:25:24:331 511260 511867 1
17-07-2017-16:25:24:366 511867 512474 1
17-07-2017-16:25:24:400 512474 513081 1
17-07-2017-16:25:24:447 513081 513688 1
17-07-2017-16:25:24:483 513688 514295 1
17-07-2017-16:25:24:516 514295 514902 1
17-07-2017-16:25:24:552 514902 515509 1
17-07-2017-16:25:24:895 515509 516116 1
17-07-2017-16:25:24:897 516116 516723 1
17-07-2017-16:25:24:897 516723 517330 1
17-07-2017-16:25:24:897 517330 517937 1
17-07-2017-16:25:24:897 517937 518544 1
17-07-2017-16:25:24:897 518544 519151 1
17-07-2017-16:25:24:897 519151 519758 1
17-07-2017-16:25:24:897 519758 520365 1
17-07-2017-16:25:24:901 520365 520972 1
17-07-2017-16:25:24:932 520972 521579 1
17-07-2017-16:25:24:968 521579 522186 1
17-07-2017-16:25:25:016 522186 522793 1
17-07-2017-16:25:25:050 522793 523400 1
17-07-2017-16:25:25:086 523400 524007 1
17-07-2017-16:25:25:120 524007 524614 1
17-07-2017-16:25:25:166 524614 525221 1
17-07-2017-16:25:25:200 525221 525828 1
17-07-2017-16:25:25:236 525828 526435 1
17-07-2017-16:25:25:282 526435 527042 1
17-07-2017-16:25:25:318 527042 527649 1
17-07-2017-16:25:25:353 527649 528256 1
17-07-2017-16:25:25:392 528256 528863 1
17-07-2017-16:25:25:428 528863 529470 1
17-07-2017-16:25:25:461 529470 530077 1
17-07-2017-16:25:25:509 530077 530684 1
17-07-2017-16:25:25:542 530684 531291 1
17-07-2017-16:25:25:579 531291 531898 1
17-07-2017-16:25:25:614 531898 532505 1
17-07-2017-16:25:25:660 532505 533112 1
17-07-2017-16:25:25:695 533112 533719 1
17-07-2017-16:25:25:732 533719 534326 1
17-07-2017-16:25:25:764 534326 534933 1
17-07-2017-16:25:25:811 534933 535540 1
17-07-2017-16:25:25:850 535540 536147 1
17-07-2017-16:25:25:878 536147 536754 1
17-07-2017-16:25:25:927 536754 537361 1
17-07-2017-16:25:25:962 537361 537968 1
17-07-2017-16:25:25:997 537968 538575 1
17-07-2017-16:25:26:031 538575 539182 1
17-07-2017-16:25:26:078 539182 539789 1
17-07-2017-16:25:26:113 539789 540396 1
17-07-2017-16:25:26:148 540396 541003 1
17-07-2017-16:25:26:182 541003 541610 1
17-07-2017-16:25:26:228 541610 542217 1
17-07-2017-16:25:26:263 542217 542824 1
17-07-2017-16:25:26:310 542824 543431 1
17-07-2017-16:25:26:343 543431 544038 1
17-07-2017-16:25:26:379 544038 544645 1
17-07-2017-16:25:26:417 544645 545252 1
17-07-2017-16:25:26:452 545252 545859 1
17-07-2017-16:25:26:487 545859 546466 1
17-07-2017-16:25:26:533 546466 547073 1
17-07-2017-16:25:26:569 547073 547680 1
17-07-2017-16:25:26:603 547680 548287 1
17-07-2017-16:25:26:638 548287 548894 1
17-07-2017-16:25:26:685 548894 549501 1
17-07-2017-16:25:26:719 549501 550108 1
17-07-2017-16:25:26:764 550108 550715 1
17-07-2017-16:25:26:799 550715 551322 1
17-07-2017-16:25:26:834 551322 551929 1
17-07-2017-16:25:26:868 551929 552536 1
17-07-2017-16:25:26:904 552536 553143 1
17-07-2017-16:25:26:950 553143 553750 1
17-07-2017-16:25:26:987 553750 554357 1
17-07-2017-16:25:27:020 554357 554964 1
17-07-2017-16:25:27:057 554964 555571 1
17-07-2017-16:25:27:103 555571 556178 1
17-07-2017-16:25:27:136 556178 556785 1
17-07-2017-16:25:27:171 556785 557392 1
17-07-2017-16:25:27:207 557392 557999 1
17-07-2017-16:25:27:252 557999 558606 1
17-07-2017-16:25:27:289 558606 559213 1
17-07-2017-16:25:27:322 559213 559820 1
17-07-2017-16:25:27:362 559820 560427 1
17-07-2017-16:25:27:408 560427 561034 1
17-07-2017-16:25:27:441 561034 561641 1
17-07-2017-16:25:27:477 561641 562248 1
17-07-2017-16:25:27:511 562248 562855 1
17-07-2017-16:25:27:557 562855 563462 1
17-07-2017-16:25:27:592 563462 564069 1
17-07-2017-16:25:27:627 564069 564676 1
17-07-2017-16:25:27:665 564676 565283 1
17-07-2017-16:25:27:709 565283 565890 1
17-07-2017-16:25:28:032 565890 566497 1
17-07-2017-16:25:28:034 566497 567104 1
17-07-2017-16:25:28:034 567104 567711 1
17-07-2017-16:25:28:034 567711 568318 1
17-07-2017-16:25:28:035 568318 568925 1
17-07-2017-16:25:28:035 568925 569532 1
17-07-2017-16:25:28:035 569532 570139 1
17-07-2017-16:25:28:035 570139 570746 1
17-07-2017-16:25:28:053 570746 571353 1
17-07-2017-16:25:28:087 571353 571960 1
17-07-2017-16:25:28:122 571960 572567 1
17-07-2017-16:25:28:156 572567 573174 1
17-07-2017-16:25:28:203 573174 573781 1
17-07-2017-16:25:28:241 573781 574388 1
17-07-2017-16:25:28:273 574388 574995 1
17-07-2017-16:25:28:311 574995 575602 1
17-07-2017-16:25:28:348 575602 576209 1
17-07-2017-16:25:28:390 576209 576816 1
17-07-2017-16:25:28:426 576816 577423 1
17-07-2017-16:25:28:460 577423 578030 1
17-07-2017-16:25:28:508 578030 578637 1
17-07-2017-16:25:28:543 578637 579244 1
17-07-2017-16:25:28:577 579244 579851 1
17-07-2017-16:25:28:613 579851 580458 1
17-07-2017-16:25:28:660 580458 581065 1
17-07-2017-16:25:28:694 581065 581672 1
17-07-2017-16:25:28:730 581672 582279 1
17-07-2017-16:25:28:764 582279 582886 1
17-07-2017-16:25:28:811 582886 583493 1
17-07-2017-16:25:28:845 583493 584100 1
17-07-2017-16:25:28:880 584100 584707 1
17-07-2017-16:25:28:916 584707 585314 1
17-07-2017-16:25:28:962 585314 585921 1
17-07-2017-16:25:28:996 585921 586528 1
17-07-2017-16:25:29:033 586528 587135 1
17-07-2017-16:25:29:068 587135 587742 1
17-07-2017-16:25:29:113 587742 588349 1
17-07-2017-16:25:29:149 588349 588956 1
17-07-2017-16:25:29:189 588956 589563 1
17-07-2017-16:25:29:218 589563 590170 1
17-07-2017-16:25:29:267 590170 590777 1
17-07-2017-16:25:29:301 590777 591384 1
17-07-2017-16:25:29:335 591384 591991 1
17-07-2017-16:25:29:371 591991 592598 1
17-07-2017-16:25:29:418 592598 593205 1
17-07-2017-16:25:29:453 593205 593812 1
17-07-2017-16:25:29:488 593812 594419 1
17-07-2017-16:25:29:554 594419 595026 1
17-07-2017-16:25:29:574 595026 595633 1
17-07-2017-16:25:29:603 595633 596240 1
17-07-2017-16:25:29:638 596240 596847 1
17-07-2017-16:25:29:673 596847 597454 1
17-07-2017-16:25:29:721 597454 598061 1
17-07-2017-16:25:29:756 598061 598668 1
17-07-2017-16:25:29:791 598668 599275 1
17-07-2017-16:25:29:827 599275 599882 1
17-07-2017-16:25:29:872 599882 600489 1
17-07-2017-16:25:29:906 600489 601096 1
17-07-2017-16:25:29:943 601096 601703 1
17-07-2017-16:25:29:980 601703 602310 1
17-07-2017-16:25:30:025 602310 602917 1
17-07-2017-16:25:30:059 602917 603524 1
17-07-2017-16:25:30:093 603524 604131 1
17-07-2017-16:25:30:128 604131 604738 1
17-07-2017-16:25:30:177 604738 605345 1
17-07-2017-16:25:30:210 605345 605952 1
17-07-2017-16:25:30:248 605952 606559 1
17-07-2017-16:25:30:281 606559 607166 1
17-07-2017-16:25:30:328 607166 607773 1
17-07-2017-16:25:30:363 607773 608380 1
17-07-2017-16:25:30:398 608380 608987 1
17-07-2017-16:25:30:432 608987 609594 1
17-07-2017-16:25:30:478 609594 610201 1
17-07-2017-16:25:30:513 610201 610808 1
17-07-2017-16:25:30:548 610808 611415 1
17-07-2017-16:25:30:585 611415 612022 1
17-07-2017-16:25:30:626 612022 612629 1
17-07-2017-16:25:30:663 612629 613236 1
17-07-2017-16:25:30:708 613236 613843 1
17-07-2017-16:25:30:744 613843 614450 1
17-07-2017-16:25:30:778 614450 615057 1
17-07-2017-16:25:30:813 615057 615664 1
17-07-2017-16:25:30:859 615664 616271 1
17-07-2017-16:25:30:895 616271 616878 1
17-07-2017-16:25:30:929 616878 617485 1
17-07-2017-16:25:30:965 617485 618092 1
17-07-2017-16:25:31:012 618092 618699 1
17-07-2017-16:25:31:046 618699 619306 1
17-07-2017-16:25:31:080 619306 619913 1
17-07-2017-16:25:31:116 619913 620520 1
17-07-2017-16:25:31:157 620520 621127 1
17-07-2017-16:25:31:193 621127 621734 1
17-07-2017-16:25:31:238 621734 622341 1
17-07-2017-16:25:31:273 622341 622948 1
17-07-2017-16:25:31:308 622948 623555 1
17-07-2017-16:25:31:343 623555 624162 1
17-07-2017-16:25:31:389 624162 624769 1
17-07-2017-16:25:31:424 624769 625376 1
17-07-2017-16:25:31:459 625376 625983 1
17-07-2017-16:25:31:495 625983 626590 1
17-07-2017-16:25:31:540 626590 627197 1
17-07-2017-16:25:31:575 627197 627804 1
17-07-2017-16:25:31:611 627804 628411 1
17-07-2017-16:25:31:645 628411 629018 1
17-07-2017-16:25:31:692 629018 629625 1
17-07-2017-16:25:31:727 629625 630232 1
17-07-2017-16:25:31:764 630232 630839 1
17-07-2017-16:25:31:796 630839 631446 1
17-07-2017-16:25:31:843 631446 632053 1
17-07-2017-16:25:31:878 632053 632660 1
17-07-2017-16:25:31:913 632660 633267 1
17-07-2017-16:25:31:948 633267 633874 1
17-07-2017-16:25:31:994 633874 634481 1
17-07-2017-16:25:32:030 634481 635088 1
17-07-2017-16:25:32:065 635088 635695 1
17-07-2017-16:25:32:100 635695 636302 1
17-07-2017-16:25:32:140 636302 636909 1
17-07-2017-16:25:32:181 636909 637516 1
17-07-2017-16:25:32:219 637516 638123 1
17-07-2017-16:25:32:264 638123 638730 1
17-07-2017-16:25:32:299 638730 639337 1
17-07-2017-16:25:32:333 639337 639944 1
17-07-2017-16:25:32:371 639944 640551 1
17-07-2017-16:25:32:419 640551 641158 1
17-07-2017-16:25:32:453 641158 641765 1
17-07-2017-16:25:32:489 641765 642372 1
17-07-2017-16:25:32:524 642372 642979 1
17-07-2017-16:25:32:559 642979 643586 1
17-07-2017-16:25:32:604 643586 644193 1
17-07-2017-16:25:32:639 644193 644800 1
17-07-2017-16:25:33:009 644800 645407 1
17-07-2017-16:25:33:010 645407 646014 1
17-07-2017-16:25:33:010 646014 646621 1
17-07-2017-16:25:33:010 646621 647228 1
17-07-2017-16:25:33:011 647228 647835 1
17-07-2017-16:25:33:011 647835 648442 1
17-07-2017-16:25:33:011 648442 649049 1
17-07-2017-16:25:33:011 649049 649656 1
17-07-2017-16:25:33:011 649656 650263 1
17-07-2017-16:25:33:014 650263 650870 1
17-07-2017-16:25:33:059 650870 651477 1
17-07-2017-16:25:33:095 651477 652084 1
17-07-2017-16:25:33:129 652084 652691 1
17-07-2017-16:25:33:179 652691 653298 1
17-07-2017-16:25:33:204 653298 653905 1
17-07-2017-16:25:33:239 653905 654512 1
17-07-2017-16:25:33:286 654512 655119 1
17-07-2017-16:25:33:321 655119 655726 1
17-07-2017-16:25:33:356 655726 656333 1
17-07-2017-16:25:33:390 656333 656940 1
17-07-2017-16:25:33:438 656940 657547 1
17-07-2017-16:25:33:488 657547 658154 1
17-07-2017-16:25:33:507 658154 658761 1
17-07-2017-16:25:33:541 658761 659368 1
17-07-2017-16:25:33:589 659368 659975 1
17-07-2017-16:25:33:623 659975 660582 1
17-07-2017-16:25:33:658 660582 661189 1
17-07-2017-16:25:33:693 661189 661796 1
17-07-2017-16:25:33:740 661796 662403 1
17-07-2017-16:25:33:774 662403 663010 1
17-07-2017-16:25:33:810 663010 663617 1
17-07-2017-16:25:33:854 663617 664224 1
17-07-2017-16:25:33:889 664224 664831 1
17-07-2017-16:25:33:924 664831 665438 1
17-07-2017-16:25:33:970 665438 666045 1
17-07-2017-16:25:34:007 666045 666652 1
17-07-2017-16:25:34:039 666652 667259 1
17-07-2017-16:25:34:088 667259 667866 1
17-07-2017-16:25:34:114 667866 668473 1
17-07-2017-16:25:34:149 668473 669080 1
17-07-2017-16:25:34:197 669080 669687 1
17-07-2017-16:25:34:231 669687 670294 1
17-07-2017-16:25:34:266 670294 670901 1
17-07-2017-16:25:34:312 670901 671508 1
17-07-2017-16:25:34:348 671508 672115 1
17-07-2017-16:25:34:387 672115 672722 1
17-07-2017-16:25:34:417 672722 673329 1
17-07-2017-16:25:34:465 673329 673936 1
17-07-2017-16:25:34:498 673936 674543 1
17-07-2017-16:25:34:533 674543 675150 1
17-07-2017-16:25:34:569 675150 675757 1
17-07-2017-16:25:34:616 675757 676364 1
17-07-2017-16:25:34:651 676364 676971 1
17-07-2017-16:25:34:684 676971 677578 1
17-07-2017-16:25:34:720 677578 678185 1
17-07-2017-16:25:34:768 678185 678792 1
17-07-2017-16:25:34:803 678792 679399 1
17-07-2017-16:25:34:837 679399 680006 1
17-07-2017-16:25:34:881 680006 680613 1
17-07-2017-16:25:34:916 680613 681220 1
17-07-2017-16:25:34:953 681220 681827 1
17-07-2017-16:25:34:989 681827 682434 1
17-07-2017-16:25:35:033 682434 683041 1
17-07-2017-16:25:35:067 683041 683648 1
17-07-2017-16:25:35:104 683648 684255 1
17-07-2017-16:25:35:138 684255 684862 1
17-07-2017-16:25:35:183 684862 685469 1
17-07-2017-16:25:35:219 685469 686076 1
17-07-2017-16:25:35:253 686076 686683 1
17-07-2017-16:25:35:288 686683 687290 1
17-07-2017-16:25:35:336 687290 687897 1
17-07-2017-16:25:35:369 687897 688504 1
17-07-2017-16:25:35:405 688504 689111 1
17-07-2017-16:25:35:445 689111 689718 1
17-07-2017-16:25:35:478 689718 690325 1
17-07-2017-16:25:35:526 690325 690932 1
17-07-2017-16:25:35:565 690932 691539 1
17-07-2017-16:25:35:601 691539 692146 1
17-07-2017-16:25:35:634 692146 692753 1
17-07-2017-16:25:35:670 692753 693360 1
17-07-2017-16:25:35:705 693360 693967 1
17-07-2017-16:25:35:751 693967 694574 1
17-07-2017-16:25:35:786 694574 695181 1
17-07-2017-16:25:36:136 695181 695788 1
17-07-2017-16:25:36:137 695788 696395 1
17-07-2017-16:25:36:138 696395 697002 1
17-07-2017-16:25:36:138 697002 697609 1
17-07-2017-16:25:36:138 697609 698216 1
17-07-2017-16:25:36:138 698216 698823 1
17-07-2017-16:25:36:138 698823 699430 1
17-07-2017-16:25:36:138 699430 700037 1
17-07-2017-16:25:36:138 700037 700644 1
17-07-2017-16:25:36:160 700644 701251 1
17-07-2017-16:25:36:221 701251 701858 1
17-07-2017-16:25:36:241 701858 702465 1
17-07-2017-16:25:36:284 702465 703072 1
17-07-2017-16:25:36:321 703072 703679 1
17-07-2017-16:25:36:355 703679 704286 1
17-07-2017-16:25:36:390 704286 704893 1
17-07-2017-16:25:36:437 704893 705500 1
17-07-2017-16:25:36:478 705500 706107 1
17-07-2017-16:25:36:507 706107 706714 1
17-07-2017-16:25:36:542 706714 707321 1
17-07-2017-16:25:36:588 707321 707928 1
17-07-2017-16:25:36:624 707928 708535 1
17-07-2017-16:25:36:658 708535 709142 1
17-07-2017-16:25:36:693 709142 709749 1
17-07-2017-16:25:36:739 709749 710356 1
17-07-2017-16:25:36:774 710356 710963 1
17-07-2017-16:25:36:810 710963 711570 1
17-07-2017-16:25:36:844 711570 712177 1
17-07-2017-16:25:36:883 712177 712784 1
17-07-2017-16:25:36:930 712784 713391 1
17-07-2017-16:25:36:965 713391 713998 1
