17-07-2017-15:47:16:354 0 800 1
17-07-2017-15:47:16:405 800 1600 1
17-07-2017-15:47:16:453 1600 2400 1
17-07-2017-15:47:16:502 2400 3200 1
17-07-2017-15:47:16:549 3200 4000 1
17-07-2017-15:47:16:601 4000 4747 1
17-07-2017-15:47:16:648 4747 5494 1
17-07-2017-15:47:16:693 5494 6241 1
17-07-2017-15:47:16:742 6241 6988 1
17-07-2017-15:47:16:794 6988 7667 1
17-07-2017-15:47:16:832 7667 8346 1
17-07-2017-15:47:16:867 8346 9025 1
17-07-2017-15:47:16:913 9025 9704 1
17-07-2017-15:47:16:951 9704 10383 1
17-07-2017-15:47:16:998 10383 11062 1
17-07-2017-15:47:17:045 11062 11741 1
17-07-2017-15:47:17:086 11741 12420 1
17-07-2017-15:47:17:121 12420 13099 1
17-07-2017-15:47:17:168 13099 13778 1
17-07-2017-15:47:17:208 13778 14457 1
17-07-2017-15:47:17:255 14457 15136 1
17-07-2017-15:47:17:290 15136 15815 1
17-07-2017-15:47:17:336 15815 16494 1
17-07-2017-15:47:17:382 16494 17173 1
17-07-2017-15:47:17:418 17173 17852 1
17-07-2017-15:47:17:471 17852 18531 1
17-07-2017-15:47:17:512 18531 19210 1
17-07-2017-15:47:17:546 19210 19889 1
17-07-2017-15:47:17:585 19889 20568 1
17-07-2017-15:47:17:632 20568 21247 1
17-07-2017-15:47:17:679 21247 21926 1
17-07-2017-15:47:17:719 21926 22605 1
17-07-2017-15:47:17:766 22605 23284 1
17-07-2017-15:47:17:801 23284 23963 1
17-07-2017-15:47:17:847 23963 24642 1
17-07-2017-15:47:17:895 24642 25321 1
17-07-2017-15:47:17:929 25321 26000 1
17-07-2017-15:47:17:975 26000 26679 1
17-07-2017-15:47:18:010 26679 27358 1
17-07-2017-15:47:18:058 27358 28037 1
17-07-2017-15:47:18:104 28037 28716 1
17-07-2017-15:47:18:138 28716 29395 1
17-07-2017-15:47:18:183 29395 30074 1
17-07-2017-15:47:18:229 30074 30753 1
17-07-2017-15:47:18:275 30753 31432 1
17-07-2017-15:47:18:311 31432 32111 1
17-07-2017-15:47:18:358 32111 32790 1
17-07-2017-15:47:18:404 32790 33469 1
17-07-2017-15:47:18:440 33469 34148 1
17-07-2017-15:47:18:486 34148 34827 1
17-07-2017-15:47:18:522 34827 35506 1
17-07-2017-15:47:18:569 35506 36185 1
17-07-2017-15:47:18:614 36185 36864 1
17-07-2017-15:47:18:653 36864 37543 1
17-07-2017-15:47:18:700 37543 38222 1
17-07-2017-15:47:18:733 38222 38901 1
17-07-2017-15:47:18:781 38901 39580 1
17-07-2017-15:47:18:827 39580 40259 1
17-07-2017-15:47:18:866 40259 40938 1
17-07-2017-15:47:18:901 40938 41617 1
17-07-2017-15:47:18:949 41617 42296 1
17-07-2017-15:47:18:995 42296 42975 1
17-07-2017-15:47:19:030 42975 43654 1
17-07-2017-15:47:19:076 43654 44333 1
17-07-2017-15:47:19:123 44333 45012 1
17-07-2017-15:47:19:159 45012 45691 1
17-07-2017-15:47:19:207 45691 46370 1
17-07-2017-15:47:19:243 46370 47049 1
17-07-2017-15:47:19:290 47049 47728 1
17-07-2017-15:47:19:335 47728 48407 1
17-07-2017-15:47:19:372 48407 49086 1
17-07-2017-15:47:19:417 49086 49765 1
17-07-2017-15:47:19:966 49765 50444 1
17-07-2017-15:47:19:967 50444 51123 1
17-07-2017-15:47:19:971 51123 51802 1
17-07-2017-15:47:19:971 51802 52481 1
17-07-2017-15:47:19:971 52481 53160 1
17-07-2017-15:47:19:971 53160 53839 1
17-07-2017-15:47:19:971 53839 54518 1
17-07-2017-15:47:19:971 54518 55197 1
17-07-2017-15:47:19:971 55197 55876 1
17-07-2017-15:47:19:971 55876 56555 1
17-07-2017-15:47:19:972 56555 57234 1
17-07-2017-15:47:19:980 57234 57913 1
17-07-2017-15:47:19:980 57913 58592 1
17-07-2017-15:47:20:014 58592 59271 1
17-07-2017-15:47:20:048 59271 59950 1
17-07-2017-15:47:20:094 59950 60629 1
17-07-2017-15:47:20:141 60629 61308 1
17-07-2017-15:47:20:177 61308 61987 1
17-07-2017-15:47:20:230 61987 62666 1
17-07-2017-15:47:20:263 62666 63345 1
17-07-2017-15:47:20:309 63345 64024 1
17-07-2017-15:47:20:355 64024 64703 1
17-07-2017-15:47:20:390 64703 65382 1
17-07-2017-15:47:20:437 65382 66061 1
17-07-2017-15:47:20:471 66061 66740 1
17-07-2017-15:47:20:519 66740 67419 1
17-07-2017-15:47:20:565 67419 68098 1
17-07-2017-15:47:20:601 68098 68777 1
17-07-2017-15:47:20:647 68777 69456 1
17-07-2017-15:47:20:693 69456 70135 1
17-07-2017-15:47:20:729 70135 70814 1
17-07-2017-15:47:20:774 70814 71493 1
17-07-2017-15:47:20:821 71493 72172 1
17-07-2017-15:47:20:856 72172 72851 1
17-07-2017-15:47:20:904 72851 73530 1
17-07-2017-15:47:20:938 73530 74209 1
17-07-2017-15:47:20:989 74209 74888 1
17-07-2017-15:47:21:025 74888 75567 1
17-07-2017-15:47:21:070 75567 76246 1
17-07-2017-15:47:21:117 76246 76925 1
17-07-2017-15:47:21:153 76925 77604 1
17-07-2017-15:47:21:199 77604 78283 1
17-07-2017-15:47:21:251 78283 78934 1
17-07-2017-15:47:21:274 78934 79585 1
17-07-2017-15:47:21:321 79585 80236 1
17-07-2017-15:47:21:365 80236 80887 1
17-07-2017-15:47:21:397 80887 81538 1
17-07-2017-15:47:21:443 81538 82189 1
17-07-2017-15:47:21:479 82189 82840 1
17-07-2017-15:47:21:525 82840 83491 1
17-07-2017-15:47:21:561 83491 84142 1
17-07-2017-15:47:21:607 84142 84793 1
17-07-2017-15:47:21:641 84793 85444 1
17-07-2017-15:47:21:688 85444 86095 1
17-07-2017-15:47:21:723 86095 86746 1
17-07-2017-15:47:21:771 86746 87397 1
17-07-2017-15:47:21:812 87397 88048 1
17-07-2017-15:47:21:851 88048 88699 1
17-07-2017-15:47:21:894 88699 89350 1
17-07-2017-15:47:21:927 89350 90001 1
17-07-2017-15:47:21:975 90001 90652 1
17-07-2017-15:47:22:009 90652 91303 1
17-07-2017-15:47:22:057 91303 91954 1
17-07-2017-15:47:22:091 91954 92605 1
17-07-2017-15:47:22:138 92605 93256 1
17-07-2017-15:47:22:173 93256 93907 1
17-07-2017-15:47:22:219 93907 94558 1
17-07-2017-15:47:22:254 94558 95209 1
17-07-2017-15:47:22:301 95209 95860 1
17-07-2017-15:47:22:336 95860 96511 1
17-07-2017-15:47:22:383 96511 97162 1
17-07-2017-15:47:22:417 97162 97813 1
17-07-2017-15:47:22:463 97813 98464 1
17-07-2017-15:47:22:500 98464 99115 1
17-07-2017-15:47:22:546 99115 99766 1
17-07-2017-15:47:22:581 99766 100417 1
17-07-2017-15:47:22:897 100417 101068 1
17-07-2017-15:47:22:899 101068 101719 1
17-07-2017-15:47:22:899 101719 102370 1
17-07-2017-15:47:22:899 102370 103021 1
17-07-2017-15:47:22:899 103021 103672 1
17-07-2017-15:47:22:899 103672 104323 1
17-07-2017-15:47:22:899 104323 104974 1
17-07-2017-15:47:22:905 104974 105625 1
17-07-2017-15:47:22:952 105625 106276 1
17-07-2017-15:47:22:986 106276 106927 1
17-07-2017-15:47:23:033 106927 107578 1
17-07-2017-15:47:23:067 107578 108229 1
17-07-2017-15:47:23:115 108229 108880 1
17-07-2017-15:47:23:149 108880 109531 1
17-07-2017-15:47:23:196 109531 110182 1
17-07-2017-15:47:23:230 110182 110833 1
17-07-2017-15:47:23:277 110833 111484 1
17-07-2017-15:47:23:312 111484 112135 1
17-07-2017-15:47:23:359 112135 112786 1
17-07-2017-15:47:23:394 112786 113437 1
17-07-2017-15:47:23:441 113437 114088 1
17-07-2017-15:47:23:475 114088 114739 1
17-07-2017-15:47:23:522 114739 115390 1
17-07-2017-15:47:23:557 115390 116041 1
17-07-2017-15:47:23:604 116041 116692 1
17-07-2017-15:47:23:639 116692 117343 1
17-07-2017-15:47:23:690 117343 117994 1
17-07-2017-15:47:23:718 117994 118645 1
17-07-2017-15:47:23:765 118645 119296 1
17-07-2017-15:47:23:799 119296 119947 1
17-07-2017-15:47:23:847 119947 120598 1
17-07-2017-15:47:23:880 120598 121249 1
17-07-2017-15:47:23:927 121249 121900 1
17-07-2017-15:47:23:962 121900 122551 1
17-07-2017-15:47:24:009 122551 123202 1
17-07-2017-15:47:24:044 123202 123853 1
17-07-2017-15:47:24:090 123853 124504 1
17-07-2017-15:47:24:125 124504 125155 1
17-07-2017-15:47:24:172 125155 125806 1
17-07-2017-15:47:24:207 125806 126457 1
17-07-2017-15:47:24:253 126457 127108 1
17-07-2017-15:47:24:289 127108 127759 1
17-07-2017-15:47:24:334 127759 128410 1
17-07-2017-15:47:24:375 128410 129061 1
17-07-2017-15:47:24:414 129061 129712 1
17-07-2017-15:47:24:449 129712 130363 1
17-07-2017-15:47:24:496 130363 131014 1
17-07-2017-15:47:24:530 131014 131665 1
17-07-2017-15:47:24:578 131665 132316 1
17-07-2017-15:47:24:613 132316 132967 1
17-07-2017-15:47:24:660 132967 133618 1
17-07-2017-15:47:24:694 133618 134269 1
17-07-2017-15:47:24:740 134269 134920 1
17-07-2017-15:47:24:781 134920 135571 1
17-07-2017-15:47:24:822 135571 136222 1
17-07-2017-15:47:24:857 136222 136873 1
17-07-2017-15:47:24:903 136873 137524 1
17-07-2017-15:47:24:938 137524 138175 1
17-07-2017-15:47:24:986 138175 138826 1
17-07-2017-15:47:25:021 138826 139477 1
17-07-2017-15:47:25:061 139477 140128 1
17-07-2017-15:47:25:104 140128 140779 1
17-07-2017-15:47:25:150 140779 141430 1
17-07-2017-15:47:25:186 141430 142081 1
17-07-2017-15:47:25:231 142081 142732 1
17-07-2017-15:47:25:267 142732 143383 1
17-07-2017-15:47:25:313 143383 144034 1
17-07-2017-15:47:25:348 144034 144685 1
17-07-2017-15:47:25:394 144685 145336 1
17-07-2017-15:47:25:430 145336 145987 1
17-07-2017-15:47:25:466 145987 146638 1
17-07-2017-15:47:25:512 146638 147289 1
17-07-2017-15:47:25:547 147289 147940 1
17-07-2017-15:47:25:593 147940 148591 1
17-07-2017-15:47:25:629 148591 149242 1
17-07-2017-15:47:25:674 149242 149893 1
17-07-2017-15:47:25:710 149893 150544 1
17-07-2017-15:47:26:245 150544 151195 1
17-07-2017-15:47:26:247 151195 151846 1
17-07-2017-15:47:26:247 151846 152497 1
17-07-2017-15:47:26:247 152497 153148 1
17-07-2017-15:47:26:247 153148 153799 1
17-07-2017-15:47:26:247 153799 154450 1
17-07-2017-15:47:26:247 154450 155101 1
17-07-2017-15:47:26:247 155101 155752 1
17-07-2017-15:47:26:247 155752 156403 1
17-07-2017-15:47:26:247 156403 157054 1
17-07-2017-15:47:26:247 157054 157705 1
17-07-2017-15:47:26:248 157705 158356 1
17-07-2017-15:47:26:248 158356 159007 1
17-07-2017-15:47:26:281 159007 159658 1
17-07-2017-15:47:26:325 159658 160309 1
17-07-2017-15:47:26:360 160309 160960 1
17-07-2017-15:47:26:429 160960 161611 1
17-07-2017-15:47:26:440 161611 162262 1
17-07-2017-15:47:26:488 162262 162913 1
17-07-2017-15:47:26:523 162913 163564 1
17-07-2017-15:47:26:569 163564 164215 1
17-07-2017-15:47:26:605 164215 164866 1
17-07-2017-15:47:26:650 164866 165517 1
17-07-2017-15:47:26:692 165517 166168 1
17-07-2017-15:47:26:736 166168 166819 1
17-07-2017-15:47:26:770 166819 167470 1
17-07-2017-15:47:26:817 167470 168121 1
17-07-2017-15:47:26:852 168121 168772 1
17-07-2017-15:47:26:898 168772 169423 1
17-07-2017-15:47:26:934 169423 170074 1
17-07-2017-15:47:26:981 170074 170725 1
17-07-2017-15:47:27:016 170725 171376 1
17-07-2017-15:47:27:062 171376 172027 1
17-07-2017-15:47:27:097 172027 172678 1
17-07-2017-15:47:27:145 172678 173329 1
17-07-2017-15:47:27:178 173329 173980 1
17-07-2017-15:47:27:225 173980 174631 1
17-07-2017-15:47:27:260 174631 175282 1
17-07-2017-15:47:27:296 175282 175933 1
17-07-2017-15:47:27:342 175933 176584 1
17-07-2017-15:47:27:378 176584 177235 1
17-07-2017-15:47:27:424 177235 177886 1
17-07-2017-15:47:27:459 177886 178537 1
17-07-2017-15:47:27:506 178537 179188 1
17-07-2017-15:47:27:540 179188 179839 1
17-07-2017-15:47:27:588 179839 180490 1
17-07-2017-15:47:27:621 180490 181141 1
17-07-2017-15:47:27:669 181141 181792 1
17-07-2017-15:47:27:704 181792 182443 1
17-07-2017-15:47:27:750 182443 183094 1
17-07-2017-15:47:27:785 183094 183745 1
17-07-2017-15:47:27:832 183745 184396 1
17-07-2017-15:47:27:873 184396 185047 1
17-07-2017-15:47:27:908 185047 185698 1
17-07-2017-15:47:27:953 185698 186349 1
17-07-2017-15:47:27:988 186349 187000 1
17-07-2017-15:47:28:036 187000 187651 1
17-07-2017-15:47:28:069 187651 188302 1
17-07-2017-15:47:28:117 188302 188953 1
17-07-2017-15:47:28:159 188953 189604 1
17-07-2017-15:47:28:199 189604 190255 1
17-07-2017-15:47:28:247 190255 190906 1
17-07-2017-15:47:28:274 190906 191557 1
17-07-2017-15:47:28:321 191557 192208 1
17-07-2017-15:47:28:357 192208 192859 1
17-07-2017-15:47:28:403 192859 193510 1
17-07-2017-15:47:28:438 193510 194161 1
17-07-2017-15:47:28:484 194161 194812 1
17-07-2017-15:47:28:520 194812 195463 1
17-07-2017-15:47:28:568 195463 196114 1
17-07-2017-15:47:28:600 196114 196765 1
17-07-2017-15:47:28:648 196765 197416 1
17-07-2017-15:47:28:683 197416 198067 1
17-07-2017-15:47:28:729 198067 198718 1
17-07-2017-15:47:28:763 198718 199369 1
17-07-2017-15:47:28:811 199369 200020 1
17-07-2017-15:47:28:845 200020 200671 1
17-07-2017-15:47:29:309 200671 201322 1
17-07-2017-15:47:29:310 201322 201973 1
17-07-2017-15:47:29:310 201973 202624 1
17-07-2017-15:47:29:310 202624 203275 1
17-07-2017-15:47:29:310 203275 203926 1
17-07-2017-15:47:29:310 203926 204577 1
17-07-2017-15:47:29:311 204577 205228 1
17-07-2017-15:47:29:311 205228 205879 1
17-07-2017-15:47:29:311 205879 206530 1
17-07-2017-15:47:29:311 206530 207181 1
17-07-2017-15:47:29:311 207181 207832 1
17-07-2017-15:47:29:332 207832 208483 1
17-07-2017-15:47:29:378 208483 209134 1
17-07-2017-15:47:29:414 209134 209785 1
17-07-2017-15:47:29:458 209785 210436 1
17-07-2017-15:47:29:503 210436 211087 1
17-07-2017-15:47:29:539 211087 211738 1
17-07-2017-15:47:29:585 211738 212389 1
17-07-2017-15:47:29:620 212389 213040 1
17-07-2017-15:47:29:656 213040 213691 1
17-07-2017-15:47:29:702 213691 214342 1
17-07-2017-15:47:29:737 214342 214993 1
