17-07-2017-15:46:44:492 0 800 1
17-07-2017-15:46:44:537 800 1600 1
17-07-2017-15:46:44:588 1600 2400 1
17-07-2017-15:46:44:640 2400 3160 1
17-07-2017-15:46:44:691 3160 3907 1
17-07-2017-15:46:44:737 3907 4654 1
17-07-2017-15:46:44:783 4654 5401 1
17-07-2017-15:46:44:828 5401 6148 1
17-07-2017-15:46:44:876 6148 6895 1
17-07-2017-15:46:44:919 6895 7642 1
17-07-2017-15:46:44:976 7642 8389 1
17-07-2017-15:46:45:017 8389 9136 1
17-07-2017-15:46:45:062 9136 9883 1
17-07-2017-15:46:45:106 9883 10630 1
17-07-2017-15:46:45:156 10630 11377 1
17-07-2017-15:46:45:210 11377 12124 1
17-07-2017-15:46:45:255 12124 12871 1
17-07-2017-15:46:45:299 12871 13618 1
17-07-2017-15:46:45:350 13618 14365 1
17-07-2017-15:46:45:393 14365 15112 1
17-07-2017-15:46:45:439 15112 15859 1
17-07-2017-15:46:45:489 15859 16606 1
17-07-2017-15:46:45:537 16606 17353 1
17-07-2017-15:46:45:572 17353 18100 1
17-07-2017-15:46:45:616 18100 18847 1
17-07-2017-15:46:45:668 18847 19594 1
17-07-2017-15:46:45:711 19594 20341 1
17-07-2017-15:46:45:762 20341 21088 1
17-07-2017-15:46:45:809 21088 21835 1
17-07-2017-15:46:45:856 21835 22582 1
17-07-2017-15:46:45:901 22582 23329 1
17-07-2017-15:46:45:949 23329 24076 1
17-07-2017-15:46:45:997 24076 24823 1
17-07-2017-15:46:46:042 24823 25570 1
17-07-2017-15:46:46:090 25570 26317 1
17-07-2017-15:46:46:135 26317 27064 1
17-07-2017-15:46:46:181 27064 27811 1
17-07-2017-15:46:46:228 27811 28558 1
17-07-2017-15:46:46:276 28558 29305 1
17-07-2017-15:46:46:323 29305 30052 1
17-07-2017-15:46:46:369 30052 30799 1
17-07-2017-15:46:46:416 30799 31546 1
17-07-2017-15:46:46:462 31546 32293 1
17-07-2017-15:46:46:508 32293 33040 1
17-07-2017-15:46:46:555 33040 33787 1
17-07-2017-15:46:46:601 33787 34534 1
17-07-2017-15:46:46:648 34534 35281 1
17-07-2017-15:46:46:694 35281 36028 1
17-07-2017-15:46:46:741 36028 36775 1
17-07-2017-15:46:46:788 36775 37522 1
17-07-2017-15:46:46:836 37522 38269 1
17-07-2017-15:46:46:881 38269 39016 1
17-07-2017-15:46:46:927 39016 39763 1
17-07-2017-15:46:46:975 39763 40510 1
17-07-2017-15:46:47:022 40510 41257 1
17-07-2017-15:46:47:069 41257 42004 1
17-07-2017-15:46:47:115 42004 42751 1
17-07-2017-15:46:47:162 42751 43498 1
17-07-2017-15:46:47:208 43498 44245 1
17-07-2017-15:46:47:255 44245 44992 1
17-07-2017-15:46:47:301 44992 45739 1
17-07-2017-15:46:47:348 45739 46486 1
17-07-2017-15:46:47:395 46486 47233 1
17-07-2017-15:46:47:441 47233 47980 1
17-07-2017-15:46:47:488 47980 48727 1
17-07-2017-15:46:47:534 48727 49474 1
17-07-2017-15:46:47:913 49474 50221 1
17-07-2017-15:46:47:915 50221 50968 1
17-07-2017-15:46:47:915 50968 51715 1
17-07-2017-15:46:47:915 51715 52462 1
17-07-2017-15:46:47:915 52462 53209 1
17-07-2017-15:46:47:915 53209 53956 1
17-07-2017-15:46:47:915 53956 54703 1
17-07-2017-15:46:47:916 54703 55450 1
17-07-2017-15:46:47:951 55450 56197 1
17-07-2017-15:46:47:998 56197 56944 1
17-07-2017-15:46:48:045 56944 57691 1
17-07-2017-15:46:48:092 57691 58438 1
17-07-2017-15:46:48:138 58438 59185 1
17-07-2017-15:46:48:186 59185 59932 1
17-07-2017-15:46:48:231 59932 60679 1
17-07-2017-15:46:48:278 60679 61426 1
17-07-2017-15:46:48:325 61426 62173 1
17-07-2017-15:46:48:372 62173 62920 1
17-07-2017-15:46:48:418 62920 63667 1
17-07-2017-15:46:48:465 63667 64414 1
17-07-2017-15:46:48:517 64414 65161 1
17-07-2017-15:46:48:562 65161 65908 1
17-07-2017-15:46:48:610 65908 66655 1
17-07-2017-15:46:48:657 66655 67402 1
17-07-2017-15:46:48:703 67402 68149 1
17-07-2017-15:46:48:752 68149 68896 1
17-07-2017-15:46:48:796 68896 69643 1
17-07-2017-15:46:48:844 69643 70390 1
17-07-2017-15:46:48:889 70390 71137 1
17-07-2017-15:46:48:942 71137 71800 1
17-07-2017-15:46:48:979 71800 72463 1
17-07-2017-15:46:49:021 72463 73126 1
17-07-2017-15:46:49:051 73126 73789 1
17-07-2017-15:46:49:099 73789 74452 1
17-07-2017-15:46:49:145 74452 75115 1
17-07-2017-15:46:49:179 75115 75778 1
17-07-2017-15:46:49:226 75778 76441 1
17-07-2017-15:46:49:263 76441 77104 1
17-07-2017-15:46:49:308 77104 77767 1
17-07-2017-15:46:49:341 77767 78430 1
17-07-2017-15:46:49:389 78430 79093 1
17-07-2017-15:46:49:423 79093 79756 1
17-07-2017-15:46:49:470 79756 80419 1
17-07-2017-15:46:49:516 80419 81082 1
17-07-2017-15:46:49:552 81082 81745 1
17-07-2017-15:46:49:597 81745 82408 1
17-07-2017-15:46:49:640 82408 83071 1
17-07-2017-15:46:49:675 83071 83734 1
17-07-2017-15:46:49:717 83734 84397 1
17-07-2017-15:46:49:762 84397 85060 1
17-07-2017-15:46:49:797 85060 85723 1
17-07-2017-15:46:49:846 85723 86386 1
17-07-2017-15:46:49:888 86386 87049 1
17-07-2017-15:46:49:921 87049 87712 1
17-07-2017-15:46:49:969 87712 88375 1
17-07-2017-15:46:50:006 88375 89038 1
17-07-2017-15:46:50:049 89038 89701 1
17-07-2017-15:46:50:096 89701 90364 1
17-07-2017-15:46:50:130 90364 91027 1
17-07-2017-15:46:50:177 91027 91690 1
17-07-2017-15:46:50:213 91690 92353 1
17-07-2017-15:46:50:258 92353 93016 1
17-07-2017-15:46:50:294 93016 93679 1
17-07-2017-15:46:50:340 93679 94342 1
17-07-2017-15:46:50:385 94342 95005 1
17-07-2017-15:46:50:418 95005 95668 1
17-07-2017-15:46:50:466 95668 96331 1
17-07-2017-15:46:50:502 96331 96994 1
17-07-2017-15:46:50:548 96994 97657 1
17-07-2017-15:46:50:584 97657 98320 1
17-07-2017-15:46:50:629 98320 98983 1
17-07-2017-15:46:50:677 98983 99646 1
17-07-2017-15:46:51:025 99646 100309 1
17-07-2017-15:46:51:027 100309 100972 1
17-07-2017-15:46:51:027 100972 101635 1
17-07-2017-15:46:51:027 101635 102298 1
17-07-2017-15:46:51:027 102298 102961 1
17-07-2017-15:46:51:027 102961 103624 1
17-07-2017-15:46:51:027 103624 104287 1
17-07-2017-15:46:51:027 104287 104950 1
17-07-2017-15:46:51:050 104950 105613 1
17-07-2017-15:46:51:085 105613 106276 1
17-07-2017-15:46:51:131 106276 106939 1
17-07-2017-15:46:51:164 106939 107602 1
17-07-2017-15:46:51:205 107602 108265 1
17-07-2017-15:46:51:249 108265 108928 1
17-07-2017-15:46:51:293 108928 109591 1
17-07-2017-15:46:51:329 109591 110254 1
17-07-2017-15:46:51:376 110254 110917 1
17-07-2017-15:46:51:422 110917 111580 1
17-07-2017-15:46:51:457 111580 112243 1
17-07-2017-15:46:51:503 112243 112906 1
17-07-2017-15:46:51:539 112906 113569 1
17-07-2017-15:46:51:582 113569 114232 1
17-07-2017-15:46:51:629 114232 114895 1
17-07-2017-15:46:51:664 114895 115558 1
17-07-2017-15:46:51:710 115558 116221 1
17-07-2017-15:46:51:745 116221 116884 1
17-07-2017-15:46:51:792 116884 117547 1
17-07-2017-15:46:51:828 117547 118210 1
17-07-2017-15:46:51:873 118210 118873 1
17-07-2017-15:46:51:909 118873 119536 1
17-07-2017-15:46:51:956 119536 120199 1
17-07-2017-15:46:52:002 120199 120862 1
17-07-2017-15:46:52:038 120862 121525 1
17-07-2017-15:46:52:084 121525 122188 1
17-07-2017-15:46:52:118 122188 122851 1
17-07-2017-15:46:52:165 122851 123514 1
17-07-2017-15:46:52:201 123514 124177 1
17-07-2017-15:46:52:246 124177 124840 1
17-07-2017-15:46:52:282 124840 125503 1
17-07-2017-15:46:52:328 125503 126166 1
17-07-2017-15:46:52:380 126166 126829 1
17-07-2017-15:46:52:415 126829 127492 1
17-07-2017-15:46:52:450 127492 128155 1
17-07-2017-15:46:52:496 128155 128818 1
17-07-2017-15:46:52:531 128818 129481 1
17-07-2017-15:46:52:578 129481 130144 1
17-07-2017-15:46:52:624 130144 130807 1
17-07-2017-15:46:52:659 130807 131470 1
17-07-2017-15:46:52:706 131470 132133 1
17-07-2017-15:46:52:742 132133 132796 1
