17-07-2017-15:27:27:639 0 800 1
17-07-2017-15:27:27:689 800 1600 1
17-07-2017-15:27:27:741 1600 2280 1
17-07-2017-15:27:27:776 2280 2960 1
17-07-2017-15:27:27:818 2960 3640 1
17-07-2017-15:27:27:863 3640 4320 1
17-07-2017-15:27:27:915 4320 5000 1
17-07-2017-15:27:27:950 5000 5680 1
17-07-2017-15:27:27:985 5680 6360 1
17-07-2017-15:27:28:031 6360 7040 1
17-07-2017-15:27:28:079 7040 7720 1
17-07-2017-15:27:28:118 7720 8400 1
17-07-2017-15:27:28:166 8400 9080 1
17-07-2017-15:27:28:199 9080 9760 1
17-07-2017-15:27:28:247 9760 10440 1
17-07-2017-15:27:28:293 10440 11120 1
17-07-2017-15:27:28:328 11120 11800 1
17-07-2017-15:27:28:376 11800 12480 1
17-07-2017-15:27:28:411 12480 13160 1
17-07-2017-15:27:28:463 13160 13840 1
17-07-2017-15:27:28:496 13840 14520 1
