17-07-2017-16:22:18:280 0 800 1
17-07-2017-16:22:18:329 800 1600 1
17-07-2017-16:22:18:377 1600 2400 1
17-07-2017-16:22:18:428 2400 3200 1
17-07-2017-16:22:18:475 3200 4000 1
17-07-2017-16:22:18:527 4000 4774 1
17-07-2017-16:22:18:573 4774 5548 1
17-07-2017-16:22:18:620 5548 6322 1
17-07-2017-16:22:18:672 6322 7094 1
17-07-2017-16:22:18:724 7094 7866 1
17-07-2017-16:22:18:772 7866 8638 1
17-07-2017-16:22:18:818 8638 9410 1
17-07-2017-16:22:18:869 9410 10182 1
17-07-2017-16:22:18:917 10182 10954 1
17-07-2017-16:22:18:963 10954 11726 1
17-07-2017-16:22:19:010 11726 12498 1
17-07-2017-16:22:19:056 12498 13270 1
17-07-2017-16:22:19:104 13270 14042 1
17-07-2017-16:22:19:149 14042 14814 1
17-07-2017-16:22:19:203 14814 15574 1
17-07-2017-16:22:19:254 15574 16334 1
17-07-2017-16:22:19:301 16334 17094 1
17-07-2017-16:22:19:347 17094 17854 1
17-07-2017-16:22:19:410 17854 18614 1
17-07-2017-16:22:19:442 18614 19374 1
17-07-2017-16:22:19:488 19374 20134 1
17-07-2017-16:22:19:540 20134 20894 1
17-07-2017-16:22:19:586 20894 21654 1
17-07-2017-16:22:19:633 21654 22414 1
17-07-2017-16:22:19:680 22414 23174 1
17-07-2017-16:22:19:727 23174 23934 1
17-07-2017-16:22:19:773 23934 24694 1
17-07-2017-16:22:19:819 24694 25454 1
17-07-2017-16:22:19:867 25454 26214 1
17-07-2017-16:22:19:913 26214 26974 1
17-07-2017-16:22:19:959 26974 27734 1
17-07-2017-16:22:20:007 27734 28494 1
17-07-2017-16:22:20:052 28494 29254 1
17-07-2017-16:22:20:100 29254 30014 1
17-07-2017-16:22:20:150 30014 30774 1
17-07-2017-16:22:20:202 30774 31534 1
17-07-2017-16:22:20:248 31534 32294 1
17-07-2017-16:22:20:295 32294 33054 1
17-07-2017-16:22:20:342 33054 33814 1
17-07-2017-16:22:20:388 33814 34574 1
17-07-2017-16:22:20:434 34574 35334 1
17-07-2017-16:22:20:482 35334 36094 1
17-07-2017-16:22:20:528 36094 36854 1
17-07-2017-16:22:20:575 36854 37614 1
17-07-2017-16:22:20:622 37614 38374 1
17-07-2017-16:22:20:668 38374 39134 1
17-07-2017-16:22:20:720 39134 39880 1
17-07-2017-16:22:20:768 39880 40626 1
17-07-2017-16:22:20:808 40626 41372 1
