17-07-2017-16:29:22:785 0 800 1
17-07-2017-16:29:22:836 800 1600 1
17-07-2017-16:29:22:881 1600 2400 1
17-07-2017-16:29:22:933 2400 3147 1
17-07-2017-16:29:22:972 3147 3894 1
17-07-2017-16:29:23:025 3894 4640 1
17-07-2017-16:29:23:065 4640 5386 1
17-07-2017-16:29:23:113 5386 6132 1
17-07-2017-16:29:23:159 6132 6878 1
17-07-2017-16:29:23:209 6878 7624 1
17-07-2017-16:29:23:252 7624 8370 1
17-07-2017-16:29:23:299 8370 9116 1
17-07-2017-16:29:23:347 9116 9862 1
17-07-2017-16:29:23:399 9862 10608 1
17-07-2017-16:29:23:445 10608 11354 1
17-07-2017-16:29:23:492 11354 12100 1
17-07-2017-16:29:23:538 12100 12846 1
17-07-2017-16:29:23:586 12846 13592 1
17-07-2017-16:29:23:633 13592 14338 1
17-07-2017-16:29:23:681 14338 15084 1
17-07-2017-16:29:23:724 15084 15830 1
17-07-2017-16:29:23:766 15830 16576 1
17-07-2017-16:29:23:818 16576 17280 1
17-07-2017-16:29:23:856 17280 17984 1
17-07-2017-16:29:23:902 17984 18688 1
17-07-2017-16:29:23:950 18688 19392 1
17-07-2017-16:29:23:995 19392 20096 1
17-07-2017-16:29:24:035 20096 20800 1
17-07-2017-16:29:24:082 20800 21504 1
17-07-2017-16:29:24:116 21504 22208 1
17-07-2017-16:29:24:163 22208 22912 1
17-07-2017-16:29:24:209 22912 23616 1
17-07-2017-16:29:24:257 23616 24320 1
17-07-2017-16:29:24:304 24320 25024 1
17-07-2017-16:29:24:338 25024 25728 1
17-07-2017-16:29:24:384 25728 26432 1
17-07-2017-16:29:24:436 26432 27136 1
17-07-2017-16:29:24:471 27136 27840 1
17-07-2017-16:29:24:517 27840 28544 1
17-07-2017-16:29:24:565 28544 29248 1
17-07-2017-16:29:24:611 29248 29952 1
17-07-2017-16:29:24:646 29952 30656 1
17-07-2017-16:29:24:693 30656 31360 1
17-07-2017-16:29:24:739 31360 32064 1
17-07-2017-16:29:24:787 32064 32768 1
17-07-2017-16:29:24:820 32768 33472 1
17-07-2017-16:29:24:867 33472 34176 1
17-07-2017-16:29:24:915 34176 34880 1
17-07-2017-16:29:24:961 34880 35584 1
17-07-2017-16:29:25:009 35584 36288 1
17-07-2017-16:29:25:044 36288 36992 1
17-07-2017-16:29:25:091 36992 37696 1
17-07-2017-16:29:25:135 37696 38400 1
17-07-2017-16:29:25:183 38400 39104 1
17-07-2017-16:29:25:217 39104 39808 1
17-07-2017-16:29:25:264 39808 40512 1
17-07-2017-16:29:25:316 40512 41216 1
17-07-2017-16:29:25:352 41216 41920 1
17-07-2017-16:29:25:396 41920 42624 1
17-07-2017-16:29:25:444 42624 43328 1
17-07-2017-16:29:25:491 43328 44032 1
17-07-2017-16:29:25:525 44032 44736 1
17-07-2017-16:29:25:572 44736 45440 1
17-07-2017-16:29:25:619 45440 46144 1
17-07-2017-16:29:25:666 46144 46848 1
17-07-2017-16:29:25:711 46848 47552 1
17-07-2017-16:29:25:746 47552 48256 1
17-07-2017-16:29:25:793 48256 48960 1
17-07-2017-16:29:25:840 48960 49664 1
17-07-2017-16:29:26:588 49664 50368 1
17-07-2017-16:29:26:590 50368 51072 1
17-07-2017-16:29:26:590 51072 51776 1
17-07-2017-16:29:26:591 51776 52480 1
17-07-2017-16:29:26:591 52480 53184 1
17-07-2017-16:29:26:591 53184 53888 1
17-07-2017-16:29:26:591 53888 54592 1
17-07-2017-16:29:26:592 54592 55296 1
17-07-2017-16:29:26:592 55296 56000 1
17-07-2017-16:29:26:592 56000 56704 1
17-07-2017-16:29:26:592 56704 57408 1
17-07-2017-16:29:26:592 57408 58112 1
17-07-2017-16:29:26:592 58112 58816 1
17-07-2017-16:29:26:592 58816 59520 1
17-07-2017-16:29:26:592 59520 60224 1
17-07-2017-16:29:26:592 60224 60928 1
17-07-2017-16:29:26:592 60928 61632 1
17-07-2017-16:29:26:635 61632 62336 1
17-07-2017-16:29:26:670 62336 63040 1
17-07-2017-16:29:26:718 63040 63744 1
17-07-2017-16:29:26:799 63744 64448 1
17-07-2017-16:29:26:804 64448 65152 1
17-07-2017-16:29:26:851 65152 65856 1
17-07-2017-16:29:26:903 65856 66560 1
17-07-2017-16:29:26:933 66560 67264 1
17-07-2017-16:29:26:980 67264 67968 1
17-07-2017-16:29:27:025 67968 68672 1
17-07-2017-16:29:27:074 68672 69376 1
17-07-2017-16:29:27:119 69376 70080 1
17-07-2017-16:29:27:155 70080 70784 1
17-07-2017-16:29:27:200 70784 71488 1
17-07-2017-16:29:27:247 71488 72192 1
17-07-2017-16:29:27:295 72192 72896 1
17-07-2017-16:29:27:329 72896 73600 1
17-07-2017-16:29:27:375 73600 74304 1
17-07-2017-16:29:27:422 74304 75008 1
17-07-2017-16:29:27:469 75008 75712 1
17-07-2017-16:29:27:515 75712 76416 1
17-07-2017-16:29:27:552 76416 77120 1
17-07-2017-16:29:27:598 77120 77824 1
17-07-2017-16:29:27:645 77824 78528 1
17-07-2017-16:29:27:688 78528 79232 1
17-07-2017-16:29:27:725 79232 79936 1
17-07-2017-16:29:27:773 79936 80640 1
17-07-2017-16:29:27:819 80640 81344 1
17-07-2017-16:29:27:866 81344 82048 1
17-07-2017-16:29:27:901 82048 82752 1
17-07-2017-16:29:27:948 82752 83456 1
17-07-2017-16:29:27:995 83456 84160 1
17-07-2017-16:29:28:041 84160 84864 1
17-07-2017-16:29:28:089 84864 85568 1
17-07-2017-16:29:28:123 85568 86272 1
17-07-2017-16:29:28:169 86272 86976 1
17-07-2017-16:29:28:215 86976 87680 1
17-07-2017-16:29:28:263 87680 88384 1
17-07-2017-16:29:28:298 88384 89088 1
17-07-2017-16:29:28:345 89088 89792 1
17-07-2017-16:29:28:391 89792 90496 1
17-07-2017-16:29:28:438 90496 91200 1
17-07-2017-16:29:28:475 91200 91904 1
17-07-2017-16:29:28:524 91904 92608 1
17-07-2017-16:29:28:565 92608 93312 1
17-07-2017-16:29:28:613 93312 94016 1
17-07-2017-16:29:28:664 94016 94720 1
17-07-2017-16:29:28:698 94720 95424 1
17-07-2017-16:29:28:745 95424 96128 1
17-07-2017-16:29:28:792 96128 96832 1
17-07-2017-16:29:28:827 96832 97536 1
17-07-2017-16:29:28:874 97536 98240 1
17-07-2017-16:29:28:919 98240 98944 1
17-07-2017-16:29:28:966 98944 99648 1
17-07-2017-16:29:29:003 99648 100352 1
17-07-2017-16:29:29:566 100352 101056 1
17-07-2017-16:29:29:568 101056 101760 1
17-07-2017-16:29:29:568 101760 102464 1
17-07-2017-16:29:29:568 102464 103168 1
17-07-2017-16:29:29:568 103168 103872 1
17-07-2017-16:29:29:568 103872 104576 1
17-07-2017-16:29:29:568 104576 105280 1
17-07-2017-16:29:29:568 105280 105984 1
17-07-2017-16:29:29:568 105984 106688 1
17-07-2017-16:29:29:569 106688 107392 1
17-07-2017-16:29:29:569 107392 108096 1
17-07-2017-16:29:29:569 108096 108800 1
17-07-2017-16:29:29:584 108800 109504 1
17-07-2017-16:29:29:628 109504 110208 1
17-07-2017-16:29:29:662 110208 110912 1
17-07-2017-16:29:29:715 110912 111616 1
17-07-2017-16:29:29:760 111616 112320 1
17-07-2017-16:29:29:805 112320 113024 1
17-07-2017-16:29:29:841 113024 113728 1
17-07-2017-16:29:29:888 113728 114432 1
17-07-2017-16:29:29:934 114432 115136 1
17-07-2017-16:29:29:970 115136 115840 1
17-07-2017-16:29:30:016 115840 116544 1
17-07-2017-16:29:30:062 116544 117248 1
17-07-2017-16:29:30:103 117248 117952 1
17-07-2017-16:29:30:153 117952 118656 1
17-07-2017-16:29:30:198 118656 119360 1
17-07-2017-16:29:30:234 119360 120064 1
17-07-2017-16:29:30:279 120064 120768 1
17-07-2017-16:29:30:326 120768 121472 1
17-07-2017-16:29:30:373 121472 122176 1
17-07-2017-16:29:30:419 122176 122880 1
17-07-2017-16:29:30:455 122880 123584 1
17-07-2017-16:29:30:500 123584 124288 1
17-07-2017-16:29:30:548 124288 124992 1
17-07-2017-16:29:30:633 124992 125696 1
17-07-2017-16:29:30:635 125696 126400 1
17-07-2017-16:29:30:676 126400 127104 1
17-07-2017-16:29:30:722 127104 127808 1
17-07-2017-16:29:30:770 127808 128512 1
17-07-2017-16:29:30:808 128512 129216 1
17-07-2017-16:29:30:848 129216 129920 1
17-07-2017-16:29:30:896 129920 130624 1
17-07-2017-16:29:30:941 130624 131328 1
17-07-2017-16:29:30:989 131328 132032 1
17-07-2017-16:29:31:035 132032 132736 1
17-07-2017-16:29:31:071 132736 133440 1
17-07-2017-16:29:31:120 133440 134144 1
17-07-2017-16:29:31:164 134144 134848 1
17-07-2017-16:29:31:210 134848 135552 1
17-07-2017-16:29:31:255 135552 136256 1
17-07-2017-16:29:31:291 136256 136960 1
17-07-2017-16:29:31:344 136960 137664 1
17-07-2017-16:29:31:379 137664 138368 1
17-07-2017-16:29:31:425 138368 139072 1
17-07-2017-16:29:31:470 139072 139776 1
17-07-2017-16:29:31:540 139776 140480 1
17-07-2017-16:29:31:551 140480 141184 1
17-07-2017-16:29:31:604 141184 141888 1
17-07-2017-16:29:31:646 141888 142592 1
17-07-2017-16:29:31:693 142592 143296 1
17-07-2017-16:29:31:730 143296 144000 1
17-07-2017-16:29:31:781 144000 144704 1
17-07-2017-16:29:31:828 144704 145408 1
17-07-2017-16:29:31:862 145408 146112 1
17-07-2017-16:29:31:910 146112 146816 1
17-07-2017-16:29:31:956 146816 147520 1
17-07-2017-16:29:32:002 147520 148224 1
17-07-2017-16:29:32:037 148224 148928 1
17-07-2017-16:29:32:083 148928 149632 1
17-07-2017-16:29:32:131 149632 150336 1
17-07-2017-16:29:32:177 150336 151040 1
17-07-2017-16:29:32:212 151040 151744 1
17-07-2017-16:29:32:260 151744 152448 1
17-07-2017-16:29:32:306 152448 153152 1
17-07-2017-16:29:32:350 153152 153856 1
17-07-2017-16:29:32:397 153856 154560 1
17-07-2017-16:29:32:442 154560 155264 1
17-07-2017-16:29:32:479 155264 155968 1
17-07-2017-16:29:32:526 155968 156672 1
17-07-2017-16:29:32:572 156672 157376 1
17-07-2017-16:29:32:617 157376 158080 1
17-07-2017-16:29:32:653 158080 158784 1
17-07-2017-16:29:32:700 158784 159488 1
17-07-2017-16:29:32:746 159488 160192 1
17-07-2017-16:29:32:793 160192 160896 1
17-07-2017-16:29:32:832 160896 161600 1
17-07-2017-16:29:32:879 161600 162304 1
17-07-2017-16:29:32:928 162304 163008 1
17-07-2017-16:29:32:971 163008 163712 1
17-07-2017-16:29:33:008 163712 164416 1
17-07-2017-16:29:33:053 164416 165120 1
17-07-2017-16:29:33:100 165120 165824 1
17-07-2017-16:29:33:146 165824 166528 1
17-07-2017-16:29:33:181 166528 167232 1
17-07-2017-16:29:33:228 167232 167936 1
17-07-2017-16:29:33:273 167936 168640 1
17-07-2017-16:29:33:319 168640 169344 1
17-07-2017-16:29:33:365 169344 170048 1
17-07-2017-16:29:33:411 170048 170752 1
17-07-2017-16:29:33:448 170752 171456 1
17-07-2017-16:29:33:494 171456 172160 1
17-07-2017-16:29:33:540 172160 172864 1
17-07-2017-16:29:33:586 172864 173568 1
17-07-2017-16:29:33:621 173568 174272 1
17-07-2017-16:29:33:669 174272 174976 1
17-07-2017-16:29:33:715 174976 175680 1
17-07-2017-16:29:34:232 175680 176384 1
17-07-2017-16:29:34:233 176384 177088 1
17-07-2017-16:29:34:234 177088 177792 1
17-07-2017-16:29:34:234 177792 178496 1
17-07-2017-16:29:34:234 178496 179200 1
17-07-2017-16:29:34:234 179200 179904 1
17-07-2017-16:29:34:234 179904 180608 1
17-07-2017-16:29:34:234 180608 181312 1
17-07-2017-16:29:34:234 181312 182016 1
17-07-2017-16:29:34:234 182016 182720 1
17-07-2017-16:29:34:234 182720 183424 1
17-07-2017-16:29:34:238 183424 184128 1
17-07-2017-16:29:34:284 184128 184832 1
17-07-2017-16:29:34:334 184832 185536 1
17-07-2017-16:29:34:370 185536 186240 1
17-07-2017-16:29:34:416 186240 186944 1
17-07-2017-16:29:34:464 186944 187648 1
17-07-2017-16:29:34:510 187648 188352 1
17-07-2017-16:29:34:546 188352 189056 1
17-07-2017-16:29:34:592 189056 189760 1
17-07-2017-16:29:34:639 189760 190464 1
17-07-2017-16:29:34:684 190464 191168 1
17-07-2017-16:29:34:731 191168 191872 1
17-07-2017-16:29:34:767 191872 192576 1
17-07-2017-16:29:34:828 192576 193280 1
17-07-2017-16:29:34:864 193280 193984 1
17-07-2017-16:29:34:898 193984 194688 1
17-07-2017-16:29:34:945 194688 195392 1
17-07-2017-16:29:34:991 195392 196096 1
17-07-2017-16:29:35:039 196096 196800 1
17-07-2017-16:29:35:074 196800 197504 1
17-07-2017-16:29:35:121 197504 198208 1
17-07-2017-16:29:35:166 198208 198912 1
17-07-2017-16:29:35:214 198912 199616 1
17-07-2017-16:29:35:247 199616 200320 1
17-07-2017-16:29:35:295 200320 201024 1
17-07-2017-16:29:35:341 201024 201728 1
17-07-2017-16:29:35:383 201728 202432 1
17-07-2017-16:29:35:433 202432 203136 1
17-07-2017-16:29:35:470 203136 203840 1
17-07-2017-16:29:35:521 203840 204544 1
17-07-2017-16:29:35:568 204544 205248 1
17-07-2017-16:29:35:601 205248 205952 1
17-07-2017-16:29:35:648 205952 206656 1
17-07-2017-16:29:35:694 206656 207360 1
17-07-2017-16:29:35:742 207360 208064 1
17-07-2017-16:29:35:788 208064 208768 1
17-07-2017-16:29:35:831 208768 209472 1
17-07-2017-16:29:35:865 209472 210176 1
17-07-2017-16:29:35:911 210176 210880 1
17-07-2017-16:29:35:958 210880 211584 1
17-07-2017-16:29:36:006 211584 212288 1
17-07-2017-16:29:36:051 212288 212992 1
17-07-2017-16:29:36:086 212992 213696 1
17-07-2017-16:29:36:133 213696 214400 1
17-07-2017-16:29:36:180 214400 215104 1
17-07-2017-16:29:36:226 215104 215808 1
17-07-2017-16:29:36:261 215808 216512 1
17-07-2017-16:29:36:310 216512 217216 1
17-07-2017-16:29:36:355 217216 217920 1
17-07-2017-16:29:36:401 217920 218624 1
17-07-2017-16:29:36:437 218624 219328 1
17-07-2017-16:29:36:483 219328 220032 1
17-07-2017-16:29:36:533 220032 220736 1
17-07-2017-16:29:36:568 220736 221440 1
17-07-2017-16:29:36:614 221440 222144 1
17-07-2017-16:29:36:667 222144 222848 1
17-07-2017-16:29:36:709 222848 223552 1
17-07-2017-16:29:36:755 223552 224256 1
17-07-2017-16:29:36:790 224256 224960 1
17-07-2017-16:29:36:836 224960 225664 1
17-07-2017-16:29:36:884 225664 226368 1
17-07-2017-16:29:37:346 226368 227072 1
17-07-2017-16:29:37:348 227072 227776 1
17-07-2017-16:29:37:348 227776 228480 1
17-07-2017-16:29:37:348 228480 229184 1
17-07-2017-16:29:37:348 229184 229888 1
17-07-2017-16:29:37:348 229888 230592 1
17-07-2017-16:29:37:348 230592 231296 1
17-07-2017-16:29:37:348 231296 232000 1
17-07-2017-16:29:37:349 232000 232704 1
17-07-2017-16:29:37:349 232704 233408 1
17-07-2017-16:29:37:363 233408 234112 1
17-07-2017-16:29:37:406 234112 234816 1
17-07-2017-16:29:37:459 234816 235520 1
17-07-2017-16:29:37:501 235520 236224 1
17-07-2017-16:29:37:547 236224 236928 1
17-07-2017-16:29:37:581 236928 237632 1
17-07-2017-16:29:37:627 237632 238336 1
17-07-2017-16:29:37:674 238336 239040 1
17-07-2017-16:29:37:721 239040 239744 1
17-07-2017-16:29:37:760 239744 240448 1
17-07-2017-16:29:37:803 240448 241152 1
17-07-2017-16:29:37:851 241152 241856 1
17-07-2017-16:29:37:896 241856 242560 1
17-07-2017-16:29:37:935 242560 243264 1
17-07-2017-16:29:37:988 243264 243968 1
17-07-2017-16:29:38:026 243968 244672 1
17-07-2017-16:29:38:076 244672 245376 1
17-07-2017-16:29:38:109 245376 246080 1
17-07-2017-16:29:38:156 246080 246784 1
17-07-2017-16:29:38:202 246784 247488 1
17-07-2017-16:29:38:252 247488 248192 1
17-07-2017-16:29:38:296 248192 248896 1
17-07-2017-16:29:38:332 248896 249600 1
17-07-2017-16:29:38:376 249600 250304 1
17-07-2017-16:29:38:424 250304 251008 1
17-07-2017-16:29:38:475 251008 251712 1
17-07-2017-16:29:38:510 251712 252416 1
17-07-2017-16:29:38:556 252416 253120 1
17-07-2017-16:29:38:605 253120 253824 1
17-07-2017-16:29:38:638 253824 254528 1
17-07-2017-16:29:38:685 254528 255232 1
17-07-2017-16:29:38:732 255232 255936 1
17-07-2017-16:29:38:778 255936 256640 1
17-07-2017-16:29:38:812 256640 257344 1
17-07-2017-16:29:38:861 257344 258048 1
17-07-2017-16:29:38:909 258048 258752 1
17-07-2017-16:29:38:953 258752 259456 1
17-07-2017-16:29:38:988 259456 260160 1
17-07-2017-16:29:39:035 260160 260864 1
17-07-2017-16:29:39:081 260864 261568 1
17-07-2017-16:29:39:126 261568 262272 1
17-07-2017-16:29:39:173 262272 262976 1
17-07-2017-16:29:39:217 262976 263680 1
17-07-2017-16:29:39:264 263680 264384 1
17-07-2017-16:29:39:299 264384 265088 1
17-07-2017-16:29:39:344 265088 265792 1
17-07-2017-16:29:39:392 265792 266496 1
17-07-2017-16:29:39:437 266496 267200 1
17-07-2017-16:29:39:474 267200 267904 1
17-07-2017-16:29:39:519 267904 268608 1
17-07-2017-16:29:39:566 268608 269312 1
17-07-2017-16:29:39:613 269312 270016 1
17-07-2017-16:29:39:649 270016 270720 1
17-07-2017-16:29:39:695 270720 271424 1
17-07-2017-16:29:39:740 271424 272128 1
17-07-2017-16:29:39:788 272128 272832 1
17-07-2017-16:29:39:834 272832 273536 1
17-07-2017-16:29:39:879 273536 274240 1
17-07-2017-16:29:39:914 274240 274944 1
17-07-2017-16:29:39:960 274944 275648 1
17-07-2017-16:29:40:006 275648 276352 1
17-07-2017-16:29:40:054 276352 277056 1
17-07-2017-16:29:40:551 277056 277760 1
17-07-2017-16:29:40:553 277760 278464 1
17-07-2017-16:29:40:553 278464 279168 1
17-07-2017-16:29:40:553 279168 279872 1
17-07-2017-16:29:40:553 279872 280576 1
17-07-2017-16:29:40:554 280576 281280 1
17-07-2017-16:29:40:554 281280 281984 1
17-07-2017-16:29:40:554 281984 282688 1
17-07-2017-16:29:40:554 282688 283392 1
17-07-2017-16:29:40:554 283392 284096 1
17-07-2017-16:29:40:554 284096 284800 1
17-07-2017-16:29:40:585 284800 285504 1
17-07-2017-16:29:40:618 285504 286208 1
17-07-2017-16:29:40:672 286208 286912 1
17-07-2017-16:29:40:712 286912 287616 1
17-07-2017-16:29:40:757 287616 288320 1
17-07-2017-16:29:40:792 288320 289024 1
17-07-2017-16:29:40:844 289024 289707 1
17-07-2017-16:29:40:882 289707 290390 1
17-07-2017-16:29:40:928 290390 291073 1
17-07-2017-16:29:40:963 291073 291756 1
17-07-2017-16:29:41:010 291756 292439 1
17-07-2017-16:29:41:057 292439 293122 1
17-07-2017-16:29:41:091 293122 293805 1
17-07-2017-16:29:41:139 293805 294488 1
17-07-2017-16:29:41:186 294488 295171 1
17-07-2017-16:29:41:220 295171 295854 1
17-07-2017-16:29:41:266 295854 296537 1
17-07-2017-16:29:41:314 296537 297220 1
17-07-2017-16:29:41:348 297220 297903 1
17-07-2017-16:29:41:396 297903 298586 1
17-07-2017-16:29:41:442 298586 299269 1
17-07-2017-16:29:41:475 299269 299952 1
17-07-2017-16:29:41:522 299952 300635 1
17-07-2017-16:29:41:566 300635 301318 1
17-07-2017-16:29:41:614 301318 302001 1
17-07-2017-16:29:41:648 302001 302684 1
17-07-2017-16:29:41:695 302684 303367 1
17-07-2017-16:29:41:741 303367 304050 1
17-07-2017-16:29:41:777 304050 304733 1
17-07-2017-16:29:41:827 304733 305416 1
17-07-2017-16:29:41:861 305416 306099 1
17-07-2017-16:29:41:908 306099 306782 1
17-07-2017-16:29:41:955 306782 307465 1
17-07-2017-16:29:41:990 307465 308148 1
17-07-2017-16:29:42:034 308148 308831 1
17-07-2017-16:29:42:081 308831 309514 1
17-07-2017-16:29:42:115 309514 310197 1
17-07-2017-16:29:42:162 310197 310880 1
17-07-2017-16:29:42:208 310880 311563 1
17-07-2017-16:29:42:243 311563 312246 1
17-07-2017-16:29:42:291 312246 312929 1
17-07-2017-16:29:42:337 312929 313612 1
17-07-2017-16:29:42:374 313612 314295 1
17-07-2017-16:29:42:418 314295 314978 1
17-07-2017-16:29:42:467 314978 315661 1
17-07-2017-16:29:42:501 315661 316344 1
17-07-2017-16:29:42:547 316344 317027 1
17-07-2017-16:29:42:595 317027 317710 1
17-07-2017-16:29:42:629 317710 318393 1
17-07-2017-16:29:42:676 318393 319076 1
17-07-2017-16:29:42:723 319076 319759 1
17-07-2017-16:29:42:764 319759 320442 1
17-07-2017-16:29:42:812 320442 321125 1
17-07-2017-16:29:42:845 321125 321808 1
17-07-2017-16:29:42:888 321808 322491 1
17-07-2017-16:29:42:940 322491 323174 1
17-07-2017-16:29:42:982 323174 323857 1
17-07-2017-16:29:43:018 323857 324540 1
17-07-2017-16:29:43:061 324540 325223 1
17-07-2017-16:29:43:099 325223 325906 1
17-07-2017-16:29:43:146 325906 326589 1
17-07-2017-16:29:43:191 326589 327272 1
17-07-2017-16:29:43:488 327272 327955 1
17-07-2017-16:29:43:489 327955 328638 1
17-07-2017-16:29:43:489 328638 329321 1
17-07-2017-16:29:43:489 329321 330004 1
17-07-2017-16:29:43:489 330004 330687 1
17-07-2017-16:29:43:489 330687 331370 1
17-07-2017-16:29:43:489 331370 332053 1
17-07-2017-16:29:43:529 332053 332736 1
17-07-2017-16:29:43:581 332736 333419 1
17-07-2017-16:29:43:611 333419 334102 1
17-07-2017-16:29:43:658 334102 334785 1
17-07-2017-16:29:43:708 334785 335468 1
17-07-2017-16:29:43:739 335468 336151 1
17-07-2017-16:29:43:787 336151 336834 1
17-07-2017-16:29:43:833 336834 337517 1
17-07-2017-16:29:43:868 337517 338200 1
17-07-2017-16:29:43:916 338200 338883 1
17-07-2017-16:29:43:961 338883 339566 1
17-07-2017-16:29:43:997 339566 340249 1
17-07-2017-16:29:44:042 340249 340932 1
17-07-2017-16:29:44:094 340932 341615 1
17-07-2017-16:29:44:123 341615 342298 1
17-07-2017-16:29:44:169 342298 342981 1
17-07-2017-16:29:44:221 342981 343664 1
17-07-2017-16:29:44:251 343664 344347 1
17-07-2017-16:29:44:297 344347 345030 1
17-07-2017-16:29:44:343 345030 345713 1
17-07-2017-16:29:44:384 345713 346396 1
17-07-2017-16:29:44:425 346396 347079 1
17-07-2017-16:29:44:472 347079 347762 1
17-07-2017-16:29:44:510 347762 348445 1
17-07-2017-16:29:44:553 348445 349128 1
17-07-2017-16:29:44:601 349128 349811 1
17-07-2017-16:29:44:635 349811 350494 1
17-07-2017-16:29:44:682 350494 351177 1
17-07-2017-16:29:44:728 351177 351860 1
17-07-2017-16:29:44:764 351860 352543 1
17-07-2017-16:29:44:814 352543 353226 1
17-07-2017-16:29:44:852 353226 353909 1
17-07-2017-16:29:44:898 353909 354592 1
17-07-2017-16:29:44:944 354592 355275 1
17-07-2017-16:29:44:978 355275 355958 1
17-07-2017-16:29:45:026 355958 356641 1
17-07-2017-16:29:45:073 356641 357324 1
17-07-2017-16:29:45:114 357324 358007 1
17-07-2017-16:29:45:150 358007 358690 1
17-07-2017-16:29:45:197 358690 359373 1
17-07-2017-16:29:45:244 359373 360056 1
17-07-2017-16:29:45:279 360056 360739 1
17-07-2017-16:29:45:325 360739 361422 1
17-07-2017-16:29:45:361 361422 362105 1
17-07-2017-16:29:45:409 362105 362788 1
17-07-2017-16:29:45:453 362788 363471 1
17-07-2017-16:29:45:488 363471 364154 1
17-07-2017-16:29:45:534 364154 364837 1
17-07-2017-16:29:45:587 364837 365520 1
17-07-2017-16:29:45:616 365520 366203 1
17-07-2017-16:29:45:663 366203 366886 1
17-07-2017-16:29:45:709 366886 367569 1
17-07-2017-16:29:45:745 367569 368252 1
17-07-2017-16:29:45:790 368252 368935 1
17-07-2017-16:29:45:837 368935 369618 1
17-07-2017-16:29:45:877 369618 370301 1
17-07-2017-16:29:45:918 370301 370984 1
17-07-2017-16:29:45:962 370984 371667 1
17-07-2017-16:29:46:009 371667 372350 1
17-07-2017-16:29:46:044 372350 373033 1
17-07-2017-16:29:46:093 373033 373716 1
17-07-2017-16:29:46:139 373716 374399 1
17-07-2017-16:29:46:173 374399 375082 1
17-07-2017-16:29:46:219 375082 375765 1
17-07-2017-16:29:46:266 375765 376448 1
17-07-2017-16:29:46:301 376448 377131 1
17-07-2017-16:29:46:353 377131 377814 1
17-07-2017-16:29:46:387 377814 378497 1
17-07-2017-16:29:46:746 378497 379180 1
17-07-2017-16:29:46:748 379180 379863 1
17-07-2017-16:29:46:748 379863 380546 1
17-07-2017-16:29:46:748 380546 381229 1
17-07-2017-16:29:46:748 381229 381912 1
17-07-2017-16:29:46:748 381912 382595 1
17-07-2017-16:29:46:748 382595 383278 1
17-07-2017-16:29:46:748 383278 383961 1
17-07-2017-16:29:46:771 383961 384644 1
17-07-2017-16:29:46:817 384644 385327 1
17-07-2017-16:29:46:860 385327 386010 1
17-07-2017-16:29:46:905 386010 386693 1
17-07-2017-16:29:46:941 386693 387376 1
17-07-2017-16:29:46:986 387376 388059 1
17-07-2017-16:29:47:033 388059 388742 1
17-07-2017-16:29:47:070 388742 389425 1
17-07-2017-16:29:47:115 389425 390108 1
17-07-2017-16:29:47:161 390108 390791 1
17-07-2017-16:29:47:196 390791 391474 1
17-07-2017-16:29:47:244 391474 392157 1
17-07-2017-16:29:47:290 392157 392840 1
17-07-2017-16:29:47:325 392840 393523 1
17-07-2017-16:29:47:370 393523 394206 1
17-07-2017-16:29:47:417 394206 394889 1
17-07-2017-16:29:47:453 394889 395572 1
17-07-2017-16:29:47:499 395572 396255 1
17-07-2017-16:29:47:545 396255 396938 1
17-07-2017-16:29:47:583 396938 397621 1
17-07-2017-16:29:47:632 397621 398304 1
17-07-2017-16:29:47:667 398304 398987 1
17-07-2017-16:29:47:712 398987 399670 1
17-07-2017-16:29:47:761 399670 400353 1
17-07-2017-16:29:47:794 400353 401036 1
17-07-2017-16:29:47:846 401036 401694 1
17-07-2017-16:29:47:885 401694 402352 1
17-07-2017-16:29:47:921 402352 403010 1
17-07-2017-16:29:47:967 403010 403668 1
17-07-2017-16:29:48:002 403668 404326 1
17-07-2017-16:29:48:053 404326 404984 1
17-07-2017-16:29:48:084 404984 405642 1
17-07-2017-16:29:48:131 405642 406300 1
17-07-2017-16:29:48:165 406300 406958 1
17-07-2017-16:29:48:212 406958 407616 1
17-07-2017-16:29:48:248 407616 408274 1
17-07-2017-16:29:48:294 408274 408932 1
17-07-2017-16:29:48:331 408932 409590 1
17-07-2017-16:29:48:375 409590 410248 1
17-07-2017-16:29:48:411 410248 410906 1
17-07-2017-16:29:48:458 410906 411564 1
17-07-2017-16:29:48:491 411564 412222 1
17-07-2017-16:29:48:543 412222 412880 1
17-07-2017-16:29:48:580 412880 413538 1
17-07-2017-16:29:48:625 413538 414196 1
17-07-2017-16:29:48:659 414196 414854 1
17-07-2017-16:29:48:705 414854 415512 1
17-07-2017-16:29:48:740 415512 416170 1
17-07-2017-16:29:48:788 416170 416828 1
17-07-2017-16:29:48:821 416828 417486 1
17-07-2017-16:29:48:872 417486 418144 1
17-07-2017-16:29:48:903 418144 418802 1
17-07-2017-16:29:48:950 418802 419460 1
17-07-2017-16:29:48:986 419460 420118 1
17-07-2017-16:29:49:032 420118 420776 1
17-07-2017-16:29:49:078 420776 421434 1
17-07-2017-16:29:49:113 421434 422092 1
17-07-2017-16:29:49:160 422092 422750 1
17-07-2017-16:29:49:195 422750 423408 1
17-07-2017-16:29:49:239 423408 424066 1
17-07-2017-16:29:49:320 424066 424724 1
17-07-2017-16:29:49:324 424724 425382 1
17-07-2017-16:29:49:359 425382 426040 1
17-07-2017-16:29:49:406 426040 426698 1
17-07-2017-16:29:49:440 426698 427356 1
17-07-2017-16:29:49:486 427356 428014 1
17-07-2017-16:29:49:522 428014 428672 1
17-07-2017-16:29:49:567 428672 429330 1
17-07-2017-16:29:49:602 429330 429988 1
17-07-2017-16:29:49:650 429988 430646 1
17-07-2017-16:29:49:690 430646 431304 1
17-07-2017-16:29:49:731 431304 431962 1
17-07-2017-16:29:49:777 431962 432620 1
17-07-2017-16:29:49:812 432620 433278 1
17-07-2017-16:29:49:864 433278 433936 1
17-07-2017-16:29:49:891 433936 434594 1
17-07-2017-16:29:49:938 434594 435252 1
17-07-2017-16:29:49:973 435252 435910 1
17-07-2017-16:29:50:021 435910 436568 1
17-07-2017-16:29:50:054 436568 437226 1
17-07-2017-16:29:50:102 437226 437884 1
17-07-2017-16:29:50:148 437884 438542 1
17-07-2017-16:29:50:183 438542 439200 1
17-07-2017-16:29:50:228 439200 439858 1
17-07-2017-16:29:50:264 439858 440516 1
17-07-2017-16:29:50:311 440516 441174 1
17-07-2017-16:29:50:346 441174 441832 1
17-07-2017-16:29:50:397 441832 442490 1
17-07-2017-16:29:50:437 442490 443148 1
17-07-2017-16:29:50:475 443148 443806 1
17-07-2017-16:29:50:512 443806 444464 1
17-07-2017-16:29:50:557 444464 445122 1
17-07-2017-16:29:50:593 445122 445780 1
17-07-2017-16:29:50:639 445780 446438 1
17-07-2017-16:29:50:673 446438 447096 1
17-07-2017-16:29:50:721 447096 447754 1
17-07-2017-16:29:50:756 447754 448412 1
17-07-2017-16:29:50:808 448412 449070 1
17-07-2017-16:29:50:842 449070 449728 1
17-07-2017-16:29:50:878 449728 450386 1
17-07-2017-16:29:50:924 450386 451044 1
17-07-2017-16:29:50:970 451044 451702 1
17-07-2017-16:29:51:005 451702 452360 1
17-07-2017-16:29:51:051 452360 453018 1
17-07-2017-16:29:51:087 453018 453676 1
17-07-2017-16:29:51:134 453676 454334 1
17-07-2017-16:29:51:169 454334 454992 1
17-07-2017-16:29:51:214 454992 455650 1
17-07-2017-16:29:51:250 455650 456308 1
17-07-2017-16:29:51:297 456308 456966 1
17-07-2017-16:29:51:332 456966 457624 1
17-07-2017-16:29:51:376 457624 458282 1
17-07-2017-16:29:51:424 458282 458940 1
17-07-2017-16:29:51:457 458940 459598 1
17-07-2017-16:29:51:505 459598 460256 1
17-07-2017-16:29:51:540 460256 460914 1
17-07-2017-16:29:51:586 460914 461572 1
17-07-2017-16:29:51:622 461572 462230 1
17-07-2017-16:29:51:667 462230 462888 1
17-07-2017-16:29:51:703 462888 463546 1
17-07-2017-16:29:51:750 463546 464204 1
17-07-2017-16:29:51:783 464204 464862 1
17-07-2017-16:29:51:831 464862 465520 1
17-07-2017-16:29:51:868 465520 466178 1
17-07-2017-16:29:51:913 466178 466836 1
17-07-2017-16:29:51:953 466836 467494 1
17-07-2017-16:29:51:991 467494 468152 1
17-07-2017-16:29:52:037 468152 468810 1
17-07-2017-16:29:52:072 468810 469468 1
17-07-2017-16:29:52:118 469468 470126 1
17-07-2017-16:29:52:154 470126 470784 1
17-07-2017-16:29:52:200 470784 471442 1
17-07-2017-16:29:52:236 471442 472100 1
17-07-2017-16:29:52:283 472100 472758 1
17-07-2017-16:29:52:316 472758 473416 1
17-07-2017-16:29:52:363 473416 474074 1
17-07-2017-16:29:52:406 474074 474732 1
17-07-2017-16:29:52:768 474732 475390 1
17-07-2017-16:29:52:770 475390 476048 1
17-07-2017-16:29:52:770 476048 476706 1
17-07-2017-16:29:52:770 476706 477364 1
17-07-2017-16:29:52:771 477364 478022 1
17-07-2017-16:29:52:771 478022 478680 1
17-07-2017-16:29:52:771 478680 479338 1
17-07-2017-16:29:52:771 479338 479996 1
17-07-2017-16:29:52:778 479996 480654 1
17-07-2017-16:29:52:813 480654 481312 1
17-07-2017-16:29:52:862 481312 481970 1
17-07-2017-16:29:52:896 481970 482628 1
17-07-2017-16:29:52:942 482628 483286 1
17-07-2017-16:29:52:978 483286 483944 1
17-07-2017-16:29:53:024 483944 484602 1
17-07-2017-16:29:53:059 484602 485260 1
17-07-2017-16:29:53:105 485260 485918 1
17-07-2017-16:29:53:139 485918 486576 1
17-07-2017-16:29:53:186 486576 487234 1
17-07-2017-16:29:53:226 487234 487892 1
17-07-2017-16:29:53:273 487892 488550 1
17-07-2017-16:29:53:307 488550 489208 1
17-07-2017-16:29:53:358 489208 489866 1
17-07-2017-16:29:53:391 489866 490524 1
17-07-2017-16:29:53:435 490524 491182 1
17-07-2017-16:29:53:473 491182 491840 1
17-07-2017-16:29:53:517 491840 492498 1
17-07-2017-16:29:53:553 492498 493156 1
17-07-2017-16:29:53:599 493156 493814 1
17-07-2017-16:29:53:635 493814 494472 1
17-07-2017-16:29:53:681 494472 495130 1
17-07-2017-16:29:53:715 495130 495788 1
17-07-2017-16:29:53:764 495788 496446 1
17-07-2017-16:29:53:797 496446 497104 1
17-07-2017-16:29:53:849 497104 497762 1
17-07-2017-16:29:53:884 497762 498420 1
17-07-2017-16:29:53:929 498420 499078 1
17-07-2017-16:29:53:966 499078 499736 1
17-07-2017-16:29:54:012 499736 500394 1
17-07-2017-16:29:54:047 500394 501052 1
17-07-2017-16:29:54:094 501052 501710 1
17-07-2017-16:29:54:129 501710 502368 1
17-07-2017-16:29:54:175 502368 503026 1
17-07-2017-16:29:54:211 503026 503684 1
17-07-2017-16:29:54:257 503684 504342 1
17-07-2017-16:29:54:291 504342 505000 1
17-07-2017-16:29:54:342 505000 505658 1
17-07-2017-16:29:54:382 505658 506316 1
17-07-2017-16:29:54:417 506316 506974 1
17-07-2017-16:29:54:464 506974 507632 1
17-07-2017-16:29:54:499 507632 508290 1
17-07-2017-16:29:54:546 508290 508948 1
17-07-2017-16:29:54:580 508948 509606 1
17-07-2017-16:29:54:627 509606 510264 1
17-07-2017-16:29:54:660 510264 510922 1
17-07-2017-16:29:54:708 510922 511580 1
17-07-2017-16:29:54:743 511580 512238 1
17-07-2017-16:29:54:790 512238 512896 1
17-07-2017-16:29:54:835 512896 513554 1
17-07-2017-16:29:54:871 513554 514212 1
17-07-2017-16:29:54:917 514212 514870 1
17-07-2017-16:29:54:953 514870 515528 1
17-07-2017-16:29:54:998 515528 516186 1
17-07-2017-16:29:55:039 516186 516844 1
17-07-2017-16:29:55:074 516844 517502 1
17-07-2017-16:29:55:121 517502 518160 1
17-07-2017-16:29:55:155 518160 518818 1
17-07-2017-16:29:55:203 518818 519476 1
17-07-2017-16:29:55:237 519476 520134 1
17-07-2017-16:29:55:283 520134 520792 1
17-07-2017-16:29:55:320 520792 521450 1
17-07-2017-16:29:55:365 521450 522108 1
17-07-2017-16:29:55:415 522108 522766 1
17-07-2017-16:29:55:450 522766 523424 1
17-07-2017-16:29:55:487 523424 524082 1
17-07-2017-16:29:55:534 524082 524740 1
17-07-2017-16:29:55:568 524740 525398 1
17-07-2017-16:29:55:955 525398 526056 1
17-07-2017-16:29:55:956 526056 526714 1
17-07-2017-16:29:55:956 526714 527372 1
17-07-2017-16:29:55:956 527372 528030 1
17-07-2017-16:29:55:958 528030 528688 1
17-07-2017-16:29:55:959 528688 529346 1
17-07-2017-16:29:55:959 529346 530004 1
17-07-2017-16:29:55:959 530004 530662 1
17-07-2017-16:29:55:959 530662 531320 1
17-07-2017-16:29:55:988 531320 531978 1
17-07-2017-16:29:56:023 531978 532636 1
17-07-2017-16:29:56:070 532636 533294 1
17-07-2017-16:29:56:104 533294 533952 1
17-07-2017-16:29:56:151 533952 534610 1
17-07-2017-16:29:56:194 534610 535268 1
17-07-2017-16:29:56:229 535268 535926 1
17-07-2017-16:29:56:278 535926 536584 1
17-07-2017-16:29:56:314 536584 537242 1
17-07-2017-16:29:56:358 537242 537900 1
17-07-2017-16:29:56:392 537900 538558 1
17-07-2017-16:29:56:439 538558 539216 1
17-07-2017-16:29:56:474 539216 539874 1
17-07-2017-16:29:56:520 539874 540532 1
17-07-2017-16:29:56:556 540532 541190 1
17-07-2017-16:29:56:601 541190 541848 1
17-07-2017-16:29:56:636 541848 542506 1
17-07-2017-16:29:56:684 542506 543164 1
17-07-2017-16:29:56:717 543164 543822 1
17-07-2017-16:29:56:768 543822 544480 1
17-07-2017-16:29:56:805 544480 545138 1
17-07-2017-16:29:56:855 545138 545796 1
17-07-2017-16:29:56:883 545796 546454 1
17-07-2017-16:29:56:930 546454 547112 1
17-07-2017-16:29:56:964 547112 547770 1
17-07-2017-16:29:57:012 547770 548428 1
17-07-2017-16:29:57:045 548428 549086 1
17-07-2017-16:29:57:093 549086 549744 1
17-07-2017-16:29:57:140 549744 550402 1
17-07-2017-16:29:57:175 550402 551060 1
17-07-2017-16:29:57:221 551060 551718 1
17-07-2017-16:29:57:256 551718 552376 1
17-07-2017-16:29:57:302 552376 553034 1
17-07-2017-16:29:57:338 553034 553692 1
17-07-2017-16:29:57:380 553692 554350 1
17-07-2017-16:29:57:427 554350 555008 1
17-07-2017-16:29:57:462 555008 555666 1
17-07-2017-16:29:57:509 555666 556324 1
17-07-2017-16:29:57:544 556324 556982 1
17-07-2017-16:29:57:590 556982 557640 1
17-07-2017-16:29:57:625 557640 558298 1
17-07-2017-16:29:57:672 558298 558956 1
17-07-2017-16:29:57:706 558956 559614 1
17-07-2017-16:29:57:754 559614 560272 1
17-07-2017-16:29:57:789 560272 560930 1
17-07-2017-16:29:57:835 560930 561588 1
17-07-2017-16:29:57:871 561588 562246 1
17-07-2017-16:29:57:917 562246 562904 1
17-07-2017-16:29:57:951 562904 563562 1
17-07-2017-16:29:57:997 563562 564220 1
17-07-2017-16:29:58:044 564220 564878 1
17-07-2017-16:29:58:078 564878 565536 1
17-07-2017-16:29:58:124 565536 566194 1
17-07-2017-16:29:58:164 566194 566852 1
17-07-2017-16:29:58:206 566852 567510 1
17-07-2017-16:29:58:241 567510 568168 1
17-07-2017-16:29:58:287 568168 568826 1
17-07-2017-16:29:58:328 568826 569484 1
17-07-2017-16:29:58:363 569484 570142 1
17-07-2017-16:29:58:409 570142 570800 1
17-07-2017-16:29:58:444 570800 571458 1
17-07-2017-16:29:58:492 571458 572116 1
17-07-2017-16:29:58:527 572116 572774 1
17-07-2017-16:29:58:573 572774 573432 1
17-07-2017-16:29:58:619 573432 574090 1
17-07-2017-16:29:58:654 574090 574748 1
17-07-2017-16:29:58:701 574748 575406 1
17-07-2017-16:29:58:735 575406 576064 1
17-07-2017-16:29:59:078 576064 576722 1
17-07-2017-16:29:59:079 576722 577380 1
17-07-2017-16:29:59:080 577380 578038 1
17-07-2017-16:29:59:080 578038 578696 1
17-07-2017-16:29:59:080 578696 579354 1
17-07-2017-16:29:59:080 579354 580012 1
17-07-2017-16:29:59:080 580012 580670 1
17-07-2017-16:29:59:080 580670 581328 1
17-07-2017-16:29:59:106 581328 581986 1
17-07-2017-16:29:59:152 581986 582644 1
17-07-2017-16:29:59:187 582644 583302 1
17-07-2017-16:29:59:234 583302 583960 1
17-07-2017-16:29:59:270 583960 584618 1
17-07-2017-16:29:59:316 584618 585276 1
17-07-2017-16:29:59:355 585276 585934 1
17-07-2017-16:29:59:400 585934 586592 1
17-07-2017-16:29:59:435 586592 587250 1
17-07-2017-16:29:59:482 587250 587908 1
17-07-2017-16:29:59:520 587908 588566 1
17-07-2017-16:29:59:563 588566 589224 1
17-07-2017-16:29:59:598 589224 589882 1
17-07-2017-16:29:59:646 589882 590540 1
17-07-2017-16:29:59:680 590540 591198 1
17-07-2017-16:29:59:727 591198 591856 1
17-07-2017-16:29:59:763 591856 592514 1
17-07-2017-16:29:59:808 592514 593172 1
17-07-2017-16:29:59:844 593172 593830 1
17-07-2017-16:29:59:891 593830 594488 1
17-07-2017-16:29:59:925 594488 595146 1
17-07-2017-16:29:59:977 595146 595804 1
17-07-2017-16:30:00:008 595804 596462 1
17-07-2017-16:30:00:055 596462 597120 1
17-07-2017-16:30:00:101 597120 597778 1
17-07-2017-16:30:00:136 597778 598436 1
