17-07-2017-15:43:13:406 0 800 1
17-07-2017-15:43:13:449 800 1600 1
17-07-2017-15:43:13:501 1600 2360 1
17-07-2017-15:43:13:551 2360 3120 1
17-07-2017-15:43:13:597 3120 3880 1
17-07-2017-15:43:13:646 3880 4640 1
17-07-2017-15:43:13:696 4640 5400 1
17-07-2017-15:43:13:743 5400 6160 1
17-07-2017-15:43:13:790 6160 6920 1
17-07-2017-15:43:13:836 6920 7680 1
17-07-2017-15:43:13:884 7680 8440 1
17-07-2017-15:43:13:932 8440 9200 1
17-07-2017-15:43:13:977 9200 9960 1
17-07-2017-15:43:14:022 9960 10720 1
17-07-2017-15:43:14:070 10720 11480 1
17-07-2017-15:43:14:117 11480 12240 1
17-07-2017-15:43:14:165 12240 13000 1
17-07-2017-15:43:14:210 13000 13760 1
17-07-2017-15:43:14:259 13760 14520 1
17-07-2017-15:43:14:311 14520 15267 1
17-07-2017-15:43:14:351 15267 16014 1
17-07-2017-15:43:14:404 16014 16760 1
17-07-2017-15:43:14:444 16760 17506 1
17-07-2017-15:43:14:489 17506 18252 1
17-07-2017-15:43:14:536 18252 18998 1
17-07-2017-15:43:14:583 18998 19744 1
17-07-2017-15:43:14:631 19744 20490 1
17-07-2017-15:43:14:676 20490 21236 1
17-07-2017-15:43:14:722 21236 21982 1
17-07-2017-15:43:14:770 21982 22728 1
17-07-2017-15:43:14:820 22728 23474 1
17-07-2017-15:43:14:867 23474 24220 1
17-07-2017-15:43:14:912 24220 24966 1
17-07-2017-15:43:14:970 24966 25712 1
17-07-2017-15:43:15:005 25712 26458 1
17-07-2017-15:43:15:053 26458 27204 1
17-07-2017-15:43:15:099 27204 27950 1
17-07-2017-15:43:15:147 27950 28696 1
17-07-2017-15:43:15:192 28696 29442 1
17-07-2017-15:43:15:240 29442 30188 1
17-07-2017-15:43:15:291 30188 30934 1
17-07-2017-15:43:15:337 30934 31680 1
17-07-2017-15:43:15:385 31680 32426 1
17-07-2017-15:43:15:430 32426 33172 1
17-07-2017-15:43:15:478 33172 33918 1
17-07-2017-15:43:15:524 33918 34664 1
17-07-2017-15:43:15:570 34664 35410 1
17-07-2017-15:43:15:617 35410 36156 1
17-07-2017-15:43:15:663 36156 36902 1
17-07-2017-15:43:15:707 36902 37648 1
17-07-2017-15:43:15:752 37648 38394 1
17-07-2017-15:43:15:801 38394 39140 1
17-07-2017-15:43:15:847 39140 39886 1
17-07-2017-15:43:15:893 39886 40632 1
17-07-2017-15:43:15:945 40632 41378 1
17-07-2017-15:43:15:991 41378 42124 1
17-07-2017-15:43:16:037 42124 42870 1
17-07-2017-15:43:16:085 42870 43616 1
17-07-2017-15:43:16:131 43616 44362 1
17-07-2017-15:43:16:179 44362 45108 1
17-07-2017-15:43:16:225 45108 45854 1
17-07-2017-15:43:16:271 45854 46600 1
17-07-2017-15:43:16:322 46600 47346 1
17-07-2017-15:43:16:361 47346 48092 1
17-07-2017-15:43:16:409 48092 48838 1
17-07-2017-15:43:16:455 48838 49584 1
17-07-2017-15:43:17:083 49584 50330 1
17-07-2017-15:43:17:086 50330 51076 1
17-07-2017-15:43:17:086 51076 51822 1
17-07-2017-15:43:17:086 51822 52568 1
17-07-2017-15:43:17:086 52568 53314 1
17-07-2017-15:43:17:086 53314 54060 1
17-07-2017-15:43:17:086 54060 54806 1
17-07-2017-15:43:17:086 54806 55552 1
17-07-2017-15:43:17:086 55552 56298 1
17-07-2017-15:43:17:086 56298 57044 1
17-07-2017-15:43:17:086 57044 57790 1
17-07-2017-15:43:17:086 57790 58536 1
17-07-2017-15:43:17:086 58536 59282 1
17-07-2017-15:43:17:109 59282 60028 1
17-07-2017-15:43:17:155 60028 60774 1
17-07-2017-15:43:17:206 60774 61520 1
17-07-2017-15:43:17:243 61520 62266 1
17-07-2017-15:43:17:290 62266 63012 1
17-07-2017-15:43:17:335 63012 63758 1
17-07-2017-15:43:17:384 63758 64504 1
17-07-2017-15:43:17:434 64504 65250 1
17-07-2017-15:43:17:480 65250 65996 1
17-07-2017-15:43:17:528 65996 66742 1
17-07-2017-15:43:17:573 66742 67488 1
17-07-2017-15:43:17:621 67488 68234 1
17-07-2017-15:43:17:667 68234 68980 1
17-07-2017-15:43:17:714 68980 69726 1
17-07-2017-15:43:17:760 69726 70472 1
17-07-2017-15:43:17:807 70472 71218 1
17-07-2017-15:43:17:853 71218 71964 1
17-07-2017-15:43:17:900 71964 72710 1
17-07-2017-15:43:17:946 72710 73456 1
17-07-2017-15:43:17:994 73456 74202 1
17-07-2017-15:43:18:039 74202 74948 1
17-07-2017-15:43:18:081 74948 75694 1
17-07-2017-15:43:18:130 75694 76440 1
17-07-2017-15:43:18:178 76440 77186 1
17-07-2017-15:43:18:224 77186 77932 1
17-07-2017-15:43:18:272 77932 78678 1
17-07-2017-15:43:18:318 78678 79424 1
17-07-2017-15:43:18:364 79424 80170 1
17-07-2017-15:43:18:410 80170 80916 1
17-07-2017-15:43:18:456 80916 81662 1
17-07-2017-15:43:18:503 81662 82408 1
17-07-2017-15:43:18:551 82408 83154 1
17-07-2017-15:43:18:598 83154 83900 1
17-07-2017-15:43:18:644 83900 84646 1
17-07-2017-15:43:18:690 84646 85392 1
17-07-2017-15:43:18:742 85392 86094 1
17-07-2017-15:43:18:780 86094 86796 1
17-07-2017-15:43:18:827 86796 87498 1
17-07-2017-15:43:18:862 87498 88200 1
17-07-2017-15:43:18:908 88200 88902 1
17-07-2017-15:43:18:955 88902 89604 1
17-07-2017-15:43:19:001 89604 90306 1
17-07-2017-15:43:19:037 90306 91008 1
17-07-2017-15:43:19:084 91008 91710 1
17-07-2017-15:43:19:131 91710 92412 1
17-07-2017-15:43:19:177 92412 93114 1
17-07-2017-15:43:19:223 93114 93816 1
17-07-2017-15:43:19:259 93816 94518 1
17-07-2017-15:43:19:313 94518 95187 1
17-07-2017-15:43:19:348 95187 95856 1
17-07-2017-15:43:19:388 95856 96525 1
17-07-2017-15:43:19:429 96525 97194 1
17-07-2017-15:43:19:485 97194 97863 1
17-07-2017-15:43:19:513 97863 98532 1
17-07-2017-15:43:19:558 98532 99201 1
17-07-2017-15:43:19:593 99201 99870 1
17-07-2017-15:43:19:911 99870 100539 1
17-07-2017-15:43:19:912 100539 101208 1
17-07-2017-15:43:19:912 101208 101877 1
17-07-2017-15:43:19:912 101877 102546 1
17-07-2017-15:43:19:912 102546 103215 1
17-07-2017-15:43:19:912 103215 103884 1
17-07-2017-15:43:19:912 103884 104553 1
17-07-2017-15:43:19:942 104553 105222 1
17-07-2017-15:43:19:979 105222 105891 1
17-07-2017-15:43:20:015 105891 106560 1
17-07-2017-15:43:20:060 106560 107229 1
17-07-2017-15:43:20:102 107229 107898 1
17-07-2017-15:43:20:141 107898 108567 1
17-07-2017-15:43:20:177 108567 109236 1
17-07-2017-15:43:20:223 109236 109905 1
17-07-2017-15:43:20:270 109905 110574 1
17-07-2017-15:43:20:304 110574 111243 1
17-07-2017-15:43:20:359 111243 111912 1
17-07-2017-15:43:20:386 111912 112581 1
17-07-2017-15:43:20:441 112581 113250 1
17-07-2017-15:43:20:471 113250 113919 1
17-07-2017-15:43:20:517 113919 114588 1
17-07-2017-15:43:20:564 114588 115257 1
17-07-2017-15:43:20:601 115257 115926 1
17-07-2017-15:43:20:637 115926 116595 1
17-07-2017-15:43:20:685 116595 117264 1
17-07-2017-15:43:20:730 117264 117933 1
17-07-2017-15:43:20:764 117933 118602 1
17-07-2017-15:43:20:811 118602 119271 1
17-07-2017-15:43:20:847 119271 119940 1
17-07-2017-15:43:20:894 119940 120609 1
17-07-2017-15:43:20:928 120609 121278 1
17-07-2017-15:43:20:974 121278 121947 1
17-07-2017-15:43:21:023 121947 122616 1
17-07-2017-15:43:21:057 122616 123285 1
17-07-2017-15:43:21:102 123285 123954 1
17-07-2017-15:43:21:138 123954 124623 1
17-07-2017-15:43:21:183 124623 125292 1
17-07-2017-15:43:21:229 125292 125961 1
17-07-2017-15:43:21:265 125961 126630 1
17-07-2017-15:43:21:310 126630 127299 1
17-07-2017-15:43:21:358 127299 127968 1
17-07-2017-15:43:21:391 127968 128637 1
17-07-2017-15:43:21:442 128637 129306 1
17-07-2017-15:43:21:473 129306 129975 1
17-07-2017-15:43:21:519 129975 130644 1
17-07-2017-15:43:21:568 130644 131313 1
17-07-2017-15:43:21:602 131313 131982 1
17-07-2017-15:43:21:648 131982 132651 1
17-07-2017-15:43:21:683 132651 133320 1
17-07-2017-15:43:21:731 133320 133989 1
17-07-2017-15:43:21:765 133989 134658 1
17-07-2017-15:43:21:818 134658 135294 1
17-07-2017-15:43:21:856 135294 135930 1
17-07-2017-15:43:21:891 135930 136566 1
17-07-2017-15:43:21:924 136566 137202 1
17-07-2017-15:43:21:971 137202 137838 1
17-07-2017-15:43:22:006 137838 138474 1
17-07-2017-15:43:22:052 138474 139110 1
17-07-2017-15:43:22:096 139110 139746 1
17-07-2017-15:43:22:130 139746 140382 1
17-07-2017-15:43:22:167 140382 141018 1
17-07-2017-15:43:22:213 141018 141654 1
17-07-2017-15:43:22:248 141654 142290 1
17-07-2017-15:43:22:283 142290 142926 1
17-07-2017-15:43:22:329 142926 143562 1
17-07-2017-15:43:22:364 143562 144198 1
17-07-2017-15:43:22:411 144198 144834 1
17-07-2017-15:43:22:445 144834 145470 1
17-07-2017-15:43:22:481 145470 146106 1
17-07-2017-15:43:22:527 146106 146742 1
17-07-2017-15:43:22:562 146742 147378 1
17-07-2017-15:43:22:610 147378 148014 1
17-07-2017-15:43:22:645 148014 148650 1
17-07-2017-15:43:22:678 148650 149286 1
17-07-2017-15:43:22:730 149286 149922 1
17-07-2017-15:43:23:089 149922 150558 1
17-07-2017-15:43:23:091 150558 151194 1
17-07-2017-15:43:23:091 151194 151830 1
17-07-2017-15:43:23:091 151830 152466 1
17-07-2017-15:43:23:091 152466 153102 1
17-07-2017-15:43:23:091 153102 153738 1
17-07-2017-15:43:23:091 153738 154374 1
17-07-2017-15:43:23:091 154374 155010 1
17-07-2017-15:43:23:091 155010 155646 1
17-07-2017-15:43:23:118 155646 156282 1
17-07-2017-15:43:23:166 156282 156918 1
17-07-2017-15:43:23:199 156918 157554 1
17-07-2017-15:43:23:246 157554 158190 1
17-07-2017-15:43:23:282 158190 158826 1
17-07-2017-15:43:23:316 158826 159462 1
17-07-2017-15:43:23:355 159462 160098 1
17-07-2017-15:43:23:399 160098 160734 1
17-07-2017-15:43:23:437 160734 161370 1
17-07-2017-15:43:23:484 161370 162006 1
17-07-2017-15:43:23:519 162006 162642 1
17-07-2017-15:43:23:557 162642 163278 1
17-07-2017-15:43:23:605 163278 163914 1
17-07-2017-15:43:23:638 163914 164550 1
17-07-2017-15:43:23:674 164550 165186 1
17-07-2017-15:43:23:721 165186 165822 1
17-07-2017-15:43:23:754 165822 166458 1
17-07-2017-15:43:23:801 166458 167094 1
17-07-2017-15:43:23:836 167094 167730 1
17-07-2017-15:43:23:872 167730 168366 1
17-07-2017-15:43:23:919 168366 169002 1
17-07-2017-15:43:23:953 169002 169638 1
17-07-2017-15:43:24:000 169638 170274 1
17-07-2017-15:43:24:034 170274 170910 1
17-07-2017-15:43:24:070 170910 171546 1
17-07-2017-15:43:24:122 171546 172182 1
17-07-2017-15:43:24:161 172182 172818 1
17-07-2017-15:43:24:195 172818 173454 1
17-07-2017-15:43:24:229 173454 174090 1
17-07-2017-15:43:24:276 174090 174726 1
17-07-2017-15:43:24:312 174726 175362 1
17-07-2017-15:43:24:358 175362 175998 1
17-07-2017-15:43:24:393 175998 176634 1
17-07-2017-15:43:24:439 176634 177270 1
17-07-2017-15:43:24:475 177270 177906 1
17-07-2017-15:43:24:510 177906 178542 1
17-07-2017-15:43:24:556 178542 179178 1
17-07-2017-15:43:24:590 179178 179814 1
17-07-2017-15:43:24:637 179814 180450 1
17-07-2017-15:43:24:673 180450 181086 1
17-07-2017-15:43:24:716 181086 181722 1
17-07-2017-15:43:24:751 181722 182358 1
17-07-2017-15:43:24:787 182358 182994 1
17-07-2017-15:43:24:834 182994 183630 1
17-07-2017-15:43:24:867 183630 184266 1
17-07-2017-15:43:24:919 184266 184902 1
17-07-2017-15:43:24:955 184902 185538 1
17-07-2017-15:43:24:991 185538 186174 1
17-07-2017-15:43:25:025 186174 186810 1
17-07-2017-15:43:25:070 186810 187446 1
17-07-2017-15:43:25:107 187446 188082 1
17-07-2017-15:43:25:154 188082 188718 1
17-07-2017-15:43:25:188 188718 189354 1
17-07-2017-15:43:25:233 189354 189990 1
17-07-2017-15:43:25:269 189990 190626 1
17-07-2017-15:43:25:305 190626 191262 1
17-07-2017-15:43:25:351 191262 191898 1
17-07-2017-15:43:25:385 191898 192534 1
17-07-2017-15:43:25:433 192534 193170 1
17-07-2017-15:43:25:474 193170 193806 1
17-07-2017-15:43:25:509 193806 194442 1
17-07-2017-15:43:25:542 194442 195078 1
17-07-2017-15:43:25:589 195078 195714 1
17-07-2017-15:43:25:621 195714 196350 1
17-07-2017-15:43:25:667 196350 196986 1
17-07-2017-15:43:25:703 196986 197622 1
17-07-2017-15:43:25:750 197622 198258 1
17-07-2017-15:43:25:786 198258 198894 1
17-07-2017-15:43:25:828 198894 199530 1
17-07-2017-15:43:25:876 199530 200166 1
17-07-2017-15:43:25:907 200166 200802 1
17-07-2017-15:43:26:283 200802 201438 1
17-07-2017-15:43:26:285 201438 202074 1
17-07-2017-15:43:26:285 202074 202710 1
17-07-2017-15:43:26:285 202710 203346 1
17-07-2017-15:43:26:285 203346 203982 1
17-07-2017-15:43:26:285 203982 204618 1
17-07-2017-15:43:26:285 204618 205254 1
17-07-2017-15:43:26:285 205254 205890 1
17-07-2017-15:43:26:286 205890 206526 1
17-07-2017-15:43:26:304 206526 207162 1
17-07-2017-15:43:26:345 207162 207798 1
17-07-2017-15:43:26:391 207798 208434 1
17-07-2017-15:43:26:419 208434 209070 1
17-07-2017-15:43:26:465 209070 209706 1
17-07-2017-15:43:26:501 209706 210342 1
17-07-2017-15:43:26:543 210342 210978 1
17-07-2017-15:43:26:584 210978 211614 1
17-07-2017-15:43:26:618 211614 212250 1
17-07-2017-15:43:26:666 212250 212886 1
17-07-2017-15:43:26:701 212886 213522 1
17-07-2017-15:43:26:735 213522 214158 1
17-07-2017-15:43:26:781 214158 214794 1
17-07-2017-15:43:26:817 214794 215430 1
17-07-2017-15:43:26:863 215430 216066 1
17-07-2017-15:43:26:899 216066 216702 1
17-07-2017-15:43:26:933 216702 217338 1
17-07-2017-15:43:26:979 217338 217974 1
17-07-2017-15:43:27:015 217974 218610 1
17-07-2017-15:43:27:062 218610 219246 1
17-07-2017-15:43:27:097 219246 219882 1
17-07-2017-15:43:27:132 219882 220518 1
17-07-2017-15:43:27:182 220518 221154 1
17-07-2017-15:43:27:213 221154 221790 1
17-07-2017-15:43:27:262 221790 222426 1
17-07-2017-15:43:27:302 222426 223062 1
17-07-2017-15:43:27:337 223062 223698 1
17-07-2017-15:43:27:372 223698 224334 1
17-07-2017-15:43:27:419 224334 224970 1
17-07-2017-15:43:27:453 224970 225606 1
17-07-2017-15:43:27:500 225606 226242 1
17-07-2017-15:43:27:536 226242 226878 1
17-07-2017-15:43:27:571 226878 227514 1
17-07-2017-15:43:27:617 227514 228150 1
17-07-2017-15:43:27:656 228150 228786 1
17-07-2017-15:43:27:698 228786 229422 1
17-07-2017-15:43:27:733 229422 230058 1
17-07-2017-15:43:27:767 230058 230694 1
17-07-2017-15:43:27:815 230694 231330 1
17-07-2017-15:43:27:850 231330 231966 1
17-07-2017-15:43:27:896 231966 232602 1
17-07-2017-15:43:27:933 232602 233238 1
17-07-2017-15:43:27:966 233238 233874 1
17-07-2017-15:43:28:013 233874 234510 1
17-07-2017-15:43:28:047 234510 235146 1
17-07-2017-15:43:28:092 235146 235782 1
17-07-2017-15:43:28:128 235782 236418 1
17-07-2017-15:43:28:174 236418 237054 1
17-07-2017-15:43:28:209 237054 237690 1
17-07-2017-15:43:28:256 237690 238326 1
17-07-2017-15:43:28:291 238326 238962 1
17-07-2017-15:43:28:325 238962 239598 1
17-07-2017-15:43:28:372 239598 240234 1
17-07-2017-15:43:28:407 240234 240870 1
17-07-2017-15:43:28:453 240870 241506 1
17-07-2017-15:43:28:489 241506 242142 1
17-07-2017-15:43:28:522 242142 242778 1
17-07-2017-15:43:28:569 242778 243414 1
17-07-2017-15:43:28:609 243414 244050 1
17-07-2017-15:43:28:653 244050 244686 1
17-07-2017-15:43:28:687 244686 245322 1
17-07-2017-15:43:28:722 245322 245958 1
17-07-2017-15:43:28:768 245958 246594 1
17-07-2017-15:43:28:804 246594 247230 1
17-07-2017-15:43:28:850 247230 247866 1
17-07-2017-15:43:28:885 247866 248502 1
17-07-2017-15:43:28:921 248502 249138 1
17-07-2017-15:43:28:966 249138 249774 1
17-07-2017-15:43:29:002 249774 250410 1
17-07-2017-15:43:29:048 250410 251046 1
17-07-2017-15:43:29:486 251046 251682 1
17-07-2017-15:43:29:489 251682 252318 1
17-07-2017-15:43:29:489 252318 252954 1
17-07-2017-15:43:29:489 252954 253590 1
17-07-2017-15:43:29:489 253590 254226 1
17-07-2017-15:43:29:489 254226 254862 1
17-07-2017-15:43:29:490 254862 255498 1
17-07-2017-15:43:29:490 255498 256134 1
17-07-2017-15:43:29:490 256134 256770 1
17-07-2017-15:43:29:490 256770 257406 1
17-07-2017-15:43:29:490 257406 258042 1
17-07-2017-15:43:29:520 258042 258678 1
17-07-2017-15:43:29:566 258678 259314 1
17-07-2017-15:43:29:607 259314 259950 1
17-07-2017-15:43:29:637 259950 260586 1
17-07-2017-15:43:29:682 260586 261222 1
17-07-2017-15:43:29:718 261222 261858 1
17-07-2017-15:43:29:764 261858 262494 1
17-07-2017-15:43:29:799 262494 263130 1
17-07-2017-15:43:29:835 263130 263766 1
17-07-2017-15:43:29:882 263766 264402 1
17-07-2017-15:43:29:915 264402 265038 1
17-07-2017-15:43:29:962 265038 265674 1
17-07-2017-15:43:29:996 265674 266310 1
17-07-2017-15:43:30:037 266310 266946 1
17-07-2017-15:43:30:083 266946 267582 1
17-07-2017-15:43:30:117 267582 268218 1
17-07-2017-15:43:30:154 268218 268854 1
17-07-2017-15:43:30:200 268854 269490 1
17-07-2017-15:43:30:235 269490 270126 1
17-07-2017-15:43:30:280 270126 270762 1
17-07-2017-15:43:30:316 270762 271398 1
17-07-2017-15:43:30:351 271398 272034 1
17-07-2017-15:43:30:396 272034 272670 1
17-07-2017-15:43:30:432 272670 273306 1
17-07-2017-15:43:30:478 273306 273942 1
17-07-2017-15:43:30:515 273942 274578 1
17-07-2017-15:43:30:558 274578 275214 1
17-07-2017-15:43:30:592 275214 275850 1
17-07-2017-15:43:30:640 275850 276486 1
17-07-2017-15:43:30:675 276486 277122 1
17-07-2017-15:43:30:709 277122 277758 1
17-07-2017-15:43:30:756 277758 278394 1
17-07-2017-15:43:30:791 278394 279030 1
17-07-2017-15:43:30:837 279030 279666 1
17-07-2017-15:43:30:872 279666 280302 1
17-07-2017-15:43:30:907 280302 280938 1
17-07-2017-15:43:30:955 280938 281574 1
17-07-2017-15:43:30:990 281574 282210 1
17-07-2017-15:43:31:037 282210 282846 1
17-07-2017-15:43:31:071 282846 283482 1
17-07-2017-15:43:31:106 283482 284118 1
17-07-2017-15:43:31:152 284118 284754 1
17-07-2017-15:43:31:188 284754 285390 1
17-07-2017-15:43:31:233 285390 286026 1
17-07-2017-15:43:31:268 286026 286662 1
17-07-2017-15:43:31:317 286662 287298 1
17-07-2017-15:43:31:350 287298 287934 1
17-07-2017-15:43:31:385 287934 288570 1
17-07-2017-15:43:31:429 288570 289206 1
17-07-2017-15:43:31:475 289206 289842 1
17-07-2017-15:43:31:511 289842 290478 1
17-07-2017-15:43:31:545 290478 291114 1
17-07-2017-15:43:31:592 291114 291750 1
17-07-2017-15:43:31:627 291750 292386 1
17-07-2017-15:43:31:673 292386 293022 1
17-07-2017-15:43:31:709 293022 293658 1
17-07-2017-15:43:31:742 293658 294294 1
17-07-2017-15:43:31:791 294294 294930 1
17-07-2017-15:43:31:825 294930 295566 1
17-07-2017-15:43:31:870 295566 296202 1
17-07-2017-15:43:31:907 296202 296838 1
17-07-2017-15:43:31:951 296838 297474 1
17-07-2017-15:43:31:986 297474 298110 1
17-07-2017-15:43:32:021 298110 298746 1
17-07-2017-15:43:32:067 298746 299382 1
17-07-2017-15:43:32:103 299382 300018 1
17-07-2017-15:43:32:149 300018 300654 1
17-07-2017-15:43:32:182 300654 301290 1
17-07-2017-15:43:32:581 301290 301926 1
17-07-2017-15:43:32:582 301926 302562 1
17-07-2017-15:43:32:583 302562 303198 1
17-07-2017-15:43:32:583 303198 303834 1
17-07-2017-15:43:32:583 303834 304470 1
17-07-2017-15:43:32:583 304470 305106 1
17-07-2017-15:43:32:583 305106 305742 1
17-07-2017-15:43:32:583 305742 306378 1
17-07-2017-15:43:32:583 306378 307014 1
17-07-2017-15:43:32:588 307014 307650 1
17-07-2017-15:43:32:619 307650 308286 1
17-07-2017-15:43:32:667 308286 308922 1
17-07-2017-15:43:32:702 308922 309558 1
17-07-2017-15:43:32:736 309558 310194 1
17-07-2017-15:43:32:784 310194 310830 1
17-07-2017-15:43:32:818 310830 311466 1
17-07-2017-15:43:32:866 311466 312102 1
17-07-2017-15:43:32:896 312102 312738 1
17-07-2017-15:43:32:946 312738 313374 1
17-07-2017-15:43:32:981 313374 314010 1
17-07-2017-15:43:33:015 314010 314646 1
17-07-2017-15:43:33:061 314646 315282 1
17-07-2017-15:43:33:098 315282 315918 1
17-07-2017-15:43:33:144 315918 316554 1
17-07-2017-15:43:33:178 316554 317190 1
17-07-2017-15:43:33:214 317190 317826 1
17-07-2017-15:43:33:260 317826 318462 1
17-07-2017-15:43:33:296 318462 319098 1
17-07-2017-15:43:33:341 319098 319734 1
17-07-2017-15:43:33:376 319734 320370 1
17-07-2017-15:43:33:411 320370 321006 1
17-07-2017-15:43:33:458 321006 321642 1
17-07-2017-15:43:33:494 321642 322278 1
17-07-2017-15:43:33:540 322278 322914 1
17-07-2017-15:43:33:574 322914 323550 1
17-07-2017-15:43:33:609 323550 324186 1
17-07-2017-15:43:33:660 324186 324822 1
17-07-2017-15:43:33:696 324822 325458 1
17-07-2017-15:43:33:730 325458 326094 1
17-07-2017-15:43:33:778 326094 326730 1
17-07-2017-15:43:33:813 326730 327366 1
17-07-2017-15:43:33:858 327366 328002 1
17-07-2017-15:43:33:893 328002 328638 1
17-07-2017-15:43:33:928 328638 329274 1
17-07-2017-15:43:33:976 329274 329910 1
17-07-2017-15:43:34:009 329910 330546 1
17-07-2017-15:43:34:057 330546 331182 1
17-07-2017-15:43:34:092 331182 331818 1
17-07-2017-15:43:34:127 331818 332454 1
17-07-2017-15:43:34:174 332454 333090 1
17-07-2017-15:43:34:207 333090 333726 1
17-07-2017-15:43:34:255 333726 334362 1
17-07-2017-15:43:34:289 334362 334998 1
17-07-2017-15:43:34:336 334998 335634 1
17-07-2017-15:43:34:371 335634 336270 1
17-07-2017-15:43:34:407 336270 336906 1
17-07-2017-15:43:34:446 336906 337542 1
17-07-2017-15:43:34:497 337542 338178 1
17-07-2017-15:43:34:532 338178 338814 1
17-07-2017-15:43:34:567 338814 339450 1
17-07-2017-15:43:34:613 339450 340086 1
17-07-2017-15:43:34:648 340086 340722 1
17-07-2017-15:43:34:693 340722 341358 1
17-07-2017-15:43:34:730 341358 341994 1
17-07-2017-15:43:34:764 341994 342630 1
17-07-2017-15:43:34:811 342630 343266 1
17-07-2017-15:43:34:847 343266 343902 1
17-07-2017-15:43:34:892 343902 344538 1
17-07-2017-15:43:34:928 344538 345174 1
17-07-2017-15:43:34:963 345174 345810 1
17-07-2017-15:43:35:009 345810 346446 1
17-07-2017-15:43:35:044 346446 347082 1
17-07-2017-15:43:35:090 347082 347718 1
17-07-2017-15:43:35:125 347718 348354 1
17-07-2017-15:43:35:161 348354 348990 1
17-07-2017-15:43:35:208 348990 349626 1
17-07-2017-15:43:35:243 349626 350262 1
17-07-2017-15:43:35:283 350262 350898 1
17-07-2017-15:43:35:324 350898 351534 1
17-07-2017-15:43:35:755 351534 352170 1
17-07-2017-15:43:35:757 352170 352806 1
17-07-2017-15:43:35:757 352806 353442 1
17-07-2017-15:43:35:757 353442 354078 1
17-07-2017-15:43:35:757 354078 354714 1
17-07-2017-15:43:35:757 354714 355350 1
17-07-2017-15:43:35:757 355350 355986 1
17-07-2017-15:43:35:757 355986 356622 1
17-07-2017-15:43:35:757 356622 357258 1
17-07-2017-15:43:35:758 357258 357894 1
17-07-2017-15:43:35:760 357894 358530 1
17-07-2017-15:43:35:807 358530 359166 1
17-07-2017-15:43:35:842 359166 359802 1
17-07-2017-15:43:35:878 359802 360438 1
17-07-2017-15:43:35:924 360438 361074 1
17-07-2017-15:43:35:958 361074 361710 1
17-07-2017-15:43:36:007 361710 362346 1
17-07-2017-15:43:36:040 362346 362982 1
17-07-2017-15:43:36:075 362982 363618 1
17-07-2017-15:43:36:123 363618 364254 1
17-07-2017-15:43:36:157 364254 364890 1
17-07-2017-15:43:36:205 364890 365526 1
17-07-2017-15:43:36:238 365526 366162 1
17-07-2017-15:43:36:274 366162 366798 1
17-07-2017-15:43:36:321 366798 367434 1
17-07-2017-15:43:36:355 367434 368070 1
17-07-2017-15:43:36:402 368070 368706 1
17-07-2017-15:43:36:441 368706 369342 1
17-07-2017-15:43:36:475 369342 369978 1
17-07-2017-15:43:36:522 369978 370614 1
17-07-2017-15:43:36:558 370614 371250 1
17-07-2017-15:43:36:592 371250 371886 1
17-07-2017-15:43:36:638 371886 372522 1
17-07-2017-15:43:36:674 372522 373158 1
17-07-2017-15:43:36:720 373158 373794 1
17-07-2017-15:43:36:755 373794 374430 1
17-07-2017-15:43:36:791 374430 375066 1
17-07-2017-15:43:36:837 375066 375702 1
17-07-2017-15:43:36:877 375702 376338 1
17-07-2017-15:43:36:917 376338 376974 1
17-07-2017-15:43:36:952 376974 377610 1
17-07-2017-15:43:36:998 377610 378246 1
17-07-2017-15:43:37:030 378246 378882 1
17-07-2017-15:43:37:077 378882 379518 1
17-07-2017-15:43:37:111 379518 380154 1
17-07-2017-15:43:37:159 380154 380790 1
17-07-2017-15:43:37:194 380790 381426 1
17-07-2017-15:43:37:229 381426 382062 1
17-07-2017-15:43:37:275 382062 382698 1
17-07-2017-15:43:37:309 382698 383334 1
17-07-2017-15:43:37:358 383334 383970 1
17-07-2017-15:43:37:392 383970 384606 1
17-07-2017-15:43:37:427 384606 385242 1
17-07-2017-15:43:37:474 385242 385878 1
17-07-2017-15:43:37:508 385878 386514 1
17-07-2017-15:43:37:552 386514 387150 1
17-07-2017-15:43:37:588 387150 387786 1
17-07-2017-15:43:37:634 387786 388422 1
17-07-2017-15:43:37:669 388422 389058 1
17-07-2017-15:43:37:716 389058 389694 1
17-07-2017-15:43:37:751 389694 390330 1
17-07-2017-15:43:37:784 390330 390966 1
17-07-2017-15:43:37:833 390966 391602 1
17-07-2017-15:43:37:866 391602 392238 1
17-07-2017-15:43:37:912 392238 392874 1
17-07-2017-15:43:37:948 392874 393510 1
17-07-2017-15:43:37:984 393510 394146 1
17-07-2017-15:43:38:030 394146 394782 1
17-07-2017-15:43:38:064 394782 395418 1
17-07-2017-15:43:38:115 395418 396054 1
17-07-2017-15:43:38:149 396054 396690 1
17-07-2017-15:43:38:184 396690 397326 1
17-07-2017-15:43:38:232 397326 397962 1
17-07-2017-15:43:38:266 397962 398598 1
17-07-2017-15:43:38:302 398598 399234 1
17-07-2017-15:43:38:347 399234 399870 1
17-07-2017-15:43:38:383 399870 400506 1
17-07-2017-15:43:38:423 400506 401142 1
17-07-2017-15:43:38:470 401142 401778 1
17-07-2017-15:43:38:767 401778 402414 1
17-07-2017-15:43:38:770 402414 403050 1
17-07-2017-15:43:38:770 403050 403686 1
17-07-2017-15:43:38:770 403686 404322 1
17-07-2017-15:43:38:770 404322 404958 1
17-07-2017-15:43:38:770 404958 405594 1
17-07-2017-15:43:38:770 405594 406230 1
17-07-2017-15:43:38:785 406230 406866 1
17-07-2017-15:43:38:824 406866 407502 1
17-07-2017-15:43:38:869 407502 408138 1
17-07-2017-15:43:38:902 408138 408774 1
17-07-2017-15:43:38:939 408774 409410 1
17-07-2017-15:43:38:983 409410 410046 1
17-07-2017-15:43:39:019 410046 410682 1
17-07-2017-15:43:39:065 410682 411318 1
17-07-2017-15:43:39:100 411318 411954 1
17-07-2017-15:43:39:136 411954 412590 1
17-07-2017-15:43:39:183 412590 413226 1
17-07-2017-15:43:39:217 413226 413862 1
17-07-2017-15:43:39:264 413862 414498 1
17-07-2017-15:43:39:298 414498 415134 1
17-07-2017-15:43:39:340 415134 415770 1
17-07-2017-15:43:39:378 415770 416406 1
17-07-2017-15:43:39:425 416406 417042 1
17-07-2017-15:43:39:459 417042 417678 1
17-07-2017-15:43:39:494 417678 418314 1
17-07-2017-15:43:39:541 418314 418950 1
17-07-2017-15:43:39:576 418950 419586 1
17-07-2017-15:43:39:622 419586 420222 1
17-07-2017-15:43:39:658 420222 420858 1
17-07-2017-15:43:39:692 420858 421494 1
17-07-2017-15:43:39:740 421494 422130 1
17-07-2017-15:43:39:773 422130 422766 1
17-07-2017-15:43:39:821 422766 423402 1
17-07-2017-15:43:39:854 423402 424038 1
17-07-2017-15:43:39:894 424038 424674 1
17-07-2017-15:43:39:934 424674 425310 1
17-07-2017-15:43:39:980 425310 425946 1
17-07-2017-15:43:40:015 425946 426582 1
17-07-2017-15:43:40:049 426582 427218 1
17-07-2017-15:43:40:097 427218 427854 1
17-07-2017-15:43:40:131 427854 428490 1
17-07-2017-15:43:40:179 428490 429126 1
17-07-2017-15:43:40:221 429126 429762 1
17-07-2017-15:43:40:257 429762 430398 1
17-07-2017-15:43:40:291 430398 431034 1
17-07-2017-15:43:40:338 431034 431670 1
17-07-2017-15:43:40:374 431670 432306 1
17-07-2017-15:43:40:408 432306 432942 1
17-07-2017-15:43:40:455 432942 433578 1
17-07-2017-15:43:40:490 433578 434214 1
17-07-2017-15:43:40:536 434214 434850 1
17-07-2017-15:43:40:571 434850 435486 1
17-07-2017-15:43:40:607 435486 436122 1
17-07-2017-15:43:40:652 436122 436758 1
17-07-2017-15:43:40:687 436758 437394 1
17-07-2017-15:43:40:735 437394 438030 1
17-07-2017-15:43:40:769 438030 438666 1
17-07-2017-15:43:40:804 438666 439302 1
17-07-2017-15:43:40:848 439302 439938 1
17-07-2017-15:43:40:895 439938 440574 1
17-07-2017-15:43:40:930 440574 441210 1
17-07-2017-15:43:40:964 441210 441846 1
17-07-2017-15:43:41:011 441846 442482 1
17-07-2017-15:43:41:045 442482 443118 1
17-07-2017-15:43:41:092 443118 443754 1
17-07-2017-15:43:41:128 443754 444390 1
17-07-2017-15:43:41:163 444390 445026 1
17-07-2017-15:43:41:208 445026 445662 1
17-07-2017-15:43:41:243 445662 446298 1
17-07-2017-15:43:41:290 446298 446934 1
17-07-2017-15:43:41:325 446934 447570 1
17-07-2017-15:43:41:372 447570 448206 1
17-07-2017-15:43:41:407 448206 448842 1
17-07-2017-15:43:41:441 448842 449478 1
17-07-2017-15:43:41:489 449478 450114 1
17-07-2017-15:43:41:523 450114 450750 1
17-07-2017-15:43:41:569 450750 451386 1
17-07-2017-15:43:41:604 451386 452022 1
17-07-2017-15:43:42:029 452022 452658 1
17-07-2017-15:43:42:030 452658 453294 1
17-07-2017-15:43:42:030 453294 453930 1
17-07-2017-15:43:42:031 453930 454566 1
17-07-2017-15:43:42:031 454566 455202 1
17-07-2017-15:43:42:031 455202 455838 1
17-07-2017-15:43:42:031 455838 456474 1
17-07-2017-15:43:42:031 456474 457110 1
17-07-2017-15:43:42:031 457110 457746 1
17-07-2017-15:43:42:031 457746 458382 1
17-07-2017-15:43:42:046 458382 459018 1
17-07-2017-15:43:42:080 459018 459654 1
17-07-2017-15:43:42:116 459654 460290 1
17-07-2017-15:43:42:188 460290 460926 1
17-07-2017-15:43:42:197 460926 461562 1
17-07-2017-15:43:42:244 461562 462198 1
17-07-2017-15:43:42:283 462198 462834 1
17-07-2017-15:43:42:322 462834 463470 1
17-07-2017-15:43:42:358 463470 464106 1
17-07-2017-15:43:42:405 464106 464742 1
17-07-2017-15:43:42:438 464742 465378 1
17-07-2017-15:43:42:474 465378 466014 1
17-07-2017-15:43:42:521 466014 466650 1
17-07-2017-15:43:42:556 466650 467286 1
17-07-2017-15:43:42:602 467286 467922 1
17-07-2017-15:43:42:638 467922 468558 1
17-07-2017-15:43:42:684 468558 469194 1
17-07-2017-15:43:42:718 469194 469830 1
17-07-2017-15:43:42:754 469830 470466 1
17-07-2017-15:43:42:799 470466 471102 1
17-07-2017-15:43:42:835 471102 471738 1
17-07-2017-15:43:42:886 471738 472374 1
17-07-2017-15:43:42:926 472374 473010 1
17-07-2017-15:43:42:965 473010 473646 1
17-07-2017-15:43:42:999 473646 474282 1
17-07-2017-15:43:43:034 474282 474918 1
17-07-2017-15:43:43:080 474918 475554 1
17-07-2017-15:43:43:115 475554 476190 1
17-07-2017-15:43:43:150 476190 476826 1
17-07-2017-15:43:43:196 476826 477462 1
17-07-2017-15:43:43:233 477462 478098 1
17-07-2017-15:43:43:278 478098 478734 1
17-07-2017-15:43:43:313 478734 479370 1
17-07-2017-15:43:43:349 479370 480006 1
17-07-2017-15:43:43:395 480006 480642 1
17-07-2017-15:43:43:430 480642 481278 1
17-07-2017-15:43:43:477 481278 481914 1
17-07-2017-15:43:43:517 481914 482550 1
17-07-2017-15:43:43:555 482550 483186 1
17-07-2017-15:43:43:589 483186 483822 1
17-07-2017-15:43:43:636 483822 484458 1
17-07-2017-15:43:43:671 484458 485094 1
17-07-2017-15:43:43:707 485094 485730 1
17-07-2017-15:43:43:753 485730 486366 1
17-07-2017-15:43:43:789 486366 487002 1
17-07-2017-15:43:43:834 487002 487638 1
17-07-2017-15:43:43:869 487638 488274 1
17-07-2017-15:43:43:917 488274 488910 1
17-07-2017-15:43:43:952 488910 489546 1
17-07-2017-15:43:43:987 489546 490182 1
17-07-2017-15:43:44:032 490182 490818 1
17-07-2017-15:43:44:067 490818 491454 1
17-07-2017-15:43:44:115 491454 492090 1
17-07-2017-15:43:44:150 492090 492726 1
17-07-2017-15:43:44:185 492726 493362 1
17-07-2017-15:43:44:237 493362 493998 1
17-07-2017-15:43:44:268 493998 494634 1
17-07-2017-15:43:44:313 494634 495270 1
17-07-2017-15:43:44:349 495270 495906 1
17-07-2017-15:43:44:383 495906 496542 1
17-07-2017-15:43:44:430 496542 497178 1
17-07-2017-15:43:44:466 497178 497814 1
17-07-2017-15:43:44:512 497814 498450 1
17-07-2017-15:43:44:548 498450 499086 1
17-07-2017-15:43:44:582 499086 499722 1
17-07-2017-15:43:44:621 499722 500358 1
17-07-2017-15:43:44:671 500358 500994 1
17-07-2017-15:43:44:706 500994 501630 1
17-07-2017-15:43:44:742 501630 502266 1
17-07-2017-15:43:45:040 502266 502902 1
17-07-2017-15:43:45:042 502902 503538 1
17-07-2017-15:43:45:043 503538 504174 1
17-07-2017-15:43:45:043 504174 504810 1
17-07-2017-15:43:45:043 504810 505446 1
17-07-2017-15:43:45:043 505446 506082 1
17-07-2017-15:43:45:043 506082 506718 1
17-07-2017-15:43:45:068 506718 507354 1
17-07-2017-15:43:45:104 507354 507990 1
17-07-2017-15:43:45:138 507990 508626 1
17-07-2017-15:43:45:180 508626 509262 1
17-07-2017-15:43:45:228 509262 509898 1
17-07-2017-15:43:45:262 509898 510534 1
17-07-2017-15:43:45:297 510534 511170 1
17-07-2017-15:43:45:342 511170 511806 1
17-07-2017-15:43:45:378 511806 512442 1
17-07-2017-15:43:45:425 512442 513078 1
17-07-2017-15:43:45:460 513078 513714 1
17-07-2017-15:43:45:506 513714 514350 1
17-07-2017-15:43:45:542 514350 514986 1
17-07-2017-15:43:45:576 514986 515622 1
17-07-2017-15:43:45:624 515622 516258 1
17-07-2017-15:43:45:657 516258 516894 1
17-07-2017-15:43:45:703 516894 517530 1
17-07-2017-15:43:45:737 517530 518166 1
17-07-2017-15:43:45:783 518166 518802 1
17-07-2017-15:43:45:818 518802 519438 1
17-07-2017-15:43:45:855 519438 520074 1
17-07-2017-15:43:45:900 520074 520710 1
17-07-2017-15:43:45:938 520710 521346 1
17-07-2017-15:43:45:977 521346 521982 1
17-07-2017-15:43:46:020 521982 522618 1
17-07-2017-15:43:46:055 522618 523254 1
17-07-2017-15:43:46:101 523254 523890 1
17-07-2017-15:43:46:137 523890 524526 1
17-07-2017-15:43:46:177 524526 525162 1
17-07-2017-15:43:46:220 525162 525798 1
17-07-2017-15:43:46:256 525798 526434 1
17-07-2017-15:43:46:302 526434 527070 1
17-07-2017-15:43:46:335 527070 527706 1
17-07-2017-15:43:46:371 527706 528342 1
17-07-2017-15:43:46:419 528342 528978 1
17-07-2017-15:43:46:453 528978 529614 1
17-07-2017-15:43:46:499 529614 530250 1
17-07-2017-15:43:46:534 530250 530886 1
17-07-2017-15:43:46:570 530886 531522 1
17-07-2017-15:43:46:616 531522 532158 1
17-07-2017-15:43:46:651 532158 532794 1
17-07-2017-15:43:46:694 532794 533430 1
17-07-2017-15:43:46:729 533430 534066 1
17-07-2017-15:43:46:774 534066 534702 1
17-07-2017-15:43:46:811 534702 535338 1
17-07-2017-15:43:46:856 535338 535974 1
17-07-2017-15:43:46:892 535974 536610 1
17-07-2017-15:43:46:926 536610 537246 1
17-07-2017-15:43:46:973 537246 537882 1
17-07-2017-15:43:47:008 537882 538518 1
17-07-2017-15:43:47:055 538518 539154 1
17-07-2017-15:43:47:089 539154 539790 1
17-07-2017-15:43:47:123 539790 540426 1
17-07-2017-15:43:47:171 540426 541062 1
17-07-2017-15:43:47:206 541062 541698 1
17-07-2017-15:43:47:253 541698 542334 1
17-07-2017-15:43:47:285 542334 542970 1
17-07-2017-15:43:47:332 542970 543606 1
17-07-2017-15:43:47:367 543606 544242 1
17-07-2017-15:43:47:414 544242 544878 1
17-07-2017-15:43:47:452 544878 545514 1
17-07-2017-15:43:47:486 545514 546150 1
17-07-2017-15:43:47:533 546150 546786 1
17-07-2017-15:43:47:568 546786 547422 1
17-07-2017-15:43:47:602 547422 548058 1
17-07-2017-15:43:47:649 548058 548694 1
17-07-2017-15:43:47:684 548694 549330 1
17-07-2017-15:43:47:731 549330 549966 1
17-07-2017-15:43:47:766 549966 550602 1
17-07-2017-15:43:47:801 550602 551238 1
17-07-2017-15:43:47:840 551238 551874 1
17-07-2017-15:43:47:888 551874 552510 1
17-07-2017-15:43:48:234 552510 553146 1
17-07-2017-15:43:48:235 553146 553782 1
17-07-2017-15:43:48:235 553782 554418 1
17-07-2017-15:43:48:235 554418 555054 1
17-07-2017-15:43:48:235 555054 555690 1
17-07-2017-15:43:48:235 555690 556326 1
17-07-2017-15:43:48:235 556326 556962 1
17-07-2017-15:43:48:235 556962 557598 1
17-07-2017-15:43:48:248 557598 558234 1
17-07-2017-15:43:48:286 558234 558870 1
17-07-2017-15:43:48:319 558870 559506 1
17-07-2017-15:43:48:365 559506 560142 1
17-07-2017-15:43:48:410 560142 560778 1
17-07-2017-15:43:48:445 560778 561414 1
17-07-2017-15:43:48:479 561414 562050 1
17-07-2017-15:43:48:525 562050 562686 1
17-07-2017-15:43:48:561 562686 563322 1
17-07-2017-15:43:48:596 563322 563958 1
17-07-2017-15:43:48:642 563958 564594 1
17-07-2017-15:43:48:677 564594 565230 1
17-07-2017-15:43:48:723 565230 565866 1
17-07-2017-15:43:48:758 565866 566502 1
17-07-2017-15:43:48:806 566502 567138 1
17-07-2017-15:43:48:841 567138 567774 1
17-07-2017-15:43:48:875 567774 568410 1
17-07-2017-15:43:48:923 568410 569046 1
17-07-2017-15:43:48:958 569046 569682 1
17-07-2017-15:43:49:004 569682 570318 1
17-07-2017-15:43:49:040 570318 570954 1
17-07-2017-15:43:49:074 570954 571590 1
17-07-2017-15:43:49:120 571590 572226 1
17-07-2017-15:43:49:155 572226 572862 1
17-07-2017-15:43:49:201 572862 573498 1
17-07-2017-15:43:49:237 573498 574134 1
17-07-2017-15:43:49:272 574134 574770 1
17-07-2017-15:43:49:319 574770 575406 1
17-07-2017-15:43:49:354 575406 576042 1
17-07-2017-15:43:49:401 576042 576678 1
17-07-2017-15:43:49:434 576678 577314 1
17-07-2017-15:43:49:470 577314 577950 1
17-07-2017-15:43:49:516 577950 578586 1
17-07-2017-15:43:49:551 578586 579222 1
17-07-2017-15:43:49:599 579222 579858 1
17-07-2017-15:43:49:633 579858 580494 1
17-07-2017-15:43:49:679 580494 581130 1
17-07-2017-15:43:49:713 581130 581766 1
17-07-2017-15:43:49:760 581766 582402 1
17-07-2017-15:43:49:794 582402 583038 1
17-07-2017-15:43:49:829 583038 583674 1
17-07-2017-15:43:49:876 583674 584310 1
17-07-2017-15:43:49:911 584310 584946 1
17-07-2017-15:43:49:958 584946 585582 1
17-07-2017-15:43:49:995 585582 586218 1
17-07-2017-15:43:50:029 586218 586854 1
17-07-2017-15:43:50:075 586854 587490 1
17-07-2017-15:43:50:109 587490 588126 1
17-07-2017-15:43:50:157 588126 588762 1
17-07-2017-15:43:50:190 588762 589398 1
17-07-2017-15:43:50:226 589398 590034 1
17-07-2017-15:43:50:273 590034 590670 1
17-07-2017-15:43:50:308 590670 591306 1
17-07-2017-15:43:50:354 591306 591942 1
17-07-2017-15:43:50:393 591942 592578 1
17-07-2017-15:43:50:435 592578 593214 1
17-07-2017-15:43:50:471 593214 593850 1
17-07-2017-15:43:50:505 593850 594486 1
17-07-2017-15:43:50:553 594486 595122 1
17-07-2017-15:43:50:586 595122 595758 1
17-07-2017-15:43:50:634 595758 596394 1
17-07-2017-15:43:50:670 596394 597030 1
17-07-2017-15:43:50:703 597030 597666 1
17-07-2017-15:43:50:750 597666 598302 1
17-07-2017-15:43:50:785 598302 598938 1
17-07-2017-15:43:50:831 598938 599574 1
17-07-2017-15:43:50:867 599574 600210 1
17-07-2017-15:43:50:903 600210 600846 1
17-07-2017-15:43:50:949 600846 601482 1
17-07-2017-15:43:50:982 601482 602118 1
17-07-2017-15:43:51:030 602118 602754 1
17-07-2017-15:43:51:074 602754 603390 1
17-07-2017-15:43:51:101 603390 604026 1
17-07-2017-15:43:51:147 604026 604662 1
17-07-2017-15:43:51:269 604662 605298 1
17-07-2017-15:43:51:270 605298 605934 1
17-07-2017-15:43:51:270 605934 606570 1
17-07-2017-15:43:51:299 606570 607206 1
17-07-2017-15:43:51:347 607206 607842 1
17-07-2017-15:43:51:382 607842 608478 1
17-07-2017-15:43:51:428 608478 609114 1
17-07-2017-15:43:51:463 609114 609750 1
17-07-2017-15:43:51:498 609750 610386 1
17-07-2017-15:43:51:544 610386 611022 1
17-07-2017-15:43:51:580 611022 611658 1
17-07-2017-15:43:51:625 611658 612294 1
17-07-2017-15:43:51:662 612294 612930 1
17-07-2017-15:43:51:696 612930 613566 1
17-07-2017-15:43:51:741 613566 614202 1
17-07-2017-15:43:51:787 614202 614838 1
17-07-2017-15:43:51:838 614838 615474 1
17-07-2017-15:43:51:857 615474 616110 1
17-07-2017-15:43:51:903 616110 616746 1
17-07-2017-15:43:51:941 616746 617382 1
17-07-2017-15:43:51:978 617382 618018 1
17-07-2017-15:43:52:024 618018 618654 1
17-07-2017-15:43:52:057 618654 619290 1
17-07-2017-15:43:52:095 619290 619926 1
17-07-2017-15:43:52:142 619926 620562 1
17-07-2017-15:43:52:182 620562 621198 1
17-07-2017-15:43:52:218 621198 621834 1
17-07-2017-15:43:52:263 621834 622470 1
17-07-2017-15:43:52:298 622470 623106 1
17-07-2017-15:43:52:354 623106 623742 1
17-07-2017-15:43:52:380 623742 624378 1
17-07-2017-15:43:52:416 624378 625014 1
17-07-2017-15:43:53:190 625014 625650 1
17-07-2017-15:43:53:191 625650 626286 1
17-07-2017-15:43:53:192 626286 626922 1
17-07-2017-15:43:53:193 626922 627558 1
17-07-2017-15:43:53:193 627558 628194 1
17-07-2017-15:43:53:193 628194 628830 1
17-07-2017-15:43:53:193 628830 629466 1
17-07-2017-15:43:53:193 629466 630102 1
17-07-2017-15:43:53:193 630102 630738 1
17-07-2017-15:43:53:193 630738 631374 1
17-07-2017-15:43:53:202 631374 632010 1
17-07-2017-15:43:53:202 632010 632646 1
17-07-2017-15:43:53:202 632646 633282 1
17-07-2017-15:43:53:202 633282 633918 1
17-07-2017-15:43:53:202 633918 634554 1
17-07-2017-15:43:53:203 634554 635190 1
17-07-2017-15:43:53:203 635190 635826 1
17-07-2017-15:43:53:203 635826 636462 1
17-07-2017-15:43:53:203 636462 637098 1
17-07-2017-15:43:53:217 637098 637734 1
17-07-2017-15:43:53:251 637734 638370 1
17-07-2017-15:43:53:287 638370 639006 1
17-07-2017-15:43:53:339 639006 639642 1
17-07-2017-15:43:53:368 639642 640278 1
17-07-2017-15:43:53:432 640278 640914 1
17-07-2017-15:43:53:453 640914 641550 1
17-07-2017-15:43:53:492 641550 642186 1
17-07-2017-15:43:53:535 642186 642822 1
17-07-2017-15:43:53:569 642822 643458 1
17-07-2017-15:43:53:605 643458 644094 1
17-07-2017-15:43:53:652 644094 644730 1
17-07-2017-15:43:53:687 644730 645366 1
17-07-2017-15:43:53:738 645366 646002 1
17-07-2017-15:43:53:767 646002 646638 1
17-07-2017-15:43:53:813 646638 647274 1
17-07-2017-15:43:53:858 647274 647910 1
17-07-2017-15:43:53:882 647910 648546 1
17-07-2017-15:43:53:929 648546 649182 1
17-07-2017-15:43:53:965 649182 649818 1
17-07-2017-15:43:54:011 649818 650454 1
17-07-2017-15:43:54:046 650454 651090 1
17-07-2017-15:43:54:080 651090 651726 1
17-07-2017-15:43:54:127 651726 652362 1
17-07-2017-15:43:54:162 652362 652998 1
17-07-2017-15:43:54:209 652998 653634 1
17-07-2017-15:43:54:242 653634 654270 1
17-07-2017-15:43:54:288 654270 654906 1
17-07-2017-15:43:54:324 654906 655542 1
17-07-2017-15:43:54:371 655542 656178 1
17-07-2017-15:43:54:405 656178 656814 1
17-07-2017-15:43:54:441 656814 657450 1
17-07-2017-15:43:54:488 657450 658086 1
17-07-2017-15:43:54:523 658086 658722 1
17-07-2017-15:43:54:569 658722 659358 1
17-07-2017-15:43:54:603 659358 659994 1
17-07-2017-15:43:54:640 659994 660630 1
17-07-2017-15:43:54:690 660630 661266 1
17-07-2017-15:43:54:718 661266 661902 1
17-07-2017-15:43:54:763 661902 662538 1
17-07-2017-15:43:54:799 662538 663174 1
17-07-2017-15:43:54:845 663174 663810 1
17-07-2017-15:43:54:881 663810 664446 1
17-07-2017-15:43:54:931 664446 665082 1
17-07-2017-15:43:54:965 665082 665718 1
17-07-2017-15:43:55:002 665718 666354 1
17-07-2017-15:43:55:036 666354 666990 1
17-07-2017-15:43:55:082 666990 667626 1
17-07-2017-15:43:55:118 667626 668262 1
17-07-2017-15:43:55:156 668262 668898 1
17-07-2017-15:43:55:204 668898 669534 1
17-07-2017-15:43:55:238 669534 670170 1
17-07-2017-15:43:55:284 670170 670806 1
17-07-2017-15:43:55:320 670806 671442 1
17-07-2017-15:43:55:354 671442 672078 1
17-07-2017-15:43:55:401 672078 672714 1
17-07-2017-15:43:55:437 672714 673350 1
17-07-2017-15:43:55:482 673350 673986 1
17-07-2017-15:43:55:518 673986 674622 1
17-07-2017-15:43:55:552 674622 675258 1
17-07-2017-15:43:56:211 675258 675894 1
17-07-2017-15:43:56:212 675894 676530 1
17-07-2017-15:43:56:212 676530 677166 1
17-07-2017-15:43:56:212 677166 677802 1
17-07-2017-15:43:56:212 677802 678438 1
17-07-2017-15:43:56:212 678438 679074 1
17-07-2017-15:43:56:213 679074 679710 1
17-07-2017-15:43:56:213 679710 680346 1
17-07-2017-15:43:56:213 680346 680982 1
17-07-2017-15:43:56:213 680982 681618 1
17-07-2017-15:43:56:213 681618 682254 1
17-07-2017-15:43:56:213 682254 682890 1
17-07-2017-15:43:56:213 682890 683526 1
17-07-2017-15:43:56:213 683526 684162 1
17-07-2017-15:43:56:213 684162 684798 1
17-07-2017-15:43:56:213 684798 685434 1
17-07-2017-15:43:56:246 685434 686070 1
17-07-2017-15:43:56:274 686070 686706 1
17-07-2017-15:43:56:311 686706 687342 1
17-07-2017-15:43:56:356 687342 687978 1
17-07-2017-15:43:56:392 687978 688614 1
17-07-2017-15:43:56:434 688614 689250 1
17-07-2017-15:43:56:466 689250 689886 1
17-07-2017-15:43:56:513 689886 690522 1
17-07-2017-15:43:56:551 690522 691158 1
17-07-2017-15:43:56:595 691158 691794 1
17-07-2017-15:43:56:630 691794 692430 1
17-07-2017-15:43:56:665 692430 693066 1
17-07-2017-15:43:56:711 693066 693702 1
17-07-2017-15:43:56:745 693702 694338 1
17-07-2017-15:43:56:793 694338 694974 1
17-07-2017-15:43:56:827 694974 695610 1
17-07-2017-15:43:56:875 695610 696246 1
17-07-2017-15:43:56:908 696246 696882 1
17-07-2017-15:43:56:944 696882 697518 1
17-07-2017-15:43:56:991 697518 698154 1
17-07-2017-15:43:57:030 698154 698790 1
17-07-2017-15:43:57:069 698790 699426 1
17-07-2017-15:43:57:105 699426 700062 1
17-07-2017-15:43:57:151 700062 700698 1
17-07-2017-15:43:57:186 700698 701334 1
17-07-2017-15:43:57:232 701334 701970 1
17-07-2017-15:43:57:268 701970 702606 1
17-07-2017-15:43:57:301 702606 703242 1
17-07-2017-15:43:57:350 703242 703878 1
17-07-2017-15:43:57:384 703878 704514 1
17-07-2017-15:43:57:430 704514 705150 1
17-07-2017-15:43:57:466 705150 705786 1
17-07-2017-15:43:57:501 705786 706422 1
17-07-2017-15:43:57:547 706422 707058 1
17-07-2017-15:43:57:581 707058 707694 1
17-07-2017-15:43:57:628 707694 708330 1
17-07-2017-15:43:57:664 708330 708966 1
17-07-2017-15:43:57:697 708966 709602 1
17-07-2017-15:43:57:745 709602 710238 1
17-07-2017-15:43:57:779 710238 710874 1
17-07-2017-15:43:57:827 710874 711510 1
17-07-2017-15:43:57:858 711510 712146 1
17-07-2017-15:43:57:901 712146 712782 1
17-07-2017-15:43:57:947 712782 713418 1
17-07-2017-15:43:57:982 713418 714054 1
17-07-2017-15:43:58:018 714054 714690 1
17-07-2017-15:43:58:063 714690 715326 1
17-07-2017-15:43:58:099 715326 715962 1
17-07-2017-15:43:58:145 715962 716598 1
17-07-2017-15:43:58:180 716598 717234 1
17-07-2017-15:43:58:215 717234 717870 1
17-07-2017-15:43:58:261 717870 718506 1
17-07-2017-15:43:58:297 718506 719142 1
17-07-2017-15:43:58:343 719142 719778 1
17-07-2017-15:43:58:379 719778 720414 1
17-07-2017-15:43:58:414 720414 721050 1
17-07-2017-15:43:58:465 721050 721686 1
17-07-2017-15:43:58:500 721686 722322 1
17-07-2017-15:43:58:534 722322 722958 1
17-07-2017-15:43:58:581 722958 723594 1
17-07-2017-15:43:58:616 723594 724230 1
17-07-2017-15:43:58:663 724230 724866 1
17-07-2017-15:43:58:696 724866 725502 1
17-07-2017-15:43:59:134 725502 726138 1
17-07-2017-15:43:59:137 726138 726774 1
17-07-2017-15:43:59:137 726774 727410 1
17-07-2017-15:43:59:137 727410 728046 1
17-07-2017-15:43:59:137 728046 728682 1
17-07-2017-15:43:59:137 728682 729318 1
17-07-2017-15:43:59:137 729318 729954 1
17-07-2017-15:43:59:137 729954 730590 1
17-07-2017-15:43:59:137 730590 731226 1
17-07-2017-15:43:59:138 731226 731862 1
17-07-2017-15:43:59:144 731862 732498 1
17-07-2017-15:43:59:183 732498 733134 1
17-07-2017-15:43:59:211 733134 733770 1
17-07-2017-15:43:59:263 733770 734406 1
17-07-2017-15:43:59:292 734406 735042 1
17-07-2017-15:43:59:340 735042 735678 1
17-07-2017-15:43:59:374 735678 736314 1
17-07-2017-15:43:59:408 736314 736950 1
17-07-2017-15:43:59:456 736950 737586 1
17-07-2017-15:43:59:499 737586 738222 1
17-07-2017-15:43:59:535 738222 738858 1
17-07-2017-15:43:59:570 738858 739494 1
17-07-2017-15:43:59:616 739494 740130 1
17-07-2017-15:43:59:652 740130 740766 1
17-07-2017-15:43:59:687 740766 741402 1
17-07-2017-15:43:59:733 741402 742038 1
17-07-2017-15:43:59:768 742038 742674 1
17-07-2017-15:43:59:814 742674 743310 1
17-07-2017-15:43:59:850 743310 743946 1
17-07-2017-15:43:59:884 743946 744582 1
17-07-2017-15:43:59:930 744582 745218 1
17-07-2017-15:43:59:965 745218 745854 1
17-07-2017-15:44:00:013 745854 746490 1
17-07-2017-15:44:00:048 746490 747126 1
17-07-2017-15:44:00:093 747126 747762 1
17-07-2017-15:44:00:130 747762 748398 1
17-07-2017-15:44:00:164 748398 749034 1
17-07-2017-15:44:00:211 749034 749670 1
17-07-2017-15:44:00:250 749670 750306 1
17-07-2017-15:44:00:285 750306 750942 1
17-07-2017-15:44:00:330 750942 751578 1
17-07-2017-15:44:00:367 751578 752214 1
17-07-2017-15:44:00:401 752214 752850 1
17-07-2017-15:44:00:448 752850 753486 1
17-07-2017-15:44:00:483 753486 754122 1
17-07-2017-15:44:00:530 754122 754758 1
17-07-2017-15:44:00:565 754758 755394 1
17-07-2017-15:44:00:612 755394 756030 1
17-07-2017-15:44:00:646 756030 756666 1
17-07-2017-15:44:00:680 756666 757302 1
17-07-2017-15:44:00:727 757302 757938 1
17-07-2017-15:44:00:762 757938 758574 1
17-07-2017-15:44:00:808 758574 759210 1
17-07-2017-15:44:00:844 759210 759846 1
17-07-2017-15:44:00:888 759846 760482 1
17-07-2017-15:44:00:923 760482 761118 1
17-07-2017-15:44:00:963 761118 761754 1
17-07-2017-15:44:00:998 761754 762390 1
17-07-2017-15:44:01:043 762390 763026 1
17-07-2017-15:44:01:079 763026 763662 1
17-07-2017-15:44:01:123 763662 764298 1
17-07-2017-15:44:01:157 764298 764934 1
17-07-2017-15:44:01:204 764934 765570 1
17-07-2017-15:44:01:238 765570 766206 1
17-07-2017-15:44:01:286 766206 766842 1
17-07-2017-15:44:01:320 766842 767478 1
17-07-2017-15:44:01:355 767478 768114 1
17-07-2017-15:44:01:401 768114 768750 1
17-07-2017-15:44:01:438 768750 769386 1
17-07-2017-15:44:01:483 769386 770022 1
17-07-2017-15:44:01:519 770022 770658 1
17-07-2017-15:44:01:553 770658 771294 1
17-07-2017-15:44:01:600 771294 771930 1
17-07-2017-15:44:01:635 771930 772566 1
17-07-2017-15:44:01:674 772566 773202 1
17-07-2017-15:44:01:720 773202 773838 1
17-07-2017-15:44:01:756 773838 774474 1
17-07-2017-15:44:01:802 774474 775110 1
17-07-2017-15:44:01:837 775110 775746 1
17-07-2017-15:44:02:208 775746 776382 1
17-07-2017-15:44:02:210 776382 777018 1
17-07-2017-15:44:02:210 777018 777654 1
17-07-2017-15:44:02:210 777654 778290 1
17-07-2017-15:44:02:210 778290 778926 1
17-07-2017-15:44:02:210 778926 779562 1
17-07-2017-15:44:02:210 779562 780198 1
17-07-2017-15:44:02:210 780198 780834 1
17-07-2017-15:44:02:210 780834 781470 1
17-07-2017-15:44:02:233 781470 782106 1
17-07-2017-15:44:02:272 782106 782742 1
17-07-2017-15:44:02:311 782742 783378 1
17-07-2017-15:44:02:359 783378 784014 1
17-07-2017-15:44:02:393 784014 784650 1
17-07-2017-15:44:02:428 784650 785286 1
17-07-2017-15:44:02:479 785286 785922 1
17-07-2017-15:44:02:513 785922 786558 1
17-07-2017-15:44:02:550 786558 787194 1
17-07-2017-15:44:02:596 787194 787830 1
17-07-2017-15:44:02:630 787830 788466 1
17-07-2017-15:44:02:677 788466 789102 1
17-07-2017-15:44:02:711 789102 789738 1
17-07-2017-15:44:02:747 789738 790374 1
17-07-2017-15:44:02:793 790374 791010 1
17-07-2017-15:44:02:827 791010 791646 1
17-07-2017-15:44:02:875 791646 792282 1
17-07-2017-15:44:02:911 792282 792918 1
17-07-2017-15:44:02:946 792918 793554 1
17-07-2017-15:44:02:995 793554 794190 1
17-07-2017-15:44:03:028 794190 794826 1
17-07-2017-15:44:03:073 794826 795462 1
17-07-2017-15:44:03:110 795462 796098 1
17-07-2017-15:44:03:144 796098 796734 1
17-07-2017-15:44:03:191 796734 797370 1
17-07-2017-15:44:03:225 797370 798006 1
17-07-2017-15:44:03:273 798006 798642 1
17-07-2017-15:44:03:307 798642 799278 1
17-07-2017-15:44:03:353 799278 799914 1
17-07-2017-15:44:03:389 799914 800550 1
17-07-2017-15:44:03:428 800550 801186 1
17-07-2017-15:44:03:463 801186 801822 1
17-07-2017-15:44:03:510 801822 802458 1
17-07-2017-15:44:03:543 802458 803094 1
17-07-2017-15:44:03:590 803094 803730 1
17-07-2017-15:44:03:626 803730 804366 1
17-07-2017-15:44:03:661 804366 805002 1
17-07-2017-15:44:03:708 805002 805638 1
17-07-2017-15:44:03:742 805638 806274 1
17-07-2017-15:44:03:789 806274 806910 1
17-07-2017-15:44:03:828 806910 807546 1
17-07-2017-15:44:03:863 807546 808182 1
17-07-2017-15:44:03:911 808182 808818 1
17-07-2017-15:44:03:945 808818 809454 1
17-07-2017-15:44:03:980 809454 810090 1
17-07-2017-15:44:04:026 810090 810726 1
17-07-2017-15:44:04:065 810726 811362 1
17-07-2017-15:44:04:101 811362 811998 1
17-07-2017-15:44:04:147 811998 812634 1
17-07-2017-15:44:04:182 812634 813270 1
17-07-2017-15:44:04:218 813270 813906 1
17-07-2017-15:44:04:262 813906 814542 1
17-07-2017-15:44:04:298 814542 815178 1
17-07-2017-15:44:04:344 815178 815814 1
17-07-2017-15:44:04:380 815814 816450 1
17-07-2017-15:44:04:424 816450 817086 1
17-07-2017-15:44:04:459 817086 817722 1
17-07-2017-15:44:04:505 817722 818358 1
17-07-2017-15:44:04:541 818358 818994 1
17-07-2017-15:44:04:576 818994 819630 1
17-07-2017-15:44:04:622 819630 820266 1
17-07-2017-15:44:04:658 820266 820902 1
17-07-2017-15:44:04:704 820902 821538 1
17-07-2017-15:44:04:738 821538 822174 1
17-07-2017-15:44:04:773 822174 822810 1
17-07-2017-15:44:04:822 822810 823446 1
17-07-2017-15:44:04:855 823446 824082 1
17-07-2017-15:44:04:903 824082 824718 1
17-07-2017-15:44:04:948 824718 825354 1
17-07-2017-15:44:04:981 825354 825990 1
17-07-2017-15:44:05:222 825990 826626 1
17-07-2017-15:44:05:223 826626 827262 1
17-07-2017-15:44:05:223 827262 827898 1
17-07-2017-15:44:05:223 827898 828534 1
17-07-2017-15:44:05:223 828534 829170 1
17-07-2017-15:44:05:223 829170 829806 1
17-07-2017-15:44:05:262 829806 830442 1
17-07-2017-15:44:05:297 830442 831078 1
17-07-2017-15:44:05:331 831078 831714 1
17-07-2017-15:44:05:378 831714 832350 1
17-07-2017-15:44:05:413 832350 832986 1
17-07-2017-15:44:05:452 832986 833622 1
17-07-2017-15:44:05:500 833622 834258 1
17-07-2017-15:44:05:534 834258 834894 1
17-07-2017-15:44:05:569 834894 835530 1
17-07-2017-15:44:05:617 835530 836166 1
17-07-2017-15:44:05:652 836166 836802 1
17-07-2017-15:44:05:698 836802 837438 1
17-07-2017-15:44:05:734 837438 838074 1
17-07-2017-15:44:05:769 838074 838710 1
17-07-2017-15:44:05:816 838710 839346 1
17-07-2017-15:44:05:848 839346 839982 1
17-07-2017-15:44:05:896 839982 840618 1
17-07-2017-15:44:05:932 840618 841254 1
17-07-2017-15:44:05:966 841254 841890 1
17-07-2017-15:44:06:013 841890 842526 1
17-07-2017-15:44:06:047 842526 843162 1
17-07-2017-15:44:06:093 843162 843798 1
17-07-2017-15:44:06:133 843798 844434 1
17-07-2017-15:44:06:167 844434 845070 1
17-07-2017-15:44:06:214 845070 845706 1
17-07-2017-15:44:06:250 845706 846342 1
17-07-2017-15:44:06:284 846342 846978 1
17-07-2017-15:44:06:330 846978 847614 1
17-07-2017-15:44:06:367 847614 848250 1
17-07-2017-15:44:06:413 848250 848886 1
17-07-2017-15:44:06:447 848886 849522 1
17-07-2017-15:44:06:483 849522 850158 1
17-07-2017-15:44:06:529 850158 850794 1
17-07-2017-15:44:06:564 850794 851430 1
17-07-2017-15:44:06:610 851430 852066 1
17-07-2017-15:44:06:645 852066 852702 1
17-07-2017-15:44:06:691 852702 853338 1
17-07-2017-15:44:06:728 853338 853974 1
17-07-2017-15:44:06:762 853974 854610 1
17-07-2017-15:44:06:803 854610 855246 1
17-07-2017-15:44:06:843 855246 855882 1
17-07-2017-15:44:06:889 855882 856518 1
17-07-2017-15:44:06:924 856518 857154 1
17-07-2017-15:44:06:969 857154 857790 1
17-07-2017-15:44:07:004 857790 858426 1
17-07-2017-15:44:07:050 858426 859062 1
17-07-2017-15:44:07:084 859062 859698 1
17-07-2017-15:44:07:118 859698 860334 1
17-07-2017-15:44:07:167 860334 860970 1
17-07-2017-15:44:07:200 860970 861606 1
17-07-2017-15:44:07:248 861606 862242 1
17-07-2017-15:44:07:282 862242 862878 1
17-07-2017-15:44:07:317 862878 863514 1
17-07-2017-15:44:07:365 863514 864150 1
17-07-2017-15:44:07:399 864150 864786 1
17-07-2017-15:44:07:446 864786 865422 1
17-07-2017-15:44:07:480 865422 866058 1
17-07-2017-15:44:07:515 866058 866694 1
17-07-2017-15:44:07:561 866694 867330 1
17-07-2017-15:44:07:606 867330 867966 1
17-07-2017-15:44:07:641 867966 868602 1
17-07-2017-15:44:07:677 868602 869238 1
17-07-2017-15:44:07:724 869238 869874 1
17-07-2017-15:44:07:758 869874 870510 1
17-07-2017-15:44:07:804 870510 871146 1
17-07-2017-15:44:07:838 871146 871782 1
17-07-2017-15:44:07:874 871782 872418 1
17-07-2017-15:44:07:921 872418 873054 1
17-07-2017-15:44:07:956 873054 873690 1
17-07-2017-15:44:08:002 873690 874326 1
17-07-2017-15:44:08:038 874326 874962 1
17-07-2017-15:44:08:073 874962 875598 1
17-07-2017-15:44:08:119 875598 876234 1
17-07-2017-15:44:08:555 876234 876870 1
17-07-2017-15:44:08:557 876870 877506 1
17-07-2017-15:44:08:557 877506 878142 1
17-07-2017-15:44:08:557 878142 878778 1
17-07-2017-15:44:08:557 878778 879414 1
17-07-2017-15:44:08:557 879414 880050 1
17-07-2017-15:44:08:557 880050 880686 1
17-07-2017-15:44:08:557 880686 881322 1
17-07-2017-15:44:08:557 881322 881958 1
17-07-2017-15:44:08:557 881958 882594 1
17-07-2017-15:44:08:567 882594 883230 1
17-07-2017-15:44:08:594 883230 883866 1
17-07-2017-15:44:08:630 883866 884502 1
17-07-2017-15:44:08:676 884502 885138 1
17-07-2017-15:44:08:710 885138 885774 1
17-07-2017-15:44:08:757 885774 886410 1
17-07-2017-15:44:08:792 886410 887046 1
17-07-2017-15:44:08:839 887046 887682 1
17-07-2017-15:44:08:873 887682 888318 1
17-07-2017-15:44:08:908 888318 888954 1
17-07-2017-15:44:08:955 888954 889590 1
17-07-2017-15:44:08:991 889590 890226 1
17-07-2017-15:44:09:034 890226 890862 1
17-07-2017-15:44:09:070 890862 891498 1
17-07-2017-15:44:09:116 891498 892134 1
17-07-2017-15:44:09:151 892134 892770 1
17-07-2017-15:44:09:187 892770 893406 1
17-07-2017-15:44:09:234 893406 894042 1
17-07-2017-15:44:09:268 894042 894678 1
17-07-2017-15:44:09:314 894678 895314 1
17-07-2017-15:44:09:351 895314 895950 1
17-07-2017-15:44:09:384 895950 896586 1
17-07-2017-15:44:09:431 896586 897222 1
17-07-2017-15:44:09:470 897222 897858 1
17-07-2017-15:44:09:512 897858 898494 1
17-07-2017-15:44:09:547 898494 899130 1
17-07-2017-15:44:09:592 899130 899766 1
17-07-2017-15:44:09:629 899766 900402 1
17-07-2017-15:44:09:663 900402 901038 1
17-07-2017-15:44:09:708 901038 901674 1
17-07-2017-15:44:09:744 901674 902310 1
17-07-2017-15:44:09:791 902310 902946 1
17-07-2017-15:44:09:826 902946 903582 1
17-07-2017-15:44:09:872 903582 904218 1
17-07-2017-15:44:09:913 904218 904854 1
17-07-2017-15:44:09:952 904854 905490 1
17-07-2017-15:44:09:987 905490 906126 1
17-07-2017-15:44:10:021 906126 906762 1
17-07-2017-15:44:10:068 906762 907398 1
17-07-2017-15:44:10:103 907398 908034 1
17-07-2017-15:44:10:150 908034 908670 1
17-07-2017-15:44:10:185 908670 909306 1
17-07-2017-15:44:10:229 909306 909942 1
17-07-2017-15:44:10:263 909942 910578 1
17-07-2017-15:44:10:299 910578 911214 1
17-07-2017-15:44:10:344 911214 911850 1
17-07-2017-15:44:10:381 911850 912486 1
17-07-2017-15:44:10:426 912486 913122 1
17-07-2017-15:44:10:462 913122 913758 1
17-07-2017-15:44:10:509 913758 914394 1
17-07-2017-15:44:10:542 914394 915030 1
17-07-2017-15:44:10:577 915030 915666 1
17-07-2017-15:44:10:617 915666 916302 1
17-07-2017-15:44:10:664 916302 916938 1
17-07-2017-15:44:10:699 916938 917574 1
17-07-2017-15:44:10:746 917574 918210 1
17-07-2017-15:44:10:781 918210 918846 1
17-07-2017-15:44:10:815 918846 919482 1
17-07-2017-15:44:10:862 919482 920118 1
17-07-2017-15:44:10:898 920118 920754 1
17-07-2017-15:44:10:944 920754 921390 1
17-07-2017-15:44:10:978 921390 922026 1
17-07-2017-15:44:11:013 922026 922662 1
17-07-2017-15:44:11:057 922662 923298 1
17-07-2017-15:44:11:104 923298 923934 1
17-07-2017-15:44:11:139 923934 924570 1
17-07-2017-15:44:11:175 924570 925206 1
17-07-2017-15:44:11:220 925206 925842 1
17-07-2017-15:44:11:255 925842 926478 1
17-07-2017-15:44:11:654 926478 927114 1
17-07-2017-15:44:11:655 927114 927750 1
17-07-2017-15:44:11:655 927750 928386 1
17-07-2017-15:44:11:656 928386 929022 1
17-07-2017-15:44:11:656 929022 929658 1
17-07-2017-15:44:11:656 929658 930294 1
17-07-2017-15:44:11:656 930294 930930 1
17-07-2017-15:44:11:656 930930 931566 1
17-07-2017-15:44:11:656 931566 932202 1
17-07-2017-15:44:11:656 932202 932838 1
17-07-2017-15:44:11:698 932838 933474 1
17-07-2017-15:44:11:735 933474 934110 1
17-07-2017-15:44:11:769 934110 934746 1
17-07-2017-15:44:11:815 934746 935382 1
17-07-2017-15:44:11:855 935382 936018 1
17-07-2017-15:44:11:890 936018 936654 1
17-07-2017-15:44:11:936 936654 937290 1
17-07-2017-15:44:11:972 937290 937926 1
17-07-2017-15:44:12:018 937926 938562 1
17-07-2017-15:44:12:052 938562 939198 1
17-07-2017-15:44:12:088 939198 939834 1
17-07-2017-15:44:12:133 939834 940470 1
17-07-2017-15:44:12:170 940470 941106 1
17-07-2017-15:44:12:216 941106 941742 1
17-07-2017-15:44:12:249 941742 942378 1
17-07-2017-15:44:12:286 942378 943014 1
17-07-2017-15:44:12:337 943014 943650 1
17-07-2017-15:44:12:371 943650 944286 1
17-07-2017-15:44:12:406 944286 944922 1
17-07-2017-15:44:12:452 944922 945558 1
17-07-2017-15:44:12:487 945558 946194 1
17-07-2017-15:44:12:535 946194 946830 1
17-07-2017-15:44:12:569 946830 947466 1
17-07-2017-15:44:12:604 947466 948102 1
17-07-2017-15:44:12:652 948102 948738 1
17-07-2017-15:44:12:685 948738 949374 1
17-07-2017-15:44:12:732 949374 950010 1
17-07-2017-15:44:12:768 950010 950646 1
17-07-2017-15:44:12:811 950646 951282 1
17-07-2017-15:44:12:847 951282 951918 1
17-07-2017-15:44:12:893 951918 952554 1
17-07-2017-15:44:12:927 952554 953190 1
17-07-2017-15:44:12:966 953190 953826 1
17-07-2017-15:44:13:002 953826 954462 1
17-07-2017-15:44:13:049 954462 955098 1
17-07-2017-15:44:13:084 955098 955734 1
17-07-2017-15:44:13:130 955734 956370 1
17-07-2017-15:44:13:165 956370 957006 1
17-07-2017-15:44:13:210 957006 957642 1
17-07-2017-15:44:13:246 957642 958278 1
17-07-2017-15:44:13:281 958278 958914 1
17-07-2017-15:44:13:327 958914 959550 1
17-07-2017-15:44:13:373 959550 960186 1
17-07-2017-15:44:13:409 960186 960822 1
17-07-2017-15:44:13:443 960822 961458 1
17-07-2017-15:44:13:489 961458 962094 1
17-07-2017-15:44:13:525 962094 962730 1
17-07-2017-15:44:13:558 962730 963366 1
17-07-2017-15:44:13:605 963366 964002 1
17-07-2017-15:44:13:640 964002 964638 1
17-07-2017-15:44:13:687 964638 965274 1
17-07-2017-15:44:13:723 965274 965910 1
17-07-2017-15:44:13:757 965910 966546 1
17-07-2017-15:44:13:803 966546 967182 1
17-07-2017-15:44:13:843 967182 967818 1
17-07-2017-15:44:13:882 967818 968454 1
17-07-2017-15:44:13:916 968454 969090 1
17-07-2017-15:44:13:963 969090 969726 1
17-07-2017-15:44:13:998 969726 970362 1
17-07-2017-15:44:14:045 970362 970998 1
17-07-2017-15:44:14:080 970998 971634 1
17-07-2017-15:44:14:115 971634 972270 1
17-07-2017-15:44:14:161 972270 972906 1
17-07-2017-15:44:14:197 972906 973542 1
17-07-2017-15:44:14:243 973542 974178 1
17-07-2017-15:44:14:279 974178 974814 1
17-07-2017-15:44:14:313 974814 975450 1
17-07-2017-15:44:14:363 975450 976086 1
17-07-2017-15:44:14:399 976086 976722 1
17-07-2017-15:44:14:758 976722 977358 1
17-07-2017-15:44:14:759 977358 977994 1
17-07-2017-15:44:14:760 977994 978630 1
17-07-2017-15:44:14:760 978630 979266 1
17-07-2017-15:44:14:760 979266 979902 1
17-07-2017-15:44:14:760 979902 980538 1
17-07-2017-15:44:14:760 980538 981174 1
17-07-2017-15:44:14:760 981174 981810 1
17-07-2017-15:44:14:760 981810 982446 1
17-07-2017-15:44:14:792 982446 983082 1
17-07-2017-15:44:14:839 983082 983718 1
17-07-2017-15:44:14:874 983718 984354 1
17-07-2017-15:44:14:920 984354 984990 1
17-07-2017-15:44:14:954 984990 985626 1
17-07-2017-15:44:14:991 985626 986262 1
17-07-2017-15:44:15:041 986262 986898 1
17-07-2017-15:44:15:076 986898 987534 1
17-07-2017-15:44:15:109 987534 988170 1
17-07-2017-15:44:15:157 988170 988806 1
17-07-2017-15:44:15:192 988806 989442 1
17-07-2017-15:44:15:237 989442 990078 1
17-07-2017-15:44:15:273 990078 990714 1
17-07-2017-15:44:15:308 990714 991350 1
17-07-2017-15:44:15:354 991350 991986 1
17-07-2017-15:44:15:390 991986 992622 1
17-07-2017-15:44:15:437 992622 993258 1
17-07-2017-15:44:15:470 993258 993894 1
17-07-2017-15:44:15:510 993894 994530 1
17-07-2017-15:44:15:557 994530 995166 1
17-07-2017-15:44:15:592 995166 995802 1
17-07-2017-15:44:15:626 995802 996438 1
17-07-2017-15:44:15:674 996438 997074 1
17-07-2017-15:44:15:708 997074 997710 1
17-07-2017-15:44:15:754 997710 998346 1
17-07-2017-15:44:15:789 998346 998982 1
17-07-2017-15:44:15:826 998982 999618 1
17-07-2017-15:44:15:872 999618 1000254 1
17-07-2017-15:44:15:906 1000254 1000890 1
17-07-2017-15:44:15:946 1000890 1001526 1
17-07-2017-15:44:15:991 1001526 1002162 1
17-07-2017-15:44:16:028 1002162 1002798 1
17-07-2017-15:44:16:062 1002798 1003434 1
17-07-2017-15:44:16:114 1003434 1004070 1
17-07-2017-15:44:16:147 1004070 1004706 1
17-07-2017-15:44:16:184 1004706 1005342 1
17-07-2017-15:44:16:230 1005342 1005978 1
17-07-2017-15:44:16:266 1005978 1006614 1
17-07-2017-15:44:16:311 1006614 1007250 1
17-07-2017-15:44:16:347 1007250 1007886 1
17-07-2017-15:44:16:382 1007886 1008522 1
17-07-2017-15:44:16:428 1008522 1009158 1
17-07-2017-15:44:16:463 1009158 1009794 1
17-07-2017-15:44:16:509 1009794 1010430 1
17-07-2017-15:44:16:545 1010430 1011066 1
17-07-2017-15:44:16:588 1011066 1011702 1
17-07-2017-15:44:16:626 1011702 1012338 1
17-07-2017-15:44:16:659 1012338 1012974 1
17-07-2017-15:44:16:705 1012974 1013610 1
17-07-2017-15:44:16:741 1013610 1014246 1
17-07-2017-15:44:16:786 1014246 1014882 1
17-07-2017-15:44:16:821 1014882 1015518 1
17-07-2017-15:44:16:867 1015518 1016154 1
17-07-2017-15:44:16:903 1016154 1016790 1
17-07-2017-15:44:16:938 1016790 1017426 1
17-07-2017-15:44:16:984 1017426 1018062 1
17-07-2017-15:44:17:020 1018062 1018698 1
17-07-2017-15:44:17:066 1018698 1019334 1
17-07-2017-15:44:17:107 1019334 1019970 1
17-07-2017-15:44:17:135 1019970 1020606 1
17-07-2017-15:44:17:183 1020606 1021242 1
17-07-2017-15:44:17:217 1021242 1021878 1
17-07-2017-15:44:17:264 1021878 1022514 1
17-07-2017-15:44:17:304 1022514 1023150 1
17-07-2017-15:44:17:364 1023150 1023786 1
17-07-2017-15:44:17:379 1023786 1024422 1
17-07-2017-15:44:17:425 1024422 1025058 1
17-07-2017-15:44:17:463 1025058 1025694 1
17-07-2017-15:44:17:499 1025694 1026330 1
17-07-2017-15:44:17:533 1026330 1026966 1
17-07-2017-15:44:18:349 1026966 1027602 1
17-07-2017-15:44:18:351 1027602 1028238 1
17-07-2017-15:44:18:351 1028238 1028874 1
17-07-2017-15:44:18:351 1028874 1029510 1
17-07-2017-15:44:18:351 1029510 1030146 1
17-07-2017-15:44:18:351 1030146 1030782 1
17-07-2017-15:44:18:351 1030782 1031418 1
17-07-2017-15:44:18:351 1031418 1032054 1
17-07-2017-15:44:18:351 1032054 1032690 1
17-07-2017-15:44:18:352 1032690 1033326 1
17-07-2017-15:44:18:352 1033326 1033962 1
17-07-2017-15:44:18:352 1033962 1034598 1
17-07-2017-15:44:18:352 1034598 1035234 1
17-07-2017-15:44:18:352 1035234 1035870 1
17-07-2017-15:44:18:352 1035870 1036506 1
17-07-2017-15:44:18:352 1036506 1037142 1
17-07-2017-15:44:18:352 1037142 1037778 1
17-07-2017-15:44:18:352 1037778 1038414 1
17-07-2017-15:44:18:352 1038414 1039050 1
17-07-2017-15:44:18:352 1039050 1039686 1
17-07-2017-15:44:18:373 1039686 1040322 1
17-07-2017-15:44:18:419 1040322 1040958 1
17-07-2017-15:44:18:456 1040958 1041594 1
17-07-2017-15:44:18:493 1041594 1042230 1
17-07-2017-15:44:18:537 1042230 1042866 1
17-07-2017-15:44:18:571 1042866 1043502 1
17-07-2017-15:44:18:607 1043502 1044138 1
17-07-2017-15:44:18:653 1044138 1044774 1
17-07-2017-15:44:18:689 1044774 1045410 1
17-07-2017-15:44:18:749 1045410 1046046 1
17-07-2017-15:44:18:776 1046046 1046682 1
17-07-2017-15:44:18:805 1046682 1047318 1
17-07-2017-15:44:18:851 1047318 1047954 1
17-07-2017-15:44:18:886 1047954 1048590 1
17-07-2017-15:44:18:932 1048590 1049226 1
17-07-2017-15:44:18:967 1049226 1049862 1
17-07-2017-15:44:19:015 1049862 1050498 1
17-07-2017-15:44:19:049 1050498 1051134 1
17-07-2017-15:44:19:084 1051134 1051770 1
17-07-2017-15:44:19:132 1051770 1052406 1
17-07-2017-15:44:19:172 1052406 1053042 1
17-07-2017-15:44:19:211 1053042 1053678 1
17-07-2017-15:44:19:252 1053678 1054314 1
17-07-2017-15:44:19:292 1054314 1054950 1
17-07-2017-15:44:19:326 1054950 1055586 1
17-07-2017-15:44:19:362 1055586 1056222 1
17-07-2017-15:44:19:408 1056222 1056858 1
17-07-2017-15:44:19:442 1056858 1057494 1
17-07-2017-15:44:19:490 1057494 1058130 1
17-07-2017-15:44:19:526 1058130 1058766 1
17-07-2017-15:44:19:571 1058766 1059402 1
17-07-2017-15:44:19:606 1059402 1060038 1
17-07-2017-15:44:19:642 1060038 1060674 1
17-07-2017-15:44:19:688 1060674 1061310 1
17-07-2017-15:44:19:737 1061310 1061946 1
17-07-2017-15:44:19:770 1061946 1062582 1
17-07-2017-15:44:19:803 1062582 1063218 1
17-07-2017-15:44:19:839 1063218 1063854 1
17-07-2017-15:44:19:885 1063854 1064490 1
17-07-2017-15:44:19:929 1064490 1065126 1
17-07-2017-15:44:19:967 1065126 1065762 1
17-07-2017-15:44:19:998 1065762 1066398 1
17-07-2017-15:44:20:045 1066398 1067034 1
17-07-2017-15:44:20:082 1067034 1067670 1
17-07-2017-15:44:20:128 1067670 1068306 1
17-07-2017-15:44:20:162 1068306 1068942 1
17-07-2017-15:44:20:198 1068942 1069578 1
17-07-2017-15:44:20:244 1069578 1070214 1
17-07-2017-15:44:20:313 1070214 1070850 1
17-07-2017-15:44:20:326 1070850 1071486 1
17-07-2017-15:44:20:360 1071486 1072122 1
17-07-2017-15:44:20:396 1072122 1072758 1
17-07-2017-15:44:20:446 1072758 1073394 1
17-07-2017-15:44:20:482 1073394 1074030 1
17-07-2017-15:44:20:517 1074030 1074666 1
17-07-2017-15:44:20:564 1074666 1075302 1
17-07-2017-15:44:20:599 1075302 1075938 1
17-07-2017-15:44:20:635 1075938 1076574 1
17-07-2017-15:44:20:680 1076574 1077210 1
17-07-2017-15:44:20:999 1077210 1077846 1
17-07-2017-15:44:21:000 1077846 1078482 1
17-07-2017-15:44:21:000 1078482 1079118 1
17-07-2017-15:44:21:000 1079118 1079754 1
17-07-2017-15:44:21:000 1079754 1080390 1
17-07-2017-15:44:21:000 1080390 1081026 1
17-07-2017-15:44:21:000 1081026 1081662 1
17-07-2017-15:44:21:000 1081662 1082298 1
17-07-2017-15:44:21:034 1082298 1082934 1
17-07-2017-15:44:21:079 1082934 1083570 1
17-07-2017-15:44:21:115 1083570 1084206 1
17-07-2017-15:44:21:162 1084206 1084842 1
17-07-2017-15:44:21:195 1084842 1085478 1
17-07-2017-15:44:21:231 1085478 1086114 1
17-07-2017-15:44:21:276 1086114 1086750 1
17-07-2017-15:44:21:313 1086750 1087386 1
17-07-2017-15:44:21:358 1087386 1088022 1
17-07-2017-15:44:21:394 1088022 1088658 1
17-07-2017-15:44:21:429 1088658 1089294 1
17-07-2017-15:44:21:475 1089294 1089930 1
17-07-2017-15:44:21:509 1089930 1090566 1
17-07-2017-15:44:21:557 1090566 1091202 1
17-07-2017-15:44:21:589 1091202 1091838 1
17-07-2017-15:44:21:802 1091838 1092474 1
17-07-2017-15:44:21:804 1092474 1093110 1
17-07-2017-15:44:21:804 1093110 1093746 1
17-07-2017-15:44:21:804 1093746 1094382 1
17-07-2017-15:44:21:804 1094382 1095018 1
17-07-2017-15:44:21:833 1095018 1095654 1
17-07-2017-15:44:21:869 1095654 1096290 1
17-07-2017-15:44:21:915 1096290 1096926 1
17-07-2017-15:44:21:954 1096926 1097562 1
17-07-2017-15:44:21:989 1097562 1098198 1
17-07-2017-15:44:22:036 1098198 1098834 1
17-07-2017-15:44:22:070 1098834 1099470 1
17-07-2017-15:44:22:106 1099470 1100106 1
17-07-2017-15:44:22:153 1100106 1100742 1
17-07-2017-15:44:22:187 1100742 1101378 1
17-07-2017-15:44:22:230 1101378 1102014 1
17-07-2017-15:44:22:265 1102014 1102650 1
17-07-2017-15:44:22:310 1102650 1103286 1
17-07-2017-15:44:22:347 1103286 1103922 1
17-07-2017-15:44:22:393 1103922 1104558 1
17-07-2017-15:44:22:429 1104558 1105194 1
17-07-2017-15:44:22:463 1105194 1105830 1
17-07-2017-15:44:22:509 1105830 1106466 1
17-07-2017-15:44:22:544 1106466 1107102 1
17-07-2017-15:44:22:591 1107102 1107738 1
17-07-2017-15:44:22:625 1107738 1108374 1
17-07-2017-15:44:22:661 1108374 1109010 1
17-07-2017-15:44:22:707 1109010 1109646 1
17-07-2017-15:44:22:742 1109646 1110282 1
17-07-2017-15:44:22:782 1110282 1110918 1
17-07-2017-15:44:22:828 1110918 1111554 1
17-07-2017-15:44:22:864 1111554 1112190 1
17-07-2017-15:44:22:909 1112190 1112826 1
17-07-2017-15:44:22:945 1112826 1113462 1
17-07-2017-15:44:22:979 1113462 1114098 1
17-07-2017-15:44:23:025 1114098 1114734 1
17-07-2017-15:44:23:061 1114734 1115370 1
17-07-2017-15:44:23:108 1115370 1116006 1
17-07-2017-15:44:23:142 1116006 1116642 1
17-07-2017-15:44:23:177 1116642 1117278 1
17-07-2017-15:44:23:225 1117278 1117914 1
17-07-2017-15:44:23:259 1117914 1118550 1
17-07-2017-15:44:23:321 1118550 1119186 1
17-07-2017-15:44:23:345 1119186 1119822 1
17-07-2017-15:44:23:378 1119822 1120458 1
17-07-2017-15:44:23:423 1120458 1121094 1
17-07-2017-15:44:23:459 1121094 1121730 1
17-07-2017-15:44:23:506 1121730 1122366 1
17-07-2017-15:44:23:560 1122366 1123002 1
17-07-2017-15:44:23:579 1123002 1123638 1
17-07-2017-15:44:23:626 1123638 1124274 1
17-07-2017-15:44:23:660 1124274 1124910 1
17-07-2017-15:44:23:695 1124910 1125546 1
17-07-2017-15:44:23:742 1125546 1126182 1
17-07-2017-15:44:23:795 1126182 1126818 1
17-07-2017-15:44:23:824 1126818 1127454 1
17-07-2017-15:44:23:860 1127454 1128090 1
17-07-2017-15:44:23:893 1128090 1128726 1
17-07-2017-15:44:23:940 1128726 1129362 1
17-07-2017-15:44:23:978 1129362 1129998 1
17-07-2017-15:44:24:075 1129998 1130634 1
17-07-2017-15:44:24:075 1130634 1131270 1
17-07-2017-15:44:24:103 1131270 1131906 1
17-07-2017-15:44:24:147 1131906 1132542 1
17-07-2017-15:44:24:174 1132542 1133178 1
17-07-2017-15:44:24:213 1133178 1133814 1
17-07-2017-15:44:24:254 1133814 1134450 1
17-07-2017-15:44:24:344 1134450 1135086 1
17-07-2017-15:44:24:345 1135086 1135722 1
17-07-2017-15:44:24:542 1135722 1136358 1
17-07-2017-15:44:24:543 1136358 1136994 1
17-07-2017-15:44:24:543 1136994 1137630 1
17-07-2017-15:44:24:543 1137630 1138266 1
17-07-2017-15:44:24:544 1138266 1138902 1
17-07-2017-15:44:24:611 1138902 1139538 1
17-07-2017-15:44:24:613 1139538 1140174 1
17-07-2017-15:44:24:653 1140174 1140810 1
17-07-2017-15:44:24:695 1140810 1141446 1
17-07-2017-15:44:24:731 1141446 1142082 1
17-07-2017-15:44:24:777 1142082 1142718 1
17-07-2017-15:44:24:812 1142718 1143354 1
17-07-2017-15:44:24:847 1143354 1143990 1
17-07-2017-15:44:24:893 1143990 1144626 1
17-07-2017-15:44:24:929 1144626 1145262 1
17-07-2017-15:44:24:968 1145262 1145898 1
17-07-2017-15:44:25:018 1145898 1146534 1
17-07-2017-15:44:25:057 1146534 1147170 1
17-07-2017-15:44:25:091 1147170 1147806 1
17-07-2017-15:44:25:132 1147806 1148442 1
17-07-2017-15:44:25:166 1148442 1149078 1
17-07-2017-15:44:25:214 1149078 1149714 1
17-07-2017-15:44:25:248 1149714 1150350 1
17-07-2017-15:44:25:296 1150350 1150986 1
17-07-2017-15:44:25:329 1150986 1151622 1
17-07-2017-15:44:25:365 1151622 1152258 1
17-07-2017-15:44:25:411 1152258 1152894 1
17-07-2017-15:44:25:446 1152894 1153530 1
17-07-2017-15:44:25:493 1153530 1154166 1
17-07-2017-15:44:25:534 1154166 1154802 1
17-07-2017-15:44:25:562 1154802 1155438 1
17-07-2017-15:44:25:610 1155438 1156074 1
17-07-2017-15:44:25:644 1156074 1156710 1
17-07-2017-15:44:25:691 1156710 1157346 1
17-07-2017-15:44:25:726 1157346 1157982 1
17-07-2017-15:44:25:765 1157982 1158618 1
17-07-2017-15:44:25:808 1158618 1159254 1
17-07-2017-15:44:25:843 1159254 1159890 1
17-07-2017-15:44:25:887 1159890 1160526 1
17-07-2017-15:44:25:921 1160526 1161162 1
17-07-2017-15:44:25:968 1161162 1161798 1
17-07-2017-15:44:26:004 1161798 1162434 1
17-07-2017-15:44:26:050 1162434 1163070 1
17-07-2017-15:44:26:085 1163070 1163706 1
17-07-2017-15:44:26:119 1163706 1164342 1
17-07-2017-15:44:26:167 1164342 1164978 1
17-07-2017-15:44:26:201 1164978 1165614 1
17-07-2017-15:44:26:248 1165614 1166250 1
17-07-2017-15:44:26:298 1166250 1166886 1
17-07-2017-15:44:26:320 1166886 1167522 1
17-07-2017-15:44:26:365 1167522 1168158 1
17-07-2017-15:44:26:400 1168158 1168794 1
17-07-2017-15:44:26:451 1168794 1169430 1
17-07-2017-15:44:26:484 1169430 1170066 1
17-07-2017-15:44:26:550 1170066 1170702 1
17-07-2017-15:44:26:567 1170702 1171338 1
17-07-2017-15:44:26:601 1171338 1171974 1
17-07-2017-15:44:26:643 1171974 1172610 1
17-07-2017-15:44:26:680 1172610 1173246 1
17-07-2017-15:44:26:726 1173246 1173882 1
17-07-2017-15:44:26:779 1173882 1174518 1
17-07-2017-15:44:26:796 1174518 1175154 1
17-07-2017-15:44:26:844 1175154 1175790 1
17-07-2017-15:44:26:878 1175790 1176426 1
17-07-2017-15:44:26:924 1176426 1177062 1
17-07-2017-15:44:26:960 1177062 1177698 1
17-07-2017-15:44:26:994 1177698 1178334 1
17-07-2017-15:44:27:093 1178334 1178970 1
17-07-2017-15:44:27:093 1178970 1179606 1
17-07-2017-15:44:27:135 1179606 1180242 1
17-07-2017-15:44:27:160 1180242 1180878 1
17-07-2017-15:44:27:194 1180878 1181514 1
17-07-2017-15:44:27:716 1181514 1182150 1
17-07-2017-15:44:27:717 1182150 1182786 1
17-07-2017-15:44:27:717 1182786 1183422 1
17-07-2017-15:44:27:717 1183422 1184058 1
17-07-2017-15:44:27:719 1184058 1184694 1
17-07-2017-15:44:27:719 1184694 1185330 1
17-07-2017-15:44:27:719 1185330 1185966 1
17-07-2017-15:44:27:719 1185966 1186602 1
17-07-2017-15:44:27:719 1186602 1187238 1
17-07-2017-15:44:27:719 1187238 1187874 1
17-07-2017-15:44:27:719 1187874 1188510 1
17-07-2017-15:44:27:719 1188510 1189146 1
17-07-2017-15:44:27:719 1189146 1189782 1
17-07-2017-15:44:27:756 1189782 1190418 1
17-07-2017-15:44:27:788 1190418 1191054 1
17-07-2017-15:44:27:834 1191054 1191690 1
17-07-2017-15:44:27:904 1191690 1192326 1
17-07-2017-15:44:27:919 1192326 1192962 1
17-07-2017-15:44:27:969 1192962 1193598 1
17-07-2017-15:44:27:996 1193598 1194234 1
17-07-2017-15:44:28:030 1194234 1194870 1
17-07-2017-15:44:28:078 1194870 1195506 1
17-07-2017-15:44:28:113 1195506 1196142 1
17-07-2017-15:44:28:148 1196142 1196778 1
17-07-2017-15:44:28:194 1196778 1197414 1
17-07-2017-15:44:28:229 1197414 1198050 1
17-07-2017-15:44:28:276 1198050 1198686 1
17-07-2017-15:44:28:312 1198686 1199322 1
17-07-2017-15:44:28:347 1199322 1199958 1
17-07-2017-15:44:28:405 1199958 1200594 1
17-07-2017-15:44:28:434 1200594 1201230 1
17-07-2017-15:44:28:474 1201230 1201866 1
17-07-2017-15:44:28:508 1201866 1202502 1
17-07-2017-15:44:28:543 1202502 1203138 1
17-07-2017-15:44:28:589 1203138 1203774 1
17-07-2017-15:44:28:625 1203774 1204410 1
17-07-2017-15:44:28:671 1204410 1205046 1
17-07-2017-15:44:28:704 1205046 1205682 1
17-07-2017-15:44:28:751 1205682 1206318 1
17-07-2017-15:44:28:786 1206318 1206954 1
17-07-2017-15:44:28:832 1206954 1207590 1
17-07-2017-15:44:28:868 1207590 1208226 1
17-07-2017-15:44:28:914 1208226 1208862 1
17-07-2017-15:44:29:053 1208862 1209498 1
17-07-2017-15:44:29:054 1209498 1210134 1
17-07-2017-15:44:29:054 1210134 1210770 1
17-07-2017-15:44:29:069 1210770 1211406 1
17-07-2017-15:44:29:100 1211406 1212042 1
17-07-2017-15:44:29:148 1212042 1212678 1
17-07-2017-15:44:29:182 1212678 1213314 1
17-07-2017-15:44:29:222 1213314 1213950 1
17-07-2017-15:44:29:269 1213950 1214586 1
17-07-2017-15:44:29:304 1214586 1215222 1
17-07-2017-15:44:29:339 1215222 1215858 1
17-07-2017-15:44:29:386 1215858 1216494 1
17-07-2017-15:44:29:421 1216494 1217130 1
17-07-2017-15:44:29:468 1217130 1217766 1
17-07-2017-15:44:29:503 1217766 1218402 1
17-07-2017-15:44:29:537 1218402 1219038 1
17-07-2017-15:44:29:584 1219038 1219674 1
17-07-2017-15:44:29:619 1219674 1220310 1
17-07-2017-15:44:29:666 1220310 1220946 1
17-07-2017-15:44:29:699 1220946 1221582 1
17-07-2017-15:44:29:746 1221582 1222218 1
17-07-2017-15:44:29:781 1222218 1222854 1
17-07-2017-15:44:29:825 1222854 1223490 1
17-07-2017-15:44:29:860 1223490 1224126 1
17-07-2017-15:44:29:906 1224126 1224762 1
17-07-2017-15:44:29:941 1224762 1225398 1
17-07-2017-15:44:29:977 1225398 1226034 1
17-07-2017-15:44:30:023 1226034 1226670 1
17-07-2017-15:44:30:057 1226670 1227306 1
17-07-2017-15:44:30:112 1227306 1227942 1
17-07-2017-15:44:30:139 1227942 1228578 1
17-07-2017-15:44:30:175 1228578 1229214 1
17-07-2017-15:44:30:221 1229214 1229850 1
17-07-2017-15:44:30:256 1229850 1230486 1
17-07-2017-15:44:30:302 1230486 1231122 1
17-07-2017-15:44:30:337 1231122 1231758 1
17-07-2017-15:44:30:381 1231758 1232394 1
17-07-2017-15:44:30:416 1232394 1233030 1
17-07-2017-15:44:30:452 1233030 1233666 1
17-07-2017-15:44:30:498 1233666 1234302 1
17-07-2017-15:44:30:532 1234302 1234938 1
17-07-2017-15:44:30:579 1234938 1235574 1
17-07-2017-15:44:30:618 1235574 1236210 1
17-07-2017-15:44:30:661 1236210 1236846 1
17-07-2017-15:44:30:696 1236846 1237482 1
17-07-2017-15:44:30:733 1237482 1238118 1
17-07-2017-15:44:30:777 1238118 1238754 1
17-07-2017-15:44:30:813 1238754 1239390 1
17-07-2017-15:44:30:859 1239390 1240026 1
17-07-2017-15:44:30:902 1240026 1240662 1
17-07-2017-15:44:30:936 1240662 1241298 1
17-07-2017-15:44:30:976 1241298 1241934 1
17-07-2017-15:44:31:015 1241934 1242570 1
17-07-2017-15:44:31:050 1242570 1243206 1
17-07-2017-15:44:31:096 1243206 1243842 1
17-07-2017-15:44:31:131 1243842 1244478 1
17-07-2017-15:44:31:177 1244478 1245114 1
17-07-2017-15:44:31:213 1245114 1245750 1
17-07-2017-15:44:31:248 1245750 1246386 1
17-07-2017-15:44:31:293 1246386 1247022 1
17-07-2017-15:44:31:340 1247022 1247658 1
17-07-2017-15:44:31:377 1247658 1248294 1
17-07-2017-15:44:31:411 1248294 1248930 1
17-07-2017-15:44:31:446 1248930 1249566 1
17-07-2017-15:44:31:498 1249566 1250202 1
17-07-2017-15:44:31:527 1250202 1250838 1
17-07-2017-15:44:31:572 1250838 1251474 1
17-07-2017-15:44:31:613 1251474 1252110 1
17-07-2017-15:44:31:655 1252110 1252746 1
17-07-2017-15:44:31:688 1252746 1253382 1
17-07-2017-15:44:31:734 1253382 1254018 1
17-07-2017-15:44:31:769 1254018 1254654 1
17-07-2017-15:44:31:805 1254654 1255290 1
17-07-2017-15:44:31:852 1255290 1255926 1
17-07-2017-15:44:31:887 1255926 1256562 1
17-07-2017-15:44:31:933 1256562 1257198 1
17-07-2017-15:44:31:968 1257198 1257834 1
17-07-2017-15:44:32:002 1257834 1258470 1
17-07-2017-15:44:32:049 1258470 1259106 1
17-07-2017-15:44:32:452 1259106 1259742 1
17-07-2017-15:44:32:453 1259742 1260378 1
17-07-2017-15:44:32:453 1260378 1261014 1
17-07-2017-15:44:32:453 1261014 1261650 1
17-07-2017-15:44:32:453 1261650 1262286 1
17-07-2017-15:44:32:453 1262286 1262922 1
17-07-2017-15:44:32:453 1262922 1263558 1
17-07-2017-15:44:32:453 1263558 1264194 1
17-07-2017-15:44:32:453 1264194 1264830 1
17-07-2017-15:44:32:453 1264830 1265466 1
17-07-2017-15:44:32:481 1265466 1266102 1
17-07-2017-15:44:32:548 1266102 1266738 1
17-07-2017-15:44:32:565 1266738 1267374 1
17-07-2017-15:44:32:599 1267374 1268010 1
17-07-2017-15:44:32:644 1268010 1268646 1
17-07-2017-15:44:32:681 1268646 1269282 1
17-07-2017-15:44:32:727 1269282 1269918 1
17-07-2017-15:44:32:761 1269918 1270554 1
17-07-2017-15:44:32:797 1270554 1271190 1
17-07-2017-15:44:32:849 1271190 1271826 1
17-07-2017-15:44:32:878 1271826 1272462 1
17-07-2017-15:44:32:922 1272462 1273098 1
17-07-2017-15:44:33:009 1273098 1273734 1
17-07-2017-15:44:33:011 1273734 1274370 1
17-07-2017-15:44:33:041 1274370 1275006 1
17-07-2017-15:44:33:085 1275006 1275642 1
17-07-2017-15:44:33:120 1275642 1276278 1
17-07-2017-15:44:33:156 1276278 1276914 1
17-07-2017-15:44:33:203 1276914 1277550 1
17-07-2017-15:44:33:238 1277550 1278186 1
17-07-2017-15:44:33:285 1278186 1278822 1
17-07-2017-15:44:33:320 1278822 1279458 1
17-07-2017-15:44:33:354 1279458 1280094 1
17-07-2017-15:44:33:400 1280094 1280730 1
17-07-2017-15:44:33:435 1280730 1281366 1
17-07-2017-15:44:33:482 1281366 1282002 1
17-07-2017-15:44:33:518 1282002 1282638 1
17-07-2017-15:44:33:553 1282638 1283274 1
17-07-2017-15:44:33:604 1283274 1283910 1
17-07-2017-15:44:33:634 1283910 1284546 1
17-07-2017-15:44:33:804 1284546 1285182 1
17-07-2017-15:44:33:805 1285182 1285818 1
17-07-2017-15:44:33:805 1285818 1286454 1
17-07-2017-15:44:33:806 1286454 1287090 1
17-07-2017-15:44:33:840 1287090 1287726 1
17-07-2017-15:44:33:875 1287726 1288362 1
17-07-2017-15:44:33:909 1288362 1288998 1
17-07-2017-15:44:33:959 1288998 1289634 1
17-07-2017-15:44:33:994 1289634 1290270 1
17-07-2017-15:44:34:030 1290270 1290906 1
17-07-2017-15:44:34:077 1290906 1291542 1
17-07-2017-15:44:34:111 1291542 1292178 1
17-07-2017-15:44:34:157 1292178 1292814 1
17-07-2017-15:44:34:193 1292814 1293450 1
17-07-2017-15:44:34:227 1293450 1294086 1
17-07-2017-15:44:34:274 1294086 1294722 1
17-07-2017-15:44:34:308 1294722 1295358 1
17-07-2017-15:44:34:356 1295358 1295994 1
17-07-2017-15:44:34:390 1295994 1296630 1
17-07-2017-15:44:34:426 1296630 1297266 1
17-07-2017-15:44:34:472 1297266 1297902 1
17-07-2017-15:44:34:507 1297902 1298538 1
17-07-2017-15:44:34:554 1298538 1299174 1
17-07-2017-15:44:34:602 1299174 1299810 1
17-07-2017-15:44:34:636 1299810 1300446 1
17-07-2017-15:44:34:672 1300446 1301082 1
17-07-2017-15:44:34:705 1301082 1301718 1
17-07-2017-15:44:34:752 1301718 1302354 1
17-07-2017-15:44:34:788 1302354 1302990 1
17-07-2017-15:44:34:835 1302990 1303626 1
17-07-2017-15:44:34:869 1303626 1304262 1
17-07-2017-15:44:34:906 1304262 1304898 1
17-07-2017-15:44:34:951 1304898 1305534 1
17-07-2017-15:44:34:985 1305534 1306170 1
17-07-2017-15:44:35:032 1306170 1306806 1
17-07-2017-15:44:35:068 1306806 1307442 1
17-07-2017-15:44:35:104 1307442 1308078 1
17-07-2017-15:44:35:150 1308078 1308714 1
17-07-2017-15:44:35:184 1308714 1309350 1
17-07-2017-15:44:35:232 1309350 1309986 1
17-07-2017-15:44:35:265 1309986 1310622 1
17-07-2017-15:44:35:302 1310622 1311258 1
17-07-2017-15:44:35:348 1311258 1311894 1
17-07-2017-15:44:35:387 1311894 1312530 1
17-07-2017-15:44:35:429 1312530 1313166 1
17-07-2017-15:44:35:464 1313166 1313802 1
17-07-2017-15:44:35:500 1313802 1314438 1
17-07-2017-15:44:35:546 1314438 1315074 1
17-07-2017-15:44:35:582 1315074 1315710 1
17-07-2017-15:44:35:629 1315710 1316346 1
17-07-2017-15:44:35:662 1316346 1316982 1
17-07-2017-15:44:35:710 1316982 1317618 1
17-07-2017-15:44:35:744 1317618 1318254 1
17-07-2017-15:44:35:780 1318254 1318890 1
17-07-2017-15:44:35:827 1318890 1319526 1
17-07-2017-15:44:35:861 1319526 1320162 1
17-07-2017-15:44:35:907 1320162 1320798 1
17-07-2017-15:44:35:943 1320798 1321434 1
17-07-2017-15:44:35:977 1321434 1322070 1
17-07-2017-15:44:36:025 1322070 1322706 1
17-07-2017-15:44:36:059 1322706 1323342 1
17-07-2017-15:44:36:105 1323342 1323978 1
17-07-2017-15:44:36:141 1323978 1324614 1
17-07-2017-15:44:36:176 1324614 1325250 1
17-07-2017-15:44:36:223 1325250 1325886 1
17-07-2017-15:44:36:258 1325886 1326522 1
17-07-2017-15:44:36:296 1326522 1327158 1
17-07-2017-15:44:36:336 1327158 1327794 1
17-07-2017-15:44:36:384 1327794 1328430 1
17-07-2017-15:44:36:417 1328430 1329066 1
17-07-2017-15:44:36:464 1329066 1329702 1
17-07-2017-15:44:36:498 1329702 1330338 1
17-07-2017-15:44:36:534 1330338 1330974 1
17-07-2017-15:44:36:580 1330974 1331610 1
17-07-2017-15:44:36:616 1331610 1332246 1
17-07-2017-15:44:36:663 1332246 1332882 1
17-07-2017-15:44:36:697 1332882 1333518 1
17-07-2017-15:44:36:732 1333518 1334154 1
17-07-2017-15:44:36:778 1334154 1334790 1
