17-07-2017-16:28:24:191 0 800 1
17-07-2017-16:28:24:237 800 1600 1
17-07-2017-16:28:24:289 1600 2360 1
17-07-2017-16:28:24:336 2360 3120 1
17-07-2017-16:28:24:382 3120 3880 1
17-07-2017-16:28:24:429 3880 4640 1
17-07-2017-16:28:24:480 4640 5400 1
17-07-2017-16:28:24:526 5400 6160 1
17-07-2017-16:28:24:575 6160 6920 1
17-07-2017-16:28:24:620 6920 7680 1
17-07-2017-16:28:24:666 7680 8440 1
17-07-2017-16:28:24:712 8440 9200 1
17-07-2017-16:28:24:760 9200 9960 1
17-07-2017-16:28:24:812 9960 10720 1
17-07-2017-16:28:24:862 10720 11480 1
17-07-2017-16:28:24:910 11480 12240 1
17-07-2017-16:28:24:956 12240 13000 1
17-07-2017-16:28:24:998 13000 13760 1
17-07-2017-16:28:25:046 13760 14520 1
17-07-2017-16:28:25:098 14520 15267 1
17-07-2017-16:28:25:144 15267 16014 1
17-07-2017-16:28:25:191 16014 16761 1
17-07-2017-16:28:25:236 16761 17508 1
17-07-2017-16:28:25:284 17508 18255 1
17-07-2017-16:28:25:329 18255 19002 1
17-07-2017-16:28:25:374 19002 19749 1
17-07-2017-16:28:25:422 19749 20496 1
17-07-2017-16:28:25:469 20496 21243 1
17-07-2017-16:28:25:516 21243 21990 1
17-07-2017-16:28:25:564 21990 22737 1
17-07-2017-16:28:25:612 22737 23484 1
17-07-2017-16:28:25:655 23484 24231 1
17-07-2017-16:28:25:701 24231 24978 1
17-07-2017-16:28:25:749 24978 25725 1
17-07-2017-16:28:25:795 25725 26472 1
17-07-2017-16:28:25:843 26472 27219 1
17-07-2017-16:28:25:889 27219 27966 1
17-07-2017-16:28:25:933 27966 28713 1
17-07-2017-16:28:25:986 28713 29460 1
17-07-2017-16:28:26:029 29460 30207 1
17-07-2017-16:28:26:074 30207 30954 1
17-07-2017-16:28:26:123 30954 31701 1
17-07-2017-16:28:26:168 31701 32448 1
17-07-2017-16:28:26:215 32448 33195 1
17-07-2017-16:28:26:263 33195 33942 1
17-07-2017-16:28:26:308 33942 34689 1
17-07-2017-16:28:26:355 34689 35436 1
17-07-2017-16:28:26:402 35436 36183 1
17-07-2017-16:28:26:448 36183 36930 1
17-07-2017-16:28:26:494 36930 37677 1
17-07-2017-16:28:26:542 37677 38424 1
17-07-2017-16:28:26:589 38424 39171 1
17-07-2017-16:28:26:636 39171 39918 1
17-07-2017-16:28:26:681 39918 40665 1
17-07-2017-16:28:26:732 40665 41412 1
17-07-2017-16:28:26:778 41412 42159 1
17-07-2017-16:28:26:825 42159 42906 1
17-07-2017-16:28:26:871 42906 43653 1
17-07-2017-16:28:26:917 43653 44400 1
17-07-2017-16:28:26:964 44400 45147 1
17-07-2017-16:28:27:011 45147 45894 1
17-07-2017-16:28:27:059 45894 46641 1
17-07-2017-16:28:27:105 46641 47388 1
17-07-2017-16:28:27:152 47388 48135 1
17-07-2017-16:28:27:199 48135 48882 1
17-07-2017-16:28:27:244 48882 49629 1
17-07-2017-16:28:27:794 49629 50376 1
17-07-2017-16:28:27:796 50376 51123 1
17-07-2017-16:28:27:796 51123 51870 1
17-07-2017-16:28:27:797 51870 52617 1
17-07-2017-16:28:27:797 52617 53364 1
17-07-2017-16:28:27:797 53364 54111 1
17-07-2017-16:28:27:797 54111 54858 1
17-07-2017-16:28:27:797 54858 55605 1
17-07-2017-16:28:27:797 55605 56352 1
17-07-2017-16:28:27:797 56352 57099 1
17-07-2017-16:28:27:797 57099 57846 1
17-07-2017-16:28:27:807 57846 58593 1
17-07-2017-16:28:27:850 58593 59340 1
17-07-2017-16:28:27:898 59340 60087 1
17-07-2017-16:28:27:954 60087 60834 1
17-07-2017-16:28:27:992 60834 61581 1
17-07-2017-16:28:28:037 61581 62328 1
17-07-2017-16:28:28:084 62328 63075 1
17-07-2017-16:28:28:129 63075 63822 1
17-07-2017-16:28:28:177 63822 64569 1
17-07-2017-16:28:28:225 64569 65316 1
17-07-2017-16:28:28:271 65316 66063 1
17-07-2017-16:28:28:317 66063 66810 1
17-07-2017-16:28:28:365 66810 67557 1
17-07-2017-16:28:28:410 67557 68304 1
17-07-2017-16:28:28:457 68304 69051 1
17-07-2017-16:28:28:504 69051 69798 1
17-07-2017-16:28:28:551 69798 70545 1
17-07-2017-16:28:28:597 70545 71292 1
17-07-2017-16:28:28:645 71292 72039 1
17-07-2017-16:28:28:691 72039 72786 1
17-07-2017-16:28:28:738 72786 73533 1
17-07-2017-16:28:28:784 73533 74280 1
17-07-2017-16:28:28:830 74280 75027 1
17-07-2017-16:28:28:878 75027 75774 1
17-07-2017-16:28:28:924 75774 76521 1
17-07-2017-16:28:28:970 76521 77268 1
17-07-2017-16:28:29:017 77268 78015 1
17-07-2017-16:28:29:064 78015 78762 1
17-07-2017-16:28:29:110 78762 79509 1
17-07-2017-16:28:29:156 79509 80256 1
17-07-2017-16:28:29:203 80256 81003 1
17-07-2017-16:28:29:250 81003 81750 1
17-07-2017-16:28:29:302 81750 82497 1
17-07-2017-16:28:29:346 82497 83244 1
17-07-2017-16:28:29:392 83244 83991 1
17-07-2017-16:28:29:438 83991 84738 1
17-07-2017-16:28:29:486 84738 85485 1
17-07-2017-16:28:29:532 85485 86232 1
17-07-2017-16:28:29:579 86232 86979 1
17-07-2017-16:28:29:624 86979 87726 1
17-07-2017-16:28:29:672 87726 88473 1
17-07-2017-16:28:29:721 88473 89220 1
17-07-2017-16:28:29:767 89220 89967 1
17-07-2017-16:28:29:815 89967 90714 1
17-07-2017-16:28:29:860 90714 91461 1
17-07-2017-16:28:29:908 91461 92208 1
17-07-2017-16:28:29:954 92208 92955 1
17-07-2017-16:28:30:002 92955 93702 1
17-07-2017-16:28:30:048 93702 94449 1
17-07-2017-16:28:30:094 94449 95196 1
17-07-2017-16:28:30:142 95196 95943 1
17-07-2017-16:28:30:201 95943 96690 1
17-07-2017-16:28:30:234 96690 97437 1
17-07-2017-16:28:30:282 97437 98184 1
17-07-2017-16:28:30:328 98184 98931 1
17-07-2017-16:28:30:374 98931 99678 1
17-07-2017-16:28:30:420 99678 100425 1
17-07-2017-16:28:30:623 100425 101172 1
17-07-2017-16:28:30:625 101172 101919 1
17-07-2017-16:28:30:625 101919 102666 1
17-07-2017-16:28:30:625 102666 103413 1
17-07-2017-16:28:30:654 103413 104160 1
17-07-2017-16:28:30:700 104160 104907 1
17-07-2017-16:28:30:748 104907 105654 1
17-07-2017-16:28:30:794 105654 106401 1
17-07-2017-16:28:30:841 106401 107148 1
17-07-2017-16:28:30:887 107148 107895 1
17-07-2017-16:28:30:933 107895 108642 1
17-07-2017-16:28:30:981 108642 109389 1
17-07-2017-16:28:31:027 109389 110136 1
17-07-2017-16:28:31:074 110136 110883 1
17-07-2017-16:28:31:124 110883 111630 1
17-07-2017-16:28:31:168 111630 112377 1
17-07-2017-16:28:31:213 112377 113124 1
17-07-2017-16:28:31:261 113124 113871 1
17-07-2017-16:28:31:307 113871 114618 1
17-07-2017-16:28:31:353 114618 115365 1
17-07-2017-16:28:31:405 115365 116112 1
17-07-2017-16:28:31:451 116112 116859 1
17-07-2017-16:28:31:498 116859 117606 1
17-07-2017-16:28:31:544 117606 118353 1
17-07-2017-16:28:31:591 118353 119100 1
17-07-2017-16:28:31:639 119100 119847 1
17-07-2017-16:28:31:685 119847 120594 1
17-07-2017-16:28:31:731 120594 121341 1
17-07-2017-16:28:31:777 121341 122088 1
17-07-2017-16:28:31:823 122088 122835 1
17-07-2017-16:28:31:870 122835 123582 1
17-07-2017-16:28:31:917 123582 124329 1
17-07-2017-16:28:31:964 124329 125076 1
17-07-2017-16:28:32:012 125076 125823 1
17-07-2017-16:28:32:057 125823 126570 1
17-07-2017-16:28:32:105 126570 127317 1
17-07-2017-16:28:32:151 127317 128064 1
17-07-2017-16:28:32:197 128064 128811 1
17-07-2017-16:28:32:245 128811 129558 1
17-07-2017-16:28:32:290 129558 130305 1
17-07-2017-16:28:32:337 130305 131052 1
17-07-2017-16:28:32:383 131052 131799 1
17-07-2017-16:28:32:431 131799 132546 1
17-07-2017-16:28:32:477 132546 133293 1
17-07-2017-16:28:32:745 133293 134040 1
17-07-2017-16:28:32:746 134040 134787 1
17-07-2017-16:28:32:746 134787 135534 1
17-07-2017-16:28:32:746 135534 136281 1
17-07-2017-16:28:32:746 136281 137028 1
17-07-2017-16:28:32:751 137028 137775 1
17-07-2017-16:28:32:797 137775 138522 1
17-07-2017-16:28:32:844 138522 139269 1
17-07-2017-16:28:32:890 139269 140016 1
17-07-2017-16:28:32:936 140016 140763 1
17-07-2017-16:28:32:982 140763 141510 1
17-07-2017-16:28:33:031 141510 142257 1
17-07-2017-16:28:33:076 142257 143004 1
17-07-2017-16:28:33:123 143004 143751 1
17-07-2017-16:28:33:169 143751 144498 1
17-07-2017-16:28:33:215 144498 145245 1
17-07-2017-16:28:33:266 145245 145992 1
17-07-2017-16:28:33:317 145992 146739 1
17-07-2017-16:28:33:364 146739 147486 1
17-07-2017-16:28:33:409 147486 148233 1
17-07-2017-16:28:33:457 148233 148980 1
17-07-2017-16:28:33:503 148980 149727 1
17-07-2017-16:28:33:549 149727 150474 1
17-07-2017-16:28:33:597 150474 151221 1
17-07-2017-16:28:33:643 151221 151968 1
17-07-2017-16:28:33:689 151968 152715 1
17-07-2017-16:28:33:737 152715 153462 1
17-07-2017-16:28:33:783 153462 154209 1
17-07-2017-16:28:33:830 154209 154956 1
17-07-2017-16:28:33:875 154956 155703 1
17-07-2017-16:28:33:918 155703 156450 1
17-07-2017-16:28:33:965 156450 157197 1
17-07-2017-16:28:34:012 157197 157944 1
17-07-2017-16:28:34:059 157944 158691 1
17-07-2017-16:28:34:106 158691 159438 1
17-07-2017-16:28:34:152 159438 160185 1
17-07-2017-16:28:34:199 160185 160932 1
17-07-2017-16:28:34:248 160932 161679 1
17-07-2017-16:28:34:289 161679 162426 1
17-07-2017-16:28:34:404 162426 163173 1
17-07-2017-16:28:34:405 163173 163920 1
17-07-2017-16:28:34:428 163920 164667 1
17-07-2017-16:28:34:475 164667 165414 1
17-07-2017-16:28:34:526 165414 166160 1
17-07-2017-16:28:34:568 166160 166906 1
17-07-2017-16:28:34:615 166906 167652 1
17-07-2017-16:28:34:663 167652 168398 1
17-07-2017-16:28:34:708 168398 169144 1
17-07-2017-16:28:34:753 169144 169890 1
17-07-2017-16:28:34:806 169890 170636 1
17-07-2017-16:28:34:853 170636 171382 1
17-07-2017-16:28:34:898 171382 172128 1
17-07-2017-16:28:34:947 172128 172874 1
17-07-2017-16:28:34:993 172874 173620 1
17-07-2017-16:28:35:039 173620 174366 1
17-07-2017-16:28:35:086 174366 175112 1
17-07-2017-16:28:35:132 175112 175858 1
17-07-2017-16:28:35:178 175858 176604 1
17-07-2017-16:28:35:225 176604 177350 1
17-07-2017-16:28:35:273 177350 178096 1
17-07-2017-16:28:35:320 178096 178842 1
17-07-2017-16:28:35:366 178842 179588 1
17-07-2017-16:28:35:411 179588 180334 1
17-07-2017-16:28:35:458 180334 181080 1
17-07-2017-16:28:35:505 181080 181826 1
17-07-2017-16:28:35:557 181826 182534 1
17-07-2017-16:28:35:590 182534 183242 1
17-07-2017-16:28:35:637 183242 183950 1
17-07-2017-16:28:35:683 183950 184658 1
17-07-2017-16:28:35:723 184658 185366 1
17-07-2017-16:28:35:772 185366 186074 1
17-07-2017-16:28:35:820 186074 186782 1
17-07-2017-16:28:35:863 186782 187490 1
17-07-2017-16:28:35:910 187490 188198 1
17-07-2017-16:28:35:944 188198 188906 1
17-07-2017-16:28:35:991 188906 189614 1
17-07-2017-16:28:36:039 189614 190322 1
17-07-2017-16:28:36:089 190322 191030 1
17-07-2017-16:28:36:133 191030 191738 1
17-07-2017-16:28:36:173 191738 192446 1
17-07-2017-16:28:36:220 192446 193154 1
17-07-2017-16:28:36:258 193154 193862 1
17-07-2017-16:28:36:302 193862 194570 1
17-07-2017-16:28:36:350 194570 195278 1
17-07-2017-16:28:36:395 195278 195986 1
17-07-2017-16:28:36:494 195986 196694 1
17-07-2017-16:28:36:495 196694 197402 1
17-07-2017-16:28:36:523 197402 198110 1
17-07-2017-16:28:36:569 198110 198818 1
17-07-2017-16:28:36:615 198818 199526 1
17-07-2017-16:28:36:665 199526 200234 1
17-07-2017-16:28:36:697 200234 200942 1
17-07-2017-16:28:36:744 200942 201650 1
17-07-2017-16:28:36:794 201650 202358 1
17-07-2017-16:28:36:838 202358 203066 1
17-07-2017-16:28:36:873 203066 203774 1
17-07-2017-16:28:36:921 203774 204482 1
17-07-2017-16:28:36:968 204482 205190 1
17-07-2017-16:28:37:011 205190 205898 1
17-07-2017-16:28:37:060 205898 206606 1
17-07-2017-16:28:37:100 206606 207314 1
17-07-2017-16:28:37:142 207314 208022 1
17-07-2017-16:28:37:188 208022 208730 1
17-07-2017-16:28:37:233 208730 209438 1
17-07-2017-16:28:37:280 209438 210146 1
17-07-2017-16:28:37:315 210146 210854 1
17-07-2017-16:28:37:363 210854 211562 1
17-07-2017-16:28:37:410 211562 212270 1
17-07-2017-16:28:37:456 212270 212978 1
17-07-2017-16:28:37:501 212978 213686 1
17-07-2017-16:28:37:536 213686 214394 1
17-07-2017-16:28:37:583 214394 215102 1
17-07-2017-16:28:37:635 215102 215787 1
17-07-2017-16:28:37:677 215787 216472 1
17-07-2017-16:28:37:714 216472 217157 1
17-07-2017-16:28:37:759 217157 217842 1
17-07-2017-16:28:37:810 217842 218527 1
17-07-2017-16:28:37:845 218527 219212 1
17-07-2017-16:28:37:887 219212 219897 1
17-07-2017-16:28:37:935 219897 220582 1
17-07-2017-16:28:37:968 220582 221267 1
17-07-2017-16:28:38:016 221267 221952 1
17-07-2017-16:28:38:061 221952 222637 1
17-07-2017-16:28:38:097 222637 223322 1
17-07-2017-16:28:38:144 223322 224007 1
17-07-2017-16:28:38:190 224007 224692 1
17-07-2017-16:28:38:225 224692 225377 1
17-07-2017-16:28:38:271 225377 226062 1
17-07-2017-16:28:38:318 226062 226747 1
17-07-2017-16:28:38:354 226747 227432 1
17-07-2017-16:28:38:399 227432 228117 1
17-07-2017-16:28:38:445 228117 228802 1
17-07-2017-16:28:38:482 228802 229487 1
17-07-2017-16:28:38:528 229487 230172 1
17-07-2017-16:28:38:573 230172 230857 1
17-07-2017-16:28:38:609 230857 231542 1
17-07-2017-16:28:38:657 231542 232227 1
17-07-2017-16:28:38:705 232227 232912 1
17-07-2017-16:28:38:742 232912 233597 1
17-07-2017-16:28:38:789 233597 234282 1
17-07-2017-16:28:38:836 234282 234967 1
17-07-2017-16:28:38:874 234967 235652 1
17-07-2017-16:28:38:908 235652 236337 1
17-07-2017-16:28:38:956 236337 237022 1
17-07-2017-16:28:39:001 237022 237707 1
17-07-2017-16:28:39:037 237707 238392 1
17-07-2017-16:28:39:084 238392 239077 1
17-07-2017-16:28:39:130 239077 239762 1
17-07-2017-16:28:39:165 239762 240447 1
17-07-2017-16:28:39:211 240447 241132 1
17-07-2017-16:28:39:258 241132 241817 1
17-07-2017-16:28:39:292 241817 242502 1
17-07-2017-16:28:39:341 242502 243187 1
17-07-2017-16:28:39:386 243187 243872 1
17-07-2017-16:28:39:422 243872 244557 1
17-07-2017-16:28:39:468 244557 245242 1
17-07-2017-16:28:39:518 245242 245927 1
17-07-2017-16:28:39:549 245927 246612 1
17-07-2017-16:28:40:038 246612 247297 1
17-07-2017-16:28:40:040 247297 247982 1
17-07-2017-16:28:40:040 247982 248667 1
17-07-2017-16:28:40:042 248667 249352 1
17-07-2017-16:28:40:042 249352 250037 1
17-07-2017-16:28:40:042 250037 250722 1
17-07-2017-16:28:40:042 250722 251407 1
17-07-2017-16:28:40:042 251407 252092 1
17-07-2017-16:28:40:042 252092 252777 1
17-07-2017-16:28:40:042 252777 253462 1
17-07-2017-16:28:40:042 253462 254147 1
17-07-2017-16:28:40:068 254147 254832 1
17-07-2017-16:28:40:115 254832 255517 1
17-07-2017-16:28:40:150 255517 256202 1
17-07-2017-16:28:40:197 256202 256887 1
17-07-2017-16:28:40:246 256887 257572 1
17-07-2017-16:28:40:283 257572 258257 1
17-07-2017-16:28:40:330 258257 258942 1
17-07-2017-16:28:40:364 258942 259627 1
17-07-2017-16:28:40:411 259627 260312 1
17-07-2017-16:28:40:459 260312 260997 1
17-07-2017-16:28:40:496 260997 261682 1
17-07-2017-16:28:40:540 261682 262367 1
17-07-2017-16:28:40:585 262367 263052 1
17-07-2017-16:28:40:621 263052 263737 1
17-07-2017-16:28:40:667 263737 264422 1
17-07-2017-16:28:40:715 264422 265107 1
17-07-2017-16:28:40:749 265107 265792 1
17-07-2017-16:28:40:796 265792 266477 1
17-07-2017-16:28:40:842 266477 267162 1
17-07-2017-16:28:40:886 267162 267847 1
17-07-2017-16:28:40:922 267847 268532 1
17-07-2017-16:28:40:968 268532 269217 1
17-07-2017-16:28:41:015 269217 269902 1
17-07-2017-16:28:41:049 269902 270587 1
17-07-2017-16:28:41:097 270587 271272 1
17-07-2017-16:28:41:142 271272 271957 1
17-07-2017-16:28:41:177 271957 272642 1
17-07-2017-16:28:41:225 272642 273327 1
17-07-2017-16:28:41:272 273327 274012 1
17-07-2017-16:28:41:307 274012 274697 1
17-07-2017-16:28:41:353 274697 275382 1
17-07-2017-16:28:41:399 275382 276067 1
17-07-2017-16:28:41:435 276067 276752 1
17-07-2017-16:28:41:484 276752 277437 1
17-07-2017-16:28:41:521 277437 278122 1
17-07-2017-16:28:41:567 278122 278807 1
17-07-2017-16:28:41:612 278807 279492 1
17-07-2017-16:28:41:648 279492 280177 1
17-07-2017-16:28:41:694 280177 280862 1
17-07-2017-16:28:41:742 280862 281547 1
17-07-2017-16:28:41:775 281547 282232 1
17-07-2017-16:28:41:823 282232 282917 1
17-07-2017-16:28:41:865 282917 283602 1
17-07-2017-16:28:41:913 283602 284287 1
17-07-2017-16:28:41:946 284287 284972 1
17-07-2017-16:28:41:994 284972 285657 1
17-07-2017-16:28:42:040 285657 286342 1
17-07-2017-16:28:42:077 286342 287027 1
17-07-2017-16:28:42:123 287027 287712 1
17-07-2017-16:28:42:168 287712 288397 1
17-07-2017-16:28:42:215 288397 289082 1
17-07-2017-16:28:42:250 289082 289767 1
17-07-2017-16:28:42:298 289767 290452 1
17-07-2017-16:28:42:349 290452 291137 1
17-07-2017-16:28:42:379 291137 291822 1
17-07-2017-16:28:42:426 291822 292507 1
17-07-2017-16:28:42:472 292507 293192 1
17-07-2017-16:28:42:508 293192 293877 1
17-07-2017-16:28:42:554 293877 294562 1
17-07-2017-16:28:42:601 294562 295247 1
17-07-2017-16:28:42:635 295247 295932 1
17-07-2017-16:28:42:682 295932 296617 1
17-07-2017-16:28:42:728 296617 297302 1
17-07-2017-16:28:43:072 297302 297987 1
17-07-2017-16:28:43:075 297987 298672 1
17-07-2017-16:28:43:075 298672 299357 1
17-07-2017-16:28:43:075 299357 300042 1
17-07-2017-16:28:43:075 300042 300727 1
17-07-2017-16:28:43:075 300727 301412 1
17-07-2017-16:28:43:075 301412 302097 1
17-07-2017-16:28:43:075 302097 302782 1
17-07-2017-16:28:43:108 302782 303467 1
17-07-2017-16:28:43:159 303467 304152 1
17-07-2017-16:28:43:193 304152 304837 1
17-07-2017-16:28:43:241 304837 305522 1
17-07-2017-16:28:43:275 305522 306207 1
17-07-2017-16:28:43:321 306207 306892 1
17-07-2017-16:28:43:368 306892 307577 1
17-07-2017-16:28:43:403 307577 308262 1
17-07-2017-16:28:43:450 308262 308947 1
17-07-2017-16:28:43:496 308947 309632 1
17-07-2017-16:28:43:530 309632 310317 1
17-07-2017-16:28:43:577 310317 311002 1
17-07-2017-16:28:43:625 311002 311687 1
17-07-2017-16:28:43:660 311687 312372 1
17-07-2017-16:28:43:712 312372 313000 1
17-07-2017-16:28:43:750 313000 313628 1
17-07-2017-16:28:43:784 313628 314256 1
17-07-2017-16:28:43:819 314256 314884 1
17-07-2017-16:28:43:866 314884 315512 1
17-07-2017-16:28:43:902 315512 316140 1
17-07-2017-16:28:43:937 316140 316768 1
17-07-2017-16:28:43:982 316768 317396 1
17-07-2017-16:28:44:017 317396 318024 1
17-07-2017-16:28:44:054 318024 318652 1
17-07-2017-16:28:44:100 318652 319280 1
17-07-2017-16:28:44:134 319280 319908 1
17-07-2017-16:28:44:181 319908 320536 1
17-07-2017-16:28:44:218 320536 321164 1
17-07-2017-16:28:44:251 321164 321792 1
17-07-2017-16:28:44:298 321792 322420 1
17-07-2017-16:28:44:333 322420 323048 1
17-07-2017-16:28:44:368 323048 323676 1
17-07-2017-16:28:44:414 323676 324304 1
17-07-2017-16:28:44:449 324304 324932 1
17-07-2017-16:28:44:483 324932 325560 1
17-07-2017-16:28:44:531 325560 326188 1
17-07-2017-16:28:44:566 326188 326816 1
17-07-2017-16:28:44:617 326816 327444 1
17-07-2017-16:28:44:643 327444 328072 1
17-07-2017-16:28:44:691 328072 328700 1
17-07-2017-16:28:44:728 328700 329328 1
17-07-2017-16:28:44:763 329328 329956 1
17-07-2017-16:28:44:799 329956 330584 1
17-07-2017-16:28:44:845 330584 331212 1
17-07-2017-16:28:44:881 331212 331840 1
17-07-2017-16:28:44:928 331840 332468 1
17-07-2017-16:28:44:962 332468 333096 1
17-07-2017-16:28:44:998 333096 333724 1
17-07-2017-16:28:45:043 333724 334352 1
17-07-2017-16:28:45:079 334352 334980 1
17-07-2017-16:28:45:114 334980 335608 1
17-07-2017-16:28:45:160 335608 336236 1
17-07-2017-16:28:45:195 336236 336864 1
17-07-2017-16:28:45:231 336864 337492 1
17-07-2017-16:28:45:276 337492 338120 1
17-07-2017-16:28:45:312 338120 338748 1
17-07-2017-16:28:45:358 338748 339376 1
17-07-2017-16:28:45:393 339376 340004 1
17-07-2017-16:28:45:433 340004 340632 1
17-07-2017-16:28:45:474 340632 341260 1
17-07-2017-16:28:45:507 341260 341888 1
17-07-2017-16:28:45:555 341888 342516 1
17-07-2017-16:28:45:591 342516 343144 1
17-07-2017-16:28:45:624 343144 343772 1
17-07-2017-16:28:45:672 343772 344400 1
17-07-2017-16:28:45:706 344400 345028 1
17-07-2017-16:28:45:741 345028 345656 1
17-07-2017-16:28:45:787 345656 346284 1
17-07-2017-16:28:45:823 346284 346912 1
17-07-2017-16:28:45:859 346912 347540 1
17-07-2017-16:28:46:253 347540 348168 1
17-07-2017-16:28:46:254 348168 348796 1
17-07-2017-16:28:46:254 348796 349424 1
17-07-2017-16:28:46:254 349424 350052 1
17-07-2017-16:28:46:254 350052 350680 1
17-07-2017-16:28:46:254 350680 351308 1
17-07-2017-16:28:46:254 351308 351936 1
17-07-2017-16:28:46:254 351936 352564 1
17-07-2017-16:28:46:255 352564 353192 1
17-07-2017-16:28:46:259 353192 353820 1
17-07-2017-16:28:46:294 353820 354448 1
17-07-2017-16:28:46:328 354448 355076 1
17-07-2017-16:28:46:375 355076 355704 1
17-07-2017-16:28:46:410 355704 356332 1
17-07-2017-16:28:46:457 356332 356960 1
17-07-2017-16:28:46:491 356960 357588 1
17-07-2017-16:28:46:528 357588 358216 1
17-07-2017-16:28:46:574 358216 358844 1
17-07-2017-16:28:46:608 358844 359472 1
17-07-2017-16:28:46:643 359472 360100 1
17-07-2017-16:28:46:685 360100 360728 1
17-07-2017-16:28:46:731 360728 361356 1
17-07-2017-16:28:46:765 361356 361984 1
17-07-2017-16:28:46:812 361984 362612 1
17-07-2017-16:28:46:845 362612 363240 1
17-07-2017-16:28:46:880 363240 363868 1
17-07-2017-16:28:46:926 363868 364496 1
17-07-2017-16:28:46:962 364496 365124 1
17-07-2017-16:28:46:998 365124 365752 1
17-07-2017-16:28:47:044 365752 366380 1
17-07-2017-16:28:47:078 366380 367008 1
17-07-2017-16:28:47:113 367008 367636 1
17-07-2017-16:28:47:161 367636 368264 1
17-07-2017-16:28:47:198 368264 368892 1
17-07-2017-16:28:47:243 368892 369520 1
17-07-2017-16:28:47:276 369520 370148 1
17-07-2017-16:28:47:312 370148 370776 1
17-07-2017-16:28:47:358 370776 371404 1
17-07-2017-16:28:47:393 371404 372032 1
17-07-2017-16:28:47:428 372032 372660 1
17-07-2017-16:28:47:475 372660 373288 1
17-07-2017-16:28:47:510 373288 373916 1
17-07-2017-16:28:47:544 373916 374544 1
17-07-2017-16:28:47:587 374544 375172 1
17-07-2017-16:28:47:625 375172 375800 1
17-07-2017-16:28:47:673 375800 376428 1
17-07-2017-16:28:47:707 376428 377056 1
17-07-2017-16:28:47:742 377056 377684 1
17-07-2017-16:28:47:788 377684 378312 1
17-07-2017-16:28:47:823 378312 378940 1
17-07-2017-16:28:47:870 378940 379568 1
17-07-2017-16:28:47:906 379568 380196 1
17-07-2017-16:28:47:941 380196 380824 1
17-07-2017-16:28:47:986 380824 381452 1
17-07-2017-16:28:48:022 381452 382080 1
17-07-2017-16:28:48:058 382080 382708 1
17-07-2017-16:28:48:104 382708 383336 1
17-07-2017-16:28:48:137 383336 383964 1
17-07-2017-16:28:48:174 383964 384592 1
17-07-2017-16:28:48:221 384592 385220 1
17-07-2017-16:28:48:256 385220 385848 1
17-07-2017-16:28:48:301 385848 386476 1
17-07-2017-16:28:48:336 386476 387104 1
17-07-2017-16:28:48:373 387104 387732 1
17-07-2017-16:28:48:419 387732 388360 1
17-07-2017-16:28:48:453 388360 388988 1
17-07-2017-16:28:48:492 388988 389616 1
17-07-2017-16:28:48:530 389616 390244 1
17-07-2017-16:28:48:567 390244 390872 1
17-07-2017-16:28:48:613 390872 391500 1
17-07-2017-16:28:48:647 391500 392128 1
17-07-2017-16:28:48:695 392128 392756 1
17-07-2017-16:28:48:730 392756 393384 1
17-07-2017-16:28:48:764 393384 394012 1
17-07-2017-16:28:48:811 394012 394640 1
17-07-2017-16:28:48:846 394640 395268 1
17-07-2017-16:28:48:882 395268 395896 1
17-07-2017-16:28:48:928 395896 396524 1
17-07-2017-16:28:48:963 396524 397152 1
17-07-2017-16:28:48:999 397152 397780 1
17-07-2017-16:28:49:166 397780 398408 1
17-07-2017-16:28:49:168 398408 399036 1
17-07-2017-16:28:49:168 399036 399664 1
17-07-2017-16:28:49:168 399664 400292 1
17-07-2017-16:28:49:197 400292 400920 1
17-07-2017-16:28:49:238 400920 401548 1
17-07-2017-16:28:49:283 401548 402176 1
17-07-2017-16:28:49:318 402176 402804 1
17-07-2017-16:28:49:353 402804 403432 1
17-07-2017-16:28:49:399 403432 404060 1
17-07-2017-16:28:49:435 404060 404688 1
17-07-2017-16:28:49:469 404688 405316 1
17-07-2017-16:28:49:517 405316 405944 1
17-07-2017-16:28:49:551 405944 406572 1
17-07-2017-16:28:49:585 406572 407200 1
17-07-2017-16:28:49:633 407200 407828 1
17-07-2017-16:28:49:667 407828 408456 1
17-07-2017-16:28:49:715 408456 409084 1
17-07-2017-16:28:49:750 409084 409712 1
17-07-2017-16:28:49:784 409712 410340 1
17-07-2017-16:28:49:830 410340 410968 1
17-07-2017-16:28:49:866 410968 411596 1
17-07-2017-16:28:49:901 411596 412224 1
17-07-2017-16:28:49:947 412224 412852 1
17-07-2017-16:28:49:981 412852 413480 1
17-07-2017-16:28:50:030 413480 414108 1
17-07-2017-16:28:50:063 414108 414736 1
17-07-2017-16:28:50:107 414736 415364 1
17-07-2017-16:28:50:142 415364 415992 1
17-07-2017-16:28:50:176 415992 416620 1
17-07-2017-16:28:50:224 416620 417248 1
17-07-2017-16:28:50:258 417248 417876 1
17-07-2017-16:28:50:293 417876 418504 1
17-07-2017-16:28:50:340 418504 419132 1
17-07-2017-16:28:50:374 419132 419760 1
17-07-2017-16:28:50:422 419760 420388 1
17-07-2017-16:28:50:457 420388 421016 1
17-07-2017-16:28:50:491 421016 421644 1
17-07-2017-16:28:50:538 421644 422272 1
17-07-2017-16:28:50:572 422272 422900 1
17-07-2017-16:28:50:608 422900 423528 1
17-07-2017-16:28:50:654 423528 424156 1
17-07-2017-16:28:50:688 424156 424784 1
17-07-2017-16:28:50:724 424784 425412 1
17-07-2017-16:28:50:772 425412 426040 1
17-07-2017-16:28:50:805 426040 426668 1
17-07-2017-16:28:50:852 426668 427296 1
17-07-2017-16:28:50:888 427296 427924 1
17-07-2017-16:28:50:923 427924 428552 1
17-07-2017-16:28:50:970 428552 429180 1
17-07-2017-16:28:51:005 429180 429808 1
17-07-2017-16:28:51:040 429808 430436 1
17-07-2017-16:28:51:087 430436 431064 1
17-07-2017-16:28:51:121 431064 431692 1
17-07-2017-16:28:51:157 431692 432320 1
17-07-2017-16:28:51:204 432320 432948 1
17-07-2017-16:28:51:238 432948 433576 1
17-07-2017-16:28:51:285 433576 434204 1
17-07-2017-16:28:51:318 434204 434832 1
17-07-2017-16:28:51:354 434832 435460 1
17-07-2017-16:28:51:400 435460 436088 1
17-07-2017-16:28:51:436 436088 436716 1
17-07-2017-16:28:51:470 436716 437344 1
17-07-2017-16:28:51:515 437344 437972 1
17-07-2017-16:28:51:551 437972 438600 1
17-07-2017-16:28:51:597 438600 439228 1
17-07-2017-16:28:51:632 439228 439856 1
17-07-2017-16:28:51:666 439856 440484 1
17-07-2017-16:28:51:713 440484 441112 1
17-07-2017-16:28:51:749 441112 441740 1
17-07-2017-16:28:51:796 441740 442368 1
17-07-2017-16:28:51:832 442368 442996 1
17-07-2017-16:28:51:865 442996 443624 1
17-07-2017-16:28:51:911 443624 444252 1
17-07-2017-16:28:51:949 444252 444880 1
17-07-2017-16:28:51:982 444880 445508 1
17-07-2017-16:28:52:025 445508 446136 1
17-07-2017-16:28:52:065 446136 446764 1
17-07-2017-16:28:52:100 446764 447392 1
17-07-2017-16:28:52:147 447392 448020 1
17-07-2017-16:28:52:362 448020 448648 1
17-07-2017-16:28:52:364 448648 449276 1
17-07-2017-16:28:52:364 449276 449904 1
17-07-2017-16:28:52:364 449904 450532 1
17-07-2017-16:28:52:364 450532 451160 1
17-07-2017-16:28:52:385 451160 451788 1
17-07-2017-16:28:52:424 451788 452416 1
17-07-2017-16:28:52:457 452416 453044 1
17-07-2017-16:28:52:502 453044 453672 1
17-07-2017-16:28:52:539 453672 454300 1
17-07-2017-16:28:52:572 454300 454928 1
17-07-2017-16:28:52:619 454928 455556 1
17-07-2017-16:28:52:654 455556 456184 1
17-07-2017-16:28:52:688 456184 456812 1
17-07-2017-16:28:52:733 456812 457440 1
17-07-2017-16:28:52:770 457440 458068 1
17-07-2017-16:28:52:816 458068 458696 1
17-07-2017-16:28:52:851 458696 459324 1
17-07-2017-16:28:52:888 459324 459952 1
17-07-2017-16:28:52:933 459952 460580 1
17-07-2017-16:28:52:967 460580 461208 1
17-07-2017-16:28:53:002 461208 461836 1
17-07-2017-16:28:53:049 461836 462464 1
17-07-2017-16:28:53:085 462464 463092 1
17-07-2017-16:28:53:119 463092 463720 1
17-07-2017-16:28:53:166 463720 464348 1
17-07-2017-16:28:53:202 464348 464976 1
17-07-2017-16:28:53:246 464976 465604 1
17-07-2017-16:28:53:283 465604 466232 1
17-07-2017-16:28:53:317 466232 466860 1
17-07-2017-16:28:53:364 466860 467488 1
17-07-2017-16:28:53:398 467488 468116 1
17-07-2017-16:28:53:439 468116 468744 1
17-07-2017-16:28:53:476 468744 469372 1
17-07-2017-16:28:53:511 469372 470000 1
17-07-2017-16:28:53:558 470000 470628 1
17-07-2017-16:28:53:592 470628 471256 1
17-07-2017-16:28:53:640 471256 471884 1
17-07-2017-16:28:53:675 471884 472512 1
17-07-2017-16:28:53:710 472512 473140 1
17-07-2017-16:28:53:758 473140 473768 1
17-07-2017-16:28:53:793 473768 474396 1
17-07-2017-16:28:53:827 474396 475024 1
17-07-2017-16:28:53:874 475024 475652 1
17-07-2017-16:28:53:909 475652 476280 1
17-07-2017-16:28:53:944 476280 476908 1
17-07-2017-16:28:53:989 476908 477536 1
17-07-2017-16:28:54:026 477536 478164 1
17-07-2017-16:28:54:073 478164 478792 1
17-07-2017-16:28:54:106 478792 479420 1
17-07-2017-16:28:54:142 479420 480048 1
17-07-2017-16:28:54:189 480048 480676 1
17-07-2017-16:28:54:223 480676 481304 1
17-07-2017-16:28:54:260 481304 481932 1
17-07-2017-16:28:54:304 481932 482560 1
17-07-2017-16:28:54:344 482560 483188 1
17-07-2017-16:28:54:375 483188 483816 1
17-07-2017-16:28:54:422 483816 484444 1
17-07-2017-16:28:54:457 484444 485072 1
17-07-2017-16:28:54:504 485072 485700 1
17-07-2017-16:28:54:539 485700 486328 1
17-07-2017-16:28:54:573 486328 486956 1
17-07-2017-16:28:54:621 486956 487584 1
17-07-2017-16:28:54:655 487584 488212 1
17-07-2017-16:28:54:690 488212 488840 1
17-07-2017-16:28:54:736 488840 489468 1
17-07-2017-16:28:54:772 489468 490096 1
17-07-2017-16:28:54:806 490096 490724 1
17-07-2017-16:28:54:853 490724 491352 1
17-07-2017-16:28:54:889 491352 491980 1
17-07-2017-16:28:54:934 491980 492608 1
17-07-2017-16:28:54:971 492608 493236 1
17-07-2017-16:28:55:006 493236 493864 1
17-07-2017-16:28:55:052 493864 494492 1
17-07-2017-16:28:55:087 494492 495120 1
17-07-2017-16:28:55:121 495120 495748 1
17-07-2017-16:28:55:170 495748 496376 1
17-07-2017-16:28:55:204 496376 497004 1
17-07-2017-16:28:55:238 497004 497632 1
17-07-2017-16:28:55:285 497632 498260 1
17-07-2017-16:28:55:679 498260 498888 1
17-07-2017-16:28:55:680 498888 499516 1
17-07-2017-16:28:55:680 499516 500144 1
17-07-2017-16:28:55:681 500144 500772 1
17-07-2017-16:28:55:681 500772 501400 1
17-07-2017-16:28:55:681 501400 502028 1
17-07-2017-16:28:55:681 502028 502656 1
17-07-2017-16:28:55:681 502656 503284 1
17-07-2017-16:28:55:681 503284 503912 1
17-07-2017-16:28:55:681 503912 504540 1
17-07-2017-16:28:55:715 504540 505168 1
17-07-2017-16:28:55:752 505168 505796 1
17-07-2017-16:28:55:804 505796 506424 1
17-07-2017-16:28:55:833 506424 507052 1
17-07-2017-16:28:55:867 507052 507680 1
17-07-2017-16:28:55:914 507680 508308 1
17-07-2017-16:28:55:951 508308 508936 1
17-07-2017-16:28:55:993 508936 509564 1
17-07-2017-16:28:56:031 509564 510192 1
17-07-2017-16:28:56:066 510192 510820 1
17-07-2017-16:28:56:102 510820 511448 1
17-07-2017-16:28:56:147 511448 512076 1
17-07-2017-16:28:56:182 512076 512704 1
17-07-2017-16:28:56:229 512704 513332 1
17-07-2017-16:28:56:266 513332 513960 1
17-07-2017-16:28:56:300 513960 514588 1
17-07-2017-16:28:56:346 514588 515216 1
17-07-2017-16:28:56:382 515216 515844 1
17-07-2017-16:28:56:416 515844 516472 1
17-07-2017-16:28:56:464 516472 517100 1
17-07-2017-16:28:56:498 517100 517728 1
17-07-2017-16:28:56:533 517728 518356 1
17-07-2017-16:28:56:575 518356 518984 1
17-07-2017-16:28:56:622 518984 519612 1
17-07-2017-16:28:56:657 519612 520240 1
17-07-2017-16:28:56:691 520240 520868 1
17-07-2017-16:28:56:738 520868 521496 1
17-07-2017-16:28:56:774 521496 522124 1
17-07-2017-16:28:56:810 522124 522752 1
17-07-2017-16:28:56:855 522752 523380 1
17-07-2017-16:28:56:890 523380 524008 1
17-07-2017-16:28:56:930 524008 524636 1
17-07-2017-16:28:56:968 524636 525264 1
17-07-2017-16:28:57:013 525264 525892 1
17-07-2017-16:28:57:050 525892 526520 1
17-07-2017-16:28:57:084 526520 527148 1
17-07-2017-16:28:57:131 527148 527776 1
17-07-2017-16:28:57:167 527776 528404 1
17-07-2017-16:28:57:200 528404 529032 1
17-07-2017-16:28:57:248 529032 529660 1
17-07-2017-16:28:57:282 529660 530288 1
17-07-2017-16:28:57:329 530288 530916 1
17-07-2017-16:28:57:363 530916 531544 1
17-07-2017-16:28:57:400 531544 532172 1
17-07-2017-16:28:57:445 532172 532800 1
17-07-2017-16:28:57:481 532800 533428 1
17-07-2017-16:28:57:516 533428 534056 1
17-07-2017-16:28:57:563 534056 534684 1
17-07-2017-16:28:57:597 534684 535312 1
17-07-2017-16:28:57:633 535312 535940 1
17-07-2017-16:28:57:679 535940 536568 1
17-07-2017-16:28:57:718 536568 537196 1
17-07-2017-16:28:57:761 537196 537824 1
17-07-2017-16:28:57:796 537824 538452 1
17-07-2017-16:28:57:835 538452 539080 1
17-07-2017-16:28:57:870 539080 539708 1
17-07-2017-16:28:57:916 539708 540336 1
17-07-2017-16:28:57:952 540336 540964 1
17-07-2017-16:28:57:988 540964 541592 1
17-07-2017-16:28:58:033 541592 542220 1
17-07-2017-16:28:58:069 542220 542848 1
17-07-2017-16:28:58:103 542848 543476 1
17-07-2017-16:28:58:150 543476 544104 1
17-07-2017-16:28:58:184 544104 544732 1
17-07-2017-16:28:58:224 544732 545360 1
17-07-2017-16:28:58:270 545360 545988 1
17-07-2017-16:28:58:304 545988 546616 1
17-07-2017-16:28:58:339 546616 547244 1
17-07-2017-16:28:58:380 547244 547872 1
17-07-2017-16:28:58:424 547872 548500 1
17-07-2017-16:28:58:837 548500 549128 1
17-07-2017-16:28:58:839 549128 549756 1
17-07-2017-16:28:58:839 549756 550384 1
17-07-2017-16:28:58:839 550384 551012 1
17-07-2017-16:28:58:840 551012 551640 1
17-07-2017-16:28:58:840 551640 552268 1
17-07-2017-16:28:58:840 552268 552896 1
17-07-2017-16:28:58:840 552896 553524 1
17-07-2017-16:28:58:840 553524 554152 1
17-07-2017-16:28:58:840 554152 554780 1
17-07-2017-16:28:58:858 554780 555408 1
17-07-2017-16:28:58:890 555408 556036 1
17-07-2017-16:28:58:944 556036 556664 1
17-07-2017-16:28:58:972 556664 557292 1
17-07-2017-16:28:59:006 557292 557920 1
17-07-2017-16:28:59:053 557920 558548 1
17-07-2017-16:28:59:089 558548 559176 1
17-07-2017-16:28:59:135 559176 559804 1
17-07-2017-16:28:59:169 559804 560432 1
17-07-2017-16:28:59:205 560432 561060 1
17-07-2017-16:28:59:251 561060 561688 1
17-07-2017-16:28:59:285 561688 562316 1
17-07-2017-16:28:59:330 562316 562944 1
17-07-2017-16:28:59:364 562944 563572 1
17-07-2017-16:28:59:399 563572 564200 1
17-07-2017-16:28:59:446 564200 564828 1
17-07-2017-16:28:59:481 564828 565456 1
17-07-2017-16:28:59:527 565456 566084 1
17-07-2017-16:28:59:562 566084 566712 1
17-07-2017-16:28:59:598 566712 567340 1
17-07-2017-16:28:59:643 567340 567968 1
17-07-2017-16:28:59:680 567968 568596 1
17-07-2017-16:28:59:716 568596 569224 1
17-07-2017-16:28:59:752 569224 569852 1
17-07-2017-16:28:59:799 569852 570480 1
17-07-2017-16:28:59:833 570480 571108 1
17-07-2017-16:28:59:882 571108 571736 1
17-07-2017-16:28:59:916 571736 572364 1
17-07-2017-16:28:59:950 572364 572992 1
17-07-2017-16:28:59:996 572992 573620 1
17-07-2017-16:29:00:032 573620 574248 1
17-07-2017-16:29:00:066 574248 574876 1
17-07-2017-16:29:00:109 574876 575504 1
17-07-2017-16:29:00:145 575504 576132 1
17-07-2017-16:29:00:190 576132 576760 1
17-07-2017-16:29:00:227 576760 577388 1
17-07-2017-16:29:00:272 577388 578016 1
17-07-2017-16:29:00:308 578016 578644 1
17-07-2017-16:29:00:342 578644 579272 1
17-07-2017-16:29:00:389 579272 579900 1
17-07-2017-16:29:00:425 579900 580528 1
17-07-2017-16:29:00:459 580528 581156 1
17-07-2017-16:29:00:507 581156 581784 1
17-07-2017-16:29:00:540 581784 582412 1
17-07-2017-16:29:00:578 582412 583040 1
17-07-2017-16:29:00:623 583040 583668 1
17-07-2017-16:29:00:658 583668 584296 1
17-07-2017-16:29:00:704 584296 584924 1
17-07-2017-16:29:00:740 584924 585552 1
17-07-2017-16:29:00:774 585552 586180 1
17-07-2017-16:29:00:820 586180 586808 1
17-07-2017-16:29:00:855 586808 587436 1
17-07-2017-16:29:00:892 587436 588064 1
17-07-2017-16:29:00:939 588064 588692 1
17-07-2017-16:29:00:973 588692 589320 1
17-07-2017-16:29:01:018 589320 589948 1
17-07-2017-16:29:01:054 589948 590576 1
17-07-2017-16:29:01:089 590576 591204 1
17-07-2017-16:29:01:136 591204 591832 1
17-07-2017-16:29:01:171 591832 592460 1
17-07-2017-16:29:01:206 592460 593088 1
17-07-2017-16:29:01:253 593088 593716 1
17-07-2017-16:29:01:287 593716 594344 1
17-07-2017-16:29:01:322 594344 594972 1
17-07-2017-16:29:01:369 594972 595600 1
17-07-2017-16:29:01:404 595600 596228 1
17-07-2017-16:29:01:453 596228 596856 1
17-07-2017-16:29:01:487 596856 597484 1
17-07-2017-16:29:01:521 597484 598112 1
17-07-2017-16:29:01:568 598112 598740 1
17-07-2017-16:29:01:985 598740 599368 1
17-07-2017-16:29:01:987 599368 599996 1
17-07-2017-16:29:01:987 599996 600624 1
17-07-2017-16:29:01:988 600624 601252 1
17-07-2017-16:29:01:988 601252 601880 1
17-07-2017-16:29:01:988 601880 602508 1
17-07-2017-16:29:01:988 602508 603136 1
17-07-2017-16:29:01:988 603136 603764 1
17-07-2017-16:29:01:988 603764 604392 1
17-07-2017-16:29:01:988 604392 605020 1
17-07-2017-16:29:01:998 605020 605648 1
17-07-2017-16:29:02:033 605648 606276 1
17-07-2017-16:29:02:071 606276 606904 1
17-07-2017-16:29:02:116 606904 607532 1
17-07-2017-16:29:02:151 607532 608160 1
17-07-2017-16:29:02:185 608160 608788 1
17-07-2017-16:29:02:232 608788 609416 1
17-07-2017-16:29:02:267 609416 610044 1
17-07-2017-16:29:02:314 610044 610672 1
17-07-2017-16:29:02:349 610672 611300 1
17-07-2017-16:29:02:385 611300 611928 1
17-07-2017-16:29:02:430 611928 612556 1
17-07-2017-16:29:02:466 612556 613184 1
17-07-2017-16:29:02:501 613184 613812 1
17-07-2017-16:29:02:548 613812 614440 1
17-07-2017-16:29:02:583 614440 615068 1
17-07-2017-16:29:02:618 615068 615696 1
17-07-2017-16:29:02:665 615696 616324 1
17-07-2017-16:29:02:701 616324 616952 1
17-07-2017-16:29:02:750 616952 617580 1
17-07-2017-16:29:02:780 617580 618208 1
17-07-2017-16:29:02:817 618208 618836 1
17-07-2017-16:29:02:862 618836 619464 1
17-07-2017-16:29:02:898 619464 620092 1
17-07-2017-16:29:02:933 620092 620720 1
17-07-2017-16:29:02:978 620720 621348 1
17-07-2017-16:29:03:014 621348 621976 1
17-07-2017-16:29:03:048 621976 622604 1
17-07-2017-16:29:03:096 622604 623232 1
17-07-2017-16:29:03:131 623232 623860 1
17-07-2017-16:29:03:177 623860 624488 1
17-07-2017-16:29:03:212 624488 625116 1
17-07-2017-16:29:03:252 625116 625744 1
17-07-2017-16:29:03:299 625744 626372 1
17-07-2017-16:29:03:328 626372 627000 1
17-07-2017-16:29:03:374 627000 627628 1
17-07-2017-16:29:03:403 627628 628256 1
17-07-2017-16:29:03:450 628256 628884 1
17-07-2017-16:29:03:495 628884 629512 1
17-07-2017-16:29:03:528 629512 630140 1
