17-07-2017-14:07:03:240 0 694 1
17-07-2017-14:07:03:283 694 1388 1
17-07-2017-14:07:03:331 1388 2082 1
17-07-2017-14:07:03:370 2082 2776 1
17-07-2017-14:07:03:415 2776 3470 1
17-07-2017-14:07:03:454 3470 4164 1
17-07-2017-14:07:03:506 4164 4858 1
17-07-2017-14:07:03:541 4858 5552 1
17-07-2017-14:07:03:588 5552 6246 1
17-07-2017-14:07:03:624 6246 6940 1
17-07-2017-14:07:03:671 6940 7634 1
17-07-2017-14:07:03:716 7634 8328 1
17-07-2017-14:07:03:764 8328 9022 1
17-07-2017-14:07:03:799 9022 9716 1
17-07-2017-14:07:03:850 9716 10410 1
17-07-2017-14:07:03:885 10410 11104 1
17-07-2017-14:07:03:931 11104 11798 1
17-07-2017-14:07:03:978 11798 12492 1
17-07-2017-14:07:04:017 12492 13186 1
17-07-2017-14:07:04:057 13186 13880 1
17-07-2017-14:07:04:104 13880 14574 1
17-07-2017-14:07:04:150 14574 15268 1
17-07-2017-14:07:04:197 15268 15962 1
17-07-2017-14:07:04:231 15962 16656 1
17-07-2017-14:07:04:278 16656 17350 1
17-07-2017-14:07:04:326 17350 18044 1
17-07-2017-14:07:04:359 18044 18738 1
17-07-2017-14:07:04:411 18738 19432 1
17-07-2017-14:07:04:451 19432 20126 1
17-07-2017-14:07:04:496 20126 20820 1
17-07-2017-14:07:04:544 20820 21514 1
17-07-2017-14:07:04:580 21514 22208 1
17-07-2017-14:07:04:625 22208 22902 1
17-07-2017-14:07:04:673 22902 23596 1
17-07-2017-14:07:04:709 23596 24290 1
17-07-2017-14:07:04:758 24290 24984 1
17-07-2017-14:07:04:794 24984 25678 1
17-07-2017-14:07:04:842 25678 26372 1
17-07-2017-14:07:04:887 26372 27066 1
17-07-2017-14:07:04:933 27066 27760 1
17-07-2017-14:07:04:968 27760 28454 1
17-07-2017-14:07:05:016 28454 29148 1
17-07-2017-14:07:05:062 29148 29842 1
17-07-2017-14:07:05:097 29842 30536 1
17-07-2017-14:07:05:141 30536 31230 1
17-07-2017-14:07:05:187 31230 31924 1
17-07-2017-14:07:05:234 31924 32618 1
17-07-2017-14:07:05:280 32618 33312 1
17-07-2017-14:07:05:315 33312 34006 1
17-07-2017-14:07:05:362 34006 34700 1
17-07-2017-14:07:05:409 34700 35394 1
17-07-2017-14:07:05:445 35394 36088 1
17-07-2017-14:07:05:495 36088 36782 1
17-07-2017-14:07:05:540 36782 37476 1
17-07-2017-14:07:05:576 37476 38170 1
17-07-2017-14:07:05:624 38170 38864 1
17-07-2017-14:07:05:669 38864 39558 1
17-07-2017-14:07:05:705 39558 40252 1
17-07-2017-14:07:05:754 40252 40946 1
17-07-2017-14:07:05:802 40946 41640 1
17-07-2017-14:07:05:838 41640 42334 1
17-07-2017-14:07:05:883 42334 43028 1
17-07-2017-14:07:05:927 43028 43722 1
17-07-2017-14:07:05:973 43722 44416 1
17-07-2017-14:07:06:018 44416 45110 1
17-07-2017-14:07:06:054 45110 45804 1
17-07-2017-14:07:06:102 45804 46498 1
17-07-2017-14:07:06:147 46498 47192 1
17-07-2017-14:07:06:183 47192 47886 1
17-07-2017-14:07:06:229 47886 48580 1
17-07-2017-14:07:06:272 48580 49274 1
17-07-2017-14:07:06:312 49274 49968 1
17-07-2017-14:07:06:434 49968 50662 1
17-07-2017-14:07:06:435 50662 51356 1
17-07-2017-14:07:06:452 51356 52050 1
17-07-2017-14:07:06:487 52050 52744 1
17-07-2017-14:07:06:532 52744 53438 1
17-07-2017-14:07:06:580 53438 54132 1
17-07-2017-14:07:06:615 54132 54826 1
17-07-2017-14:07:06:661 54826 55520 1
17-07-2017-14:07:06:713 55520 56214 1
17-07-2017-14:07:06:750 56214 56908 1
17-07-2017-14:07:06:798 56908 57602 1
17-07-2017-14:07:06:833 57602 58296 1
17-07-2017-14:07:06:879 58296 58990 1
17-07-2017-14:07:06:927 58990 59684 1
17-07-2017-14:07:06:973 59684 60378 1
17-07-2017-14:07:07:008 60378 61072 1
17-07-2017-14:07:07:056 61072 61766 1
17-07-2017-14:07:07:095 61766 62460 1
17-07-2017-14:07:07:141 62460 63154 1
17-07-2017-14:07:07:189 63154 63848 1
17-07-2017-14:07:07:224 63848 64542 1
17-07-2017-14:07:07:274 64542 65236 1
17-07-2017-14:07:07:319 65236 65930 1
17-07-2017-14:07:07:355 65930 66624 1
17-07-2017-14:07:07:402 66624 67318 1
17-07-2017-14:07:07:448 67318 68012 1
17-07-2017-14:07:07:483 68012 68706 1
17-07-2017-14:07:07:529 68706 69400 1
17-07-2017-14:07:07:577 69400 70094 1
17-07-2017-14:07:07:616 70094 70788 1
17-07-2017-14:07:07:662 70788 71482 1
17-07-2017-14:07:07:710 71482 72176 1
17-07-2017-14:07:07:745 72176 72870 1
17-07-2017-14:07:07:791 72870 73564 1
