17-07-2017-16:14:09:249 0 800 1
17-07-2017-16:14:09:304 800 1574 1
17-07-2017-16:14:09:358 1574 2348 1
17-07-2017-16:14:09:394 2348 3122 1
17-07-2017-16:14:09:446 3122 3894 1
17-07-2017-16:14:09:499 3894 4666 1
17-07-2017-16:14:09:536 4666 5438 1
17-07-2017-16:14:09:587 5438 6187 1
17-07-2017-16:14:09:639 6187 6934 1
17-07-2017-16:14:09:688 6934 7681 1
17-07-2017-16:14:09:735 7681 8428 1
17-07-2017-16:14:09:781 8428 9175 1
17-07-2017-16:14:09:829 9175 9922 1
17-07-2017-16:14:09:873 9922 10669 1
17-07-2017-16:14:09:921 10669 11416 1
17-07-2017-16:14:09:967 11416 12163 1
17-07-2017-16:14:10:014 12163 12910 1
17-07-2017-16:14:10:060 12910 13657 1
17-07-2017-16:14:10:107 13657 14404 1
17-07-2017-16:14:10:157 14404 15151 1
17-07-2017-16:14:10:202 15151 15898 1
17-07-2017-16:14:10:247 15898 16645 1
17-07-2017-16:14:10:295 16645 17392 1
17-07-2017-16:14:10:340 17392 18139 1
17-07-2017-16:14:10:388 18139 18886 1
17-07-2017-16:14:10:435 18886 19633 1
17-07-2017-16:14:10:485 19633 20380 1
17-07-2017-16:14:10:521 20380 21127 1
17-07-2017-16:14:10:564 21127 21874 1
17-07-2017-16:14:10:612 21874 22621 1
17-07-2017-16:14:10:658 22621 23368 1
17-07-2017-16:14:10:705 23368 24115 1
17-07-2017-16:14:10:751 24115 24862 1
17-07-2017-16:14:10:798 24862 25609 1
17-07-2017-16:14:10:852 25609 26356 1
17-07-2017-16:14:10:891 26356 27103 1
17-07-2017-16:14:10:938 27103 27850 1
17-07-2017-16:14:10:985 27850 28597 1
17-07-2017-16:14:11:032 28597 29344 1
17-07-2017-16:14:11:078 29344 30091 1
17-07-2017-16:14:11:124 30091 30838 1
17-07-2017-16:14:11:173 30838 31585 1
17-07-2017-16:14:11:218 31585 32332 1
17-07-2017-16:14:11:264 32332 33079 1
17-07-2017-16:14:11:311 33079 33826 1
17-07-2017-16:14:11:358 33826 34573 1
17-07-2017-16:14:11:405 34573 35320 1
17-07-2017-16:14:11:450 35320 36067 1
17-07-2017-16:14:11:499 36067 36814 1
17-07-2017-16:14:11:543 36814 37561 1
17-07-2017-16:14:11:591 37561 38308 1
17-07-2017-16:14:11:644 38308 39014 1
17-07-2017-16:14:11:681 39014 39720 1
17-07-2017-16:14:11:728 39720 40426 1
17-07-2017-16:14:11:779 40426 41132 1
17-07-2017-16:14:11:813 41132 41838 1
17-07-2017-16:14:11:859 41838 42544 1
17-07-2017-16:14:11:907 42544 43250 1
17-07-2017-16:14:11:952 43250 43956 1
17-07-2017-16:14:11:987 43956 44662 1
17-07-2017-16:14:12:035 44662 45368 1
17-07-2017-16:14:12:080 45368 46074 1
17-07-2017-16:14:12:127 46074 46780 1
17-07-2017-16:14:12:169 46780 47486 1
17-07-2017-16:14:12:214 47486 48192 1
17-07-2017-16:14:12:259 48192 48898 1
17-07-2017-16:14:12:306 48898 49604 1
17-07-2017-16:14:12:903 49604 50310 1
17-07-2017-16:14:12:904 50310 51016 1
17-07-2017-16:14:12:904 51016 51722 1
17-07-2017-16:14:12:904 51722 52428 1
17-07-2017-16:14:12:905 52428 53134 1
17-07-2017-16:14:12:905 53134 53840 1
17-07-2017-16:14:12:905 53840 54546 1
17-07-2017-16:14:12:905 54546 55252 1
17-07-2017-16:14:12:905 55252 55958 1
17-07-2017-16:14:12:905 55958 56664 1
17-07-2017-16:14:12:905 56664 57370 1
17-07-2017-16:14:12:905 57370 58076 1
17-07-2017-16:14:12:906 58076 58782 1
17-07-2017-16:14:12:923 58782 59488 1
17-07-2017-16:14:12:958 59488 60194 1
17-07-2017-16:14:13:008 60194 60900 1
17-07-2017-16:14:13:052 60900 61606 1
17-07-2017-16:14:13:099 61606 62312 1
17-07-2017-16:14:13:145 62312 63018 1
17-07-2017-16:14:13:181 63018 63724 1
17-07-2017-16:14:13:228 63724 64430 1
17-07-2017-16:14:13:278 64430 65136 1
17-07-2017-16:14:13:313 65136 65842 1
17-07-2017-16:14:13:361 65842 66548 1
17-07-2017-16:14:13:408 66548 67254 1
17-07-2017-16:14:13:453 67254 67960 1
17-07-2017-16:14:13:489 67960 68666 1
17-07-2017-16:14:13:535 68666 69372 1
17-07-2017-16:14:13:582 69372 70078 1
17-07-2017-16:14:13:627 70078 70784 1
17-07-2017-16:14:13:674 70784 71490 1
17-07-2017-16:14:13:711 71490 72196 1
17-07-2017-16:14:13:758 72196 72902 1
17-07-2017-16:14:13:804 72902 73608 1
17-07-2017-16:14:13:851 73608 74314 1
17-07-2017-16:14:13:885 74314 75020 1
17-07-2017-16:14:13:932 75020 75726 1
17-07-2017-16:14:13:978 75726 76432 1
17-07-2017-16:14:14:024 76432 77138 1
17-07-2017-16:14:14:072 77138 77844 1
17-07-2017-16:14:14:116 77844 78550 1
17-07-2017-16:14:14:152 78550 79256 1
17-07-2017-16:14:14:196 79256 79962 1
17-07-2017-16:14:14:245 79962 80668 1
17-07-2017-16:14:14:291 80668 81374 1
17-07-2017-16:14:14:338 81374 82080 1
17-07-2017-16:14:14:372 82080 82786 1
17-07-2017-16:14:14:418 82786 83492 1
17-07-2017-16:14:14:465 83492 84198 1
17-07-2017-16:14:14:511 84198 84904 1
17-07-2017-16:14:14:547 84904 85610 1
17-07-2017-16:14:14:594 85610 86316 1
17-07-2017-16:14:14:644 86316 87022 1
17-07-2017-16:14:14:686 87022 87728 1
17-07-2017-16:14:14:734 87728 88434 1
17-07-2017-16:14:14:774 88434 89140 1
