17-07-2017-15:27:37:163 0 747 1
17-07-2017-15:27:37:208 747 1494 1
17-07-2017-15:27:37:256 1494 2241 1
17-07-2017-15:27:37:307 2241 2988 1
17-07-2017-15:27:37:354 2988 3735 1
17-07-2017-15:27:37:394 3735 4482 1
17-07-2017-15:27:37:445 4482 5229 1
17-07-2017-15:27:37:493 5229 5976 1
17-07-2017-15:27:37:538 5976 6723 1
17-07-2017-15:27:37:579 6723 7470 1
17-07-2017-15:27:37:625 7470 8217 1
17-07-2017-15:27:37:676 8217 8964 1
17-07-2017-15:27:37:728 8964 9711 1
17-07-2017-15:27:37:767 9711 10458 1
17-07-2017-15:27:37:815 10458 11205 1
17-07-2017-15:27:37:861 11205 11952 1
17-07-2017-15:27:37:913 11952 12699 1
17-07-2017-15:27:37:958 12699 13446 1
17-07-2017-15:27:38:010 13446 14147 1
17-07-2017-15:27:38:052 14147 14848 1
17-07-2017-15:27:38:085 14848 15549 1
17-07-2017-15:27:38:133 15549 16250 1
17-07-2017-15:27:38:178 16250 16951 1
17-07-2017-15:27:38:220 16951 17652 1
17-07-2017-15:27:38:266 17652 18353 1
17-07-2017-15:27:38:311 18353 19054 1
17-07-2017-15:27:38:353 19054 19755 1
17-07-2017-15:27:38:392 19755 20456 1
17-07-2017-15:27:38:444 20456 21157 1
17-07-2017-15:27:38:478 21157 21858 1
17-07-2017-15:27:38:525 21858 22559 1
17-07-2017-15:27:38:565 22559 23260 1
17-07-2017-15:27:38:613 23260 23961 1
17-07-2017-15:27:38:662 23961 24662 1
17-07-2017-15:27:38:704 24662 25363 1
17-07-2017-15:27:38:743 25363 26064 1
17-07-2017-15:27:38:785 26064 26765 1
17-07-2017-15:27:38:831 26765 27466 1
17-07-2017-15:27:38:878 27466 28167 1
17-07-2017-15:27:38:918 28167 28868 1
17-07-2017-15:27:38:964 28868 29569 1
17-07-2017-15:27:39:011 29569 30270 1
17-07-2017-15:27:39:051 30270 30971 1
17-07-2017-15:27:39:092 30971 31672 1
17-07-2017-15:27:39:138 31672 32373 1
17-07-2017-15:27:39:184 32373 33074 1
17-07-2017-15:27:39:226 33074 33775 1
17-07-2017-15:27:39:271 33775 34476 1
17-07-2017-15:27:39:319 34476 35177 1
17-07-2017-15:27:39:358 35177 35878 1
17-07-2017-15:27:39:406 35878 36579 1
17-07-2017-15:27:39:446 36579 37280 1
17-07-2017-15:27:39:485 37280 37981 1
17-07-2017-15:27:39:531 37981 38682 1
17-07-2017-15:27:39:583 38682 39383 1
17-07-2017-15:27:39:618 39383 40084 1
17-07-2017-15:27:39:664 40084 40785 1
17-07-2017-15:27:39:711 40785 41486 1
17-07-2017-15:27:39:763 41486 42187 1
17-07-2017-15:27:39:799 42187 42888 1
17-07-2017-15:27:39:838 42888 43589 1
17-07-2017-15:27:39:884 43589 44290 1
17-07-2017-15:27:39:932 44290 44991 1
17-07-2017-15:27:39:971 44991 45692 1
17-07-2017-15:27:40:017 45692 46393 1
17-07-2017-15:27:40:064 46393 47094 1
17-07-2017-15:27:40:104 47094 47795 1
17-07-2017-15:27:40:150 47795 48496 1
17-07-2017-15:27:40:185 48496 49197 1
17-07-2017-15:27:40:237 49197 49898 1
17-07-2017-15:27:40:447 49898 50599 1
17-07-2017-15:27:40:448 50599 51300 1
17-07-2017-15:27:40:449 51300 52001 1
17-07-2017-15:27:40:449 52001 52702 1
17-07-2017-15:27:40:451 52702 53403 1
17-07-2017-15:27:40:497 53403 54104 1
17-07-2017-15:27:40:539 54104 54805 1
17-07-2017-15:27:40:584 54805 55506 1
17-07-2017-15:27:40:632 55506 56207 1
17-07-2017-15:27:40:672 56207 56908 1
17-07-2017-15:27:40:719 56908 57609 1
17-07-2017-15:27:40:765 57609 58310 1
17-07-2017-15:27:40:804 58310 59011 1
17-07-2017-15:27:40:850 59011 59712 1
17-07-2017-15:27:40:898 59712 60413 1
17-07-2017-15:27:40:937 60413 61114 1
17-07-2017-15:27:40:985 61114 61815 1
17-07-2017-15:27:41:018 61815 62516 1
17-07-2017-15:27:41:070 62516 63217 1
17-07-2017-15:27:41:106 63217 63918 1
17-07-2017-15:27:41:153 63918 64619 1
17-07-2017-15:27:41:197 64619 65320 1
17-07-2017-15:27:41:243 65320 66021 1
17-07-2017-15:27:41:288 66021 66722 1
17-07-2017-15:27:41:330 66722 67423 1
17-07-2017-15:27:41:376 67423 68124 1
17-07-2017-15:27:41:421 68124 68825 1
17-07-2017-15:27:41:463 68825 69526 1
17-07-2017-15:27:41:509 69526 70227 1
17-07-2017-15:27:41:544 70227 70928 1
17-07-2017-15:27:41:594 70928 71629 1
17-07-2017-15:27:41:641 71629 72330 1
17-07-2017-15:27:41:677 72330 73031 1
17-07-2017-15:27:41:722 73031 73732 1
17-07-2017-15:27:41:774 73732 74433 1
17-07-2017-15:27:41:808 74433 75134 1
17-07-2017-15:27:41:855 75134 75835 1
17-07-2017-15:27:41:905 75835 76536 1
17-07-2017-15:27:41:941 76536 77237 1
17-07-2017-15:27:41:988 77237 77938 1
17-07-2017-15:27:42:034 77938 78639 1
17-07-2017-15:27:42:074 78639 79340 1
17-07-2017-15:27:42:119 79340 80041 1
17-07-2017-15:27:42:167 80041 80742 1
17-07-2017-15:27:42:207 80742 81443 1
17-07-2017-15:27:42:252 81443 82144 1
17-07-2017-15:27:42:300 82144 82845 1
17-07-2017-15:27:42:334 82845 83546 1
17-07-2017-15:27:42:386 83546 84247 1
17-07-2017-15:27:42:419 84247 84948 1
17-07-2017-15:27:42:467 84948 85649 1
17-07-2017-15:27:42:513 85649 86350 1
17-07-2017-15:27:42:561 86350 87051 1
17-07-2017-15:27:42:600 87051 87752 1
17-07-2017-15:27:42:646 87752 88453 1
17-07-2017-15:27:42:685 88453 89154 1
17-07-2017-15:27:42:731 89154 89855 1
17-07-2017-15:27:42:779 89855 90556 1
17-07-2017-15:27:42:818 90556 91257 1
17-07-2017-15:27:42:864 91257 91958 1
17-07-2017-15:27:42:912 91958 92659 1
17-07-2017-15:27:42:945 92659 93360 1
17-07-2017-15:27:42:993 93360 94061 1
17-07-2017-15:27:43:043 94061 94762 1
17-07-2017-15:27:43:078 94762 95463 1
17-07-2017-15:27:43:126 95463 96164 1
17-07-2017-15:27:43:172 96164 96865 1
17-07-2017-15:27:43:217 96865 97566 1
17-07-2017-15:27:43:259 97566 98267 1
17-07-2017-15:27:43:305 98267 98968 1
17-07-2017-15:27:43:350 98968 99669 1
17-07-2017-15:27:43:386 99669 100370 1
17-07-2017-15:27:43:613 100370 101071 1
17-07-2017-15:27:43:614 101071 101772 1
17-07-2017-15:27:43:614 101772 102473 1
17-07-2017-15:27:43:614 102473 103174 1
17-07-2017-15:27:43:615 103174 103875 1
17-07-2017-15:27:43:660 103875 104576 1
17-07-2017-15:27:43:694 104576 105277 1
17-07-2017-15:27:43:741 105277 105978 1
17-07-2017-15:27:43:787 105978 106679 1
17-07-2017-15:27:43:822 106679 107380 1
17-07-2017-15:27:43:874 107380 108081 1
17-07-2017-15:27:43:920 108081 108782 1
17-07-2017-15:27:43:955 108782 109483 1
17-07-2017-15:27:44:001 109483 110184 1
17-07-2017-15:27:44:049 110184 110885 1
17-07-2017-15:27:44:099 110885 111586 1
17-07-2017-15:27:44:134 111586 112287 1
17-07-2017-15:27:44:175 112287 112988 1
17-07-2017-15:27:44:221 112988 113689 1
17-07-2017-15:27:44:266 113689 114390 1
17-07-2017-15:27:44:314 114390 115091 1
17-07-2017-15:27:44:353 115091 115792 1
17-07-2017-15:27:44:401 115792 116493 1
17-07-2017-15:27:44:436 116493 117194 1
17-07-2017-15:27:44:482 117194 117895 1
17-07-2017-15:27:44:534 117895 118596 1
17-07-2017-15:27:44:567 118596 119297 1
17-07-2017-15:27:44:615 119297 119998 1
17-07-2017-15:27:44:664 119998 120699 1
17-07-2017-15:27:44:700 120699 121400 1
17-07-2017-15:27:44:746 121400 122101 1
17-07-2017-15:27:44:785 122101 122802 1
17-07-2017-15:27:44:833 122802 123503 1
17-07-2017-15:27:44:879 123503 124204 1
17-07-2017-15:27:44:918 124204 124905 1
17-07-2017-15:27:44:966 124905 125606 1
17-07-2017-15:27:45:012 125606 126307 1
17-07-2017-15:27:45:051 126307 127008 1
17-07-2017-15:27:45:097 127008 127709 1
17-07-2017-15:27:45:145 127709 128410 1
17-07-2017-15:27:45:184 128410 129111 1
17-07-2017-15:27:45:230 129111 129812 1
17-07-2017-15:27:45:276 129812 130513 1
17-07-2017-15:27:45:311 130513 131214 1
17-07-2017-15:27:45:362 131214 131915 1
17-07-2017-15:27:45:410 131915 132616 1
17-07-2017-15:27:45:443 132616 133317 1
17-07-2017-15:27:45:495 133317 134018 1
17-07-2017-15:27:45:541 134018 134719 1
17-07-2017-15:27:45:576 134719 135420 1
17-07-2017-15:27:45:628 135420 136121 1
17-07-2017-15:27:45:664 136121 136822 1
17-07-2017-15:27:45:709 136822 137523 1
17-07-2017-15:27:45:757 137523 138224 1
17-07-2017-15:27:45:797 138224 138925 1
17-07-2017-15:27:45:842 138925 139626 1
17-07-2017-15:27:45:888 139626 140327 1
17-07-2017-15:27:45:940 140327 141028 1
17-07-2017-15:27:45:975 141028 141729 1
17-07-2017-15:27:46:021 141729 142430 1
17-07-2017-15:27:46:057 142430 143131 1
17-07-2017-15:27:46:108 143131 143832 1
17-07-2017-15:27:46:154 143832 144533 1
17-07-2017-15:27:46:190 144533 145234 1
17-07-2017-15:27:46:235 145234 145935 1
17-07-2017-15:27:46:275 145935 146636 1
17-07-2017-15:27:46:323 146636 147337 1
17-07-2017-15:27:46:369 147337 148038 1
17-07-2017-15:27:46:409 148038 148739 1
17-07-2017-15:27:46:454 148739 149440 1
17-07-2017-15:27:46:502 149440 150141 1
17-07-2017-15:27:46:548 150141 150842 1
17-07-2017-15:27:46:627 150842 151543 1
17-07-2017-15:27:46:628 151543 152244 1
17-07-2017-15:27:46:674 152244 152945 1
17-07-2017-15:27:46:726 152945 153646 1
17-07-2017-15:27:46:761 153646 154347 1
17-07-2017-15:27:46:807 154347 155048 1
17-07-2017-15:27:46:852 155048 155749 1
17-07-2017-15:27:46:894 155749 156450 1
17-07-2017-15:27:46:939 156450 157151 1
17-07-2017-15:27:46:987 157151 157852 1
17-07-2017-15:27:47:027 157852 158553 1
17-07-2017-15:27:47:072 158553 159254 1
17-07-2017-15:27:47:108 159254 159955 1
17-07-2017-15:27:47:159 159955 160656 1
17-07-2017-15:27:47:199 160656 161357 1
17-07-2017-15:27:47:247 161357 162058 1
17-07-2017-15:27:47:292 162058 162759 1
17-07-2017-15:27:47:328 162759 163460 1
17-07-2017-15:27:47:380 163460 164161 1
17-07-2017-15:27:47:415 164161 164862 1
17-07-2017-15:27:47:461 164862 165563 1
17-07-2017-15:27:47:513 165563 166264 1
17-07-2017-15:27:47:548 166264 166965 1
17-07-2017-15:27:47:594 166965 167666 1
17-07-2017-15:27:47:633 167666 168367 1
17-07-2017-15:27:47:681 168367 169068 1
17-07-2017-15:27:47:727 169068 169769 1
17-07-2017-15:27:47:766 169769 170470 1
17-07-2017-15:27:47:812 170470 171171 1
17-07-2017-15:27:47:860 171171 171872 1
17-07-2017-15:27:47:909 171872 172573 1
17-07-2017-15:27:47:945 172573 173274 1
17-07-2017-15:27:47:990 173274 173975 1
17-07-2017-15:27:48:038 173975 174676 1
17-07-2017-15:27:48:078 174676 175377 1
17-07-2017-15:27:48:123 175377 176078 1
17-07-2017-15:27:48:159 176078 176779 1
17-07-2017-15:27:48:211 176779 177480 1
17-07-2017-15:27:48:258 177480 178181 1
17-07-2017-15:27:48:385 178181 178882 1
17-07-2017-15:27:48:386 178882 179583 1
17-07-2017-15:27:48:386 179583 180284 1
17-07-2017-15:27:48:426 180284 180985 1
17-07-2017-15:27:48:471 180985 181686 1
17-07-2017-15:27:48:513 181686 182387 1
17-07-2017-15:27:48:559 182387 183088 1
17-07-2017-15:27:48:604 183088 183789 1
17-07-2017-15:27:48:646 183789 184490 1
17-07-2017-15:27:48:691 184490 185191 1
17-07-2017-15:27:48:731 185191 185892 1
17-07-2017-15:27:48:779 185892 186593 1
17-07-2017-15:27:48:825 186593 187294 1
17-07-2017-15:27:48:860 187294 187995 1
17-07-2017-15:27:48:912 187995 188696 1
17-07-2017-15:27:48:958 188696 189397 1
17-07-2017-15:27:48:993 189397 190098 1
17-07-2017-15:27:49:039 190098 190799 1
17-07-2017-15:27:49:091 190799 191500 1
17-07-2017-15:27:49:126 191500 192201 1
17-07-2017-15:27:49:172 192201 192902 1
17-07-2017-15:27:49:217 192902 193603 1
17-07-2017-15:27:49:257 193603 194304 1
17-07-2017-15:27:49:305 194304 195005 1
17-07-2017-15:27:49:350 195005 195706 1
17-07-2017-15:27:49:390 195706 196407 1
17-07-2017-15:27:49:438 196407 197108 1
17-07-2017-15:27:49:483 197108 197809 1
17-07-2017-15:27:49:519 197809 198510 1
17-07-2017-15:27:49:564 198510 199211 1
17-07-2017-15:27:49:616 199211 199912 1
17-07-2017-15:27:49:652 199912 200613 1
17-07-2017-15:27:49:697 200613 201314 1
17-07-2017-15:27:49:743 201314 202015 1
17-07-2017-15:27:49:791 202015 202716 1
17-07-2017-15:27:49:834 202716 203417 1
17-07-2017-15:27:49:870 203417 204118 1
17-07-2017-15:27:49:915 204118 204819 1
17-07-2017-15:27:49:963 204819 205520 1
17-07-2017-15:27:50:008 205520 206221 1
17-07-2017-15:27:50:089 206221 206922 1
17-07-2017-15:27:50:096 206922 207623 1
17-07-2017-15:27:50:141 207623 208324 1
17-07-2017-15:27:50:177 208324 209025 1
17-07-2017-15:27:50:222 209025 209726 1
17-07-2017-15:27:50:262 209726 210427 1
17-07-2017-15:27:50:310 210427 211128 1
17-07-2017-15:27:50:355 211128 211829 1
17-07-2017-15:27:50:395 211829 212530 1
17-07-2017-15:27:50:441 212530 213231 1
17-07-2017-15:27:50:488 213231 213932 1
17-07-2017-15:27:50:540 213932 214633 1
17-07-2017-15:27:50:574 214633 215334 1
17-07-2017-15:27:50:621 215334 216035 1
17-07-2017-15:27:50:671 216035 216736 1
17-07-2017-15:27:50:706 216736 217437 1
17-07-2017-15:27:50:755 217437 218138 1
