17-07-2017-14:21:29:888 0 800 1
17-07-2017-14:21:29:939 800 1560 1
17-07-2017-14:21:29:985 1560 2320 1
17-07-2017-14:21:30:031 2320 3080 1
17-07-2017-14:21:30:083 3080 3840 1
17-07-2017-14:21:30:130 3840 4600 1
17-07-2017-14:21:30:182 4600 5360 1
17-07-2017-14:21:30:222 5360 6120 1
17-07-2017-14:21:30:268 6120 6880 1
17-07-2017-14:21:30:317 6880 7640 1
17-07-2017-14:21:30:365 7640 8400 1
17-07-2017-14:21:30:415 8400 9160 1
17-07-2017-14:21:30:463 9160 9920 1
17-07-2017-14:21:30:515 9920 10640 1
17-07-2017-14:21:30:552 10640 11360 1
17-07-2017-14:21:30:600 11360 12080 1
17-07-2017-14:21:30:639 12080 12800 1
17-07-2017-14:21:30:685 12800 13520 1
17-07-2017-14:21:30:735 13520 14240 1
17-07-2017-14:21:30:770 14240 14960 1
17-07-2017-14:21:30:822 14960 15680 1
17-07-2017-14:21:30:868 15680 16400 1
17-07-2017-14:21:30:920 16400 17120 1
17-07-2017-14:21:30:955 17120 17840 1
17-07-2017-14:21:31:002 17840 18560 1
17-07-2017-14:21:31:042 18560 19280 1
17-07-2017-14:21:31:087 19280 20000 1
17-07-2017-14:21:31:139 20000 20720 1
17-07-2017-14:21:31:187 20720 21440 1
17-07-2017-14:21:31:222 21440 22160 1
17-07-2017-14:21:31:273 22160 22880 1
17-07-2017-14:21:31:321 22880 23600 1
17-07-2017-14:21:31:366 23600 24320 1
17-07-2017-14:21:31:402 24320 25040 1
17-07-2017-14:21:31:453 25040 25760 1
17-07-2017-14:21:31:499 25760 26480 1
17-07-2017-14:21:31:547 26480 27200 1
17-07-2017-14:21:31:582 27200 27920 1
17-07-2017-14:21:31:632 27920 28640 1
17-07-2017-14:21:31:680 28640 29360 1
17-07-2017-14:21:31:724 29360 30080 1
17-07-2017-14:21:31:773 30080 30800 1
17-07-2017-14:21:31:812 30800 31520 1
17-07-2017-14:21:31:860 31520 32240 1
17-07-2017-14:21:31:897 32240 32960 1
17-07-2017-14:21:31:945 32960 33680 1
17-07-2017-14:21:31:997 33680 34400 1
17-07-2017-14:21:32:031 34400 35120 1
17-07-2017-14:21:32:078 35120 35840 1
17-07-2017-14:21:32:124 35840 36560 1
17-07-2017-14:21:32:175 36560 37280 1
17-07-2017-14:21:32:211 37280 38000 1
17-07-2017-14:21:32:262 38000 38720 1
17-07-2017-14:21:32:308 38720 39440 1
17-07-2017-14:21:32:348 39440 40160 1
17-07-2017-14:21:32:400 40160 40880 1
17-07-2017-14:21:32:439 40880 41600 1
17-07-2017-14:21:32:485 41600 42320 1
17-07-2017-14:21:32:533 42320 43040 1
17-07-2017-14:21:32:580 43040 43760 1
17-07-2017-14:21:32:619 43760 44480 1
17-07-2017-14:21:32:671 44480 45200 1
17-07-2017-14:21:32:718 45200 45920 1
17-07-2017-14:21:32:752 45920 46640 1
17-07-2017-14:21:32:798 46640 47360 1
17-07-2017-14:21:32:850 47360 48080 1
17-07-2017-14:21:32:898 48080 48800 1
17-07-2017-14:21:32:937 48800 49520 1
17-07-2017-14:21:33:163 49520 50240 1
17-07-2017-14:21:33:164 50240 50960 1
17-07-2017-14:21:33:164 50960 51680 1
17-07-2017-14:21:33:165 51680 52400 1
17-07-2017-14:21:33:165 52400 53120 1
17-07-2017-14:21:33:209 53120 53840 1
17-07-2017-14:21:33:254 53840 54560 1
17-07-2017-14:21:33:306 54560 55280 1
17-07-2017-14:21:33:341 55280 56000 1
17-07-2017-14:21:33:381 56000 56720 1
17-07-2017-14:21:33:429 56720 57440 1
17-07-2017-14:21:33:478 57440 58160 1
17-07-2017-14:21:33:526 58160 58880 1
17-07-2017-14:21:33:566 58880 59600 1
17-07-2017-14:21:33:611 59600 60320 1
17-07-2017-14:21:33:651 60320 61040 1
17-07-2017-14:21:33:699 61040 61760 1
17-07-2017-14:21:33:751 61760 62480 1
17-07-2017-14:21:33:796 62480 63200 1
17-07-2017-14:21:33:836 63200 63920 1
17-07-2017-14:21:33:884 63920 64640 1
17-07-2017-14:21:33:923 64640 65360 1
17-07-2017-14:21:33:971 65360 66080 1
17-07-2017-14:21:34:023 66080 66800 1
17-07-2017-14:21:34:058 66800 67520 1
17-07-2017-14:21:34:104 67520 68240 1
17-07-2017-14:21:34:156 68240 68960 1
17-07-2017-14:21:34:201 68960 69680 1
17-07-2017-14:21:34:237 69680 70400 1
17-07-2017-14:21:34:284 70400 71120 1
17-07-2017-14:21:34:334 71120 71840 1
17-07-2017-14:21:34:382 71840 72560 1
17-07-2017-14:21:34:417 72560 73280 1
17-07-2017-14:21:34:463 73280 74000 1
17-07-2017-14:21:34:515 74000 74720 1
17-07-2017-14:21:34:563 74720 75440 1
17-07-2017-14:21:34:596 75440 76160 1
17-07-2017-14:21:34:644 76160 76880 1
17-07-2017-14:21:34:696 76880 77600 1
17-07-2017-14:21:34:741 77600 78320 1
17-07-2017-14:21:34:781 78320 79040 1
17-07-2017-14:21:34:828 79040 79760 1
17-07-2017-14:21:34:880 79760 80480 1
17-07-2017-14:21:34:915 80480 81200 1
17-07-2017-14:21:34:962 81200 81920 1
17-07-2017-14:21:35:001 81920 82640 1
17-07-2017-14:21:35:049 82640 83360 1
17-07-2017-14:21:35:094 83360 84080 1
17-07-2017-14:21:35:142 84080 84800 1
17-07-2017-14:21:35:181 84800 85520 1
17-07-2017-14:21:35:229 85520 86240 1
17-07-2017-14:21:35:279 86240 86960 1
17-07-2017-14:21:35:327 86960 87680 1
17-07-2017-14:21:35:366 87680 88400 1
17-07-2017-14:21:35:406 88400 89120 1
17-07-2017-14:21:35:456 89120 89840 1
17-07-2017-14:21:35:504 89840 90560 1
17-07-2017-14:21:35:543 90560 91280 1
17-07-2017-14:21:35:589 91280 92000 1
17-07-2017-14:21:35:637 92000 92720 1
17-07-2017-14:21:35:682 92720 93440 1
17-07-2017-14:21:35:730 93440 94160 1
17-07-2017-14:21:35:776 94160 94880 1
17-07-2017-14:21:35:811 94880 95600 1
17-07-2017-14:21:35:861 95600 96320 1
17-07-2017-14:21:35:911 96320 97040 1
17-07-2017-14:21:35:946 97040 97760 1
17-07-2017-14:21:35:994 97760 98480 1
17-07-2017-14:21:36:040 98480 99200 1
17-07-2017-14:21:36:088 99200 99920 1
17-07-2017-14:21:36:292 99920 100640 1
17-07-2017-14:21:36:293 100640 101360 1
17-07-2017-14:21:36:293 101360 102080 1
17-07-2017-14:21:36:293 102080 102800 1
17-07-2017-14:21:36:306 102800 103520 1
17-07-2017-14:21:36:358 103520 104240 1
17-07-2017-14:21:36:397 104240 104960 1
17-07-2017-14:21:36:443 104960 105680 1
17-07-2017-14:21:36:495 105680 106400 1
17-07-2017-14:21:36:541 106400 107120 1
17-07-2017-14:21:36:576 107120 107840 1
17-07-2017-14:21:36:628 107840 108560 1
17-07-2017-14:21:36:680 108560 109280 1
17-07-2017-14:21:36:715 109280 110000 1
17-07-2017-14:21:36:765 110000 110720 1
17-07-2017-14:21:36:800 110720 111440 1
17-07-2017-14:21:36:848 111440 112160 1
17-07-2017-14:21:36:894 112160 112880 1
17-07-2017-14:21:36:941 112880 113600 1
17-07-2017-14:21:36:987 113600 114320 1
17-07-2017-14:21:37:027 114320 115040 1
17-07-2017-14:21:37:074 115040 115760 1
17-07-2017-14:21:37:124 115760 116480 1
17-07-2017-14:21:37:172 116480 117200 1
17-07-2017-14:21:37:207 117200 117920 1
17-07-2017-14:21:37:257 117920 118640 1
17-07-2017-14:21:37:305 118640 119360 1
17-07-2017-14:21:37:345 119360 120080 1
17-07-2017-14:21:37:390 120080 120800 1
17-07-2017-14:21:37:430 120800 121520 1
17-07-2017-14:21:37:478 121520 122240 1
17-07-2017-14:21:37:530 122240 122960 1
17-07-2017-14:21:37:575 122960 123680 1
17-07-2017-14:21:37:615 123680 124400 1
17-07-2017-14:21:37:662 124400 125120 1
17-07-2017-14:21:37:702 125120 125840 1
17-07-2017-14:21:37:750 125840 126560 1
17-07-2017-14:21:37:800 126560 127280 1
17-07-2017-14:21:37:835 127280 128000 1
17-07-2017-14:21:37:883 128000 128720 1
17-07-2017-14:21:37:935 128720 129440 1
17-07-2017-14:21:37:973 129440 130160 1
17-07-2017-14:21:38:021 130160 130880 1
17-07-2017-14:21:38:071 130880 131600 1
17-07-2017-14:21:38:107 131600 132320 1
17-07-2017-14:21:38:157 132320 133040 1
17-07-2017-14:21:38:205 133040 133760 1
17-07-2017-14:21:38:244 133760 134480 1
17-07-2017-14:21:38:290 134480 135200 1
17-07-2017-14:21:38:340 135200 135920 1
17-07-2017-14:21:38:377 135920 136640 1
17-07-2017-14:21:38:423 136640 137360 1
17-07-2017-14:21:38:475 137360 138080 1
17-07-2017-14:21:38:520 138080 138800 1
17-07-2017-14:21:38:562 138800 139520 1
17-07-2017-14:21:38:612 139520 140240 1
17-07-2017-14:21:38:647 140240 140960 1
17-07-2017-14:21:38:699 140960 141680 1
17-07-2017-14:21:38:747 141680 142400 1
17-07-2017-14:21:38:786 142400 143120 1
17-07-2017-14:21:38:826 143120 143840 1
17-07-2017-14:21:38:872 143840 144560 1
17-07-2017-14:21:38:924 144560 145280 1
17-07-2017-14:21:38:963 145280 146000 1
17-07-2017-14:21:39:011 146000 146720 1
17-07-2017-14:21:39:057 146720 147440 1
17-07-2017-14:21:39:105 147440 148160 1
17-07-2017-14:21:39:150 148160 148880 1
17-07-2017-14:21:39:185 148880 149600 1
17-07-2017-14:21:39:233 149600 150320 1
17-07-2017-14:21:39:445 150320 151040 1
17-07-2017-14:21:39:446 151040 151760 1
17-07-2017-14:21:39:446 151760 152480 1
17-07-2017-14:21:39:446 152480 153200 1
17-07-2017-14:21:39:465 153200 153920 1
17-07-2017-14:21:39:504 153920 154640 1
17-07-2017-14:21:39:552 154640 155360 1
17-07-2017-14:21:39:597 155360 156080 1
17-07-2017-14:21:39:645 156080 156800 1
17-07-2017-14:21:39:684 156800 157520 1
17-07-2017-14:21:39:730 157520 158240 1
17-07-2017-14:21:39:770 158240 158960 1
17-07-2017-14:21:39:817 158960 159680 1
17-07-2017-14:21:39:868 159680 160400 1
17-07-2017-14:21:39:908 160400 161120 1
17-07-2017-14:21:39:959 161120 161840 1
17-07-2017-14:21:40:007 161840 162560 1
17-07-2017-14:21:40:044 162560 163280 1
17-07-2017-14:21:40:091 163280 164000 1
17-07-2017-14:21:40:131 164000 164720 1
17-07-2017-14:21:40:178 164720 165440 1
17-07-2017-14:21:40:228 165440 166160 1
17-07-2017-14:21:40:276 166160 166880 1
17-07-2017-14:21:40:315 166880 167600 1
17-07-2017-14:21:40:361 167600 168320 1
17-07-2017-14:21:40:413 168320 169040 1
17-07-2017-14:21:40:448 169040 169760 1
17-07-2017-14:21:40:494 169760 170480 1
17-07-2017-14:21:40:546 170480 171200 1
17-07-2017-14:21:40:581 171200 171920 1
17-07-2017-14:21:40:627 171920 172640 1
17-07-2017-14:21:40:675 172640 173360 1
17-07-2017-14:21:40:720 173360 174080 1
17-07-2017-14:21:40:768 174080 174800 1
17-07-2017-14:21:40:808 174800 175520 1
17-07-2017-14:21:40:855 175520 176240 1
17-07-2017-14:21:40:905 176240 176960 1
17-07-2017-14:21:40:941 176960 177680 1
17-07-2017-14:21:40:992 177680 178400 1
17-07-2017-14:21:41:040 178400 179120 1
17-07-2017-14:21:41:080 179120 179840 1
17-07-2017-14:21:41:125 179840 180560 1
17-07-2017-14:21:41:173 180560 181280 1
17-07-2017-14:21:41:219 181280 182000 1
17-07-2017-14:21:41:258 182000 182720 1
17-07-2017-14:21:41:306 182720 183440 1
17-07-2017-14:21:41:356 183440 184160 1
17-07-2017-14:21:41:391 184160 184880 1
17-07-2017-14:21:41:443 184880 185600 1
17-07-2017-14:21:41:489 185600 186320 1
17-07-2017-14:21:41:535 186320 187040 1
17-07-2017-14:21:41:570 187040 187760 1
17-07-2017-14:21:41:622 187760 188480 1
17-07-2017-14:21:41:668 188480 189200 1
17-07-2017-14:21:41:715 189200 189920 1
17-07-2017-14:21:41:765 189920 190640 1
17-07-2017-14:21:41:805 190640 191360 1
17-07-2017-14:21:41:850 191360 192080 1
17-07-2017-14:21:41:886 192080 192800 1
17-07-2017-14:21:41:931 192800 193520 1
17-07-2017-14:21:41:979 193520 194240 1
17-07-2017-14:21:42:027 194240 194960 1
17-07-2017-14:21:42:073 194960 195680 1
17-07-2017-14:21:42:119 195680 196400 1
17-07-2017-14:21:42:167 196400 197120 1
17-07-2017-14:21:42:200 197120 197840 1
17-07-2017-14:21:42:247 197840 198560 1
17-07-2017-14:21:42:299 198560 199280 1
17-07-2017-14:21:42:345 199280 200000 1
17-07-2017-14:21:42:384 200000 200720 1
17-07-2017-14:21:42:432 200720 201440 1
17-07-2017-14:21:42:482 201440 202160 1
17-07-2017-14:21:42:543 202160 202880 1
17-07-2017-14:21:42:571 202880 203600 1
17-07-2017-14:21:42:616 203600 204320 1
17-07-2017-14:21:42:652 204320 205040 1
17-07-2017-14:21:42:702 205040 205760 1
17-07-2017-14:21:42:749 205760 206480 1
17-07-2017-14:21:42:789 206480 207200 1
17-07-2017-14:21:42:837 207200 207920 1
17-07-2017-14:21:42:886 207920 208640 1
17-07-2017-14:21:42:926 208640 209360 1
17-07-2017-14:21:42:967 209360 210080 1
17-07-2017-14:21:43:013 210080 210800 1
17-07-2017-14:21:43:065 210800 211520 1
17-07-2017-14:21:43:111 211520 212240 1
17-07-2017-14:21:43:146 212240 212960 1
17-07-2017-14:21:43:194 212960 213680 1
17-07-2017-14:21:43:244 213680 214400 1
17-07-2017-14:21:43:291 214400 215120 1
17-07-2017-14:21:43:331 215120 215840 1
17-07-2017-14:21:43:378 215840 216560 1
17-07-2017-14:21:43:417 216560 217280 1
17-07-2017-14:21:43:465 217280 218000 1
17-07-2017-14:21:43:514 218000 218720 1
17-07-2017-14:21:43:562 218720 219440 1
17-07-2017-14:21:43:601 219440 220160 1
17-07-2017-14:21:43:649 220160 220880 1
17-07-2017-14:21:43:689 220880 221600 1
17-07-2017-14:21:43:734 221600 222320 1
17-07-2017-14:21:43:786 222320 223040 1
17-07-2017-14:21:43:822 223040 223760 1
17-07-2017-14:21:43:871 223760 224480 1
17-07-2017-14:21:43:919 224480 225200 1
17-07-2017-14:21:43:969 225200 225920 1
17-07-2017-14:21:44:004 225920 226640 1
17-07-2017-14:21:44:052 226640 227360 1
17-07-2017-14:21:44:091 227360 228080 1
17-07-2017-14:21:44:139 228080 228800 1
17-07-2017-14:21:44:189 228800 229520 1
17-07-2017-14:21:44:237 229520 230240 1
17-07-2017-14:21:44:277 230240 230960 1
