17-07-2017-14:56:27:272 0 800 1
17-07-2017-14:56:27:324 800 1560 1
17-07-2017-14:56:27:376 1560 2307 1
17-07-2017-14:56:27:415 2307 3054 1
17-07-2017-14:56:27:463 3054 3801 1
17-07-2017-14:56:27:509 3801 4548 1
17-07-2017-14:56:27:559 4548 5295 1
17-07-2017-14:56:27:604 5295 6042 1
17-07-2017-14:56:27:650 6042 6789 1
17-07-2017-14:56:27:698 6789 7536 1
17-07-2017-14:56:27:743 7536 8283 1
17-07-2017-14:56:27:790 8283 9030 1
17-07-2017-14:56:27:842 9030 9777 1
17-07-2017-14:56:27:879 9777 10524 1
17-07-2017-14:56:27:927 10524 11271 1
17-07-2017-14:56:27:972 11271 12018 1
17-07-2017-14:56:28:018 12018 12765 1
17-07-2017-14:56:28:071 12765 13512 1
17-07-2017-14:56:28:117 13512 14259 1
17-07-2017-14:56:28:164 14259 15006 1
17-07-2017-14:56:28:210 15006 15753 1
17-07-2017-14:56:28:256 15753 16500 1
17-07-2017-14:56:28:307 16500 17247 1
17-07-2017-14:56:28:355 17247 17994 1
17-07-2017-14:56:28:401 17994 18741 1
17-07-2017-14:56:28:448 18741 19488 1
17-07-2017-14:56:28:493 19488 20235 1
17-07-2017-14:56:28:541 20235 20982 1
17-07-2017-14:56:28:587 20982 21729 1
17-07-2017-14:56:28:635 21729 22476 1
17-07-2017-14:56:28:680 22476 23223 1
17-07-2017-14:56:28:728 23223 23970 1
17-07-2017-14:56:28:779 23970 24717 1
17-07-2017-14:56:28:818 24717 25464 1
17-07-2017-14:56:28:866 25464 26211 1
17-07-2017-14:56:28:911 26211 26958 1
17-07-2017-14:56:28:959 26958 27705 1
17-07-2017-14:56:29:005 27705 28452 1
17-07-2017-14:56:29:057 28452 29199 1
17-07-2017-14:56:29:104 29199 29946 1
17-07-2017-14:56:29:150 29946 30693 1
17-07-2017-14:56:29:196 30693 31440 1
17-07-2017-14:56:29:243 31440 32187 1
17-07-2017-14:56:29:283 32187 32934 1
17-07-2017-14:56:29:329 32934 33681 1
17-07-2017-14:56:29:374 33681 34428 1
17-07-2017-14:56:29:422 34428 35175 1
17-07-2017-14:56:29:468 35175 35922 1
17-07-2017-14:56:29:520 35922 36669 1
17-07-2017-14:56:29:565 36669 37416 1
17-07-2017-14:56:29:613 37416 38163 1
17-07-2017-14:56:29:658 38163 38910 1
17-07-2017-14:56:29:706 38910 39657 1
17-07-2017-14:56:29:757 39657 40404 1
17-07-2017-14:56:29:803 40404 41151 1
17-07-2017-14:56:29:849 41151 41898 1
17-07-2017-14:56:29:890 41898 42645 1
17-07-2017-14:56:29:936 42645 43392 1
17-07-2017-14:56:29:983 43392 44139 1
17-07-2017-14:56:30:029 44139 44886 1
17-07-2017-14:56:30:076 44886 45633 1
17-07-2017-14:56:30:122 45633 46380 1
17-07-2017-14:56:30:174 46380 47127 1
17-07-2017-14:56:30:220 47127 47874 1
17-07-2017-14:56:30:268 47874 48621 1
17-07-2017-14:56:30:313 48621 49368 1
17-07-2017-14:56:30:555 49368 50115 1
17-07-2017-14:56:30:556 50115 50862 1
17-07-2017-14:56:30:556 50862 51609 1
17-07-2017-14:56:30:556 51609 52356 1
17-07-2017-14:56:30:556 52356 53103 1
17-07-2017-14:56:30:590 53103 53850 1
17-07-2017-14:56:30:638 53850 54597 1
17-07-2017-14:56:30:683 54597 55344 1
17-07-2017-14:56:30:730 55344 56091 1
17-07-2017-14:56:30:782 56091 56838 1
17-07-2017-14:56:30:828 56838 57585 1
17-07-2017-14:56:30:875 57585 58332 1
17-07-2017-14:56:30:921 58332 59079 1
17-07-2017-14:56:30:967 59079 59826 1
17-07-2017-14:56:31:014 59826 60573 1
17-07-2017-14:56:31:058 60573 61320 1
17-07-2017-14:56:31:103 61320 62067 1
17-07-2017-14:56:31:151 62067 62814 1
17-07-2017-14:56:31:196 62814 63561 1
17-07-2017-14:56:31:244 63561 64308 1
17-07-2017-14:56:31:295 64308 65055 1
17-07-2017-14:56:31:335 65055 65802 1
17-07-2017-14:56:31:382 65802 66549 1
17-07-2017-14:56:31:427 66549 67296 1
17-07-2017-14:56:31:475 67296 68043 1
17-07-2017-14:56:31:520 68043 68790 1
17-07-2017-14:56:31:568 68790 69537 1
17-07-2017-14:56:31:613 69537 70284 1
17-07-2017-14:56:31:665 70284 71031 1
17-07-2017-14:56:31:711 71031 71778 1
17-07-2017-14:56:31:759 71778 72525 1
17-07-2017-14:56:31:805 72525 73272 1
17-07-2017-14:56:31:852 73272 74019 1
17-07-2017-14:56:31:902 74019 74766 1
17-07-2017-14:56:31:950 74766 75513 1
17-07-2017-14:56:31:995 75513 76260 1
