17-07-2017-13:59:53:432 0 800 1
17-07-2017-13:59:53:482 800 1600 1
17-07-2017-13:59:53:534 1600 2387 1
17-07-2017-13:59:53:582 2387 3174 1
17-07-2017-13:59:53:634 3174 3960 1
17-07-2017-13:59:53:686 3960 4746 1
17-07-2017-13:59:53:729 4746 5532 1
17-07-2017-13:59:53:781 5532 6318 1
17-07-2017-13:59:53:827 6318 7104 1
17-07-2017-13:59:53:875 7104 7890 1
17-07-2017-13:59:53:927 7890 8640 1
17-07-2017-13:59:53:979 8640 9390 1
17-07-2017-13:59:54:026 9390 10140 1
17-07-2017-13:59:54:072 10140 10890 1
17-07-2017-13:59:54:120 10890 11640 1
17-07-2017-13:59:54:165 11640 12390 1
17-07-2017-13:59:54:213 12390 13140 1
17-07-2017-13:59:54:259 13140 13890 1
17-07-2017-13:59:54:305 13890 14640 1
17-07-2017-13:59:54:350 14640 15390 1
17-07-2017-13:59:54:396 15390 16140 1
17-07-2017-13:59:54:442 16140 16890 1
17-07-2017-13:59:54:489 16890 17640 1
17-07-2017-13:59:54:535 17640 18390 1
17-07-2017-13:59:54:583 18390 19140 1
17-07-2017-13:59:54:629 19140 19890 1
17-07-2017-13:59:54:681 19890 20640 1
17-07-2017-13:59:54:724 20640 21390 1
17-07-2017-13:59:54:770 21390 22140 1
17-07-2017-13:59:54:818 22140 22890 1
17-07-2017-13:59:54:863 22890 23640 1
17-07-2017-13:59:54:909 23640 24390 1
17-07-2017-13:59:54:961 24390 25027 1
17-07-2017-13:59:54:986 25027 25664 1
17-07-2017-13:59:55:032 25664 26301 1
17-07-2017-13:59:55:067 26301 26938 1
17-07-2017-13:59:55:113 26938 27575 1
17-07-2017-13:59:55:148 27575 28212 1
17-07-2017-13:59:55:200 28212 28849 1
17-07-2017-13:59:55:235 28849 29486 1
17-07-2017-13:59:55:269 29486 30123 1
17-07-2017-13:59:55:304 30123 30760 1
17-07-2017-13:59:55:350 30760 31397 1
17-07-2017-13:59:55:385 31397 32034 1
17-07-2017-13:59:55:437 32034 32671 1
17-07-2017-13:59:55:472 32671 33308 1
17-07-2017-13:59:55:506 33308 33945 1
17-07-2017-13:59:55:553 33945 34582 1
17-07-2017-13:59:55:589 34582 35219 1
17-07-2017-13:59:55:622 35219 35856 1
17-07-2017-13:59:55:664 35856 36493 1
17-07-2017-13:59:55:709 36493 37130 1
17-07-2017-13:59:55:745 37130 37767 1
17-07-2017-13:59:55:791 37767 38404 1
17-07-2017-13:59:55:826 38404 39041 1
17-07-2017-13:59:55:866 39041 39678 1
17-07-2017-13:59:55:911 39678 40315 1
17-07-2017-13:59:55:951 40315 40952 1
17-07-2017-13:59:55:986 40952 41589 1
17-07-2017-13:59:56:021 41589 42226 1
17-07-2017-13:59:56:067 42226 42863 1
17-07-2017-13:59:56:103 42863 43500 1
17-07-2017-13:59:56:142 43500 44137 1
17-07-2017-13:59:56:190 44137 44774 1
17-07-2017-13:59:56:225 44774 45411 1
17-07-2017-13:59:56:258 45411 46048 1
17-07-2017-13:59:56:306 46048 46685 1
17-07-2017-13:59:56:346 46685 47322 1
17-07-2017-13:59:56:381 47322 47959 1
17-07-2017-13:59:56:427 47959 48596 1
17-07-2017-13:59:56:462 48596 49233 1
17-07-2017-13:59:56:508 49233 49870 1
17-07-2017-13:59:56:708 49870 50507 1
17-07-2017-13:59:56:709 50507 51144 1
17-07-2017-13:59:56:709 51144 51781 1
17-07-2017-13:59:56:709 51781 52418 1
17-07-2017-13:59:56:709 52418 53055 1
17-07-2017-13:59:56:743 53055 53692 1
17-07-2017-13:59:56:778 53692 54329 1
17-07-2017-13:59:56:826 54329 54966 1
17-07-2017-13:59:56:859 54966 55603 1
17-07-2017-13:59:56:907 55603 56240 1
17-07-2017-13:59:56:946 56240 56877 1
17-07-2017-13:59:56:981 56877 57514 1
17-07-2017-13:59:57:017 57514 58151 1
17-07-2017-13:59:57:062 58151 58788 1
17-07-2017-13:59:57:098 58788 59425 1
17-07-2017-13:59:57:143 59425 60062 1
17-07-2017-13:59:57:183 60062 60699 1
17-07-2017-13:59:57:218 60699 61336 1
17-07-2017-13:59:57:264 61336 61973 1
17-07-2017-13:59:57:301 61973 62610 1
17-07-2017-13:59:57:336 62610 63247 1
17-07-2017-13:59:57:381 63247 63884 1
17-07-2017-13:59:57:417 63884 64521 1
17-07-2017-13:59:57:460 64521 65158 1
17-07-2017-13:59:57:496 65158 65795 1
17-07-2017-13:59:57:541 65795 66432 1
17-07-2017-13:59:57:577 66432 67069 1
17-07-2017-13:59:57:622 67069 67706 1
17-07-2017-13:59:57:662 67706 68343 1
17-07-2017-13:59:57:699 68343 68980 1
17-07-2017-13:59:57:732 68980 69617 1
17-07-2017-13:59:57:778 69617 70254 1
17-07-2017-13:59:57:813 70254 70891 1
17-07-2017-13:59:57:853 70891 71528 1
17-07-2017-13:59:57:901 71528 72165 1
17-07-2017-13:59:57:936 72165 72802 1
17-07-2017-13:59:57:982 72802 73439 1
17-07-2017-13:59:58:017 73439 74076 1
17-07-2017-13:59:58:056 74076 74713 1
17-07-2017-13:59:58:092 74713 75350 1
17-07-2017-13:59:58:138 75350 75987 1
17-07-2017-13:59:58:173 75987 76624 1
17-07-2017-13:59:58:219 76624 77261 1
17-07-2017-13:59:58:258 77261 77898 1
17-07-2017-13:59:58:294 77898 78535 1
17-07-2017-13:59:58:339 78535 79172 1
17-07-2017-13:59:58:375 79172 79809 1
17-07-2017-13:59:58:410 79809 80446 1
17-07-2017-13:59:58:450 80446 81083 1
17-07-2017-13:59:58:497 81083 81720 1
17-07-2017-13:59:58:531 81720 82357 1
17-07-2017-13:59:58:578 82357 82994 1
17-07-2017-13:59:58:618 82994 83631 1
17-07-2017-13:59:58:653 83631 84268 1
17-07-2017-13:59:58:689 84268 84905 1
17-07-2017-13:59:58:734 84905 85542 1
17-07-2017-13:59:58:770 85542 86179 1
17-07-2017-13:59:58:815 86179 86816 1
17-07-2017-13:59:58:851 86816 87453 1
17-07-2017-13:59:58:903 87453 88090 1
17-07-2017-13:59:58:930 88090 88727 1
17-07-2017-13:59:58:977 88727 89364 1
17-07-2017-13:59:59:011 89364 90001 1
17-07-2017-13:59:59:046 90001 90638 1
17-07-2017-13:59:59:092 90638 91275 1
17-07-2017-13:59:59:138 91275 91912 1
17-07-2017-13:59:59:173 91912 92549 1
17-07-2017-13:59:59:208 92549 93186 1
17-07-2017-13:59:59:253 93186 93823 1
17-07-2017-13:59:59:289 93823 94460 1
17-07-2017-13:59:59:335 94460 95097 1
17-07-2017-13:59:59:370 95097 95734 1
17-07-2017-13:59:59:405 95734 96371 1
17-07-2017-13:59:59:445 96371 97008 1
17-07-2017-13:59:59:491 97008 97645 1
17-07-2017-13:59:59:526 97645 98282 1
17-07-2017-13:59:59:574 98282 98919 1
17-07-2017-13:59:59:607 98919 99556 1
17-07-2017-13:59:59:647 99556 100193 1
17-07-2017-13:59:59:856 100193 100830 1
17-07-2017-13:59:59:857 100830 101467 1
17-07-2017-13:59:59:857 101467 102104 1
17-07-2017-13:59:59:857 102104 102741 1
17-07-2017-13:59:59:857 102741 103378 1
17-07-2017-13:59:59:886 103378 104015 1
17-07-2017-13:59:59:938 104015 104652 1
17-07-2017-13:59:59:971 104652 105289 1
17-07-2017-14:00:00:006 105289 105926 1
17-07-2017-14:00:00:042 105926 106563 1
17-07-2017-14:00:00:081 106563 107200 1
17-07-2017-14:00:00:129 107200 107837 1
17-07-2017-14:00:00:162 107837 108474 1
17-07-2017-14:00:00:214 108474 109111 1
17-07-2017-14:00:00:249 109111 109748 1
17-07-2017-14:00:00:285 109748 110385 1
17-07-2017-14:00:00:330 110385 111022 1
17-07-2017-14:00:00:370 111022 111659 1
17-07-2017-14:00:00:405 111659 112296 1
17-07-2017-14:00:00:445 112296 112933 1
17-07-2017-14:00:00:480 112933 113570 1
17-07-2017-14:00:00:526 113570 114207 1
17-07-2017-14:00:00:565 114207 114844 1
17-07-2017-14:00:00:600 114844 115481 1
17-07-2017-14:00:00:648 115481 116118 1
17-07-2017-14:00:00:681 116118 116755 1
17-07-2017-14:00:00:733 116755 117392 1
17-07-2017-14:00:00:769 117392 118029 1
17-07-2017-14:00:00:804 118029 118666 1
17-07-2017-14:00:00:837 118666 119303 1
17-07-2017-14:00:00:885 119303 119940 1
17-07-2017-14:00:00:920 119940 120577 1
17-07-2017-14:00:00:960 120577 121214 1
17-07-2017-14:00:01:006 121214 121851 1
17-07-2017-14:00:01:041 121851 122488 1
17-07-2017-14:00:01:087 122488 123125 1
17-07-2017-14:00:01:122 123125 123762 1
17-07-2017-14:00:01:157 123762 124399 1
17-07-2017-14:00:01:197 124399 125036 1
17-07-2017-14:00:01:243 125036 125673 1
17-07-2017-14:00:01:278 125673 126310 1
17-07-2017-14:00:01:324 126310 126947 1
17-07-2017-14:00:01:359 126947 127584 1
17-07-2017-14:00:01:411 127584 128221 1
17-07-2017-14:00:01:444 128221 128858 1
17-07-2017-14:00:01:479 128858 129495 1
17-07-2017-14:00:01:515 129495 130132 1
17-07-2017-14:00:01:560 130132 130769 1
17-07-2017-14:00:01:596 130769 131406 1
17-07-2017-14:00:01:635 131406 132043 1
17-07-2017-14:00:01:683 132043 132680 1
17-07-2017-14:00:01:716 132680 133317 1
