18-07-2017-18:07:20:620 0 800 1
18-07-2017-18:07:20:667 800 1600 1
18-07-2017-18:07:20:713 1600 2400 1
18-07-2017-18:07:20:766 2400 3152 1
18-07-2017-18:07:20:818 3152 3904 1
18-07-2017-18:07:20:864 3904 4656 1
18-07-2017-18:07:20:905 4656 5408 1
18-07-2017-18:07:20:951 5408 6160 1
18-07-2017-18:07:21:004 6160 6912 1
18-07-2017-18:07:21:049 6912 7664 1
18-07-2017-18:07:21:097 7664 8416 1
18-07-2017-18:07:21:142 8416 9168 1
18-07-2017-18:07:21:192 9168 9920 1
18-07-2017-18:07:21:236 9920 10672 1
18-07-2017-18:07:21:286 10672 11424 1
18-07-2017-18:07:21:335 11424 12176 1
18-07-2017-18:07:21:382 12176 12928 1
18-07-2017-18:07:21:435 12928 13680 1
18-07-2017-18:07:21:481 13680 14432 1
18-07-2017-18:07:21:520 14432 15184 1
18-07-2017-18:07:21:565 15184 15936 1
18-07-2017-18:07:21:611 15936 16688 1
18-07-2017-18:07:21:661 16688 17440 1
18-07-2017-18:07:21:713 17440 18128 1
18-07-2017-18:07:21:748 18128 18816 1
18-07-2017-18:07:21:784 18816 19504 1
18-07-2017-18:07:21:831 19504 20192 1
18-07-2017-18:07:21:874 20192 20880 1
18-07-2017-18:07:21:916 20880 21568 1
18-07-2017-18:07:21:961 21568 22256 1
18-07-2017-18:07:22:005 22256 22944 1
18-07-2017-18:07:22:043 22944 23632 1
18-07-2017-18:07:22:090 23632 24320 1
18-07-2017-18:07:22:138 24320 25008 1
18-07-2017-18:07:22:172 25008 25696 1
18-07-2017-18:07:22:218 25696 26384 1
18-07-2017-18:07:22:265 26384 27072 1
18-07-2017-18:07:22:300 27072 27760 1
18-07-2017-18:07:22:347 27760 28448 1
18-07-2017-18:07:22:387 28448 29136 1
18-07-2017-18:07:22:434 29136 29824 1
18-07-2017-18:07:22:481 29824 30512 1
18-07-2017-18:07:22:515 30512 31200 1
18-07-2017-18:07:22:563 31200 31888 1
18-07-2017-18:07:22:608 31888 32576 1
18-07-2017-18:07:22:645 32576 33264 1
18-07-2017-18:07:22:690 33264 33952 1
18-07-2017-18:07:22:734 33952 34640 1
18-07-2017-18:07:22:780 34640 35328 1
18-07-2017-18:07:22:814 35328 36016 1
18-07-2017-18:07:22:861 36016 36704 1
18-07-2017-18:07:22:909 36704 37392 1
18-07-2017-18:07:22:949 37392 38080 1
18-07-2017-18:07:22:989 38080 38768 1
18-07-2017-18:07:23:041 38768 39456 1
18-07-2017-18:07:23:080 39456 40144 1
18-07-2017-18:07:23:116 40144 40832 1
18-07-2017-18:07:23:162 40832 41520 1
18-07-2017-18:07:23:204 41520 42208 1
18-07-2017-18:07:23:249 42208 42896 1
18-07-2017-18:07:23:297 42896 43584 1
18-07-2017-18:07:23:332 43584 44272 1
18-07-2017-18:07:23:378 44272 44960 1
18-07-2017-18:07:23:424 44960 45648 1
18-07-2017-18:07:23:460 45648 46336 1
18-07-2017-18:07:23:507 46336 47024 1
18-07-2017-18:07:23:552 47024 47712 1
18-07-2017-18:07:24:107 47712 48400 1
18-07-2017-18:07:24:108 48400 49088 1
18-07-2017-18:07:24:108 49088 49776 1
18-07-2017-18:07:24:108 49776 50464 1
18-07-2017-18:07:24:108 50464 51152 1
18-07-2017-18:07:24:108 51152 51840 1
18-07-2017-18:07:24:109 51840 52528 1
18-07-2017-18:07:24:109 52528 53216 1
18-07-2017-18:07:24:109 53216 53904 1
18-07-2017-18:07:24:109 53904 54592 1
18-07-2017-18:07:24:109 54592 55280 1
18-07-2017-18:07:24:109 55280 55968 1
18-07-2017-18:07:24:109 55968 56656 1
18-07-2017-18:07:24:157 56656 57344 1
18-07-2017-18:07:24:194 57344 58032 1
18-07-2017-18:07:24:236 58032 58720 1
18-07-2017-18:07:24:283 58720 59408 1
18-07-2017-18:07:24:318 59408 60096 1
18-07-2017-18:07:24:365 60096 60784 1
18-07-2017-18:07:24:413 60784 61472 1
18-07-2017-18:07:24:458 61472 62160 1
18-07-2017-18:07:24:494 62160 62848 1
18-07-2017-18:07:24:541 62848 63536 1
18-07-2017-18:07:24:601 63536 64206 1
18-07-2017-18:07:24:622 64206 64876 1
18-07-2017-18:07:24:670 64876 65546 1
18-07-2017-18:07:24:703 65546 66216 1
18-07-2017-18:07:24:753 66216 66886 1
18-07-2017-18:07:24:802 66886 67556 1
18-07-2017-18:07:24:840 67556 68226 1
18-07-2017-18:07:24:873 68226 68896 1
18-07-2017-18:07:24:921 68896 69566 1
18-07-2017-18:07:24:959 69566 70236 1
18-07-2017-18:07:24:999 70236 70906 1
18-07-2017-18:07:25:042 70906 71576 1
18-07-2017-18:07:25:088 71576 72246 1
18-07-2017-18:07:25:124 72246 72916 1
18-07-2017-18:07:25:170 72916 73586 1
18-07-2017-18:07:25:205 73586 74256 1
18-07-2017-18:07:25:253 74256 74926 1
18-07-2017-18:07:25:305 74926 75592 1
18-07-2017-18:07:25:340 75592 76258 1
18-07-2017-18:07:25:384 76258 76924 1
18-07-2017-18:07:25:416 76924 77590 1
18-07-2017-18:07:25:462 77590 78256 1
18-07-2017-18:07:25:496 78256 78922 1
18-07-2017-18:07:25:544 78922 79588 1
18-07-2017-18:07:25:579 79588 80254 1
18-07-2017-18:07:25:626 80254 80920 1
18-07-2017-18:07:25:669 80920 81586 1
18-07-2017-18:07:25:704 81586 82252 1
18-07-2017-18:07:25:750 82252 82918 1
18-07-2017-18:07:25:798 82918 83584 1
18-07-2017-18:07:25:834 83584 84250 1
18-07-2017-18:07:25:879 84250 84916 1
18-07-2017-18:07:25:914 84916 85582 1
18-07-2017-18:07:25:960 85582 86248 1
18-07-2017-18:07:25:996 86248 86914 1
18-07-2017-18:07:26:044 86914 87580 1
18-07-2017-18:07:26:090 87580 88246 1
18-07-2017-18:07:26:123 88246 88912 1
18-07-2017-18:07:26:161 88912 89578 1
18-07-2017-18:07:26:210 89578 90244 1
18-07-2017-18:07:26:255 90244 90910 1
18-07-2017-18:07:26:291 90910 91576 1
18-07-2017-18:07:26:342 91576 92242 1
18-07-2017-18:07:26:382 92242 92908 1
18-07-2017-18:07:26:419 92908 93574 1
18-07-2017-18:07:26:463 93574 94240 1
18-07-2017-18:07:26:497 94240 94906 1
18-07-2017-18:07:26:543 94906 95572 1
18-07-2017-18:07:26:579 95572 96238 1
18-07-2017-18:07:26:624 96238 96904 1
18-07-2017-18:07:26:672 96904 97570 1
18-07-2017-18:07:26:708 97570 98236 1
18-07-2017-18:07:26:921 98236 98902 1
18-07-2017-18:07:26:923 98902 99568 1
18-07-2017-18:07:26:923 99568 100234 1
18-07-2017-18:07:26:924 100234 100900 1
18-07-2017-18:07:26:924 100900 101566 1
18-07-2017-18:07:26:951 101566 102232 1
18-07-2017-18:07:26:998 102232 102898 1
18-07-2017-18:07:27:049 102898 103564 1
18-07-2017-18:07:27:077 103564 104230 1
18-07-2017-18:07:27:121 104230 104896 1
18-07-2017-18:07:27:167 104896 105562 1
18-07-2017-18:07:27:202 105562 106228 1
18-07-2017-18:07:27:248 106228 106894 1
18-07-2017-18:07:27:296 106894 107560 1
18-07-2017-18:07:27:331 107560 108226 1
18-07-2017-18:07:27:377 108226 108892 1
18-07-2017-18:07:27:416 108892 109558 1
18-07-2017-18:07:27:519 109558 110224 1
18-07-2017-18:07:27:521 110224 110890 1
18-07-2017-18:07:27:541 110890 111556 1
18-07-2017-18:07:27:587 111556 112222 1
18-07-2017-18:07:27:621 112222 112888 1
18-07-2017-18:07:27:661 112888 113554 1
18-07-2017-18:07:27:707 113554 114220 1
18-07-2017-18:07:27:742 114220 114886 1
18-07-2017-18:07:27:793 114886 115446 1
18-07-2017-18:07:27:821 115446 116006 1
18-07-2017-18:07:27:856 116006 116566 1
18-07-2017-18:07:27:890 116566 117126 1
18-07-2017-18:07:27:927 117126 117686 1
18-07-2017-18:07:27:961 117686 118246 1
18-07-2017-18:07:27:996 118246 118806 1
18-07-2017-18:07:28:031 118806 119366 1
18-07-2017-18:07:28:066 119366 119926 1
18-07-2017-18:07:28:101 119926 120486 1
18-07-2017-18:07:28:134 120486 121046 1
18-07-2017-18:07:28:170 121046 121606 1
18-07-2017-18:07:28:206 121606 122166 1
18-07-2017-18:07:28:240 122166 122726 1
18-07-2017-18:07:28:275 122726 123286 1
18-07-2017-18:07:28:311 123286 123846 1
18-07-2017-18:07:28:345 123846 124406 1
18-07-2017-18:07:28:379 124406 124966 1
18-07-2017-18:07:28:412 124966 125526 1
18-07-2017-18:07:28:448 125526 126086 1
18-07-2017-18:07:28:482 126086 126646 1
18-07-2017-18:07:28:517 126646 127206 1
18-07-2017-18:07:28:553 127206 127766 1
18-07-2017-18:07:28:588 127766 128326 1
18-07-2017-18:07:28:622 128326 128886 1
18-07-2017-18:07:28:657 128886 129446 1
18-07-2017-18:07:28:692 129446 130006 1
18-07-2017-18:07:28:726 130006 130566 1
18-07-2017-18:07:28:763 130566 131126 1
18-07-2017-18:07:28:796 131126 131686 1
18-07-2017-18:07:28:831 131686 132246 1
18-07-2017-18:07:28:866 132246 132806 1
18-07-2017-18:07:28:902 132806 133366 1
18-07-2017-18:07:28:937 133366 133926 1
18-07-2017-18:07:28:971 133926 134486 1
18-07-2017-18:07:29:003 134486 135046 1
18-07-2017-18:07:29:039 135046 135606 1
18-07-2017-18:07:29:076 135606 136166 1
18-07-2017-18:07:29:110 136166 136726 1
18-07-2017-18:07:29:143 136726 137286 1
18-07-2017-18:07:29:186 137286 137846 1
18-07-2017-18:07:29:213 137846 138406 1
18-07-2017-18:07:29:249 138406 138966 1
18-07-2017-18:07:29:284 138966 139526 1
18-07-2017-18:07:29:320 139526 140086 1
18-07-2017-18:07:29:358 140086 140646 1
18-07-2017-18:07:29:388 140646 141206 1
18-07-2017-18:07:29:425 141206 141766 1
18-07-2017-18:07:29:458 141766 142326 1
18-07-2017-18:07:29:494 142326 142886 1
18-07-2017-18:07:29:530 142886 143446 1
18-07-2017-18:07:29:564 143446 144006 1
18-07-2017-18:07:29:599 144006 144566 1
18-07-2017-18:07:29:633 144566 145126 1
18-07-2017-18:07:29:669 145126 145686 1
18-07-2017-18:07:29:704 145686 146246 1
18-07-2017-18:07:29:739 146246 146806 1
18-07-2017-18:07:29:774 146806 147366 1
18-07-2017-18:07:29:809 147366 147926 1
18-07-2017-18:07:29:844 147926 148486 1
18-07-2017-18:07:29:879 148486 149046 1
18-07-2017-18:07:29:914 149046 149606 1
18-07-2017-18:07:29:948 149606 150166 1
18-07-2017-18:07:29:983 150166 150726 1
18-07-2017-18:07:30:019 150726 151286 1
18-07-2017-18:07:30:054 151286 151846 1
18-07-2017-18:07:30:090 151846 152406 1
18-07-2017-18:07:30:125 152406 152966 1
18-07-2017-18:07:30:158 152966 153526 1
18-07-2017-18:07:30:193 153526 154086 1
18-07-2017-18:07:30:228 154086 154646 1
18-07-2017-18:07:30:263 154646 155206 1
18-07-2017-18:07:30:298 155206 155766 1
18-07-2017-18:07:30:334 155766 156326 1
18-07-2017-18:07:30:369 156326 156886 1
18-07-2017-18:07:30:404 156886 157446 1
18-07-2017-18:07:30:448 157446 158006 1
18-07-2017-18:07:30:482 158006 158566 1
18-07-2017-18:07:30:517 158566 159126 1
18-07-2017-18:07:30:552 159126 159686 1
18-07-2017-18:07:31:060 159686 160246 1
18-07-2017-18:07:31:062 160246 160806 1
18-07-2017-18:07:31:062 160806 161366 1
18-07-2017-18:07:31:063 161366 161926 1
18-07-2017-18:07:31:063 161926 162486 1
18-07-2017-18:07:31:063 162486 163046 1
18-07-2017-18:07:31:063 163046 163606 1
18-07-2017-18:07:31:063 163606 164166 1
18-07-2017-18:07:31:063 164166 164726 1
18-07-2017-18:07:31:064 164726 165286 1
18-07-2017-18:07:31:064 165286 165846 1
18-07-2017-18:07:31:064 165846 166406 1
18-07-2017-18:07:31:064 166406 166966 1
18-07-2017-18:07:31:064 166966 167526 1
18-07-2017-18:07:31:077 167526 168086 1
18-07-2017-18:07:31:112 168086 168646 1
18-07-2017-18:07:31:145 168646 169206 1
18-07-2017-18:07:31:182 169206 169766 1
18-07-2017-18:07:31:216 169766 170326 1
18-07-2017-18:07:31:257 170326 170886 1
18-07-2017-18:07:31:287 170886 171446 1
18-07-2017-18:07:31:324 171446 172006 1
18-07-2017-18:07:31:355 172006 172566 1
18-07-2017-18:07:31:391 172566 173126 1
18-07-2017-18:07:31:426 173126 173686 1
18-07-2017-18:07:31:457 173686 174246 1
18-07-2017-18:07:31:493 174246 174806 1
18-07-2017-18:07:31:527 174806 175366 1
18-07-2017-18:07:31:562 175366 175926 1
18-07-2017-18:07:31:597 175926 176486 1
18-07-2017-18:07:31:633 176486 177046 1
18-07-2017-18:07:31:668 177046 177606 1
18-07-2017-18:07:31:702 177606 178166 1
18-07-2017-18:07:31:736 178166 178726 1
18-07-2017-18:07:31:775 178726 179286 1
18-07-2017-18:07:31:807 179286 179846 1
18-07-2017-18:07:31:844 179846 180406 1
18-07-2017-18:07:31:881 180406 180966 1
18-07-2017-18:07:31:913 180966 181526 1
18-07-2017-18:07:31:946 181526 182086 1
18-07-2017-18:07:31:981 182086 182646 1
18-07-2017-18:07:32:016 182646 183206 1
18-07-2017-18:07:32:052 183206 183766 1
18-07-2017-18:07:32:087 183766 184326 1
18-07-2017-18:07:32:122 184326 184886 1
18-07-2017-18:07:32:156 184886 185446 1
18-07-2017-18:07:32:191 185446 186006 1
18-07-2017-18:07:32:227 186006 186566 1
18-07-2017-18:07:32:262 186566 187126 1
18-07-2017-18:07:32:322 187126 187686 1
18-07-2017-18:07:32:332 187686 188246 1
18-07-2017-18:07:32:366 188246 188806 1
18-07-2017-18:07:32:402 188806 189366 1
18-07-2017-18:07:32:436 189366 189926 1
18-07-2017-18:07:32:472 189926 190486 1
18-07-2017-18:07:32:507 190486 191046 1
18-07-2017-18:07:32:542 191046 191606 1
18-07-2017-18:07:32:576 191606 192166 1
18-07-2017-18:07:32:624 192166 192726 1
18-07-2017-18:07:32:647 192726 193286 1
18-07-2017-18:07:32:681 193286 193846 1
18-07-2017-18:07:32:716 193846 194406 1
18-07-2017-18:07:32:753 194406 194966 1
18-07-2017-18:07:32:787 194966 195526 1
18-07-2017-18:07:32:821 195526 196086 1
18-07-2017-18:07:32:857 196086 196646 1
18-07-2017-18:07:32:892 196646 197206 1
18-07-2017-18:07:32:990 197206 197766 1
18-07-2017-18:07:32:991 197766 198326 1
18-07-2017-18:07:32:997 198326 198886 1
18-07-2017-18:07:33:031 198886 199446 1
18-07-2017-18:07:33:066 199446 200006 1
18-07-2017-18:07:33:101 200006 200566 1
18-07-2017-18:07:33:141 200566 201126 1
18-07-2017-18:07:33:171 201126 201686 1
18-07-2017-18:07:33:207 201686 202246 1
18-07-2017-18:07:33:243 202246 202806 1
18-07-2017-18:07:33:278 202806 203366 1
18-07-2017-18:07:33:311 203366 203926 1
18-07-2017-18:07:33:346 203926 204486 1
18-07-2017-18:07:33:382 204486 205046 1
18-07-2017-18:07:33:416 205046 205606 1
18-07-2017-18:07:33:453 205606 206166 1
18-07-2017-18:07:33:486 206166 206726 1
18-07-2017-18:07:33:530 206726 207286 1
18-07-2017-18:07:33:553 207286 207846 1
18-07-2017-18:07:33:588 207846 208406 1
18-07-2017-18:07:33:623 208406 208966 1
18-07-2017-18:07:33:657 208966 209526 1
18-07-2017-18:07:33:692 209526 210086 1
18-07-2017-18:07:33:738 210086 210646 1
18-07-2017-18:07:33:772 210646 211206 1
18-07-2017-18:07:33:807 211206 211766 1
18-07-2017-18:07:33:842 211766 212326 1
18-07-2017-18:07:33:877 212326 212886 1
18-07-2017-18:07:33:913 212886 213446 1
18-07-2017-18:07:33:946 213446 214006 1
18-07-2017-18:07:33:982 214006 214566 1
18-07-2017-18:07:34:017 214566 215126 1
18-07-2017-18:07:34:052 215126 215686 1
18-07-2017-18:07:34:088 215686 216246 1
18-07-2017-18:07:34:121 216246 216806 1
18-07-2017-18:07:34:157 216806 217366 1
18-07-2017-18:07:34:192 217366 217926 1
18-07-2017-18:07:34:226 217926 218486 1
18-07-2017-18:07:34:262 218486 219046 1
18-07-2017-18:07:34:296 219046 219606 1
18-07-2017-18:07:34:331 219606 220166 1
18-07-2017-18:07:34:366 220166 220726 1
18-07-2017-18:07:34:399 220726 221286 1
18-07-2017-18:07:34:433 221286 221846 1
18-07-2017-18:07:34:468 221846 222406 1
18-07-2017-18:07:34:503 222406 222966 1
18-07-2017-18:07:34:539 222966 223526 1
18-07-2017-18:07:34:573 223526 224086 1
18-07-2017-18:07:34:608 224086 224646 1
18-07-2017-18:07:34:645 224646 225206 1
18-07-2017-18:07:34:679 225206 225766 1
18-07-2017-18:07:34:714 225766 226326 1
18-07-2017-18:07:34:749 226326 226886 1
18-07-2017-18:07:34:783 226886 227446 1
18-07-2017-18:07:34:819 227446 228006 1
18-07-2017-18:07:34:854 228006 228566 1
18-07-2017-18:07:34:888 228566 229126 1
18-07-2017-18:07:34:923 229126 229686 1
18-07-2017-18:07:34:960 229686 230246 1
18-07-2017-18:07:34:993 230246 230806 1
18-07-2017-18:07:35:030 230806 231366 1
18-07-2017-18:07:35:063 231366 231926 1
18-07-2017-18:07:35:098 231926 232486 1
18-07-2017-18:07:35:134 232486 233046 1
18-07-2017-18:07:35:170 233046 233606 1
18-07-2017-18:07:35:203 233606 234166 1
18-07-2017-18:07:35:238 234166 234726 1
18-07-2017-18:07:35:274 234726 235286 1
18-07-2017-18:07:35:308 235286 235846 1
18-07-2017-18:07:35:347 235846 236406 1
18-07-2017-18:07:35:378 236406 236966 1
18-07-2017-18:07:35:414 236966 237526 1
18-07-2017-18:07:35:448 237526 238086 1
18-07-2017-18:07:35:483 238086 238646 1
18-07-2017-18:07:35:519 238646 239206 1
18-07-2017-18:07:35:554 239206 239766 1
18-07-2017-18:07:35:587 239766 240326 1
18-07-2017-18:07:35:623 240326 240886 1
18-07-2017-18:07:35:663 240886 241446 1
18-07-2017-18:07:35:806 241446 242006 1
18-07-2017-18:07:35:807 242006 242566 1
18-07-2017-18:07:35:807 242566 243126 1
18-07-2017-18:07:35:807 243126 243686 1
18-07-2017-18:07:35:836 243686 244246 1
18-07-2017-18:07:35:872 244246 244806 1
18-07-2017-18:07:35:906 244806 245366 1
18-07-2017-18:07:35:942 245366 245926 1
18-07-2017-18:07:35:977 245926 246486 1
18-07-2017-18:07:36:013 246486 247046 1
18-07-2017-18:07:36:047 247046 247606 1
18-07-2017-18:07:36:081 247606 248166 1
18-07-2017-18:07:36:117 248166 248726 1
18-07-2017-18:07:36:152 248726 249286 1
18-07-2017-18:07:36:186 249286 249846 1
18-07-2017-18:07:36:221 249846 250406 1
18-07-2017-18:07:36:256 250406 250966 1
18-07-2017-18:07:36:288 250966 251526 1
18-07-2017-18:07:36:322 251526 252086 1
18-07-2017-18:07:36:358 252086 252646 1
18-07-2017-18:07:36:394 252646 253206 1
18-07-2017-18:07:36:429 253206 253766 1
18-07-2017-18:07:36:462 253766 254326 1
18-07-2017-18:07:36:498 254326 254886 1
18-07-2017-18:07:36:533 254886 255446 1
18-07-2017-18:07:36:567 255446 256006 1
18-07-2017-18:07:36:603 256006 256566 1
18-07-2017-18:07:36:641 256566 257126 1
18-07-2017-18:07:36:676 257126 257686 1
18-07-2017-18:07:36:712 257686 258246 1
18-07-2017-18:07:36:746 258246 258806 1
18-07-2017-18:07:36:781 258806 259366 1
18-07-2017-18:07:36:816 259366 259926 1
18-07-2017-18:07:36:851 259926 260486 1
18-07-2017-18:07:36:885 260486 261046 1
18-07-2017-18:07:36:921 261046 261606 1
18-07-2017-18:07:36:956 261606 262166 1
18-07-2017-18:07:36:992 262166 262726 1
18-07-2017-18:07:37:025 262726 263286 1
18-07-2017-18:07:37:061 263286 263846 1
18-07-2017-18:07:37:096 263846 264406 1
18-07-2017-18:07:37:131 264406 264966 1
18-07-2017-18:07:37:165 264966 265526 1
18-07-2017-18:07:37:200 265526 266086 1
18-07-2017-18:07:37:235 266086 266646 1
18-07-2017-18:07:37:270 266646 267206 1
18-07-2017-18:07:37:306 267206 267766 1
18-07-2017-18:07:37:341 267766 268326 1
18-07-2017-18:07:37:372 268326 268886 1
18-07-2017-18:07:37:406 268886 269446 1
18-07-2017-18:07:37:441 269446 270006 1
18-07-2017-18:07:37:475 270006 270566 1
18-07-2017-18:07:37:512 270566 271126 1
18-07-2017-18:07:37:547 271126 271686 1
18-07-2017-18:07:37:587 271686 272246 1
18-07-2017-18:07:37:617 272246 272806 1
18-07-2017-18:07:37:651 272806 273366 1
18-07-2017-18:07:37:686 273366 273926 1
18-07-2017-18:07:37:720 273926 274486 1
18-07-2017-18:07:37:755 274486 275046 1
18-07-2017-18:07:37:791 275046 275606 1
18-07-2017-18:07:37:826 275606 276166 1
18-07-2017-18:07:37:861 276166 276726 1
18-07-2017-18:07:37:896 276726 277286 1
18-07-2017-18:07:37:930 277286 277846 1
18-07-2017-18:07:37:965 277846 278406 1
18-07-2017-18:07:38:001 278406 278966 1
18-07-2017-18:07:38:069 278966 279526 1
18-07-2017-18:07:38:072 279526 280086 1
18-07-2017-18:07:38:106 280086 280646 1
18-07-2017-18:07:38:141 280646 281206 1
18-07-2017-18:07:38:177 281206 281766 1
18-07-2017-18:07:38:212 281766 282326 1
18-07-2017-18:07:38:247 282326 282886 1
18-07-2017-18:07:38:280 282886 283446 1
18-07-2017-18:07:38:316 283446 284006 1
18-07-2017-18:07:38:350 284006 284566 1
18-07-2017-18:07:38:385 284566 285126 1
18-07-2017-18:07:38:420 285126 285686 1
18-07-2017-18:07:38:456 285686 286246 1
18-07-2017-18:07:38:490 286246 286806 1
18-07-2017-18:07:38:530 286806 287366 1
18-07-2017-18:07:38:563 287366 287926 1
18-07-2017-18:07:38:596 287926 288486 1
18-07-2017-18:07:38:632 288486 289046 1
18-07-2017-18:07:38:669 289046 289606 1
18-07-2017-18:07:38:702 289606 290166 1
18-07-2017-18:07:38:736 290166 290726 1
18-07-2017-18:07:38:771 290726 291286 1
18-07-2017-18:07:38:807 291286 291846 1
18-07-2017-18:07:38:843 291846 292406 1
18-07-2017-18:07:38:877 292406 292966 1
18-07-2017-18:07:38:912 292966 293526 1
18-07-2017-18:07:38:948 293526 294086 1
18-07-2017-18:07:38:981 294086 294646 1
18-07-2017-18:07:39:017 294646 295206 1
18-07-2017-18:07:39:051 295206 295766 1
18-07-2017-18:07:39:087 295766 296326 1
18-07-2017-18:07:39:121 296326 296886 1
18-07-2017-18:07:39:157 296886 297446 1
18-07-2017-18:07:39:192 297446 298006 1
18-07-2017-18:07:39:226 298006 298566 1
18-07-2017-18:07:39:261 298566 299126 1
18-07-2017-18:07:39:296 299126 299686 1
18-07-2017-18:07:39:331 299686 300246 1
18-07-2017-18:07:39:367 300246 300806 1
18-07-2017-18:07:39:402 300806 301366 1
18-07-2017-18:07:39:437 301366 301926 1
18-07-2017-18:07:39:471 301926 302486 1
18-07-2017-18:07:39:506 302486 303046 1
18-07-2017-18:07:39:546 303046 303606 1
18-07-2017-18:07:39:577 303606 304166 1
18-07-2017-18:07:39:611 304166 304726 1
18-07-2017-18:07:39:646 304726 305286 1
18-07-2017-18:07:39:681 305286 305846 1
18-07-2017-18:07:39:716 305846 306406 1
18-07-2017-18:07:39:750 306406 306966 1
18-07-2017-18:07:39:785 306966 307526 1
18-07-2017-18:07:39:821 307526 308086 1
18-07-2017-18:07:39:856 308086 308646 1
18-07-2017-18:07:39:890 308646 309206 1
18-07-2017-18:07:39:926 309206 309766 1
18-07-2017-18:07:39:961 309766 310326 1
18-07-2017-18:07:39:995 310326 310886 1
18-07-2017-18:07:40:031 310886 311446 1
18-07-2017-18:07:40:065 311446 312006 1
18-07-2017-18:07:40:100 312006 312566 1
18-07-2017-18:07:40:141 312566 313126 1
18-07-2017-18:07:40:171 313126 313686 1
18-07-2017-18:07:40:207 313686 314246 1
18-07-2017-18:07:40:242 314246 314806 1
18-07-2017-18:07:40:278 314806 315366 1
18-07-2017-18:07:40:312 315366 315926 1
18-07-2017-18:07:40:348 315926 316486 1
18-07-2017-18:07:40:383 316486 317046 1
18-07-2017-18:07:40:417 317046 317606 1
18-07-2017-18:07:40:453 317606 318166 1
18-07-2017-18:07:40:490 318166 318726 1
18-07-2017-18:07:40:522 318726 319286 1
18-07-2017-18:07:40:556 319286 319846 1
18-07-2017-18:07:40:592 319846 320406 1
18-07-2017-18:07:40:628 320406 320966 1
18-07-2017-18:07:40:663 320966 321526 1
18-07-2017-18:07:40:697 321526 322086 1
18-07-2017-18:07:40:733 322086 322646 1
18-07-2017-18:07:40:769 322646 323206 1
18-07-2017-18:07:40:801 323206 323766 1
18-07-2017-18:07:40:837 323766 324326 1
18-07-2017-18:07:40:871 324326 324886 1
18-07-2017-18:07:40:906 324886 325446 1
18-07-2017-18:07:40:942 325446 326006 1
18-07-2017-18:07:40:976 326006 326566 1
18-07-2017-18:07:41:012 326566 327126 1
18-07-2017-18:07:41:050 327126 327686 1
18-07-2017-18:07:41:080 327686 328246 1
18-07-2017-18:07:41:116 328246 328806 1
18-07-2017-18:07:41:155 328806 329366 1
18-07-2017-18:07:41:709 329366 329926 1
18-07-2017-18:07:41:710 329926 330486 1
18-07-2017-18:07:41:710 330486 331046 1
18-07-2017-18:07:41:710 331046 331606 1
18-07-2017-18:07:41:710 331606 332166 1
18-07-2017-18:07:41:710 332166 332726 1
18-07-2017-18:07:41:710 332726 333286 1
18-07-2017-18:07:41:710 333286 333846 1
18-07-2017-18:07:41:710 333846 334406 1
18-07-2017-18:07:41:711 334406 334966 1
18-07-2017-18:07:41:711 334966 335526 1
18-07-2017-18:07:41:711 335526 336086 1
18-07-2017-18:07:41:711 336086 336646 1
18-07-2017-18:07:41:711 336646 337206 1
18-07-2017-18:07:41:711 337206 337766 1
18-07-2017-18:07:41:715 337766 338326 1
18-07-2017-18:07:41:750 338326 338886 1
18-07-2017-18:07:41:785 338886 339446 1
18-07-2017-18:07:41:820 339446 340006 1
18-07-2017-18:07:41:854 340006 340566 1
18-07-2017-18:07:41:890 340566 341126 1
18-07-2017-18:07:41:925 341126 341686 1
18-07-2017-18:07:41:959 341686 342246 1
18-07-2017-18:07:41:995 342246 342806 1
18-07-2017-18:07:42:029 342806 343366 1
18-07-2017-18:07:42:063 343366 343926 1
18-07-2017-18:07:42:098 343926 344486 1
18-07-2017-18:07:42:134 344486 345046 1
18-07-2017-18:07:42:168 345046 345606 1
18-07-2017-18:07:42:203 345606 346166 1
18-07-2017-18:07:42:239 346166 346726 1
18-07-2017-18:07:42:273 346726 347286 1
18-07-2017-18:07:42:308 347286 347846 1
18-07-2017-18:07:42:348 347846 348406 1
18-07-2017-18:07:42:384 348406 348966 1
18-07-2017-18:07:42:417 348966 349526 1
18-07-2017-18:07:42:452 349526 350086 1
18-07-2017-18:07:42:488 350086 350646 1
18-07-2017-18:07:42:523 350646 351206 1
