18-07-2017-17:48:41:882 0 800 1
18-07-2017-17:48:41:935 800 1560 1
18-07-2017-17:48:41:984 1560 2320 1
18-07-2017-17:48:42:028 2320 3080 1
18-07-2017-17:48:42:077 3080 3840 1
18-07-2017-17:48:42:126 3840 4600 1
18-07-2017-17:48:42:166 4600 5360 1
18-07-2017-17:48:42:212 5360 6120 1
18-07-2017-17:48:42:257 6120 6880 1
18-07-2017-17:48:42:306 6880 7640 1
18-07-2017-17:48:42:351 7640 8400 1
18-07-2017-17:48:42:404 8400 9014 1
18-07-2017-17:48:42:431 9014 9628 1
18-07-2017-17:48:42:476 9628 10242 1
18-07-2017-17:48:42:516 10242 10856 1
18-07-2017-17:48:42:547 10856 11470 1
18-07-2017-17:48:42:594 11470 12084 1
18-07-2017-17:48:42:627 12084 12698 1
18-07-2017-17:48:42:663 12698 13312 1
18-07-2017-17:48:42:709 13312 13926 1
18-07-2017-17:48:42:751 13926 14540 1
18-07-2017-17:48:42:789 14540 15154 1
18-07-2017-17:48:42:832 15154 15768 1
18-07-2017-17:48:42:860 15768 16382 1
18-07-2017-17:48:42:900 16382 16996 1
18-07-2017-17:48:42:931 16996 17610 1
18-07-2017-17:48:42:969 17610 18224 1
18-07-2017-17:48:43:023 18224 18838 1
18-07-2017-17:48:43:049 18838 19452 1
18-07-2017-17:48:43:087 19452 20066 1
18-07-2017-17:48:43:130 20066 20680 1
18-07-2017-17:48:43:176 20680 21294 1
18-07-2017-17:48:43:201 21294 21908 1
18-07-2017-17:48:43:236 21908 22522 1
18-07-2017-17:48:43:283 22522 23136 1
18-07-2017-17:48:43:317 23136 23750 1
18-07-2017-17:48:43:353 23750 24364 1
18-07-2017-17:48:43:399 24364 24978 1
18-07-2017-17:48:43:435 24978 25592 1
18-07-2017-17:48:43:469 25592 26206 1
18-07-2017-17:48:43:504 26206 26820 1
18-07-2017-17:48:43:551 26820 27434 1
18-07-2017-17:48:43:587 27434 28048 1
18-07-2017-17:48:43:620 28048 28662 1
18-07-2017-17:48:43:669 28662 29276 1
18-07-2017-17:48:43:702 29276 29890 1
18-07-2017-17:48:43:738 29890 30504 1
18-07-2017-17:48:43:773 30504 31118 1
18-07-2017-17:48:43:820 31118 31732 1
18-07-2017-17:48:43:855 31732 32346 1
18-07-2017-17:48:43:890 32346 32960 1
18-07-2017-17:48:43:936 32960 33574 1
18-07-2017-17:48:43:975 33574 34188 1
18-07-2017-17:48:44:017 34188 34802 1
18-07-2017-17:48:44:050 34802 35416 1
18-07-2017-17:48:44:084 35416 36030 1
18-07-2017-17:48:44:118 36030 36644 1
18-07-2017-17:48:44:166 36644 37258 1
18-07-2017-17:48:44:201 37258 37872 1
18-07-2017-17:48:44:237 37872 38486 1
18-07-2017-17:48:44:283 38486 39100 1
18-07-2017-17:48:44:317 39100 39714 1
18-07-2017-17:48:44:352 39714 40328 1
18-07-2017-17:48:44:388 40328 40942 1
18-07-2017-17:48:44:426 40942 41556 1
18-07-2017-17:48:44:472 41556 42170 1
18-07-2017-17:48:44:508 42170 42784 1
18-07-2017-17:48:44:543 42784 43398 1
18-07-2017-17:48:44:863 43398 44012 1
18-07-2017-17:48:44:864 44012 44626 1
18-07-2017-17:48:44:864 44626 45240 1
18-07-2017-17:48:44:864 45240 45854 1
18-07-2017-17:48:44:864 45854 46468 1
18-07-2017-17:48:44:864 46468 47082 1
18-07-2017-17:48:44:864 47082 47696 1
18-07-2017-17:48:44:864 47696 48310 1
18-07-2017-17:48:44:892 48310 48924 1
18-07-2017-17:48:44:936 48924 49538 1
18-07-2017-17:48:44:963 49538 50152 1
18-07-2017-17:48:45:003 50152 50766 1
18-07-2017-17:48:45:050 50766 51380 1
18-07-2017-17:48:45:085 51380 51994 1
18-07-2017-17:48:45:120 51994 52608 1
18-07-2017-17:48:45:155 52608 53222 1
18-07-2017-17:48:45:202 53222 53836 1
18-07-2017-17:48:45:236 53836 54450 1
18-07-2017-17:48:45:273 54450 55064 1
18-07-2017-17:48:45:317 55064 55678 1
18-07-2017-17:48:45:352 55678 56292 1
18-07-2017-17:48:45:388 56292 56906 1
18-07-2017-17:48:45:423 56906 57520 1
18-07-2017-17:48:45:469 57520 58134 1
18-07-2017-17:48:45:504 58134 58748 1
18-07-2017-17:48:45:538 58748 59362 1
18-07-2017-17:48:45:585 59362 59976 1
18-07-2017-17:48:45:620 59976 60590 1
18-07-2017-17:48:45:657 60590 61204 1
18-07-2017-17:48:45:691 61204 61818 1
18-07-2017-17:48:45:738 61818 62432 1
18-07-2017-17:48:45:772 62432 63046 1
18-07-2017-17:48:45:808 63046 63660 1
18-07-2017-17:48:45:853 63660 64274 1
18-07-2017-17:48:45:888 64274 64888 1
18-07-2017-17:48:45:925 64888 65502 1
18-07-2017-17:48:45:960 65502 66116 1
18-07-2017-17:48:46:006 66116 66730 1
18-07-2017-17:48:46:041 66730 67344 1
18-07-2017-17:48:46:077 67344 67958 1
18-07-2017-17:48:46:122 67958 68572 1
18-07-2017-17:48:46:158 68572 69186 1
18-07-2017-17:48:46:192 69186 69800 1
18-07-2017-17:48:46:227 69800 70414 1
18-07-2017-17:48:46:273 70414 71028 1
18-07-2017-17:48:46:308 71028 71642 1
18-07-2017-17:48:46:344 71642 72256 1
18-07-2017-17:48:46:395 72256 72870 1
18-07-2017-17:48:46:429 72870 73484 1
18-07-2017-17:48:46:464 73484 74098 1
18-07-2017-17:48:46:500 74098 74712 1
18-07-2017-17:48:46:546 74712 75326 1
18-07-2017-17:48:46:581 75326 75940 1
18-07-2017-17:48:46:617 75940 76554 1
18-07-2017-17:48:46:650 76554 77168 1
18-07-2017-17:48:46:698 77168 77782 1
18-07-2017-17:48:46:733 77782 78396 1
18-07-2017-17:48:46:769 78396 79010 1
18-07-2017-17:48:46:814 79010 79624 1
18-07-2017-17:48:46:850 79624 80238 1
18-07-2017-17:48:46:884 80238 80852 1
18-07-2017-17:48:46:920 80852 81466 1
18-07-2017-17:48:46:967 81466 82080 1
18-07-2017-17:48:47:001 82080 82694 1
18-07-2017-17:48:47:037 82694 83308 1
18-07-2017-17:48:47:083 83308 83922 1
18-07-2017-17:48:47:117 83922 84536 1
18-07-2017-17:48:47:152 84536 85150 1
18-07-2017-17:48:47:188 85150 85764 1
18-07-2017-17:48:47:234 85764 86378 1
18-07-2017-17:48:47:268 86378 86992 1
18-07-2017-17:48:47:303 86992 87606 1
18-07-2017-17:48:47:351 87606 88220 1
18-07-2017-17:48:47:386 88220 88834 1
18-07-2017-17:48:47:427 88834 89448 1
18-07-2017-17:48:47:462 89448 90062 1
18-07-2017-17:48:47:497 90062 90676 1
18-07-2017-17:48:47:544 90676 91290 1
18-07-2017-17:48:47:578 91290 91904 1
18-07-2017-17:48:47:613 91904 92518 1
18-07-2017-17:48:47:647 92518 93132 1
18-07-2017-17:48:47:694 93132 93746 1
18-07-2017-17:48:48:292 93746 94360 1
18-07-2017-17:48:48:293 94360 94974 1
18-07-2017-17:48:48:293 94974 95588 1
18-07-2017-17:48:48:293 95588 96202 1
18-07-2017-17:48:48:294 96202 96816 1
18-07-2017-17:48:48:294 96816 97430 1
18-07-2017-17:48:48:294 97430 98044 1
18-07-2017-17:48:48:294 98044 98658 1
18-07-2017-17:48:48:295 98658 99272 1
18-07-2017-17:48:48:295 99272 99886 1
18-07-2017-17:48:48:295 99886 100500 1
18-07-2017-17:48:48:295 100500 101114 1
18-07-2017-17:48:48:295 101114 101728 1
18-07-2017-17:48:48:295 101728 102342 1
18-07-2017-17:48:48:295 102342 102956 1
18-07-2017-17:48:48:308 102956 103570 1
18-07-2017-17:48:48:344 103570 104184 1
18-07-2017-17:48:48:379 104184 104798 1
18-07-2017-17:48:48:426 104798 105412 1
18-07-2017-17:48:48:465 105412 106026 1
18-07-2017-17:48:48:497 106026 106640 1
18-07-2017-17:48:48:532 106640 107254 1
18-07-2017-17:48:48:578 107254 107868 1
18-07-2017-17:48:48:612 107868 108482 1
18-07-2017-17:48:48:647 108482 109096 1
18-07-2017-17:48:48:694 109096 109710 1
18-07-2017-17:48:48:730 109710 110324 1
18-07-2017-17:48:48:763 110324 110938 1
18-07-2017-17:48:48:799 110938 111552 1
18-07-2017-17:48:48:846 111552 112166 1
18-07-2017-17:48:48:881 112166 112780 1
18-07-2017-17:48:48:921 112780 113394 1
18-07-2017-17:48:48:955 113394 114008 1
18-07-2017-17:48:49:003 114008 114622 1
18-07-2017-17:48:49:037 114622 115236 1
18-07-2017-17:48:49:072 115236 115850 1
18-07-2017-17:48:49:106 115850 116464 1
18-07-2017-17:48:49:152 116464 117078 1
18-07-2017-17:48:49:188 117078 117692 1
18-07-2017-17:48:49:224 117692 118306 1
18-07-2017-17:48:49:270 118306 118920 1
18-07-2017-17:48:49:305 118920 119534 1
18-07-2017-17:48:49:340 119534 120148 1
18-07-2017-17:48:49:374 120148 120762 1
18-07-2017-17:48:49:415 120762 121376 1
18-07-2017-17:48:49:455 121376 121990 1
18-07-2017-17:48:49:501 121990 122604 1
18-07-2017-17:48:49:536 122604 123218 1
18-07-2017-17:48:49:571 123218 123832 1
18-07-2017-17:48:49:605 123832 124446 1
18-07-2017-17:48:49:652 124446 125060 1
18-07-2017-17:48:49:688 125060 125674 1
18-07-2017-17:48:49:722 125674 126288 1
18-07-2017-17:48:49:769 126288 126902 1
18-07-2017-17:48:49:805 126902 127516 1
18-07-2017-17:48:49:839 127516 128130 1
18-07-2017-17:48:49:874 128130 128744 1
18-07-2017-17:48:49:921 128744 129358 1
18-07-2017-17:48:49:953 129358 129972 1
18-07-2017-17:48:50:000 129972 130586 1
18-07-2017-17:48:50:034 130586 131200 1
18-07-2017-17:48:50:069 131200 131814 1
18-07-2017-17:48:50:104 131814 132428 1
18-07-2017-17:48:50:152 132428 133042 1
18-07-2017-17:48:50:186 133042 133656 1
18-07-2017-17:48:50:220 133656 134270 1
18-07-2017-17:48:50:268 134270 134884 1
18-07-2017-17:48:50:302 134884 135498 1
18-07-2017-17:48:50:337 135498 136112 1
18-07-2017-17:48:50:372 136112 136726 1
18-07-2017-17:48:50:419 136726 137340 1
18-07-2017-17:48:50:459 137340 137954 1
18-07-2017-17:48:50:498 137954 138568 1
18-07-2017-17:48:50:533 138568 139182 1
18-07-2017-17:48:50:568 139182 139796 1
18-07-2017-17:48:50:602 139796 140410 1
18-07-2017-17:48:50:767 140410 141024 1
18-07-2017-17:48:50:768 141024 141638 1
18-07-2017-17:48:50:768 141638 142252 1
18-07-2017-17:48:50:769 142252 142866 1
18-07-2017-17:48:50:800 142866 143480 1
18-07-2017-17:48:50:837 143480 144094 1
18-07-2017-17:48:50:882 144094 144708 1
18-07-2017-17:48:50:919 144708 145322 1
18-07-2017-17:48:50:952 145322 145936 1
18-07-2017-17:48:50:988 145936 146550 1
18-07-2017-17:48:51:035 146550 147164 1
18-07-2017-17:48:51:068 147164 147778 1
18-07-2017-17:48:51:110 147778 148392 1
18-07-2017-17:48:51:148 148392 149006 1
18-07-2017-17:48:51:182 149006 149620 1
18-07-2017-17:48:51:220 149620 150234 1
18-07-2017-17:48:51:264 150234 150848 1
18-07-2017-17:48:51:301 150848 151462 1
18-07-2017-17:48:51:337 151462 152076 1
18-07-2017-17:48:51:382 152076 152690 1
18-07-2017-17:48:51:415 152690 153304 1
18-07-2017-17:48:51:450 153304 153918 1
18-07-2017-17:48:51:486 153918 154532 1
18-07-2017-17:48:51:532 154532 155146 1
18-07-2017-17:48:51:568 155146 155760 1
18-07-2017-17:48:51:603 155760 156374 1
18-07-2017-17:48:51:649 156374 156988 1
18-07-2017-17:48:51:684 156988 157602 1
18-07-2017-17:48:51:723 157602 158216 1
18-07-2017-17:48:51:755 158216 158830 1
18-07-2017-17:48:51:802 158830 159444 1
18-07-2017-17:48:51:837 159444 160058 1
18-07-2017-17:48:51:871 160058 160672 1
18-07-2017-17:48:51:909 160672 161286 1
18-07-2017-17:48:51:956 161286 161900 1
18-07-2017-17:48:51:990 161900 162514 1
18-07-2017-17:48:52:026 162514 163128 1
18-07-2017-17:48:52:062 163128 163742 1
18-07-2017-17:48:52:107 163742 164356 1
18-07-2017-17:48:52:144 164356 164970 1
18-07-2017-17:48:52:178 164970 165584 1
18-07-2017-17:48:52:225 165584 166198 1
18-07-2017-17:48:52:261 166198 166812 1
18-07-2017-17:48:52:295 166812 167426 1
18-07-2017-17:48:52:329 167426 168040 1
18-07-2017-17:48:52:376 168040 168654 1
18-07-2017-17:48:52:411 168654 169268 1
18-07-2017-17:48:52:447 169268 169882 1
18-07-2017-17:48:52:493 169882 170496 1
18-07-2017-17:48:52:528 170496 171110 1
18-07-2017-17:48:52:562 171110 171724 1
18-07-2017-17:48:52:609 171724 172338 1
18-07-2017-17:48:52:644 172338 172952 1
18-07-2017-17:48:52:679 172952 173566 1
18-07-2017-17:48:52:713 173566 174180 1
18-07-2017-17:48:52:761 174180 174794 1
18-07-2017-17:48:52:796 174794 175408 1
18-07-2017-17:48:52:831 175408 176022 1
18-07-2017-17:48:52:878 176022 176636 1
18-07-2017-17:48:52:915 176636 177250 1
18-07-2017-17:48:52:948 177250 177864 1
18-07-2017-17:48:52:982 177864 178478 1
18-07-2017-17:48:53:028 178478 179092 1
18-07-2017-17:48:53:063 179092 179706 1
18-07-2017-17:48:53:100 179706 180320 1
18-07-2017-17:48:53:145 180320 180934 1
18-07-2017-17:48:53:181 180934 181548 1
18-07-2017-17:48:53:215 181548 182162 1
18-07-2017-17:48:53:250 182162 182776 1
18-07-2017-17:48:53:301 182776 183390 1
18-07-2017-17:48:53:332 183390 184004 1
18-07-2017-17:48:53:367 184004 184618 1
18-07-2017-17:48:53:405 184618 185232 1
18-07-2017-17:48:53:453 185232 185846 1
18-07-2017-17:48:53:488 185846 186460 1
18-07-2017-17:48:53:523 186460 187074 1
18-07-2017-17:48:53:568 187074 187688 1
18-07-2017-17:48:53:603 187688 188302 1
18-07-2017-17:48:53:639 188302 188916 1
18-07-2017-17:48:53:674 188916 189530 1
18-07-2017-17:48:53:719 189530 190144 1
18-07-2017-17:48:53:755 190144 190758 1
18-07-2017-17:48:54:179 190758 191372 1
18-07-2017-17:48:54:181 191372 191986 1
18-07-2017-17:48:54:181 191986 192600 1
18-07-2017-17:48:54:181 192600 193214 1
18-07-2017-17:48:54:181 193214 193828 1
18-07-2017-17:48:54:181 193828 194442 1
18-07-2017-17:48:54:181 194442 195056 1
18-07-2017-17:48:54:181 195056 195670 1
18-07-2017-17:48:54:181 195670 196284 1
18-07-2017-17:48:54:181 196284 196898 1
18-07-2017-17:48:54:181 196898 197512 1
18-07-2017-17:48:54:209 197512 198126 1
18-07-2017-17:48:54:259 198126 198740 1
18-07-2017-17:48:54:291 198740 199354 1
18-07-2017-17:48:54:325 199354 199968 1
18-07-2017-17:48:54:372 199968 200582 1
18-07-2017-17:48:54:408 200582 201196 1
18-07-2017-17:48:54:443 201196 201810 1
18-07-2017-17:48:54:477 201810 202424 1
18-07-2017-17:48:54:524 202424 203038 1
18-07-2017-17:48:54:560 203038 203652 1
18-07-2017-17:48:54:593 203652 204266 1
18-07-2017-17:48:54:644 204266 204880 1
18-07-2017-17:48:54:674 204880 205494 1
18-07-2017-17:48:54:720 205494 206108 1
18-07-2017-17:48:54:754 206108 206722 1
18-07-2017-17:48:54:790 206722 207336 1
18-07-2017-17:48:54:826 207336 207950 1
18-07-2017-17:48:54:871 207950 208564 1
18-07-2017-17:48:54:911 208564 209178 1
18-07-2017-17:48:54:947 209178 209792 1
18-07-2017-17:48:54:983 209792 210406 1
18-07-2017-17:48:55:015 210406 211020 1
18-07-2017-17:48:55:063 211020 211634 1
18-07-2017-17:48:55:099 211634 212248 1
18-07-2017-17:48:55:132 212248 212862 1
18-07-2017-17:48:55:180 212862 213476 1
18-07-2017-17:48:55:214 213476 214090 1
18-07-2017-17:48:55:251 214090 214704 1
18-07-2017-17:48:55:285 214704 215318 1
18-07-2017-17:48:55:331 215318 215932 1
18-07-2017-17:48:55:375 215932 216546 1
18-07-2017-17:48:55:409 216546 217160 1
18-07-2017-17:48:55:445 217160 217774 1
18-07-2017-17:48:55:479 217774 218388 1
18-07-2017-17:48:55:526 218388 219002 1
18-07-2017-17:48:55:562 219002 219616 1
18-07-2017-17:48:55:595 219616 220230 1
18-07-2017-17:48:55:631 220230 220844 1
18-07-2017-17:48:55:677 220844 221458 1
18-07-2017-17:48:55:720 221458 222072 1
18-07-2017-17:48:55:755 222072 222686 1
18-07-2017-17:48:55:788 222686 223300 1
18-07-2017-17:48:56:214 223300 223914 1
18-07-2017-17:48:56:215 223914 224528 1
18-07-2017-17:48:56:216 224528 225142 1
18-07-2017-17:48:56:216 225142 225756 1
18-07-2017-17:48:56:216 225756 226370 1
18-07-2017-17:48:56:216 226370 226984 1
18-07-2017-17:48:56:216 226984 227598 1
18-07-2017-17:48:56:216 227598 228212 1
18-07-2017-17:48:56:216 228212 228826 1
18-07-2017-17:48:56:216 228826 229440 1
18-07-2017-17:48:56:221 229440 230054 1
18-07-2017-17:48:56:248 230054 230668 1
18-07-2017-17:48:56:285 230668 231282 1
18-07-2017-17:48:56:332 231282 231896 1
18-07-2017-17:48:56:367 231896 232510 1
18-07-2017-17:48:56:400 232510 233124 1
18-07-2017-17:48:56:436 233124 233738 1
18-07-2017-17:48:56:483 233738 234352 1
18-07-2017-17:48:56:518 234352 234966 1
18-07-2017-17:48:56:553 234966 235580 1
18-07-2017-17:48:56:599 235580 236194 1
18-07-2017-17:48:56:633 236194 236808 1
18-07-2017-17:48:56:669 236808 237422 1
18-07-2017-17:48:56:712 237422 238036 1
18-07-2017-17:48:56:756 238036 238650 1
18-07-2017-17:48:56:783 238650 239264 1
18-07-2017-17:48:56:823 239264 239878 1
18-07-2017-17:48:56:865 239878 240492 1
18-07-2017-17:48:56:899 240492 241106 1
18-07-2017-17:48:56:935 241106 241720 1
18-07-2017-17:48:56:982 241720 242334 1
18-07-2017-17:48:57:016 242334 242948 1
18-07-2017-17:48:57:052 242948 243562 1
18-07-2017-17:48:57:098 243562 244176 1
18-07-2017-17:48:57:132 244176 244790 1
18-07-2017-17:48:57:167 244790 245404 1
18-07-2017-17:48:57:202 245404 246018 1
18-07-2017-17:48:57:249 246018 246632 1
18-07-2017-17:48:57:284 246632 247246 1
18-07-2017-17:48:57:321 247246 247860 1
18-07-2017-17:48:57:366 247860 248474 1
18-07-2017-17:48:57:402 248474 249088 1
18-07-2017-17:48:57:435 249088 249702 1
18-07-2017-17:48:57:478 249702 250316 1
18-07-2017-17:48:57:518 250316 250930 1
18-07-2017-17:48:57:553 250930 251544 1
18-07-2017-17:48:57:588 251544 252158 1
18-07-2017-17:48:57:635 252158 252772 1
18-07-2017-17:48:57:670 252772 253386 1
18-07-2017-17:48:57:704 253386 254000 1
18-07-2017-17:48:57:743 254000 254614 1
18-07-2017-17:48:57:788 254614 255228 1
18-07-2017-17:48:57:824 255228 255842 1
18-07-2017-17:48:57:858 255842 256456 1
18-07-2017-17:48:57:894 256456 257070 1
18-07-2017-17:48:57:941 257070 257684 1
18-07-2017-17:48:57:976 257684 258298 1
18-07-2017-17:48:58:009 258298 258912 1
18-07-2017-17:48:58:056 258912 259526 1
18-07-2017-17:48:58:092 259526 260140 1
18-07-2017-17:48:58:257 260140 260754 1
18-07-2017-17:48:58:259 260754 261368 1
18-07-2017-17:48:58:259 261368 261982 1
18-07-2017-17:48:58:261 261982 262596 1
18-07-2017-17:48:58:285 262596 263210 1
18-07-2017-17:48:58:320 263210 263824 1
18-07-2017-17:48:58:355 263824 264438 1
18-07-2017-17:48:58:402 264438 265052 1
18-07-2017-17:48:58:437 265052 265666 1
18-07-2017-17:48:58:471 265666 266280 1
18-07-2017-17:48:58:519 266280 266894 1
18-07-2017-17:48:58:553 266894 267508 1
18-07-2017-17:48:58:589 267508 268122 1
18-07-2017-17:48:58:623 268122 268736 1
18-07-2017-17:48:58:671 268736 269350 1
18-07-2017-17:48:58:705 269350 269964 1
18-07-2017-17:48:58:740 269964 270578 1
18-07-2017-17:48:58:791 270578 271192 1
18-07-2017-17:48:58:822 271192 271806 1
18-07-2017-17:48:58:856 271806 272420 1
18-07-2017-17:48:58:892 272420 273034 1
18-07-2017-17:48:58:939 273034 273648 1
18-07-2017-17:48:58:973 273648 274262 1
18-07-2017-17:48:59:007 274262 274876 1
18-07-2017-17:48:59:055 274876 275490 1
18-07-2017-17:48:59:143 275490 276104 1
18-07-2017-17:48:59:144 276104 276718 1
18-07-2017-17:48:59:159 276718 277332 1
18-07-2017-17:48:59:206 277332 277946 1
18-07-2017-17:48:59:242 277946 278560 1
18-07-2017-17:48:59:277 278560 279174 1
18-07-2017-17:48:59:323 279174 279788 1
18-07-2017-17:48:59:357 279788 280402 1
18-07-2017-17:48:59:392 280402 281016 1
18-07-2017-17:48:59:430 281016 281630 1
18-07-2017-17:48:59:478 281630 282244 1
18-07-2017-17:48:59:512 282244 282858 1
18-07-2017-17:48:59:547 282858 283472 1
18-07-2017-17:48:59:582 283472 284086 1
18-07-2017-17:48:59:630 284086 284700 1
18-07-2017-17:48:59:667 284700 285314 1
18-07-2017-17:48:59:700 285314 285928 1
18-07-2017-17:48:59:737 285928 286542 1
18-07-2017-17:48:59:783 286542 287156 1
18-07-2017-17:48:59:817 287156 287770 1
18-07-2017-17:48:59:853 287770 288384 1
18-07-2017-17:48:59:900 288384 288998 1
18-07-2017-17:48:59:933 288998 289612 1
18-07-2017-17:48:59:969 289612 290226 1
18-07-2017-17:49:00:003 290226 290840 1
18-07-2017-17:49:00:050 290840 291454 1
18-07-2017-17:49:00:085 291454 292068 1
18-07-2017-17:49:00:121 292068 292682 1
18-07-2017-17:49:00:167 292682 293296 1
18-07-2017-17:49:00:203 293296 293910 1
18-07-2017-17:49:00:250 293910 294524 1
18-07-2017-17:49:00:284 294524 295138 1
18-07-2017-17:49:00:318 295138 295752 1
18-07-2017-17:49:00:354 295752 296366 1
18-07-2017-17:49:00:388 296366 296980 1
18-07-2017-17:49:00:436 296980 297594 1
18-07-2017-17:49:00:472 297594 298208 1
18-07-2017-17:49:00:514 298208 298822 1
18-07-2017-17:49:00:552 298822 299436 1
18-07-2017-17:49:00:586 299436 300050 1
18-07-2017-17:49:00:623 300050 300664 1
18-07-2017-17:49:00:664 300664 301278 1
18-07-2017-17:49:00:696 301278 301892 1
18-07-2017-17:49:00:742 301892 302506 1
18-07-2017-17:49:00:778 302506 303120 1
18-07-2017-17:49:00:811 303120 303734 1
18-07-2017-17:49:00:857 303734 304348 1
18-07-2017-17:49:00:893 304348 304962 1
18-07-2017-17:49:00:932 304962 305576 1
18-07-2017-17:49:00:967 305576 306190 1
18-07-2017-17:49:01:017 306190 306804 1
18-07-2017-17:49:01:049 306804 307418 1
18-07-2017-17:49:01:083 307418 308032 1
18-07-2017-17:49:01:117 308032 308646 1
18-07-2017-17:49:01:165 308646 309260 1
18-07-2017-17:49:01:200 309260 309874 1
18-07-2017-17:49:01:235 309874 310488 1
18-07-2017-17:49:01:346 310488 311102 1
18-07-2017-17:49:01:347 311102 311716 1
18-07-2017-17:49:01:352 311716 312330 1
18-07-2017-17:49:01:387 312330 312944 1
18-07-2017-17:49:01:432 312944 313558 1
18-07-2017-17:49:01:467 313558 314172 1
18-07-2017-17:49:01:503 314172 314786 1
18-07-2017-17:49:01:550 314786 315400 1
18-07-2017-17:49:01:585 315400 316014 1
18-07-2017-17:49:01:619 316014 316628 1
18-07-2017-17:49:01:654 316628 317242 1
18-07-2017-17:49:01:700 317242 317856 1
18-07-2017-17:49:01:738 317856 318470 1
18-07-2017-17:49:01:772 318470 319084 1
18-07-2017-17:49:01:818 319084 319698 1
18-07-2017-17:49:01:852 319698 320312 1
18-07-2017-17:49:01:889 320312 320926 1
18-07-2017-17:49:01:922 320926 321540 1
18-07-2017-17:49:01:969 321540 322154 1
18-07-2017-17:49:02:005 322154 322768 1
18-07-2017-17:49:02:047 322768 323382 1
18-07-2017-17:49:02:078 323382 323996 1
18-07-2017-17:49:02:124 323996 324610 1
18-07-2017-17:49:02:160 324610 325224 1
18-07-2017-17:49:02:194 325224 325838 1
18-07-2017-17:49:02:241 325838 326452 1
18-07-2017-17:49:02:277 326452 327066 1
18-07-2017-17:49:02:311 327066 327680 1
18-07-2017-17:49:02:346 327680 328294 1
18-07-2017-17:49:02:393 328294 328908 1
18-07-2017-17:49:02:423 328908 329522 1
18-07-2017-17:49:02:469 329522 330136 1
18-07-2017-17:49:02:504 330136 330750 1
18-07-2017-17:49:02:539 330750 331364 1
18-07-2017-17:49:02:586 331364 331978 1
18-07-2017-17:49:02:621 331978 332592 1
18-07-2017-17:49:02:657 332592 333206 1
18-07-2017-17:49:02:704 333206 333820 1
18-07-2017-17:49:02:738 333820 334434 1
18-07-2017-17:49:02:774 334434 335048 1
18-07-2017-17:49:02:812 335048 335662 1
18-07-2017-17:49:02:855 335662 336276 1
18-07-2017-17:49:02:889 336276 336890 1
18-07-2017-17:49:02:925 336890 337504 1
18-07-2017-17:49:02:964 337504 338118 1
18-07-2017-17:49:03:009 338118 338732 1
18-07-2017-17:49:03:037 338732 339346 1
18-07-2017-17:49:03:082 339346 339960 1
18-07-2017-17:49:03:118 339960 340574 1
18-07-2017-17:49:03:153 340574 341188 1
18-07-2017-17:49:03:199 341188 341802 1
18-07-2017-17:49:03:235 341802 342416 1
18-07-2017-17:49:03:312 342416 343030 1
18-07-2017-17:49:03:313 343030 343644 1
18-07-2017-17:49:03:351 343644 344258 1
18-07-2017-17:49:03:386 344258 344872 1
18-07-2017-17:49:03:422 344872 345486 1
18-07-2017-17:49:03:468 345486 346100 1
18-07-2017-17:49:03:504 346100 346714 1
18-07-2017-17:49:03:537 346714 347328 1
18-07-2017-17:49:03:573 347328 347942 1
18-07-2017-17:49:03:620 347942 348556 1
18-07-2017-17:49:03:655 348556 349170 1
18-07-2017-17:49:03:689 349170 349784 1
18-07-2017-17:49:03:736 349784 350398 1
18-07-2017-17:49:03:771 350398 351012 1
18-07-2017-17:49:03:806 351012 351626 1
18-07-2017-17:49:03:841 351626 352240 1
18-07-2017-17:49:03:889 352240 352854 1
18-07-2017-17:49:03:925 352854 353468 1
18-07-2017-17:49:03:961 353468 354082 1
18-07-2017-17:49:03:997 354082 354696 1
18-07-2017-17:49:04:043 354696 355310 1
18-07-2017-17:49:04:079 355310 355924 1
18-07-2017-17:49:04:113 355924 356538 1
18-07-2017-17:49:04:159 356538 357152 1
18-07-2017-17:49:04:194 357152 357766 1
18-07-2017-17:49:04:228 357766 358380 1
18-07-2017-17:49:04:264 358380 358994 1
18-07-2017-17:49:04:311 358994 359608 1
18-07-2017-17:49:04:349 359608 360222 1
18-07-2017-17:49:04:381 360222 360836 1
18-07-2017-17:49:04:427 360836 361450 1
18-07-2017-17:49:04:468 361450 362064 1
18-07-2017-17:49:04:500 362064 362678 1
18-07-2017-17:49:04:541 362678 363292 1
18-07-2017-17:49:04:576 363292 363906 1
18-07-2017-17:49:04:609 363906 364520 1
18-07-2017-17:49:04:656 364520 365134 1
18-07-2017-17:49:04:696 365134 365748 1
18-07-2017-17:49:04:726 365748 366362 1
18-07-2017-17:49:04:772 366362 366976 1
18-07-2017-17:49:04:807 366976 367590 1
18-07-2017-17:49:04:843 367590 368204 1
18-07-2017-17:49:04:888 368204 368818 1
18-07-2017-17:49:04:924 368818 369432 1
18-07-2017-17:49:04:958 369432 370046 1
18-07-2017-17:49:04:994 370046 370660 1
