18-07-2017-18:01:15:479 0 800 1
18-07-2017-18:01:15:531 800 1600 1
18-07-2017-18:01:15:583 1600 2374 1
18-07-2017-18:01:15:634 2374 3148 1
18-07-2017-18:01:15:681 3148 3922 1
18-07-2017-18:01:15:728 3922 4696 1
18-07-2017-18:01:15:778 4696 5470 1
18-07-2017-18:01:15:826 5470 6244 1
18-07-2017-18:01:15:872 6244 7018 1
18-07-2017-18:01:15:919 7018 7792 1
18-07-2017-18:01:15:966 7792 8566 1
18-07-2017-18:01:16:018 8566 9320 1
18-07-2017-18:01:16:070 9320 10074 1
18-07-2017-18:01:16:116 10074 10828 1
18-07-2017-18:01:16:163 10828 11582 1
18-07-2017-18:01:16:209 11582 12336 1
18-07-2017-18:01:16:256 12336 13090 1
18-07-2017-18:01:16:303 13090 13844 1
18-07-2017-18:01:16:356 13844 14547 1
18-07-2017-18:01:16:396 14547 15250 1
18-07-2017-18:01:16:435 15250 15953 1
18-07-2017-18:01:16:472 15953 16656 1
18-07-2017-18:01:16:518 16656 17359 1
18-07-2017-18:01:16:565 17359 18062 1
18-07-2017-18:01:16:611 18062 18765 1
18-07-2017-18:01:16:647 18765 19468 1
18-07-2017-18:01:16:693 19468 20171 1
18-07-2017-18:01:16:744 20171 20874 1
18-07-2017-18:01:16:787 20874 21577 1
18-07-2017-18:01:16:824 21577 22280 1
18-07-2017-18:01:16:877 22280 22983 1
18-07-2017-18:01:16:921 22983 23686 1
18-07-2017-18:01:16:960 23686 24389 1
18-07-2017-18:01:17:005 24389 25092 1
18-07-2017-18:01:17:049 25092 25795 1
18-07-2017-18:01:17:090 25795 26498 1
18-07-2017-18:01:17:135 26498 27201 1
18-07-2017-18:01:17:180 27201 27904 1
18-07-2017-18:01:17:228 27904 28607 1
18-07-2017-18:01:17:263 28607 29310 1
18-07-2017-18:01:17:309 29310 30013 1
18-07-2017-18:01:17:362 30013 30716 1
18-07-2017-18:01:17:398 30716 31419 1
18-07-2017-18:01:17:444 31419 32122 1
18-07-2017-18:01:17:495 32122 32825 1
18-07-2017-18:01:17:527 32825 33528 1
18-07-2017-18:01:17:573 33528 34231 1
18-07-2017-18:01:17:616 34231 34934 1
18-07-2017-18:01:17:662 34934 35637 1
18-07-2017-18:01:17:708 35637 36340 1
18-07-2017-18:01:17:756 36340 37043 1
18-07-2017-18:01:17:790 37043 37746 1
18-07-2017-18:01:17:837 37746 38449 1
18-07-2017-18:01:17:882 38449 39152 1
18-07-2017-18:01:17:924 39152 39855 1
18-07-2017-18:01:17:970 39855 40558 1
18-07-2017-18:01:18:016 40558 41261 1
18-07-2017-18:01:18:052 41261 41964 1
18-07-2017-18:01:18:098 41964 42667 1
18-07-2017-18:01:18:145 42667 43370 1
18-07-2017-18:01:18:191 43370 44073 1
18-07-2017-18:01:18:239 44073 44776 1
18-07-2017-18:01:18:272 44776 45479 1
18-07-2017-18:01:18:321 45479 46182 1
18-07-2017-18:01:18:366 46182 46885 1
18-07-2017-18:01:18:412 46885 47588 1
18-07-2017-18:01:18:448 47588 48291 1
18-07-2017-18:01:18:495 48291 48994 1
18-07-2017-18:01:18:543 48994 49697 1
18-07-2017-18:01:18:716 49697 50400 1
18-07-2017-18:01:18:718 50400 51103 1
18-07-2017-18:01:18:718 51103 51806 1
18-07-2017-18:01:18:719 51806 52509 1
18-07-2017-18:01:18:763 52509 53212 1
18-07-2017-18:01:18:799 53212 53915 1
18-07-2017-18:01:18:846 53915 54618 1
18-07-2017-18:01:18:892 54618 55321 1
18-07-2017-18:01:18:937 55321 56024 1
18-07-2017-18:01:18:985 56024 56727 1
18-07-2017-18:01:19:021 56727 57430 1
18-07-2017-18:01:19:067 57430 58133 1
18-07-2017-18:01:19:113 58133 58836 1
18-07-2017-18:01:19:161 58836 59539 1
18-07-2017-18:01:19:195 59539 60242 1
18-07-2017-18:01:19:241 60242 60945 1
18-07-2017-18:01:19:288 60945 61648 1
18-07-2017-18:01:19:334 61648 62351 1
18-07-2017-18:01:19:376 62351 63054 1
