18-07-2017-18:19:28:565 0 800 1
18-07-2017-18:19:28:615 800 1600 1
18-07-2017-18:19:28:667 1600 2387 1
18-07-2017-18:19:28:713 2387 3174 1
18-07-2017-18:19:28:764 3174 3960 1
18-07-2017-18:19:28:817 3960 4707 1
18-07-2017-18:19:28:857 4707 5454 1
18-07-2017-18:19:28:903 5454 6201 1
18-07-2017-18:19:28:950 6201 6948 1
18-07-2017-18:19:28:996 6948 7695 1
18-07-2017-18:19:29:044 7695 8442 1
18-07-2017-18:19:29:090 8442 9189 1
18-07-2017-18:19:29:139 9189 9936 1
18-07-2017-18:19:29:187 9936 10683 1
18-07-2017-18:19:29:232 10683 11430 1
18-07-2017-18:19:29:279 11430 12177 1
18-07-2017-18:19:29:319 12177 12924 1
18-07-2017-18:19:29:367 12924 13671 1
18-07-2017-18:19:29:420 13671 14418 1
18-07-2017-18:19:29:466 14418 15165 1
18-07-2017-18:19:29:513 15165 15912 1
18-07-2017-18:19:29:559 15912 16659 1
18-07-2017-18:19:29:606 16659 17406 1
18-07-2017-18:19:29:655 17406 18153 1
18-07-2017-18:19:29:698 18153 18900 1
18-07-2017-18:19:29:745 18900 19647 1
18-07-2017-18:19:29:797 19647 20394 1
18-07-2017-18:19:29:839 20394 21141 1
18-07-2017-18:19:29:884 21141 21888 1
18-07-2017-18:19:29:931 21888 22635 1
18-07-2017-18:19:29:978 22635 23382 1
18-07-2017-18:19:30:025 23382 24129 1
18-07-2017-18:19:30:073 24129 24876 1
18-07-2017-18:19:30:124 24876 25623 1
18-07-2017-18:19:30:173 25623 26370 1
18-07-2017-18:19:30:218 26370 27117 1
18-07-2017-18:19:30:259 27117 27864 1
18-07-2017-18:19:30:312 27864 28571 1
18-07-2017-18:19:30:349 28571 29278 1
18-07-2017-18:19:30:396 29278 29985 1
18-07-2017-18:19:30:434 29985 30692 1
18-07-2017-18:19:30:482 30692 31399 1
18-07-2017-18:19:30:526 31399 32106 1
18-07-2017-18:19:30:643 32106 32813 1
18-07-2017-18:19:30:645 32813 33520 1
18-07-2017-18:19:30:661 33520 34227 1
18-07-2017-18:19:30:696 34227 34934 1
18-07-2017-18:19:30:741 34934 35641 1
18-07-2017-18:19:30:789 35641 36348 1
18-07-2017-18:19:30:834 36348 37055 1
18-07-2017-18:19:30:878 37055 37762 1
18-07-2017-18:19:30:926 37762 38469 1
18-07-2017-18:19:30:963 38469 39176 1
18-07-2017-18:19:31:008 39176 39883 1
18-07-2017-18:19:31:053 39883 40590 1
18-07-2017-18:19:31:100 40590 41297 1
18-07-2017-18:19:31:149 41297 42004 1
18-07-2017-18:19:31:189 42004 42711 1
18-07-2017-18:19:31:235 42711 43418 1
18-07-2017-18:19:31:271 43418 44125 1
18-07-2017-18:19:31:318 44125 44832 1
18-07-2017-18:19:31:364 44832 45539 1
18-07-2017-18:19:31:412 45539 46246 1
18-07-2017-18:19:31:457 46246 46953 1
18-07-2017-18:19:31:492 46953 47660 1
18-07-2017-18:19:31:545 47660 48339 1
18-07-2017-18:19:31:583 48339 49018 1
18-07-2017-18:19:31:625 49018 49697 1
18-07-2017-18:19:31:675 49697 50376 1
18-07-2017-18:19:31:708 50376 51055 1
18-07-2017-18:19:31:753 51055 51734 1
18-07-2017-18:19:31:789 51734 52413 1
18-07-2017-18:19:31:836 52413 53092 1
18-07-2017-18:19:31:882 53092 53771 1
18-07-2017-18:19:31:917 53771 54450 1
18-07-2017-18:19:31:964 54450 55129 1
18-07-2017-18:19:32:010 55129 55808 1
18-07-2017-18:19:32:046 55808 56487 1
18-07-2017-18:19:32:096 56487 57166 1
18-07-2017-18:19:32:130 57166 57845 1
18-07-2017-18:19:32:178 57845 58524 1
18-07-2017-18:19:32:219 58524 59203 1
18-07-2017-18:19:32:265 59203 59882 1
18-07-2017-18:19:32:299 59882 60561 1
18-07-2017-18:19:32:347 60561 61240 1
18-07-2017-18:19:32:381 61240 61919 1
18-07-2017-18:19:32:433 61919 62598 1
18-07-2017-18:19:32:475 62598 63277 1
18-07-2017-18:19:32:515 63277 63956 1
18-07-2017-18:19:32:563 63956 64635 1
18-07-2017-18:19:32:604 64635 65314 1
18-07-2017-18:19:32:637 65314 65993 1
18-07-2017-18:19:32:687 65993 66672 1
18-07-2017-18:19:32:732 66672 67351 1
18-07-2017-18:19:32:768 67351 68030 1
18-07-2017-18:19:32:814 68030 68709 1
18-07-2017-18:19:32:850 68709 69388 1
18-07-2017-18:19:32:895 69388 70067 1
18-07-2017-18:19:32:942 70067 70746 1
18-07-2017-18:19:32:977 70746 71425 1
18-07-2017-18:19:33:023 71425 72104 1
18-07-2017-18:19:33:071 72104 72783 1
18-07-2017-18:19:33:106 72783 73462 1
18-07-2017-18:19:33:153 73462 74141 1
18-07-2017-18:19:33:198 74141 74820 1
18-07-2017-18:19:33:233 74820 75499 1
18-07-2017-18:19:33:280 75499 76178 1
18-07-2017-18:19:33:316 76178 76857 1
18-07-2017-18:19:33:363 76857 77536 1
18-07-2017-18:19:33:409 77536 78215 1
18-07-2017-18:19:33:444 78215 78894 1
18-07-2017-18:19:33:490 78894 79573 1
18-07-2017-18:19:33:537 79573 80252 1
18-07-2017-18:19:33:571 80252 80931 1
18-07-2017-18:19:33:619 80931 81610 1
18-07-2017-18:19:33:665 81610 82289 1
18-07-2017-18:19:34:189 82289 82968 1
18-07-2017-18:19:34:190 82968 83647 1
18-07-2017-18:19:34:190 83647 84326 1
18-07-2017-18:19:34:190 84326 85005 1
18-07-2017-18:19:34:190 85005 85684 1
18-07-2017-18:19:34:190 85684 86363 1
18-07-2017-18:19:34:190 86363 87042 1
18-07-2017-18:19:34:190 87042 87721 1
18-07-2017-18:19:34:190 87721 88400 1
18-07-2017-18:19:34:191 88400 89079 1
18-07-2017-18:19:34:197 89079 89758 1
18-07-2017-18:19:34:197 89758 90437 1
18-07-2017-18:19:34:214 90437 91116 1
18-07-2017-18:19:34:261 91116 91795 1
18-07-2017-18:19:34:296 91795 92474 1
18-07-2017-18:19:34:342 92474 93153 1
18-07-2017-18:19:34:376 93153 93832 1
18-07-2017-18:19:34:426 93832 94511 1
18-07-2017-18:19:34:471 94511 95190 1
18-07-2017-18:19:34:505 95190 95869 1
18-07-2017-18:19:34:850 95869 96548 1
18-07-2017-18:19:34:851 96548 97227 1
18-07-2017-18:19:34:851 97227 97906 1
18-07-2017-18:19:34:851 97906 98585 1
18-07-2017-18:19:34:851 98585 99264 1
18-07-2017-18:19:34:853 99264 99943 1
18-07-2017-18:19:34:853 99943 100622 1
18-07-2017-18:19:34:853 100622 101301 1
18-07-2017-18:19:34:889 101301 101980 1
18-07-2017-18:19:34:938 101980 102659 1
18-07-2017-18:19:34:973 102659 103338 1
18-07-2017-18:19:35:019 103338 104017 1
18-07-2017-18:19:35:065 104017 104696 1
18-07-2017-18:19:35:100 104696 105375 1
18-07-2017-18:19:35:147 105375 106054 1
18-07-2017-18:19:35:193 106054 106733 1
18-07-2017-18:19:35:228 106733 107412 1
18-07-2017-18:19:35:275 107412 108091 1
18-07-2017-18:19:35:309 108091 108770 1
18-07-2017-18:19:35:357 108770 109449 1
18-07-2017-18:19:35:400 109449 110128 1
18-07-2017-18:19:35:441 110128 110807 1
18-07-2017-18:19:35:488 110807 111486 1
18-07-2017-18:19:35:522 111486 112165 1
18-07-2017-18:19:35:569 112165 112844 1
18-07-2017-18:19:35:612 112844 113523 1
18-07-2017-18:19:35:660 113523 114202 1
18-07-2017-18:19:35:700 114202 114881 1
18-07-2017-18:19:35:736 114881 115560 1
18-07-2017-18:19:35:786 115560 116239 1
18-07-2017-18:19:35:829 116239 116918 1
18-07-2017-18:19:35:864 116918 117597 1
18-07-2017-18:19:35:910 117597 118276 1
18-07-2017-18:19:35:958 118276 118955 1
18-07-2017-18:19:35:993 118955 119634 1
18-07-2017-18:19:36:038 119634 120313 1
18-07-2017-18:19:36:078 120313 120992 1
18-07-2017-18:19:36:126 120992 121671 1
18-07-2017-18:19:36:161 121671 122350 1
18-07-2017-18:19:36:206 122350 123029 1
18-07-2017-18:19:36:254 123029 123708 1
18-07-2017-18:19:36:289 123708 124387 1
18-07-2017-18:19:36:335 124387 125066 1
18-07-2017-18:19:36:382 125066 125745 1
18-07-2017-18:19:36:417 125745 126424 1
18-07-2017-18:19:36:463 126424 127103 1
18-07-2017-18:19:36:508 127103 127782 1
18-07-2017-18:19:36:545 127782 128461 1
18-07-2017-18:19:36:583 128461 129140 1
18-07-2017-18:19:36:630 129140 129819 1
18-07-2017-18:19:36:678 129819 130498 1
18-07-2017-18:19:36:711 130498 131177 1
18-07-2017-18:19:36:759 131177 131856 1
18-07-2017-18:19:36:806 131856 132535 1
18-07-2017-18:19:36:841 132535 133214 1
18-07-2017-18:19:36:887 133214 133893 1
18-07-2017-18:19:36:933 133893 134572 1
18-07-2017-18:19:36:969 134572 135251 1
18-07-2017-18:19:37:018 135251 135930 1
18-07-2017-18:19:37:057 135930 136609 1
18-07-2017-18:19:37:108 136609 137288 1
18-07-2017-18:19:37:142 137288 137967 1
18-07-2017-18:19:37:177 137967 138646 1
18-07-2017-18:19:37:225 138646 139325 1
18-07-2017-18:19:37:270 139325 140004 1
18-07-2017-18:19:37:306 140004 140683 1
18-07-2017-18:19:37:352 140683 141362 1
18-07-2017-18:19:37:399 141362 142041 1
18-07-2017-18:19:37:434 142041 142720 1
18-07-2017-18:19:37:480 142720 143399 1
18-07-2017-18:19:37:528 143399 144078 1
18-07-2017-18:19:37:563 144078 144757 1
18-07-2017-18:19:37:609 144757 145436 1
18-07-2017-18:19:37:655 145436 146115 1
18-07-2017-18:19:38:049 146115 146794 1
18-07-2017-18:19:38:051 146794 147473 1
18-07-2017-18:19:38:051 147473 148152 1
18-07-2017-18:19:38:051 148152 148831 1
18-07-2017-18:19:38:051 148831 149510 1
18-07-2017-18:19:38:051 149510 150189 1
18-07-2017-18:19:38:057 150189 150868 1
18-07-2017-18:19:38:057 150868 151547 1
18-07-2017-18:19:38:057 151547 152226 1
18-07-2017-18:19:38:079 152226 152905 1
18-07-2017-18:19:38:114 152905 153584 1
18-07-2017-18:19:38:163 153584 154263 1
18-07-2017-18:19:38:207 154263 154942 1
18-07-2017-18:19:38:248 154942 155621 1
18-07-2017-18:19:38:293 155621 156300 1
18-07-2017-18:19:38:323 156300 156979 1
18-07-2017-18:19:38:371 156979 157658 1
18-07-2017-18:19:38:416 157658 158337 1
18-07-2017-18:19:38:453 158337 159016 1
18-07-2017-18:19:38:500 159016 159695 1
18-07-2017-18:19:38:545 159695 160374 1
18-07-2017-18:19:38:581 160374 161053 1
18-07-2017-18:19:38:626 161053 161732 1
18-07-2017-18:19:38:673 161732 162411 1
18-07-2017-18:19:38:710 162411 163090 1
18-07-2017-18:19:38:755 163090 163769 1
18-07-2017-18:19:38:800 163769 164448 1
18-07-2017-18:19:38:836 164448 165127 1
18-07-2017-18:19:38:881 165127 165806 1
18-07-2017-18:19:38:929 165806 166485 1
18-07-2017-18:19:38:964 166485 167164 1
18-07-2017-18:19:39:011 167164 167843 1
18-07-2017-18:19:39:044 167843 168522 1
18-07-2017-18:19:39:092 168522 169201 1
18-07-2017-18:19:39:139 169201 169880 1
18-07-2017-18:19:39:173 169880 170559 1
18-07-2017-18:19:39:220 170559 171238 1
18-07-2017-18:19:39:267 171238 171917 1
18-07-2017-18:19:39:302 171917 172596 1
18-07-2017-18:19:39:348 172596 173275 1
18-07-2017-18:19:39:394 173275 173954 1
18-07-2017-18:19:39:431 173954 174633 1
18-07-2017-18:19:39:475 174633 175312 1
18-07-2017-18:19:39:512 175312 175991 1
18-07-2017-18:19:39:558 175991 176670 1
18-07-2017-18:19:39:605 176670 177349 1
18-07-2017-18:19:39:639 177349 178028 1
18-07-2017-18:19:39:686 178028 178707 1
18-07-2017-18:19:39:733 178707 179386 1
18-07-2017-18:19:39:768 179386 180065 1
18-07-2017-18:19:39:819 180065 180744 1
18-07-2017-18:19:39:856 180744 181423 1
18-07-2017-18:19:39:902 181423 182102 1
18-07-2017-18:19:39:948 182102 182781 1
18-07-2017-18:19:39:982 182781 183460 1
18-07-2017-18:19:40:028 183460 184139 1
18-07-2017-18:19:40:255 184139 184818 1
18-07-2017-18:19:40:257 184818 185497 1
18-07-2017-18:19:40:257 185497 186176 1
18-07-2017-18:19:40:257 186176 186855 1
18-07-2017-18:19:40:257 186855 187534 1
18-07-2017-18:19:40:284 187534 188213 1
18-07-2017-18:19:40:326 188213 188892 1
18-07-2017-18:19:40:368 188892 189571 1
18-07-2017-18:19:40:414 189571 190250 1
18-07-2017-18:19:40:448 190250 190929 1
18-07-2017-18:19:40:495 190929 191608 1
18-07-2017-18:19:40:530 191608 192287 1
18-07-2017-18:19:40:577 192287 192966 1
18-07-2017-18:19:40:623 192966 193645 1
18-07-2017-18:19:40:659 193645 194324 1
18-07-2017-18:19:40:706 194324 195003 1
18-07-2017-18:19:40:753 195003 195682 1
18-07-2017-18:19:40:787 195682 196361 1
18-07-2017-18:19:40:839 196361 197032 1
18-07-2017-18:19:40:878 197032 197703 1
18-07-2017-18:19:40:912 197703 198374 1
18-07-2017-18:19:40:957 198374 199045 1
18-07-2017-18:19:41:005 199045 199716 1
18-07-2017-18:19:41:040 199716 200387 1
18-07-2017-18:19:41:090 200387 201058 1
18-07-2017-18:19:41:126 201058 201729 1
18-07-2017-18:19:41:170 201729 202400 1
18-07-2017-18:19:41:214 202400 203071 1
18-07-2017-18:19:41:252 203071 203742 1
18-07-2017-18:19:41:296 203742 204413 1
18-07-2017-18:19:41:331 204413 205084 1
18-07-2017-18:19:41:379 205084 205755 1
18-07-2017-18:19:41:426 205755 206426 1
18-07-2017-18:19:41:461 206426 207097 1
18-07-2017-18:19:41:507 207097 207768 1
18-07-2017-18:19:41:541 207768 208439 1
18-07-2017-18:19:41:589 208439 209110 1
18-07-2017-18:19:41:634 209110 209781 1
18-07-2017-18:19:41:670 209781 210452 1
18-07-2017-18:19:41:719 210452 211123 1
18-07-2017-18:19:41:756 211123 211794 1
18-07-2017-18:19:41:798 211794 212465 1
18-07-2017-18:19:41:834 212465 213136 1
18-07-2017-18:19:41:885 213136 213807 1
18-07-2017-18:19:41:926 213807 214478 1
18-07-2017-18:19:42:149 214478 215149 1
18-07-2017-18:19:42:150 215149 215820 1
18-07-2017-18:19:42:150 215820 216491 1
18-07-2017-18:19:42:151 216491 217162 1
18-07-2017-18:19:42:151 217162 217833 1
18-07-2017-18:19:42:171 217833 218504 1
18-07-2017-18:19:42:223 218504 219166 1
18-07-2017-18:19:42:255 219166 219828 1
18-07-2017-18:19:42:298 219828 220490 1
18-07-2017-18:19:42:334 220490 221152 1
18-07-2017-18:19:42:383 221152 221814 1
18-07-2017-18:19:42:427 221814 222476 1
18-07-2017-18:19:42:463 222476 223138 1
18-07-2017-18:19:42:511 223138 223800 1
18-07-2017-18:19:42:544 223800 224462 1
18-07-2017-18:19:42:590 224462 225124 1
18-07-2017-18:19:42:624 225124 225786 1
18-07-2017-18:19:42:671 225786 226448 1
18-07-2017-18:19:42:708 226448 227110 1
18-07-2017-18:19:42:754 227110 227772 1
18-07-2017-18:19:42:797 227772 228434 1
18-07-2017-18:19:42:846 228434 229096 1
18-07-2017-18:19:42:881 229096 229758 1
18-07-2017-18:19:42:918 229758 230420 1
18-07-2017-18:19:42:965 230420 231082 1
18-07-2017-18:19:43:000 231082 231744 1
18-07-2017-18:19:43:047 231744 232406 1
18-07-2017-18:19:43:083 232406 233068 1
18-07-2017-18:19:43:131 233068 233730 1
18-07-2017-18:19:43:165 233730 234392 1
18-07-2017-18:19:43:210 234392 235054 1
18-07-2017-18:19:43:243 235054 235716 1
18-07-2017-18:19:43:290 235716 236378 1
18-07-2017-18:19:43:333 236378 237040 1
18-07-2017-18:19:43:379 237040 237702 1
18-07-2017-18:19:43:414 237702 238364 1
18-07-2017-18:19:43:456 238364 239026 1
18-07-2017-18:19:43:501 239026 239688 1
18-07-2017-18:19:43:535 239688 240350 1
18-07-2017-18:19:43:583 240350 241012 1
18-07-2017-18:19:43:618 241012 241674 1
18-07-2017-18:19:43:660 241674 242336 1
18-07-2017-18:19:43:707 242336 242998 1
18-07-2017-18:19:43:746 242998 243660 1
18-07-2017-18:19:43:788 243660 244322 1
18-07-2017-18:19:43:832 244322 244984 1
18-07-2017-18:19:43:870 244984 245646 1
18-07-2017-18:19:43:913 245646 246308 1
18-07-2017-18:19:43:950 246308 246970 1
18-07-2017-18:19:43:995 246970 247632 1
18-07-2017-18:19:44:429 247632 248294 1
18-07-2017-18:19:44:430 248294 248956 1
18-07-2017-18:19:44:430 248956 249618 1
18-07-2017-18:19:44:430 249618 250280 1
18-07-2017-18:19:44:430 250280 250942 1
18-07-2017-18:19:44:430 250942 251604 1
18-07-2017-18:19:44:430 251604 252266 1
18-07-2017-18:19:44:430 252266 252928 1
18-07-2017-18:19:44:430 252928 253590 1
18-07-2017-18:19:44:430 253590 254252 1
18-07-2017-18:19:44:445 254252 254914 1
18-07-2017-18:19:44:493 254914 255576 1
18-07-2017-18:19:44:531 255576 256238 1
18-07-2017-18:19:44:580 256238 256900 1
18-07-2017-18:19:44:614 256900 257562 1
18-07-2017-18:19:44:662 257562 258224 1
18-07-2017-18:19:44:696 258224 258886 1
18-07-2017-18:19:44:742 258886 259548 1
18-07-2017-18:19:44:778 259548 260210 1
18-07-2017-18:19:44:824 260210 260872 1
18-07-2017-18:19:44:860 260872 261534 1
18-07-2017-18:19:44:906 261534 262196 1
18-07-2017-18:19:44:946 262196 262858 1
18-07-2017-18:19:44:987 262858 263520 1
18-07-2017-18:19:45:035 263520 264182 1
18-07-2017-18:19:45:068 264182 264844 1
18-07-2017-18:19:45:116 264844 265506 1
18-07-2017-18:19:45:152 265506 266168 1
18-07-2017-18:19:45:197 266168 266830 1
18-07-2017-18:19:45:233 266830 267492 1
18-07-2017-18:19:45:280 267492 268154 1
18-07-2017-18:19:45:316 268154 268816 1
18-07-2017-18:19:45:361 268816 269478 1
18-07-2017-18:19:45:395 269478 270140 1
18-07-2017-18:19:45:442 270140 270802 1
18-07-2017-18:19:45:489 270802 271464 1
18-07-2017-18:19:45:525 271464 272126 1
18-07-2017-18:19:45:571 272126 272788 1
18-07-2017-18:19:45:605 272788 273450 1
18-07-2017-18:19:45:653 273450 274112 1
18-07-2017-18:19:45:689 274112 274774 1
18-07-2017-18:19:45:735 274774 275436 1
18-07-2017-18:19:45:769 275436 276098 1
18-07-2017-18:19:45:992 276098 276760 1
18-07-2017-18:19:45:993 276760 277422 1
18-07-2017-18:19:45:993 277422 278084 1
18-07-2017-18:19:45:994 278084 278746 1
18-07-2017-18:19:45:994 278746 279408 1
18-07-2017-18:19:46:028 279408 280070 1
18-07-2017-18:19:46:061 280070 280732 1
18-07-2017-18:19:46:110 280732 281394 1
18-07-2017-18:19:46:144 281394 282056 1
18-07-2017-18:19:46:189 282056 282718 1
18-07-2017-18:19:46:224 282718 283380 1
18-07-2017-18:19:46:274 283380 284042 1
18-07-2017-18:19:46:312 284042 284704 1
18-07-2017-18:19:46:357 284704 285366 1
18-07-2017-18:19:46:392 285366 286028 1
18-07-2017-18:19:46:441 286028 286690 1
18-07-2017-18:19:46:474 286690 287352 1
18-07-2017-18:19:46:521 287352 288014 1
18-07-2017-18:19:46:554 288014 288676 1
18-07-2017-18:19:46:601 288676 289338 1
18-07-2017-18:19:46:637 289338 290000 1
18-07-2017-18:19:46:684 290000 290662 1
18-07-2017-18:19:46:730 290662 291324 1
18-07-2017-18:19:46:764 291324 291986 1
18-07-2017-18:19:46:812 291986 292648 1
18-07-2017-18:19:46:846 292648 293310 1
18-07-2017-18:19:46:892 293310 293972 1
18-07-2017-18:19:46:928 293972 294634 1
18-07-2017-18:19:46:972 294634 295296 1
18-07-2017-18:19:47:013 295296 295958 1
18-07-2017-18:19:47:057 295958 296620 1
18-07-2017-18:19:47:092 296620 297282 1
18-07-2017-18:19:47:138 297282 297944 1
18-07-2017-18:19:47:186 297944 298606 1
18-07-2017-18:19:47:220 298606 299268 1
18-07-2017-18:19:47:268 299268 299930 1
18-07-2017-18:19:47:301 299930 300592 1
18-07-2017-18:19:47:349 300592 301254 1
18-07-2017-18:19:47:384 301254 301916 1
18-07-2017-18:19:47:430 301916 302578 1
18-07-2017-18:19:47:465 302578 303240 1
18-07-2017-18:19:47:513 303240 303902 1
18-07-2017-18:19:47:550 303902 304564 1
18-07-2017-18:19:47:598 304564 305226 1
18-07-2017-18:19:47:634 305226 305888 1
18-07-2017-18:19:47:680 305888 306550 1
18-07-2017-18:19:47:716 306550 307212 1
18-07-2017-18:19:47:761 307212 307874 1
18-07-2017-18:19:47:799 307874 308536 1
18-07-2017-18:19:47:844 308536 309198 1
18-07-2017-18:19:47:879 309198 309860 1
18-07-2017-18:19:47:925 309860 310522 1
18-07-2017-18:19:47:971 310522 311184 1
18-07-2017-18:19:48:007 311184 311846 1
18-07-2017-18:19:48:053 311846 312508 1
18-07-2017-18:19:48:088 312508 313170 1
18-07-2017-18:19:48:135 313170 313832 1
18-07-2017-18:19:48:170 313832 314494 1
18-07-2017-18:19:48:218 314494 315156 1
18-07-2017-18:19:48:257 315156 315818 1
18-07-2017-18:19:48:294 315818 316480 1
18-07-2017-18:19:48:339 316480 317142 1
18-07-2017-18:19:48:386 317142 317804 1
18-07-2017-18:19:48:424 317804 318466 1
18-07-2017-18:19:48:470 318466 319128 1
18-07-2017-18:19:48:761 319128 319790 1
18-07-2017-18:19:48:762 319790 320452 1
18-07-2017-18:19:48:762 320452 321114 1
18-07-2017-18:19:48:762 321114 321776 1
18-07-2017-18:19:48:764 321776 322438 1
18-07-2017-18:19:48:764 322438 323100 1
18-07-2017-18:19:48:764 323100 323762 1
18-07-2017-18:19:48:788 323762 324424 1
18-07-2017-18:19:48:837 324424 325086 1
18-07-2017-18:19:48:883 325086 325748 1
18-07-2017-18:19:48:920 325748 326410 1
18-07-2017-18:19:48:964 326410 327072 1
18-07-2017-18:19:49:001 327072 327734 1
18-07-2017-18:19:49:046 327734 328396 1
18-07-2017-18:19:49:081 328396 329058 1
18-07-2017-18:19:49:127 329058 329720 1
18-07-2017-18:19:49:163 329720 330382 1
18-07-2017-18:19:49:211 330382 331044 1
18-07-2017-18:19:49:245 331044 331706 1
18-07-2017-18:19:49:291 331706 332368 1
18-07-2017-18:19:49:338 332368 333030 1
18-07-2017-18:19:49:375 333030 333692 1
18-07-2017-18:19:49:429 333692 334354 1
18-07-2017-18:19:49:456 334354 335016 1
18-07-2017-18:19:49:502 335016 335678 1
18-07-2017-18:19:49:536 335678 336340 1
18-07-2017-18:19:49:582 336340 337002 1
18-07-2017-18:19:49:618 337002 337664 1
18-07-2017-18:19:49:665 337664 338326 1
18-07-2017-18:19:49:699 338326 338988 1
18-07-2017-18:19:49:745 338988 339650 1
18-07-2017-18:19:49:791 339650 340312 1
18-07-2017-18:19:49:828 340312 340974 1
18-07-2017-18:19:49:874 340974 341636 1
18-07-2017-18:19:49:909 341636 342298 1
18-07-2017-18:19:49:955 342298 342960 1
18-07-2017-18:19:49:989 342960 343622 1
18-07-2017-18:19:50:037 343622 344284 1
18-07-2017-18:19:50:072 344284 344946 1
18-07-2017-18:19:50:119 344946 345608 1
18-07-2017-18:19:50:153 345608 346270 1
18-07-2017-18:19:50:200 346270 346932 1
18-07-2017-18:19:50:247 346932 347594 1
18-07-2017-18:19:50:281 347594 348256 1
18-07-2017-18:19:50:330 348256 348918 1
18-07-2017-18:19:50:363 348918 349580 1
18-07-2017-18:19:50:410 349580 350242 1
18-07-2017-18:19:50:448 350242 350904 1
18-07-2017-18:19:50:492 350904 351566 1
18-07-2017-18:19:50:527 351566 352228 1
18-07-2017-18:19:50:576 352228 352890 1
18-07-2017-18:19:50:609 352890 353552 1
18-07-2017-18:19:50:655 353552 354214 1
18-07-2017-18:19:50:701 354214 354876 1
18-07-2017-18:19:50:737 354876 355538 1
18-07-2017-18:19:50:787 355538 356200 1
18-07-2017-18:19:50:827 356200 356862 1
18-07-2017-18:19:50:860 356862 357524 1
18-07-2017-18:19:50:909 357524 358186 1
18-07-2017-18:19:50:944 358186 358848 1
18-07-2017-18:19:50:991 358848 359510 1
18-07-2017-18:19:51:025 359510 360172 1
18-07-2017-18:19:51:070 360172 360834 1
18-07-2017-18:19:51:106 360834 361496 1
18-07-2017-18:19:51:153 361496 362158 1
18-07-2017-18:19:51:200 362158 362820 1
18-07-2017-18:19:51:234 362820 363482 1
18-07-2017-18:19:51:281 363482 364144 1
18-07-2017-18:19:51:318 364144 364806 1
18-07-2017-18:19:51:362 364806 365468 1
18-07-2017-18:19:51:398 365468 366130 1
18-07-2017-18:19:51:443 366130 366792 1
18-07-2017-18:19:51:479 366792 367454 1
18-07-2017-18:19:51:525 367454 368116 1
18-07-2017-18:19:51:569 368116 368778 1
18-07-2017-18:19:51:603 368778 369440 1
18-07-2017-18:19:51:649 369440 370102 1
18-07-2017-18:19:52:249 370102 370764 1
18-07-2017-18:19:52:250 370764 371426 1
18-07-2017-18:19:52:250 371426 372088 1
18-07-2017-18:19:52:250 372088 372750 1
18-07-2017-18:19:52:251 372750 373412 1
18-07-2017-18:19:52:251 373412 374074 1
18-07-2017-18:19:52:251 374074 374736 1
18-07-2017-18:19:52:251 374736 375398 1
18-07-2017-18:19:52:251 375398 376060 1
18-07-2017-18:19:52:251 376060 376722 1
18-07-2017-18:19:52:251 376722 377384 1
18-07-2017-18:19:52:251 377384 378046 1
18-07-2017-18:19:52:251 378046 378708 1
18-07-2017-18:19:52:251 378708 379370 1
18-07-2017-18:19:52:264 379370 380032 1
18-07-2017-18:19:52:311 380032 380694 1
18-07-2017-18:19:52:359 380694 381356 1
18-07-2017-18:19:52:393 381356 382018 1
18-07-2017-18:19:52:439 382018 382680 1
18-07-2017-18:19:52:475 382680 383342 1
18-07-2017-18:19:52:520 383342 384004 1
18-07-2017-18:19:52:556 384004 384666 1
18-07-2017-18:19:52:603 384666 385328 1
18-07-2017-18:19:52:638 385328 385990 1
18-07-2017-18:19:52:685 385990 386652 1
18-07-2017-18:19:52:719 386652 387314 1
18-07-2017-18:19:52:765 387314 387976 1
18-07-2017-18:19:52:813 387976 388638 1
18-07-2017-18:19:52:847 388638 389300 1
18-07-2017-18:19:52:894 389300 389962 1
18-07-2017-18:19:52:937 389962 390624 1
18-07-2017-18:19:52:973 390624 391286 1
18-07-2017-18:19:53:020 391286 391948 1
18-07-2017-18:19:53:053 391948 392610 1
18-07-2017-18:19:53:102 392610 393272 1
18-07-2017-18:19:53:134 393272 393934 1
18-07-2017-18:19:53:183 393934 394596 1
18-07-2017-18:19:53:217 394596 395258 1
18-07-2017-18:19:53:263 395258 395920 1
18-07-2017-18:19:53:299 395920 396582 1
18-07-2017-18:19:53:344 396582 397244 1
18-07-2017-18:19:53:392 397244 397906 1
18-07-2017-18:19:53:426 397906 398568 1
18-07-2017-18:19:53:474 398568 399230 1
18-07-2017-18:19:53:509 399230 399892 1
18-07-2017-18:19:53:556 399892 400554 1
18-07-2017-18:19:53:593 400554 401216 1
18-07-2017-18:19:53:629 401216 401878 1
18-07-2017-18:19:53:675 401878 402540 1
18-07-2017-18:19:53:722 402540 403202 1
18-07-2017-18:19:53:757 403202 403864 1
18-07-2017-18:19:53:804 403864 404526 1
18-07-2017-18:19:53:838 404526 405188 1
18-07-2017-18:19:53:880 405188 405850 1
18-07-2017-18:19:53:929 405850 406512 1
18-07-2017-18:19:53:964 406512 407174 1
18-07-2017-18:19:54:011 407174 407836 1
18-07-2017-18:19:54:046 407836 408498 1
18-07-2017-18:19:54:092 408498 409160 1
18-07-2017-18:19:54:127 409160 409822 1
18-07-2017-18:19:54:173 409822 410484 1
18-07-2017-18:19:54:209 410484 411146 1
18-07-2017-18:19:54:256 411146 411808 1
18-07-2017-18:19:54:303 411808 412470 1
18-07-2017-18:19:54:336 412470 413132 1
18-07-2017-18:19:54:384 413132 413794 1
18-07-2017-18:19:54:418 413794 414456 1
18-07-2017-18:19:54:466 414456 415118 1
18-07-2017-18:19:54:595 415118 415780 1
18-07-2017-18:19:54:597 415780 416442 1
18-07-2017-18:19:54:598 416442 417104 1
18-07-2017-18:19:54:632 417104 417766 1
18-07-2017-18:19:54:664 417766 418428 1
18-07-2017-18:19:54:710 418428 419090 1
18-07-2017-18:19:54:758 419090 419752 1
18-07-2017-18:19:54:792 419752 420414 1
18-07-2017-18:19:54:839 420414 421076 1
18-07-2017-18:19:54:878 421076 421738 1
18-07-2017-18:19:54:917 421738 422400 1
18-07-2017-18:19:54:964 422400 423062 1
18-07-2017-18:19:54:998 423062 423724 1
18-07-2017-18:19:55:045 423724 424386 1
18-07-2017-18:19:55:087 424386 425048 1
18-07-2017-18:19:55:119 425048 425710 1
18-07-2017-18:19:55:166 425710 426372 1
18-07-2017-18:19:55:336 426372 427034 1
18-07-2017-18:19:55:338 427034 427696 1
18-07-2017-18:19:55:339 427696 428358 1
18-07-2017-18:19:55:340 428358 429020 1
18-07-2017-18:19:55:370 429020 429682 1
18-07-2017-18:19:55:416 429682 430344 1
18-07-2017-18:19:55:452 430344 431006 1
18-07-2017-18:19:55:499 431006 431668 1
18-07-2017-18:19:55:532 431668 432330 1
18-07-2017-18:19:55:580 432330 432992 1
18-07-2017-18:19:55:624 432992 433654 1
18-07-2017-18:19:55:659 433654 434316 1
18-07-2017-18:19:55:706 434316 434978 1
18-07-2017-18:19:55:741 434978 435640 1
18-07-2017-18:19:55:788 435640 436302 1
18-07-2017-18:19:55:822 436302 436964 1
18-07-2017-18:19:55:868 436964 437626 1
18-07-2017-18:19:55:915 437626 438288 1
18-07-2017-18:19:55:950 438288 438950 1
18-07-2017-18:19:55:996 438950 439612 1
18-07-2017-18:19:56:032 439612 440274 1
18-07-2017-18:19:56:078 440274 440936 1
18-07-2017-18:19:56:114 440936 441598 1
18-07-2017-18:19:56:160 441598 442260 1
18-07-2017-18:19:56:195 442260 442922 1
18-07-2017-18:19:56:242 442922 443584 1
18-07-2017-18:19:56:277 443584 444246 1
18-07-2017-18:19:56:324 444246 444908 1
18-07-2017-18:19:56:374 444908 445570 1
18-07-2017-18:19:56:403 445570 446232 1
18-07-2017-18:19:56:449 446232 446894 1
18-07-2017-18:19:56:495 446894 447556 1
18-07-2017-18:19:56:531 447556 448218 1
18-07-2017-18:19:56:577 448218 448880 1
18-07-2017-18:19:56:615 448880 449542 1
18-07-2017-18:19:56:660 449542 450204 1
18-07-2017-18:19:56:693 450204 450866 1
18-07-2017-18:19:56:740 450866 451528 1
18-07-2017-18:19:56:775 451528 452190 1
18-07-2017-18:19:56:822 452190 452852 1
18-07-2017-18:19:56:857 452852 453514 1
18-07-2017-18:19:56:904 453514 454176 1
18-07-2017-18:19:56:950 454176 454838 1
18-07-2017-18:19:56:984 454838 455500 1
18-07-2017-18:19:57:030 455500 456162 1
18-07-2017-18:19:57:067 456162 456824 1
18-07-2017-18:19:57:109 456824 457486 1
18-07-2017-18:19:57:156 457486 458148 1
18-07-2017-18:19:57:192 458148 458810 1
18-07-2017-18:19:57:238 458810 459472 1
18-07-2017-18:19:57:275 459472 460134 1
18-07-2017-18:19:57:319 460134 460796 1
18-07-2017-18:19:57:353 460796 461458 1
18-07-2017-18:19:57:672 461458 462120 1
18-07-2017-18:19:57:673 462120 462782 1
18-07-2017-18:19:57:673 462782 463444 1
18-07-2017-18:19:57:673 463444 464106 1
18-07-2017-18:19:57:673 464106 464768 1
18-07-2017-18:19:57:676 464768 465430 1
18-07-2017-18:19:57:676 465430 466092 1
18-07-2017-18:19:57:697 466092 466754 1
18-07-2017-18:19:57:729 466754 467416 1
18-07-2017-18:19:57:770 467416 468078 1
18-07-2017-18:19:57:813 468078 468740 1
18-07-2017-18:19:57:860 468740 469402 1
18-07-2017-18:19:57:895 469402 470064 1
18-07-2017-18:19:57:943 470064 470726 1
18-07-2017-18:19:57:976 470726 471388 1
18-07-2017-18:19:58:023 471388 472050 1
18-07-2017-18:19:58:058 472050 472712 1
18-07-2017-18:19:58:098 472712 473374 1
18-07-2017-18:19:58:151 473374 474006 1
18-07-2017-18:19:58:182 474006 474638 1
18-07-2017-18:19:58:228 474638 475270 1
18-07-2017-18:19:58:263 475270 475902 1
18-07-2017-18:19:58:297 475902 476534 1
18-07-2017-18:19:58:344 476534 477166 1
18-07-2017-18:19:58:380 477166 477798 1
18-07-2017-18:19:58:414 477798 478430 1
18-07-2017-18:19:58:462 478430 479062 1
18-07-2017-18:19:58:497 479062 479694 1
18-07-2017-18:19:58:542 479694 480326 1
18-07-2017-18:19:58:577 480326 480958 1
18-07-2017-18:19:58:612 480958 481590 1
18-07-2017-18:19:58:879 481590 482222 1
18-07-2017-18:19:58:880 482222 482854 1
18-07-2017-18:19:58:880 482854 483486 1
18-07-2017-18:19:58:880 483486 484118 1
18-07-2017-18:19:58:880 484118 484750 1
18-07-2017-18:19:58:880 484750 485382 1
18-07-2017-18:19:58:891 485382 486014 1
18-07-2017-18:19:58:928 486014 486646 1
18-07-2017-18:19:58:974 486646 487278 1
18-07-2017-18:19:59:014 487278 487910 1
18-07-2017-18:19:59:048 487910 488542 1
18-07-2017-18:19:59:094 488542 489174 1
18-07-2017-18:19:59:129 489174 489806 1
18-07-2017-18:19:59:164 489806 490438 1
18-07-2017-18:19:59:211 490438 491070 1
18-07-2017-18:19:59:247 491070 491702 1
18-07-2017-18:19:59:292 491702 492334 1
18-07-2017-18:19:59:328 492334 492966 1
18-07-2017-18:19:59:362 492966 493598 1
18-07-2017-18:19:59:410 493598 494230 1
18-07-2017-18:19:59:443 494230 494862 1
18-07-2017-18:19:59:490 494862 495494 1
18-07-2017-18:19:59:530 495494 496126 1
18-07-2017-18:19:59:569 496126 496758 1
18-07-2017-18:19:59:603 496758 497390 1
18-07-2017-18:19:59:640 497390 498022 1
18-07-2017-18:19:59:679 498022 498654 1
18-07-2017-18:19:59:718 498654 499286 1
18-07-2017-18:19:59:764 499286 499918 1
18-07-2017-18:19:59:799 499918 500550 1
18-07-2017-18:19:59:847 500550 501182 1
18-07-2017-18:19:59:881 501182 501814 1
18-07-2017-18:19:59:917 501814 502446 1
18-07-2017-18:19:59:962 502446 503078 1
18-07-2017-18:19:59:999 503078 503710 1
18-07-2017-18:20:00:216 503710 504342 1
18-07-2017-18:20:00:218 504342 504974 1
18-07-2017-18:20:00:218 504974 505606 1
18-07-2017-18:20:00:218 505606 506238 1
18-07-2017-18:20:00:218 506238 506870 1
18-07-2017-18:20:00:232 506870 507502 1
18-07-2017-18:20:00:279 507502 508134 1
18-07-2017-18:20:00:313 508134 508766 1
18-07-2017-18:20:00:358 508766 509398 1
18-07-2017-18:20:00:393 509398 510030 1
18-07-2017-18:20:00:433 510030 510662 1
18-07-2017-18:20:00:472 510662 511294 1
18-07-2017-18:20:00:518 511294 511926 1
18-07-2017-18:20:00:553 511926 512558 1
18-07-2017-18:20:00:588 512558 513190 1
18-07-2017-18:20:00:634 513190 513822 1
18-07-2017-18:20:00:669 513822 514454 1
18-07-2017-18:20:00:705 514454 515086 1
18-07-2017-18:20:00:751 515086 515718 1
18-07-2017-18:20:00:785 515718 516350 1
18-07-2017-18:20:00:833 516350 516982 1
18-07-2017-18:20:00:868 516982 517614 1
18-07-2017-18:20:00:901 517614 518246 1
18-07-2017-18:20:00:948 518246 518878 1
18-07-2017-18:20:00:984 518878 519510 1
18-07-2017-18:20:01:030 519510 520142 1
18-07-2017-18:20:01:065 520142 520774 1
18-07-2017-18:20:01:106 520774 521406 1
18-07-2017-18:20:01:140 521406 522038 1
18-07-2017-18:20:01:186 522038 522670 1
18-07-2017-18:20:01:222 522670 523302 1
18-07-2017-18:20:01:269 523302 523934 1
18-07-2017-18:20:01:303 523934 524566 1
18-07-2017-18:20:01:338 524566 525198 1
18-07-2017-18:20:01:384 525198 525830 1
18-07-2017-18:20:01:429 525830 526462 1
18-07-2017-18:20:01:465 526462 527094 1
18-07-2017-18:20:01:498 527094 527726 1
18-07-2017-18:20:01:549 527726 528358 1
18-07-2017-18:20:01:580 528358 528990 1
18-07-2017-18:20:01:617 528990 529622 1
18-07-2017-18:20:01:662 529622 530254 1
18-07-2017-18:20:01:698 530254 530886 1
18-07-2017-18:20:01:732 530886 531518 1
18-07-2017-18:20:01:779 531518 532150 1
18-07-2017-18:20:01:819 532150 532782 1
18-07-2017-18:20:01:864 532782 533414 1
18-07-2017-18:20:01:896 533414 534046 1
18-07-2017-18:20:01:941 534046 534678 1
18-07-2017-18:20:01:978 534678 535310 1
18-07-2017-18:20:02:012 535310 535942 1
18-07-2017-18:20:02:062 535942 536574 1
18-07-2017-18:20:02:094 536574 537206 1
18-07-2017-18:20:02:128 537206 537838 1
18-07-2017-18:20:02:176 537838 538470 1
18-07-2017-18:20:02:219 538470 539102 1
18-07-2017-18:20:02:244 539102 539734 1
18-07-2017-18:20:02:291 539734 540366 1
18-07-2017-18:20:02:327 540366 540998 1
18-07-2017-18:20:02:374 540998 541630 1
18-07-2017-18:20:03:400 541630 542262 1
18-07-2017-18:20:03:402 542262 542894 1
18-07-2017-18:20:03:402 542894 543526 1
18-07-2017-18:20:03:402 543526 544158 1
18-07-2017-18:20:03:402 544158 544790 1
18-07-2017-18:20:03:402 544790 545422 1
18-07-2017-18:20:03:402 545422 546054 1
18-07-2017-18:20:03:402 546054 546686 1
18-07-2017-18:20:03:402 546686 547318 1
18-07-2017-18:20:03:402 547318 547950 1
18-07-2017-18:20:03:402 547950 548582 1
18-07-2017-18:20:03:402 548582 549214 1
18-07-2017-18:20:03:403 549214 549846 1
18-07-2017-18:20:03:403 549846 550478 1
18-07-2017-18:20:03:403 550478 551110 1
18-07-2017-18:20:03:403 551110 551742 1
18-07-2017-18:20:03:403 551742 552374 1
18-07-2017-18:20:03:403 552374 553006 1
18-07-2017-18:20:03:403 553006 553638 1
18-07-2017-18:20:03:403 553638 554270 1
18-07-2017-18:20:03:403 554270 554902 1
18-07-2017-18:20:03:403 554902 555534 1
18-07-2017-18:20:03:404 555534 556166 1
18-07-2017-18:20:03:404 556166 556798 1
18-07-2017-18:20:03:404 556798 557430 1
18-07-2017-18:20:03:404 557430 558062 1
18-07-2017-18:20:03:441 558062 558694 1
18-07-2017-18:20:03:475 558694 559326 1
18-07-2017-18:20:03:511 559326 559958 1
18-07-2017-18:20:03:557 559958 560590 1
18-07-2017-18:20:03:592 560590 561222 1
18-07-2017-18:20:03:628 561222 561854 1
18-07-2017-18:20:03:673 561854 562486 1
18-07-2017-18:20:03:709 562486 563118 1
18-07-2017-18:20:03:756 563118 563750 1
18-07-2017-18:20:03:791 563750 564382 1
18-07-2017-18:20:03:826 564382 565014 1
18-07-2017-18:20:03:904 565014 565646 1
18-07-2017-18:20:03:908 565646 566278 1
18-07-2017-18:20:03:955 566278 566910 1
18-07-2017-18:20:03:988 566910 567542 1
18-07-2017-18:20:04:024 567542 568174 1
18-07-2017-18:20:04:071 568174 568806 1
18-07-2017-18:20:04:108 568806 569438 1
18-07-2017-18:20:04:142 569438 570070 1
18-07-2017-18:20:04:188 570070 570702 1
18-07-2017-18:20:04:223 570702 571334 1
18-07-2017-18:20:04:262 571334 571966 1
18-07-2017-18:20:04:309 571966 572598 1
18-07-2017-18:20:04:343 572598 573230 1
18-07-2017-18:20:04:378 573230 573862 1
18-07-2017-18:20:04:425 573862 574494 1
18-07-2017-18:20:04:460 574494 575126 1
18-07-2017-18:20:04:507 575126 575758 1
18-07-2017-18:20:04:543 575758 576390 1
18-07-2017-18:20:04:578 576390 577022 1
18-07-2017-18:20:04:624 577022 577654 1
18-07-2017-18:20:04:658 577654 578286 1
18-07-2017-18:20:04:693 578286 578918 1
18-07-2017-18:20:04:741 578918 579550 1
18-07-2017-18:20:04:776 579550 580182 1
18-07-2017-18:20:04:823 580182 580814 1
18-07-2017-18:20:04:857 580814 581446 1
18-07-2017-18:20:04:892 581446 582078 1
18-07-2017-18:20:04:940 582078 582710 1
18-07-2017-18:20:04:975 582710 583342 1
18-07-2017-18:20:05:021 583342 583974 1
18-07-2017-18:20:05:056 583974 584606 1
18-07-2017-18:20:05:091 584606 585238 1
18-07-2017-18:20:05:138 585238 585870 1
18-07-2017-18:20:05:172 585870 586502 1
18-07-2017-18:20:05:208 586502 587134 1
18-07-2017-18:20:05:253 587134 587766 1
18-07-2017-18:20:05:289 587766 588398 1
18-07-2017-18:20:05:335 588398 589030 1
18-07-2017-18:20:05:370 589030 589662 1
18-07-2017-18:20:05:406 589662 590294 1
18-07-2017-18:20:05:452 590294 590926 1
18-07-2017-18:20:05:488 590926 591558 1
18-07-2017-18:20:05:534 591558 592190 1
18-07-2017-18:20:05:570 592190 592822 1
18-07-2017-18:20:05:607 592822 593454 1
18-07-2017-18:20:05:644 593454 594086 1
18-07-2017-18:20:05:689 594086 594718 1
18-07-2017-18:20:05:724 594718 595350 1
18-07-2017-18:20:05:770 595350 595982 1
18-07-2017-18:20:05:805 595982 596614 1
18-07-2017-18:20:05:840 596614 597246 1
18-07-2017-18:20:05:887 597246 597878 1
18-07-2017-18:20:05:921 597878 598510 1
18-07-2017-18:20:05:967 598510 599142 1
18-07-2017-18:20:06:002 599142 599774 1
18-07-2017-18:20:06:037 599774 600406 1
18-07-2017-18:20:06:084 600406 601038 1
18-07-2017-18:20:06:118 601038 601670 1
18-07-2017-18:20:06:165 601670 602302 1
18-07-2017-18:20:06:199 602302 602934 1
18-07-2017-18:20:06:234 602934 603566 1
18-07-2017-18:20:06:281 603566 604198 1
18-07-2017-18:20:06:316 604198 604830 1
18-07-2017-18:20:06:363 604830 605462 1
18-07-2017-18:20:06:397 605462 606094 1
18-07-2017-18:20:06:433 606094 606726 1
18-07-2017-18:20:06:480 606726 607358 1
18-07-2017-18:20:06:516 607358 607990 1
18-07-2017-18:20:06:561 607990 608622 1
18-07-2017-18:20:06:596 608622 609254 1
18-07-2017-18:20:06:630 609254 609886 1
18-07-2017-18:20:06:676 609886 610518 1
18-07-2017-18:20:06:712 610518 611150 1
18-07-2017-18:20:06:758 611150 611782 1
18-07-2017-18:20:06:793 611782 612414 1
18-07-2017-18:20:06:827 612414 613046 1
18-07-2017-18:20:06:874 613046 613678 1
18-07-2017-18:20:06:909 613678 614310 1
18-07-2017-18:20:06:956 614310 614942 1
18-07-2017-18:20:06:992 614942 615574 1
18-07-2017-18:20:07:026 615574 616206 1
18-07-2017-18:20:07:193 616206 616838 1
18-07-2017-18:20:07:195 616838 617470 1
18-07-2017-18:20:07:195 617470 618102 1
18-07-2017-18:20:07:195 618102 618734 1
18-07-2017-18:20:07:223 618734 619366 1
18-07-2017-18:20:07:271 619366 619998 1
18-07-2017-18:20:07:314 619998 620630 1
18-07-2017-18:20:07:349 620630 621262 1
18-07-2017-18:20:07:384 621262 621894 1
18-07-2017-18:20:07:418 621894 622526 1
18-07-2017-18:20:07:465 622526 623158 1
18-07-2017-18:20:07:500 623158 623790 1
18-07-2017-18:20:07:547 623790 624422 1
18-07-2017-18:20:07:583 624422 625054 1
18-07-2017-18:20:07:618 625054 625686 1
18-07-2017-18:20:07:663 625686 626318 1
18-07-2017-18:20:07:698 626318 626950 1
18-07-2017-18:20:07:749 626950 627582 1
18-07-2017-18:20:07:777 627582 628214 1
18-07-2017-18:20:07:824 628214 628846 1
18-07-2017-18:20:07:859 628846 629478 1
18-07-2017-18:20:07:894 629478 630110 1
18-07-2017-18:20:07:940 630110 630742 1
18-07-2017-18:20:07:974 630742 631374 1
18-07-2017-18:20:08:022 631374 632006 1
18-07-2017-18:20:08:057 632006 632638 1
18-07-2017-18:20:08:091 632638 633270 1
18-07-2017-18:20:08:139 633270 633902 1
18-07-2017-18:20:08:172 633902 634534 1
18-07-2017-18:20:08:220 634534 635166 1
18-07-2017-18:20:08:255 635166 635798 1
18-07-2017-18:20:08:294 635798 636430 1
18-07-2017-18:20:08:328 636430 637062 1
18-07-2017-18:20:08:375 637062 637694 1
18-07-2017-18:20:08:411 637694 638326 1
18-07-2017-18:20:08:457 638326 638958 1
18-07-2017-18:20:08:491 638958 639590 1
18-07-2017-18:20:08:526 639590 640222 1
18-07-2017-18:20:08:574 640222 640854 1
18-07-2017-18:20:08:614 640854 641486 1
18-07-2017-18:20:08:648 641486 642118 1
18-07-2017-18:20:08:683 642118 642750 1
18-07-2017-18:20:08:730 642750 643382 1
18-07-2017-18:20:08:764 643382 644014 1
18-07-2017-18:20:08:812 644014 644646 1
18-07-2017-18:20:08:846 644646 645278 1
18-07-2017-18:20:08:882 645278 645910 1
18-07-2017-18:20:08:927 645910 646542 1
18-07-2017-18:20:08:968 646542 647174 1
18-07-2017-18:20:09:010 647174 647806 1
18-07-2017-18:20:09:043 647806 648438 1
18-07-2017-18:20:09:088 648438 649070 1
18-07-2017-18:20:09:124 649070 649702 1
18-07-2017-18:20:09:158 649702 650334 1
18-07-2017-18:20:09:206 650334 650966 1
18-07-2017-18:20:09:239 650966 651598 1
18-07-2017-18:20:09:286 651598 652230 1
18-07-2017-18:20:09:322 652230 652862 1
18-07-2017-18:20:09:357 652862 653494 1
18-07-2017-18:20:09:403 653494 654126 1
18-07-2017-18:20:09:438 654126 654758 1
18-07-2017-18:20:09:472 654758 655390 1
18-07-2017-18:20:09:520 655390 656022 1
18-07-2017-18:20:09:554 656022 656654 1
18-07-2017-18:20:09:601 656654 657286 1
18-07-2017-18:20:09:636 657286 657918 1
18-07-2017-18:20:09:681 657918 658550 1
18-07-2017-18:20:09:716 658550 659182 1
18-07-2017-18:20:09:749 659182 659814 1
18-07-2017-18:20:09:797 659814 660446 1
18-07-2017-18:20:09:833 660446 661078 1
18-07-2017-18:20:09:878 661078 661710 1
18-07-2017-18:20:09:914 661710 662342 1
18-07-2017-18:20:09:948 662342 662974 1
18-07-2017-18:20:09:994 662974 663606 1
18-07-2017-18:20:10:030 663606 664238 1
18-07-2017-18:20:10:077 664238 664870 1
18-07-2017-18:20:10:111 664870 665502 1
18-07-2017-18:20:10:146 665502 666134 1
18-07-2017-18:20:10:194 666134 666766 1
18-07-2017-18:20:10:656 666766 667398 1
18-07-2017-18:20:10:657 667398 668030 1
18-07-2017-18:20:10:657 668030 668662 1
18-07-2017-18:20:10:657 668662 669294 1
18-07-2017-18:20:10:657 669294 669926 1
18-07-2017-18:20:10:657 669926 670558 1
18-07-2017-18:20:10:657 670558 671190 1
18-07-2017-18:20:10:657 671190 671822 1
18-07-2017-18:20:10:658 671822 672454 1
18-07-2017-18:20:10:658 672454 673086 1
18-07-2017-18:20:10:658 673086 673718 1
18-07-2017-18:20:10:683 673718 674350 1
18-07-2017-18:20:10:705 674350 674982 1
18-07-2017-18:20:10:740 674982 675614 1
18-07-2017-18:20:10:792 675614 676246 1
18-07-2017-18:20:10:821 676246 676878 1
18-07-2017-18:20:10:854 676878 677510 1
18-07-2017-18:20:10:907 677510 678142 1
18-07-2017-18:20:10:937 678142 678774 1
18-07-2017-18:20:10:984 678774 679406 1
18-07-2017-18:20:11:018 679406 680038 1
18-07-2017-18:20:11:053 680038 680670 1
18-07-2017-18:20:11:100 680670 681302 1
18-07-2017-18:20:11:140 681302 681934 1
18-07-2017-18:20:11:181 681934 682566 1
18-07-2017-18:20:11:216 682566 683198 1
18-07-2017-18:20:11:253 683198 683830 1
18-07-2017-18:20:11:299 683830 684462 1
18-07-2017-18:20:11:376 684462 685094 1
18-07-2017-18:20:11:377 685094 685726 1
18-07-2017-18:20:11:414 685726 686358 1
18-07-2017-18:20:11:451 686358 686990 1
18-07-2017-18:20:11:498 686990 687622 1
18-07-2017-18:20:11:531 687622 688254 1
18-07-2017-18:20:11:567 688254 688886 1
18-07-2017-18:20:11:613 688886 689518 1
18-07-2017-18:20:11:648 689518 690150 1
18-07-2017-18:20:11:695 690150 690782 1
18-07-2017-18:20:11:737 690782 691414 1
18-07-2017-18:20:11:765 691414 692046 1
18-07-2017-18:20:11:812 692046 692678 1
18-07-2017-18:20:11:847 692678 693310 1
18-07-2017-18:20:11:894 693310 693942 1
18-07-2017-18:20:11:929 693942 694574 1
18-07-2017-18:20:11:964 694574 695206 1
18-07-2017-18:20:12:010 695206 695838 1
18-07-2017-18:20:12:045 695838 696470 1
18-07-2017-18:20:12:080 696470 697102 1
18-07-2017-18:20:12:127 697102 697734 1
18-07-2017-18:20:12:162 697734 698366 1
18-07-2017-18:20:12:208 698366 698998 1
18-07-2017-18:20:12:244 698998 699630 1
18-07-2017-18:20:12:278 699630 700262 1
18-07-2017-18:20:12:326 700262 700894 1
18-07-2017-18:20:12:361 700894 701526 1
18-07-2017-18:20:12:407 701526 702158 1
18-07-2017-18:20:12:447 702158 702790 1
18-07-2017-18:20:12:481 702790 703422 1
18-07-2017-18:20:12:516 703422 704054 1
18-07-2017-18:20:12:562 704054 704686 1
18-07-2017-18:20:12:598 704686 705318 1
18-07-2017-18:20:12:633 705318 705950 1
18-07-2017-18:20:12:679 705950 706582 1
18-07-2017-18:20:12:715 706582 707214 1
18-07-2017-18:20:12:761 707214 707846 1
18-07-2017-18:20:12:797 707846 708478 1
18-07-2017-18:20:12:831 708478 709110 1
18-07-2017-18:20:12:878 709110 709742 1
18-07-2017-18:20:12:913 709742 710374 1
18-07-2017-18:20:12:961 710374 711006 1
18-07-2017-18:20:12:996 711006 711638 1
18-07-2017-18:20:13:029 711638 712270 1
18-07-2017-18:20:13:075 712270 712902 1
18-07-2017-18:20:13:117 712902 713534 1
18-07-2017-18:20:13:150 713534 714166 1
18-07-2017-18:20:13:196 714166 714798 1
18-07-2017-18:20:13:232 714798 715430 1
18-07-2017-18:20:13:274 715430 716062 1
18-07-2017-18:20:13:310 716062 716694 1
18-07-2017-18:20:13:345 716694 717326 1
18-07-2017-18:20:13:391 717326 717958 1
18-07-2017-18:20:13:427 717958 718590 1
18-07-2017-18:20:13:473 718590 719222 1
18-07-2017-18:20:13:508 719222 719854 1
18-07-2017-18:20:13:542 719854 720486 1
18-07-2017-18:20:13:588 720486 721118 1
18-07-2017-18:20:13:624 721118 721750 1
18-07-2017-18:20:13:671 721750 722382 1
18-07-2017-18:20:13:705 722382 723014 1
18-07-2017-18:20:13:885 723014 723646 1
18-07-2017-18:20:13:887 723646 724278 1
18-07-2017-18:20:13:887 724278 724910 1
18-07-2017-18:20:13:888 724910 725542 1
18-07-2017-18:20:13:904 725542 726174 1
18-07-2017-18:20:13:939 726174 726806 1
18-07-2017-18:20:13:984 726806 727438 1
18-07-2017-18:20:14:021 727438 728070 1
18-07-2017-18:20:14:058 728070 728702 1
18-07-2017-18:20:14:104 728702 729334 1
18-07-2017-18:20:14:138 729334 729966 1
18-07-2017-18:20:14:183 729966 730598 1
18-07-2017-18:20:14:219 730598 731230 1
18-07-2017-18:20:14:253 731230 731862 1
18-07-2017-18:20:14:292 731862 732494 1
18-07-2017-18:20:14:331 732494 733126 1
18-07-2017-18:20:14:378 733126 733758 1
18-07-2017-18:20:14:414 733758 734390 1
18-07-2017-18:20:14:460 734390 735022 1
18-07-2017-18:20:14:495 735022 735654 1
18-07-2017-18:20:14:529 735654 736286 1
18-07-2017-18:20:14:576 736286 736918 1
18-07-2017-18:20:14:616 736918 737550 1
18-07-2017-18:20:14:651 737550 738182 1
18-07-2017-18:20:14:698 738182 738814 1
18-07-2017-18:20:14:731 738814 739446 1
18-07-2017-18:20:14:767 739446 740078 1
18-07-2017-18:20:14:814 740078 740710 1
18-07-2017-18:20:14:849 740710 741342 1
18-07-2017-18:20:14:894 741342 741974 1
18-07-2017-18:20:14:931 741974 742606 1
18-07-2017-18:20:14:965 742606 743238 1
18-07-2017-18:20:15:012 743238 743870 1
18-07-2017-18:20:15:048 743870 744502 1
18-07-2017-18:20:15:081 744502 745134 1
18-07-2017-18:20:15:129 745134 745766 1
18-07-2017-18:20:15:169 745766 746398 1
18-07-2017-18:20:15:205 746398 747030 1
18-07-2017-18:20:15:248 747030 747662 1
18-07-2017-18:20:15:285 747662 748294 1
18-07-2017-18:20:15:318 748294 748926 1
18-07-2017-18:20:15:367 748926 749558 1
18-07-2017-18:20:15:405 749558 750190 1
18-07-2017-18:20:15:447 750190 750822 1
18-07-2017-18:20:15:494 750822 751454 1
18-07-2017-18:20:15:518 751454 752086 1
18-07-2017-18:20:15:564 752086 752718 1
18-07-2017-18:20:15:599 752718 753350 1
18-07-2017-18:20:15:654 753350 753982 1
18-07-2017-18:20:15:685 753982 754614 1
18-07-2017-18:20:15:717 754614 755246 1
18-07-2017-18:20:15:762 755246 755878 1
18-07-2017-18:20:15:798 755878 756510 1
18-07-2017-18:20:15:844 756510 757142 1
18-07-2017-18:20:15:878 757142 757774 1
18-07-2017-18:20:15:921 757774 758406 1
18-07-2017-18:20:15:965 758406 759038 1
18-07-2017-18:20:15:995 759038 759670 1
18-07-2017-18:20:16:035 759670 760302 1
18-07-2017-18:20:16:081 760302 760934 1
18-07-2017-18:20:16:108 760934 761566 1
18-07-2017-18:20:16:155 761566 762198 1
18-07-2017-18:20:16:196 762198 762830 1
18-07-2017-18:20:16:231 762830 763462 1
18-07-2017-18:20:16:276 763462 764094 1
18-07-2017-18:20:16:312 764094 764726 1
18-07-2017-18:20:16:654 764726 765358 1
18-07-2017-18:20:16:655 765358 765990 1
18-07-2017-18:20:16:655 765990 766622 1
18-07-2017-18:20:16:655 766622 767254 1
18-07-2017-18:20:16:655 767254 767886 1
18-07-2017-18:20:16:655 767886 768518 1
18-07-2017-18:20:16:655 768518 769150 1
18-07-2017-18:20:16:655 769150 769782 1
18-07-2017-18:20:16:679 769782 770414 1
18-07-2017-18:20:16:708 770414 771046 1
18-07-2017-18:20:16:745 771046 771678 1
18-07-2017-18:20:16:789 771678 772310 1
18-07-2017-18:20:16:825 772310 772942 1
18-07-2017-18:20:16:860 772942 773574 1
18-07-2017-18:20:16:907 773574 774206 1
18-07-2017-18:20:16:940 774206 774838 1
18-07-2017-18:20:16:988 774838 775470 1
18-07-2017-18:20:17:022 775470 776102 1
18-07-2017-18:20:17:136 776102 776734 1
18-07-2017-18:20:17:137 776734 777366 1
18-07-2017-18:20:17:140 777366 777998 1
18-07-2017-18:20:17:185 777998 778630 1
18-07-2017-18:20:17:225 778630 779262 1
18-07-2017-18:20:17:261 779262 779894 1
18-07-2017-18:20:17:304 779894 780526 1
18-07-2017-18:20:17:339 780526 781158 1
18-07-2017-18:20:17:373 781158 781790 1
18-07-2017-18:20:17:420 781790 782422 1
18-07-2017-18:20:17:456 782422 783054 1
18-07-2017-18:20:17:502 783054 783686 1
18-07-2017-18:20:17:537 783686 784318 1
18-07-2017-18:20:17:572 784318 784950 1
18-07-2017-18:20:17:612 784950 785582 1
18-07-2017-18:20:17:658 785582 786214 1
18-07-2017-18:20:17:693 786214 786846 1
18-07-2017-18:20:17:740 786846 787478 1
18-07-2017-18:20:17:776 787478 788110 1
18-07-2017-18:20:17:809 788110 788742 1
18-07-2017-18:20:17:856 788742 789374 1
18-07-2017-18:20:17:892 789374 790006 1
18-07-2017-18:20:17:925 790006 790638 1
18-07-2017-18:20:17:973 790638 791270 1
18-07-2017-18:20:18:009 791270 791902 1
18-07-2017-18:20:18:054 791902 792534 1
18-07-2017-18:20:18:089 792534 793166 1
18-07-2017-18:20:18:226 793166 793798 1
18-07-2017-18:20:18:227 793798 794430 1
18-07-2017-18:20:18:227 794430 795062 1
18-07-2017-18:20:18:253 795062 795694 1
18-07-2017-18:20:18:289 795694 796326 1
18-07-2017-18:20:18:323 796326 796958 1
18-07-2017-18:20:18:369 796958 797590 1
18-07-2017-18:20:18:405 797590 798222 1
18-07-2017-18:20:18:440 798222 798854 1
18-07-2017-18:20:18:488 798854 799486 1
18-07-2017-18:20:18:528 799486 800118 1
18-07-2017-18:20:18:567 800118 800750 1
18-07-2017-18:20:18:603 800750 801382 1
18-07-2017-18:20:18:637 801382 802014 1
18-07-2017-18:20:18:684 802014 802646 1
18-07-2017-18:20:18:720 802646 803278 1
18-07-2017-18:20:18:765 803278 803910 1
18-07-2017-18:20:18:801 803910 804542 1
18-07-2017-18:20:18:849 804542 805174 1
18-07-2017-18:20:18:885 805174 805806 1
18-07-2017-18:20:18:923 805806 806438 1
18-07-2017-18:20:18:954 806438 807070 1
18-07-2017-18:20:19:000 807070 807702 1
18-07-2017-18:20:19:037 807702 808334 1
18-07-2017-18:20:19:082 808334 808966 1
18-07-2017-18:20:19:118 808966 809598 1
18-07-2017-18:20:19:154 809598 810230 1
18-07-2017-18:20:19:199 810230 810862 1
18-07-2017-18:20:19:234 810862 811494 1
18-07-2017-18:20:19:386 811494 812126 1
18-07-2017-18:20:19:390 812126 812758 1
18-07-2017-18:20:19:390 812758 813390 1
18-07-2017-18:20:19:397 813390 814022 1
18-07-2017-18:20:19:432 814022 814654 1
18-07-2017-18:20:19:468 814654 815286 1
18-07-2017-18:20:19:506 815286 815918 1
18-07-2017-18:20:19:546 815918 816550 1
18-07-2017-18:20:19:593 816550 817182 1
18-07-2017-18:20:19:628 817182 817814 1
18-07-2017-18:20:19:674 817814 818446 1
18-07-2017-18:20:19:710 818446 819078 1
18-07-2017-18:20:19:744 819078 819710 1
18-07-2017-18:20:19:794 819710 820342 1
18-07-2017-18:20:19:827 820342 820974 1
18-07-2017-18:20:19:861 820974 821606 1
18-07-2017-18:20:19:909 821606 822238 1
18-07-2017-18:20:19:947 822238 822870 1
18-07-2017-18:20:19:983 822870 823502 1
18-07-2017-18:20:20:030 823502 824134 1
18-07-2017-18:20:20:065 824134 824766 1
18-07-2017-18:20:20:100 824766 825398 1
18-07-2017-18:20:20:145 825398 826030 1
18-07-2017-18:20:20:183 826030 826662 1
18-07-2017-18:20:20:228 826662 827294 1
18-07-2017-18:20:20:263 827294 827926 1
18-07-2017-18:20:20:302 827926 828558 1
18-07-2017-18:20:20:337 828558 829190 1
18-07-2017-18:20:20:384 829190 829822 1
18-07-2017-18:20:20:419 829822 830454 1
18-07-2017-18:20:20:454 830454 831086 1
18-07-2017-18:20:20:501 831086 831718 1
18-07-2017-18:20:20:536 831718 832350 1
18-07-2017-18:20:20:584 832350 832982 1
18-07-2017-18:20:20:621 832982 833614 1
18-07-2017-18:20:20:655 833614 834246 1
18-07-2017-18:20:20:703 834246 834878 1
18-07-2017-18:20:20:737 834878 835510 1
18-07-2017-18:20:20:771 835510 836142 1
18-07-2017-18:20:20:818 836142 836774 1
18-07-2017-18:20:20:854 836774 837406 1
18-07-2017-18:20:20:890 837406 838038 1
18-07-2017-18:20:20:941 838038 838670 1
18-07-2017-18:20:20:976 838670 839302 1
18-07-2017-18:20:21:009 839302 839934 1
18-07-2017-18:20:21:057 839934 840566 1
18-07-2017-18:20:21:093 840566 841198 1
18-07-2017-18:20:21:126 841198 841830 1
18-07-2017-18:20:21:175 841830 842462 1
18-07-2017-18:20:21:209 842462 843094 1
18-07-2017-18:20:21:244 843094 843726 1
18-07-2017-18:20:21:291 843726 844358 1
18-07-2017-18:20:21:327 844358 844990 1
18-07-2017-18:20:21:373 844990 845622 1
18-07-2017-18:20:21:407 845622 846254 1
18-07-2017-18:20:21:445 846254 846886 1
18-07-2017-18:20:21:488 846886 847518 1
18-07-2017-18:20:21:525 847518 848150 1
18-07-2017-18:20:21:570 848150 848782 1
18-07-2017-18:20:21:600 848782 849414 1
18-07-2017-18:20:21:639 849414 850046 1
18-07-2017-18:20:21:686 850046 850678 1
18-07-2017-18:20:21:726 850678 851310 1
18-07-2017-18:20:21:761 851310 851942 1
18-07-2017-18:20:21:807 851942 852574 1
18-07-2017-18:20:21:844 852574 853206 1
18-07-2017-18:20:21:879 853206 853838 1
18-07-2017-18:20:21:938 853838 854470 1
18-07-2017-18:20:21:964 854470 855102 1
18-07-2017-18:20:21:997 855102 855734 1
18-07-2017-18:20:22:045 855734 856366 1
18-07-2017-18:20:22:079 856366 856998 1
18-07-2017-18:20:22:114 856998 857630 1
18-07-2017-18:20:22:162 857630 858262 1
18-07-2017-18:20:22:246 858262 858894 1
18-07-2017-18:20:22:248 858894 859526 1
18-07-2017-18:20:22:279 859526 860158 1
18-07-2017-18:20:22:314 860158 860790 1
18-07-2017-18:20:22:359 860790 861422 1
18-07-2017-18:20:22:395 861422 862054 1
18-07-2017-18:20:23:216 862054 862686 1
18-07-2017-18:20:23:218 862686 863318 1
18-07-2017-18:20:23:218 863318 863950 1
18-07-2017-18:20:23:218 863950 864582 1
18-07-2017-18:20:23:218 864582 865214 1
18-07-2017-18:20:23:218 865214 865846 1
18-07-2017-18:20:23:218 865846 866478 1
18-07-2017-18:20:23:218 866478 867110 1
18-07-2017-18:20:23:218 867110 867742 1
18-07-2017-18:20:23:218 867742 868374 1
18-07-2017-18:20:23:218 868374 869006 1
18-07-2017-18:20:23:219 869006 869638 1
18-07-2017-18:20:23:219 869638 870270 1
18-07-2017-18:20:23:219 870270 870902 1
18-07-2017-18:20:23:219 870902 871534 1
18-07-2017-18:20:23:219 871534 872166 1
18-07-2017-18:20:23:219 872166 872798 1
18-07-2017-18:20:23:219 872798 873430 1
18-07-2017-18:20:23:219 873430 874062 1
18-07-2017-18:20:23:219 874062 874694 1
18-07-2017-18:20:23:224 874694 875326 1
18-07-2017-18:20:23:270 875326 875958 1
18-07-2017-18:20:23:308 875958 876590 1
18-07-2017-18:20:23:343 876590 877222 1
18-07-2017-18:20:23:379 877222 877854 1
18-07-2017-18:20:23:459 877854 878486 1
18-07-2017-18:20:23:459 878486 879118 1
18-07-2017-18:20:23:503 879118 879750 1
18-07-2017-18:20:23:543 879750 880382 1
18-07-2017-18:20:23:578 880382 881014 1
18-07-2017-18:20:23:624 881014 881646 1
18-07-2017-18:20:23:687 881646 882278 1
18-07-2017-18:20:23:699 882278 882910 1
18-07-2017-18:20:23:733 882910 883542 1
18-07-2017-18:20:23:781 883542 884174 1
18-07-2017-18:20:23:816 884174 884806 1
18-07-2017-18:20:23:865 884806 885438 1
18-07-2017-18:20:23:898 885438 886070 1
18-07-2017-18:20:23:933 886070 886702 1
18-07-2017-18:20:23:980 886702 887334 1
18-07-2017-18:20:24:015 887334 887966 1
18-07-2017-18:20:24:056 887966 888598 1
18-07-2017-18:20:24:089 888598 889230 1
18-07-2017-18:20:24:136 889230 889862 1
18-07-2017-18:20:24:170 889862 890494 1
18-07-2017-18:20:24:218 890494 891126 1
18-07-2017-18:20:24:252 891126 891758 1
18-07-2017-18:20:24:294 891758 892390 1
18-07-2017-18:20:24:338 892390 893022 1
18-07-2017-18:20:24:373 893022 893654 1
18-07-2017-18:20:24:408 893654 894286 1
18-07-2017-18:20:24:454 894286 894918 1
18-07-2017-18:20:24:493 894918 895550 1
18-07-2017-18:20:24:525 895550 896182 1
18-07-2017-18:20:24:571 896182 896814 1
18-07-2017-18:20:24:644 896814 897446 1
18-07-2017-18:20:24:645 897446 898078 1
18-07-2017-18:20:24:691 898078 898710 1
18-07-2017-18:20:24:726 898710 899342 1
18-07-2017-18:20:24:762 899342 899974 1
18-07-2017-18:20:24:808 899974 900606 1
18-07-2017-18:20:24:880 900606 901238 1
18-07-2017-18:20:24:881 901238 901870 1
18-07-2017-18:20:24:925 901870 902502 1
18-07-2017-18:20:24:963 902502 903134 1
18-07-2017-18:20:25:000 903134 903766 1
18-07-2017-18:20:25:046 903766 904398 1
18-07-2017-18:20:25:083 904398 905030 1
18-07-2017-18:20:25:120 905030 905662 1
18-07-2017-18:20:25:163 905662 906294 1
18-07-2017-18:20:25:200 906294 906926 1
18-07-2017-18:20:25:245 906926 907558 1
18-07-2017-18:20:25:279 907558 908190 1
18-07-2017-18:20:25:316 908190 908822 1
18-07-2017-18:20:25:397 908822 909454 1
18-07-2017-18:20:25:397 909454 910086 1
18-07-2017-18:20:25:432 910086 910718 1
18-07-2017-18:20:25:478 910718 911350 1
18-07-2017-18:20:25:513 911350 911982 1
18-07-2017-18:20:25:560 911982 912614 1
18-07-2017-18:20:25:623 912614 913246 1
18-07-2017-18:20:25:630 913246 913878 1
18-07-2017-18:20:25:678 913878 914510 1
18-07-2017-18:20:25:712 914510 915142 1
18-07-2017-18:20:26:030 915142 915774 1
18-07-2017-18:20:26:032 915774 916406 1
18-07-2017-18:20:26:032 916406 917038 1
18-07-2017-18:20:26:033 917038 917670 1
18-07-2017-18:20:26:033 917670 918302 1
18-07-2017-18:20:26:033 918302 918934 1
18-07-2017-18:20:26:033 918934 919566 1
18-07-2017-18:20:26:033 919566 920198 1
18-07-2017-18:20:26:098 920198 920830 1
18-07-2017-18:20:26:109 920830 921462 1
18-07-2017-18:20:26:143 921462 922094 1
18-07-2017-18:20:26:190 922094 922726 1
18-07-2017-18:20:26:288 922726 923358 1
18-07-2017-18:20:26:289 923358 923990 1
18-07-2017-18:20:26:306 923990 924622 1
18-07-2017-18:20:26:341 924622 925254 1
18-07-2017-18:20:26:387 925254 925886 1
18-07-2017-18:20:26:426 925886 926518 1
18-07-2017-18:20:26:459 926518 927150 1
18-07-2017-18:20:26:506 927150 927782 1
18-07-2017-18:20:26:540 927782 928414 1
18-07-2017-18:20:26:588 928414 929046 1
18-07-2017-18:20:26:629 929046 929678 1
18-07-2017-18:20:26:660 929678 930310 1
18-07-2017-18:20:26:698 930310 930942 1
18-07-2017-18:20:26:743 930942 931574 1
18-07-2017-18:20:26:777 931574 932206 1
18-07-2017-18:20:26:825 932206 932838 1
18-07-2017-18:20:26:859 932838 933470 1
18-07-2017-18:20:26:905 933470 934102 1
18-07-2017-18:20:26:943 934102 934734 1
18-07-2017-18:20:26:977 934734 935366 1
18-07-2017-18:20:27:018 935366 935998 1
18-07-2017-18:20:27:057 935998 936630 1
18-07-2017-18:20:27:092 936630 937262 1
18-07-2017-18:20:27:156 937262 937894 1
18-07-2017-18:20:27:175 937894 938526 1
18-07-2017-18:20:27:251 938526 939158 1
18-07-2017-18:20:27:257 939158 939790 1
18-07-2017-18:20:27:290 939790 940422 1
18-07-2017-18:20:27:337 940422 941054 1
18-07-2017-18:20:27:375 941054 941686 1
18-07-2017-18:20:27:409 941686 942318 1
18-07-2017-18:20:27:455 942318 942950 1
18-07-2017-18:20:27:489 942950 943582 1
18-07-2017-18:20:27:525 943582 944214 1
18-07-2017-18:20:27:572 944214 944846 1
18-07-2017-18:20:27:609 944846 945478 1
18-07-2017-18:20:27:653 945478 946110 1
18-07-2017-18:20:27:689 946110 946742 1
18-07-2017-18:20:27:725 946742 947374 1
18-07-2017-18:20:27:769 947374 948006 1
18-07-2017-18:20:27:804 948006 948638 1
18-07-2017-18:20:27:851 948638 949270 1
18-07-2017-18:20:27:886 949270 949902 1
18-07-2017-18:20:27:922 949902 950534 1
18-07-2017-18:20:27:967 950534 951166 1
18-07-2017-18:20:28:003 951166 951798 1
18-07-2017-18:20:28:044 951798 952430 1
18-07-2017-18:20:28:079 952430 953062 1
18-07-2017-18:20:28:125 953062 953694 1
18-07-2017-18:20:28:160 953694 954326 1
18-07-2017-18:20:28:256 954326 954958 1
18-07-2017-18:20:28:260 954958 955590 1
18-07-2017-18:20:28:277 955590 956222 1
18-07-2017-18:20:28:324 956222 956854 1
18-07-2017-18:20:28:357 956854 957486 1
18-07-2017-18:20:28:396 957486 958118 1
18-07-2017-18:20:28:440 958118 958750 1
18-07-2017-18:20:28:475 958750 959382 1
18-07-2017-18:20:28:522 959382 960014 1
18-07-2017-18:20:28:558 960014 960646 1
18-07-2017-18:20:28:592 960646 961278 1
18-07-2017-18:20:28:638 961278 961910 1
18-07-2017-18:20:28:674 961910 962542 1
18-07-2017-18:20:28:720 962542 963174 1
18-07-2017-18:20:28:756 963174 963806 1
18-07-2017-18:20:28:790 963806 964438 1
18-07-2017-18:20:28:838 964438 965070 1
18-07-2017-18:20:28:872 965070 965702 1
18-07-2017-18:20:28:912 965702 966334 1
18-07-2017-18:20:28:947 966334 966966 1
18-07-2017-18:20:28:994 966966 967598 1
18-07-2017-18:20:29:027 967598 968230 1
18-07-2017-18:20:29:075 968230 968862 1
18-07-2017-18:20:29:114 968862 969494 1
18-07-2017-18:20:29:145 969494 970126 1
18-07-2017-18:20:29:191 970126 970758 1
18-07-2017-18:20:29:226 970758 971390 1
18-07-2017-18:20:29:275 971390 972022 1
18-07-2017-18:20:29:307 972022 972654 1
18-07-2017-18:20:29:343 972654 973286 1
18-07-2017-18:20:29:389 973286 973918 1
18-07-2017-18:20:29:425 973918 974550 1
18-07-2017-18:20:29:471 974550 975182 1
18-07-2017-18:20:29:554 975182 975814 1
18-07-2017-18:20:29:560 975814 976446 1
18-07-2017-18:20:29:591 976446 977078 1
18-07-2017-18:20:29:628 977078 977710 1
18-07-2017-18:20:29:664 977710 978342 1
18-07-2017-18:20:29:699 978342 978974 1
18-07-2017-18:20:29:745 978974 979606 1
18-07-2017-18:20:29:780 979606 980238 1
18-07-2017-18:20:29:826 980238 980870 1
18-07-2017-18:20:29:861 980870 981502 1
18-07-2017-18:20:29:896 981502 982134 1
18-07-2017-18:20:29:944 982134 982766 1
18-07-2017-18:20:29:977 982766 983398 1
18-07-2017-18:20:30:012 983398 984030 1
18-07-2017-18:20:30:059 984030 984662 1
18-07-2017-18:20:30:093 984662 985294 1
18-07-2017-18:20:30:141 985294 985926 1
18-07-2017-18:20:30:183 985926 986558 1
18-07-2017-18:20:30:218 986558 987190 1
18-07-2017-18:20:30:252 987190 987822 1
18-07-2017-18:20:30:351 987822 988454 1
18-07-2017-18:20:30:352 988454 989086 1
18-07-2017-18:20:30:368 989086 989718 1
18-07-2017-18:20:30:407 989718 990350 1
18-07-2017-18:20:30:460 990350 990982 1
18-07-2017-18:20:30:495 990982 991614 1
18-07-2017-18:20:30:535 991614 992246 1
18-07-2017-18:20:30:570 992246 992878 1
18-07-2017-18:20:30:607 992878 993510 1
18-07-2017-18:20:30:653 993510 994142 1
18-07-2017-18:20:30:687 994142 994774 1
18-07-2017-18:20:30:734 994774 995406 1
18-07-2017-18:20:30:770 995406 996038 1
18-07-2017-18:20:30:805 996038 996670 1
18-07-2017-18:20:30:845 996670 997302 1
18-07-2017-18:20:30:891 997302 997934 1
18-07-2017-18:20:30:927 997934 998566 1
18-07-2017-18:20:30:960 998566 999198 1
18-07-2017-18:20:31:007 999198 999830 1
18-07-2017-18:20:31:043 999830 1000462 1
18-07-2017-18:20:31:089 1000462 1001094 1
18-07-2017-18:20:31:127 1001094 1001726 1
18-07-2017-18:20:31:164 1001726 1002358 1
18-07-2017-18:20:31:197 1002358 1002990 1
18-07-2017-18:20:31:244 1002990 1003622 1
18-07-2017-18:20:31:280 1003622 1004254 1
18-07-2017-18:20:31:469 1004254 1004886 1
18-07-2017-18:20:31:471 1004886 1005518 1
18-07-2017-18:20:31:471 1005518 1006150 1
18-07-2017-18:20:31:471 1006150 1006782 1
18-07-2017-18:20:31:479 1006782 1007414 1
18-07-2017-18:20:31:535 1007414 1008046 1
18-07-2017-18:20:31:560 1008046 1008678 1
18-07-2017-18:20:31:595 1008678 1009310 1
18-07-2017-18:20:31:640 1009310 1009942 1
18-07-2017-18:20:31:677 1009942 1010574 1
18-07-2017-18:20:31:712 1010574 1011206 1
18-07-2017-18:20:31:759 1011206 1011838 1
18-07-2017-18:20:31:794 1011838 1012470 1
18-07-2017-18:20:31:839 1012470 1013102 1
18-07-2017-18:20:31:874 1013102 1013734 1
18-07-2017-18:20:31:908 1013734 1014366 1
18-07-2017-18:20:31:956 1014366 1014998 1
18-07-2017-18:20:32:000 1014998 1015630 1
18-07-2017-18:20:32:038 1015630 1016262 1
18-07-2017-18:20:32:074 1016262 1016894 1
18-07-2017-18:20:32:109 1016894 1017526 1
18-07-2017-18:20:32:154 1017526 1018158 1
18-07-2017-18:20:32:188 1018158 1018790 1
18-07-2017-18:20:32:236 1018790 1019422 1
18-07-2017-18:20:32:270 1019422 1020054 1
18-07-2017-18:20:32:307 1020054 1020686 1
18-07-2017-18:20:32:358 1020686 1021318 1
18-07-2017-18:20:32:388 1021318 1021950 1
18-07-2017-18:20:32:433 1021950 1022582 1
18-07-2017-18:20:32:492 1022582 1023214 1
18-07-2017-18:20:32:503 1023214 1023846 1
18-07-2017-18:20:32:541 1023846 1024478 1
18-07-2017-18:20:32:592 1024478 1025110 1
18-07-2017-18:20:32:630 1025110 1025742 1
18-07-2017-18:20:32:667 1025742 1026374 1
18-07-2017-18:20:32:699 1026374 1027006 1
18-07-2017-18:20:32:746 1027006 1027638 1
18-07-2017-18:20:32:781 1027638 1028270 1
18-07-2017-18:20:32:826 1028270 1028902 1
18-07-2017-18:20:32:862 1028902 1029534 1
18-07-2017-18:20:32:897 1029534 1030166 1
18-07-2017-18:20:32:943 1030166 1030798 1
18-07-2017-18:20:32:993 1030798 1031430 1
18-07-2017-18:20:33:026 1031430 1032062 1
18-07-2017-18:20:33:059 1032062 1032694 1
18-07-2017-18:20:33:096 1032694 1033326 1
18-07-2017-18:20:33:133 1033326 1033958 1
18-07-2017-18:20:33:173 1033958 1034590 1
18-07-2017-18:20:33:222 1034590 1035222 1
18-07-2017-18:20:33:254 1035222 1035854 1
18-07-2017-18:20:33:302 1035854 1036486 1
18-07-2017-18:20:33:337 1036486 1037118 1
18-07-2017-18:20:33:371 1037118 1037750 1
18-07-2017-18:20:33:418 1037750 1038382 1
18-07-2017-18:20:33:454 1038382 1039014 1
18-07-2017-18:20:33:505 1039014 1039646 1
18-07-2017-18:20:34:058 1039646 1040278 1
18-07-2017-18:20:34:060 1040278 1040910 1
18-07-2017-18:20:34:060 1040910 1041542 1
18-07-2017-18:20:34:060 1041542 1042174 1
18-07-2017-18:20:34:061 1042174 1042806 1
18-07-2017-18:20:34:061 1042806 1043438 1
18-07-2017-18:20:34:061 1043438 1044070 1
18-07-2017-18:20:34:061 1044070 1044702 1
18-07-2017-18:20:34:061 1044702 1045334 1
18-07-2017-18:20:34:061 1045334 1045966 1
18-07-2017-18:20:34:061 1045966 1046598 1
18-07-2017-18:20:34:062 1046598 1047230 1
18-07-2017-18:20:34:062 1047230 1047862 1
18-07-2017-18:20:34:062 1047862 1048494 1
18-07-2017-18:20:34:090 1048494 1049126 1
18-07-2017-18:20:34:121 1049126 1049758 1
18-07-2017-18:20:34:168 1049758 1050390 1
18-07-2017-18:20:34:207 1050390 1051022 1
18-07-2017-18:20:34:249 1051022 1051654 1
18-07-2017-18:20:34:297 1051654 1052286 1
18-07-2017-18:20:34:320 1052286 1052918 1
18-07-2017-18:20:34:365 1052918 1053550 1
18-07-2017-18:20:34:402 1053550 1054182 1
18-07-2017-18:20:34:452 1054182 1054814 1
18-07-2017-18:20:34:476 1054814 1055446 1
18-07-2017-18:20:34:522 1055446 1056078 1
18-07-2017-18:20:34:557 1056078 1056710 1
18-07-2017-18:20:34:604 1056710 1057342 1
18-07-2017-18:20:34:639 1057342 1057974 1
18-07-2017-18:20:34:675 1057974 1058606 1
18-07-2017-18:20:34:833 1058606 1059238 1
18-07-2017-18:20:34:834 1059238 1059870 1
18-07-2017-18:20:34:834 1059870 1060502 1
18-07-2017-18:20:34:839 1060502 1061134 1
18-07-2017-18:20:34:873 1061134 1061766 1
18-07-2017-18:20:34:920 1061766 1062398 1
18-07-2017-18:20:34:953 1062398 1063030 1
18-07-2017-18:20:35:002 1063030 1063662 1
18-07-2017-18:20:35:036 1063662 1064294 1
18-07-2017-18:20:35:072 1064294 1064926 1
18-07-2017-18:20:35:118 1064926 1065558 1
18-07-2017-18:20:35:156 1065558 1066190 1
18-07-2017-18:20:35:198 1066190 1066822 1
18-07-2017-18:20:35:232 1066822 1067454 1
18-07-2017-18:20:35:268 1067454 1068086 1
18-07-2017-18:20:35:313 1068086 1068718 1
18-07-2017-18:20:35:350 1068718 1069350 1
18-07-2017-18:20:35:395 1069350 1069982 1
18-07-2017-18:20:35:431 1069982 1070614 1
18-07-2017-18:20:35:467 1070614 1071246 1
18-07-2017-18:20:35:513 1071246 1071878 1
18-07-2017-18:20:35:549 1071878 1072510 1
18-07-2017-18:20:35:583 1072510 1073142 1
18-07-2017-18:20:35:638 1073142 1073774 1
18-07-2017-18:20:35:664 1073774 1074406 1
18-07-2017-18:20:35:711 1074406 1075038 1
18-07-2017-18:20:35:747 1075038 1075670 1
18-07-2017-18:20:35:782 1075670 1076302 1
18-07-2017-18:20:35:827 1076302 1076934 1
18-07-2017-18:20:35:866 1076934 1077566 1
18-07-2017-18:20:35:901 1077566 1078198 1
18-07-2017-18:20:35:948 1078198 1078830 1
18-07-2017-18:20:35:983 1078830 1079462 1
18-07-2017-18:20:36:018 1079462 1080094 1
18-07-2017-18:20:36:061 1080094 1080726 1
18-07-2017-18:20:36:096 1080726 1081358 1
18-07-2017-18:20:36:143 1081358 1081990 1
18-07-2017-18:20:36:177 1081990 1082622 1
18-07-2017-18:20:36:225 1082622 1083254 1
18-07-2017-18:20:36:260 1083254 1083886 1
18-07-2017-18:20:36:296 1083886 1084518 1
18-07-2017-18:20:36:342 1084518 1085150 1
18-07-2017-18:20:36:376 1085150 1085782 1
