18-07-2017-18:04:50:159 0 800 1
18-07-2017-18:04:50:210 800 1600 1
18-07-2017-18:04:50:253 1600 2400 1
18-07-2017-18:04:50:306 2400 3147 1
18-07-2017-18:04:50:350 3147 3894 1
18-07-2017-18:04:50:398 3894 4641 1
18-07-2017-18:04:50:443 4641 5388 1
18-07-2017-18:04:50:491 5388 6135 1
18-07-2017-18:04:50:539 6135 6882 1
18-07-2017-18:04:50:585 6882 7629 1
18-07-2017-18:04:50:630 7629 8376 1
18-07-2017-18:04:50:676 8376 9123 1
18-07-2017-18:04:50:723 9123 9870 1
18-07-2017-18:04:50:772 9870 10617 1
18-07-2017-18:04:50:817 10617 11364 1
18-07-2017-18:04:50:864 11364 12111 1
18-07-2017-18:04:50:911 12111 12858 1
18-07-2017-18:04:50:958 12858 13605 1
18-07-2017-18:04:51:006 13605 14352 1
18-07-2017-18:04:51:052 14352 15099 1
18-07-2017-18:04:51:101 15099 15846 1
18-07-2017-18:04:51:151 15846 16593 1
18-07-2017-18:04:51:191 16593 17340 1
18-07-2017-18:04:51:243 17340 17960 1
18-07-2017-18:04:51:267 17960 18580 1
18-07-2017-18:04:51:316 18580 19200 1
18-07-2017-18:04:51:348 19200 19820 1
18-07-2017-18:04:51:390 19820 20440 1
18-07-2017-18:04:51:427 20440 21060 1
18-07-2017-18:04:51:461 21060 21680 1
18-07-2017-18:04:51:500 21680 22300 1
18-07-2017-18:04:51:537 22300 22920 1
18-07-2017-18:04:51:582 22920 23540 1
18-07-2017-18:04:51:619 23540 24160 1
18-07-2017-18:04:51:652 24160 24780 1
18-07-2017-18:04:51:703 24780 25400 1
18-07-2017-18:04:51:740 25400 26020 1
18-07-2017-18:04:51:771 26020 26640 1
18-07-2017-18:04:51:816 26640 27260 1
18-07-2017-18:04:51:847 27260 27880 1
18-07-2017-18:04:51:893 27880 28500 1
18-07-2017-18:04:51:929 28500 29120 1
18-07-2017-18:04:51:963 29120 29740 1
18-07-2017-18:04:52:008 29740 30360 1
18-07-2017-18:04:52:044 30360 30980 1
18-07-2017-18:04:52:079 30980 31600 1
18-07-2017-18:04:52:125 31600 32220 1
18-07-2017-18:04:52:160 32220 32840 1
18-07-2017-18:04:52:202 32840 33460 1
18-07-2017-18:04:52:237 33460 34080 1
18-07-2017-18:04:52:282 34080 34700 1
18-07-2017-18:04:52:317 34700 35320 1
18-07-2017-18:04:52:353 35320 35940 1
18-07-2017-18:04:52:388 35940 36560 1
18-07-2017-18:04:52:439 36560 37180 1
18-07-2017-18:04:52:467 37180 37800 1
18-07-2017-18:04:52:508 37800 38420 1
18-07-2017-18:04:52:553 38420 39040 1
18-07-2017-18:04:52:589 39040 39660 1
18-07-2017-18:04:52:624 39660 40280 1
18-07-2017-18:04:52:682 40280 40900 1
18-07-2017-18:04:52:713 40900 41520 1
18-07-2017-18:04:52:744 41520 42140 1
18-07-2017-18:04:52:785 42140 42760 1
18-07-2017-18:04:52:827 42760 43380 1
18-07-2017-18:04:52:853 43380 44000 1
18-07-2017-18:04:52:894 44000 44620 1
18-07-2017-18:04:52:942 44620 45240 1
18-07-2017-18:04:52:977 45240 45860 1
18-07-2017-18:04:53:014 45860 46480 1
18-07-2017-18:04:53:060 46480 47100 1
18-07-2017-18:04:53:093 47100 47720 1
18-07-2017-18:04:53:129 47720 48340 1
18-07-2017-18:04:53:162 48340 48960 1
18-07-2017-18:04:53:214 48960 49520 1
18-07-2017-18:04:53:321 49520 50080 1
18-07-2017-18:04:53:322 50080 50640 1
18-07-2017-18:04:53:323 50640 51200 1
18-07-2017-18:04:53:343 51200 51760 1
18-07-2017-18:04:53:378 51760 52320 1
18-07-2017-18:04:53:414 52320 52880 1
18-07-2017-18:04:53:449 52880 53440 1
18-07-2017-18:04:53:483 53440 54000 1
18-07-2017-18:04:53:518 54000 54560 1
18-07-2017-18:04:53:551 54560 55120 1
18-07-2017-18:04:53:586 55120 55680 1
18-07-2017-18:04:53:621 55680 56240 1
18-07-2017-18:04:53:655 56240 56800 1
18-07-2017-18:04:53:691 56800 57360 1
18-07-2017-18:04:53:730 57360 57920 1
18-07-2017-18:04:53:764 57920 58480 1
18-07-2017-18:04:53:796 58480 59040 1
18-07-2017-18:04:53:837 59040 59600 1
18-07-2017-18:04:53:871 59600 60160 1
18-07-2017-18:04:53:906 60160 60720 1
18-07-2017-18:04:53:942 60720 61280 1
18-07-2017-18:04:53:977 61280 61840 1
18-07-2017-18:04:54:010 61840 62400 1
18-07-2017-18:04:54:046 62400 62960 1
18-07-2017-18:04:54:082 62960 63520 1
18-07-2017-18:04:54:123 63520 64080 1
18-07-2017-18:04:54:152 64080 64640 1
18-07-2017-18:04:54:186 64640 65200 1
18-07-2017-18:04:54:222 65200 65760 1
18-07-2017-18:04:54:256 65760 66320 1
18-07-2017-18:04:54:291 66320 66880 1
18-07-2017-18:04:54:325 66880 67440 1
18-07-2017-18:04:54:356 67440 68000 1
18-07-2017-18:04:54:390 68000 68560 1
18-07-2017-18:04:54:425 68560 69120 1
18-07-2017-18:04:54:459 69120 69680 1
18-07-2017-18:04:54:495 69680 70240 1
18-07-2017-18:04:54:530 70240 70800 1
18-07-2017-18:04:54:566 70800 71360 1
18-07-2017-18:04:54:599 71360 71920 1
18-07-2017-18:04:54:636 71920 72480 1
18-07-2017-18:04:54:670 72480 73040 1
18-07-2017-18:04:54:715 73040 73600 1
18-07-2017-18:04:54:748 73600 74160 1
18-07-2017-18:04:54:784 74160 74720 1
18-07-2017-18:04:54:820 74720 75280 1
18-07-2017-18:04:54:855 75280 75840 1
18-07-2017-18:04:54:889 75840 76400 1
18-07-2017-18:04:54:924 76400 76960 1
18-07-2017-18:04:54:959 76960 77520 1
18-07-2017-18:04:54:993 77520 78080 1
18-07-2017-18:04:55:028 78080 78640 1
18-07-2017-18:04:55:065 78640 79200 1
18-07-2017-18:04:55:098 79200 79760 1
18-07-2017-18:04:55:134 79760 80320 1
18-07-2017-18:04:55:169 80320 80880 1
18-07-2017-18:04:55:204 80880 81440 1
18-07-2017-18:04:55:238 81440 82000 1
18-07-2017-18:04:55:273 82000 82560 1
18-07-2017-18:04:55:308 82560 83120 1
18-07-2017-18:04:55:344 83120 83680 1
18-07-2017-18:04:55:378 83680 84240 1
18-07-2017-18:04:55:413 84240 84800 1
18-07-2017-18:04:55:448 84800 85360 1
18-07-2017-18:04:55:484 85360 85920 1
18-07-2017-18:04:55:519 85920 86480 1
18-07-2017-18:04:55:555 86480 87040 1
18-07-2017-18:04:55:589 87040 87600 1
18-07-2017-18:04:55:631 87600 88160 1
18-07-2017-18:04:55:658 88160 88720 1
18-07-2017-18:04:55:687 88720 89280 1
18-07-2017-18:04:55:721 89280 89840 1
18-07-2017-18:04:55:764 89840 90400 1
18-07-2017-18:04:55:798 90400 90960 1
18-07-2017-18:04:55:834 90960 91520 1
18-07-2017-18:04:55:869 91520 92080 1
18-07-2017-18:04:55:903 92080 92640 1
18-07-2017-18:04:55:939 92640 93200 1
18-07-2017-18:04:55:973 93200 93760 1
18-07-2017-18:04:56:009 93760 94320 1
18-07-2017-18:04:56:043 94320 94880 1
18-07-2017-18:04:56:079 94880 95440 1
18-07-2017-18:04:56:114 95440 96000 1
18-07-2017-18:04:56:149 96000 96560 1
18-07-2017-18:04:56:185 96560 97120 1
18-07-2017-18:04:56:220 97120 97680 1
18-07-2017-18:04:56:253 97680 98240 1
18-07-2017-18:04:56:288 98240 98800 1
18-07-2017-18:04:56:324 98800 99360 1
18-07-2017-18:04:56:359 99360 99920 1
18-07-2017-18:04:56:501 99920 100480 1
18-07-2017-18:04:56:502 100480 101040 1
18-07-2017-18:04:56:502 101040 101600 1
18-07-2017-18:04:56:502 101600 102160 1
18-07-2017-18:04:56:534 102160 102720 1
18-07-2017-18:04:56:569 102720 103280 1
18-07-2017-18:04:56:604 103280 103840 1
18-07-2017-18:04:56:638 103840 104400 1
18-07-2017-18:04:56:673 104400 104960 1
18-07-2017-18:04:56:708 104960 105520 1
18-07-2017-18:04:56:744 105520 106080 1
18-07-2017-18:04:56:779 106080 106640 1
18-07-2017-18:04:56:818 106640 107200 1
18-07-2017-18:04:56:849 107200 107760 1
18-07-2017-18:04:56:884 107760 108320 1
18-07-2017-18:04:56:921 108320 108880 1
18-07-2017-18:04:56:954 108880 109440 1
18-07-2017-18:04:56:989 109440 110000 1
18-07-2017-18:04:57:027 110000 110560 1
18-07-2017-18:04:57:059 110560 111120 1
18-07-2017-18:04:57:094 111120 111680 1
18-07-2017-18:04:57:128 111680 112240 1
18-07-2017-18:04:57:163 112240 112800 1
18-07-2017-18:04:57:198 112800 113360 1
18-07-2017-18:04:57:235 113360 113920 1
18-07-2017-18:04:57:268 113920 114480 1
18-07-2017-18:04:57:307 114480 115040 1
18-07-2017-18:04:57:339 115040 115600 1
18-07-2017-18:04:57:373 115600 116160 1
18-07-2017-18:04:57:409 116160 116720 1
18-07-2017-18:04:57:443 116720 117280 1
18-07-2017-18:04:57:478 117280 117840 1
18-07-2017-18:04:57:514 117840 118400 1
18-07-2017-18:04:57:548 118400 118960 1
18-07-2017-18:04:57:583 118960 119520 1
18-07-2017-18:04:57:619 119520 120080 1
18-07-2017-18:04:57:654 120080 120640 1
18-07-2017-18:04:57:687 120640 121200 1
18-07-2017-18:04:57:721 121200 121760 1
18-07-2017-18:04:57:756 121760 122320 1
18-07-2017-18:04:57:791 122320 122880 1
18-07-2017-18:04:57:825 122880 123440 1
18-07-2017-18:04:57:861 123440 124000 1
18-07-2017-18:04:57:896 124000 124560 1
18-07-2017-18:04:57:930 124560 125120 1
18-07-2017-18:04:57:965 125120 125680 1
18-07-2017-18:04:58:001 125680 126240 1
18-07-2017-18:04:58:036 126240 126800 1
18-07-2017-18:04:58:071 126800 127360 1
18-07-2017-18:04:58:104 127360 127920 1
18-07-2017-18:04:58:140 127920 128480 1
18-07-2017-18:04:58:175 128480 129040 1
18-07-2017-18:04:58:211 129040 129600 1
18-07-2017-18:04:58:245 129600 130160 1
18-07-2017-18:04:58:280 130160 130720 1
18-07-2017-18:04:58:320 130720 131280 1
18-07-2017-18:04:58:346 131280 131840 1
18-07-2017-18:04:58:382 131840 132400 1
18-07-2017-18:04:58:418 132400 132960 1
18-07-2017-18:04:58:453 132960 133520 1
18-07-2017-18:04:58:486 133520 134080 1
18-07-2017-18:04:58:523 134080 134640 1
18-07-2017-18:04:58:556 134640 135200 1
18-07-2017-18:04:58:592 135200 135760 1
18-07-2017-18:04:58:628 135760 136320 1
18-07-2017-18:04:58:662 136320 136880 1
18-07-2017-18:04:58:697 136880 137440 1
18-07-2017-18:04:58:733 137440 138000 1
18-07-2017-18:04:58:783 138000 138560 1
18-07-2017-18:04:58:802 138560 139120 1
18-07-2017-18:04:58:836 139120 139680 1
18-07-2017-18:04:58:873 139680 140240 1
18-07-2017-18:04:58:908 140240 140800 1
18-07-2017-18:04:59:195 140800 141360 1
18-07-2017-18:04:59:197 141360 141920 1
18-07-2017-18:04:59:197 141920 142480 1
18-07-2017-18:04:59:197 142480 143040 1
18-07-2017-18:04:59:197 143040 143600 1
18-07-2017-18:04:59:197 143600 144160 1
18-07-2017-18:04:59:197 144160 144720 1
18-07-2017-18:04:59:197 144720 145280 1
18-07-2017-18:04:59:230 145280 145840 1
18-07-2017-18:04:59:271 145840 146400 1
18-07-2017-18:04:59:299 146400 146960 1
18-07-2017-18:04:59:334 146960 147520 1
18-07-2017-18:04:59:370 147520 148080 1
18-07-2017-18:04:59:405 148080 148640 1
18-07-2017-18:04:59:438 148640 149200 1
18-07-2017-18:04:59:474 149200 149760 1
18-07-2017-18:04:59:510 149760 150320 1
18-07-2017-18:04:59:543 150320 150880 1
18-07-2017-18:04:59:579 150880 151440 1
18-07-2017-18:04:59:614 151440 152000 1
18-07-2017-18:04:59:650 152000 152560 1
18-07-2017-18:04:59:684 152560 153120 1
18-07-2017-18:04:59:719 153120 153680 1
18-07-2017-18:04:59:754 153680 154240 1
18-07-2017-18:04:59:791 154240 154800 1
18-07-2017-18:04:59:819 154800 155360 1
18-07-2017-18:04:59:856 155360 155920 1
18-07-2017-18:04:59:886 155920 156480 1
18-07-2017-18:04:59:922 156480 157040 1
18-07-2017-18:04:59:956 157040 157600 1
18-07-2017-18:04:59:991 157600 158160 1
18-07-2017-18:05:00:031 158160 158720 1
18-07-2017-18:05:00:068 158720 159280 1
18-07-2017-18:05:00:104 159280 159840 1
18-07-2017-18:05:00:137 159840 160400 1
18-07-2017-18:05:00:176 160400 160960 1
18-07-2017-18:05:00:202 160960 161520 1
18-07-2017-18:05:00:236 161520 162080 1
18-07-2017-18:05:00:272 162080 162640 1
18-07-2017-18:05:00:304 162640 163200 1
18-07-2017-18:05:00:342 163200 163760 1
18-07-2017-18:05:00:376 163760 164320 1
18-07-2017-18:05:00:411 164320 164880 1
18-07-2017-18:05:00:446 164880 165440 1
18-07-2017-18:05:00:485 165440 166000 1
18-07-2017-18:05:00:515 166000 166560 1
18-07-2017-18:05:00:550 166560 167120 1
18-07-2017-18:05:00:585 167120 167680 1
18-07-2017-18:05:00:621 167680 168240 1
18-07-2017-18:05:00:655 168240 168800 1
18-07-2017-18:05:00:696 168800 169360 1
18-07-2017-18:05:00:735 169360 169920 1
18-07-2017-18:05:00:768 169920 170480 1
18-07-2017-18:05:00:804 170480 171040 1
