18-07-2017-18:49:39:520 0 720 1
18-07-2017-18:49:39:567 720 1440 1
18-07-2017-18:49:39:607 1440 2160 1
18-07-2017-18:49:39:653 2160 2880 1
18-07-2017-18:49:39:694 2880 3600 1
18-07-2017-18:49:39:736 3600 4320 1
18-07-2017-18:49:39:782 4320 5040 1
18-07-2017-18:49:39:834 5040 5760 1
18-07-2017-18:49:39:879 5760 6480 1
18-07-2017-18:49:39:921 6480 7200 1
18-07-2017-18:49:39:960 7200 7920 1
18-07-2017-18:49:40:012 7920 8624 1
18-07-2017-18:49:40:061 8624 9328 1
18-07-2017-18:49:40:102 9328 10032 1
18-07-2017-18:49:40:144 10032 10736 1
18-07-2017-18:49:40:184 10736 11440 1
18-07-2017-18:49:40:227 11440 12144 1
18-07-2017-18:49:40:279 12144 12832 1
18-07-2017-18:49:40:311 12832 13520 1
18-07-2017-18:49:40:355 13520 14208 1
18-07-2017-18:49:40:404 14208 14896 1
18-07-2017-18:49:40:450 14896 15584 1
18-07-2017-18:49:40:491 15584 16272 1
18-07-2017-18:49:40:532 16272 16960 1
18-07-2017-18:49:40:572 16960 17648 1
18-07-2017-18:49:40:619 17648 18336 1
18-07-2017-18:49:40:659 18336 19024 1
18-07-2017-18:49:40:701 19024 19712 1
18-07-2017-18:49:40:741 19712 20400 1
18-07-2017-18:49:40:786 20400 21088 1
18-07-2017-18:49:40:831 21088 21776 1
18-07-2017-18:49:40:874 21776 22464 1
18-07-2017-18:49:40:913 22464 23152 1
18-07-2017-18:49:40:956 23152 23840 1
18-07-2017-18:49:41:001 23840 24528 1
18-07-2017-18:49:41:040 24528 25216 1
18-07-2017-18:49:41:093 25216 25888 1
18-07-2017-18:49:41:139 25888 26560 1
18-07-2017-18:49:41:167 26560 27232 1
18-07-2017-18:49:41:208 27232 27904 1
18-07-2017-18:49:41:249 27904 28576 1
18-07-2017-18:49:41:302 28576 29232 1
18-07-2017-18:49:41:337 29232 29888 1
18-07-2017-18:49:41:376 29888 30544 1
18-07-2017-18:49:41:418 30544 31200 1
18-07-2017-18:49:41:460 31200 31856 1
18-07-2017-18:49:41:506 31856 32512 1
18-07-2017-18:49:41:546 32512 33168 1
18-07-2017-18:49:41:586 33168 33824 1
18-07-2017-18:49:41:626 33824 34480 1
18-07-2017-18:49:41:674 34480 35136 1
18-07-2017-18:49:41:714 35136 35792 1
18-07-2017-18:49:41:743 35792 36448 1
18-07-2017-18:49:41:785 36448 37104 1
18-07-2017-18:49:41:824 37104 37760 1
18-07-2017-18:49:41:872 37760 38416 1
18-07-2017-18:49:41:911 38416 39072 1
18-07-2017-18:49:41:953 39072 39728 1
18-07-2017-18:49:41:991 39728 40384 1
18-07-2017-18:49:42:032 40384 41040 1
18-07-2017-18:49:42:079 41040 41696 1
18-07-2017-18:49:42:118 41696 42352 1
18-07-2017-18:49:42:158 42352 43008 1
18-07-2017-18:49:42:198 43008 43664 1
18-07-2017-18:49:42:246 43664 44320 1
18-07-2017-18:49:42:285 44320 44976 1
18-07-2017-18:49:42:327 44976 45632 1
18-07-2017-18:49:42:367 45632 46288 1
18-07-2017-18:49:42:413 46288 46944 1
18-07-2017-18:49:42:442 46944 47600 1
18-07-2017-18:49:42:483 47600 48256 1
18-07-2017-18:49:42:522 48256 48912 1
18-07-2017-18:49:42:562 48912 49568 1
18-07-2017-18:49:42:688 49568 50224 1
18-07-2017-18:49:42:690 50224 50880 1
18-07-2017-18:49:42:690 50880 51536 1
18-07-2017-18:49:42:731 51536 52192 1
18-07-2017-18:49:42:778 52192 52848 1
18-07-2017-18:49:42:817 52848 53504 1
18-07-2017-18:49:42:859 53504 54160 1
18-07-2017-18:49:42:899 54160 54816 1
18-07-2017-18:49:42:945 54816 55472 1
18-07-2017-18:49:42:975 55472 56128 1
18-07-2017-18:49:43:014 56128 56784 1
18-07-2017-18:49:43:059 56784 57440 1
18-07-2017-18:49:43:101 57440 58096 1
18-07-2017-18:49:43:141 58096 58752 1
18-07-2017-18:49:43:182 58752 59408 1
18-07-2017-18:49:43:223 59408 60064 1
18-07-2017-18:49:43:269 60064 60720 1
18-07-2017-18:49:43:312 60720 61376 1
18-07-2017-18:49:43:351 61376 62032 1
18-07-2017-18:49:43:391 62032 62688 1
18-07-2017-18:49:43:432 62688 63344 1
18-07-2017-18:49:43:478 63344 64000 1
18-07-2017-18:49:43:506 64000 64656 1
18-07-2017-18:49:43:557 64656 65264 1
18-07-2017-18:49:43:589 65264 65872 1
18-07-2017-18:49:43:628 65872 66480 1
18-07-2017-18:49:43:657 66480 67088 1
18-07-2017-18:49:43:699 67088 67696 1
18-07-2017-18:49:43:739 67696 68304 1
18-07-2017-18:49:43:785 68304 68912 1
18-07-2017-18:49:43:808 68912 69520 1
18-07-2017-18:49:43:855 69520 70128 1
18-07-2017-18:49:43:893 70128 70736 1
18-07-2017-18:49:43:922 70736 71344 1
18-07-2017-18:49:43:964 71344 71952 1
18-07-2017-18:49:44:005 71952 72560 1
18-07-2017-18:49:44:051 72560 73168 1
18-07-2017-18:49:44:074 73168 73776 1
18-07-2017-18:49:44:122 73776 74384 1
18-07-2017-18:49:44:162 74384 74992 1
18-07-2017-18:49:44:189 74992 75600 1
18-07-2017-18:49:44:231 75600 76208 1
18-07-2017-18:49:44:272 76208 76816 1
18-07-2017-18:49:44:318 76816 77424 1
18-07-2017-18:49:44:341 77424 78032 1
18-07-2017-18:49:44:387 78032 78640 1
18-07-2017-18:49:44:416 78640 79248 1
18-07-2017-18:49:44:457 79248 79856 1
18-07-2017-18:49:44:499 79856 80464 1
18-07-2017-18:49:44:538 80464 81072 1
18-07-2017-18:49:44:568 81072 81680 1
18-07-2017-18:49:44:609 81680 82288 1
18-07-2017-18:49:44:655 82288 82896 1
18-07-2017-18:49:44:685 82896 83504 1
18-07-2017-18:49:44:724 83504 84112 1
18-07-2017-18:49:44:764 84112 84720 1
18-07-2017-18:49:44:806 84720 85328 1
18-07-2017-18:49:44:836 85328 85936 1
18-07-2017-18:49:44:876 85936 86544 1
18-07-2017-18:49:44:923 86544 87152 1
18-07-2017-18:49:44:951 87152 87760 1
18-07-2017-18:49:44:992 87760 88368 1
18-07-2017-18:49:45:037 88368 88976 1
18-07-2017-18:49:45:079 88976 89584 1
18-07-2017-18:49:45:102 89584 90192 1
18-07-2017-18:49:45:148 90192 90800 1
18-07-2017-18:49:45:177 90800 91408 1
18-07-2017-18:49:45:219 91408 92016 1
18-07-2017-18:49:45:258 92016 92624 1
18-07-2017-18:49:45:300 92624 93232 1
18-07-2017-18:49:45:329 93232 93840 1
18-07-2017-18:49:45:375 93840 94448 1
18-07-2017-18:49:45:415 94448 95056 1
18-07-2017-18:49:45:444 95056 95664 1
18-07-2017-18:49:45:486 95664 96272 1
18-07-2017-18:49:45:532 96272 96880 1
18-07-2017-18:49:45:572 96880 97488 1
18-07-2017-18:49:45:601 97488 98096 1
18-07-2017-18:49:45:641 98096 98704 1
18-07-2017-18:49:45:669 98704 99312 1
18-07-2017-18:49:45:711 99312 99920 1
18-07-2017-18:49:45:863 99920 100528 1
18-07-2017-18:49:45:864 100528 101136 1
18-07-2017-18:49:45:864 101136 101744 1
18-07-2017-18:49:45:875 101744 102352 1
18-07-2017-18:49:45:908 102352 102960 1
18-07-2017-18:49:45:937 102960 103568 1
18-07-2017-18:49:45:978 103568 104176 1
18-07-2017-18:49:46:024 104176 104784 1
18-07-2017-18:49:46:054 104784 105392 1
18-07-2017-18:49:46:094 105392 106000 1
18-07-2017-18:49:46:134 106000 106608 1
18-07-2017-18:49:46:164 106608 107216 1
18-07-2017-18:49:46:206 107216 107824 1
18-07-2017-18:49:46:250 107824 108432 1
18-07-2017-18:49:46:291 108432 109040 1
18-07-2017-18:49:46:320 109040 109648 1
18-07-2017-18:49:46:360 109648 110256 1
18-07-2017-18:49:46:401 110256 110864 1
18-07-2017-18:49:46:430 110864 111472 1
18-07-2017-18:49:46:477 111472 112080 1
18-07-2017-18:49:46:518 112080 112688 1
18-07-2017-18:49:46:543 112688 113296 1
18-07-2017-18:49:46:590 113296 113904 1
18-07-2017-18:49:46:632 113904 114512 1
18-07-2017-18:49:46:659 114512 115120 1
18-07-2017-18:49:46:699 115120 115728 1
18-07-2017-18:49:46:740 115728 116336 1
18-07-2017-18:49:46:786 116336 116944 1
18-07-2017-18:49:46:815 116944 117552 1
18-07-2017-18:49:46:856 117552 118160 1
18-07-2017-18:49:46:897 118160 118768 1
18-07-2017-18:49:46:925 118768 119376 1
18-07-2017-18:49:46:966 119376 119984 1
18-07-2017-18:49:47:013 119984 120592 1
18-07-2017-18:49:47:053 120592 121200 1
18-07-2017-18:49:47:082 121200 121808 1
18-07-2017-18:49:47:124 121808 122416 1
18-07-2017-18:49:47:153 122416 123024 1
18-07-2017-18:49:47:193 123024 123632 1
18-07-2017-18:49:47:233 123632 124240 1
18-07-2017-18:49:47:279 124240 124848 1
18-07-2017-18:49:47:309 124848 125456 1
18-07-2017-18:49:47:349 125456 126064 1
18-07-2017-18:49:47:391 126064 126672 1
18-07-2017-18:49:47:419 126672 127280 1
18-07-2017-18:49:47:459 127280 127888 1
18-07-2017-18:49:47:505 127888 128496 1
18-07-2017-18:49:47:534 128496 129104 1
18-07-2017-18:49:47:574 129104 129712 1
18-07-2017-18:49:47:614 129712 130320 1
18-07-2017-18:49:47:656 130320 130928 1
18-07-2017-18:49:47:685 130928 131536 1
18-07-2017-18:49:47:731 131536 132144 1
18-07-2017-18:49:47:770 132144 132752 1
18-07-2017-18:49:47:800 132752 133360 1
18-07-2017-18:49:47:841 133360 133968 1
18-07-2017-18:49:47:882 133968 134576 1
18-07-2017-18:49:47:928 134576 135184 1
18-07-2017-18:49:47:950 135184 135792 1
18-07-2017-18:49:47:997 135792 136400 1
18-07-2017-18:49:48:027 136400 137008 1
18-07-2017-18:49:48:073 137008 137616 1
18-07-2017-18:49:48:114 137616 138224 1
18-07-2017-18:49:48:142 138224 138832 1
18-07-2017-18:49:48:182 138832 139440 1
18-07-2017-18:49:48:223 139440 140048 1
18-07-2017-18:49:48:269 140048 140656 1
18-07-2017-18:49:48:298 140656 141264 1
18-07-2017-18:49:48:339 141264 141872 1
18-07-2017-18:49:48:378 141872 142480 1
18-07-2017-18:49:48:408 142480 143088 1
18-07-2017-18:49:48:449 143088 143696 1
18-07-2017-18:49:48:491 143696 144304 1
18-07-2017-18:49:48:537 144304 144912 1
18-07-2017-18:49:48:565 144912 145520 1
18-07-2017-18:49:48:607 145520 146128 1
18-07-2017-18:49:48:636 146128 146736 1
18-07-2017-18:49:48:675 146736 147344 1
18-07-2017-18:49:48:716 147344 147952 1
18-07-2017-18:49:48:755 147952 148560 1
18-07-2017-18:49:48:800 148560 149168 1
18-07-2017-18:49:48:830 149168 149776 1
18-07-2017-18:49:48:871 149776 150384 1
18-07-2017-18:49:48:902 150384 150992 1
18-07-2017-18:49:48:939 150992 151600 1
18-07-2017-18:49:48:981 151600 152208 1
18-07-2017-18:49:49:142 152208 152816 1
18-07-2017-18:49:49:143 152816 153424 1
18-07-2017-18:49:49:143 153424 154032 1
18-07-2017-18:49:49:143 154032 154640 1
18-07-2017-18:49:49:167 154640 155248 1
18-07-2017-18:49:49:207 155248 155856 1
18-07-2017-18:49:49:248 155856 156464 1
18-07-2017-18:49:49:288 156464 157072 1
18-07-2017-18:49:49:318 157072 157680 1
18-07-2017-18:49:49:363 157680 158288 1
18-07-2017-18:49:49:406 158288 158896 1
18-07-2017-18:49:49:434 158896 159504 1
18-07-2017-18:49:49:475 159504 160112 1
18-07-2017-18:49:49:516 160112 160720 1
18-07-2017-18:49:49:555 160720 161328 1
18-07-2017-18:49:49:584 161328 161936 1
18-07-2017-18:49:49:624 161936 162544 1
18-07-2017-18:49:49:668 162544 163152 1
18-07-2017-18:49:49:713 163152 163760 1
18-07-2017-18:49:49:741 163760 164368 1
18-07-2017-18:49:49:783 164368 164976 1
18-07-2017-18:49:49:822 164976 165584 1
18-07-2017-18:49:49:850 165584 166192 1
18-07-2017-18:49:49:894 166192 166800 1
18-07-2017-18:49:49:932 166800 167408 1
18-07-2017-18:49:49:979 167408 168016 1
18-07-2017-18:49:50:008 168016 168624 1
18-07-2017-18:49:50:051 168624 169232 1
18-07-2017-18:49:50:080 169232 169840 1
18-07-2017-18:49:50:119 169840 170448 1
18-07-2017-18:49:50:161 170448 171056 1
18-07-2017-18:49:50:201 171056 171664 1
18-07-2017-18:49:50:248 171664 172272 1
18-07-2017-18:49:50:273 172272 172880 1
18-07-2017-18:49:50:315 172880 173488 1
18-07-2017-18:49:50:344 173488 174096 1
18-07-2017-18:49:50:386 174096 174704 1
18-07-2017-18:49:50:426 174704 175312 1
18-07-2017-18:49:50:467 175312 175920 1
18-07-2017-18:49:50:513 175920 176528 1
18-07-2017-18:49:50:536 176528 177136 1
18-07-2017-18:49:50:581 177136 177744 1
18-07-2017-18:49:50:623 177744 178352 1
18-07-2017-18:49:50:654 178352 178960 1
18-07-2017-18:49:50:696 178960 179568 1
18-07-2017-18:49:50:734 179568 180176 1
18-07-2017-18:49:50:763 180176 180784 1
18-07-2017-18:49:50:804 180784 181392 1
18-07-2017-18:49:50:849 181392 182000 1
18-07-2017-18:49:50:891 182000 182608 1
18-07-2017-18:49:50:921 182608 183216 1
18-07-2017-18:49:50:959 183216 183824 1
18-07-2017-18:49:51:000 183824 184432 1
18-07-2017-18:49:51:035 184432 185040 1
18-07-2017-18:49:51:079 185040 185648 1
18-07-2017-18:49:51:121 185648 186256 1
18-07-2017-18:49:51:148 186256 186864 1
18-07-2017-18:49:51:189 186864 187472 1
18-07-2017-18:49:51:219 187472 188080 1
18-07-2017-18:49:51:261 188080 188688 1
18-07-2017-18:49:51:301 188688 189296 1
18-07-2017-18:49:51:348 189296 189904 1
18-07-2017-18:49:51:370 189904 190512 1
18-07-2017-18:49:51:416 190512 191120 1
18-07-2017-18:49:51:458 191120 191728 1
18-07-2017-18:49:51:487 191728 192336 1
18-07-2017-18:49:51:526 192336 192944 1
18-07-2017-18:49:51:566 192944 193552 1
18-07-2017-18:49:51:612 193552 194160 1
18-07-2017-18:49:51:635 194160 194768 1
18-07-2017-18:49:51:683 194768 195376 1
18-07-2017-18:49:51:712 195376 195984 1
18-07-2017-18:49:51:754 195984 196592 1
18-07-2017-18:49:51:792 196592 197200 1
18-07-2017-18:49:51:833 197200 197808 1
18-07-2017-18:49:51:881 197808 198416 1
18-07-2017-18:49:51:910 198416 199024 1
18-07-2017-18:49:51:950 199024 199632 1
18-07-2017-18:49:51:980 199632 200240 1
18-07-2017-18:49:52:020 200240 200848 1
18-07-2017-18:49:52:061 200848 201456 1
18-07-2017-18:49:52:107 201456 202064 1
18-07-2017-18:49:52:130 202064 202672 1
18-07-2017-18:49:52:265 202672 203280 1
18-07-2017-18:49:52:269 203280 203888 1
18-07-2017-18:49:52:269 203888 204496 1
18-07-2017-18:49:52:288 204496 205104 1
18-07-2017-18:49:52:332 205104 205712 1
18-07-2017-18:49:52:374 205712 206320 1
18-07-2017-18:49:52:404 206320 206928 1
18-07-2017-18:49:52:443 206928 207536 1
18-07-2017-18:49:52:471 207536 208144 1
18-07-2017-18:49:52:512 208144 208752 1
18-07-2017-18:49:52:551 208752 209360 1
18-07-2017-18:49:52:592 209360 209968 1
18-07-2017-18:49:52:633 209968 210576 1
18-07-2017-18:49:52:663 210576 211184 1
18-07-2017-18:49:52:703 211184 211792 1
18-07-2017-18:49:52:748 211792 212400 1
18-07-2017-18:49:52:778 212400 213008 1
18-07-2017-18:49:52:818 213008 213616 1
18-07-2017-18:49:52:859 213616 214224 1
18-07-2017-18:49:52:900 214224 214832 1
18-07-2017-18:49:52:929 214832 215440 1
18-07-2017-18:49:52:974 215440 216048 1
18-07-2017-18:49:53:016 216048 216656 1
18-07-2017-18:49:53:044 216656 217264 1
18-07-2017-18:49:53:085 217264 217872 1
18-07-2017-18:49:53:125 217872 218480 1
18-07-2017-18:49:53:173 218480 219088 1
18-07-2017-18:49:53:201 219088 219696 1
18-07-2017-18:49:53:242 219696 220304 1
18-07-2017-18:49:53:271 220304 220912 1
18-07-2017-18:49:53:311 220912 221520 1
18-07-2017-18:49:53:352 221520 222128 1
18-07-2017-18:49:53:397 222128 222736 1
18-07-2017-18:49:53:423 222736 223344 1
18-07-2017-18:49:53:468 223344 223952 1
18-07-2017-18:49:53:508 223952 224560 1
18-07-2017-18:49:53:538 224560 225168 1
18-07-2017-18:49:53:578 225168 225776 1
18-07-2017-18:49:53:624 225776 226384 1
18-07-2017-18:49:53:664 226384 226992 1
18-07-2017-18:49:53:692 226992 227600 1
18-07-2017-18:49:53:734 227600 228208 1
18-07-2017-18:49:53:773 228208 228816 1
18-07-2017-18:49:53:803 228816 229424 1
18-07-2017-18:49:53:844 229424 230032 1
18-07-2017-18:49:53:890 230032 230640 1
18-07-2017-18:49:53:919 230640 231248 1
18-07-2017-18:49:53:958 231248 231856 1
18-07-2017-18:49:53:998 231856 232464 1
18-07-2017-18:49:54:039 232464 233072 1
18-07-2017-18:49:54:068 233072 233680 1
18-07-2017-18:49:54:108 233680 234288 1
18-07-2017-18:49:54:150 234288 234896 1
18-07-2017-18:49:54:195 234896 235504 1
18-07-2017-18:49:54:224 235504 236112 1
18-07-2017-18:49:54:264 236112 236720 1
18-07-2017-18:49:54:304 236720 237328 1
18-07-2017-18:49:54:333 237328 237936 1
18-07-2017-18:49:54:374 237936 238544 1
18-07-2017-18:49:54:420 238544 239152 1
18-07-2017-18:49:54:461 239152 239760 1
18-07-2017-18:49:54:491 239760 240368 1
18-07-2017-18:49:54:532 240368 240976 1
18-07-2017-18:49:54:571 240976 241584 1
18-07-2017-18:49:54:601 241584 242192 1
18-07-2017-18:49:54:646 242192 242800 1
18-07-2017-18:49:54:691 242800 243408 1
18-07-2017-18:49:54:717 243408 244016 1
18-07-2017-18:49:54:757 244016 244624 1
18-07-2017-18:49:54:798 244624 245232 1
18-07-2017-18:49:54:843 245232 245840 1
18-07-2017-18:49:54:867 245840 246448 1
18-07-2017-18:49:54:913 246448 247056 1
18-07-2017-18:49:54:942 247056 247664 1
18-07-2017-18:49:54:982 247664 248272 1
18-07-2017-18:49:55:023 248272 248880 1
18-07-2017-18:49:55:065 248880 249488 1
18-07-2017-18:49:55:094 249488 250096 1
18-07-2017-18:49:55:141 250096 250704 1
18-07-2017-18:49:55:180 250704 251312 1
18-07-2017-18:49:55:209 251312 251920 1
18-07-2017-18:49:55:251 251920 252528 1
18-07-2017-18:49:55:289 252528 253136 1
18-07-2017-18:49:55:650 253136 253744 1
18-07-2017-18:49:55:651 253744 254352 1
18-07-2017-18:49:55:652 254352 254960 1
18-07-2017-18:49:55:652 254960 255568 1
18-07-2017-18:49:55:652 255568 256176 1
18-07-2017-18:49:55:652 256176 256784 1
18-07-2017-18:49:55:652 256784 257392 1
18-07-2017-18:49:55:652 257392 258000 1
18-07-2017-18:49:55:652 258000 258608 1
18-07-2017-18:49:55:669 258608 259216 1
18-07-2017-18:49:55:722 259216 259824 1
18-07-2017-18:49:55:739 259824 260432 1
18-07-2017-18:49:55:786 260432 261040 1
18-07-2017-18:49:55:826 261040 261648 1
18-07-2017-18:49:55:855 261648 262256 1
18-07-2017-18:49:55:895 262256 262864 1
18-07-2017-18:49:55:935 262864 263472 1
18-07-2017-18:49:55:983 263472 264080 1
18-07-2017-18:49:56:006 264080 264688 1
18-07-2017-18:49:56:059 264688 265168 1
18-07-2017-18:49:56:071 265168 265648 1
18-07-2017-18:49:56:099 265648 266128 1
18-07-2017-18:49:56:128 266128 266608 1
18-07-2017-18:49:56:158 266608 267088 1
18-07-2017-18:49:56:186 267088 267568 1
18-07-2017-18:49:56:227 267568 268048 1
18-07-2017-18:49:56:255 268048 268528 1
18-07-2017-18:49:56:284 268528 269008 1
18-07-2017-18:49:56:306 269008 269488 1
18-07-2017-18:49:56:336 269488 269968 1
18-07-2017-18:49:56:366 269968 270448 1
18-07-2017-18:49:56:405 270448 270928 1
18-07-2017-18:49:56:435 270928 271408 1
18-07-2017-18:49:56:464 271408 271888 1
18-07-2017-18:49:56:494 271888 272368 1
18-07-2017-18:49:56:520 272368 272848 1
18-07-2017-18:49:56:551 272848 273328 1
18-07-2017-18:49:56:592 273328 273808 1
18-07-2017-18:49:56:618 273808 274288 1
18-07-2017-18:49:56:648 274288 274768 1
18-07-2017-18:49:56:671 274768 275248 1
18-07-2017-18:49:56:746 275248 275728 1
18-07-2017-18:49:56:748 275728 276208 1
18-07-2017-18:49:56:758 276208 276688 1
18-07-2017-18:49:56:788 276688 277168 1
18-07-2017-18:49:56:816 277168 277648 1
18-07-2017-18:49:56:856 277648 278128 1
18-07-2017-18:49:56:885 278128 278608 1
18-07-2017-18:49:56:914 278608 279088 1
18-07-2017-18:49:56:945 279088 279568 1
18-07-2017-18:49:56:968 279568 280048 1
18-07-2017-18:49:56:998 280048 280528 1
18-07-2017-18:49:57:026 280528 281008 1
18-07-2017-18:49:57:058 281008 281488 1
18-07-2017-18:49:57:100 281488 281968 1
18-07-2017-18:49:57:128 281968 282448 1
18-07-2017-18:49:57:159 282448 282928 1
18-07-2017-18:49:57:182 282928 283408 1
18-07-2017-18:49:57:211 283408 283888 1
18-07-2017-18:49:57:239 283888 284368 1
18-07-2017-18:49:57:268 284368 284848 1
18-07-2017-18:49:57:297 284848 285328 1
18-07-2017-18:49:57:328 285328 285808 1
18-07-2017-18:49:57:368 285808 286288 1
18-07-2017-18:49:57:395 286288 286768 1
18-07-2017-18:49:57:426 286768 287248 1
18-07-2017-18:49:57:453 287248 287728 1
18-07-2017-18:49:57:478 287728 288208 1
18-07-2017-18:49:57:506 288208 288688 1
18-07-2017-18:49:57:552 288688 289168 1
18-07-2017-18:49:57:576 289168 289648 1
18-07-2017-18:49:57:604 289648 290128 1
18-07-2017-18:49:57:633 290128 290608 1
18-07-2017-18:49:57:662 290608 291088 1
18-07-2017-18:49:57:692 291088 291568 1
18-07-2017-18:49:57:719 291568 292048 1
18-07-2017-18:49:57:747 292048 292528 1
18-07-2017-18:49:57:789 292528 293008 1
18-07-2017-18:49:57:817 293008 293488 1
18-07-2017-18:49:57:846 293488 293968 1
18-07-2017-18:49:57:869 293968 294448 1
18-07-2017-18:49:57:897 294448 294928 1
18-07-2017-18:49:57:927 294928 295408 1
18-07-2017-18:49:57:967 295408 295888 1
18-07-2017-18:49:57:996 295888 296368 1
18-07-2017-18:49:58:024 296368 296848 1
18-07-2017-18:49:58:052 296848 297328 1
18-07-2017-18:49:58:082 297328 297808 1
18-07-2017-18:49:58:111 297808 298288 1
18-07-2017-18:49:58:151 298288 298768 1
18-07-2017-18:49:58:180 298768 299248 1
18-07-2017-18:49:58:209 299248 299728 1
18-07-2017-18:49:58:233 299728 300208 1
18-07-2017-18:49:58:262 300208 300688 1
18-07-2017-18:49:58:291 300688 301168 1
18-07-2017-18:49:58:320 301168 301648 1
18-07-2017-18:49:58:349 301648 302128 1
18-07-2017-18:49:58:377 302128 302608 1
18-07-2017-18:49:58:407 302608 303088 1
18-07-2017-18:49:58:446 303088 303568 1
18-07-2017-18:49:58:476 303568 304048 1
18-07-2017-18:49:58:499 304048 304528 1
18-07-2017-18:49:58:528 304528 305008 1
18-07-2017-18:49:58:558 305008 305488 1
18-07-2017-18:49:58:585 305488 305968 1
18-07-2017-18:49:58:627 305968 306448 1
18-07-2017-18:49:58:656 306448 306928 1
18-07-2017-18:49:58:684 306928 307408 1
18-07-2017-18:49:58:713 307408 307888 1
18-07-2017-18:49:58:737 307888 308368 1
18-07-2017-18:49:58:766 308368 308848 1
18-07-2017-18:49:58:812 308848 309328 1
18-07-2017-18:49:58:835 309328 309808 1
18-07-2017-18:49:58:865 309808 310288 1
18-07-2017-18:49:58:894 310288 310768 1
18-07-2017-18:49:58:922 310768 311248 1
18-07-2017-18:49:58:951 311248 311728 1
18-07-2017-18:49:58:979 311728 312208 1
18-07-2017-18:49:59:020 312208 312688 1
18-07-2017-18:49:59:049 312688 313168 1
18-07-2017-18:49:59:080 313168 313648 1
18-07-2017-18:49:59:107 313648 314128 1
18-07-2017-18:49:59:130 314128 314608 1
18-07-2017-18:49:59:158 314608 315088 1
18-07-2017-18:49:59:188 315088 315568 1
18-07-2017-18:49:59:217 315568 316048 1
18-07-2017-18:49:59:245 316048 316528 1
18-07-2017-18:49:59:286 316528 317008 1
18-07-2017-18:49:59:315 317008 317488 1
18-07-2017-18:49:59:345 317488 317968 1
18-07-2017-18:49:59:374 317968 318448 1
18-07-2017-18:49:59:403 318448 318928 1
18-07-2017-18:49:59:426 318928 319408 1
18-07-2017-18:49:59:455 319408 319888 1
18-07-2017-18:49:59:501 319888 320368 1
18-07-2017-18:49:59:525 320368 320848 1
18-07-2017-18:49:59:553 320848 321328 1
18-07-2017-18:49:59:582 321328 321808 1
18-07-2017-18:49:59:611 321808 322288 1
18-07-2017-18:49:59:638 322288 322768 1
18-07-2017-18:49:59:668 322768 323248 1
18-07-2017-18:49:59:698 323248 323728 1
18-07-2017-18:49:59:725 323728 324208 1
18-07-2017-18:49:59:767 324208 324688 1
18-07-2017-18:49:59:795 324688 325168 1
18-07-2017-18:49:59:929 325168 325648 1
18-07-2017-18:49:59:930 325648 326128 1
18-07-2017-18:49:59:930 326128 326608 1
18-07-2017-18:49:59:930 326608 327088 1
18-07-2017-18:49:59:946 327088 327568 1
18-07-2017-18:49:59:974 327568 328048 1
18-07-2017-18:50:00:007 328048 328528 1
18-07-2017-18:50:00:031 328528 329008 1
18-07-2017-18:50:00:063 329008 329488 1
18-07-2017-18:50:00:087 329488 329968 1
18-07-2017-18:50:00:117 329968 330448 1
18-07-2017-18:50:00:145 330448 330928 1
18-07-2017-18:50:00:187 330928 331408 1
18-07-2017-18:50:00:215 331408 331888 1
18-07-2017-18:50:00:244 331888 332368 1
18-07-2017-18:50:00:274 332368 332848 1
18-07-2017-18:50:00:296 332848 333328 1
18-07-2017-18:50:00:325 333328 333808 1
18-07-2017-18:50:00:367 333808 334288 1
18-07-2017-18:50:00:395 334288 334768 1
18-07-2017-18:50:00:424 334768 335248 1
18-07-2017-18:50:00:454 335248 335728 1
18-07-2017-18:50:00:481 335728 336208 1
18-07-2017-18:50:00:509 336208 336688 1
18-07-2017-18:50:00:549 336688 337168 1
18-07-2017-18:50:00:578 337168 337648 1
18-07-2017-18:50:00:601 337648 338128 1
18-07-2017-18:50:00:630 338128 338608 1
18-07-2017-18:50:00:660 338608 339088 1
18-07-2017-18:50:00:687 339088 339568 1
18-07-2017-18:50:00:728 339568 340048 1
18-07-2017-18:50:00:757 340048 340528 1
18-07-2017-18:50:00:784 340528 341008 1
18-07-2017-18:50:00:810 341008 341488 1
18-07-2017-18:50:00:837 341488 341968 1
18-07-2017-18:50:00:877 341968 342448 1
18-07-2017-18:50:00:904 342448 342928 1
18-07-2017-18:50:00:935 342928 343408 1
18-07-2017-18:50:00:963 343408 343888 1
18-07-2017-18:50:00:993 343888 344368 1
18-07-2017-18:50:01:023 344368 344848 1
18-07-2017-18:50:01:044 344848 345328 1
18-07-2017-18:50:01:091 345328 345808 1
18-07-2017-18:50:01:121 345808 346288 1
18-07-2017-18:50:01:144 346288 346768 1
18-07-2017-18:50:01:173 346768 347248 1
18-07-2017-18:50:01:201 347248 347728 1
18-07-2017-18:50:01:232 347728 348208 1
18-07-2017-18:50:01:261 348208 348688 1
18-07-2017-18:50:01:289 348688 349168 1
18-07-2017-18:50:01:320 349168 349648 1
18-07-2017-18:50:01:359 349648 350128 1
18-07-2017-18:50:01:388 350128 350608 1
18-07-2017-18:50:01:418 350608 351088 1
18-07-2017-18:50:01:441 351088 351568 1
18-07-2017-18:50:01:470 351568 352048 1
18-07-2017-18:50:01:497 352048 352528 1
18-07-2017-18:50:01:528 352528 353008 1
18-07-2017-18:50:01:555 353008 353488 1
18-07-2017-18:50:01:595 353488 353968 1
18-07-2017-18:50:01:626 353968 354448 1
18-07-2017-18:50:01:654 354448 354928 1
18-07-2017-18:50:01:683 354928 355408 1
18-07-2017-18:50:01:713 355408 355888 1
18-07-2017-18:50:01:740 355888 356368 1
18-07-2017-18:50:01:782 356368 356848 1
18-07-2017-18:50:01:810 356848 357328 1
18-07-2017-18:50:01:838 357328 357808 1
18-07-2017-18:50:01:861 357808 358288 1
18-07-2017-18:50:01:890 358288 358768 1
18-07-2017-18:50:01:920 358768 359248 1
18-07-2017-18:50:01:949 359248 359728 1
18-07-2017-18:50:01:978 359728 360208 1
18-07-2017-18:50:02:007 360208 360688 1
18-07-2017-18:50:02:047 360688 361168 1
18-07-2017-18:50:02:078 361168 361648 1
18-07-2017-18:50:02:099 361648 362128 1
18-07-2017-18:50:02:129 362128 362608 1
18-07-2017-18:50:02:156 362608 363088 1
18-07-2017-18:50:02:185 363088 363568 1
18-07-2017-18:50:02:215 363568 364048 1
18-07-2017-18:50:02:257 364048 364528 1
18-07-2017-18:50:02:286 364528 365008 1
18-07-2017-18:50:02:315 365008 365488 1
18-07-2017-18:50:02:344 365488 365968 1
18-07-2017-18:50:02:373 365968 366448 1
18-07-2017-18:50:02:396 366448 366928 1
18-07-2017-18:50:02:426 366928 367408 1
18-07-2017-18:50:02:471 367408 367888 1
18-07-2017-18:50:02:494 367888 368368 1
18-07-2017-18:50:02:523 368368 368848 1
18-07-2017-18:50:02:552 368848 369328 1
18-07-2017-18:50:02:582 369328 369808 1
18-07-2017-18:50:02:611 369808 370288 1
18-07-2017-18:50:02:640 370288 370768 1
18-07-2017-18:50:02:669 370768 371248 1
18-07-2017-18:50:02:709 371248 371728 1
18-07-2017-18:50:02:737 371728 372208 1
18-07-2017-18:50:02:761 372208 372688 1
18-07-2017-18:50:02:791 372688 373168 1
18-07-2017-18:50:02:819 373168 373648 1
18-07-2017-18:50:02:848 373648 374128 1
18-07-2017-18:50:02:876 374128 374608 1
18-07-2017-18:50:02:905 374608 375088 1
18-07-2017-18:50:03:170 375088 375568 1
18-07-2017-18:50:03:171 375568 376048 1
18-07-2017-18:50:03:171 376048 376528 1
18-07-2017-18:50:03:171 376528 377008 1
18-07-2017-18:50:03:171 377008 377488 1
18-07-2017-18:50:03:171 377488 377968 1
18-07-2017-18:50:03:171 377968 378448 1
18-07-2017-18:50:03:171 378448 378928 1
18-07-2017-18:50:03:184 378928 379408 1
18-07-2017-18:50:03:217 379408 379888 1
18-07-2017-18:50:03:241 379888 380368 1
18-07-2017-18:50:03:271 380368 380848 1
18-07-2017-18:50:03:300 380848 381328 1
18-07-2017-18:50:03:328 381328 381808 1
18-07-2017-18:50:03:356 381808 382288 1
18-07-2017-18:50:03:398 382288 382768 1
18-07-2017-18:50:03:426 382768 383248 1
18-07-2017-18:50:03:450 383248 383728 1
18-07-2017-18:50:03:479 383728 384208 1
18-07-2017-18:50:03:507 384208 384688 1
18-07-2017-18:50:03:536 384688 385168 1
18-07-2017-18:50:03:569 385168 385648 1
18-07-2017-18:50:03:606 385648 386128 1
18-07-2017-18:50:03:636 386128 386608 1
18-07-2017-18:50:03:663 386608 387088 1
18-07-2017-18:50:03:693 387088 387568 1
18-07-2017-18:50:03:718 387568 388048 1
18-07-2017-18:50:03:746 388048 388528 1
18-07-2017-18:50:03:791 388528 389008 1
18-07-2017-18:50:03:814 389008 389488 1
18-07-2017-18:50:03:844 389488 389968 1
18-07-2017-18:50:03:873 389968 390448 1
18-07-2017-18:50:03:903 390448 390928 1
18-07-2017-18:50:03:931 390928 391408 1
18-07-2017-18:50:03:960 391408 391888 1
18-07-2017-18:50:03:989 391888 392368 1
18-07-2017-18:50:04:031 392368 392848 1
18-07-2017-18:50:04:060 392848 393328 1
18-07-2017-18:50:04:082 393328 393808 1
18-07-2017-18:50:04:113 393808 394288 1
18-07-2017-18:50:04:140 394288 394768 1
18-07-2017-18:50:04:170 394768 395248 1
18-07-2017-18:50:04:198 395248 395728 1
18-07-2017-18:50:04:227 395728 396208 1
18-07-2017-18:50:04:255 396208 396688 1
18-07-2017-18:50:04:297 396688 397168 1
18-07-2017-18:50:04:325 397168 397648 1
18-07-2017-18:50:04:355 397648 398128 1
18-07-2017-18:50:04:378 398128 398608 1
18-07-2017-18:50:04:405 398608 399088 1
18-07-2017-18:50:04:435 399088 399568 1
18-07-2017-18:50:04:475 399568 400048 1
18-07-2017-18:50:04:505 400048 400528 1
18-07-2017-18:50:04:538 400528 401008 1
18-07-2017-18:50:04:567 401008 401488 1
18-07-2017-18:50:04:592 401488 401968 1
18-07-2017-18:50:04:619 401968 402448 1
18-07-2017-18:50:04:650 402448 402928 1
18-07-2017-18:50:04:679 402928 403408 1
18-07-2017-18:50:04:709 403408 403888 1
18-07-2017-18:50:04:736 403888 404368 1
18-07-2017-18:50:04:776 404368 404848 1
18-07-2017-18:50:04:806 404848 405328 1
18-07-2017-18:50:04:834 405328 405808 1
18-07-2017-18:50:04:858 405808 406288 1
18-07-2017-18:50:04:887 406288 406768 1
18-07-2017-18:50:04:916 406768 407248 1
18-07-2017-18:50:04:946 407248 407728 1
18-07-2017-18:50:04:985 407728 408208 1
18-07-2017-18:50:05:016 408208 408688 1
18-07-2017-18:50:05:045 408688 409168 1
18-07-2017-18:50:05:073 409168 409648 1
18-07-2017-18:50:05:102 409648 410128 1
18-07-2017-18:50:05:125 410128 410608 1
18-07-2017-18:50:05:155 410608 411088 1
18-07-2017-18:50:05:201 411088 411568 1
18-07-2017-18:50:05:223 411568 412048 1
18-07-2017-18:50:05:252 412048 412528 1
18-07-2017-18:50:05:282 412528 413008 1
18-07-2017-18:50:05:311 413008 413488 1
18-07-2017-18:50:05:340 413488 413968 1
18-07-2017-18:50:05:381 413968 414448 1
18-07-2017-18:50:05:410 414448 414928 1
18-07-2017-18:50:05:440 414928 415408 1
18-07-2017-18:50:05:464 415408 415888 1
18-07-2017-18:50:05:492 415888 416368 1
18-07-2017-18:50:05:519 416368 416848 1
18-07-2017-18:50:05:550 416848 417328 1
18-07-2017-18:50:05:577 417328 417808 1
18-07-2017-18:50:05:607 417808 418288 1
18-07-2017-18:50:05:636 418288 418768 1
18-07-2017-18:50:05:675 418768 419248 1
18-07-2017-18:50:05:705 419248 419728 1
18-07-2017-18:50:05:734 419728 420208 1
18-07-2017-18:50:05:766 420208 420688 1
18-07-2017-18:50:05:785 420688 421168 1
18-07-2017-18:50:05:815 421168 421648 1
18-07-2017-18:50:05:861 421648 422128 1
18-07-2017-18:50:05:884 422128 422608 1
18-07-2017-18:50:05:914 422608 423088 1
18-07-2017-18:50:05:942 423088 423568 1
18-07-2017-18:50:05:971 423568 424048 1
18-07-2017-18:50:06:001 424048 424528 1
18-07-2017-18:50:06:029 424528 425008 1
18-07-2017-18:50:06:147 425008 425488 1
18-07-2017-18:50:06:148 425488 425968 1
18-07-2017-18:50:06:148 425968 426448 1
18-07-2017-18:50:06:161 426448 426928 1
18-07-2017-18:50:06:184 426928 427408 1
18-07-2017-18:50:06:212 427408 427888 1
18-07-2017-18:50:06:242 427888 428368 1
18-07-2017-18:50:06:271 428368 428848 1
18-07-2017-18:50:06:310 428848 429328 1
18-07-2017-18:50:06:339 429328 429808 1
18-07-2017-18:50:06:370 429808 430288 1
18-07-2017-18:50:06:396 430288 430768 1
18-07-2017-18:50:06:421 430768 431248 1
18-07-2017-18:50:06:450 431248 431728 1
18-07-2017-18:50:06:479 431728 432208 1
18-07-2017-18:50:06:507 432208 432688 1
18-07-2017-18:50:06:537 432688 433168 1
18-07-2017-18:50:06:577 433168 433648 1
18-07-2017-18:50:06:608 433648 434128 1
18-07-2017-18:50:06:636 434128 434608 1
18-07-2017-18:50:06:667 434608 435088 1
18-07-2017-18:50:06:685 435088 435568 1
18-07-2017-18:50:06:724 435568 436048 1
18-07-2017-18:50:06:761 436048 436528 1
18-07-2017-18:50:06:790 436528 437008 1
18-07-2017-18:50:06:813 437008 437488 1
18-07-2017-18:50:06:842 437488 437968 1
18-07-2017-18:50:06:873 437968 438448 1
18-07-2017-18:50:06:908 438448 438928 1
18-07-2017-18:50:06:930 438928 439408 1
18-07-2017-18:50:06:958 439408 439888 1
18-07-2017-18:50:06:998 439888 440368 1
18-07-2017-18:50:07:031 440368 440848 1
18-07-2017-18:50:07:058 440848 441328 1
18-07-2017-18:50:07:082 441328 441808 1
18-07-2017-18:50:07:110 441808 442288 1
18-07-2017-18:50:07:143 442288 442768 1
18-07-2017-18:50:07:167 442768 443248 1
18-07-2017-18:50:07:197 443248 443728 1
18-07-2017-18:50:07:226 443728 444208 1
18-07-2017-18:50:07:267 444208 444688 1
18-07-2017-18:50:07:295 444688 445168 1
18-07-2017-18:50:07:325 445168 445648 1
18-07-2017-18:50:07:347 445648 446128 1
18-07-2017-18:50:07:377 446128 446608 1
18-07-2017-18:50:07:405 446608 447088 1
18-07-2017-18:50:07:445 447088 447568 1
18-07-2017-18:50:07:476 447568 448048 1
18-07-2017-18:50:07:503 448048 448528 1
18-07-2017-18:50:07:534 448528 449008 1
18-07-2017-18:50:07:562 449008 449488 1
18-07-2017-18:50:07:585 449488 449968 1
18-07-2017-18:50:07:635 449968 450448 1
18-07-2017-18:50:07:654 450448 450928 1
18-07-2017-18:50:07:684 450928 451408 1
18-07-2017-18:50:07:712 451408 451888 1
18-07-2017-18:50:07:741 451888 452368 1
18-07-2017-18:50:07:769 452368 452848 1
18-07-2017-18:50:07:798 452848 453328 1
18-07-2017-18:50:07:828 453328 453808 1
18-07-2017-18:50:07:869 453808 454288 1
18-07-2017-18:50:07:899 454288 454768 1
18-07-2017-18:50:07:920 454768 455248 1
18-07-2017-18:50:07:952 455248 455728 1
18-07-2017-18:50:07:989 455728 456208 1
18-07-2017-18:50:08:008 456208 456688 1
18-07-2017-18:50:08:037 456688 457168 1
18-07-2017-18:50:08:066 457168 457648 1
18-07-2017-18:50:08:107 457648 458128 1
18-07-2017-18:50:08:135 458128 458608 1
18-07-2017-18:50:08:164 458608 459088 1
18-07-2017-18:50:08:187 459088 459568 1
18-07-2017-18:50:08:223 459568 460048 1
18-07-2017-18:50:08:245 460048 460528 1
18-07-2017-18:50:08:286 460528 461008 1
18-07-2017-18:50:08:315 461008 461488 1
18-07-2017-18:50:08:342 461488 461968 1
18-07-2017-18:50:08:373 461968 462448 1
18-07-2017-18:50:08:401 462448 462928 1
18-07-2017-18:50:08:430 462928 463408 1
18-07-2017-18:50:08:469 463408 463888 1
18-07-2017-18:50:08:499 463888 464368 1
18-07-2017-18:50:08:522 464368 464848 1
18-07-2017-18:50:08:551 464848 465328 1
18-07-2017-18:50:08:579 465328 465808 1
18-07-2017-18:50:08:610 465808 466288 1
18-07-2017-18:50:08:638 466288 466768 1
18-07-2017-18:50:08:667 466768 467248 1
18-07-2017-18:50:08:695 467248 467728 1
18-07-2017-18:50:08:737 467728 468208 1
18-07-2017-18:50:08:779 468208 468688 1
18-07-2017-18:50:08:788 468688 469168 1
18-07-2017-18:50:08:817 469168 469648 1
18-07-2017-18:50:08:848 469648 470128 1
18-07-2017-18:50:08:874 470128 470608 1
18-07-2017-18:50:08:916 470608 471088 1
18-07-2017-18:50:08:945 471088 471568 1
18-07-2017-18:50:08:975 471568 472048 1
18-07-2017-18:50:09:004 472048 472528 1
18-07-2017-18:50:09:033 472528 473008 1
18-07-2017-18:50:09:059 473008 473488 1
18-07-2017-18:50:09:085 473488 473968 1
18-07-2017-18:50:09:115 473968 474448 1
18-07-2017-18:50:09:157 474448 474928 1
18-07-2017-18:50:09:314 474928 475408 1
18-07-2017-18:50:09:315 475408 475888 1
18-07-2017-18:50:09:316 475888 476368 1
18-07-2017-18:50:09:316 476368 476848 1
18-07-2017-18:50:09:316 476848 477328 1
18-07-2017-18:50:09:336 477328 477808 1
18-07-2017-18:50:09:365 477808 478288 1
18-07-2017-18:50:09:393 478288 478768 1
18-07-2017-18:50:09:423 478768 479248 1
18-07-2017-18:50:09:451 479248 479728 1
18-07-2017-18:50:09:481 479728 480208 1
18-07-2017-18:50:09:509 480208 480688 1
18-07-2017-18:50:09:551 480688 481168 1
18-07-2017-18:50:09:580 481168 481648 1
18-07-2017-18:50:09:603 481648 482128 1
18-07-2017-18:50:09:632 482128 482608 1
18-07-2017-18:50:09:660 482608 483088 1
18-07-2017-18:50:09:688 483088 483568 1
18-07-2017-18:50:09:719 483568 484048 1
18-07-2017-18:50:09:748 484048 484528 1
18-07-2017-18:50:09:776 484528 485008 1
18-07-2017-18:50:09:816 485008 485488 1
18-07-2017-18:50:09:845 485488 485968 1
18-07-2017-18:50:09:874 485968 486448 1
18-07-2017-18:50:09:897 486448 486928 1
18-07-2017-18:50:09:927 486928 487408 1
18-07-2017-18:50:09:954 487408 487888 1
18-07-2017-18:50:10:001 487888 488368 1
18-07-2017-18:50:10:032 488368 488848 1
18-07-2017-18:50:10:053 488848 489328 1
18-07-2017-18:50:10:087 489328 489808 1
18-07-2017-18:50:10:111 489808 490288 1
18-07-2017-18:50:10:140 490288 490768 1
18-07-2017-18:50:10:168 490768 491248 1
18-07-2017-18:50:10:209 491248 491728 1
18-07-2017-18:50:10:238 491728 492208 1
18-07-2017-18:50:10:267 492208 492688 1
18-07-2017-18:50:10:290 492688 493168 1
18-07-2017-18:50:10:322 493168 493648 1
18-07-2017-18:50:10:348 493648 494128 1
18-07-2017-18:50:10:377 494128 494608 1
18-07-2017-18:50:10:407 494608 495088 1
18-07-2017-18:50:10:436 495088 495568 1
18-07-2017-18:50:10:476 495568 496048 1
18-07-2017-18:50:10:508 496048 496528 1
18-07-2017-18:50:10:532 496528 497008 1
18-07-2017-18:50:10:559 497008 497488 1
18-07-2017-18:50:10:588 497488 497968 1
18-07-2017-18:50:10:616 497968 498448 1
18-07-2017-18:50:10:758 498448 498928 1
18-07-2017-18:50:10:759 498928 499408 1
18-07-2017-18:50:10:759 499408 499888 1
18-07-2017-18:50:10:760 499888 500368 1
18-07-2017-18:50:10:772 500368 500848 1
18-07-2017-18:50:10:796 500848 501328 1
18-07-2017-18:50:10:826 501328 501808 1
18-07-2017-18:50:10:871 501808 502288 1
18-07-2017-18:50:10:894 502288 502768 1
18-07-2017-18:50:10:923 502768 503248 1
18-07-2017-18:50:10:952 503248 503728 1
18-07-2017-18:50:10:981 503728 504208 1
18-07-2017-18:50:11:005 504208 504688 1
18-07-2017-18:50:11:052 504688 505168 1
18-07-2017-18:50:11:080 505168 505648 1
18-07-2017-18:50:11:103 505648 506128 1
18-07-2017-18:50:11:132 506128 506608 1
18-07-2017-18:50:11:161 506608 507088 1
18-07-2017-18:50:11:190 507088 507568 1
18-07-2017-18:50:11:219 507568 508048 1
18-07-2017-18:50:11:250 508048 508528 1
18-07-2017-18:50:11:277 508528 509008 1
18-07-2017-18:50:11:318 509008 509488 1
18-07-2017-18:50:11:346 509488 509968 1
18-07-2017-18:50:11:376 509968 510448 1
18-07-2017-18:50:11:398 510448 510928 1
18-07-2017-18:50:11:429 510928 511408 1
18-07-2017-18:50:11:457 511408 511888 1
18-07-2017-18:50:11:487 511888 512368 1
18-07-2017-18:50:11:514 512368 512848 1
18-07-2017-18:50:11:556 512848 513328 1
18-07-2017-18:50:11:585 513328 513808 1
18-07-2017-18:50:11:613 513808 514288 1
18-07-2017-18:50:11:642 514288 514768 1
18-07-2017-18:50:11:666 514768 515248 1
18-07-2017-18:50:11:696 515248 515728 1
18-07-2017-18:50:11:741 515728 516208 1
18-07-2017-18:50:11:764 516208 516688 1
18-07-2017-18:50:11:794 516688 517168 1
18-07-2017-18:50:11:824 517168 517648 1
18-07-2017-18:50:11:852 517648 518128 1
18-07-2017-18:50:11:879 518128 518608 1
18-07-2017-18:50:11:908 518608 519088 1
18-07-2017-18:50:11:942 519088 519568 1
18-07-2017-18:50:11:969 519568 520048 1
18-07-2017-18:50:12:008 520048 520528 1
18-07-2017-18:50:12:037 520528 521008 1
18-07-2017-18:50:12:061 521008 521488 1
18-07-2017-18:50:12:089 521488 521968 1
18-07-2017-18:50:12:119 521968 522448 1
18-07-2017-18:50:12:147 522448 522928 1
18-07-2017-18:50:12:176 522928 523408 1
18-07-2017-18:50:12:205 523408 523888 1
18-07-2017-18:50:12:246 523888 524368 1
18-07-2017-18:50:12:274 524368 524848 1
18-07-2017-18:50:12:304 524848 525328 1
18-07-2017-18:50:12:327 525328 525808 1
18-07-2017-18:50:12:358 525808 526288 1
18-07-2017-18:50:12:387 526288 526768 1
18-07-2017-18:50:12:415 526768 527248 1
18-07-2017-18:50:12:456 527248 527728 1
18-07-2017-18:50:12:486 527728 528208 1
18-07-2017-18:50:12:515 528208 528688 1
18-07-2017-18:50:12:541 528688 529168 1
18-07-2017-18:50:12:572 529168 529648 1
18-07-2017-18:50:12:596 529648 530128 1
18-07-2017-18:50:12:643 530128 530608 1
18-07-2017-18:50:12:667 530608 531088 1
18-07-2017-18:50:12:696 531088 531568 1
18-07-2017-18:50:12:722 531568 532048 1
18-07-2017-18:50:12:751 532048 532528 1
18-07-2017-18:50:12:780 532528 533008 1
18-07-2017-18:50:12:809 533008 533488 1
18-07-2017-18:50:12:851 533488 533968 1
18-07-2017-18:50:12:877 533968 534448 1
18-07-2017-18:50:12:908 534448 534928 1
18-07-2017-18:50:12:931 534928 535408 1
18-07-2017-18:50:12:960 535408 535888 1
18-07-2017-18:50:12:989 535888 536368 1
18-07-2017-18:50:13:018 536368 536848 1
18-07-2017-18:50:13:046 536848 537328 1
18-07-2017-18:50:13:076 537328 537808 1
18-07-2017-18:50:13:117 537808 538288 1
18-07-2017-18:50:13:147 538288 538768 1
18-07-2017-18:50:13:169 538768 539248 1
18-07-2017-18:50:13:199 539248 539728 1
18-07-2017-18:50:13:226 539728 540208 1
18-07-2017-18:50:13:255 540208 540688 1
18-07-2017-18:50:13:285 540688 541168 1
18-07-2017-18:50:13:326 541168 541648 1
18-07-2017-18:50:13:355 541648 542128 1
18-07-2017-18:50:13:383 542128 542608 1
18-07-2017-18:50:13:413 542608 543088 1
18-07-2017-18:50:13:443 543088 543568 1
18-07-2017-18:50:13:466 543568 544048 1
18-07-2017-18:50:13:495 544048 544528 1
18-07-2017-18:50:13:540 544528 545008 1
18-07-2017-18:50:13:559 545008 545488 1
18-07-2017-18:50:13:587 545488 545968 1
18-07-2017-18:50:13:614 545968 546448 1
18-07-2017-18:50:13:655 546448 546928 1
18-07-2017-18:50:13:686 546928 547408 1
18-07-2017-18:50:13:709 547408 547888 1
18-07-2017-18:50:13:737 547888 548368 1
18-07-2017-18:50:13:765 548368 548848 1
18-07-2017-18:50:13:862 548848 549328 1
18-07-2017-18:50:13:863 549328 549808 1
18-07-2017-18:50:13:865 549808 550288 1
18-07-2017-18:50:13:893 550288 550768 1
18-07-2017-18:50:13:923 550768 551248 1
18-07-2017-18:50:13:951 551248 551728 1
18-07-2017-18:50:13:975 551728 552208 1
18-07-2017-18:50:14:022 552208 552688 1
18-07-2017-18:50:14:049 552688 553168 1
18-07-2017-18:50:14:074 553168 553648 1
18-07-2017-18:50:14:102 553648 554128 1
18-07-2017-18:50:14:131 554128 554608 1
18-07-2017-18:50:14:161 554608 555088 1
18-07-2017-18:50:14:189 555088 555568 1
18-07-2017-18:50:14:218 555568 556048 1
18-07-2017-18:50:14:260 556048 556528 1
18-07-2017-18:50:14:288 556528 557008 1
18-07-2017-18:50:14:317 557008 557488 1
18-07-2017-18:50:14:340 557488 557968 1
18-07-2017-18:50:14:369 557968 558448 1
18-07-2017-18:50:14:398 558448 558928 1
18-07-2017-18:50:14:431 558928 559408 1
18-07-2017-18:50:14:456 559408 559888 1
18-07-2017-18:50:14:486 559888 560368 1
18-07-2017-18:50:14:526 560368 560848 1
18-07-2017-18:50:14:553 560848 561328 1
18-07-2017-18:50:14:584 561328 561808 1
18-07-2017-18:50:14:607 561808 562288 1
18-07-2017-18:50:14:636 562288 562768 1
18-07-2017-18:50:14:665 562768 563248 1
18-07-2017-18:50:14:704 563248 563728 1
18-07-2017-18:50:14:734 563728 564208 1
18-07-2017-18:50:14:762 564208 564688 1
18-07-2017-18:50:14:790 564688 565168 1
18-07-2017-18:50:14:820 565168 565648 1
18-07-2017-18:50:14:849 565648 566128 1
18-07-2017-18:50:14:891 566128 566608 1
18-07-2017-18:50:14:920 566608 567088 1
18-07-2017-18:50:14:949 567088 567568 1
18-07-2017-18:50:14:972 567568 568048 1
18-07-2017-18:50:15:001 568048 568528 1
18-07-2017-18:50:15:030 568528 569008 1
18-07-2017-18:50:15:061 569008 569488 1
18-07-2017-18:50:15:090 569488 569968 1
18-07-2017-18:50:15:121 569968 570448 1
18-07-2017-18:50:15:160 570448 570928 1
18-07-2017-18:50:15:189 570928 571408 1
18-07-2017-18:50:15:213 571408 571888 1
18-07-2017-18:50:15:242 571888 572368 1
18-07-2017-18:50:15:272 572368 572848 1
18-07-2017-18:50:15:299 572848 573328 1
18-07-2017-18:50:15:328 573328 573808 1
18-07-2017-18:50:15:359 573808 574288 1
18-07-2017-18:50:15:398 574288 574768 1
18-07-2017-18:50:15:428 574768 575248 1
18-07-2017-18:50:15:457 575248 575728 1
18-07-2017-18:50:15:482 575728 576208 1
18-07-2017-18:50:15:509 576208 576688 1
18-07-2017-18:50:15:538 576688 577168 1
18-07-2017-18:50:15:567 577168 577648 1
18-07-2017-18:50:15:595 577648 578128 1
18-07-2017-18:50:15:625 578128 578608 1
18-07-2017-18:50:15:666 578608 579088 1
18-07-2017-18:50:15:695 579088 579568 1
18-07-2017-18:50:15:724 579568 580048 1
18-07-2017-18:50:15:747 580048 580528 1
18-07-2017-18:50:15:777 580528 581008 1
18-07-2017-18:50:15:805 581008 581488 1
18-07-2017-18:50:15:835 581488 581968 1
18-07-2017-18:50:15:875 581968 582448 1
18-07-2017-18:50:15:903 582448 582928 1
18-07-2017-18:50:15:932 582928 583408 1
18-07-2017-18:50:15:962 583408 583888 1
18-07-2017-18:50:15:991 583888 584368 1
18-07-2017-18:50:16:032 584368 584848 1
18-07-2017-18:50:16:059 584848 585328 1
18-07-2017-18:50:16:083 585328 585808 1
18-07-2017-18:50:16:113 585808 586288 1
18-07-2017-18:50:16:141 586288 586768 1
18-07-2017-18:50:16:170 586768 587248 1
18-07-2017-18:50:16:199 587248 587728 1
18-07-2017-18:50:16:228 587728 588208 1
18-07-2017-18:50:16:268 588208 588688 1
18-07-2017-18:50:16:298 588688 589168 1
18-07-2017-18:50:16:325 589168 589648 1
18-07-2017-18:50:16:348 589648 590128 1
18-07-2017-18:50:16:379 590128 590608 1
18-07-2017-18:50:16:409 590608 591088 1
18-07-2017-18:50:16:436 591088 591568 1
18-07-2017-18:50:16:466 591568 592048 1
18-07-2017-18:50:16:495 592048 592528 1
18-07-2017-18:50:16:536 592528 593008 1
18-07-2017-18:50:16:563 593008 593488 1
18-07-2017-18:50:16:592 593488 593968 1
18-07-2017-18:50:16:621 593968 594448 1
18-07-2017-18:50:16:648 594448 594928 1
18-07-2017-18:50:16:679 594928 595408 1
18-07-2017-18:50:16:707 595408 595888 1
18-07-2017-18:50:16:749 595888 596368 1
18-07-2017-18:50:16:777 596368 596848 1
18-07-2017-18:50:16:805 596848 597328 1
18-07-2017-18:50:16:828 597328 597808 1
18-07-2017-18:50:16:857 597808 598288 1
18-07-2017-18:50:16:885 598288 598768 1
18-07-2017-18:50:17:309 598768 599248 1
18-07-2017-18:50:17:311 599248 599728 1
18-07-2017-18:50:17:311 599728 600208 1
18-07-2017-18:50:17:311 600208 600688 1
18-07-2017-18:50:17:311 600688 601168 1
18-07-2017-18:50:17:311 601168 601648 1
18-07-2017-18:50:17:311 601648 602128 1
18-07-2017-18:50:17:311 602128 602608 1
18-07-2017-18:50:17:311 602608 603088 1
18-07-2017-18:50:17:311 603088 603568 1
18-07-2017-18:50:17:311 603568 604048 1
18-07-2017-18:50:17:312 604048 604528 1
18-07-2017-18:50:17:312 604528 605008 1
18-07-2017-18:50:17:312 605008 605488 1
18-07-2017-18:50:17:339 605488 605968 1
18-07-2017-18:50:17:368 605968 606448 1
18-07-2017-18:50:17:409 606448 606928 1
18-07-2017-18:50:17:436 606928 607408 1
18-07-2017-18:50:17:460 607408 607888 1
18-07-2017-18:50:17:492 607888 608368 1
18-07-2017-18:50:17:518 608368 608848 1
18-07-2017-18:50:17:547 608848 609328 1
18-07-2017-18:50:17:576 609328 609808 1
18-07-2017-18:50:17:605 609808 610288 1
18-07-2017-18:50:17:646 610288 610768 1
18-07-2017-18:50:17:674 610768 611248 1
18-07-2017-18:50:17:704 611248 611728 1
18-07-2017-18:50:17:730 611728 612208 1
18-07-2017-18:50:17:755 612208 612688 1
18-07-2017-18:50:17:784 612688 613168 1
18-07-2017-18:50:17:823 613168 613648 1
18-07-2017-18:50:17:854 613648 614128 1
18-07-2017-18:50:17:882 614128 614608 1
18-07-2017-18:50:17:913 614608 615088 1
18-07-2017-18:50:17:940 615088 615568 1
18-07-2017-18:50:17:969 615568 616048 1
18-07-2017-18:50:18:011 616048 616528 1
18-07-2017-18:50:18:040 616528 617008 1
18-07-2017-18:50:18:067 617008 617488 1
18-07-2017-18:50:18:098 617488 617968 1
18-07-2017-18:50:18:125 617968 618448 1
18-07-2017-18:50:18:148 618448 618928 1
18-07-2017-18:50:18:177 618928 619408 1
18-07-2017-18:50:18:206 619408 619888 1
18-07-2017-18:50:18:235 619888 620368 1
18-07-2017-18:50:18:265 620368 620848 1
18-07-2017-18:50:18:305 620848 621328 1
18-07-2017-18:50:18:334 621328 621808 1
18-07-2017-18:50:18:364 621808 622288 1
18-07-2017-18:50:18:394 622288 622768 1
18-07-2017-18:50:18:422 622768 623248 1
18-07-2017-18:50:18:449 623248 623728 1
18-07-2017-18:50:18:490 623728 624208 1
18-07-2017-18:50:18:523 624208 624688 1
18-07-2017-18:50:18:550 624688 625168 1
18-07-2017-18:50:18:572 625168 625648 1
18-07-2017-18:50:18:601 625648 626128 1
18-07-2017-18:50:18:630 626128 626608 1
18-07-2017-18:50:18:658 626608 627088 1
18-07-2017-18:50:18:686 627088 627568 1
18-07-2017-18:50:18:716 627568 628048 1
18-07-2017-18:50:18:755 628048 628528 1
18-07-2017-18:50:18:784 628528 629008 1
18-07-2017-18:50:18:815 629008 629488 1
18-07-2017-18:50:18:837 629488 629968 1
18-07-2017-18:50:18:867 629968 630448 1
18-07-2017-18:50:18:895 630448 630928 1
18-07-2017-18:50:18:934 630928 631408 1
18-07-2017-18:50:18:964 631408 631888 1
18-07-2017-18:50:18:993 631888 632368 1
18-07-2017-18:50:19:021 632368 632848 1
18-07-2017-18:50:19:050 632848 633328 1
18-07-2017-18:50:19:080 633328 633808 1
18-07-2017-18:50:19:121 633808 634288 1
18-07-2017-18:50:19:149 634288 634768 1
18-07-2017-18:50:19:179 634768 635248 1
18-07-2017-18:50:19:201 635248 635728 1
18-07-2017-18:50:19:231 635728 636208 1
18-07-2017-18:50:19:261 636208 636688 1
18-07-2017-18:50:19:289 636688 637168 1
18-07-2017-18:50:19:318 637168 637648 1
18-07-2017-18:50:19:348 637648 638128 1
18-07-2017-18:50:19:389 638128 638608 1
18-07-2017-18:50:19:417 638608 639088 1
18-07-2017-18:50:19:445 639088 639568 1
18-07-2017-18:50:19:468 639568 640048 1
18-07-2017-18:50:19:498 640048 640528 1
18-07-2017-18:50:19:527 640528 641008 1
18-07-2017-18:50:19:561 641008 641488 1
18-07-2017-18:50:19:590 641488 641968 1
18-07-2017-18:50:19:618 641968 642448 1
18-07-2017-18:50:19:659 642448 642928 1
18-07-2017-18:50:19:689 642928 643408 1
18-07-2017-18:50:19:717 643408 643888 1
18-07-2017-18:50:19:742 643888 644368 1
18-07-2017-18:50:19:846 644368 644848 1
18-07-2017-18:50:19:847 644848 645328 1
18-07-2017-18:50:19:847 645328 645808 1
18-07-2017-18:50:19:857 645808 646288 1
18-07-2017-18:50:19:888 646288 646768 1
18-07-2017-18:50:19:918 646768 647248 1
18-07-2017-18:50:19:957 647248 647728 1
18-07-2017-18:50:19:986 647728 648208 1
18-07-2017-18:50:20:017 648208 648688 1
18-07-2017-18:50:20:037 648688 649168 1
18-07-2017-18:50:20:066 649168 649648 1
18-07-2017-18:50:20:096 649648 650128 1
18-07-2017-18:50:20:125 650128 650608 1
18-07-2017-18:50:20:166 650608 651088 1
18-07-2017-18:50:20:194 651088 651568 1
18-07-2017-18:50:20:224 651568 652048 1
18-07-2017-18:50:20:252 652048 652528 1
18-07-2017-18:50:20:281 652528 653008 1
18-07-2017-18:50:20:305 653008 653488 1
18-07-2017-18:50:20:335 653488 653968 1
18-07-2017-18:50:20:375 653968 654448 1
18-07-2017-18:50:20:406 654448 654928 1
18-07-2017-18:50:20:435 654928 655408 1
18-07-2017-18:50:20:463 655408 655888 1
18-07-2017-18:50:20:495 655888 656368 1
18-07-2017-18:50:20:519 656368 656848 1
18-07-2017-18:50:20:563 656848 657328 1
18-07-2017-18:50:20:594 657328 657808 1
18-07-2017-18:50:20:613 657808 658288 1
18-07-2017-18:50:20:750 658288 658768 1
18-07-2017-18:50:20:752 658768 659248 1
18-07-2017-18:50:20:752 659248 659728 1
18-07-2017-18:50:20:752 659728 660208 1
18-07-2017-18:50:20:757 660208 660688 1
18-07-2017-18:50:20:799 660688 661168 1
18-07-2017-18:50:20:827 661168 661648 1
18-07-2017-18:50:20:851 661648 662128 1
18-07-2017-18:50:20:881 662128 662608 1
18-07-2017-18:50:20:908 662608 663088 1
18-07-2017-18:50:20:937 663088 663568 1
18-07-2017-18:50:20:966 663568 664048 1
18-07-2017-18:50:20:996 664048 664528 1
18-07-2017-18:50:21:036 664528 665008 1
18-07-2017-18:50:21:066 665008 665488 1
18-07-2017-18:50:21:094 665488 665968 1
18-07-2017-18:50:21:125 665968 666448 1
18-07-2017-18:50:21:151 666448 666928 1
18-07-2017-18:50:21:182 666928 667408 1
18-07-2017-18:50:21:210 667408 667888 1
18-07-2017-18:50:21:250 667888 668368 1
18-07-2017-18:50:21:280 668368 668848 1
18-07-2017-18:50:21:302 668848 669328 1
18-07-2017-18:50:21:331 669328 669808 1
18-07-2017-18:50:21:361 669808 670288 1
18-07-2017-18:50:21:389 670288 670768 1
18-07-2017-18:50:21:418 670768 671248 1
18-07-2017-18:50:21:447 671248 671728 1
18-07-2017-18:50:21:488 671728 672208 1
18-07-2017-18:50:21:516 672208 672688 1
18-07-2017-18:50:21:546 672688 673168 1
18-07-2017-18:50:21:571 673168 673648 1
18-07-2017-18:50:21:598 673648 674128 1
18-07-2017-18:50:21:627 674128 674608 1
18-07-2017-18:50:21:655 674608 675088 1
18-07-2017-18:50:21:694 675088 675568 1
18-07-2017-18:50:21:723 675568 676048 1
18-07-2017-18:50:21:754 676048 676528 1
18-07-2017-18:50:21:795 676528 677008 1
18-07-2017-18:50:21:810 677008 677488 1
18-07-2017-18:50:21:851 677488 677968 1
18-07-2017-18:50:21:879 677968 678448 1
18-07-2017-18:50:21:903 678448 678928 1
18-07-2017-18:50:21:933 678928 679408 1
18-07-2017-18:50:21:961 679408 679888 1
18-07-2017-18:50:21:990 679888 680368 1
18-07-2017-18:50:22:019 680368 680848 1
18-07-2017-18:50:22:048 680848 681328 1
18-07-2017-18:50:22:092 681328 681808 1
18-07-2017-18:50:22:117 681808 682288 1
18-07-2017-18:50:22:148 682288 682768 1
18-07-2017-18:50:22:171 682768 683248 1
18-07-2017-18:50:22:199 683248 683728 1
18-07-2017-18:50:22:228 683728 684208 1
18-07-2017-18:50:22:257 684208 684688 1
18-07-2017-18:50:22:287 684688 685168 1
18-07-2017-18:50:22:316 685168 685648 1
18-07-2017-18:50:22:357 685648 686128 1
18-07-2017-18:50:22:386 686128 686608 1
18-07-2017-18:50:22:414 686608 687088 1
18-07-2017-18:50:22:437 687088 687568 1
18-07-2017-18:50:22:467 687568 688048 1
18-07-2017-18:50:22:497 688048 688528 1
18-07-2017-18:50:22:524 688528 689008 1
18-07-2017-18:50:22:569 689008 689488 1
18-07-2017-18:50:22:594 689488 689968 1
18-07-2017-18:50:22:623 689968 690448 1
18-07-2017-18:50:22:651 690448 690928 1
18-07-2017-18:50:22:680 690928 691408 1
18-07-2017-18:50:22:710 691408 691888 1
18-07-2017-18:50:22:739 691888 692368 1
18-07-2017-18:50:22:780 692368 692848 1
18-07-2017-18:50:22:809 692848 693328 1
18-07-2017-18:50:22:833 693328 693808 1
18-07-2017-18:50:22:862 693808 694288 1
18-07-2017-18:50:22:890 694288 694768 1
18-07-2017-18:50:22:920 694768 695248 1
18-07-2017-18:50:22:948 695248 695728 1
18-07-2017-18:50:22:989 695728 696208 1
18-07-2017-18:50:23:018 696208 696688 1
18-07-2017-18:50:23:047 696688 697168 1
18-07-2017-18:50:23:070 697168 697648 1
18-07-2017-18:50:23:096 697648 698128 1
18-07-2017-18:50:23:126 698128 698608 1
18-07-2017-18:50:23:155 698608 699088 1
18-07-2017-18:50:23:184 699088 699568 1
18-07-2017-18:50:23:226 699568 700048 1
18-07-2017-18:50:23:256 700048 700528 1
18-07-2017-18:50:23:282 700528 701008 1
18-07-2017-18:50:23:307 701008 701488 1
18-07-2017-18:50:23:336 701488 701968 1
18-07-2017-18:50:23:365 701968 702448 1
18-07-2017-18:50:23:406 702448 702928 1
18-07-2017-18:50:23:433 702928 703408 1
18-07-2017-18:50:23:462 703408 703888 1
18-07-2017-18:50:23:491 703888 704368 1
18-07-2017-18:50:23:522 704368 704848 1
18-07-2017-18:50:23:543 704848 705328 1
18-07-2017-18:50:23:589 705328 705808 1
18-07-2017-18:50:23:618 705808 706288 1
18-07-2017-18:50:23:642 706288 706768 1
18-07-2017-18:50:23:671 706768 707248 1
18-07-2017-18:50:23:701 707248 707728 1
18-07-2017-18:50:23:729 707728 708208 1
18-07-2017-18:50:23:894 708208 708688 1
18-07-2017-18:50:23:897 708688 709168 1
18-07-2017-18:50:23:898 709168 709648 1
18-07-2017-18:50:23:898 709648 710128 1
18-07-2017-18:50:23:898 710128 710608 1
18-07-2017-18:50:23:910 710608 711088 1
18-07-2017-18:50:23:938 711088 711568 1
18-07-2017-18:50:23:969 711568 712048 1
18-07-2017-18:50:23:998 712048 712528 1
18-07-2017-18:50:24:037 712528 713008 1
18-07-2017-18:50:24:065 713008 713488 1
18-07-2017-18:50:24:094 713488 713968 1
18-07-2017-18:50:24:124 713968 714448 1
18-07-2017-18:50:24:151 714448 714928 1
18-07-2017-18:50:24:181 714928 715408 1
18-07-2017-18:50:24:204 715408 715888 1
18-07-2017-18:50:24:250 715888 716368 1
18-07-2017-18:50:24:274 716368 716848 1
18-07-2017-18:50:24:303 716848 717328 1
18-07-2017-18:50:24:331 717328 717808 1
18-07-2017-18:50:24:362 717808 718288 1
18-07-2017-18:50:24:390 718288 718768 1
18-07-2017-18:50:24:418 718768 719248 1
18-07-2017-18:50:24:447 719248 719728 1
18-07-2017-18:50:24:488 719728 720208 1
18-07-2017-18:50:24:516 720208 720688 1
18-07-2017-18:50:24:548 720688 721168 1
18-07-2017-18:50:24:570 721168 721648 1
18-07-2017-18:50:24:599 721648 722128 1
18-07-2017-18:50:24:627 722128 722608 1
18-07-2017-18:50:24:655 722608 723088 1
18-07-2017-18:50:24:685 723088 723568 1
18-07-2017-18:50:24:724 723568 724048 1
18-07-2017-18:50:24:752 724048 724528 1
18-07-2017-18:50:24:781 724528 725008 1
18-07-2017-18:50:24:812 725008 725488 1
18-07-2017-18:50:24:841 725488 725968 1
18-07-2017-18:50:24:869 725968 726448 1
18-07-2017-18:50:24:908 726448 726928 1
18-07-2017-18:50:24:939 726928 727408 1
18-07-2017-18:50:24:962 727408 727888 1
18-07-2017-18:50:24:992 727888 728368 1
18-07-2017-18:50:25:020 728368 728848 1
18-07-2017-18:50:25:049 728848 729328 1
18-07-2017-18:50:25:077 729328 729808 1
18-07-2017-18:50:25:106 729808 730288 1
18-07-2017-18:50:25:134 730288 730768 1
18-07-2017-18:50:25:176 730768 731248 1
18-07-2017-18:50:25:207 731248 731728 1
18-07-2017-18:50:25:233 731728 732208 1
18-07-2017-18:50:25:257 732208 732688 1
18-07-2017-18:50:25:285 732688 733168 1
18-07-2017-18:50:25:316 733168 733648 1
18-07-2017-18:50:25:344 733648 734128 1
18-07-2017-18:50:25:385 734128 734608 1
18-07-2017-18:50:25:417 734608 735088 1
18-07-2017-18:50:25:444 735088 735568 1
18-07-2017-18:50:25:471 735568 736048 1
18-07-2017-18:50:25:501 736048 736528 1
18-07-2017-18:50:25:523 736528 737008 1
18-07-2017-18:50:25:565 737008 737488 1
18-07-2017-18:50:25:593 737488 737968 1
18-07-2017-18:50:25:623 737968 738448 1
18-07-2017-18:50:25:651 738448 738928 1
18-07-2017-18:50:25:747 738928 739408 1
18-07-2017-18:50:25:748 739408 739888 1
18-07-2017-18:50:25:748 739888 740368 1
18-07-2017-18:50:25:778 740368 740848 1
18-07-2017-18:50:25:803 740848 741328 1
18-07-2017-18:50:25:831 741328 741808 1
18-07-2017-18:50:25:860 741808 742288 1
18-07-2017-18:50:25:887 742288 742768 1
18-07-2017-18:50:25:918 742768 743248 1
18-07-2017-18:50:25:945 743248 743728 1
18-07-2017-18:50:25:986 743728 744208 1
18-07-2017-18:50:26:014 744208 744688 1
18-07-2017-18:50:26:044 744688 745168 1
18-07-2017-18:50:26:069 745168 745648 1
18-07-2017-18:50:26:096 745648 746128 1
18-07-2017-18:50:26:125 746128 746608 1
18-07-2017-18:50:26:164 746608 747088 1
18-07-2017-18:50:26:193 747088 747568 1
18-07-2017-18:50:26:223 747568 748048 1
18-07-2017-18:50:26:254 748048 748528 1
18-07-2017-18:50:26:281 748528 749008 1
18-07-2017-18:50:26:310 749008 749488 1
18-07-2017-18:50:26:349 749488 749968 1
18-07-2017-18:50:26:380 749968 750448 1
18-07-2017-18:50:26:409 750448 750928 1
18-07-2017-18:50:26:432 750928 751408 1
18-07-2017-18:50:26:460 751408 751888 1
18-07-2017-18:50:26:491 751888 752368 1
18-07-2017-18:50:26:520 752368 752848 1
18-07-2017-18:50:26:547 752848 753328 1
18-07-2017-18:50:26:576 753328 753808 1
18-07-2017-18:50:26:606 753808 754288 1
18-07-2017-18:50:26:646 754288 754768 1
18-07-2017-18:50:26:675 754768 755248 1
18-07-2017-18:50:26:706 755248 755728 1
18-07-2017-18:50:26:728 755728 756208 1
18-07-2017-18:50:26:756 756208 756688 1
18-07-2017-18:50:26:788 756688 757168 1
18-07-2017-18:50:26:815 757168 757648 1
18-07-2017-18:50:26:855 757648 758128 1
18-07-2017-18:50:26:883 758128 758608 1
18-07-2017-18:50:26:912 758608 759088 1
18-07-2017-18:50:26:945 759088 759568 1
18-07-2017-18:50:26:972 759568 760048 1
18-07-2017-18:50:27:000 760048 760528 1
18-07-2017-18:50:27:031 760528 761008 1
18-07-2017-18:50:27:057 761008 761488 1
18-07-2017-18:50:27:085 761488 761968 1
18-07-2017-18:50:27:116 761968 762448 1
18-07-2017-18:50:27:154 762448 762928 1
18-07-2017-18:50:27:183 762928 763408 1
18-07-2017-18:50:27:213 763408 763888 1
18-07-2017-18:50:27:242 763888 764368 1
18-07-2017-18:50:27:271 764368 764848 1
18-07-2017-18:50:27:294 764848 765328 1
18-07-2017-18:50:27:340 765328 765808 1
18-07-2017-18:50:27:364 765808 766288 1
18-07-2017-18:50:27:394 766288 766768 1
18-07-2017-18:50:27:422 766768 767248 1
18-07-2017-18:50:27:451 767248 767728 1
18-07-2017-18:50:27:480 767728 768208 1
18-07-2017-18:50:27:507 768208 768688 1
18-07-2017-18:50:27:536 768688 769168 1
18-07-2017-18:50:27:577 769168 769648 1
18-07-2017-18:50:27:606 769648 770128 1
18-07-2017-18:50:27:635 770128 770608 1
18-07-2017-18:50:27:660 770608 771088 1
18-07-2017-18:50:27:689 771088 771568 1
18-07-2017-18:50:27:719 771568 772048 1
18-07-2017-18:50:27:747 772048 772528 1
18-07-2017-18:50:27:774 772528 773008 1
18-07-2017-18:50:27:816 773008 773488 1
18-07-2017-18:50:27:845 773488 773968 1
18-07-2017-18:50:27:875 773968 774448 1
18-07-2017-18:50:27:901 774448 774928 1
18-07-2017-18:50:27:924 774928 775408 1
18-07-2017-18:50:27:954 775408 775888 1
18-07-2017-18:50:27:995 775888 776368 1
18-07-2017-18:50:28:025 776368 776848 1
18-07-2017-18:50:28:054 776848 777328 1
18-07-2017-18:50:28:083 777328 777808 1
18-07-2017-18:50:28:113 777808 778288 1
18-07-2017-18:50:28:140 778288 778768 1
18-07-2017-18:50:28:170 778768 779248 1
18-07-2017-18:50:28:211 779248 779728 1
18-07-2017-18:50:28:238 779728 780208 1
18-07-2017-18:50:28:262 780208 780688 1
18-07-2017-18:50:28:291 780688 781168 1
18-07-2017-18:50:28:320 781168 781648 1
18-07-2017-18:50:28:348 781648 782128 1
18-07-2017-18:50:28:378 782128 782608 1
18-07-2017-18:50:28:407 782608 783088 1
18-07-2017-18:50:28:435 783088 783568 1
18-07-2017-18:50:28:475 783568 784048 1
18-07-2017-18:50:28:504 784048 784528 1
18-07-2017-18:50:28:527 784528 785008 1
18-07-2017-18:50:28:559 785008 785488 1
18-07-2017-18:50:28:585 785488 785968 1
18-07-2017-18:50:28:628 785968 786448 1
18-07-2017-18:50:28:655 786448 786928 1
18-07-2017-18:50:28:684 786928 787408 1
18-07-2017-18:50:28:708 787408 787888 1
18-07-2017-18:50:28:738 787888 788368 1
18-07-2017-18:50:28:765 788368 788848 1
18-07-2017-18:50:29:000 788848 789328 1
18-07-2017-18:50:29:001 789328 789808 1
18-07-2017-18:50:29:002 789808 790288 1
18-07-2017-18:50:29:002 790288 790768 1
18-07-2017-18:50:29:002 790768 791248 1
18-07-2017-18:50:29:002 791248 791728 1
18-07-2017-18:50:29:002 791728 792208 1
18-07-2017-18:50:29:020 792208 792688 1
18-07-2017-18:50:29:045 792688 793168 1
18-07-2017-18:50:29:073 793168 793648 1
18-07-2017-18:50:29:103 793648 794128 1
18-07-2017-18:50:29:130 794128 794608 1
18-07-2017-18:50:29:160 794608 795088 1
18-07-2017-18:50:29:189 795088 795568 1
18-07-2017-18:50:29:219 795568 796048 1
18-07-2017-18:50:29:259 796048 796528 1
18-07-2017-18:50:29:288 796528 797008 1
18-07-2017-18:50:29:326 797008 797488 1
18-07-2017-18:50:29:341 797488 797968 1
18-07-2017-18:50:29:369 797968 798448 1
18-07-2017-18:50:29:398 798448 798928 1
18-07-2017-18:50:29:434 798928 799408 1
18-07-2017-18:50:29:458 799408 799888 1
18-07-2017-18:50:29:486 799888 800368 1
18-07-2017-18:50:29:526 800368 800848 1
18-07-2017-18:50:29:556 800848 801328 1
18-07-2017-18:50:29:577 801328 801808 1
18-07-2017-18:50:29:606 801808 802288 1
18-07-2017-18:50:29:636 802288 802768 1
18-07-2017-18:50:29:665 802768 803248 1
18-07-2017-18:50:29:695 803248 803728 1
18-07-2017-18:50:29:735 803728 804208 1
18-07-2017-18:50:29:763 804208 804688 1
18-07-2017-18:50:29:792 804688 805168 1
18-07-2017-18:50:29:822 805168 805648 1
18-07-2017-18:50:29:850 805648 806128 1
18-07-2017-18:50:29:874 806128 806608 1
18-07-2017-18:50:29:920 806608 807088 1
18-07-2017-18:50:29:950 807088 807568 1
18-07-2017-18:50:29:973 807568 808048 1
18-07-2017-18:50:30:001 808048 808528 1
18-07-2017-18:50:30:031 808528 809008 1
18-07-2017-18:50:30:057 809008 809488 1
18-07-2017-18:50:30:085 809488 809968 1
18-07-2017-18:50:30:125 809968 810448 1
18-07-2017-18:50:30:154 810448 810928 1
18-07-2017-18:50:30:184 810928 811408 1
18-07-2017-18:50:30:208 811408 811888 1
18-07-2017-18:50:30:237 811888 812368 1
18-07-2017-18:50:30:266 812368 812848 1
18-07-2017-18:50:30:295 812848 813328 1
18-07-2017-18:50:30:333 813328 813808 1
18-07-2017-18:50:30:364 813808 814288 1
18-07-2017-18:50:30:392 814288 814768 1
18-07-2017-18:50:30:422 814768 815248 1
18-07-2017-18:50:30:446 815248 815728 1
18-07-2017-18:50:30:474 815728 816208 1
18-07-2017-18:50:30:520 816208 816688 1
18-07-2017-18:50:30:543 816688 817168 1
18-07-2017-18:50:30:572 817168 817648 1
18-07-2017-18:50:30:601 817648 818128 1
18-07-2017-18:50:30:631 818128 818608 1
18-07-2017-18:50:30:660 818608 819088 1
18-07-2017-18:50:30:687 819088 819568 1
18-07-2017-18:50:30:729 819568 820048 1
18-07-2017-18:50:30:758 820048 820528 1
18-07-2017-18:50:30:780 820528 821008 1
18-07-2017-18:50:30:809 821008 821488 1
18-07-2017-18:50:30:839 821488 821968 1
18-07-2017-18:50:30:867 821968 822448 1
18-07-2017-18:50:30:895 822448 822928 1
18-07-2017-18:50:30:930 822928 823408 1
18-07-2017-18:50:30:972 823408 823888 1
18-07-2017-18:50:30:995 823888 824368 1
18-07-2017-18:50:31:019 824368 824848 1
18-07-2017-18:50:31:048 824848 825328 1
18-07-2017-18:50:31:076 825328 825808 1
18-07-2017-18:50:31:105 825808 826288 1
18-07-2017-18:50:31:147 826288 826768 1
18-07-2017-18:50:31:174 826768 827248 1
18-07-2017-18:50:31:203 827248 827728 1
18-07-2017-18:50:31:232 827728 828208 1
18-07-2017-18:50:31:260 828208 828688 1
18-07-2017-18:50:31:285 828688 829168 1
18-07-2017-18:50:31:330 829168 829648 1
18-07-2017-18:50:31:360 829648 830128 1
18-07-2017-18:50:31:383 830128 830608 1
18-07-2017-18:50:31:411 830608 831088 1
18-07-2017-18:50:31:442 831088 831568 1
18-07-2017-18:50:31:471 831568 832048 1
18-07-2017-18:50:31:499 832048 832528 1
18-07-2017-18:50:31:528 832528 833008 1
18-07-2017-18:50:31:568 833008 833488 1
18-07-2017-18:50:31:597 833488 833968 1
18-07-2017-18:50:31:621 833968 834448 1
18-07-2017-18:50:31:650 834448 834928 1
18-07-2017-18:50:31:679 834928 835408 1
18-07-2017-18:50:31:709 835408 835888 1
18-07-2017-18:50:31:736 835888 836368 1
18-07-2017-18:50:31:765 836368 836848 1
18-07-2017-18:50:31:794 836848 837328 1
18-07-2017-18:50:31:825 837328 837808 1
18-07-2017-18:50:31:865 837808 838288 1
18-07-2017-18:50:31:895 838288 838768 1
18-07-2017-18:50:32:100 838768 839248 1
18-07-2017-18:50:32:101 839248 839728 1
18-07-2017-18:50:32:101 839728 840208 1
18-07-2017-18:50:32:101 840208 840688 1
18-07-2017-18:50:32:101 840688 841168 1
18-07-2017-18:50:32:101 841168 841648 1
18-07-2017-18:50:32:104 841648 842128 1
18-07-2017-18:50:32:132 842128 842608 1
18-07-2017-18:50:32:161 842608 843088 1
18-07-2017-18:50:32:191 843088 843568 1
18-07-2017-18:50:32:220 843568 844048 1
18-07-2017-18:50:32:259 844048 844528 1
18-07-2017-18:50:32:289 844528 845008 1
18-07-2017-18:50:32:320 845008 845488 1
18-07-2017-18:50:32:347 845488 845968 1
18-07-2017-18:50:32:370 845968 846448 1
18-07-2017-18:50:32:399 846448 846928 1
18-07-2017-18:50:32:428 846928 847408 1
18-07-2017-18:50:32:457 847408 847888 1
18-07-2017-18:50:32:486 847888 848368 1
18-07-2017-18:50:32:515 848368 848848 1
18-07-2017-18:50:32:545 848848 849328 1
18-07-2017-18:50:32:585 849328 849808 1
18-07-2017-18:50:32:614 849808 850288 1
18-07-2017-18:50:32:643 850288 850768 1
18-07-2017-18:50:32:671 850768 851248 1
18-07-2017-18:50:32:695 851248 851728 1
18-07-2017-18:50:32:724 851728 852208 1
18-07-2017-18:50:32:755 852208 852688 1
18-07-2017-18:50:32:795 852688 853168 1
18-07-2017-18:50:32:828 853168 853648 1
18-07-2017-18:50:32:857 853648 854128 1
18-07-2017-18:50:32:883 854128 854608 1
18-07-2017-18:50:32:912 854608 855088 1
18-07-2017-18:50:32:939 855088 855568 1
18-07-2017-18:50:32:981 855568 856048 1
18-07-2017-18:50:33:013 856048 856528 1
18-07-2017-18:50:33:033 856528 857008 1
18-07-2017-18:50:33:070 857008 857488 1
18-07-2017-18:50:33:088 857488 857968 1
18-07-2017-18:50:33:116 857968 858448 1
18-07-2017-18:50:33:145 858448 858928 1
18-07-2017-18:50:33:174 858928 859408 1
18-07-2017-18:50:33:215 859408 859888 1
18-07-2017-18:50:33:245 859888 860368 1
18-07-2017-18:50:33:273 860368 860848 1
18-07-2017-18:50:33:300 860848 861328 1
18-07-2017-18:50:33:329 861328 861808 1
18-07-2017-18:50:33:360 861808 862288 1
18-07-2017-18:50:33:400 862288 862768 1
18-07-2017-18:50:33:425 862768 863248 1
18-07-2017-18:50:33:452 863248 863728 1
18-07-2017-18:50:33:481 863728 864208 1
18-07-2017-18:50:33:509 864208 864688 1
18-07-2017-18:50:33:538 864688 865168 1
18-07-2017-18:50:33:566 865168 865648 1
18-07-2017-18:50:33:608 865648 866128 1
18-07-2017-18:50:33:638 866128 866608 1
18-07-2017-18:50:33:661 866608 867088 1
18-07-2017-18:50:33:691 867088 867568 1
