18-07-2017-18:56:09:757 0 624 1
18-07-2017-18:56:09:779 624 1248 1
18-07-2017-18:56:09:827 1248 1872 1
18-07-2017-18:56:09:867 1872 2496 1
18-07-2017-18:56:09:896 2496 3120 1
18-07-2017-18:56:09:942 3120 3744 1
18-07-2017-18:56:09:983 3744 4368 1
18-07-2017-18:56:10:027 4368 4992 1
18-07-2017-18:56:10:055 4992 5616 1
18-07-2017-18:56:10:097 5616 6240 1
18-07-2017-18:56:10:138 6240 6864 1
18-07-2017-18:56:10:178 6864 7488 1
18-07-2017-18:56:10:207 7488 8112 1
18-07-2017-18:56:10:253 8112 8736 1
18-07-2017-18:56:10:296 8736 9360 1
18-07-2017-18:56:10:339 9360 9984 1
18-07-2017-18:56:10:363 9984 10608 1
18-07-2017-18:56:10:403 10608 11232 1
18-07-2017-18:56:10:445 11232 11856 1
18-07-2017-18:56:10:489 11856 12480 1
18-07-2017-18:56:10:519 12480 13104 1
18-07-2017-18:56:10:559 13104 13728 1
18-07-2017-18:56:10:601 13728 14352 1
18-07-2017-18:56:10:647 14352 14976 1
18-07-2017-18:56:10:687 14976 15600 1
18-07-2017-18:56:10:716 15600 16224 1
18-07-2017-18:56:10:758 16224 16848 1
18-07-2017-18:56:10:799 16848 17472 1
18-07-2017-18:56:10:844 17472 18096 1
18-07-2017-18:56:10:875 18096 18720 1
18-07-2017-18:56:10:915 18720 19344 1
18-07-2017-18:56:10:955 19344 19968 1
18-07-2017-18:56:10:987 19968 20592 1
18-07-2017-18:56:11:029 20592 21216 1
18-07-2017-18:56:11:069 21216 21840 1
18-07-2017-18:56:11:109 21840 22464 1
18-07-2017-18:56:11:155 22464 23088 1
18-07-2017-18:56:11:184 23088 23712 1
18-07-2017-18:56:11:225 23712 24336 1
18-07-2017-18:56:11:265 24336 24960 1
18-07-2017-18:56:11:305 24960 25584 1
18-07-2017-18:56:11:351 25584 26208 1
18-07-2017-18:56:11:380 26208 26832 1
18-07-2017-18:56:11:421 26832 27456 1
18-07-2017-18:56:11:462 27456 28080 1
18-07-2017-18:56:11:502 28080 28704 1
18-07-2017-18:56:11:548 28704 29328 1
18-07-2017-18:56:11:576 29328 29952 1
18-07-2017-18:56:11:615 29952 30576 1
18-07-2017-18:56:11:658 30576 31200 1
18-07-2017-18:56:11:697 31200 31824 1
18-07-2017-18:56:11:747 31824 32448 1
18-07-2017-18:56:11:768 32448 33072 1
18-07-2017-18:56:11:813 33072 33696 1
18-07-2017-18:56:11:855 33696 34320 1
18-07-2017-18:56:11:895 34320 34944 1
18-07-2017-18:56:11:923 34944 35568 1
18-07-2017-18:56:11:971 35568 36192 1
18-07-2017-18:56:12:012 36192 36816 1
18-07-2017-18:56:12:052 36816 37440 1
18-07-2017-18:56:12:080 37440 38064 1
18-07-2017-18:56:12:122 38064 38688 1
18-07-2017-18:56:12:163 38688 39312 1
18-07-2017-18:56:12:202 39312 39936 1
18-07-2017-18:56:12:249 39936 40560 1
18-07-2017-18:56:12:291 40560 41184 1
18-07-2017-18:56:12:314 41184 41808 1
18-07-2017-18:56:12:360 41808 42432 1
18-07-2017-18:56:12:401 42432 43056 1
18-07-2017-18:56:12:440 43056 43680 1
18-07-2017-18:56:12:469 43680 44304 1
18-07-2017-18:56:12:518 44304 44928 1
18-07-2017-18:56:12:557 44928 45552 1
18-07-2017-18:56:12:586 45552 46176 1
18-07-2017-18:56:12:628 46176 46800 1
18-07-2017-18:56:12:667 46800 47424 1
18-07-2017-18:56:12:709 47424 48048 1
18-07-2017-18:56:12:754 48048 48672 1
18-07-2017-18:56:12:793 48672 49296 1
18-07-2017-18:56:12:823 49296 49920 1
18-07-2017-18:56:12:942 49920 50544 1
18-07-2017-18:56:12:943 50544 51168 1
18-07-2017-18:56:12:946 51168 51792 1
18-07-2017-18:56:12:990 51792 52416 1
18-07-2017-18:56:13:032 52416 53040 1
18-07-2017-18:56:13:068 53040 53664 1
18-07-2017-18:56:13:103 53664 54288 1
18-07-2017-18:56:13:144 54288 54912 1
18-07-2017-18:56:13:172 54912 55536 1
18-07-2017-18:56:13:212 55536 56160 1
18-07-2017-18:56:13:252 56160 56784 1
18-07-2017-18:56:13:298 56784 57408 1
18-07-2017-18:56:13:340 57408 58032 1
18-07-2017-18:56:13:370 58032 58656 1
18-07-2017-18:56:13:409 58656 59280 1
18-07-2017-18:56:13:450 59280 59904 1
18-07-2017-18:56:13:491 59904 60528 1
18-07-2017-18:56:13:531 60528 61152 1
18-07-2017-18:56:13:560 61152 61776 1
18-07-2017-18:56:13:603 61776 62400 1
18-07-2017-18:56:13:648 62400 63024 1
18-07-2017-18:56:13:688 63024 63648 1
18-07-2017-18:56:13:718 63648 64272 1
18-07-2017-18:56:13:764 64272 64896 1
18-07-2017-18:56:13:805 64896 65520 1
18-07-2017-18:56:13:846 65520 66144 1
18-07-2017-18:56:13:874 66144 66768 1
18-07-2017-18:56:13:936 66768 67392 1
18-07-2017-18:56:13:956 67392 68016 1
18-07-2017-18:56:14:002 68016 68640 1
18-07-2017-18:56:14:041 68640 69264 1
18-07-2017-18:56:14:072 69264 69888 1
18-07-2017-18:56:14:111 69888 70512 1
18-07-2017-18:56:14:151 70512 71136 1
18-07-2017-18:56:14:192 71136 71760 1
18-07-2017-18:56:14:240 71760 72384 1
18-07-2017-18:56:14:269 72384 73008 1
18-07-2017-18:56:14:309 73008 73632 1
18-07-2017-18:56:14:349 73632 74256 1
18-07-2017-18:56:14:390 74256 74880 1
18-07-2017-18:56:14:419 74880 75504 1
18-07-2017-18:56:14:460 75504 76128 1
18-07-2017-18:56:14:504 76128 76752 1
18-07-2017-18:56:14:546 76752 77376 1
18-07-2017-18:56:14:575 77376 78000 1
18-07-2017-18:56:14:614 78000 78624 1
18-07-2017-18:56:14:655 78624 79248 1
18-07-2017-18:56:14:702 79248 79872 1
18-07-2017-18:56:14:742 79872 80496 1
18-07-2017-18:56:14:771 80496 81120 1
18-07-2017-18:56:14:831 81120 81744 1
18-07-2017-18:56:14:853 81744 82368 1
18-07-2017-18:56:14:899 82368 82992 1
18-07-2017-18:56:14:940 82992 83616 1
18-07-2017-18:56:14:969 83616 84240 1
18-07-2017-18:56:15:010 84240 84864 1
18-07-2017-18:56:15:052 84864 85488 1
18-07-2017-18:56:15:091 85488 86112 1
18-07-2017-18:56:15:137 86112 86736 1
18-07-2017-18:56:15:160 86736 87360 1
18-07-2017-18:56:15:207 87360 87984 1
18-07-2017-18:56:15:247 87984 88608 1
18-07-2017-18:56:15:292 88608 89232 1
18-07-2017-18:56:15:322 89232 89856 1
18-07-2017-18:56:15:362 89856 90480 1
18-07-2017-18:56:15:404 90480 91104 1
18-07-2017-18:56:15:444 91104 91728 1
18-07-2017-18:56:15:474 91728 92352 1
18-07-2017-18:56:15:515 92352 92976 1
18-07-2017-18:56:15:560 92976 93600 1
18-07-2017-18:56:15:600 93600 94224 1
18-07-2017-18:56:15:630 94224 94848 1
18-07-2017-18:56:15:671 94848 95472 1
18-07-2017-18:56:15:710 95472 96096 1
18-07-2017-18:56:15:752 96096 96720 1
18-07-2017-18:56:15:797 96720 97344 1
18-07-2017-18:56:15:838 97344 97968 1
18-07-2017-18:56:15:868 97968 98592 1
18-07-2017-18:56:15:908 98592 99216 1
18-07-2017-18:56:15:949 99216 99840 1
18-07-2017-18:56:15:989 99840 100464 1
18-07-2017-18:56:16:018 100464 101088 1
18-07-2017-18:56:16:059 101088 101712 1
18-07-2017-18:56:16:105 101712 102336 1
18-07-2017-18:56:16:146 102336 102960 1
18-07-2017-18:56:16:175 102960 103584 1
18-07-2017-18:56:16:216 103584 104208 1
18-07-2017-18:56:16:258 104208 104832 1
18-07-2017-18:56:16:297 104832 105456 1
18-07-2017-18:56:16:345 105456 106080 1
18-07-2017-18:56:16:373 106080 106704 1
18-07-2017-18:56:16:414 106704 107328 1
18-07-2017-18:56:16:453 107328 107952 1
18-07-2017-18:56:16:495 107952 108576 1
18-07-2017-18:56:16:540 108576 109200 1
18-07-2017-18:56:16:563 109200 109824 1
18-07-2017-18:56:16:610 109824 110448 1
18-07-2017-18:56:16:652 110448 111072 1
18-07-2017-18:56:16:691 111072 111696 1
18-07-2017-18:56:16:720 111696 112320 1
18-07-2017-18:56:16:766 112320 112944 1
18-07-2017-18:56:16:807 112944 113568 1
18-07-2017-18:56:16:846 113568 114192 1
18-07-2017-18:56:16:875 114192 114816 1
18-07-2017-18:56:16:922 114816 115440 1
18-07-2017-18:56:16:962 115440 116064 1
18-07-2017-18:56:17:002 116064 116688 1
18-07-2017-18:56:17:033 116688 117312 1
18-07-2017-18:56:17:072 117312 117936 1
18-07-2017-18:56:17:114 117936 118560 1
18-07-2017-18:56:17:160 118560 119184 1
18-07-2017-18:56:17:190 119184 119808 1
18-07-2017-18:56:17:230 119808 120432 1
18-07-2017-18:56:17:270 120432 121056 1
18-07-2017-18:56:17:310 121056 121680 1
18-07-2017-18:56:17:360 121680 122304 1
18-07-2017-18:56:17:387 122304 122928 1
18-07-2017-18:56:17:429 122928 123552 1
18-07-2017-18:56:17:468 123552 124176 1
18-07-2017-18:56:17:510 124176 124800 1
18-07-2017-18:56:17:540 124800 125424 1
18-07-2017-18:56:17:579 125424 126048 1
18-07-2017-18:56:17:625 126048 126672 1
18-07-2017-18:56:17:665 126672 127296 1
18-07-2017-18:56:17:694 127296 127920 1
18-07-2017-18:56:17:736 127920 128544 1
18-07-2017-18:56:17:776 128544 129168 1
18-07-2017-18:56:17:821 129168 129792 1
18-07-2017-18:56:17:851 129792 130416 1
18-07-2017-18:56:17:893 130416 131040 1
18-07-2017-18:56:17:933 131040 131664 1
18-07-2017-18:56:18:139 131664 132288 1
18-07-2017-18:56:18:141 132288 132912 1
18-07-2017-18:56:18:141 132912 133536 1
18-07-2017-18:56:18:141 133536 134160 1
18-07-2017-18:56:18:141 134160 134784 1
18-07-2017-18:56:18:170 134784 135408 1
18-07-2017-18:56:18:216 135408 136032 1
18-07-2017-18:56:18:256 136032 136656 1
18-07-2017-18:56:18:281 136656 137280 1
18-07-2017-18:56:18:327 137280 137904 1
18-07-2017-18:56:18:367 137904 138528 1
18-07-2017-18:56:18:397 138528 139152 1
18-07-2017-18:56:18:438 139152 139776 1
18-07-2017-18:56:18:477 139776 140400 1
18-07-2017-18:56:18:525 140400 141024 1
18-07-2017-18:56:18:553 141024 141648 1
18-07-2017-18:56:18:593 141648 142272 1
18-07-2017-18:56:18:634 142272 142896 1
18-07-2017-18:56:18:676 142896 143520 1
18-07-2017-18:56:18:722 143520 144144 1
18-07-2017-18:56:18:751 144144 144768 1
18-07-2017-18:56:18:793 144768 145392 1
18-07-2017-18:56:18:833 145392 146016 1
18-07-2017-18:56:18:873 146016 146640 1
18-07-2017-18:56:18:920 146640 147264 1
18-07-2017-18:56:18:947 147264 147888 1
18-07-2017-18:56:18:989 147888 148512 1
18-07-2017-18:56:19:028 148512 149136 1
18-07-2017-18:56:19:068 149136 149760 1
18-07-2017-18:56:19:116 149760 150384 1
18-07-2017-18:56:19:145 150384 151008 1
18-07-2017-18:56:19:185 151008 151632 1
18-07-2017-18:56:19:225 151632 152256 1
18-07-2017-18:56:19:265 152256 152880 1
18-07-2017-18:56:19:294 152880 153504 1
18-07-2017-18:56:19:341 153504 154128 1
18-07-2017-18:56:19:383 154128 154752 1
18-07-2017-18:56:19:413 154752 155376 1
18-07-2017-18:56:19:451 155376 156000 1
18-07-2017-18:56:19:492 156000 156624 1
18-07-2017-18:56:19:538 156624 157248 1
18-07-2017-18:56:19:567 157248 157872 1
18-07-2017-18:56:19:607 157872 158496 1
18-07-2017-18:56:19:648 158496 159120 1
18-07-2017-18:56:19:688 159120 159744 1
18-07-2017-18:56:19:734 159744 160368 1
