18-07-2017-18:26:13:736 0 800 1
18-07-2017-18:26:13:787 800 1600 1
18-07-2017-18:26:13:833 1600 2400 1
18-07-2017-18:26:13:884 2400 3200 1
18-07-2017-18:26:13:937 3200 3974 1
18-07-2017-18:26:13:988 3974 4720 1
18-07-2017-18:26:14:027 4720 5466 1
18-07-2017-18:26:14:075 5466 6212 1
18-07-2017-18:26:14:121 6212 6958 1
18-07-2017-18:26:14:168 6958 7704 1
18-07-2017-18:26:14:214 7704 8450 1
18-07-2017-18:26:14:262 8450 9196 1
18-07-2017-18:26:14:308 9196 9942 1
18-07-2017-18:26:14:354 9942 10688 1
18-07-2017-18:26:14:402 10688 11434 1
18-07-2017-18:26:14:447 11434 12180 1
18-07-2017-18:26:14:495 12180 12926 1
18-07-2017-18:26:14:542 12926 13672 1
18-07-2017-18:26:14:588 13672 14418 1
18-07-2017-18:26:14:634 14418 15164 1
18-07-2017-18:26:14:681 15164 15910 1
18-07-2017-18:26:14:727 15910 16656 1
