18-07-2017-17:45:55:760 0 800 1
18-07-2017-17:45:55:810 800 1600 1
18-07-2017-17:45:55:856 1600 2400 1
18-07-2017-17:45:55:908 2400 3200 1
18-07-2017-17:45:55:960 3200 3960 1
18-07-2017-17:45:56:012 3960 4707 1
18-07-2017-17:45:56:051 4707 5454 1
18-07-2017-17:45:56:098 5454 6201 1
18-07-2017-17:45:56:144 6201 6948 1
18-07-2017-17:45:56:192 6948 7695 1
18-07-2017-17:45:56:237 7695 8442 1
18-07-2017-17:45:56:285 8442 9189 1
18-07-2017-17:45:56:331 9189 9936 1
18-07-2017-17:45:56:380 9936 10683 1
18-07-2017-17:45:56:425 10683 11430 1
18-07-2017-17:45:56:472 11430 12177 1
18-07-2017-17:45:56:520 12177 12924 1
18-07-2017-17:45:56:572 12924 13671 1
18-07-2017-17:45:56:618 13671 14418 1
18-07-2017-17:45:56:666 14418 15165 1
18-07-2017-17:45:56:714 15165 15912 1
18-07-2017-17:45:56:756 15912 16659 1
18-07-2017-17:45:56:804 16659 17406 1
18-07-2017-17:45:56:848 17406 18153 1
18-07-2017-17:45:56:896 18153 18900 1
18-07-2017-17:45:56:940 18900 19647 1
18-07-2017-17:45:56:988 19647 20394 1
18-07-2017-17:45:57:033 20394 21141 1
18-07-2017-17:45:57:081 21141 21888 1
18-07-2017-17:45:57:127 21888 22635 1
18-07-2017-17:45:57:175 22635 23382 1
18-07-2017-17:45:57:221 23382 24129 1
18-07-2017-17:45:57:266 24129 24876 1
18-07-2017-17:45:57:314 24876 25623 1
18-07-2017-17:45:57:360 25623 26370 1
18-07-2017-17:45:57:413 26370 27067 1
18-07-2017-17:45:57:450 27067 27764 1
18-07-2017-17:45:57:495 27764 28461 1
18-07-2017-17:45:57:531 28461 29158 1
18-07-2017-17:45:57:578 29158 29855 1
18-07-2017-17:45:57:624 29855 30552 1
18-07-2017-17:45:57:670 30552 31249 1
18-07-2017-17:45:57:705 31249 31946 1
18-07-2017-17:45:57:753 31946 32643 1
18-07-2017-17:45:57:798 32643 33340 1
18-07-2017-17:45:57:846 33340 34037 1
18-07-2017-17:45:57:882 34037 34734 1
18-07-2017-17:45:57:927 34734 35431 1
18-07-2017-17:45:57:973 35431 36128 1
18-07-2017-17:45:58:008 36128 36825 1
18-07-2017-17:45:58:061 36825 37507 1
18-07-2017-17:45:58:099 37507 38189 1
18-07-2017-17:45:58:146 38189 38871 1
18-07-2017-17:45:58:179 38871 39553 1
18-07-2017-17:45:58:227 39553 40235 1
18-07-2017-17:45:58:277 40235 40917 1
18-07-2017-17:45:58:311 40917 41599 1
18-07-2017-17:45:58:357 41599 42281 1
18-07-2017-17:45:58:557 42281 42963 1
18-07-2017-17:45:58:558 42963 43645 1
18-07-2017-17:45:58:558 43645 44327 1
18-07-2017-17:45:58:558 44327 45009 1
18-07-2017-17:45:58:568 45009 45691 1
18-07-2017-17:45:58:614 45691 46373 1
18-07-2017-17:45:58:650 46373 47055 1
18-07-2017-17:45:58:697 47055 47737 1
18-07-2017-17:45:58:743 47737 48419 1
18-07-2017-17:45:58:784 48419 49101 1
18-07-2017-17:45:58:819 49101 49783 1
18-07-2017-17:45:58:867 49783 50465 1
18-07-2017-17:45:58:915 50465 51147 1
18-07-2017-17:45:58:947 51147 51829 1
18-07-2017-17:45:58:994 51829 52511 1
18-07-2017-17:45:59:042 52511 53193 1
18-07-2017-17:45:59:076 53193 53875 1
18-07-2017-17:45:59:123 53875 54557 1
18-07-2017-17:45:59:169 54557 55239 1
18-07-2017-17:45:59:205 55239 55921 1
18-07-2017-17:45:59:251 55921 56603 1
18-07-2017-17:45:59:299 56603 57285 1
18-07-2017-17:45:59:332 57285 57967 1
18-07-2017-17:45:59:375 57967 58649 1
18-07-2017-17:45:59:421 58649 59331 1
18-07-2017-17:45:59:469 59331 60013 1
18-07-2017-17:45:59:503 60013 60695 1
18-07-2017-17:45:59:551 60695 61377 1
18-07-2017-17:45:59:597 61377 62059 1
18-07-2017-17:45:59:632 62059 62741 1
18-07-2017-17:45:59:678 62741 63423 1
18-07-2017-17:45:59:725 63423 64105 1
18-07-2017-17:45:59:759 64105 64787 1
18-07-2017-17:45:59:807 64787 65469 1
18-07-2017-17:45:59:854 65469 66151 1
18-07-2017-17:45:59:888 66151 66833 1
18-07-2017-17:45:59:935 66833 67515 1
18-07-2017-17:45:59:970 67515 68197 1
18-07-2017-17:46:00:017 68197 68879 1
18-07-2017-17:46:00:063 68879 69561 1
18-07-2017-17:46:00:098 69561 70243 1
18-07-2017-17:46:00:144 70243 70925 1
18-07-2017-17:46:00:189 70925 71607 1
18-07-2017-17:46:00:227 71607 72289 1
18-07-2017-17:46:00:274 72289 72971 1
18-07-2017-17:46:00:321 72971 73653 1
18-07-2017-17:46:00:356 73653 74335 1
18-07-2017-17:46:00:402 74335 75017 1
18-07-2017-17:46:00:448 75017 75699 1
18-07-2017-17:46:00:484 75699 76381 1
18-07-2017-17:46:00:530 76381 77063 1
18-07-2017-17:46:00:576 77063 77745 1
18-07-2017-17:46:00:613 77745 78427 1
18-07-2017-17:46:00:659 78427 79109 1
18-07-2017-17:46:00:705 79109 79791 1
18-07-2017-17:46:00:741 79791 80473 1
18-07-2017-17:46:00:786 80473 81155 1
18-07-2017-17:46:00:832 81155 81837 1
18-07-2017-17:46:00:866 81837 82519 1
18-07-2017-17:46:00:913 82519 83201 1
18-07-2017-17:46:00:960 83201 83883 1
18-07-2017-17:46:00:995 83883 84565 1
18-07-2017-17:46:01:041 84565 85247 1
18-07-2017-17:46:01:089 85247 85929 1
18-07-2017-17:46:01:123 85929 86611 1
18-07-2017-17:46:01:169 86611 87293 1
18-07-2017-17:46:01:217 87293 87975 1
18-07-2017-17:46:01:252 87975 88657 1
18-07-2017-17:46:01:301 88657 89339 1
18-07-2017-17:46:01:336 89339 90021 1
18-07-2017-17:46:01:384 90021 90703 1
18-07-2017-17:46:01:429 90703 91385 1
18-07-2017-17:46:01:465 91385 92067 1
18-07-2017-17:46:01:511 92067 92749 1
18-07-2017-17:46:01:965 92749 93431 1
18-07-2017-17:46:01:966 93431 94113 1
18-07-2017-17:46:01:966 94113 94795 1
18-07-2017-17:46:01:966 94795 95477 1
18-07-2017-17:46:01:966 95477 96159 1
18-07-2017-17:46:01:966 96159 96841 1
18-07-2017-17:46:01:966 96841 97523 1
18-07-2017-17:46:01:966 97523 98205 1
18-07-2017-17:46:01:966 98205 98887 1
18-07-2017-17:46:01:967 98887 99569 1
18-07-2017-17:46:01:974 99569 100251 1
18-07-2017-17:46:02:019 100251 100933 1
18-07-2017-17:46:02:069 100933 101615 1
18-07-2017-17:46:02:101 101615 102297 1
18-07-2017-17:46:02:149 102297 102979 1
18-07-2017-17:46:02:195 102979 103661 1
18-07-2017-17:46:02:231 103661 104343 1
18-07-2017-17:46:02:276 104343 105025 1
18-07-2017-17:46:02:324 105025 105707 1
18-07-2017-17:46:02:358 105707 106389 1
18-07-2017-17:46:02:411 106389 107054 1
18-07-2017-17:46:02:441 107054 107719 1
18-07-2017-17:46:02:489 107719 108384 1
18-07-2017-17:46:02:524 108384 109049 1
18-07-2017-17:46:02:569 109049 109714 1
18-07-2017-17:46:02:616 109714 110379 1
18-07-2017-17:46:02:651 110379 111044 1
18-07-2017-17:46:02:699 111044 111709 1
18-07-2017-17:46:02:732 111709 112374 1
18-07-2017-17:46:02:783 112374 112974 1
18-07-2017-17:46:02:809 112974 113574 1
18-07-2017-17:46:02:844 113574 114174 1
18-07-2017-17:46:02:891 114174 114774 1
18-07-2017-17:46:02:925 114774 115374 1
18-07-2017-17:46:02:960 115374 115974 1
18-07-2017-17:46:02:994 115974 116574 1
18-07-2017-17:46:03:041 116574 117174 1
18-07-2017-17:46:03:077 117174 117774 1
18-07-2017-17:46:03:110 117774 118374 1
18-07-2017-17:46:03:146 118374 118974 1
18-07-2017-17:46:03:182 118974 119574 1
18-07-2017-17:46:03:227 119574 120174 1
18-07-2017-17:46:03:263 120174 120774 1
18-07-2017-17:46:03:299 120774 121374 1
18-07-2017-17:46:03:332 121374 121974 1
18-07-2017-17:46:03:368 121974 122574 1
18-07-2017-17:46:03:415 122574 123174 1
18-07-2017-17:46:03:465 123174 123774 1
18-07-2017-17:46:03:484 123774 124374 1
18-07-2017-17:46:03:519 124374 124974 1
18-07-2017-17:46:03:565 124974 125574 1
18-07-2017-17:46:03:599 125574 126174 1
18-07-2017-17:46:03:634 126174 126774 1
18-07-2017-17:46:03:670 126774 127374 1
18-07-2017-17:46:03:716 127374 127974 1
18-07-2017-17:46:03:751 127974 128574 1
18-07-2017-17:46:03:785 128574 129174 1
18-07-2017-17:46:03:821 129174 129774 1
18-07-2017-17:46:03:854 129774 130374 1
18-07-2017-17:46:03:903 130374 130974 1
18-07-2017-17:46:03:937 130974 131574 1
18-07-2017-17:46:03:972 131574 132174 1
18-07-2017-17:46:04:006 132174 132774 1
18-07-2017-17:46:04:263 132774 133374 1
18-07-2017-17:46:04:264 133374 133974 1
18-07-2017-17:46:04:264 133974 134574 1
18-07-2017-17:46:04:264 134574 135174 1
18-07-2017-17:46:04:265 135174 135774 1
18-07-2017-17:46:04:265 135774 136374 1
18-07-2017-17:46:04:271 136374 136974 1
18-07-2017-17:46:04:306 136974 137574 1
18-07-2017-17:46:04:353 137574 138174 1
18-07-2017-17:46:04:389 138174 138774 1
18-07-2017-17:46:04:423 138774 139374 1
18-07-2017-17:46:04:458 139374 139974 1
18-07-2017-17:46:04:499 139974 140574 1
18-07-2017-17:46:04:537 140574 141174 1
18-07-2017-17:46:04:572 141174 141774 1
18-07-2017-17:46:04:607 141774 142374 1
18-07-2017-17:46:04:653 142374 142974 1
18-07-2017-17:46:04:690 142974 143574 1
18-07-2017-17:46:04:724 143574 144174 1
18-07-2017-17:46:04:759 144174 144774 1
18-07-2017-17:46:04:792 144774 145374 1
18-07-2017-17:46:04:840 145374 145974 1
18-07-2017-17:46:04:875 145974 146574 1
18-07-2017-17:46:04:910 146574 147174 1
18-07-2017-17:46:04:944 147174 147774 1
18-07-2017-17:46:04:990 147774 148374 1
18-07-2017-17:46:05:026 148374 148974 1
18-07-2017-17:46:05:062 148974 149574 1
18-07-2017-17:46:05:096 149574 150174 1
18-07-2017-17:46:05:131 150174 150774 1
18-07-2017-17:46:05:178 150774 151374 1
18-07-2017-17:46:05:214 151374 151974 1
18-07-2017-17:46:05:247 151974 152574 1
18-07-2017-17:46:05:282 152574 153174 1
18-07-2017-17:46:05:323 153174 153774 1
18-07-2017-17:46:05:360 153774 154374 1
18-07-2017-17:46:05:395 154374 154974 1
18-07-2017-17:46:05:430 154974 155574 1
18-07-2017-17:46:05:476 155574 156174 1
18-07-2017-17:46:05:512 156174 156774 1
18-07-2017-17:46:05:546 156774 157374 1
18-07-2017-17:46:05:581 157374 157974 1
18-07-2017-17:46:05:629 157974 158574 1
18-07-2017-17:46:05:664 158574 159174 1
18-07-2017-17:46:05:699 159174 159774 1
18-07-2017-17:46:05:734 159774 160374 1
18-07-2017-17:46:05:769 160374 160974 1
18-07-2017-17:46:05:807 160974 161574 1
18-07-2017-17:46:05:855 161574 162174 1
18-07-2017-17:46:05:888 162174 162774 1
18-07-2017-17:46:05:923 162774 163374 1
18-07-2017-17:46:05:958 163374 163974 1
18-07-2017-17:46:05:993 163974 164574 1
18-07-2017-17:46:06:040 164574 165174 1
18-07-2017-17:46:06:075 165174 165774 1
18-07-2017-17:46:06:111 165774 166374 1
18-07-2017-17:46:06:145 166374 166974 1
18-07-2017-17:46:06:180 166974 167574 1
18-07-2017-17:46:06:227 167574 168174 1
18-07-2017-17:46:06:260 168174 168774 1
18-07-2017-17:46:06:298 168774 169374 1
18-07-2017-17:46:06:333 169374 169974 1
18-07-2017-17:46:06:368 169974 170574 1
18-07-2017-17:46:06:415 170574 171174 1
18-07-2017-17:46:06:450 171174 171774 1
18-07-2017-17:46:06:485 171774 172374 1
18-07-2017-17:46:06:520 172374 172974 1
18-07-2017-17:46:06:555 172974 173574 1
18-07-2017-17:46:06:601 173574 174174 1
18-07-2017-17:46:06:638 174174 174774 1
18-07-2017-17:46:06:672 174774 175374 1
18-07-2017-17:46:06:708 175374 175974 1
18-07-2017-17:46:06:749 175974 176574 1
18-07-2017-17:46:06:794 176574 177174 1
18-07-2017-17:46:06:818 177174 177774 1
18-07-2017-17:46:06:866 177774 178374 1
18-07-2017-17:46:06:901 178374 178974 1
18-07-2017-17:46:06:935 178974 179574 1
18-07-2017-17:46:06:970 179574 180174 1
18-07-2017-17:46:07:017 180174 180774 1
18-07-2017-17:46:07:052 180774 181374 1
18-07-2017-17:46:07:085 181374 181974 1
18-07-2017-17:46:07:122 181974 182574 1
18-07-2017-17:46:07:156 182574 183174 1
18-07-2017-17:46:07:203 183174 183774 1
18-07-2017-17:46:07:239 183774 184374 1
18-07-2017-17:46:07:272 184374 184974 1
18-07-2017-17:46:07:425 184974 185574 1
18-07-2017-17:46:07:427 185574 186174 1
18-07-2017-17:46:07:427 186174 186774 1
18-07-2017-17:46:07:427 186774 187374 1
18-07-2017-17:46:07:460 187374 187974 1
18-07-2017-17:46:07:529 187974 188574 1
18-07-2017-17:46:07:541 188574 189174 1
18-07-2017-17:46:07:576 189174 189774 1
18-07-2017-17:46:07:612 189774 190374 1
18-07-2017-17:46:07:646 190374 190974 1
18-07-2017-17:46:07:682 190974 191574 1
18-07-2017-17:46:07:728 191574 192174 1
18-07-2017-17:46:07:763 192174 192774 1
18-07-2017-17:46:07:797 192774 193374 1
18-07-2017-17:46:07:833 193374 193974 1
18-07-2017-17:46:07:869 193974 194574 1
18-07-2017-17:46:07:914 194574 195174 1
18-07-2017-17:46:07:951 195174 195774 1
18-07-2017-17:46:07:985 195774 196374 1
18-07-2017-17:46:08:021 196374 196974 1
18-07-2017-17:46:08:067 196974 197574 1
18-07-2017-17:46:08:101 197574 198174 1
18-07-2017-17:46:08:137 198174 198774 1
18-07-2017-17:46:08:171 198774 199374 1
18-07-2017-17:46:08:206 199374 199974 1
18-07-2017-17:46:08:253 199974 200574 1
18-07-2017-17:46:08:287 200574 201174 1
18-07-2017-17:46:08:323 201174 201774 1
18-07-2017-17:46:08:358 201774 202374 1
18-07-2017-17:46:08:394 202374 202974 1
18-07-2017-17:46:08:440 202974 203574 1
18-07-2017-17:46:08:474 203574 204174 1
18-07-2017-17:46:08:509 204174 204774 1
18-07-2017-17:46:08:544 204774 205374 1
18-07-2017-17:46:08:663 205374 205974 1
18-07-2017-17:46:08:664 205974 206574 1
18-07-2017-17:46:08:664 206574 207174 1
18-07-2017-17:46:08:697 207174 207774 1
18-07-2017-17:46:08:730 207774 208374 1
18-07-2017-17:46:08:778 208374 208974 1
18-07-2017-17:46:08:811 208974 209574 1
18-07-2017-17:46:08:847 209574 210174 1
18-07-2017-17:46:08:882 210174 210774 1
18-07-2017-17:46:08:922 210774 211374 1
18-07-2017-17:46:08:958 211374 211974 1
18-07-2017-17:46:09:003 211974 212574 1
18-07-2017-17:46:09:040 212574 213174 1
18-07-2017-17:46:09:074 213174 213774 1
18-07-2017-17:46:09:108 213774 214374 1
18-07-2017-17:46:09:145 214374 214974 1
18-07-2017-17:46:09:190 214974 215574 1
18-07-2017-17:46:09:226 215574 216174 1
18-07-2017-17:46:09:260 216174 216774 1
18-07-2017-17:46:09:296 216774 217374 1
18-07-2017-17:46:09:331 217374 217974 1
18-07-2017-17:46:09:379 217974 218574 1
18-07-2017-17:46:09:412 218574 219174 1
18-07-2017-17:46:09:447 219174 219774 1
18-07-2017-17:46:09:484 219774 220374 1
18-07-2017-17:46:09:521 220374 220974 1
18-07-2017-17:46:09:555 220974 221574 1
18-07-2017-17:46:09:601 221574 222174 1
18-07-2017-17:46:09:645 222174 222774 1
18-07-2017-17:46:09:669 222774 223374 1
18-07-2017-17:46:09:712 223374 223974 1
18-07-2017-17:46:09:744 223974 224574 1
18-07-2017-17:46:09:789 224574 225174 1
18-07-2017-17:46:09:825 225174 225774 1
18-07-2017-17:46:09:866 225774 226374 1
18-07-2017-17:46:09:899 226374 226974 1
18-07-2017-17:46:09:930 226974 227574 1
18-07-2017-17:46:09:978 227574 228174 1
18-07-2017-17:46:10:012 228174 228774 1
18-07-2017-17:46:10:046 228774 229374 1
18-07-2017-17:46:10:082 229374 229974 1
18-07-2017-17:46:10:128 229974 230574 1
18-07-2017-17:46:10:163 230574 231174 1
18-07-2017-17:46:10:199 231174 231774 1
18-07-2017-17:46:10:234 231774 232374 1
18-07-2017-17:46:10:268 232374 232974 1
18-07-2017-17:46:10:307 232974 233574 1
18-07-2017-17:46:10:343 233574 234174 1
18-07-2017-17:46:10:390 234174 234774 1
18-07-2017-17:46:10:420 234774 235374 1
18-07-2017-17:46:10:465 235374 235974 1
18-07-2017-17:46:10:508 235974 236574 1
18-07-2017-17:46:10:536 236574 237174 1
18-07-2017-17:46:10:572 237174 237774 1
18-07-2017-17:46:10:606 237774 238374 1
18-07-2017-17:46:10:652 238374 238974 1
18-07-2017-17:46:10:688 238974 239574 1
18-07-2017-17:46:10:719 239574 240174 1
18-07-2017-17:46:10:877 240174 240774 1
18-07-2017-17:46:10:878 240774 241374 1
18-07-2017-17:46:10:879 241374 241974 1
18-07-2017-17:46:10:879 241974 242574 1
18-07-2017-17:46:10:910 242574 243174 1
18-07-2017-17:46:10:943 243174 243774 1
18-07-2017-17:46:10:991 243774 244374 1
18-07-2017-17:46:11:024 244374 244974 1
18-07-2017-17:46:11:061 244974 245574 1
18-07-2017-17:46:11:096 245574 246174 1
18-07-2017-17:46:11:131 246174 246774 1
18-07-2017-17:46:11:176 246774 247374 1
18-07-2017-17:46:11:211 247374 247974 1
18-07-2017-17:46:11:246 247974 248574 1
18-07-2017-17:46:11:291 248574 249174 1
18-07-2017-17:46:11:325 249174 249774 1
18-07-2017-17:46:11:361 249774 250374 1
18-07-2017-17:46:11:397 250374 250974 1
18-07-2017-17:46:11:431 250974 251574 1
18-07-2017-17:46:11:479 251574 252174 1
18-07-2017-17:46:11:512 252174 252774 1
18-07-2017-17:46:11:548 252774 253374 1
18-07-2017-17:46:11:583 253374 253974 1
18-07-2017-17:46:11:617 253974 254574 1
18-07-2017-17:46:11:660 254574 255174 1
18-07-2017-17:46:11:696 255174 255774 1
18-07-2017-17:46:11:731 255774 256374 1
18-07-2017-17:46:11:780 256374 256974 1
18-07-2017-17:46:11:816 256974 257574 1
18-07-2017-17:46:11:850 257574 258174 1
18-07-2017-17:46:11:885 258174 258774 1
18-07-2017-17:46:11:920 258774 259374 1
18-07-2017-17:46:11:955 259374 259974 1
18-07-2017-17:46:12:005 259974 260574 1
18-07-2017-17:46:12:040 260574 261174 1
18-07-2017-17:46:12:076 261174 261774 1
18-07-2017-17:46:12:110 261774 262374 1
18-07-2017-17:46:12:145 262374 262974 1
18-07-2017-17:46:12:360 262974 263574 1
18-07-2017-17:46:12:362 263574 264174 1
18-07-2017-17:46:12:362 264174 264774 1
18-07-2017-17:46:12:362 264774 265374 1
18-07-2017-17:46:12:362 265374 265974 1
18-07-2017-17:46:12:375 265974 266574 1
18-07-2017-17:46:12:411 266574 267174 1
18-07-2017-17:46:12:444 267174 267774 1
18-07-2017-17:46:12:481 267774 268374 1
18-07-2017-17:46:12:527 268374 268974 1
18-07-2017-17:46:12:563 268974 269574 1
18-07-2017-17:46:12:596 269574 270174 1
18-07-2017-17:46:12:632 270174 270774 1
18-07-2017-17:46:12:679 270774 271374 1
18-07-2017-17:46:12:714 271374 271974 1
18-07-2017-17:46:12:749 271974 272574 1
18-07-2017-17:46:12:783 272574 273174 1
18-07-2017-17:46:12:819 273174 273774 1
18-07-2017-17:46:12:866 273774 274374 1
18-07-2017-17:46:12:900 274374 274974 1
18-07-2017-17:46:12:935 274974 275574 1
18-07-2017-17:46:12:971 275574 276174 1
18-07-2017-17:46:13:004 276174 276774 1
18-07-2017-17:46:13:054 276774 277374 1
18-07-2017-17:46:13:087 277374 277974 1
18-07-2017-17:46:13:123 277974 278574 1
18-07-2017-17:46:13:156 278574 279174 1
18-07-2017-17:46:13:196 279174 279774 1
18-07-2017-17:46:13:239 279774 280374 1
18-07-2017-17:46:13:273 280374 280974 1
18-07-2017-17:46:13:309 280974 281574 1
18-07-2017-17:46:13:343 281574 282174 1
18-07-2017-17:46:13:391 282174 282774 1
18-07-2017-17:46:13:424 282774 283374 1
18-07-2017-17:46:13:460 283374 283974 1
18-07-2017-17:46:13:494 283974 284574 1
18-07-2017-17:46:13:537 284574 285174 1
18-07-2017-17:46:13:573 285174 285774 1
18-07-2017-17:46:13:607 285774 286374 1
18-07-2017-17:46:13:643 286374 286974 1
18-07-2017-17:46:13:689 286974 287574 1
18-07-2017-17:46:13:724 287574 288174 1
18-07-2017-17:46:13:760 288174 288774 1
18-07-2017-17:46:13:795 288774 289374 1
18-07-2017-17:46:13:841 289374 289974 1
18-07-2017-17:46:13:875 289974 290574 1
