18-07-2017-17:58:25:341 0 774 1
18-07-2017-17:58:25:393 774 1548 1
18-07-2017-17:58:25:440 1548 2322 1
18-07-2017-17:58:25:486 2322 3096 1
18-07-2017-17:58:25:533 3096 3870 1
18-07-2017-17:58:25:581 3870 4644 1
18-07-2017-17:58:25:629 4644 5418 1
18-07-2017-17:58:25:676 5418 6192 1
18-07-2017-17:58:25:722 6192 6966 1
18-07-2017-17:58:25:775 6966 7734 1
18-07-2017-17:58:25:827 7734 8480 1
18-07-2017-17:58:25:864 8480 9226 1
18-07-2017-17:58:25:910 9226 9972 1
18-07-2017-17:58:25:959 9972 10718 1
18-07-2017-17:58:26:010 10718 11464 1
18-07-2017-17:58:26:062 11464 12210 1
18-07-2017-17:58:26:122 12210 12956 1
18-07-2017-17:58:26:148 12956 13702 1
18-07-2017-17:58:26:194 13702 14448 1
18-07-2017-17:58:26:244 14448 15194 1
18-07-2017-17:58:26:293 15194 15940 1
18-07-2017-17:58:26:341 15940 16686 1
18-07-2017-17:58:26:386 16686 17432 1
18-07-2017-17:58:26:435 17432 18178 1
18-07-2017-17:58:26:489 18178 18924 1
18-07-2017-17:58:26:528 18924 19670 1
18-07-2017-17:58:26:572 19670 20416 1
18-07-2017-17:58:26:619 20416 21162 1
18-07-2017-17:58:26:668 21162 21908 1
18-07-2017-17:58:26:711 21908 22654 1
18-07-2017-17:58:26:758 22654 23400 1
18-07-2017-17:58:26:805 23400 24146 1
18-07-2017-17:58:26:852 24146 24892 1
18-07-2017-17:58:26:898 24892 25638 1
18-07-2017-17:58:26:946 25638 26384 1
18-07-2017-17:58:26:992 26384 27130 1
18-07-2017-17:58:27:034 27130 27876 1
18-07-2017-17:58:27:087 27876 28587 1
18-07-2017-17:58:27:124 28587 29298 1
18-07-2017-17:58:27:170 29298 30009 1
18-07-2017-17:58:27:217 30009 30720 1
18-07-2017-17:58:27:253 30720 31431 1
18-07-2017-17:58:27:297 31431 32142 1
18-07-2017-17:58:27:346 32142 32853 1
18-07-2017-17:58:27:391 32853 33564 1
18-07-2017-17:58:27:437 33564 34275 1
18-07-2017-17:58:27:473 34275 34986 1
18-07-2017-17:58:27:520 34986 35697 1
18-07-2017-17:58:27:573 35697 36347 1
18-07-2017-17:58:27:609 36347 36997 1
18-07-2017-17:58:27:645 36997 37647 1
18-07-2017-17:58:27:691 37647 38297 1
18-07-2017-17:58:27:727 38297 38947 1
18-07-2017-17:58:27:762 38947 39597 1
18-07-2017-17:58:27:809 39597 40247 1
18-07-2017-17:58:27:843 40247 40897 1
18-07-2017-17:58:27:893 40897 41547 1
18-07-2017-17:58:27:929 41547 42197 1
18-07-2017-17:58:27:976 42197 42847 1
18-07-2017-17:58:28:010 42847 43497 1
18-07-2017-17:58:28:046 43497 44147 1
18-07-2017-17:58:28:092 44147 44797 1
18-07-2017-17:58:28:127 44797 45447 1
18-07-2017-17:58:28:301 45447 46097 1
18-07-2017-17:58:28:302 46097 46747 1
18-07-2017-17:58:28:302 46747 47397 1
18-07-2017-17:58:28:302 47397 48047 1
18-07-2017-17:58:28:335 48047 48697 1
18-07-2017-17:58:28:380 48697 49347 1
18-07-2017-17:58:28:417 49347 49997 1
18-07-2017-17:58:28:463 49997 50647 1
18-07-2017-17:58:28:496 50647 51297 1
18-07-2017-17:58:28:543 51297 51947 1
18-07-2017-17:58:28:579 51947 52597 1
18-07-2017-17:58:28:625 52597 53247 1
18-07-2017-17:58:28:661 53247 53897 1
18-07-2017-17:58:28:696 53897 54547 1
18-07-2017-17:58:28:741 54547 55197 1
18-07-2017-17:58:28:777 55197 55847 1
18-07-2017-17:58:28:823 55847 56497 1
18-07-2017-17:58:28:859 56497 57147 1
18-07-2017-17:58:28:904 57147 57797 1
18-07-2017-17:58:28:940 57797 58447 1
18-07-2017-17:58:28:993 58447 59094 1
18-07-2017-17:58:29:031 59094 59741 1
18-07-2017-17:58:29:064 59741 60388 1
18-07-2017-17:58:29:112 60388 61035 1
18-07-2017-17:58:29:146 61035 61682 1
18-07-2017-17:58:29:192 61682 62329 1
18-07-2017-17:58:29:229 62329 62976 1
18-07-2017-17:58:29:262 62976 63623 1
18-07-2017-17:58:29:312 63623 64270 1
18-07-2017-17:58:29:345 64270 64917 1
18-07-2017-17:58:29:395 64917 65564 1
18-07-2017-17:58:29:431 65564 66211 1
18-07-2017-17:58:29:476 66211 66858 1
18-07-2017-17:58:29:511 66858 67505 1
18-07-2017-17:58:29:547 67505 68152 1
18-07-2017-17:58:29:594 68152 68799 1
18-07-2017-17:58:29:627 68799 69446 1
18-07-2017-17:58:29:675 69446 70093 1
18-07-2017-17:58:29:710 70093 70740 1
18-07-2017-17:58:29:762 70740 71387 1
18-07-2017-17:58:29:788 71387 72034 1
18-07-2017-17:58:29:835 72034 72681 1
18-07-2017-17:58:29:871 72681 73328 1
18-07-2017-17:58:29:917 73328 73975 1
18-07-2017-17:58:29:952 73975 74622 1
18-07-2017-17:58:29:998 74622 75269 1
18-07-2017-17:58:30:033 75269 75916 1
18-07-2017-17:58:30:081 75916 76563 1
18-07-2017-17:58:30:117 76563 77210 1
18-07-2017-17:58:30:162 77210 77857 1
18-07-2017-17:58:30:201 77857 78504 1
18-07-2017-17:58:30:245 78504 79151 1
18-07-2017-17:58:30:279 79151 79798 1
18-07-2017-17:58:30:324 79798 80445 1
18-07-2017-17:58:30:361 80445 81092 1
18-07-2017-17:58:30:394 81092 81739 1
18-07-2017-17:58:30:442 81739 82386 1
18-07-2017-17:58:30:478 82386 83033 1
18-07-2017-17:58:30:527 83033 83680 1
18-07-2017-17:58:30:595 83680 84327 1
18-07-2017-17:58:30:605 84327 84974 1
18-07-2017-17:58:30:640 84974 85621 1
18-07-2017-17:58:30:691 85621 86268 1
18-07-2017-17:58:30:726 86268 86915 1
18-07-2017-17:58:30:770 86915 87562 1
18-07-2017-17:58:30:805 87562 88209 1
18-07-2017-17:58:30:854 88209 88856 1
18-07-2017-17:58:30:889 88856 89503 1
18-07-2017-17:58:30:925 89503 90150 1
18-07-2017-17:58:30:972 90150 90797 1
18-07-2017-17:58:31:006 90797 91444 1
18-07-2017-17:58:31:054 91444 92091 1
18-07-2017-17:58:31:087 92091 92738 1
18-07-2017-17:58:31:123 92738 93385 1
18-07-2017-17:58:31:171 93385 94032 1
18-07-2017-17:58:31:206 94032 94679 1
18-07-2017-17:58:31:252 94679 95326 1
18-07-2017-17:58:31:286 95326 95973 1
18-07-2017-17:58:31:333 95973 96620 1
18-07-2017-17:58:31:369 96620 97267 1
18-07-2017-17:58:31:414 97267 97914 1
18-07-2017-17:58:31:449 97914 98561 1
18-07-2017-17:58:31:497 98561 99208 1
18-07-2017-17:58:31:532 99208 99855 1
18-07-2017-17:58:31:577 99855 100502 1
18-07-2017-17:58:31:614 100502 101149 1
18-07-2017-17:58:31:661 101149 101796 1
18-07-2017-17:58:31:699 101796 102443 1
18-07-2017-17:58:31:731 102443 103090 1
18-07-2017-17:58:31:775 103090 103737 1
18-07-2017-17:58:31:811 103737 104384 1
18-07-2017-17:58:31:860 104384 105031 1
18-07-2017-17:58:31:892 105031 105678 1
18-07-2017-17:58:31:939 105678 106325 1
18-07-2017-17:58:31:974 106325 106972 1
18-07-2017-17:58:32:023 106972 107619 1
18-07-2017-17:58:32:057 107619 108266 1
18-07-2017-17:58:32:106 108266 108913 1
18-07-2017-17:58:32:143 108913 109560 1
18-07-2017-17:58:32:180 109560 110207 1
18-07-2017-17:58:32:245 110207 110854 1
18-07-2017-17:58:32:260 110854 111501 1
18-07-2017-17:58:32:305 111501 112148 1
18-07-2017-17:58:32:340 112148 112795 1
18-07-2017-17:58:32:386 112795 113442 1
18-07-2017-17:58:32:427 113442 114089 1
18-07-2017-17:58:32:465 114089 114736 1
18-07-2017-17:58:32:507 114736 115383 1
18-07-2017-17:58:32:544 115383 116030 1
18-07-2017-17:58:32:589 116030 116677 1
18-07-2017-17:58:32:625 116677 117324 1
18-07-2017-17:58:32:661 117324 117971 1
18-07-2017-17:58:32:706 117971 118618 1
18-07-2017-17:58:32:742 118618 119265 1
18-07-2017-17:58:32:788 119265 119912 1
18-07-2017-17:58:32:822 119912 120559 1
18-07-2017-17:58:32:869 120559 121206 1
18-07-2017-17:58:32:903 121206 121853 1
18-07-2017-17:58:32:951 121853 122500 1
18-07-2017-17:58:32:987 122500 123147 1
18-07-2017-17:58:33:033 123147 123794 1
18-07-2017-17:58:33:067 123794 124441 1
18-07-2017-17:58:33:115 124441 125088 1
18-07-2017-17:58:33:158 125088 125735 1
18-07-2017-17:58:33:194 125735 126382 1
18-07-2017-17:58:33:228 126382 127029 1
18-07-2017-17:58:33:275 127029 127676 1
18-07-2017-17:58:33:311 127676 128323 1
18-07-2017-17:58:33:357 128323 128970 1
18-07-2017-17:58:33:393 128970 129617 1
18-07-2017-17:58:33:438 129617 130264 1
18-07-2017-17:58:33:474 130264 130911 1
18-07-2017-17:58:33:509 130911 131558 1
18-07-2017-17:58:33:555 131558 132205 1
18-07-2017-17:58:33:591 132205 132852 1
18-07-2017-17:58:33:636 132852 133499 1
18-07-2017-17:58:33:672 133499 134146 1
18-07-2017-17:58:33:717 134146 134793 1
18-07-2017-17:58:33:753 134793 135440 1
18-07-2017-17:58:33:798 135440 136087 1
18-07-2017-17:58:33:831 136087 136734 1
18-07-2017-17:58:33:879 136734 137381 1
18-07-2017-17:58:33:913 137381 138028 1
18-07-2017-17:58:33:959 138028 138675 1
18-07-2017-17:58:33:994 138675 139322 1
18-07-2017-17:58:34:041 139322 139969 1
18-07-2017-17:58:34:077 139969 140616 1
18-07-2017-17:58:34:123 140616 141263 1
18-07-2017-17:58:34:158 141263 141910 1
18-07-2017-17:58:34:206 141910 142557 1
18-07-2017-17:58:34:239 142557 143204 1
18-07-2017-17:58:34:287 143204 143851 1
18-07-2017-17:58:34:322 143851 144498 1
18-07-2017-17:58:34:369 144498 145145 1
18-07-2017-17:58:34:404 145145 145792 1
18-07-2017-17:58:34:437 145792 146439 1
18-07-2017-17:58:34:481 146439 147086 1
18-07-2017-17:58:34:528 147086 147733 1
18-07-2017-17:58:34:562 147733 148380 1
18-07-2017-17:58:34:608 148380 149027 1
18-07-2017-17:58:34:644 149027 149674 1
18-07-2017-17:58:34:690 149674 150321 1
18-07-2017-17:58:34:725 150321 150968 1
18-07-2017-17:58:34:771 150968 151615 1
18-07-2017-17:58:34:807 151615 152262 1
18-07-2017-17:58:34:855 152262 152909 1
18-07-2017-17:58:34:889 152909 153556 1
18-07-2017-17:58:34:935 153556 154203 1
18-07-2017-17:58:34:970 154203 154850 1
18-07-2017-17:58:35:006 154850 155497 1
18-07-2017-17:58:35:052 155497 156144 1
18-07-2017-17:58:35:086 156144 156791 1
18-07-2017-17:58:35:133 156791 157438 1
18-07-2017-17:58:35:168 157438 158085 1
18-07-2017-17:58:35:214 158085 158732 1
18-07-2017-17:58:35:250 158732 159379 1
18-07-2017-17:58:35:294 159379 160026 1
18-07-2017-17:58:35:339 160026 160673 1
18-07-2017-17:58:35:378 160673 161320 1
18-07-2017-17:58:35:414 161320 161967 1
18-07-2017-17:58:35:448 161967 162614 1
18-07-2017-17:58:35:496 162614 163261 1
18-07-2017-17:58:35:532 163261 163908 1
18-07-2017-17:58:35:577 163908 164555 1
18-07-2017-17:58:35:612 164555 165202 1
18-07-2017-17:58:35:658 165202 165849 1
18-07-2017-17:58:35:792 165849 166496 1
18-07-2017-17:58:35:792 166496 167143 1
18-07-2017-17:58:35:792 167143 167790 1
18-07-2017-17:58:35:820 167790 168437 1
18-07-2017-17:58:35:855 168437 169084 1
18-07-2017-17:58:35:901 169084 169731 1
18-07-2017-17:58:35:936 169731 170378 1
18-07-2017-17:58:35:982 170378 171025 1
18-07-2017-17:58:36:018 171025 171672 1
18-07-2017-17:58:36:065 171672 172319 1
18-07-2017-17:58:36:099 172319 172966 1
18-07-2017-17:58:36:145 172966 173613 1
18-07-2017-17:58:36:181 173613 174260 1
18-07-2017-17:58:36:229 174260 174907 1
18-07-2017-17:58:36:263 174907 175554 1
18-07-2017-17:58:36:308 175554 176201 1
18-07-2017-17:58:36:344 176201 176848 1
18-07-2017-17:58:36:386 176848 177495 1
18-07-2017-17:58:36:422 177495 178142 1
18-07-2017-17:58:36:469 178142 178789 1
18-07-2017-17:58:36:502 178789 179436 1
18-07-2017-17:58:36:550 179436 180083 1
18-07-2017-17:58:36:584 180083 180730 1
18-07-2017-17:58:36:631 180730 181377 1
18-07-2017-17:58:36:666 181377 182024 1
18-07-2017-17:58:36:712 182024 182671 1
18-07-2017-17:58:36:748 182671 183318 1
18-07-2017-17:58:36:794 183318 183965 1
18-07-2017-17:58:36:829 183965 184612 1
18-07-2017-17:58:36:872 184612 185259 1
18-07-2017-17:58:36:916 185259 185906 1
18-07-2017-17:58:36:950 185906 186553 1
18-07-2017-17:58:36:998 186553 187200 1
18-07-2017-17:58:37:032 187200 187847 1
18-07-2017-17:58:37:067 187847 188494 1
18-07-2017-17:58:37:114 188494 189141 1
18-07-2017-17:58:37:149 189141 189788 1
18-07-2017-17:58:37:194 189788 190435 1
18-07-2017-17:58:37:230 190435 191082 1
18-07-2017-17:58:37:278 191082 191729 1
18-07-2017-17:58:37:311 191729 192376 1
18-07-2017-17:58:37:359 192376 193023 1
18-07-2017-17:58:37:393 193023 193670 1
18-07-2017-17:58:37:441 193670 194317 1
18-07-2017-17:58:37:474 194317 194964 1
18-07-2017-17:58:37:522 194964 195611 1
18-07-2017-17:58:37:557 195611 196258 1
18-07-2017-17:58:37:603 196258 196905 1
18-07-2017-17:58:37:639 196905 197552 1
18-07-2017-17:58:37:672 197552 198199 1
18-07-2017-17:58:37:721 198199 198846 1
18-07-2017-17:58:37:756 198846 199493 1
18-07-2017-17:58:37:802 199493 200140 1
18-07-2017-17:58:37:837 200140 200787 1
18-07-2017-17:58:37:882 200787 201434 1
18-07-2017-17:58:37:918 201434 202081 1
18-07-2017-17:58:37:966 202081 202728 1
18-07-2017-17:58:38:000 202728 203375 1
18-07-2017-17:58:38:047 203375 204022 1
18-07-2017-17:58:38:081 204022 204669 1
18-07-2017-17:58:38:129 204669 205316 1
18-07-2017-17:58:38:171 205316 205963 1
18-07-2017-17:58:38:206 205963 206610 1
18-07-2017-17:58:38:240 206610 207257 1
18-07-2017-17:58:38:287 207257 207904 1
18-07-2017-17:58:38:322 207904 208551 1
18-07-2017-17:58:38:368 208551 209198 1
18-07-2017-17:58:38:402 209198 209845 1
18-07-2017-17:58:38:450 209845 210492 1
18-07-2017-17:58:38:486 210492 211139 1
18-07-2017-17:58:38:531 211139 211786 1
18-07-2017-17:58:38:567 211786 212433 1
18-07-2017-17:58:38:613 212433 213080 1
18-07-2017-17:58:38:651 213080 213727 1
18-07-2017-17:58:38:687 213727 214374 1
18-07-2017-17:58:38:734 214374 215021 1
18-07-2017-17:58:38:770 215021 215668 1
18-07-2017-17:58:38:817 215668 216315 1
18-07-2017-17:58:38:849 216315 216962 1
18-07-2017-17:58:38:897 216962 217609 1
18-07-2017-17:58:38:933 217609 218256 1
18-07-2017-17:58:38:979 218256 218903 1
18-07-2017-17:58:39:016 218903 219550 1
18-07-2017-17:58:39:050 219550 220197 1
18-07-2017-17:58:39:095 220197 220844 1
18-07-2017-17:58:39:131 220844 221491 1
18-07-2017-17:58:39:178 221491 222138 1
18-07-2017-17:58:39:213 222138 222785 1
18-07-2017-17:58:39:258 222785 223432 1
18-07-2017-17:58:39:293 223432 224079 1
18-07-2017-17:58:39:340 224079 224726 1
18-07-2017-17:58:39:375 224726 225373 1
18-07-2017-17:58:39:422 225373 226020 1
18-07-2017-17:58:39:456 226020 226667 1
18-07-2017-17:58:39:504 226667 227314 1
18-07-2017-17:58:39:538 227314 227961 1
18-07-2017-17:58:39:584 227961 228608 1
18-07-2017-17:58:39:627 228608 229255 1
18-07-2017-17:58:39:655 229255 229902 1
18-07-2017-17:58:39:702 229902 230549 1
18-07-2017-17:58:39:736 230549 231196 1
18-07-2017-17:58:39:784 231196 231843 1
18-07-2017-17:58:39:817 231843 232490 1
18-07-2017-17:58:39:859 232490 233137 1
18-07-2017-17:58:39:905 233137 233784 1
18-07-2017-17:58:39:939 233784 234431 1
18-07-2017-17:58:39:987 234431 235078 1
18-07-2017-17:58:40:189 235078 235725 1
18-07-2017-17:58:40:191 235725 236372 1
18-07-2017-17:58:40:191 236372 237019 1
18-07-2017-17:58:40:191 237019 237666 1
18-07-2017-17:58:40:194 237666 238313 1
18-07-2017-17:58:40:232 238313 238960 1
18-07-2017-17:58:40:263 238960 239607 1
18-07-2017-17:58:40:309 239607 240254 1
18-07-2017-17:58:40:343 240254 240901 1
18-07-2017-17:58:40:390 240901 241548 1
18-07-2017-17:58:40:425 241548 242195 1
18-07-2017-17:58:40:472 242195 242842 1
18-07-2017-17:58:40:506 242842 243489 1
18-07-2017-17:58:40:553 243489 244136 1
18-07-2017-17:58:40:589 244136 244783 1
18-07-2017-17:58:40:636 244783 245430 1
18-07-2017-17:58:40:672 245430 246077 1
18-07-2017-17:58:40:718 246077 246724 1
18-07-2017-17:58:40:752 246724 247371 1
18-07-2017-17:58:40:798 247371 248018 1
18-07-2017-17:58:40:833 248018 248665 1
18-07-2017-17:58:40:869 248665 249312 1
18-07-2017-17:58:40:915 249312 249959 1
18-07-2017-17:58:40:950 249959 250606 1
18-07-2017-17:58:40:996 250606 251253 1
18-07-2017-17:58:41:035 251253 251900 1
18-07-2017-17:58:41:083 251900 252547 1
18-07-2017-17:58:41:119 252547 253194 1
18-07-2017-17:58:41:161 253194 253841 1
18-07-2017-17:58:41:197 253841 254488 1
18-07-2017-17:58:41:243 254488 255135 1
18-07-2017-17:58:41:278 255135 255782 1
18-07-2017-17:58:41:324 255782 256429 1
18-07-2017-17:58:41:359 256429 257076 1
18-07-2017-17:58:41:550 257076 257723 1
18-07-2017-17:58:41:551 257723 258370 1
18-07-2017-17:58:41:551 258370 259017 1
18-07-2017-17:58:41:551 259017 259664 1
18-07-2017-17:58:41:564 259664 260311 1
18-07-2017-17:58:41:599 260311 260958 1
18-07-2017-17:58:41:645 260958 261605 1
18-07-2017-17:58:41:681 261605 262252 1
18-07-2017-17:58:41:728 262252 262899 1
18-07-2017-17:58:41:762 262899 263546 1
18-07-2017-17:58:41:812 263546 264193 1
18-07-2017-17:58:41:843 264193 264840 1
18-07-2017-17:58:41:879 264840 265487 1
18-07-2017-17:58:41:925 265487 266134 1
18-07-2017-17:58:41:960 266134 266781 1
18-07-2017-17:58:42:013 266781 267427 1
18-07-2017-17:58:42:052 267427 268073 1
18-07-2017-17:58:42:086 268073 268719 1
18-07-2017-17:58:42:132 268719 269365 1
18-07-2017-17:58:42:168 269365 270011 1
18-07-2017-17:58:42:204 270011 270657 1
18-07-2017-17:58:42:249 270657 271303 1
18-07-2017-17:58:42:285 271303 271949 1
18-07-2017-17:58:42:332 271949 272595 1
18-07-2017-17:58:42:367 272595 273241 1
18-07-2017-17:58:42:413 273241 273887 1
18-07-2017-17:58:42:449 273887 274533 1
18-07-2017-17:58:42:498 274533 275179 1
18-07-2017-17:58:42:538 275179 275825 1
18-07-2017-17:58:42:570 275825 276471 1
18-07-2017-17:58:42:620 276471 277117 1
18-07-2017-17:58:42:652 277117 277763 1
18-07-2017-17:58:42:686 277763 278409 1
18-07-2017-17:58:42:729 278409 279055 1
18-07-2017-17:58:42:771 279055 279701 1
18-07-2017-17:58:42:822 279701 280347 1
18-07-2017-17:58:42:856 280347 280993 1
18-07-2017-17:58:42:900 280993 281639 1
18-07-2017-17:58:42:934 281639 282285 1
18-07-2017-17:58:42:968 282285 282931 1
18-07-2017-17:58:43:018 282931 283577 1
18-07-2017-17:58:43:051 283577 284223 1
18-07-2017-17:58:43:103 284223 284869 1
18-07-2017-17:58:43:134 284869 285515 1
18-07-2017-17:58:43:177 285515 286161 1
18-07-2017-17:58:43:212 286161 286807 1
18-07-2017-17:58:43:258 286807 287453 1
18-07-2017-17:58:43:293 287453 288099 1
18-07-2017-17:58:43:341 288099 288745 1
18-07-2017-17:58:43:376 288745 289391 1
18-07-2017-17:58:43:422 289391 290037 1
18-07-2017-17:58:43:456 290037 290683 1
18-07-2017-17:58:43:504 290683 291329 1
18-07-2017-17:58:43:539 291329 291975 1
18-07-2017-17:58:43:585 291975 292621 1
18-07-2017-17:58:43:621 292621 293267 1
18-07-2017-17:58:43:667 293267 293913 1
18-07-2017-17:58:43:702 293913 294559 1
18-07-2017-17:58:43:737 294559 295205 1
18-07-2017-17:58:43:783 295205 295851 1
18-07-2017-17:58:43:819 295851 296497 1
18-07-2017-17:58:43:864 296497 297143 1
18-07-2017-17:58:43:900 297143 297789 1
18-07-2017-17:58:43:947 297789 298435 1
18-07-2017-17:58:43:982 298435 299081 1
18-07-2017-17:58:44:028 299081 299727 1
18-07-2017-17:58:44:062 299727 300373 1
18-07-2017-17:58:44:110 300373 301019 1
18-07-2017-17:58:44:144 301019 301665 1
18-07-2017-17:58:44:192 301665 302311 1
18-07-2017-17:58:44:226 302311 302957 1
18-07-2017-17:58:44:262 302957 303603 1
18-07-2017-17:58:44:308 303603 304249 1
18-07-2017-17:58:44:342 304249 304895 1
18-07-2017-17:58:44:383 304895 305541 1
18-07-2017-17:58:44:431 305541 306187 1
18-07-2017-17:58:44:464 306187 306833 1
18-07-2017-17:58:44:511 306833 307479 1
18-07-2017-17:58:44:680 307479 308125 1
18-07-2017-17:58:44:681 308125 308771 1
18-07-2017-17:58:44:681 308771 309417 1
18-07-2017-17:58:44:681 309417 310063 1
18-07-2017-17:58:44:707 310063 310709 1
18-07-2017-17:58:44:752 310709 311355 1
18-07-2017-17:58:44:788 311355 312001 1
18-07-2017-17:58:44:835 312001 312647 1
18-07-2017-17:58:44:871 312647 313293 1
18-07-2017-17:58:44:916 313293 313939 1
18-07-2017-17:58:44:951 313939 314585 1
