18-07-2017-18:26:34:105 0 760 1
18-07-2017-18:26:34:155 760 1520 1
18-07-2017-18:26:34:201 1520 2280 1
18-07-2017-18:26:34:242 2280 3040 1
18-07-2017-18:26:34:289 3040 3800 1
18-07-2017-18:26:34:335 3800 4560 1
18-07-2017-18:26:34:386 4560 5320 1
18-07-2017-18:26:34:432 5320 6080 1
18-07-2017-18:26:34:478 6080 6840 1
18-07-2017-18:26:34:524 6840 7600 1
18-07-2017-18:26:34:572 7600 8360 1
18-07-2017-18:26:34:624 8360 9107 1
18-07-2017-18:26:34:665 9107 9854 1
18-07-2017-18:26:34:718 9854 10600 1
18-07-2017-18:26:34:761 10600 11346 1
18-07-2017-18:26:34:809 11346 12092 1
18-07-2017-18:26:34:862 12092 12814 1
18-07-2017-18:26:34:900 12814 13536 1
18-07-2017-18:26:34:947 13536 14258 1
18-07-2017-18:26:34:993 14258 14980 1
18-07-2017-18:26:35:041 14980 15702 1
18-07-2017-18:26:35:086 15702 16424 1
18-07-2017-18:26:35:127 16424 17146 1
18-07-2017-18:26:35:172 17146 17868 1
18-07-2017-18:26:35:214 17868 18590 1
18-07-2017-18:26:35:260 18590 19312 1
18-07-2017-18:26:35:309 19312 20034 1
18-07-2017-18:26:35:348 20034 20756 1
18-07-2017-18:26:35:393 20756 21478 1
18-07-2017-18:26:35:445 21478 22187 1
18-07-2017-18:26:35:494 22187 22896 1
18-07-2017-18:26:35:528 22896 23605 1
18-07-2017-18:26:35:580 23605 24314 1
18-07-2017-18:26:35:618 24314 25023 1
18-07-2017-18:26:35:661 25023 25732 1
18-07-2017-18:26:35:708 25732 26441 1
18-07-2017-18:26:35:755 26441 27150 1
18-07-2017-18:26:35:802 27150 27859 1
18-07-2017-18:26:35:837 27859 28568 1
18-07-2017-18:26:35:884 28568 29277 1
18-07-2017-18:26:35:930 29277 29986 1
18-07-2017-18:26:35:976 29986 30695 1
18-07-2017-18:26:36:024 30695 31404 1
18-07-2017-18:26:36:059 31404 32113 1
18-07-2017-18:26:36:104 32113 32822 1
18-07-2017-18:26:36:158 32822 33531 1
18-07-2017-18:26:36:200 33531 34240 1
18-07-2017-18:26:36:249 34240 34949 1
18-07-2017-18:26:36:280 34949 35658 1
18-07-2017-18:26:36:326 35658 36367 1
18-07-2017-18:26:36:373 36367 37076 1
18-07-2017-18:26:36:419 37076 37785 1
18-07-2017-18:26:36:467 37785 38494 1
18-07-2017-18:26:36:501 38494 39203 1
18-07-2017-18:26:36:548 39203 39912 1
18-07-2017-18:26:36:594 39912 40621 1
18-07-2017-18:26:36:633 40621 41330 1
18-07-2017-18:26:36:679 41330 42039 1
18-07-2017-18:26:36:727 42039 42748 1
18-07-2017-18:26:36:773 42748 43457 1
18-07-2017-18:26:36:820 43457 44166 1
18-07-2017-18:26:36:856 44166 44875 1
18-07-2017-18:26:36:902 44875 45584 1
18-07-2017-18:26:36:949 45584 46293 1
18-07-2017-18:26:36:988 46293 47002 1
18-07-2017-18:26:37:041 47002 47694 1
18-07-2017-18:26:37:077 47694 48386 1
18-07-2017-18:26:37:124 48386 49078 1
18-07-2017-18:26:37:169 49078 49770 1
18-07-2017-18:26:37:415 49770 50462 1
18-07-2017-18:26:37:416 50462 51154 1
18-07-2017-18:26:37:416 51154 51846 1
18-07-2017-18:26:37:417 51846 52538 1
18-07-2017-18:26:37:417 52538 53230 1
18-07-2017-18:26:37:426 53230 53922 1
18-07-2017-18:26:37:474 53922 54614 1
18-07-2017-18:26:37:508 54614 55306 1
18-07-2017-18:26:37:554 55306 55998 1
18-07-2017-18:26:37:603 55998 56690 1
18-07-2017-18:26:37:637 56690 57382 1
18-07-2017-18:26:37:683 57382 58074 1
18-07-2017-18:26:37:730 58074 58766 1
18-07-2017-18:26:37:776 58766 59458 1
18-07-2017-18:26:37:812 59458 60150 1
18-07-2017-18:26:37:888 60150 60842 1
18-07-2017-18:26:37:905 60842 61534 1
18-07-2017-18:26:37:941 61534 62226 1
18-07-2017-18:26:37:988 62226 62918 1
18-07-2017-18:26:38:034 62918 63610 1
18-07-2017-18:26:38:068 63610 64302 1
18-07-2017-18:26:38:115 64302 64994 1
18-07-2017-18:26:38:161 64994 65686 1
