18-07-2017-18:00:11:876 0 800 1
18-07-2017-18:00:11:929 800 1547 1
18-07-2017-18:00:11:974 1547 2294 1
18-07-2017-18:00:12:019 2294 3041 1
18-07-2017-18:00:12:071 3041 3788 1
18-07-2017-18:00:12:111 3788 4535 1
18-07-2017-18:00:12:158 4535 5282 1
18-07-2017-18:00:12:206 5282 6029 1
18-07-2017-18:00:12:249 6029 6776 1
18-07-2017-18:00:12:297 6776 7523 1
18-07-2017-18:00:12:343 7523 8270 1
18-07-2017-18:00:12:391 8270 9017 1
18-07-2017-18:00:12:436 9017 9764 1
18-07-2017-18:00:12:484 9764 10511 1
18-07-2017-18:00:12:530 10511 11258 1
18-07-2017-18:00:12:576 11258 12005 1
18-07-2017-18:00:12:624 12005 12752 1
18-07-2017-18:00:12:671 12752 13499 1
18-07-2017-18:00:12:717 13499 14246 1
18-07-2017-18:00:12:764 14246 14993 1
18-07-2017-18:00:12:810 14993 15740 1
18-07-2017-18:00:12:857 15740 16487 1
18-07-2017-18:00:12:903 16487 17234 1
18-07-2017-18:00:12:950 17234 17981 1
18-07-2017-18:00:12:996 17981 18728 1
18-07-2017-18:00:13:042 18728 19475 1
18-07-2017-18:00:13:091 19475 20222 1
18-07-2017-18:00:13:137 20222 20969 1
18-07-2017-18:00:13:188 20969 21716 1
18-07-2017-18:00:13:230 21716 22463 1
18-07-2017-18:00:13:281 22463 23174 1
18-07-2017-18:00:13:328 23174 23885 1
18-07-2017-18:00:13:366 23885 24596 1
18-07-2017-18:00:13:411 24596 25307 1
18-07-2017-18:00:13:457 25307 26018 1
18-07-2017-18:00:13:505 26018 26729 1
18-07-2017-18:00:13:539 26729 27440 1
18-07-2017-18:00:13:585 27440 28151 1
18-07-2017-18:00:13:633 28151 28862 1
18-07-2017-18:00:13:679 28862 29573 1
18-07-2017-18:00:13:726 29573 30284 1
18-07-2017-18:00:13:772 30284 30995 1
18-07-2017-18:00:13:806 30995 31706 1
18-07-2017-18:00:13:853 31706 32417 1
18-07-2017-18:00:13:900 32417 33128 1
18-07-2017-18:00:13:946 33128 33839 1
18-07-2017-18:00:13:994 33839 34550 1
18-07-2017-18:00:14:029 34550 35261 1
18-07-2017-18:00:14:075 35261 35972 1
18-07-2017-18:00:14:120 35972 36683 1
18-07-2017-18:00:14:168 36683 37394 1
18-07-2017-18:00:14:208 37394 38105 1
18-07-2017-18:00:14:258 38105 38816 1
18-07-2017-18:00:14:305 38816 39527 1
18-07-2017-18:00:14:343 39527 40238 1
18-07-2017-18:00:14:393 40238 40949 1
18-07-2017-18:00:14:429 40949 41660 1
18-07-2017-18:00:14:474 41660 42371 1
18-07-2017-18:00:14:521 42371 43082 1
18-07-2017-18:00:14:584 43082 43793 1
18-07-2017-18:00:14:620 43793 44504 1
18-07-2017-18:00:14:653 44504 45215 1
18-07-2017-18:00:14:701 45215 45926 1
18-07-2017-18:00:14:741 45926 46637 1
18-07-2017-18:00:14:791 46637 47348 1
18-07-2017-18:00:14:837 47348 48059 1
18-07-2017-18:00:14:872 48059 48770 1
18-07-2017-18:00:14:919 48770 49481 1
18-07-2017-18:00:14:966 49481 50192 1
18-07-2017-18:00:15:040 50192 50903 1
18-07-2017-18:00:15:057 50903 51614 1
18-07-2017-18:00:15:104 51614 52325 1
18-07-2017-18:00:15:140 52325 53036 1
18-07-2017-18:00:15:186 53036 53747 1
18-07-2017-18:00:15:237 53747 54458 1
18-07-2017-18:00:15:281 54458 55169 1
18-07-2017-18:00:15:331 55169 55880 1
18-07-2017-18:00:15:361 55880 56591 1
18-07-2017-18:00:15:408 56591 57302 1
18-07-2017-18:00:15:455 57302 58013 1
18-07-2017-18:00:15:508 58013 58720 1
18-07-2017-18:00:15:545 58720 59427 1
18-07-2017-18:00:15:591 59427 60134 1
18-07-2017-18:00:15:637 60134 60841 1
18-07-2017-18:00:15:673 60841 61548 1
18-07-2017-18:00:15:719 61548 62255 1
18-07-2017-18:00:15:765 62255 62962 1
18-07-2017-18:00:15:813 62962 63669 1
18-07-2017-18:00:15:847 63669 64376 1
18-07-2017-18:00:15:898 64376 65083 1
18-07-2017-18:00:15:941 65083 65790 1
18-07-2017-18:00:15:988 65790 66497 1
18-07-2017-18:00:16:033 66497 67204 1
18-07-2017-18:00:16:069 67204 67911 1
18-07-2017-18:00:16:116 67911 68618 1
18-07-2017-18:00:16:163 68618 69325 1
18-07-2017-18:00:16:209 69325 70032 1
18-07-2017-18:00:16:256 70032 70739 1
18-07-2017-18:00:16:291 70739 71446 1
18-07-2017-18:00:16:337 71446 72153 1
18-07-2017-18:00:16:385 72153 72860 1
18-07-2017-18:00:16:430 72860 73567 1
18-07-2017-18:00:16:489 73567 74274 1
18-07-2017-18:00:16:521 74274 74981 1
