18-07-2017-17:55:02:412 0 718 1
18-07-2017-17:55:02:449 718 1436 1
18-07-2017-17:55:02:495 1436 2154 1
18-07-2017-17:55:02:545 2154 2872 1
18-07-2017-17:55:02:580 2872 3590 1
18-07-2017-17:55:02:627 3590 4308 1
18-07-2017-17:55:02:676 4308 5026 1
18-07-2017-17:55:02:723 5026 5744 1
18-07-2017-17:55:02:773 5744 6462 1
18-07-2017-17:55:02:813 6462 7180 1
18-07-2017-17:55:02:858 7180 7898 1
18-07-2017-17:55:02:905 7898 8616 1
18-07-2017-17:55:02:941 8616 9334 1
18-07-2017-17:55:02:987 9334 10052 1
18-07-2017-17:55:03:031 10052 10770 1
18-07-2017-17:55:03:084 10770 11488 1
18-07-2017-17:55:03:128 11488 12206 1
18-07-2017-17:55:03:169 12206 12924 1
18-07-2017-17:55:03:223 12924 13642 1
18-07-2017-17:55:03:271 13642 14360 1
18-07-2017-17:55:03:306 14360 15078 1
18-07-2017-17:55:03:352 15078 15796 1
18-07-2017-17:55:03:400 15796 16514 1
18-07-2017-17:55:03:435 16514 17232 1
18-07-2017-17:55:03:482 17232 17950 1
18-07-2017-17:55:03:534 17950 18632 1
18-07-2017-17:55:03:569 18632 19314 1
18-07-2017-17:55:03:614 19314 19996 1
18-07-2017-17:55:03:663 19996 20678 1
18-07-2017-17:55:03:700 20678 21360 1
18-07-2017-17:55:03:735 21360 22042 1
18-07-2017-17:55:03:781 22042 22724 1
18-07-2017-17:55:03:828 22724 23406 1
18-07-2017-17:55:03:864 23406 24088 1
18-07-2017-17:55:03:909 24088 24770 1
18-07-2017-17:55:03:957 24770 25452 1
18-07-2017-17:55:03:992 25452 26134 1
18-07-2017-17:55:04:038 26134 26816 1
18-07-2017-17:55:04:085 26816 27498 1
18-07-2017-17:55:04:119 27498 28180 1
18-07-2017-17:55:04:167 28180 28862 1
18-07-2017-17:55:04:216 28862 29544 1
18-07-2017-17:55:04:253 29544 30226 1
18-07-2017-17:55:04:299 30226 30908 1
18-07-2017-17:55:04:333 30908 31590 1
18-07-2017-17:55:04:379 31590 32272 1
18-07-2017-17:55:04:427 32272 32954 1
18-07-2017-17:55:04:462 32954 33636 1
18-07-2017-17:55:04:508 33636 34318 1
18-07-2017-17:55:04:557 34318 35000 1
18-07-2017-17:55:04:596 35000 35682 1
18-07-2017-17:55:04:632 35682 36364 1
18-07-2017-17:55:04:678 36364 37046 1
18-07-2017-17:55:04:723 37046 37728 1
18-07-2017-17:55:04:761 37728 38410 1
18-07-2017-17:55:04:806 38410 39092 1
18-07-2017-17:55:04:853 39092 39774 1
18-07-2017-17:55:04:894 39774 40456 1
18-07-2017-17:55:04:927 40456 41138 1
18-07-2017-17:55:04:975 41138 41820 1
18-07-2017-17:55:05:020 41820 42502 1
18-07-2017-17:55:05:073 42502 43184 1
18-07-2017-17:55:05:103 43184 43866 1
18-07-2017-17:55:05:149 43866 44548 1
18-07-2017-17:55:05:184 44548 45230 1
18-07-2017-17:55:05:230 45230 45912 1
18-07-2017-17:55:05:277 45912 46594 1
18-07-2017-17:55:05:312 46594 47276 1
18-07-2017-17:55:05:359 47276 47958 1
18-07-2017-17:55:05:405 47958 48640 1
18-07-2017-17:55:05:442 48640 49322 1
18-07-2017-17:55:05:494 49322 49966 1
18-07-2017-17:55:05:527 49966 50610 1
18-07-2017-17:55:05:565 50610 51254 1
18-07-2017-17:55:05:612 51254 51898 1
18-07-2017-17:55:05:819 51898 52542 1
18-07-2017-17:55:05:820 52542 53186 1
18-07-2017-17:55:05:820 53186 53830 1
18-07-2017-17:55:05:820 53830 54474 1
18-07-2017-17:55:05:820 54474 55118 1
18-07-2017-17:55:05:845 55118 55762 1
18-07-2017-17:55:05:892 55762 56406 1
18-07-2017-17:55:05:926 56406 57050 1
18-07-2017-17:55:05:973 57050 57694 1
18-07-2017-17:55:06:008 57694 58338 1
18-07-2017-17:55:06:055 58338 58982 1
18-07-2017-17:55:06:090 58982 59626 1
18-07-2017-17:55:06:125 59626 60270 1
18-07-2017-17:55:06:172 60270 60914 1
18-07-2017-17:55:06:206 60914 61558 1
18-07-2017-17:55:06:254 61558 62202 1
18-07-2017-17:55:06:288 62202 62846 1
18-07-2017-17:55:06:335 62846 63490 1
18-07-2017-17:55:06:369 63490 64134 1
18-07-2017-17:55:06:420 64134 64778 1
18-07-2017-17:55:06:454 64778 65422 1
18-07-2017-17:55:06:490 65422 66066 1
18-07-2017-17:55:06:537 66066 66710 1
18-07-2017-17:55:06:570 66710 67354 1
18-07-2017-17:55:06:618 67354 67998 1
18-07-2017-17:55:06:654 67998 68642 1
18-07-2017-17:55:06:688 68642 69286 1
18-07-2017-17:55:06:738 69286 69930 1
18-07-2017-17:55:06:773 69930 70574 1
18-07-2017-17:55:06:809 70574 71218 1
18-07-2017-17:55:06:855 71218 71862 1
18-07-2017-17:55:06:891 71862 72506 1
18-07-2017-17:55:06:937 72506 73150 1
18-07-2017-17:55:06:972 73150 73794 1
18-07-2017-17:55:07:017 73794 74438 1
18-07-2017-17:55:07:052 74438 75082 1
18-07-2017-17:55:07:100 75082 75726 1
18-07-2017-17:55:07:135 75726 76370 1
18-07-2017-17:55:07:181 76370 77014 1
18-07-2017-17:55:07:216 77014 77658 1
18-07-2017-17:55:07:252 77658 78302 1
18-07-2017-17:55:07:297 78302 78946 1
18-07-2017-17:55:07:333 78946 79590 1
18-07-2017-17:55:07:381 79590 80234 1
18-07-2017-17:55:07:415 80234 80878 1
18-07-2017-17:55:07:462 80878 81522 1
18-07-2017-17:55:07:500 81522 82166 1
18-07-2017-17:55:07:542 82166 82810 1
18-07-2017-17:55:07:578 82810 83454 1
18-07-2017-17:55:07:614 83454 84098 1
18-07-2017-17:55:07:660 84098 84742 1
18-07-2017-17:55:07:695 84742 85386 1
18-07-2017-17:55:07:744 85386 86030 1
18-07-2017-17:55:07:776 86030 86674 1
18-07-2017-17:55:07:824 86674 87318 1
18-07-2017-17:55:07:857 87318 87962 1
18-07-2017-17:55:07:905 87962 88606 1
18-07-2017-17:55:07:941 88606 89250 1
18-07-2017-17:55:07:975 89250 89894 1
18-07-2017-17:55:08:023 89894 90538 1
18-07-2017-17:55:08:060 90538 91182 1
18-07-2017-17:55:08:104 91182 91826 1
18-07-2017-17:55:08:140 91826 92470 1
18-07-2017-17:55:08:186 92470 93114 1
18-07-2017-17:55:08:220 93114 93758 1
18-07-2017-17:55:08:267 93758 94402 1
18-07-2017-17:55:08:324 94402 95046 1
18-07-2017-17:55:08:343 95046 95690 1
18-07-2017-17:55:08:381 95690 96334 1
18-07-2017-17:55:08:433 96334 96978 1
18-07-2017-17:55:08:462 96978 97622 1
18-07-2017-17:55:08:509 97622 98266 1
18-07-2017-17:55:08:545 98266 98910 1
18-07-2017-17:55:09:259 98910 99554 1
18-07-2017-17:55:09:260 99554 100198 1
18-07-2017-17:55:09:260 100198 100842 1
18-07-2017-17:55:09:260 100842 101486 1
18-07-2017-17:55:09:260 101486 102130 1
18-07-2017-17:55:09:260 102130 102774 1
18-07-2017-17:55:09:260 102774 103418 1
18-07-2017-17:55:09:260 103418 104062 1
18-07-2017-17:55:09:260 104062 104706 1
18-07-2017-17:55:09:260 104706 105350 1
18-07-2017-17:55:09:260 105350 105994 1
18-07-2017-17:55:09:260 105994 106638 1
18-07-2017-17:55:09:261 106638 107282 1
18-07-2017-17:55:09:261 107282 107926 1
18-07-2017-17:55:09:261 107926 108570 1
18-07-2017-17:55:09:261 108570 109214 1
18-07-2017-17:55:09:261 109214 109858 1
18-07-2017-17:55:09:282 109858 110502 1
18-07-2017-17:55:09:308 110502 111146 1
18-07-2017-17:55:09:354 111146 111790 1
18-07-2017-17:55:09:388 111790 112434 1
18-07-2017-17:55:09:437 112434 113078 1
18-07-2017-17:55:09:470 113078 113722 1
18-07-2017-17:55:09:506 113722 114366 1
18-07-2017-17:55:09:553 114366 115010 1
18-07-2017-17:55:09:588 115010 115654 1
18-07-2017-17:55:09:634 115654 116298 1
18-07-2017-17:55:09:669 116298 116942 1
18-07-2017-17:55:09:716 116942 117586 1
18-07-2017-17:55:09:751 117586 118230 1
18-07-2017-17:55:09:798 118230 118874 1
18-07-2017-17:55:09:833 118874 119518 1
18-07-2017-17:55:09:868 119518 120162 1
18-07-2017-17:55:09:914 120162 120806 1
18-07-2017-17:55:09:949 120806 121450 1
18-07-2017-17:55:10:044 121450 122094 1
18-07-2017-17:55:10:045 122094 122738 1
18-07-2017-17:55:10:077 122738 123382 1
18-07-2017-17:55:10:112 123382 124026 1
18-07-2017-17:55:10:159 124026 124670 1
18-07-2017-17:55:10:198 124670 125314 1
18-07-2017-17:55:10:237 125314 125958 1
18-07-2017-17:55:10:273 125958 126602 1
18-07-2017-17:55:10:320 126602 127246 1
18-07-2017-17:55:10:354 127246 127890 1
18-07-2017-17:55:10:401 127890 128534 1
18-07-2017-17:55:10:436 128534 129178 1
18-07-2017-17:55:10:483 129178 129822 1
18-07-2017-17:55:10:518 129822 130466 1
18-07-2017-17:55:10:557 130466 131110 1
18-07-2017-17:55:10:599 131110 131754 1
18-07-2017-17:55:10:643 131754 132398 1
18-07-2017-17:55:10:681 132398 133042 1
18-07-2017-17:55:10:716 133042 133686 1
18-07-2017-17:55:10:763 133686 134330 1
18-07-2017-17:55:10:797 134330 134974 1
18-07-2017-17:55:10:845 134974 135618 1
18-07-2017-17:55:10:879 135618 136262 1
18-07-2017-17:55:10:913 136262 136906 1
18-07-2017-17:55:10:961 136906 137550 1
18-07-2017-17:55:10:997 137550 138194 1
18-07-2017-17:55:11:043 138194 138838 1
18-07-2017-17:55:11:077 138838 139482 1
18-07-2017-17:55:11:125 139482 140126 1
18-07-2017-17:55:11:158 140126 140770 1
18-07-2017-17:55:11:205 140770 141414 1
18-07-2017-17:55:11:242 141414 142058 1
18-07-2017-17:55:11:287 142058 142702 1
18-07-2017-17:55:11:323 142702 143346 1
18-07-2017-17:55:11:358 143346 143990 1
18-07-2017-17:55:11:404 143990 144634 1
