18-07-2017-17:46:40:280 0 800 1
18-07-2017-17:46:40:332 800 1600 1
18-07-2017-17:46:40:385 1600 2374 1
18-07-2017-17:46:40:437 2374 3094 1
18-07-2017-17:46:40:478 3094 3814 1
18-07-2017-17:46:40:518 3814 4534 1
18-07-2017-17:46:40:558 4534 5254 1
18-07-2017-17:46:40:604 5254 5974 1
18-07-2017-17:46:40:657 5974 6622 1
18-07-2017-17:46:40:695 6622 7270 1
18-07-2017-17:46:40:730 7270 7918 1
18-07-2017-17:46:40:766 7918 8566 1
18-07-2017-17:46:40:813 8566 9214 1
18-07-2017-17:46:40:847 9214 9862 1
18-07-2017-17:46:40:903 9862 10510 1
18-07-2017-17:46:40:930 10510 11158 1
18-07-2017-17:46:40:983 11158 11806 1
18-07-2017-17:46:41:267 11806 12454 1
18-07-2017-17:46:41:267 12454 13102 1
18-07-2017-17:46:41:267 13102 13750 1
18-07-2017-17:46:41:267 13750 14398 1
18-07-2017-17:46:41:278 14398 15046 1
18-07-2017-17:46:41:278 15046 15694 1
18-07-2017-17:46:41:278 15694 16342 1
18-07-2017-17:46:41:292 16342 16990 1
18-07-2017-17:46:41:344 16990 17638 1
18-07-2017-17:46:41:375 17638 18286 1
18-07-2017-17:46:41:422 18286 18934 1
18-07-2017-17:46:41:455 18934 19582 1
18-07-2017-17:46:41:502 19582 20230 1
18-07-2017-17:46:41:540 20230 20878 1
18-07-2017-17:46:41:580 20878 21526 1
18-07-2017-17:46:41:622 21526 22174 1
18-07-2017-17:46:41:663 22174 22822 1
18-07-2017-17:46:41:703 22822 23470 1
18-07-2017-17:46:41:739 23470 24118 1
18-07-2017-17:46:41:785 24118 24766 1
18-07-2017-17:46:41:820 24766 25414 1
18-07-2017-17:46:41:867 25414 26062 1
18-07-2017-17:46:41:901 26062 26710 1
18-07-2017-17:46:41:948 26710 27358 1
18-07-2017-17:46:41:982 27358 28006 1
18-07-2017-17:46:42:034 28006 28654 1
18-07-2017-17:46:42:067 28654 29302 1
18-07-2017-17:46:42:109 29302 29950 1
18-07-2017-17:46:42:152 29950 30598 1
18-07-2017-17:46:42:188 30598 31246 1
18-07-2017-17:46:42:224 31246 31894 1
18-07-2017-17:46:42:271 31894 32542 1
18-07-2017-17:46:42:304 32542 33190 1
18-07-2017-17:46:42:352 33190 33838 1
18-07-2017-17:46:42:495 33838 34486 1
18-07-2017-17:46:42:495 34486 35134 1
18-07-2017-17:46:42:495 35134 35782 1
18-07-2017-17:46:42:527 35782 36430 1
18-07-2017-17:46:42:550 36430 37078 1
18-07-2017-17:46:42:597 37078 37726 1
18-07-2017-17:46:42:632 37726 38374 1
18-07-2017-17:46:42:669 38374 39022 1
18-07-2017-17:46:42:716 39022 39670 1
18-07-2017-17:46:42:750 39670 40318 1
18-07-2017-17:46:42:797 40318 40966 1
18-07-2017-17:46:42:832 40966 41614 1
18-07-2017-17:46:42:882 41614 42262 1
18-07-2017-17:46:42:922 42262 42910 1
18-07-2017-17:46:42:966 42910 43558 1
18-07-2017-17:46:42:999 43558 44206 1
18-07-2017-17:46:43:043 44206 44854 1
18-07-2017-17:46:43:076 44854 45502 1
18-07-2017-17:46:43:126 45502 46150 1
18-07-2017-17:46:43:158 46150 46798 1
18-07-2017-17:46:43:204 46798 47446 1
18-07-2017-17:46:43:239 47446 48094 1
18-07-2017-17:46:43:286 48094 48742 1
18-07-2017-17:46:43:319 48742 49390 1
18-07-2017-17:46:43:366 49390 50038 1
18-07-2017-17:46:43:402 50038 50686 1
18-07-2017-17:46:43:447 50686 51334 1
18-07-2017-17:46:43:483 51334 51982 1
18-07-2017-17:46:43:529 51982 52630 1
18-07-2017-17:46:43:575 52630 53278 1
18-07-2017-17:46:43:714 53278 53926 1
18-07-2017-17:46:43:716 53926 54574 1
18-07-2017-17:46:43:716 54574 55222 1
18-07-2017-17:46:43:732 55222 55870 1
18-07-2017-17:46:43:763 55870 56518 1
18-07-2017-17:46:43:808 56518 57166 1
18-07-2017-17:46:43:844 57166 57814 1
18-07-2017-17:46:43:907 57814 58462 1
18-07-2017-17:46:43:927 58462 59110 1
18-07-2017-17:46:43:973 59110 59758 1
18-07-2017-17:46:44:007 59758 60406 1
18-07-2017-17:46:44:055 60406 61054 1
18-07-2017-17:46:44:090 61054 61702 1
18-07-2017-17:46:44:128 61702 62350 1
18-07-2017-17:46:44:175 62350 62998 1
18-07-2017-17:46:44:210 62998 63646 1
18-07-2017-17:46:44:257 63646 64294 1
18-07-2017-17:46:44:293 64294 64942 1
18-07-2017-17:46:44:339 64942 65590 1
18-07-2017-17:46:44:373 65590 66238 1
18-07-2017-17:46:44:419 66238 66886 1
18-07-2017-17:46:44:455 66886 67534 1
18-07-2017-17:46:44:501 67534 68182 1
18-07-2017-17:46:44:536 68182 68830 1
18-07-2017-17:46:44:584 68830 69478 1
18-07-2017-17:46:44:620 69478 70126 1
18-07-2017-17:46:44:656 70126 70774 1
18-07-2017-17:46:44:701 70774 71422 1
18-07-2017-17:46:44:735 71422 72070 1
18-07-2017-17:46:44:781 72070 72718 1
18-07-2017-17:46:44:817 72718 73366 1
18-07-2017-17:46:44:863 73366 74014 1
18-07-2017-17:46:44:899 74014 74662 1
18-07-2017-17:46:44:945 74662 75310 1
18-07-2017-17:46:44:979 75310 75958 1
18-07-2017-17:46:45:026 75958 76606 1
18-07-2017-17:46:45:064 76606 77254 1
18-07-2017-17:46:45:108 77254 77902 1
18-07-2017-17:46:45:157 77902 78550 1
18-07-2017-17:46:45:190 78550 79198 1
18-07-2017-17:46:45:230 79198 79846 1
18-07-2017-17:46:45:273 79846 80494 1
18-07-2017-17:46:45:309 80494 81142 1
18-07-2017-17:46:45:355 81142 81790 1
18-07-2017-17:46:45:387 81790 82438 1
18-07-2017-17:46:45:423 82438 83086 1
18-07-2017-17:46:45:476 83086 83734 1
18-07-2017-17:46:45:513 83734 84382 1
18-07-2017-17:46:45:811 84382 85030 1
18-07-2017-17:46:45:812 85030 85678 1
18-07-2017-17:46:45:812 85678 86326 1
18-07-2017-17:46:45:812 86326 86974 1
18-07-2017-17:46:45:812 86974 87622 1
18-07-2017-17:46:45:812 87622 88270 1
18-07-2017-17:46:45:812 88270 88918 1
18-07-2017-17:46:45:835 88918 89566 1
18-07-2017-17:46:45:874 89566 90214 1
18-07-2017-17:46:45:919 90214 90862 1
18-07-2017-17:46:45:954 90862 91510 1
18-07-2017-17:46:46:001 91510 92158 1
18-07-2017-17:46:46:034 92158 92806 1
18-07-2017-17:46:46:081 92806 93454 1
18-07-2017-17:46:46:117 93454 94102 1
18-07-2017-17:46:46:163 94102 94750 1
18-07-2017-17:46:46:198 94750 95398 1
18-07-2017-17:46:46:244 95398 96046 1
18-07-2017-17:46:46:278 96046 96694 1
18-07-2017-17:46:46:314 96694 97342 1
18-07-2017-17:46:46:360 97342 97990 1
18-07-2017-17:46:46:396 97990 98638 1
18-07-2017-17:46:46:442 98638 99286 1
18-07-2017-17:46:46:477 99286 99934 1
18-07-2017-17:46:46:523 99934 100582 1
18-07-2017-17:46:46:559 100582 101230 1
18-07-2017-17:46:46:605 101230 101878 1
18-07-2017-17:46:46:640 101878 102526 1
18-07-2017-17:46:46:688 102526 103174 1
18-07-2017-17:46:46:723 103174 103822 1
18-07-2017-17:46:46:768 103822 104470 1
18-07-2017-17:46:46:804 104470 105118 1
18-07-2017-17:46:46:850 105118 105766 1
18-07-2017-17:46:46:885 105766 106414 1
18-07-2017-17:46:46:933 106414 107062 1
18-07-2017-17:46:46:968 107062 107710 1
18-07-2017-17:46:47:005 107710 108358 1
18-07-2017-17:46:47:050 108358 109006 1
18-07-2017-17:46:47:085 109006 109654 1
18-07-2017-17:46:47:131 109654 110302 1
18-07-2017-17:46:47:166 110302 110950 1
18-07-2017-17:46:47:212 110950 111598 1
18-07-2017-17:46:47:248 111598 112246 1
18-07-2017-17:46:47:298 112246 112894 1
18-07-2017-17:46:47:327 112894 113542 1
18-07-2017-17:46:47:373 113542 114190 1
18-07-2017-17:46:47:408 114190 114838 1
18-07-2017-17:46:47:454 114838 115486 1
18-07-2017-17:46:47:490 115486 116134 1
18-07-2017-17:46:47:537 116134 116782 1
18-07-2017-17:46:47:571 116782 117430 1
18-07-2017-17:46:47:617 117430 118078 1
18-07-2017-17:46:47:653 118078 118726 1
18-07-2017-17:46:47:701 118726 119374 1
18-07-2017-17:46:47:736 119374 120022 1
18-07-2017-17:46:47:781 120022 120670 1
18-07-2017-17:46:47:817 120670 121318 1
18-07-2017-17:46:47:863 121318 121966 1
18-07-2017-17:46:47:898 121966 122614 1
18-07-2017-17:46:47:944 122614 123262 1
18-07-2017-17:46:47:980 123262 123910 1
18-07-2017-17:46:48:015 123910 124558 1
18-07-2017-17:46:48:060 124558 125206 1
18-07-2017-17:46:48:096 125206 125854 1
18-07-2017-17:46:48:144 125854 126502 1
18-07-2017-17:46:48:177 126502 127150 1
18-07-2017-17:46:48:224 127150 127798 1
18-07-2017-17:46:48:259 127798 128446 1
18-07-2017-17:46:48:305 128446 129094 1
18-07-2017-17:46:48:340 129094 129742 1
18-07-2017-17:46:48:387 129742 130390 1
18-07-2017-17:46:48:427 130390 131038 1
18-07-2017-17:46:48:473 131038 131686 1
18-07-2017-17:46:48:505 131686 132334 1
18-07-2017-17:46:48:553 132334 132982 1
18-07-2017-17:46:48:587 132982 133630 1
18-07-2017-17:46:48:623 133630 134278 1
18-07-2017-17:46:48:668 134278 134926 1
18-07-2017-17:46:49:254 134926 135574 1
18-07-2017-17:46:49:256 135574 136222 1
18-07-2017-17:46:49:256 136222 136870 1
18-07-2017-17:46:49:256 136870 137518 1
18-07-2017-17:46:49:256 137518 138166 1
18-07-2017-17:46:49:256 138166 138814 1
18-07-2017-17:46:49:256 138814 139462 1
18-07-2017-17:46:49:256 139462 140110 1
18-07-2017-17:46:49:256 140110 140758 1
18-07-2017-17:46:49:256 140758 141406 1
18-07-2017-17:46:49:256 141406 142054 1
18-07-2017-17:46:49:256 142054 142702 1
18-07-2017-17:46:49:256 142702 143350 1
18-07-2017-17:46:49:256 143350 143998 1
18-07-2017-17:46:49:273 143998 144646 1
18-07-2017-17:46:49:320 144646 145294 1
18-07-2017-17:46:49:359 145294 145942 1
18-07-2017-17:46:49:404 145942 146590 1
18-07-2017-17:46:49:436 146590 147238 1
18-07-2017-17:46:49:485 147238 147886 1
18-07-2017-17:46:49:519 147886 148534 1
18-07-2017-17:46:49:565 148534 149182 1
18-07-2017-17:46:49:600 149182 149830 1
18-07-2017-17:46:49:636 149830 150478 1
18-07-2017-17:46:49:681 150478 151126 1
18-07-2017-17:46:49:722 151126 151774 1
18-07-2017-17:46:49:762 151774 152422 1
18-07-2017-17:46:49:808 152422 153070 1
18-07-2017-17:46:49:843 153070 153718 1
18-07-2017-17:46:49:890 153718 154366 1
18-07-2017-17:46:49:928 154366 155014 1
18-07-2017-17:46:49:971 155014 155662 1
18-07-2017-17:46:50:005 155662 156310 1
18-07-2017-17:46:50:040 156310 156958 1
18-07-2017-17:46:50:088 156958 157606 1
18-07-2017-17:46:50:139 157606 158254 1
18-07-2017-17:46:50:168 158254 158902 1
18-07-2017-17:46:50:204 158902 159550 1
18-07-2017-17:46:50:250 159550 160198 1
18-07-2017-17:46:50:284 160198 160846 1
18-07-2017-17:46:50:325 160846 161494 1
18-07-2017-17:46:50:385 161494 162142 1
18-07-2017-17:46:50:545 162142 162790 1
18-07-2017-17:46:50:547 162790 163438 1
18-07-2017-17:46:50:547 163438 164086 1
18-07-2017-17:46:50:548 164086 164734 1
18-07-2017-17:46:50:578 164734 165382 1
18-07-2017-17:46:50:617 165382 166030 1
18-07-2017-17:46:50:648 166030 166678 1
18-07-2017-17:46:50:694 166678 167326 1
18-07-2017-17:46:50:729 167326 167974 1
18-07-2017-17:46:50:776 167974 168622 1
18-07-2017-17:46:50:811 168622 169270 1
18-07-2017-17:46:50:857 169270 169918 1
18-07-2017-17:46:50:892 169918 170566 1
18-07-2017-17:46:50:938 170566 171214 1
18-07-2017-17:46:50:974 171214 171862 1
18-07-2017-17:46:51:019 171862 172510 1
18-07-2017-17:46:51:055 172510 173158 1
18-07-2017-17:46:51:101 173158 173806 1
18-07-2017-17:46:51:136 173806 174454 1
18-07-2017-17:46:51:184 174454 175102 1
18-07-2017-17:46:51:218 175102 175750 1
18-07-2017-17:46:51:265 175750 176398 1
18-07-2017-17:46:51:300 176398 177046 1
18-07-2017-17:46:51:336 177046 177694 1
18-07-2017-17:46:51:381 177694 178342 1
18-07-2017-17:46:51:417 178342 178990 1
18-07-2017-17:46:51:465 178990 179638 1
18-07-2017-17:46:51:499 179638 180286 1
18-07-2017-17:46:51:547 180286 180934 1
18-07-2017-17:46:51:581 180934 181582 1
18-07-2017-17:46:51:628 181582 182230 1
18-07-2017-17:46:51:663 182230 182878 1
18-07-2017-17:46:51:710 182878 183526 1
18-07-2017-17:46:51:745 183526 184174 1
18-07-2017-17:46:51:796 184174 184822 1
18-07-2017-17:46:52:075 184822 185470 1
18-07-2017-17:46:52:076 185470 186118 1
18-07-2017-17:46:52:077 186118 186766 1
18-07-2017-17:46:52:077 186766 187414 1
18-07-2017-17:46:52:077 187414 188062 1
18-07-2017-17:46:52:077 188062 188710 1
18-07-2017-17:46:52:077 188710 189358 1
18-07-2017-17:46:52:110 189358 190006 1
18-07-2017-17:46:52:146 190006 190654 1
18-07-2017-17:46:52:191 190654 191302 1
18-07-2017-17:46:52:227 191302 191950 1
18-07-2017-17:46:52:274 191950 192598 1
18-07-2017-17:46:52:310 192598 193246 1
18-07-2017-17:46:52:355 193246 193894 1
18-07-2017-17:46:52:390 193894 194542 1
18-07-2017-17:46:52:438 194542 195190 1
18-07-2017-17:46:52:474 195190 195838 1
18-07-2017-17:46:52:521 195838 196486 1
18-07-2017-17:46:52:554 196486 197134 1
18-07-2017-17:46:52:602 197134 197782 1
18-07-2017-17:46:52:636 197782 198430 1
18-07-2017-17:46:52:683 198430 199078 1
18-07-2017-17:46:52:725 199078 199726 1
18-07-2017-17:46:52:754 199726 200374 1
18-07-2017-17:46:52:799 200374 201022 1
18-07-2017-17:46:52:835 201022 201670 1
18-07-2017-17:46:52:880 201670 202318 1
18-07-2017-17:46:52:917 202318 202966 1
18-07-2017-17:46:52:962 202966 203614 1
18-07-2017-17:46:53:001 203614 204262 1
18-07-2017-17:46:53:044 204262 204910 1
18-07-2017-17:46:53:079 204910 205558 1
18-07-2017-17:46:53:126 205558 206206 1
18-07-2017-17:46:53:161 206206 206854 1
18-07-2017-17:46:53:207 206854 207502 1
18-07-2017-17:46:53:244 207502 208150 1
18-07-2017-17:46:53:290 208150 208798 1
18-07-2017-17:46:53:325 208798 209446 1
18-07-2017-17:46:53:371 209446 210094 1
18-07-2017-17:46:53:406 210094 210742 1
18-07-2017-17:46:53:454 210742 211390 1
18-07-2017-17:46:53:488 211390 212038 1
18-07-2017-17:46:53:523 212038 212686 1
18-07-2017-17:46:53:569 212686 213334 1
18-07-2017-17:46:53:604 213334 213982 1
18-07-2017-17:46:53:651 213982 214630 1
18-07-2017-17:46:53:686 214630 215278 1
18-07-2017-17:46:53:733 215278 215926 1
18-07-2017-17:46:53:767 215926 216574 1
18-07-2017-17:46:53:815 216574 217222 1
18-07-2017-17:46:53:849 217222 217870 1
18-07-2017-17:46:53:895 217870 218518 1
18-07-2017-17:46:53:930 218518 219166 1
18-07-2017-17:46:53:977 219166 219814 1
18-07-2017-17:46:54:017 219814 220462 1
18-07-2017-17:46:54:054 220462 221110 1
18-07-2017-17:46:54:095 221110 221758 1
18-07-2017-17:46:54:135 221758 222406 1
18-07-2017-17:46:54:170 222406 223054 1
18-07-2017-17:46:54:218 223054 223702 1
18-07-2017-17:46:54:252 223702 224350 1
18-07-2017-17:46:54:293 224350 224998 1
18-07-2017-17:46:54:339 224998 225646 1
18-07-2017-17:46:54:374 225646 226294 1
18-07-2017-17:46:54:420 226294 226942 1
18-07-2017-17:46:54:455 226942 227590 1
18-07-2017-17:46:54:502 227590 228238 1
18-07-2017-17:46:54:537 228238 228886 1
18-07-2017-17:46:54:582 228886 229534 1
18-07-2017-17:46:54:618 229534 230182 1
18-07-2017-17:46:54:980 230182 230830 1
18-07-2017-17:46:54:982 230830 231478 1
18-07-2017-17:46:54:982 231478 232126 1
18-07-2017-17:46:54:982 232126 232774 1
18-07-2017-17:46:54:982 232774 233422 1
18-07-2017-17:46:54:982 233422 234070 1
18-07-2017-17:46:54:982 234070 234718 1
18-07-2017-17:46:54:982 234718 235366 1
18-07-2017-17:46:54:982 235366 236014 1
18-07-2017-17:46:55:029 236014 236662 1
18-07-2017-17:46:55:070 236662 237310 1
18-07-2017-17:46:55:123 237310 237958 1
18-07-2017-17:46:55:147 237958 238606 1
18-07-2017-17:46:55:193 238606 239254 1
18-07-2017-17:46:55:228 239254 239902 1
18-07-2017-17:46:55:279 239902 240550 1
18-07-2017-17:46:55:313 240550 241198 1
18-07-2017-17:46:55:349 241198 241846 1
18-07-2017-17:46:55:395 241846 242494 1
18-07-2017-17:46:55:430 242494 243142 1
18-07-2017-17:46:55:477 243142 243790 1
18-07-2017-17:46:55:513 243790 244438 1
18-07-2017-17:46:55:558 244438 245086 1
18-07-2017-17:46:55:594 245086 245734 1
18-07-2017-17:46:55:630 245734 246382 1
18-07-2017-17:46:55:674 246382 247030 1
18-07-2017-17:46:55:709 247030 247678 1
18-07-2017-17:46:55:758 247678 248326 1
18-07-2017-17:46:55:793 248326 248974 1
18-07-2017-17:46:55:839 248974 249622 1
18-07-2017-17:46:55:875 249622 250270 1
18-07-2017-17:46:55:921 250270 250918 1
18-07-2017-17:46:55:955 250918 251566 1
18-07-2017-17:46:56:001 251566 252214 1
18-07-2017-17:46:56:037 252214 252862 1
18-07-2017-17:46:56:083 252862 253510 1
18-07-2017-17:46:56:118 253510 254158 1
18-07-2017-17:46:56:166 254158 254806 1
18-07-2017-17:46:56:199 254806 255454 1
18-07-2017-17:46:56:381 255454 256102 1
18-07-2017-17:46:56:382 256102 256750 1
18-07-2017-17:46:56:382 256750 257398 1
18-07-2017-17:46:56:382 257398 258046 1
18-07-2017-17:46:56:402 258046 258694 1
18-07-2017-17:46:56:449 258694 259342 1
18-07-2017-17:46:56:484 259342 259990 1
18-07-2017-17:46:56:518 259990 260638 1
18-07-2017-17:46:56:567 260638 261286 1
18-07-2017-17:46:56:601 261286 261934 1
18-07-2017-17:46:56:646 261934 262582 1
18-07-2017-17:46:56:682 262582 263230 1
18-07-2017-17:46:56:729 263230 263878 1
18-07-2017-17:46:56:763 263878 264526 1
18-07-2017-17:46:56:810 264526 265174 1
18-07-2017-17:46:56:850 265174 265822 1
18-07-2017-17:46:56:890 265822 266470 1
18-07-2017-17:46:56:924 266470 267118 1
18-07-2017-17:46:56:971 267118 267766 1
18-07-2017-17:46:57:005 267766 268414 1
18-07-2017-17:46:57:053 268414 269062 1
18-07-2017-17:46:57:087 269062 269710 1
18-07-2017-17:46:57:134 269710 270358 1
18-07-2017-17:46:57:170 270358 271006 1
18-07-2017-17:46:57:216 271006 271654 1
18-07-2017-17:46:57:250 271654 272302 1
18-07-2017-17:46:57:298 272302 272950 1
18-07-2017-17:46:57:332 272950 273598 1
18-07-2017-17:46:57:380 273598 274246 1
18-07-2017-17:46:57:413 274246 274894 1
18-07-2017-17:46:57:460 274894 275542 1
18-07-2017-17:46:57:496 275542 276190 1
18-07-2017-17:46:57:535 276190 276838 1
18-07-2017-17:46:57:575 276838 277486 1
18-07-2017-17:46:57:622 277486 278134 1
18-07-2017-17:46:57:655 278134 278782 1
18-07-2017-17:46:57:703 278782 279430 1
18-07-2017-17:46:57:737 279430 280078 1
18-07-2017-17:46:57:785 280078 280726 1
18-07-2017-17:46:57:818 280726 281374 1
18-07-2017-17:46:57:865 281374 282022 1
18-07-2017-17:46:57:903 282022 282670 1
18-07-2017-17:46:57:946 282670 283318 1
18-07-2017-17:46:57:982 283318 283966 1
18-07-2017-17:46:58:017 283966 284614 1
18-07-2017-17:46:58:063 284614 285262 1
18-07-2017-17:46:58:098 285262 285910 1
18-07-2017-17:46:58:142 285910 286558 1
18-07-2017-17:46:58:188 286558 287206 1
18-07-2017-17:46:58:224 287206 287854 1
18-07-2017-17:46:58:270 287854 288502 1
18-07-2017-17:46:58:306 288502 289150 1
18-07-2017-17:46:58:352 289150 289798 1
18-07-2017-17:46:58:398 289798 290446 1
18-07-2017-17:46:58:434 290446 291094 1
18-07-2017-17:46:58:467 291094 291742 1
18-07-2017-17:46:58:516 291742 292390 1
18-07-2017-17:46:58:550 292390 293038 1
18-07-2017-17:46:58:585 293038 293686 1
18-07-2017-17:46:58:634 293686 294334 1
18-07-2017-17:46:58:666 294334 294982 1
18-07-2017-17:46:58:712 294982 295630 1
18-07-2017-17:46:58:757 295630 296278 1
18-07-2017-17:46:58:798 296278 296926 1
18-07-2017-17:46:58:832 296926 297574 1
18-07-2017-17:46:58:880 297574 298222 1
18-07-2017-17:46:58:928 298222 298870 1
18-07-2017-17:46:58:949 298870 299518 1
18-07-2017-17:46:58:995 299518 300166 1
18-07-2017-17:46:59:755 300166 300814 1
18-07-2017-17:46:59:756 300814 301462 1
18-07-2017-17:46:59:756 301462 302110 1
18-07-2017-17:46:59:756 302110 302758 1
18-07-2017-17:46:59:756 302758 303406 1
18-07-2017-17:46:59:756 303406 304054 1
18-07-2017-17:46:59:756 304054 304702 1
18-07-2017-17:46:59:756 304702 305350 1
18-07-2017-17:46:59:756 305350 305998 1
18-07-2017-17:46:59:756 305998 306646 1
18-07-2017-17:46:59:756 306646 307294 1
18-07-2017-17:46:59:756 307294 307942 1
18-07-2017-17:46:59:756 307942 308590 1
18-07-2017-17:46:59:757 308590 309238 1
18-07-2017-17:46:59:757 309238 309886 1
18-07-2017-17:46:59:757 309886 310534 1
18-07-2017-17:46:59:757 310534 311182 1
18-07-2017-17:46:59:757 311182 311830 1
18-07-2017-17:46:59:762 311830 312478 1
18-07-2017-17:46:59:805 312478 313126 1
18-07-2017-17:46:59:855 313126 313774 1
18-07-2017-17:46:59:887 313774 314422 1
18-07-2017-17:46:59:922 314422 315070 1
18-07-2017-17:46:59:969 315070 315718 1
18-07-2017-17:47:00:025 315718 316366 1
18-07-2017-17:47:00:050 316366 317014 1
18-07-2017-17:47:00:086 317014 317662 1
18-07-2017-17:47:00:132 317662 318310 1
18-07-2017-17:47:00:168 318310 318958 1
18-07-2017-17:47:00:213 318958 319606 1
18-07-2017-17:47:00:250 319606 320254 1
18-07-2017-17:47:00:295 320254 320902 1
18-07-2017-17:47:00:330 320902 321550 1
18-07-2017-17:47:00:377 321550 322198 1
18-07-2017-17:47:00:420 322198 322846 1
18-07-2017-17:47:00:458 322846 323494 1
18-07-2017-17:47:00:498 323494 324142 1
18-07-2017-17:47:00:532 324142 324790 1
18-07-2017-17:47:00:580 324790 325438 1
18-07-2017-17:47:00:614 325438 326086 1
18-07-2017-17:47:00:661 326086 326734 1
18-07-2017-17:47:00:700 326734 327382 1
18-07-2017-17:47:00:902 327382 328030 1
18-07-2017-17:47:00:902 328030 328678 1
18-07-2017-17:47:00:903 328678 329326 1
18-07-2017-17:47:00:904 329326 329974 1
18-07-2017-17:47:00:904 329974 330622 1
18-07-2017-17:47:00:949 330622 331270 1
18-07-2017-17:47:00:980 331270 331918 1
18-07-2017-17:47:01:017 331918 332566 1
18-07-2017-17:47:01:063 332566 333214 1
18-07-2017-17:47:01:097 333214 333862 1
18-07-2017-17:47:01:144 333862 334510 1
18-07-2017-17:47:01:179 334510 335158 1
18-07-2017-17:47:01:226 335158 335806 1
18-07-2017-17:47:01:261 335806 336454 1
18-07-2017-17:47:01:307 336454 337102 1
18-07-2017-17:47:01:341 337102 337750 1
18-07-2017-17:47:01:388 337750 338398 1
18-07-2017-17:47:01:423 338398 339046 1
18-07-2017-17:47:01:471 339046 339694 1
18-07-2017-17:47:01:505 339694 340342 1
18-07-2017-17:47:01:551 340342 340990 1
18-07-2017-17:47:01:587 340990 341638 1
18-07-2017-17:47:01:634 341638 342286 1
18-07-2017-17:47:01:668 342286 342934 1
18-07-2017-17:47:01:703 342934 343582 1
18-07-2017-17:47:01:751 343582 344230 1
18-07-2017-17:47:01:786 344230 344878 1
18-07-2017-17:47:01:832 344878 345526 1
18-07-2017-17:47:01:868 345526 346174 1
18-07-2017-17:47:01:913 346174 346822 1
18-07-2017-17:47:01:949 346822 347470 1
18-07-2017-17:47:01:995 347470 348118 1
18-07-2017-17:47:02:031 348118 348766 1
18-07-2017-17:47:02:076 348766 349414 1
18-07-2017-17:47:02:111 349414 350062 1
18-07-2017-17:47:02:159 350062 350710 1
18-07-2017-17:47:02:193 350710 351358 1
18-07-2017-17:47:02:241 351358 352006 1
18-07-2017-17:47:02:275 352006 352654 1
18-07-2017-17:47:02:321 352654 353302 1
18-07-2017-17:47:02:357 353302 353950 1
18-07-2017-17:47:02:391 353950 354598 1
18-07-2017-17:47:02:434 354598 355246 1
18-07-2017-17:47:02:474 355246 355894 1
18-07-2017-17:47:02:521 355894 356542 1
18-07-2017-17:47:02:555 356542 357190 1
18-07-2017-17:47:02:602 357190 357838 1
18-07-2017-17:47:02:637 357838 358486 1
18-07-2017-17:47:02:683 358486 359134 1
18-07-2017-17:47:02:719 359134 359782 1
18-07-2017-17:47:02:765 359782 360430 1
18-07-2017-17:47:02:800 360430 361078 1
18-07-2017-17:47:02:846 361078 361726 1
18-07-2017-17:47:02:882 361726 362374 1
18-07-2017-17:47:02:928 362374 363022 1
18-07-2017-17:47:02:964 363022 363670 1
18-07-2017-17:47:03:010 363670 364318 1
18-07-2017-17:47:03:045 364318 364966 1
18-07-2017-17:47:03:080 364966 365614 1
18-07-2017-17:47:03:127 365614 366262 1
18-07-2017-17:47:03:161 366262 366910 1
18-07-2017-17:47:03:213 366910 367558 1
18-07-2017-17:47:03:253 367558 368206 1
18-07-2017-17:47:03:287 368206 368854 1
18-07-2017-17:47:03:335 368854 369502 1
18-07-2017-17:47:03:369 369502 370150 1
18-07-2017-17:47:03:405 370150 370798 1
18-07-2017-17:47:03:451 370798 371446 1
18-07-2017-17:47:03:486 371446 372094 1
18-07-2017-17:47:03:532 372094 372742 1
18-07-2017-17:47:03:566 372742 373390 1
18-07-2017-17:47:03:613 373390 374038 1
18-07-2017-17:47:03:649 374038 374686 1
18-07-2017-17:47:03:695 374686 375334 1
18-07-2017-17:47:03:731 375334 375982 1
18-07-2017-17:47:03:777 375982 376630 1
18-07-2017-17:47:03:813 376630 377278 1
18-07-2017-17:47:03:858 377278 377926 1
18-07-2017-17:47:04:217 377926 378574 1
18-07-2017-17:47:04:218 378574 379222 1
18-07-2017-17:47:04:219 379222 379870 1
18-07-2017-17:47:04:220 379870 380518 1
18-07-2017-17:47:04:220 380518 381166 1
18-07-2017-17:47:04:220 381166 381814 1
18-07-2017-17:47:04:220 381814 382462 1
18-07-2017-17:47:04:220 382462 383110 1
18-07-2017-17:47:04:220 383110 383758 1
18-07-2017-17:47:04:256 383758 384406 1
18-07-2017-17:47:04:303 384406 385054 1
18-07-2017-17:47:04:337 385054 385702 1
18-07-2017-17:47:04:383 385702 386350 1
18-07-2017-17:47:04:427 386350 386998 1
18-07-2017-17:47:04:461 386998 387646 1
18-07-2017-17:47:04:508 387646 388294 1
18-07-2017-17:47:04:542 388294 388942 1
18-07-2017-17:47:04:590 388942 389590 1
18-07-2017-17:47:04:626 389590 390238 1
18-07-2017-17:47:04:660 390238 390886 1
18-07-2017-17:47:04:707 390886 391534 1
18-07-2017-17:47:04:741 391534 392182 1
18-07-2017-17:47:04:789 392182 392830 1
18-07-2017-17:47:04:822 392830 393478 1
18-07-2017-17:47:04:870 393478 394126 1
18-07-2017-17:47:04:904 394126 394774 1
18-07-2017-17:47:04:952 394774 395422 1
18-07-2017-17:47:04:987 395422 396070 1
18-07-2017-17:47:05:033 396070 396718 1
18-07-2017-17:47:05:070 396718 397366 1
18-07-2017-17:47:05:107 397366 398014 1
18-07-2017-17:47:05:151 398014 398662 1
18-07-2017-17:47:05:197 398662 399310 1
18-07-2017-17:47:05:232 399310 399958 1
18-07-2017-17:47:05:267 399958 400606 1
18-07-2017-17:47:05:314 400606 401254 1
18-07-2017-17:47:05:349 401254 401902 1
18-07-2017-17:47:05:392 401902 402550 1
18-07-2017-17:47:05:438 402550 403198 1
18-07-2017-17:47:05:473 403198 403846 1
18-07-2017-17:47:05:519 403846 404494 1
18-07-2017-17:47:05:554 404494 405142 1
18-07-2017-17:47:05:602 405142 405790 1
18-07-2017-17:47:05:637 405790 406438 1
18-07-2017-17:47:05:682 406438 407086 1
18-07-2017-17:47:05:717 407086 407734 1
18-07-2017-17:47:05:752 407734 408382 1
18-07-2017-17:47:05:800 408382 409030 1
18-07-2017-17:47:05:834 409030 409678 1
18-07-2017-17:47:05:880 409678 410326 1
18-07-2017-17:47:05:917 410326 410974 1
18-07-2017-17:47:05:964 410974 411622 1
18-07-2017-17:47:06:006 411622 412270 1
18-07-2017-17:47:06:041 412270 412918 1
18-07-2017-17:47:06:087 412918 413566 1
18-07-2017-17:47:06:123 413566 414214 1
18-07-2017-17:47:06:168 414214 414862 1
18-07-2017-17:47:06:202 414862 415510 1
18-07-2017-17:47:06:249 415510 416158 1
18-07-2017-17:47:06:284 416158 416806 1
18-07-2017-17:47:06:320 416806 417454 1
18-07-2017-17:47:06:365 417454 418102 1
18-07-2017-17:47:06:401 418102 418750 1
18-07-2017-17:47:06:448 418750 419398 1
18-07-2017-17:47:06:483 419398 420046 1
18-07-2017-17:47:06:530 420046 420694 1
18-07-2017-17:47:06:569 420694 421342 1
18-07-2017-17:47:06:612 421342 421990 1
18-07-2017-17:47:06:646 421990 422638 1
18-07-2017-17:47:06:692 422638 423286 1
18-07-2017-17:47:06:728 423286 423934 1
18-07-2017-17:47:06:774 423934 424582 1
18-07-2017-17:47:06:816 424582 425230 1
18-07-2017-17:47:06:848 425230 425878 1
18-07-2017-17:47:06:896 425878 426526 1
18-07-2017-17:47:06:931 426526 427174 1
18-07-2017-17:47:06:976 427174 427822 1
18-07-2017-17:47:07:012 427822 428470 1
18-07-2017-17:47:07:058 428470 429118 1
18-07-2017-17:47:07:093 429118 429766 1
18-07-2017-17:47:07:140 429766 430414 1
18-07-2017-17:47:07:176 430414 431062 1
18-07-2017-17:47:07:215 431062 431710 1
18-07-2017-17:47:07:261 431710 432358 1
18-07-2017-17:47:07:300 432358 433006 1
18-07-2017-17:47:07:336 433006 433654 1
18-07-2017-17:47:07:381 433654 434302 1
18-07-2017-17:47:07:519 434302 434950 1
18-07-2017-17:47:07:520 434950 435598 1
18-07-2017-17:47:07:520 435598 436246 1
18-07-2017-17:47:07:544 436246 436894 1
18-07-2017-17:47:07:581 436894 437542 1
18-07-2017-17:47:07:626 437542 438190 1
18-07-2017-17:47:07:661 438190 438838 1
18-07-2017-17:47:07:708 438838 439486 1
18-07-2017-17:47:07:742 439486 440134 1
18-07-2017-17:47:07:778 440134 440782 1
18-07-2017-17:47:07:825 440782 441430 1
18-07-2017-17:47:07:860 441430 442078 1
18-07-2017-17:47:07:906 442078 442726 1
18-07-2017-17:47:07:941 442726 443374 1
18-07-2017-17:47:07:987 443374 444022 1
18-07-2017-17:47:08:023 444022 444670 1
18-07-2017-17:47:08:070 444670 445318 1
18-07-2017-17:47:08:106 445318 445966 1
18-07-2017-17:47:08:151 445966 446614 1
18-07-2017-17:47:08:188 446614 447262 1
18-07-2017-17:47:08:233 447262 447910 1
18-07-2017-17:47:08:269 447910 448558 1
18-07-2017-17:47:08:315 448558 449206 1
18-07-2017-17:47:08:354 449206 449854 1
18-07-2017-17:47:08:389 449854 450502 1
18-07-2017-17:47:08:437 450502 451150 1
18-07-2017-17:47:08:472 451150 451798 1
18-07-2017-17:47:08:518 451798 452446 1
18-07-2017-17:47:08:552 452446 453094 1
18-07-2017-17:47:08:591 453094 453742 1
18-07-2017-17:47:08:634 453742 454390 1
18-07-2017-17:47:08:671 454390 455038 1
18-07-2017-17:47:08:717 455038 455686 1
18-07-2017-17:47:08:751 455686 456334 1
18-07-2017-17:47:08:798 456334 456982 1
18-07-2017-17:47:08:847 456982 457630 1
18-07-2017-17:47:08:880 457630 458278 1
18-07-2017-17:47:08:915 458278 458926 1
18-07-2017-17:47:08:962 458926 459574 1
18-07-2017-17:47:08:997 459574 460222 1
18-07-2017-17:47:09:044 460222 460870 1
18-07-2017-17:47:09:083 460870 461518 1
18-07-2017-17:47:09:126 461518 462166 1
18-07-2017-17:47:09:159 462166 462814 1
18-07-2017-17:47:09:206 462814 463462 1
18-07-2017-17:47:09:241 463462 464110 1
18-07-2017-17:47:09:345 464110 464758 1
18-07-2017-17:47:09:347 464758 465406 1
18-07-2017-17:47:09:358 465406 466054 1
18-07-2017-17:47:09:403 466054 466702 1
18-07-2017-17:47:09:439 466702 467350 1
18-07-2017-17:47:09:487 467350 467998 1
18-07-2017-17:47:09:521 467998 468646 1
18-07-2017-17:47:09:567 468646 469294 1
18-07-2017-17:47:09:603 469294 469942 1
18-07-2017-17:47:09:649 469942 470590 1
18-07-2017-17:47:09:685 470590 471238 1
18-07-2017-17:47:09:732 471238 471886 1
18-07-2017-17:47:09:773 471886 472534 1
18-07-2017-17:47:09:808 472534 473182 1
18-07-2017-17:47:09:854 473182 473830 1
18-07-2017-17:47:09:890 473830 474478 1
18-07-2017-17:47:09:925 474478 475126 1
18-07-2017-17:47:09:972 475126 475774 1
18-07-2017-17:47:10:007 475774 476422 1
18-07-2017-17:47:10:053 476422 477070 1
18-07-2017-17:47:10:088 477070 477718 1
18-07-2017-17:47:10:134 477718 478366 1
18-07-2017-17:47:10:169 478366 479014 1
18-07-2017-17:47:10:216 479014 479662 1
18-07-2017-17:47:10:252 479662 480310 1
18-07-2017-17:47:10:298 480310 480958 1
18-07-2017-17:47:10:333 480958 481606 1
18-07-2017-17:47:10:379 481606 482254 1
18-07-2017-17:47:10:415 482254 482902 1
18-07-2017-17:47:10:457 482902 483550 1
18-07-2017-17:47:10:502 483550 484198 1
18-07-2017-17:47:10:537 484198 484846 1
18-07-2017-17:47:10:573 484846 485494 1
18-07-2017-17:47:10:619 485494 486142 1
18-07-2017-17:47:10:654 486142 486790 1
18-07-2017-17:47:10:700 486790 487438 1
18-07-2017-17:47:10:736 487438 488086 1
18-07-2017-17:47:10:783 488086 488734 1
18-07-2017-17:47:10:817 488734 489382 1
18-07-2017-17:47:10:863 489382 490030 1
18-07-2017-17:47:10:898 490030 490678 1
18-07-2017-17:47:10:946 490678 491326 1
18-07-2017-17:47:10:981 491326 491974 1
18-07-2017-17:47:11:029 491974 492622 1
18-07-2017-17:47:11:062 492622 493270 1
18-07-2017-17:47:11:109 493270 493918 1
18-07-2017-17:47:11:143 493918 494566 1
18-07-2017-17:47:11:190 494566 495214 1
18-07-2017-17:47:11:226 495214 495862 1
18-07-2017-17:47:11:271 495862 496510 1
18-07-2017-17:47:11:307 496510 497158 1
18-07-2017-17:47:11:342 497158 497806 1
18-07-2017-17:47:11:389 497806 498454 1
18-07-2017-17:47:11:423 498454 499102 1
18-07-2017-17:47:11:469 499102 499750 1
18-07-2017-17:47:11:505 499750 500398 1
18-07-2017-17:47:11:551 500398 501046 1
18-07-2017-17:47:11:586 501046 501694 1
18-07-2017-17:47:11:634 501694 502342 1
18-07-2017-17:47:11:669 502342 502990 1
18-07-2017-17:47:11:715 502990 503638 1
18-07-2017-17:47:11:749 503638 504286 1
18-07-2017-17:47:11:796 504286 504934 1
18-07-2017-17:47:11:833 504934 505582 1
18-07-2017-17:47:11:880 505582 506230 1
18-07-2017-17:47:11:914 506230 506878 1
18-07-2017-17:47:11:950 506878 507526 1
18-07-2017-17:47:12:084 507526 508174 1
18-07-2017-17:47:12:088 508174 508822 1
18-07-2017-17:47:12:088 508822 509470 1
18-07-2017-17:47:12:112 509470 510118 1
18-07-2017-17:47:12:159 510118 510766 1
18-07-2017-17:47:12:195 510766 511414 1
18-07-2017-17:47:12:241 511414 512062 1
18-07-2017-17:47:12:277 512062 512710 1
18-07-2017-17:47:12:322 512710 513358 1
18-07-2017-17:47:12:358 513358 514006 1
18-07-2017-17:47:12:405 514006 514654 1
18-07-2017-17:47:12:439 514654 515302 1
18-07-2017-17:47:12:486 515302 515950 1
18-07-2017-17:47:12:521 515950 516598 1
18-07-2017-17:47:12:567 516598 517246 1
18-07-2017-17:47:12:602 517246 517894 1
18-07-2017-17:47:12:637 517894 518542 1
18-07-2017-17:47:12:684 518542 519190 1
18-07-2017-17:47:12:720 519190 519838 1
18-07-2017-17:47:12:765 519838 520486 1
18-07-2017-17:47:12:804 520486 521134 1
18-07-2017-17:47:12:854 521134 521782 1
18-07-2017-17:47:12:883 521782 522430 1
18-07-2017-17:47:12:929 522430 523078 1
18-07-2017-17:47:12:964 523078 523726 1
18-07-2017-17:47:13:010 523726 524374 1
18-07-2017-17:47:13:045 524374 525022 1
18-07-2017-17:47:13:093 525022 525670 1
18-07-2017-17:47:13:126 525670 526318 1
18-07-2017-17:47:13:174 526318 526966 1
18-07-2017-17:47:13:209 526966 527614 1
18-07-2017-17:47:13:256 527614 528262 1
18-07-2017-17:47:13:291 528262 528910 1
18-07-2017-17:47:13:337 528910 529558 1
18-07-2017-17:47:13:466 529558 530206 1
18-07-2017-17:47:13:468 530206 530854 1
18-07-2017-17:47:13:469 530854 531502 1
18-07-2017-17:47:13:488 531502 532150 1
18-07-2017-17:47:13:535 532150 532798 1
18-07-2017-17:47:13:571 532798 533446 1
18-07-2017-17:47:13:616 533446 534094 1
18-07-2017-17:47:13:660 534094 534742 1
18-07-2017-17:47:13:699 534742 535390 1
18-07-2017-17:47:13:733 535390 536038 1
18-07-2017-17:47:13:780 536038 536686 1
18-07-2017-17:47:13:816 536686 537334 1
18-07-2017-17:47:13:862 537334 537982 1
18-07-2017-17:47:13:896 537982 538630 1
18-07-2017-17:47:13:944 538630 539278 1
18-07-2017-17:47:13:990 539278 539926 1
18-07-2017-17:47:14:026 539926 540574 1
18-07-2017-17:47:14:060 540574 541222 1
18-07-2017-17:47:14:106 541222 541870 1
18-07-2017-17:47:14:141 541870 542518 1
18-07-2017-17:47:14:177 542518 543166 1
18-07-2017-17:47:14:223 543166 543814 1
18-07-2017-17:47:14:259 543814 544462 1
18-07-2017-17:47:14:310 544462 545110 1
18-07-2017-17:47:14:345 545110 545758 1
18-07-2017-17:47:14:380 545758 546406 1
18-07-2017-17:47:14:427 546406 547054 1
18-07-2017-17:47:14:463 547054 547702 1
18-07-2017-17:47:14:509 547702 548350 1
18-07-2017-17:47:14:543 548350 548998 1
18-07-2017-17:47:14:591 548998 549646 1
18-07-2017-17:47:14:622 549646 550294 1
18-07-2017-17:47:14:669 550294 550942 1
18-07-2017-17:47:14:704 550942 551590 1
18-07-2017-17:47:14:750 551590 552238 1
18-07-2017-17:47:14:786 552238 552886 1
18-07-2017-17:47:14:832 552886 553534 1
18-07-2017-17:47:14:868 553534 554182 1
18-07-2017-17:47:14:914 554182 554830 1
18-07-2017-17:47:14:948 554830 555478 1
18-07-2017-17:47:14:996 555478 556126 1
18-07-2017-17:47:15:030 556126 556774 1
18-07-2017-17:47:15:081 556774 557422 1
18-07-2017-17:47:15:112 557422 558070 1
18-07-2017-17:47:15:158 558070 558718 1
18-07-2017-17:47:15:194 558718 559366 1
18-07-2017-17:47:15:240 559366 560014 1
18-07-2017-17:47:15:275 560014 560662 1
18-07-2017-17:47:15:322 560662 561310 1
18-07-2017-17:47:15:365 561310 561958 1
18-07-2017-17:47:15:400 561958 562606 1
18-07-2017-17:47:15:434 562606 563254 1
18-07-2017-17:47:15:482 563254 563902 1
18-07-2017-17:47:15:523 563902 564550 1
18-07-2017-17:47:15:556 564550 565198 1
18-07-2017-17:47:15:630 565198 565846 1
18-07-2017-17:47:15:639 565846 566494 1
18-07-2017-17:47:15:684 566494 567142 1
18-07-2017-17:47:15:720 567142 567790 1
18-07-2017-17:47:15:766 567790 568438 1
18-07-2017-17:47:15:805 568438 569086 1
18-07-2017-17:47:15:840 569086 569734 1
18-07-2017-17:47:15:887 569734 570382 1
18-07-2017-17:47:15:920 570382 571030 1
18-07-2017-17:47:15:968 571030 571678 1
18-07-2017-17:47:16:011 571678 572326 1
18-07-2017-17:47:16:051 572326 572974 1
18-07-2017-17:47:16:086 572974 573622 1
18-07-2017-17:47:16:131 573622 574270 1
18-07-2017-17:47:16:167 574270 574918 1
18-07-2017-17:47:16:203 574918 575566 1
18-07-2017-17:47:16:249 575566 576214 1
18-07-2017-17:47:16:283 576214 576862 1
18-07-2017-17:47:16:331 576862 577510 1
18-07-2017-17:47:16:366 577510 578158 1
18-07-2017-17:47:16:412 578158 578806 1
18-07-2017-17:47:16:447 578806 579454 1
18-07-2017-17:47:16:493 579454 580102 1
18-07-2017-17:47:16:528 580102 580750 1
18-07-2017-17:47:16:575 580750 581398 1
18-07-2017-17:47:16:610 581398 582046 1
18-07-2017-17:47:16:656 582046 582694 1
18-07-2017-17:47:16:693 582694 583342 1
18-07-2017-17:47:16:739 583342 583990 1
18-07-2017-17:47:16:774 583990 584638 1
18-07-2017-17:47:16:820 584638 585286 1
18-07-2017-17:47:16:855 585286 585934 1
18-07-2017-17:47:16:890 585934 586582 1
18-07-2017-17:47:16:936 586582 587230 1
18-07-2017-17:47:16:971 587230 587878 1
18-07-2017-17:47:17:023 587878 588526 1
18-07-2017-17:47:17:054 588526 589174 1
18-07-2017-17:47:17:099 589174 589822 1
18-07-2017-17:47:17:135 589822 590470 1
18-07-2017-17:47:17:182 590470 591118 1
18-07-2017-17:47:17:217 591118 591766 1
18-07-2017-17:47:17:263 591766 592414 1
18-07-2017-17:47:17:299 592414 593062 1
18-07-2017-17:47:17:347 593062 593710 1
18-07-2017-17:47:17:382 593710 594358 1
18-07-2017-17:47:17:427 594358 595006 1
18-07-2017-17:47:17:463 595006 595654 1
18-07-2017-17:47:17:508 595654 596302 1
18-07-2017-17:47:17:545 596302 596950 1
18-07-2017-17:47:17:579 596950 597598 1
18-07-2017-17:47:17:624 597598 598246 1
18-07-2017-17:47:17:660 598246 598894 1
18-07-2017-17:47:17:708 598894 599542 1
18-07-2017-17:47:17:742 599542 600190 1
18-07-2017-17:47:17:788 600190 600838 1
18-07-2017-17:47:17:823 600838 601486 1
18-07-2017-17:47:17:871 601486 602134 1
18-07-2017-17:47:17:905 602134 602782 1
18-07-2017-17:47:17:952 602782 603430 1
18-07-2017-17:47:17:988 603430 604078 1
18-07-2017-17:47:18:034 604078 604726 1
18-07-2017-17:47:18:068 604726 605374 1
18-07-2017-17:47:18:116 605374 606022 1
18-07-2017-17:47:18:149 606022 606670 1
18-07-2017-17:47:18:197 606670 607318 1
18-07-2017-17:47:18:232 607318 607966 1
18-07-2017-17:47:18:353 607966 608614 1
18-07-2017-17:47:18:358 608614 609262 1
18-07-2017-17:47:18:358 609262 609910 1
18-07-2017-17:47:18:394 609910 610558 1
18-07-2017-17:47:18:429 610558 611206 1
18-07-2017-17:47:18:477 611206 611854 1
18-07-2017-17:47:18:511 611854 612502 1
18-07-2017-17:47:18:558 612502 613150 1
18-07-2017-17:47:18:593 613150 613798 1
18-07-2017-17:47:18:645 613798 614446 1
18-07-2017-17:47:18:682 614446 615094 1
18-07-2017-17:47:18:718 615094 615742 1
18-07-2017-17:47:18:766 615742 616390 1
18-07-2017-17:47:18:799 616390 617038 1
18-07-2017-17:47:18:834 617038 617686 1
18-07-2017-17:47:18:886 617686 618320 1
18-07-2017-17:47:18:917 618320 618954 1
18-07-2017-17:47:18:965 618954 619588 1
18-07-2017-17:47:18:999 619588 620222 1
18-07-2017-17:47:19:034 620222 620856 1
18-07-2017-17:47:19:079 620856 621490 1
18-07-2017-17:47:19:116 621490 622124 1
18-07-2017-17:47:19:162 622124 622758 1
18-07-2017-17:47:19:197 622758 623392 1
18-07-2017-17:47:19:233 623392 624026 1
18-07-2017-17:47:19:279 624026 624660 1
18-07-2017-17:47:19:313 624660 625294 1
18-07-2017-17:47:19:361 625294 625928 1
18-07-2017-17:47:19:395 625928 626562 1
18-07-2017-17:47:19:431 626562 627196 1
18-07-2017-17:47:19:477 627196 627830 1
18-07-2017-17:47:19:513 627830 628464 1
18-07-2017-17:47:19:560 628464 629098 1
18-07-2017-17:47:19:593 629098 629732 1
18-07-2017-17:47:19:627 629732 630366 1
18-07-2017-17:47:19:677 630366 631000 1
18-07-2017-17:47:19:785 631000 631634 1
18-07-2017-17:47:19:787 631634 632268 1
18-07-2017-17:47:19:791 632268 632902 1
18-07-2017-17:47:19:826 632902 633536 1
18-07-2017-17:47:19:874 633536 634170 1
18-07-2017-17:47:19:908 634170 634804 1
18-07-2017-17:47:19:944 634804 635438 1
18-07-2017-17:47:19:989 635438 636072 1
18-07-2017-17:47:20:025 636072 636706 1
18-07-2017-17:47:20:064 636706 637340 1
18-07-2017-17:47:20:103 637340 637974 1
18-07-2017-17:47:20:149 637974 638608 1
18-07-2017-17:47:20:185 638608 639242 1
18-07-2017-17:47:20:231 639242 639876 1
18-07-2017-17:47:20:269 639876 640510 1
18-07-2017-17:47:20:336 640510 641144 1
18-07-2017-17:47:20:342 641144 641778 1
18-07-2017-17:47:20:389 641778 642412 1
18-07-2017-17:47:20:423 642412 643046 1
18-07-2017-17:47:20:468 643046 643680 1
18-07-2017-17:47:20:505 643680 644314 1
18-07-2017-17:47:20:538 644314 644948 1
18-07-2017-17:47:20:587 644948 645582 1
18-07-2017-17:47:20:621 645582 646216 1
18-07-2017-17:47:20:668 646216 646850 1
18-07-2017-17:47:20:703 646850 647484 1
18-07-2017-17:47:20:737 647484 648118 1
18-07-2017-17:47:20:784 648118 648752 1
18-07-2017-17:47:20:820 648752 649386 1
18-07-2017-17:47:20:866 649386 650020 1
18-07-2017-17:47:20:902 650020 650654 1
18-07-2017-17:47:20:936 650654 651288 1
18-07-2017-17:47:20:981 651288 651922 1
18-07-2017-17:47:21:017 651922 652556 1
18-07-2017-17:47:21:064 652556 653190 1
18-07-2017-17:47:21:099 653190 653824 1
18-07-2017-17:47:21:144 653824 654458 1
18-07-2017-17:47:21:178 654458 655092 1
18-07-2017-17:47:21:213 655092 655726 1
18-07-2017-17:47:21:260 655726 656360 1
18-07-2017-17:47:21:293 656360 656994 1
18-07-2017-17:47:21:342 656994 657628 1
18-07-2017-17:47:21:378 657628 658262 1
18-07-2017-17:47:21:411 658262 658896 1
18-07-2017-17:47:21:457 658896 659530 1
18-07-2017-17:47:21:493 659530 660164 1
18-07-2017-17:47:21:540 660164 660798 1
18-07-2017-17:47:21:574 660798 661432 1
18-07-2017-17:47:21:609 661432 662066 1
18-07-2017-17:47:21:657 662066 662700 1
18-07-2017-17:47:21:713 662700 663334 1
18-07-2017-17:47:21:739 663334 663968 1
18-07-2017-17:47:21:773 663968 664602 1
18-07-2017-17:47:21:813 664602 665236 1
18-07-2017-17:47:21:847 665236 665870 1
18-07-2017-17:47:21:895 665870 666504 1
18-07-2017-17:47:21:929 666504 667138 1
18-07-2017-17:47:21:963 667138 667772 1
18-07-2017-17:47:22:011 667772 668406 1
18-07-2017-17:47:22:045 668406 669040 1
18-07-2017-17:47:22:307 669040 669674 1
18-07-2017-17:47:22:308 669674 670308 1
18-07-2017-17:47:22:308 670308 670942 1
18-07-2017-17:47:22:308 670942 671576 1
18-07-2017-17:47:22:308 671576 672210 1
18-07-2017-17:47:22:309 672210 672844 1
18-07-2017-17:47:22:323 672844 673478 1
18-07-2017-17:47:22:370 673478 674112 1
18-07-2017-17:47:22:405 674112 674746 1
18-07-2017-17:47:22:450 674746 675380 1
18-07-2017-17:47:22:485 675380 676014 1
18-07-2017-17:47:22:520 676014 676648 1
18-07-2017-17:47:22:568 676648 677282 1
18-07-2017-17:47:22:602 677282 677916 1
18-07-2017-17:47:22:649 677916 678550 1
18-07-2017-17:47:22:685 678550 679184 1
18-07-2017-17:47:22:720 679184 679818 1
18-07-2017-17:47:22:766 679818 680452 1
18-07-2017-17:47:22:801 680452 681086 1
18-07-2017-17:47:22:836 681086 681720 1
18-07-2017-17:47:22:882 681720 682354 1
18-07-2017-17:47:22:916 682354 682988 1
18-07-2017-17:47:22:957 682988 683622 1
18-07-2017-17:47:23:004 683622 684256 1
18-07-2017-17:47:23:038 684256 684890 1
18-07-2017-17:47:23:084 684890 685524 1
18-07-2017-17:47:23:120 685524 686158 1
18-07-2017-17:47:23:155 686158 686792 1
18-07-2017-17:47:23:202 686792 687426 1
18-07-2017-17:47:23:243 687426 688060 1
18-07-2017-17:47:23:271 688060 688694 1
18-07-2017-17:47:23:317 688694 689328 1
18-07-2017-17:47:23:354 689328 689962 1
18-07-2017-17:47:23:399 689962 690596 1
18-07-2017-17:47:23:435 690596 691230 1
18-07-2017-17:47:23:482 691230 691864 1
18-07-2017-17:47:23:517 691864 692498 1
18-07-2017-17:47:23:555 692498 693132 1
18-07-2017-17:47:23:594 693132 693766 1
18-07-2017-17:47:23:630 693766 694400 1
18-07-2017-17:47:23:677 694400 695034 1
18-07-2017-17:47:23:711 695034 695668 1
18-07-2017-17:47:23:758 695668 696302 1
18-07-2017-17:47:23:794 696302 696936 1
18-07-2017-17:47:23:828 696936 697570 1
18-07-2017-17:47:23:875 697570 698204 1
18-07-2017-17:47:23:908 698204 698838 1
18-07-2017-17:47:23:955 698838 699472 1
18-07-2017-17:47:23:992 699472 700106 1
18-07-2017-17:47:24:026 700106 700740 1
18-07-2017-17:47:24:072 700740 701374 1
18-07-2017-17:47:24:108 701374 702008 1
18-07-2017-17:47:24:153 702008 702642 1
18-07-2017-17:47:24:188 702642 703276 1
18-07-2017-17:47:24:239 703276 703910 1
18-07-2017-17:47:24:276 703910 704544 1
18-07-2017-17:47:24:314 704544 705178 1
18-07-2017-17:47:24:348 705178 705812 1
18-07-2017-17:47:24:384 705812 706446 1
18-07-2017-17:47:24:431 706446 707080 1
18-07-2017-17:47:24:465 707080 707714 1
18-07-2017-17:47:24:515 707714 708348 1
18-07-2017-17:47:24:547 708348 708982 1
18-07-2017-17:47:24:581 708982 709616 1
18-07-2017-17:47:24:630 709616 710250 1
18-07-2017-17:47:24:664 710250 710884 1
18-07-2017-17:47:24:698 710884 711518 1
18-07-2017-17:47:24:745 711518 712152 1
18-07-2017-17:47:24:793 712152 712786 1
18-07-2017-17:47:24:821 712786 713420 1
18-07-2017-17:47:24:866 713420 714054 1
18-07-2017-17:47:24:902 714054 714688 1
18-07-2017-17:47:24:936 714688 715322 1
18-07-2017-17:47:24:983 715322 715956 1
18-07-2017-17:47:25:018 715956 716590 1
18-07-2017-17:47:25:064 716590 717224 1
18-07-2017-17:47:25:101 717224 717858 1
18-07-2017-17:47:25:134 717858 718492 1
18-07-2017-17:47:25:181 718492 719126 1
18-07-2017-17:47:25:217 719126 719760 1
18-07-2017-17:47:25:263 719760 720394 1
18-07-2017-17:47:25:297 720394 721028 1
18-07-2017-17:47:26:625 721028 721662 1
18-07-2017-17:47:26:626 721662 722296 1
18-07-2017-17:47:26:626 722296 722930 1
18-07-2017-17:47:26:626 722930 723564 1
18-07-2017-17:47:26:626 723564 724198 1
18-07-2017-17:47:26:626 724198 724832 1
18-07-2017-17:47:26:626 724832 725466 1
18-07-2017-17:47:26:626 725466 726100 1
18-07-2017-17:47:26:627 726100 726734 1
18-07-2017-17:47:26:627 726734 727368 1
18-07-2017-17:47:26:627 727368 728002 1
18-07-2017-17:47:26:627 728002 728636 1
18-07-2017-17:47:26:627 728636 729270 1
18-07-2017-17:47:26:627 729270 729904 1
18-07-2017-17:47:26:627 729904 730538 1
18-07-2017-17:47:26:627 730538 731172 1
18-07-2017-17:47:26:627 731172 731806 1
18-07-2017-17:47:26:627 731806 732440 1
18-07-2017-17:47:26:627 732440 733074 1
18-07-2017-17:47:26:627 733074 733708 1
18-07-2017-17:47:26:627 733708 734342 1
18-07-2017-17:47:26:627 734342 734976 1
18-07-2017-17:47:26:628 734976 735610 1
18-07-2017-17:47:26:628 735610 736244 1
18-07-2017-17:47:26:628 736244 736878 1
18-07-2017-17:47:26:628 736878 737512 1
18-07-2017-17:47:26:628 737512 738146 1
18-07-2017-17:47:26:663 738146 738780 1
18-07-2017-17:47:26:736 738780 739414 1
18-07-2017-17:47:26:746 739414 740048 1
18-07-2017-17:47:26:792 740048 740682 1
18-07-2017-17:47:26:829 740682 741316 1
18-07-2017-17:47:26:862 741316 741950 1
18-07-2017-17:47:26:910 741950 742584 1
18-07-2017-17:47:26:944 742584 743218 1
18-07-2017-17:47:26:997 743218 743852 1
18-07-2017-17:47:27:030 743852 744486 1
18-07-2017-17:47:27:060 744486 745120 1
18-07-2017-17:47:27:106 745120 745754 1
18-07-2017-17:47:27:140 745754 746388 1
18-07-2017-17:47:27:188 746388 747022 1
18-07-2017-17:47:27:222 747022 747656 1
18-07-2017-17:47:27:258 747656 748290 1
18-07-2017-17:47:27:308 748290 748924 1
18-07-2017-17:47:27:343 748924 749558 1
18-07-2017-17:47:27:377 749558 750192 1
18-07-2017-17:47:27:424 750192 750826 1
18-07-2017-17:47:27:460 750826 751460 1
18-07-2017-17:47:27:495 751460 752094 1
18-07-2017-17:47:27:541 752094 752728 1
18-07-2017-17:47:27:577 752728 753362 1
18-07-2017-17:47:27:623 753362 753996 1
18-07-2017-17:47:27:657 753996 754630 1
18-07-2017-17:47:27:693 754630 755264 1
18-07-2017-17:47:27:738 755264 755898 1
18-07-2017-17:47:27:775 755898 756532 1
18-07-2017-17:47:27:820 756532 757166 1
18-07-2017-17:47:27:862 757166 757800 1
18-07-2017-17:47:27:896 757800 758434 1
18-07-2017-17:47:27:940 758434 759068 1
18-07-2017-17:47:27:981 759068 759702 1
18-07-2017-17:47:28:015 759702 760336 1
18-07-2017-17:47:28:059 760336 760970 1
18-07-2017-17:47:28:096 760970 761604 1
18-07-2017-17:47:28:129 761604 762238 1
18-07-2017-17:47:28:177 762238 762872 1
18-07-2017-17:47:28:212 762872 763506 1
18-07-2017-17:47:28:247 763506 764140 1
18-07-2017-17:47:28:294 764140 764774 1
18-07-2017-17:47:28:329 764774 765408 1
18-07-2017-17:47:28:375 765408 766042 1
18-07-2017-17:47:28:410 766042 766676 1
18-07-2017-17:47:28:445 766676 767310 1
18-07-2017-17:47:28:491 767310 767944 1
18-07-2017-17:47:28:713 767944 768578 1
18-07-2017-17:47:28:715 768578 769212 1
18-07-2017-17:47:28:715 769212 769846 1
18-07-2017-17:47:28:715 769846 770480 1
18-07-2017-17:47:28:715 770480 771114 1
18-07-2017-17:47:28:730 771114 771748 1
18-07-2017-17:47:28:778 771748 772382 1
18-07-2017-17:47:28:807 772382 773016 1
18-07-2017-17:47:28:841 773016 773650 1
18-07-2017-17:47:28:888 773650 774284 1
18-07-2017-17:47:28:924 774284 774918 1
18-07-2017-17:47:28:966 774918 775552 1
18-07-2017-17:47:29:000 775552 776186 1
18-07-2017-17:47:29:048 776186 776820 1
18-07-2017-17:47:29:086 776820 777454 1
18-07-2017-17:47:29:129 777454 778088 1
18-07-2017-17:47:29:163 778088 778722 1
18-07-2017-17:47:29:200 778722 779356 1
18-07-2017-17:47:29:245 779356 779990 1
18-07-2017-17:47:29:281 779990 780624 1
18-07-2017-17:47:29:328 780624 781258 1
18-07-2017-17:47:29:362 781258 781892 1
18-07-2017-17:47:29:396 781892 782526 1
