18-07-2017-18:03:09:686 0 800 1
18-07-2017-18:03:09:736 800 1600 1
18-07-2017-18:03:09:784 1600 2400 1
18-07-2017-18:03:09:835 2400 3200 1
18-07-2017-18:03:09:886 3200 4000 1
18-07-2017-18:03:09:931 4000 4800 1
18-07-2017-18:03:09:983 4800 5552 1
18-07-2017-18:03:10:036 5552 6304 1
18-07-2017-18:03:10:076 6304 7056 1
18-07-2017-18:03:10:124 7056 7808 1
18-07-2017-18:03:10:169 7808 8560 1
18-07-2017-18:03:10:218 8560 9312 1
18-07-2017-18:03:10:264 9312 10064 1
18-07-2017-18:03:10:311 10064 10816 1
18-07-2017-18:03:10:360 10816 11568 1
18-07-2017-18:03:10:404 11568 12320 1
18-07-2017-18:03:10:457 12320 13072 1
18-07-2017-18:03:10:502 13072 13824 1
18-07-2017-18:03:10:553 13824 14576 1
18-07-2017-18:03:10:597 14576 15328 1
18-07-2017-18:03:10:644 15328 16080 1
18-07-2017-18:03:10:696 16080 16832 1
18-07-2017-18:03:10:738 16832 17584 1
18-07-2017-18:03:10:784 17584 18336 1
18-07-2017-18:03:10:830 18336 19088 1
18-07-2017-18:03:10:877 19088 19840 1
18-07-2017-18:03:10:934 19840 20576 1
18-07-2017-18:03:10:972 20576 21312 1
18-07-2017-18:03:11:017 21312 22048 1
18-07-2017-18:03:11:066 22048 22784 1
18-07-2017-18:03:11:110 22784 23520 1
18-07-2017-18:03:11:157 23520 24256 1
18-07-2017-18:03:11:202 24256 24992 1
18-07-2017-18:03:11:250 24992 25728 1
18-07-2017-18:03:11:289 25728 26464 1
18-07-2017-18:03:11:338 26464 27200 1
18-07-2017-18:03:11:385 27200 27936 1
18-07-2017-18:03:11:431 27936 28672 1
18-07-2017-18:03:11:478 28672 29408 1
18-07-2017-18:03:11:525 29408 30144 1
18-07-2017-18:03:11:570 30144 30880 1
18-07-2017-18:03:11:623 30880 31616 1
18-07-2017-18:03:11:656 31616 32352 1
18-07-2017-18:03:11:704 32352 33088 1
18-07-2017-18:03:11:749 33088 33824 1
18-07-2017-18:03:11:802 33824 34560 1
18-07-2017-18:03:11:849 34560 35296 1
18-07-2017-18:03:11:895 35296 36032 1
18-07-2017-18:03:11:940 36032 36768 1
18-07-2017-18:03:11:974 36768 37504 1
18-07-2017-18:03:12:022 37504 38240 1
18-07-2017-18:03:12:068 38240 38976 1
18-07-2017-18:03:12:115 38976 39712 1
18-07-2017-18:03:12:161 39712 40448 1
18-07-2017-18:03:12:209 40448 41184 1
18-07-2017-18:03:12:256 41184 41920 1
18-07-2017-18:03:12:302 41920 42656 1
18-07-2017-18:03:12:350 42656 43392 1
18-07-2017-18:03:12:395 43392 44128 1
18-07-2017-18:03:12:443 44128 44864 1
18-07-2017-18:03:12:488 44864 45600 1
18-07-2017-18:03:12:534 45600 46336 1
18-07-2017-18:03:12:585 46336 47059 1
18-07-2017-18:03:12:623 47059 47782 1
18-07-2017-18:03:12:675 47782 48446 1
18-07-2017-18:03:12:706 48446 49110 1
18-07-2017-18:03:12:752 49110 49774 1
18-07-2017-18:03:12:929 49774 50438 1
18-07-2017-18:03:12:930 50438 51102 1
18-07-2017-18:03:12:930 51102 51766 1
18-07-2017-18:03:12:931 51766 52430 1
18-07-2017-18:03:12:949 52430 53094 1
18-07-2017-18:03:12:998 53094 53758 1
18-07-2017-18:03:13:037 53758 54422 1
18-07-2017-18:03:13:079 54422 55086 1
18-07-2017-18:03:13:125 55086 55750 1
18-07-2017-18:03:13:160 55750 56414 1
18-07-2017-18:03:13:207 56414 57078 1
18-07-2017-18:03:13:241 57078 57742 1
18-07-2017-18:03:13:288 57742 58406 1
18-07-2017-18:03:13:324 58406 59070 1
18-07-2017-18:03:13:369 59070 59734 1
18-07-2017-18:03:13:417 59734 60398 1
18-07-2017-18:03:13:452 60398 61062 1
18-07-2017-18:03:13:498 61062 61726 1
18-07-2017-18:03:13:533 61726 62390 1
18-07-2017-18:03:13:581 62390 63054 1
18-07-2017-18:03:13:614 63054 63718 1
18-07-2017-18:03:13:662 63718 64382 1
18-07-2017-18:03:13:699 64382 65046 1
18-07-2017-18:03:13:747 65046 65710 1
18-07-2017-18:03:13:783 65710 66374 1
18-07-2017-18:03:13:828 66374 67038 1
18-07-2017-18:03:13:863 67038 67702 1
18-07-2017-18:03:13:909 67702 68366 1
18-07-2017-18:03:13:953 68366 69030 1
18-07-2017-18:03:13:998 69030 69694 1
18-07-2017-18:03:14:043 69694 70358 1
18-07-2017-18:03:14:072 70358 71022 1
18-07-2017-18:03:14:112 71022 71686 1
18-07-2017-18:03:14:165 71686 72350 1
18-07-2017-18:03:14:200 72350 73014 1
18-07-2017-18:03:14:247 73014 73678 1
18-07-2017-18:03:14:280 73678 74342 1
18-07-2017-18:03:14:328 74342 75006 1
18-07-2017-18:03:14:363 75006 75670 1
18-07-2017-18:03:14:409 75670 76334 1
18-07-2017-18:03:14:444 76334 76998 1
18-07-2017-18:03:14:492 76998 77662 1
18-07-2017-18:03:14:538 77662 78326 1
18-07-2017-18:03:14:573 78326 78990 1
18-07-2017-18:03:14:619 78990 79654 1
18-07-2017-18:03:14:656 79654 80318 1
18-07-2017-18:03:14:701 80318 80982 1
18-07-2017-18:03:14:735 80982 81646 1
18-07-2017-18:03:14:785 81646 82310 1
18-07-2017-18:03:14:818 82310 82974 1
18-07-2017-18:03:14:866 82974 83638 1
18-07-2017-18:03:14:912 83638 84302 1
18-07-2017-18:03:14:950 84302 84966 1
18-07-2017-18:03:14:994 84966 85630 1
18-07-2017-18:03:15:028 85630 86294 1
18-07-2017-18:03:15:075 86294 86958 1
18-07-2017-18:03:15:110 86958 87622 1
18-07-2017-18:03:15:156 87622 88286 1
18-07-2017-18:03:15:197 88286 88950 1
18-07-2017-18:03:15:242 88950 89614 1
18-07-2017-18:03:15:281 89614 90278 1
18-07-2017-18:03:15:325 90278 90942 1
18-07-2017-18:03:15:358 90942 91606 1
18-07-2017-18:03:15:405 91606 92270 1
18-07-2017-18:03:15:439 92270 92934 1
18-07-2017-18:03:15:486 92934 93598 1
18-07-2017-18:03:15:528 93598 94262 1
18-07-2017-18:03:15:574 94262 94926 1
18-07-2017-18:03:15:610 94926 95590 1
18-07-2017-18:03:15:656 95590 96254 1
18-07-2017-18:03:15:691 96254 96918 1
18-07-2017-18:03:15:738 96918 97582 1
18-07-2017-18:03:15:773 97582 98246 1
18-07-2017-18:03:15:819 98246 98910 1
18-07-2017-18:03:15:866 98910 99574 1
18-07-2017-18:03:15:902 99574 100238 1
18-07-2017-18:03:16:396 100238 100902 1
18-07-2017-18:03:16:398 100902 101566 1
18-07-2017-18:03:16:398 101566 102230 1
18-07-2017-18:03:16:398 102230 102894 1
18-07-2017-18:03:16:398 102894 103558 1
18-07-2017-18:03:16:398 103558 104222 1
18-07-2017-18:03:16:398 104222 104886 1
18-07-2017-18:03:16:398 104886 105550 1
18-07-2017-18:03:16:398 105550 106214 1
18-07-2017-18:03:16:398 106214 106878 1
18-07-2017-18:03:16:398 106878 107542 1
18-07-2017-18:03:16:403 107542 108206 1
18-07-2017-18:03:16:438 108206 108870 1
18-07-2017-18:03:16:485 108870 109534 1
18-07-2017-18:03:16:521 109534 110198 1
18-07-2017-18:03:16:566 110198 110862 1
18-07-2017-18:03:16:612 110862 111526 1
18-07-2017-18:03:16:648 111526 112190 1
18-07-2017-18:03:16:694 112190 112854 1
18-07-2017-18:03:16:730 112854 113518 1
18-07-2017-18:03:16:776 113518 114182 1
18-07-2017-18:03:16:810 114182 114846 1
18-07-2017-18:03:16:862 114846 115510 1
18-07-2017-18:03:16:894 115510 116174 1
18-07-2017-18:03:16:940 116174 116838 1
18-07-2017-18:03:16:975 116838 117502 1
18-07-2017-18:03:17:021 117502 118166 1
18-07-2017-18:03:17:068 118166 118830 1
18-07-2017-18:03:17:104 118830 119494 1
18-07-2017-18:03:17:150 119494 120158 1
18-07-2017-18:03:17:185 120158 120822 1
18-07-2017-18:03:17:232 120822 121486 1
18-07-2017-18:03:17:267 121486 122150 1
18-07-2017-18:03:17:314 122150 122814 1
18-07-2017-18:03:17:359 122814 123478 1
18-07-2017-18:03:17:394 123478 124142 1
18-07-2017-18:03:17:442 124142 124806 1
18-07-2017-18:03:17:476 124806 125470 1
18-07-2017-18:03:17:524 125470 126134 1
18-07-2017-18:03:17:778 126134 126798 1
18-07-2017-18:03:17:779 126798 127462 1
18-07-2017-18:03:17:780 127462 128126 1
18-07-2017-18:03:17:780 128126 128790 1
18-07-2017-18:03:17:781 128790 129454 1
18-07-2017-18:03:17:781 129454 130118 1
18-07-2017-18:03:17:810 130118 130782 1
18-07-2017-18:03:17:856 130782 131446 1
18-07-2017-18:03:17:890 131446 132110 1
18-07-2017-18:03:17:938 132110 132774 1
18-07-2017-18:03:17:972 132774 133438 1
18-07-2017-18:03:18:019 133438 134102 1
18-07-2017-18:03:18:054 134102 134766 1
18-07-2017-18:03:18:100 134766 135430 1
18-07-2017-18:03:18:148 135430 136094 1
18-07-2017-18:03:18:183 136094 136758 1
18-07-2017-18:03:18:229 136758 137422 1
18-07-2017-18:03:18:264 137422 138086 1
18-07-2017-18:03:18:311 138086 138750 1
18-07-2017-18:03:18:346 138750 139414 1
18-07-2017-18:03:18:403 139414 140078 1
18-07-2017-18:03:18:436 140078 140742 1
18-07-2017-18:03:18:471 140742 141406 1
18-07-2017-18:03:18:517 141406 142070 1
18-07-2017-18:03:18:565 142070 142734 1
18-07-2017-18:03:18:599 142734 143398 1
18-07-2017-18:03:18:644 143398 144062 1
18-07-2017-18:03:18:680 144062 144726 1
18-07-2017-18:03:18:728 144726 145390 1
18-07-2017-18:03:18:762 145390 146054 1
18-07-2017-18:03:18:808 146054 146718 1
18-07-2017-18:03:18:844 146718 147382 1
18-07-2017-18:03:18:890 147382 148046 1
18-07-2017-18:03:18:938 148046 148710 1
18-07-2017-18:03:18:974 148710 149374 1
18-07-2017-18:03:19:018 149374 150038 1
18-07-2017-18:03:19:055 150038 150702 1
18-07-2017-18:03:19:100 150702 151366 1
18-07-2017-18:03:19:135 151366 152030 1
18-07-2017-18:03:19:182 152030 152694 1
18-07-2017-18:03:19:217 152694 153358 1
18-07-2017-18:03:19:263 153358 154022 1
18-07-2017-18:03:19:309 154022 154686 1
18-07-2017-18:03:19:346 154686 155350 1
18-07-2017-18:03:19:391 155350 156014 1
18-07-2017-18:03:19:426 156014 156678 1
18-07-2017-18:03:19:472 156678 157342 1
18-07-2017-18:03:19:509 157342 158006 1
18-07-2017-18:03:19:555 158006 158670 1
18-07-2017-18:03:19:589 158670 159334 1
18-07-2017-18:03:19:636 159334 159998 1
18-07-2017-18:03:19:682 159998 160662 1
18-07-2017-18:03:19:717 160662 161326 1
18-07-2017-18:03:19:765 161326 161990 1
18-07-2017-18:03:19:806 161990 162654 1
18-07-2017-18:03:19:998 162654 163318 1
18-07-2017-18:03:19:999 163318 163982 1
18-07-2017-18:03:19:999 163982 164646 1
18-07-2017-18:03:19:999 164646 165310 1
18-07-2017-18:03:20:005 165310 165974 1
18-07-2017-18:03:20:056 165974 166638 1
18-07-2017-18:03:20:099 166638 167302 1
18-07-2017-18:03:20:133 167302 167966 1
18-07-2017-18:03:20:180 167966 168630 1
18-07-2017-18:03:20:215 168630 169294 1
18-07-2017-18:03:20:261 169294 169958 1
18-07-2017-18:03:20:296 169958 170622 1
18-07-2017-18:03:20:344 170622 171286 1
18-07-2017-18:03:20:378 171286 171950 1
18-07-2017-18:03:20:424 171950 172614 1
18-07-2017-18:03:20:471 172614 173278 1
18-07-2017-18:03:20:507 173278 173942 1
18-07-2017-18:03:20:553 173942 174606 1
18-07-2017-18:03:20:588 174606 175270 1
18-07-2017-18:03:20:634 175270 175934 1
18-07-2017-18:03:20:669 175934 176598 1
18-07-2017-18:03:20:716 176598 177262 1
18-07-2017-18:03:20:751 177262 177926 1
18-07-2017-18:03:20:798 177926 178590 1
18-07-2017-18:03:20:845 178590 179254 1
18-07-2017-18:03:20:880 179254 179918 1
18-07-2017-18:03:21:142 179918 180582 1
18-07-2017-18:03:21:144 180582 181246 1
18-07-2017-18:03:21:144 181246 181910 1
18-07-2017-18:03:21:144 181910 182574 1
18-07-2017-18:03:21:145 182574 183238 1
18-07-2017-18:03:21:145 183238 183902 1
18-07-2017-18:03:21:174 183902 184566 1
18-07-2017-18:03:21:209 184566 185230 1
18-07-2017-18:03:21:267 185230 185894 1
18-07-2017-18:03:21:293 185894 186558 1
18-07-2017-18:03:21:339 186558 187222 1
18-07-2017-18:03:21:386 187222 187886 1
18-07-2017-18:03:21:421 187886 188550 1
18-07-2017-18:03:21:466 188550 189214 1
18-07-2017-18:03:21:501 189214 189878 1
18-07-2017-18:03:21:547 189878 190542 1
18-07-2017-18:03:21:584 190542 191206 1
18-07-2017-18:03:21:630 191206 191870 1
18-07-2017-18:03:21:665 191870 192534 1
18-07-2017-18:03:21:712 192534 193198 1
18-07-2017-18:03:21:750 193198 193862 1
18-07-2017-18:03:21:798 193862 194526 1
18-07-2017-18:03:21:831 194526 195190 1
18-07-2017-18:03:21:877 195190 195854 1
18-07-2017-18:03:21:925 195854 196518 1
18-07-2017-18:03:21:960 196518 197182 1
18-07-2017-18:03:22:006 197182 197846 1
18-07-2017-18:03:22:042 197846 198510 1
18-07-2017-18:03:22:090 198510 199174 1
18-07-2017-18:03:22:124 199174 199838 1
18-07-2017-18:03:22:170 199838 200502 1
18-07-2017-18:03:22:205 200502 201166 1
18-07-2017-18:03:22:251 201166 201830 1
18-07-2017-18:03:22:299 201830 202494 1
18-07-2017-18:03:22:334 202494 203158 1
18-07-2017-18:03:22:383 203158 203822 1
18-07-2017-18:03:22:417 203822 204486 1
18-07-2017-18:03:22:472 204486 205150 1
18-07-2017-18:03:22:503 205150 205814 1
18-07-2017-18:03:22:544 205814 206478 1
18-07-2017-18:03:22:578 206478 207142 1
18-07-2017-18:03:22:629 207142 207806 1
18-07-2017-18:03:22:679 207806 208470 1
18-07-2017-18:03:22:715 208470 209134 1
18-07-2017-18:03:22:746 209134 209798 1
18-07-2017-18:03:22:796 209798 210462 1
18-07-2017-18:03:22:828 210462 211126 1
18-07-2017-18:03:22:879 211126 211790 1
18-07-2017-18:03:22:917 211790 212454 1
18-07-2017-18:03:22:952 212454 213118 1
18-07-2017-18:03:23:000 213118 213782 1
18-07-2017-18:03:23:039 213782 214446 1
18-07-2017-18:03:23:085 214446 215110 1
18-07-2017-18:03:23:120 215110 215774 1
18-07-2017-18:03:23:167 215774 216438 1
18-07-2017-18:03:23:206 216438 217102 1
18-07-2017-18:03:23:249 217102 217766 1
18-07-2017-18:03:23:287 217766 218430 1
18-07-2017-18:03:23:431 218430 219094 1
18-07-2017-18:03:23:433 219094 219758 1
18-07-2017-18:03:23:433 219758 220422 1
18-07-2017-18:03:23:449 220422 221086 1
18-07-2017-18:03:23:495 221086 221750 1
18-07-2017-18:03:23:535 221750 222414 1
18-07-2017-18:03:23:582 222414 223078 1
18-07-2017-18:03:23:619 223078 223742 1
18-07-2017-18:03:23:663 223742 224406 1
18-07-2017-18:03:23:700 224406 225070 1
18-07-2017-18:03:23:744 225070 225734 1
18-07-2017-18:03:23:792 225734 226398 1
18-07-2017-18:03:23:827 226398 227062 1
18-07-2017-18:03:23:873 227062 227726 1
18-07-2017-18:03:23:908 227726 228390 1
18-07-2017-18:03:23:954 228390 229054 1
18-07-2017-18:03:23:989 229054 229718 1
18-07-2017-18:03:24:037 229718 230382 1
18-07-2017-18:03:24:070 230382 231046 1
18-07-2017-18:03:24:118 231046 231710 1
18-07-2017-18:03:24:163 231710 232374 1
18-07-2017-18:03:24:199 232374 233038 1
18-07-2017-18:03:24:246 233038 233702 1
18-07-2017-18:03:24:281 233702 234366 1
18-07-2017-18:03:24:329 234366 235030 1
18-07-2017-18:03:24:362 235030 235694 1
18-07-2017-18:03:24:409 235694 236358 1
18-07-2017-18:03:24:444 236358 237022 1
18-07-2017-18:03:24:487 237022 237686 1
18-07-2017-18:03:24:534 237686 238350 1
18-07-2017-18:03:24:580 238350 239014 1
18-07-2017-18:03:24:621 239014 239678 1
18-07-2017-18:03:24:657 239678 240342 1
18-07-2017-18:03:24:707 240342 241006 1
18-07-2017-18:03:24:752 241006 241670 1
18-07-2017-18:03:24:779 241670 242334 1
18-07-2017-18:03:24:825 242334 242998 1
18-07-2017-18:03:24:870 242998 243662 1
18-07-2017-18:03:24:905 243662 244326 1
18-07-2017-18:03:24:953 244326 244990 1
18-07-2017-18:03:24:988 244990 245654 1
18-07-2017-18:03:25:034 245654 246318 1
18-07-2017-18:03:25:069 246318 246982 1
18-07-2017-18:03:25:123 246982 247646 1
18-07-2017-18:03:25:155 247646 248310 1
18-07-2017-18:03:25:205 248310 248974 1
18-07-2017-18:03:25:238 248974 249638 1
18-07-2017-18:03:25:286 249638 250302 1
18-07-2017-18:03:25:322 250302 250966 1
18-07-2017-18:03:25:366 250966 251630 1
18-07-2017-18:03:25:400 251630 252294 1
18-07-2017-18:03:25:449 252294 252958 1
18-07-2017-18:03:25:484 252958 253622 1
18-07-2017-18:03:25:530 253622 254286 1
18-07-2017-18:03:25:576 254286 254950 1
18-07-2017-18:03:25:611 254950 255614 1
18-07-2017-18:03:25:657 255614 256278 1
18-07-2017-18:03:25:692 256278 256942 1
18-07-2017-18:03:25:740 256942 257606 1
18-07-2017-18:03:25:774 257606 258270 1
18-07-2017-18:03:25:821 258270 258934 1
18-07-2017-18:03:25:857 258934 259598 1
18-07-2017-18:03:25:903 259598 260262 1
18-07-2017-18:03:25:949 260262 260926 1
18-07-2017-18:03:25:991 260926 261590 1
18-07-2017-18:03:26:036 261590 262254 1
18-07-2017-18:03:26:065 262254 262918 1
18-07-2017-18:03:26:112 262918 263582 1
18-07-2017-18:03:26:147 263582 264246 1
18-07-2017-18:03:26:194 264246 264910 1
18-07-2017-18:03:26:229 264910 265574 1
18-07-2017-18:03:26:277 265574 266238 1
18-07-2017-18:03:26:323 266238 266902 1
18-07-2017-18:03:26:358 266902 267566 1
18-07-2017-18:03:26:404 267566 268230 1
18-07-2017-18:03:26:441 268230 268894 1
18-07-2017-18:03:26:503 268894 269558 1
18-07-2017-18:03:26:527 269558 270222 1
18-07-2017-18:03:26:569 270222 270886 1
18-07-2017-18:03:27:046 270886 271550 1
18-07-2017-18:03:27:048 271550 272214 1
18-07-2017-18:03:27:048 272214 272878 1
18-07-2017-18:03:27:049 272878 273542 1
18-07-2017-18:03:27:049 273542 274206 1
18-07-2017-18:03:27:049 274206 274870 1
18-07-2017-18:03:27:049 274870 275534 1
18-07-2017-18:03:27:049 275534 276198 1
18-07-2017-18:03:27:049 276198 276862 1
18-07-2017-18:03:27:049 276862 277526 1
18-07-2017-18:03:27:049 277526 278190 1
18-07-2017-18:03:27:069 278190 278854 1
18-07-2017-18:03:27:105 278854 279518 1
18-07-2017-18:03:27:154 279518 280182 1
18-07-2017-18:03:27:186 280182 280846 1
18-07-2017-18:03:27:233 280846 281510 1
18-07-2017-18:03:27:269 281510 282174 1
18-07-2017-18:03:27:314 282174 282838 1
18-07-2017-18:03:27:351 282838 283502 1
18-07-2017-18:03:27:397 283502 284166 1
18-07-2017-18:03:27:443 284166 284830 1
18-07-2017-18:03:27:477 284830 285494 1
18-07-2017-18:03:27:525 285494 286158 1
18-07-2017-18:03:27:559 286158 286822 1
18-07-2017-18:03:27:606 286822 287486 1
18-07-2017-18:03:27:642 287486 288150 1
18-07-2017-18:03:27:688 288150 288814 1
18-07-2017-18:03:27:734 288814 289478 1
18-07-2017-18:03:27:770 289478 290142 1
18-07-2017-18:03:27:817 290142 290806 1
18-07-2017-18:03:27:852 290806 291470 1
18-07-2017-18:03:27:898 291470 292134 1
18-07-2017-18:03:27:932 292134 292798 1
18-07-2017-18:03:27:978 292798 293462 1
18-07-2017-18:03:28:014 293462 294126 1
18-07-2017-18:03:28:060 294126 294790 1
18-07-2017-18:03:28:107 294790 295454 1
18-07-2017-18:03:28:139 295454 296118 1
18-07-2017-18:03:28:187 296118 296782 1
18-07-2017-18:03:28:221 296782 297446 1
18-07-2017-18:03:28:267 297446 298110 1
18-07-2017-18:03:28:315 298110 298774 1
18-07-2017-18:03:28:349 298774 299438 1
18-07-2017-18:03:28:396 299438 300102 1
18-07-2017-18:03:28:432 300102 300766 1
18-07-2017-18:03:28:477 300766 301430 1
18-07-2017-18:03:28:513 301430 302094 1
18-07-2017-18:03:28:560 302094 302758 1
18-07-2017-18:03:28:595 302758 303422 1
18-07-2017-18:03:28:641 303422 304086 1
18-07-2017-18:03:28:687 304086 304750 1
18-07-2017-18:03:28:724 304750 305414 1
18-07-2017-18:03:28:771 305414 306078 1
18-07-2017-18:03:28:805 306078 306742 1
18-07-2017-18:03:28:851 306742 307406 1
18-07-2017-18:03:28:885 307406 308070 1
18-07-2017-18:03:28:934 308070 308734 1
18-07-2017-18:03:28:980 308734 309398 1
18-07-2017-18:03:29:028 309398 310062 1
18-07-2017-18:03:29:062 310062 310726 1
18-07-2017-18:03:29:097 310726 311390 1
18-07-2017-18:03:29:142 311390 312054 1
18-07-2017-18:03:29:178 312054 312718 1
18-07-2017-18:03:29:225 312718 313382 1
18-07-2017-18:03:29:264 313382 314046 1
18-07-2017-18:03:29:306 314046 314710 1
18-07-2017-18:03:29:353 314710 315374 1
18-07-2017-18:03:29:389 315374 316038 1
18-07-2017-18:03:29:434 316038 316702 1
18-07-2017-18:03:29:469 316702 317366 1
18-07-2017-18:03:29:519 317366 318030 1
18-07-2017-18:03:29:551 318030 318694 1
18-07-2017-18:03:29:598 318694 319358 1
18-07-2017-18:03:29:633 319358 320022 1
18-07-2017-18:03:29:680 320022 320686 1
18-07-2017-18:03:29:725 320686 321350 1
18-07-2017-18:03:30:134 321350 322014 1
18-07-2017-18:03:30:135 322014 322678 1
18-07-2017-18:03:30:136 322678 323342 1
18-07-2017-18:03:30:136 323342 324006 1
18-07-2017-18:03:30:136 324006 324670 1
18-07-2017-18:03:30:136 324670 325334 1
18-07-2017-18:03:30:136 325334 325998 1
18-07-2017-18:03:30:136 325998 326662 1
18-07-2017-18:03:30:136 326662 327326 1
18-07-2017-18:03:30:136 327326 327990 1
18-07-2017-18:03:30:177 327990 328654 1
18-07-2017-18:03:30:224 328654 329318 1
18-07-2017-18:03:30:259 329318 329982 1
18-07-2017-18:03:30:305 329982 330646 1
18-07-2017-18:03:30:341 330646 331310 1
18-07-2017-18:03:30:387 331310 331974 1
18-07-2017-18:03:30:421 331974 332638 1
18-07-2017-18:03:30:469 332638 333302 1
18-07-2017-18:03:30:505 333302 333966 1
18-07-2017-18:03:30:551 333966 334630 1
18-07-2017-18:03:30:597 334630 335294 1
18-07-2017-18:03:30:633 335294 335958 1
18-07-2017-18:03:30:678 335958 336622 1
18-07-2017-18:03:30:714 336622 337286 1
18-07-2017-18:03:30:760 337286 337950 1
18-07-2017-18:03:30:796 337950 338614 1
18-07-2017-18:03:30:841 338614 339278 1
18-07-2017-18:03:30:878 339278 339942 1
18-07-2017-18:03:30:924 339942 340606 1
18-07-2017-18:03:30:971 340606 341270 1
18-07-2017-18:03:31:004 341270 341934 1
18-07-2017-18:03:31:052 341934 342598 1
18-07-2017-18:03:31:086 342598 343262 1
18-07-2017-18:03:31:134 343262 343926 1
18-07-2017-18:03:31:168 343926 344590 1
18-07-2017-18:03:31:216 344590 345254 1
18-07-2017-18:03:31:263 345254 345918 1
18-07-2017-18:03:31:296 345918 346582 1
18-07-2017-18:03:31:345 346582 347246 1
18-07-2017-18:03:31:378 347246 347910 1
18-07-2017-18:03:31:425 347910 348574 1
18-07-2017-18:03:31:460 348574 349238 1
18-07-2017-18:03:31:506 349238 349902 1
18-07-2017-18:03:31:541 349902 350566 1
18-07-2017-18:03:31:588 350566 351230 1
18-07-2017-18:03:31:636 351230 351894 1
18-07-2017-18:03:31:684 351894 352558 1
18-07-2017-18:03:31:720 352558 353222 1
18-07-2017-18:03:31:753 353222 353886 1
18-07-2017-18:03:31:799 353886 354550 1
18-07-2017-18:03:31:833 354550 355214 1
18-07-2017-18:03:31:881 355214 355878 1
18-07-2017-18:03:31:918 355878 356542 1
18-07-2017-18:03:31:963 356542 357206 1
18-07-2017-18:03:32:008 357206 357870 1
18-07-2017-18:03:32:044 357870 358534 1
18-07-2017-18:03:32:090 358534 359198 1
18-07-2017-18:03:32:124 359198 359862 1
18-07-2017-18:03:32:171 359862 360526 1
18-07-2017-18:03:32:207 360526 361190 1
18-07-2017-18:03:32:253 361190 361854 1
18-07-2017-18:03:32:288 361854 362518 1
18-07-2017-18:03:32:335 362518 363182 1
18-07-2017-18:03:32:382 363182 363846 1
18-07-2017-18:03:32:416 363846 364510 1
18-07-2017-18:03:32:468 364510 365174 1
18-07-2017-18:03:32:500 365174 365838 1
18-07-2017-18:03:32:546 365838 366502 1
18-07-2017-18:03:32:579 366502 367166 1
18-07-2017-18:03:32:626 367166 367830 1
18-07-2017-18:03:32:661 367830 368494 1
18-07-2017-18:03:32:708 368494 369158 1
18-07-2017-18:03:32:756 369158 369822 1
18-07-2017-18:03:32:790 369822 370486 1
18-07-2017-18:03:32:837 370486 371150 1
18-07-2017-18:03:32:879 371150 371814 1
18-07-2017-18:03:33:433 371814 372478 1
18-07-2017-18:03:33:434 372478 373142 1
18-07-2017-18:03:33:434 373142 373806 1
18-07-2017-18:03:33:434 373806 374470 1
18-07-2017-18:03:33:435 374470 375134 1
18-07-2017-18:03:33:435 375134 375798 1
18-07-2017-18:03:33:435 375798 376462 1
18-07-2017-18:03:33:435 376462 377126 1
18-07-2017-18:03:33:435 377126 377790 1
18-07-2017-18:03:33:435 377790 378454 1
18-07-2017-18:03:33:435 378454 379118 1
18-07-2017-18:03:33:435 379118 379782 1
18-07-2017-18:03:33:435 379782 380446 1
18-07-2017-18:03:33:451 380446 381110 1
18-07-2017-18:03:33:497 381110 381774 1
18-07-2017-18:03:33:544 381774 382438 1
18-07-2017-18:03:33:580 382438 383102 1
18-07-2017-18:03:33:626 383102 383766 1
18-07-2017-18:03:33:661 383766 384430 1
18-07-2017-18:03:33:708 384430 385094 1
18-07-2017-18:03:33:748 385094 385758 1
18-07-2017-18:03:33:787 385758 386422 1
18-07-2017-18:03:33:833 386422 387086 1
18-07-2017-18:03:33:867 387086 387750 1
18-07-2017-18:03:33:914 387750 388414 1
18-07-2017-18:03:33:949 388414 389078 1
18-07-2017-18:03:33:996 389078 389742 1
18-07-2017-18:03:34:031 389742 390406 1
18-07-2017-18:03:34:077 390406 391070 1
18-07-2017-18:03:34:125 391070 391734 1
18-07-2017-18:03:34:160 391734 392398 1
18-07-2017-18:03:34:207 392398 393062 1
18-07-2017-18:03:34:241 393062 393726 1
18-07-2017-18:03:34:287 393726 394390 1
18-07-2017-18:03:34:322 394390 395054 1
18-07-2017-18:03:34:370 395054 395718 1
18-07-2017-18:03:34:405 395718 396382 1
18-07-2017-18:03:34:451 396382 397046 1
18-07-2017-18:03:34:498 397046 397710 1
18-07-2017-18:03:34:532 397710 398374 1
18-07-2017-18:03:34:580 398374 399038 1
18-07-2017-18:03:34:613 399038 399702 1
18-07-2017-18:03:34:661 399702 400366 1
18-07-2017-18:03:34:696 400366 401030 1
18-07-2017-18:03:34:744 401030 401694 1
18-07-2017-18:03:34:789 401694 402358 1
18-07-2017-18:03:34:825 402358 403022 1
18-07-2017-18:03:34:871 403022 403686 1
18-07-2017-18:03:34:905 403686 404350 1
18-07-2017-18:03:34:952 404350 405014 1
18-07-2017-18:03:34:988 405014 405678 1
18-07-2017-18:03:35:036 405678 406342 1
18-07-2017-18:03:35:079 406342 407006 1
18-07-2017-18:03:35:116 407006 407670 1
18-07-2017-18:03:35:167 407670 408334 1
18-07-2017-18:03:35:200 408334 408998 1
18-07-2017-18:03:35:238 408998 409662 1
18-07-2017-18:03:35:286 409662 410326 1
18-07-2017-18:03:35:320 410326 410990 1
18-07-2017-18:03:35:366 410990 411654 1
18-07-2017-18:03:35:402 411654 412318 1
18-07-2017-18:03:35:447 412318 412982 1
18-07-2017-18:03:35:495 412982 413646 1
18-07-2017-18:03:35:528 413646 414310 1
18-07-2017-18:03:35:576 414310 414974 1
18-07-2017-18:03:35:610 414974 415638 1
18-07-2017-18:03:35:658 415638 416302 1
18-07-2017-18:03:35:692 416302 416966 1
18-07-2017-18:03:35:739 416966 417630 1
18-07-2017-18:03:35:773 417630 418294 1
18-07-2017-18:03:35:821 418294 418958 1
18-07-2017-18:03:35:867 418958 419622 1
18-07-2017-18:03:35:908 419622 420286 1
18-07-2017-18:03:35:953 420286 420950 1
18-07-2017-18:03:35:988 420950 421614 1
18-07-2017-18:03:36:024 421614 422278 1
18-07-2017-18:03:36:289 422278 422942 1
18-07-2017-18:03:36:291 422942 423606 1
18-07-2017-18:03:36:291 423606 424270 1
18-07-2017-18:03:36:291 424270 424934 1
18-07-2017-18:03:36:291 424934 425598 1
18-07-2017-18:03:36:291 425598 426262 1
18-07-2017-18:03:36:320 426262 426926 1
18-07-2017-18:03:36:372 426926 427590 1
18-07-2017-18:03:36:401 427590 428254 1
18-07-2017-18:03:36:448 428254 428918 1
18-07-2017-18:03:36:484 428918 429582 1
18-07-2017-18:03:36:529 429582 430246 1
18-07-2017-18:03:36:564 430246 430910 1
18-07-2017-18:03:36:611 430910 431574 1
18-07-2017-18:03:36:647 431574 432238 1
18-07-2017-18:03:36:693 432238 432902 1
18-07-2017-18:03:36:739 432902 433566 1
18-07-2017-18:03:36:774 433566 434230 1
18-07-2017-18:03:36:822 434230 434894 1
18-07-2017-18:03:36:855 434894 435558 1
18-07-2017-18:03:36:902 435558 436222 1
18-07-2017-18:03:36:938 436222 436886 1
18-07-2017-18:03:36:985 436886 437550 1
18-07-2017-18:03:37:019 437550 438214 1
18-07-2017-18:03:37:066 438214 438878 1
18-07-2017-18:03:37:113 438878 439542 1
18-07-2017-18:03:37:147 439542 440206 1
18-07-2017-18:03:37:193 440206 440870 1
18-07-2017-18:03:37:239 440870 441534 1
18-07-2017-18:03:37:276 441534 442198 1
18-07-2017-18:03:37:311 442198 442862 1
18-07-2017-18:03:37:358 442862 443526 1
18-07-2017-18:03:37:393 443526 444190 1
18-07-2017-18:03:37:440 444190 444854 1
18-07-2017-18:03:37:493 444854 445518 1
18-07-2017-18:03:37:520 445518 446182 1
18-07-2017-18:03:37:568 446182 446846 1
18-07-2017-18:03:37:601 446846 447510 1
18-07-2017-18:03:37:649 447510 448174 1
18-07-2017-18:03:37:684 448174 448838 1
18-07-2017-18:03:37:741 448838 449502 1
18-07-2017-18:03:37:767 449502 450166 1
18-07-2017-18:03:37:813 450166 450830 1
18-07-2017-18:03:38:362 450830 451494 1
18-07-2017-18:03:38:365 451494 452158 1
18-07-2017-18:03:38:365 452158 452822 1
18-07-2017-18:03:38:365 452822 453486 1
18-07-2017-18:03:38:365 453486 454150 1
18-07-2017-18:03:38:365 454150 454814 1
18-07-2017-18:03:38:365 454814 455478 1
18-07-2017-18:03:38:365 455478 456142 1
18-07-2017-18:03:38:365 456142 456806 1
18-07-2017-18:03:38:366 456806 457470 1
18-07-2017-18:03:38:366 457470 458134 1
18-07-2017-18:03:38:366 458134 458798 1
18-07-2017-18:03:38:366 458798 459462 1
18-07-2017-18:03:38:392 459462 460126 1
18-07-2017-18:03:38:431 460126 460790 1
18-07-2017-18:03:38:483 460790 461454 1
18-07-2017-18:03:38:521 461454 462118 1
18-07-2017-18:03:38:569 462118 462782 1
18-07-2017-18:03:38:597 462782 463446 1
18-07-2017-18:03:38:649 463446 464110 1
18-07-2017-18:03:38:682 464110 464774 1
18-07-2017-18:03:38:729 464774 465438 1
18-07-2017-18:03:38:764 465438 466102 1
18-07-2017-18:03:38:817 466102 466766 1
18-07-2017-18:03:38:853 466766 467430 1
18-07-2017-18:03:38:888 467430 468094 1
18-07-2017-18:03:38:935 468094 468758 1
18-07-2017-18:03:38:982 468758 469422 1
18-07-2017-18:03:39:014 469422 470086 1
18-07-2017-18:03:39:063 470086 470750 1
18-07-2017-18:03:39:096 470750 471414 1
18-07-2017-18:03:39:143 471414 472078 1
18-07-2017-18:03:39:179 472078 472742 1
18-07-2017-18:03:39:226 472742 473406 1
18-07-2017-18:03:39:261 473406 474070 1
18-07-2017-18:03:39:306 474070 474734 1
18-07-2017-18:03:39:353 474734 475398 1
18-07-2017-18:03:39:391 475398 476062 1
18-07-2017-18:03:39:434 476062 476726 1
18-07-2017-18:03:39:478 476726 477390 1
18-07-2017-18:03:39:511 477390 478054 1
18-07-2017-18:03:39:558 478054 478718 1
18-07-2017-18:03:39:595 478718 479382 1
18-07-2017-18:03:39:638 479382 480046 1
18-07-2017-18:03:39:686 480046 480710 1
18-07-2017-18:03:39:721 480710 481374 1
18-07-2017-18:03:39:769 481374 482038 1
18-07-2017-18:03:39:802 482038 482702 1
18-07-2017-18:03:39:850 482702 483366 1
18-07-2017-18:03:39:885 483366 484030 1
18-07-2017-18:03:39:932 484030 484694 1
18-07-2017-18:03:39:965 484694 485358 1
18-07-2017-18:03:40:014 485358 486022 1
18-07-2017-18:03:40:059 486022 486686 1
18-07-2017-18:03:40:093 486686 487350 1
18-07-2017-18:03:40:140 487350 488014 1
18-07-2017-18:03:40:176 488014 488678 1
18-07-2017-18:03:40:221 488678 489342 1
18-07-2017-18:03:40:257 489342 490006 1
18-07-2017-18:03:40:308 490006 490662 1
18-07-2017-18:03:40:349 490662 491318 1
18-07-2017-18:03:40:383 491318 491974 1
18-07-2017-18:03:40:429 491974 492630 1
18-07-2017-18:03:40:465 492630 493286 1
18-07-2017-18:03:40:511 493286 493942 1
18-07-2017-18:03:40:546 493942 494598 1
18-07-2017-18:03:40:592 494598 495254 1
18-07-2017-18:03:40:628 495254 495910 1
18-07-2017-18:03:40:675 495910 496566 1
18-07-2017-18:03:40:714 496566 497222 1
18-07-2017-18:03:40:768 497222 497878 1
18-07-2017-18:03:40:793 497878 498534 1
18-07-2017-18:03:40:921 498534 499190 1
18-07-2017-18:03:40:923 499190 499846 1
18-07-2017-18:03:40:923 499846 500502 1
18-07-2017-18:03:40:955 500502 501158 1
18-07-2017-18:03:41:002 501158 501814 1
18-07-2017-18:03:41:039 501814 502470 1
18-07-2017-18:03:41:086 502470 503126 1
18-07-2017-18:03:41:121 503126 503782 1
18-07-2017-18:03:41:167 503782 504438 1
18-07-2017-18:03:41:200 504438 505094 1
18-07-2017-18:03:41:248 505094 505750 1
18-07-2017-18:03:41:282 505750 506406 1
18-07-2017-18:03:41:328 506406 507062 1
18-07-2017-18:03:41:364 507062 507718 1
18-07-2017-18:03:41:410 507718 508374 1
18-07-2017-18:03:41:445 508374 509030 1
18-07-2017-18:03:41:491 509030 509686 1
18-07-2017-18:03:41:531 509686 510342 1
18-07-2017-18:03:41:573 510342 510998 1
18-07-2017-18:03:41:619 510998 511654 1
18-07-2017-18:03:41:665 511654 512310 1
18-07-2017-18:03:41:700 512310 512966 1
18-07-2017-18:03:41:737 512966 513622 1
18-07-2017-18:03:41:781 513622 514278 1
18-07-2017-18:03:41:817 514278 514934 1
18-07-2017-18:03:41:863 514934 515590 1
18-07-2017-18:03:41:899 515590 516246 1
18-07-2017-18:03:41:946 516246 516902 1
18-07-2017-18:03:41:982 516902 517558 1
18-07-2017-18:03:42:026 517558 518214 1
18-07-2017-18:03:42:061 518214 518870 1
18-07-2017-18:03:42:108 518870 519526 1
18-07-2017-18:03:42:145 519526 520182 1
18-07-2017-18:03:42:185 520182 520838 1
18-07-2017-18:03:42:232 520838 521494 1
18-07-2017-18:03:42:267 521494 522150 1
18-07-2017-18:03:42:315 522150 522806 1
18-07-2017-18:03:42:350 522806 523462 1
18-07-2017-18:03:42:395 523462 524118 1
18-07-2017-18:03:42:430 524118 524774 1
18-07-2017-18:03:42:478 524774 525430 1
18-07-2017-18:03:42:512 525430 526086 1
18-07-2017-18:03:42:558 526086 526742 1
18-07-2017-18:03:42:595 526742 527398 1
18-07-2017-18:03:42:641 527398 528054 1
18-07-2017-18:03:42:676 528054 528710 1
18-07-2017-18:03:42:723 528710 529366 1
18-07-2017-18:03:42:757 529366 530022 1
18-07-2017-18:03:42:804 530022 530678 1
18-07-2017-18:03:42:838 530678 531334 1
18-07-2017-18:03:42:886 531334 531990 1
18-07-2017-18:03:42:920 531990 532646 1
18-07-2017-18:03:42:967 532646 533302 1
18-07-2017-18:03:43:007 533302 533958 1
18-07-2017-18:03:43:047 533958 534614 1
18-07-2017-18:03:43:092 534614 535270 1
18-07-2017-18:03:43:127 535270 535926 1
18-07-2017-18:03:43:173 535926 536582 1
18-07-2017-18:03:43:210 536582 537238 1
18-07-2017-18:03:43:256 537238 537894 1
18-07-2017-18:03:43:290 537894 538550 1
18-07-2017-18:03:43:337 538550 539206 1
18-07-2017-18:03:43:426 539206 539862 1
18-07-2017-18:03:43:427 539862 540518 1
18-07-2017-18:03:43:455 540518 541174 1
18-07-2017-18:03:43:501 541174 541830 1
18-07-2017-18:03:43:535 541830 542486 1
18-07-2017-18:03:43:582 542486 543142 1
18-07-2017-18:03:43:628 543142 543798 1
18-07-2017-18:03:43:663 543798 544454 1
18-07-2017-18:03:43:711 544454 545110 1
18-07-2017-18:03:43:746 545110 545766 1
18-07-2017-18:03:43:791 545766 546422 1
18-07-2017-18:03:43:827 546422 547078 1
18-07-2017-18:03:43:874 547078 547734 1
18-07-2017-18:03:43:910 547734 548390 1
18-07-2017-18:03:43:956 548390 549046 1
18-07-2017-18:03:43:990 549046 549702 1
18-07-2017-18:03:44:037 549702 550358 1
18-07-2017-18:03:44:074 550358 551014 1
18-07-2017-18:03:44:119 551014 551670 1
18-07-2017-18:03:44:154 551670 552326 1
18-07-2017-18:03:44:201 552326 552982 1
18-07-2017-18:03:44:236 552982 553638 1
18-07-2017-18:03:44:282 553638 554294 1
18-07-2017-18:03:44:316 554294 554950 1
18-07-2017-18:03:44:364 554950 555606 1
18-07-2017-18:03:44:398 555606 556262 1
18-07-2017-18:03:44:446 556262 556918 1
18-07-2017-18:03:44:489 556918 557574 1
18-07-2017-18:03:44:523 557574 558230 1
18-07-2017-18:03:44:571 558230 558886 1
18-07-2017-18:03:44:606 558886 559542 1
18-07-2017-18:03:44:651 559542 560198 1
18-07-2017-18:03:44:688 560198 560854 1
18-07-2017-18:03:44:734 560854 561510 1
18-07-2017-18:03:44:767 561510 562166 1
18-07-2017-18:03:44:815 562166 562822 1
18-07-2017-18:03:44:850 562822 563478 1
18-07-2017-18:03:44:897 563478 564134 1
18-07-2017-18:03:44:931 564134 564790 1
18-07-2017-18:03:44:978 564790 565446 1
18-07-2017-18:03:45:016 565446 566102 1
18-07-2017-18:03:45:059 566102 566758 1
18-07-2017-18:03:45:094 566758 567414 1
18-07-2017-18:03:45:141 567414 568070 1
18-07-2017-18:03:45:177 568070 568726 1
18-07-2017-18:03:45:224 568726 569382 1
18-07-2017-18:03:45:257 569382 570038 1
18-07-2017-18:03:45:306 570038 570694 1
18-07-2017-18:03:45:340 570694 571350 1
18-07-2017-18:03:45:387 571350 572006 1
18-07-2017-18:03:45:423 572006 572662 1
18-07-2017-18:03:45:468 572662 573318 1
18-07-2017-18:03:45:514 573318 573974 1
18-07-2017-18:03:45:549 573974 574630 1
18-07-2017-18:03:45:597 574630 575286 1
18-07-2017-18:03:45:632 575286 575942 1
18-07-2017-18:03:45:679 575942 576598 1
18-07-2017-18:03:45:712 576598 577254 1
18-07-2017-18:03:45:761 577254 577910 1
18-07-2017-18:03:45:794 577910 578566 1
18-07-2017-18:03:45:842 578566 579222 1
18-07-2017-18:03:45:876 579222 579878 1
18-07-2017-18:03:45:924 579878 580534 1
18-07-2017-18:03:45:958 580534 581190 1
18-07-2017-18:03:46:006 581190 581846 1
18-07-2017-18:03:46:040 581846 582502 1
18-07-2017-18:03:46:086 582502 583158 1
18-07-2017-18:03:46:122 583158 583814 1
18-07-2017-18:03:46:168 583814 584470 1
18-07-2017-18:03:46:204 584470 585126 1
18-07-2017-18:03:46:250 585126 585782 1
18-07-2017-18:03:46:285 585782 586438 1
18-07-2017-18:03:46:332 586438 587094 1
18-07-2017-18:03:46:366 587094 587750 1
18-07-2017-18:03:46:412 587750 588406 1
18-07-2017-18:03:46:447 588406 589062 1
18-07-2017-18:03:46:566 589062 589718 1
18-07-2017-18:03:46:568 589718 590374 1
18-07-2017-18:03:46:577 590374 591030 1
18-07-2017-18:03:46:610 591030 591686 1
18-07-2017-18:03:46:658 591686 592342 1
18-07-2017-18:03:46:705 592342 592998 1
18-07-2017-18:03:46:742 592998 593654 1
18-07-2017-18:03:46:778 593654 594310 1
18-07-2017-18:03:46:825 594310 594966 1
18-07-2017-18:03:46:860 594966 595622 1
18-07-2017-18:03:46:905 595622 596278 1
18-07-2017-18:03:46:941 596278 596934 1
18-07-2017-18:03:46:988 596934 597590 1
18-07-2017-18:03:47:025 597590 598246 1
18-07-2017-18:03:47:071 598246 598902 1
18-07-2017-18:03:47:104 598902 599558 1
18-07-2017-18:03:47:150 599558 600214 1
18-07-2017-18:03:47:186 600214 600870 1
18-07-2017-18:03:47:233 600870 601526 1
18-07-2017-18:03:47:268 601526 602182 1
18-07-2017-18:03:47:315 602182 602838 1
18-07-2017-18:03:47:350 602838 603494 1
18-07-2017-18:03:47:396 603494 604150 1
18-07-2017-18:03:47:431 604150 604806 1
18-07-2017-18:03:47:477 604806 605462 1
18-07-2017-18:03:47:514 605462 606118 1
18-07-2017-18:03:47:560 606118 606774 1
18-07-2017-18:03:47:595 606774 607430 1
18-07-2017-18:03:47:641 607430 608086 1
18-07-2017-18:03:47:677 608086 608742 1
18-07-2017-18:03:47:722 608742 609398 1
18-07-2017-18:03:47:769 609398 610054 1
18-07-2017-18:03:47:804 610054 610710 1
18-07-2017-18:03:47:852 610710 611366 1
18-07-2017-18:03:47:886 611366 612022 1
18-07-2017-18:03:47:932 612022 612678 1
18-07-2017-18:03:47:969 612678 613334 1
18-07-2017-18:03:48:015 613334 613990 1
18-07-2017-18:03:48:050 613990 614646 1
18-07-2017-18:03:48:096 614646 615302 1
18-07-2017-18:03:48:131 615302 615958 1
18-07-2017-18:03:48:177 615958 616614 1
18-07-2017-18:03:48:212 616614 617270 1
18-07-2017-18:03:48:259 617270 617926 1
18-07-2017-18:03:48:294 617926 618582 1
18-07-2017-18:03:48:342 618582 619238 1
18-07-2017-18:03:48:377 619238 619894 1
18-07-2017-18:03:48:423 619894 620550 1
18-07-2017-18:03:48:458 620550 621206 1
18-07-2017-18:03:48:504 621206 621862 1
18-07-2017-18:03:48:539 621862 622518 1
18-07-2017-18:03:48:587 622518 623174 1
18-07-2017-18:03:48:620 623174 623830 1
18-07-2017-18:03:48:668 623830 624486 1
18-07-2017-18:03:48:704 624486 625142 1
18-07-2017-18:03:48:750 625142 625798 1
18-07-2017-18:03:48:785 625798 626454 1
18-07-2017-18:03:48:831 626454 627110 1
18-07-2017-18:03:48:867 627110 627766 1
18-07-2017-18:03:48:912 627766 628422 1
18-07-2017-18:03:48:949 628422 629078 1
18-07-2017-18:03:48:994 629078 629734 1
18-07-2017-18:03:49:030 629734 630390 1
18-07-2017-18:03:49:078 630390 631046 1
18-07-2017-18:03:49:112 631046 631702 1
18-07-2017-18:03:49:157 631702 632358 1
18-07-2017-18:03:49:204 632358 633014 1
18-07-2017-18:03:49:245 633014 633670 1
18-07-2017-18:03:49:277 633670 634326 1
18-07-2017-18:03:49:322 634326 634982 1
18-07-2017-18:03:49:368 634982 635638 1
18-07-2017-18:03:49:403 635638 636294 1
18-07-2017-18:03:49:450 636294 636950 1
18-07-2017-18:03:49:484 636950 637606 1
18-07-2017-18:03:49:532 637606 638262 1
18-07-2017-18:03:49:565 638262 638918 1
18-07-2017-18:03:49:613 638918 639574 1
18-07-2017-18:03:50:113 639574 640230 1
18-07-2017-18:03:50:114 640230 640886 1
18-07-2017-18:03:50:114 640886 641542 1
18-07-2017-18:03:50:114 641542 642198 1
18-07-2017-18:03:50:116 642198 642854 1
18-07-2017-18:03:50:116 642854 643510 1
18-07-2017-18:03:50:116 643510 644166 1
18-07-2017-18:03:50:116 644166 644822 1
18-07-2017-18:03:50:116 644822 645478 1
18-07-2017-18:03:50:116 645478 646134 1
18-07-2017-18:03:50:117 646134 646790 1
18-07-2017-18:03:50:117 646790 647446 1
18-07-2017-18:03:50:147 647446 648102 1
18-07-2017-18:03:50:186 648102 648758 1
18-07-2017-18:03:50:222 648758 649414 1
18-07-2017-18:03:50:269 649414 650070 1
18-07-2017-18:03:50:303 650070 650726 1
18-07-2017-18:03:50:350 650726 651382 1
18-07-2017-18:03:50:386 651382 652038 1
18-07-2017-18:03:50:432 652038 652694 1
18-07-2017-18:03:50:472 652694 653350 1
18-07-2017-18:03:50:510 653350 654006 1
18-07-2017-18:03:50:558 654006 654662 1
18-07-2017-18:03:50:591 654662 655318 1
18-07-2017-18:03:50:639 655318 655974 1
18-07-2017-18:03:50:673 655974 656630 1
18-07-2017-18:03:50:721 656630 657286 1
18-07-2017-18:03:50:755 657286 657942 1
18-07-2017-18:03:50:801 657942 658598 1
18-07-2017-18:03:50:838 658598 659254 1
18-07-2017-18:03:50:885 659254 659910 1
18-07-2017-18:03:50:919 659910 660566 1
18-07-2017-18:03:50:965 660566 661222 1
18-07-2017-18:03:51:000 661222 661878 1
18-07-2017-18:03:51:046 661878 662534 1
18-07-2017-18:03:51:081 662534 663190 1
18-07-2017-18:03:51:128 663190 663846 1
18-07-2017-18:03:51:163 663846 664502 1
18-07-2017-18:03:51:214 664502 665102 1
18-07-2017-18:03:51:239 665102 665702 1
18-07-2017-18:03:51:275 665702 666302 1
18-07-2017-18:03:51:320 666302 666902 1
18-07-2017-18:03:51:356 666902 667502 1
18-07-2017-18:03:51:390 667502 668102 1
18-07-2017-18:03:51:425 668102 668702 1
18-07-2017-18:03:51:472 668702 669302 1
18-07-2017-18:03:51:508 669302 669902 1
18-07-2017-18:03:51:542 669902 670502 1
18-07-2017-18:03:51:579 670502 671102 1
18-07-2017-18:03:51:613 671102 671702 1
18-07-2017-18:03:51:658 671702 672302 1
18-07-2017-18:03:51:694 672302 672902 1
18-07-2017-18:03:51:729 672902 673502 1
18-07-2017-18:03:51:764 673502 674102 1
18-07-2017-18:03:51:799 674102 674702 1
18-07-2017-18:03:51:845 674702 675302 1
18-07-2017-18:03:51:881 675302 675902 1
18-07-2017-18:03:51:915 675902 676502 1
18-07-2017-18:03:51:951 676502 677102 1
18-07-2017-18:03:51:999 677102 677702 1
18-07-2017-18:03:52:031 677702 678302 1
18-07-2017-18:03:52:072 678302 678902 1
18-07-2017-18:03:52:099 678902 679502 1
18-07-2017-18:03:52:147 679502 680102 1
18-07-2017-18:03:52:183 680102 680702 1
18-07-2017-18:03:52:216 680702 681302 1
18-07-2017-18:03:52:253 681302 681902 1
18-07-2017-18:03:52:288 681902 682502 1
18-07-2017-18:03:52:333 682502 683102 1
18-07-2017-18:03:52:369 683102 683702 1
18-07-2017-18:03:52:402 683702 684302 1
18-07-2017-18:03:52:439 684302 684902 1
18-07-2017-18:03:52:484 684902 685502 1
18-07-2017-18:03:52:521 685502 686102 1
18-07-2017-18:03:52:556 686102 686702 1
18-07-2017-18:03:52:589 686702 687302 1
18-07-2017-18:03:52:625 687302 687902 1
18-07-2017-18:03:52:672 687902 688502 1
18-07-2017-18:03:52:706 688502 689102 1
18-07-2017-18:03:52:745 689102 689702 1
18-07-2017-18:03:53:017 689702 690302 1
18-07-2017-18:03:53:018 690302 690902 1
18-07-2017-18:03:53:019 690902 691502 1
18-07-2017-18:03:53:019 691502 692102 1
18-07-2017-18:03:53:019 692102 692702 1
18-07-2017-18:03:53:019 692702 693302 1
18-07-2017-18:03:53:019 693302 693902 1
18-07-2017-18:03:53:036 693902 694502 1
18-07-2017-18:03:53:084 694502 695102 1
18-07-2017-18:03:53:119 695102 695702 1
18-07-2017-18:03:53:154 695702 696302 1
18-07-2017-18:03:53:193 696302 696902 1
18-07-2017-18:03:53:222 696902 697502 1
18-07-2017-18:03:53:271 697502 698102 1
18-07-2017-18:03:53:304 698102 698702 1
18-07-2017-18:03:53:340 698702 699302 1
18-07-2017-18:03:53:376 699302 699902 1
18-07-2017-18:03:53:418 699902 700502 1
18-07-2017-18:03:53:461 700502 701102 1
18-07-2017-18:03:53:495 701102 701702 1
18-07-2017-18:03:53:530 701702 702302 1
18-07-2017-18:03:53:565 702302 702902 1
18-07-2017-18:03:53:599 702902 703502 1
18-07-2017-18:03:53:646 703502 704102 1
18-07-2017-18:03:53:682 704102 704702 1
18-07-2017-18:03:53:718 704702 705302 1
18-07-2017-18:03:53:752 705302 705902 1
18-07-2017-18:03:53:786 705902 706502 1
18-07-2017-18:03:53:833 706502 707102 1
18-07-2017-18:03:53:869 707102 707702 1
18-07-2017-18:03:53:904 707702 708302 1
18-07-2017-18:03:53:939 708302 708902 1
18-07-2017-18:03:53:985 708902 709502 1
18-07-2017-18:03:54:021 709502 710102 1
18-07-2017-18:03:54:054 710102 710702 1
18-07-2017-18:03:54:089 710702 711302 1
18-07-2017-18:03:54:125 711302 711902 1
18-07-2017-18:03:54:170 711902 712502 1
18-07-2017-18:03:54:206 712502 713102 1
18-07-2017-18:03:54:245 713102 713702 1
18-07-2017-18:03:54:281 713702 714302 1
18-07-2017-18:03:54:315 714302 714902 1
18-07-2017-18:03:54:351 714902 715502 1
18-07-2017-18:03:54:398 715502 716102 1
18-07-2017-18:03:54:432 716102 716702 1
18-07-2017-18:03:54:468 716702 717302 1
18-07-2017-18:03:54:503 717302 717902 1
18-07-2017-18:03:54:537 717902 718502 1
18-07-2017-18:03:54:585 718502 719102 1
18-07-2017-18:03:54:620 719102 719702 1
18-07-2017-18:03:54:654 719702 720302 1
18-07-2017-18:03:54:688 720302 720902 1
18-07-2017-18:03:54:725 720902 721502 1
18-07-2017-18:03:54:771 721502 722102 1
18-07-2017-18:03:54:806 722102 722702 1
18-07-2017-18:03:54:843 722702 723302 1
18-07-2017-18:03:54:875 723302 723902 1
18-07-2017-18:03:54:921 723902 724502 1
18-07-2017-18:03:54:956 724502 725102 1
18-07-2017-18:03:54:992 725102 725702 1
18-07-2017-18:03:55:026 725702 726302 1
18-07-2017-18:03:55:061 726302 726902 1
18-07-2017-18:03:55:108 726902 727502 1
18-07-2017-18:03:55:142 727502 728102 1
18-07-2017-18:03:55:177 728102 728702 1
18-07-2017-18:03:55:222 728702 729302 1
18-07-2017-18:03:55:251 729302 729902 1
18-07-2017-18:03:55:297 729902 730502 1
18-07-2017-18:03:55:331 730502 731102 1
18-07-2017-18:03:55:367 731102 731702 1
18-07-2017-18:03:55:401 731702 732302 1
18-07-2017-18:03:55:447 732302 732902 1
18-07-2017-18:03:55:482 732902 733502 1
18-07-2017-18:03:55:517 733502 734102 1
18-07-2017-18:03:55:553 734102 734702 1
18-07-2017-18:03:55:586 734702 735302 1
18-07-2017-18:03:55:634 735302 735902 1
18-07-2017-18:03:55:669 735902 736502 1
18-07-2017-18:03:55:704 736502 737102 1
18-07-2017-18:03:55:738 737102 737702 1
18-07-2017-18:03:55:773 737702 738302 1
18-07-2017-18:03:55:820 738302 738902 1
18-07-2017-18:03:55:856 738902 739502 1
18-07-2017-18:03:55:889 739502 740102 1
18-07-2017-18:03:55:924 740102 740702 1
18-07-2017-18:03:55:964 740702 741302 1
18-07-2017-18:03:56:012 741302 741902 1
18-07-2017-18:03:56:045 741902 742502 1
18-07-2017-18:03:56:081 742502 743102 1
18-07-2017-18:03:56:225 743102 743702 1
18-07-2017-18:03:56:227 743702 744302 1
18-07-2017-18:03:56:227 744302 744902 1
18-07-2017-18:03:56:232 744902 745502 1
18-07-2017-18:03:56:267 745502 746102 1
18-07-2017-18:03:56:303 746102 746702 1
18-07-2017-18:03:56:337 746702 747302 1
18-07-2017-18:03:56:397 747302 747902 1
18-07-2017-18:03:56:419 747902 748502 1
18-07-2017-18:03:56:453 748502 749102 1
18-07-2017-18:03:56:488 749102 749702 1
18-07-2017-18:03:56:525 749702 750302 1
18-07-2017-18:03:56:570 750302 750902 1
18-07-2017-18:03:56:606 750902 751502 1
18-07-2017-18:03:56:641 751502 752102 1
18-07-2017-18:03:56:675 752102 752702 1
18-07-2017-18:03:56:722 752702 753302 1
18-07-2017-18:03:56:762 753302 753902 1
18-07-2017-18:03:56:793 753902 754502 1
18-07-2017-18:03:56:828 754502 755102 1
18-07-2017-18:03:56:862 755102 755702 1
18-07-2017-18:03:56:908 755702 756302 1
18-07-2017-18:03:56:942 756302 756902 1
18-07-2017-18:03:56:978 756902 757502 1
18-07-2017-18:03:57:013 757502 758102 1
18-07-2017-18:03:57:049 758102 758702 1
18-07-2017-18:03:57:095 758702 759302 1
18-07-2017-18:03:57:134 759302 759902 1
18-07-2017-18:03:57:163 759902 760502 1
18-07-2017-18:03:57:209 760502 761102 1
18-07-2017-18:03:57:367 761102 761702 1
18-07-2017-18:03:57:368 761702 762302 1
18-07-2017-18:03:57:368 762302 762902 1
18-07-2017-18:03:57:368 762902 763502 1
18-07-2017-18:03:57:396 763502 764102 1
18-07-2017-18:03:57:430 764102 764702 1
18-07-2017-18:03:57:465 764702 765302 1
18-07-2017-18:03:57:500 765302 765902 1
18-07-2017-18:03:57:546 765902 766502 1
18-07-2017-18:03:57:585 766502 767102 1
18-07-2017-18:03:57:620 767102 767702 1
18-07-2017-18:03:57:655 767702 768302 1
18-07-2017-18:03:57:691 768302 768902 1
18-07-2017-18:03:57:726 768902 769502 1
18-07-2017-18:03:57:773 769502 770102 1
18-07-2017-18:03:57:807 770102 770702 1
18-07-2017-18:03:57:843 770702 771302 1
18-07-2017-18:03:57:876 771302 771902 1
18-07-2017-18:03:57:912 771902 772502 1
18-07-2017-18:03:57:958 772502 773102 1
18-07-2017-18:03:57:992 773102 773702 1
18-07-2017-18:03:58:028 773702 774302 1
18-07-2017-18:03:58:063 774302 774902 1
18-07-2017-18:03:58:097 774902 775502 1
18-07-2017-18:03:58:141 775502 776102 1
18-07-2017-18:03:58:177 776102 776702 1
18-07-2017-18:03:58:212 776702 777302 1
18-07-2017-18:03:58:258 777302 777902 1
18-07-2017-18:03:58:294 777902 778502 1
18-07-2017-18:03:58:329 778502 779102 1
18-07-2017-18:03:58:363 779102 779702 1
18-07-2017-18:03:58:399 779702 780302 1
18-07-2017-18:03:58:445 780302 780902 1
18-07-2017-18:03:58:482 780902 781502 1
18-07-2017-18:03:58:515 781502 782102 1
18-07-2017-18:03:58:550 782102 782702 1
18-07-2017-18:03:58:596 782702 783302 1
18-07-2017-18:03:58:632 783302 783902 1
18-07-2017-18:03:58:666 783902 784502 1
18-07-2017-18:03:58:702 784502 785102 1
18-07-2017-18:03:58:742 785102 785702 1
18-07-2017-18:03:58:783 785702 786302 1
18-07-2017-18:03:58:817 786302 786902 1
18-07-2017-18:03:58:857 786902 787502 1
18-07-2017-18:03:58:892 787502 788102 1
18-07-2017-18:03:58:928 788102 788702 1
18-07-2017-18:03:58:963 788702 789302 1
18-07-2017-18:03:59:009 789302 789902 1
18-07-2017-18:03:59:044 789902 790502 1
18-07-2017-18:03:59:079 790502 791102 1
18-07-2017-18:03:59:115 791102 791702 1
18-07-2017-18:03:59:148 791702 792302 1
18-07-2017-18:03:59:189 792302 792902 1
18-07-2017-18:03:59:234 792902 793502 1
18-07-2017-18:03:59:269 793502 794102 1
18-07-2017-18:03:59:304 794102 794702 1
18-07-2017-18:03:59:340 794702 795302 1
18-07-2017-18:03:59:375 795302 795902 1
18-07-2017-18:03:59:420 795902 796502 1
18-07-2017-18:03:59:456 796502 797102 1
18-07-2017-18:03:59:491 797102 797702 1
18-07-2017-18:03:59:526 797702 798302 1
18-07-2017-18:03:59:561 798302 798902 1
18-07-2017-18:03:59:607 798902 799502 1
18-07-2017-18:03:59:642 799502 800102 1
18-07-2017-18:03:59:682 800102 800702 1
18-07-2017-18:03:59:717 800702 801302 1
18-07-2017-18:03:59:752 801302 801902 1
18-07-2017-18:03:59:786 801902 802502 1
18-07-2017-18:03:59:834 802502 803102 1
18-07-2017-18:03:59:870 803102 803702 1
18-07-2017-18:03:59:904 803702 804302 1
18-07-2017-18:03:59:938 804302 804902 1
18-07-2017-18:03:59:985 804902 805502 1
18-07-2017-18:04:00:027 805502 806102 1
18-07-2017-18:04:00:048 806102 806702 1
18-07-2017-18:04:00:096 806702 807302 1
18-07-2017-18:04:00:130 807302 807902 1
18-07-2017-18:04:00:166 807902 808502 1
18-07-2017-18:04:00:200 808502 809102 1
18-07-2017-18:04:00:248 809102 809702 1
18-07-2017-18:04:00:281 809702 810302 1
18-07-2017-18:04:00:318 810302 810902 1
18-07-2017-18:04:00:352 810902 811502 1
18-07-2017-18:04:00:590 811502 812102 1
18-07-2017-18:04:00:591 812102 812702 1
18-07-2017-18:04:00:592 812702 813302 1
18-07-2017-18:04:00:592 813302 813902 1
18-07-2017-18:04:00:592 813902 814502 1
18-07-2017-18:04:00:592 814502 815102 1
18-07-2017-18:04:00:619 815102 815702 1
18-07-2017-18:04:00:680 815702 816302 1
18-07-2017-18:04:00:689 816302 816902 1
18-07-2017-18:04:00:725 816902 817502 1
18-07-2017-18:04:00:772 817502 818102 1
18-07-2017-18:04:00:807 818102 818702 1
18-07-2017-18:04:00:841 818702 819302 1
18-07-2017-18:04:00:877 819302 819902 1
18-07-2017-18:04:00:911 819902 820502 1
18-07-2017-18:04:00:961 820502 821102 1
18-07-2017-18:04:00:993 821102 821702 1
18-07-2017-18:04:01:029 821702 822302 1
18-07-2017-18:04:01:063 822302 822902 1
18-07-2017-18:04:01:099 822902 823502 1
