18-07-2017-18:23:36:829 0 800 1
18-07-2017-18:23:36:874 800 1600 1
18-07-2017-18:23:36:925 1600 2371 1
18-07-2017-18:23:36:972 2371 3142 1
18-07-2017-18:23:37:018 3142 3913 1
18-07-2017-18:23:37:065 3913 4684 1
18-07-2017-18:23:37:114 4684 5455 1
18-07-2017-18:23:37:165 5455 6226 1
18-07-2017-18:23:37:218 6226 6920 1
18-07-2017-18:23:37:255 6920 7614 1
18-07-2017-18:23:37:291 7614 8308 1
18-07-2017-18:23:37:339 8308 9002 1
18-07-2017-18:23:37:385 9002 9696 1
18-07-2017-18:23:37:422 9696 10390 1
18-07-2017-18:23:37:474 10390 11084 1
18-07-2017-18:23:37:510 11084 11778 1
18-07-2017-18:23:37:557 11778 12472 1
18-07-2017-18:23:37:605 12472 13166 1
18-07-2017-18:23:37:641 13166 13860 1
18-07-2017-18:23:37:686 13860 14554 1
18-07-2017-18:23:37:735 14554 15248 1
18-07-2017-18:23:37:784 15248 15942 1
18-07-2017-18:23:37:822 15942 16636 1
18-07-2017-18:23:37:856 16636 17330 1
18-07-2017-18:23:37:908 17330 18024 1
18-07-2017-18:23:37:951 18024 18718 1
18-07-2017-18:23:37:996 18718 19412 1
18-07-2017-18:23:38:032 19412 20106 1
18-07-2017-18:23:38:081 20106 20800 1
18-07-2017-18:23:38:116 20800 21494 1
18-07-2017-18:23:38:163 21494 22188 1
18-07-2017-18:23:38:210 22188 22882 1
18-07-2017-18:23:38:262 22882 23576 1
18-07-2017-18:23:38:288 23576 24270 1
18-07-2017-18:23:38:336 24270 24964 1
18-07-2017-18:23:38:376 24964 25658 1
18-07-2017-18:23:38:422 25658 26352 1
18-07-2017-18:23:38:468 26352 27046 1
18-07-2017-18:23:38:514 27046 27740 1
18-07-2017-18:23:38:553 27740 28434 1
18-07-2017-18:23:38:597 28434 29128 1
18-07-2017-18:23:38:637 29128 29822 1
18-07-2017-18:23:38:683 29822 30516 1
18-07-2017-18:23:38:730 30516 31210 1
18-07-2017-18:23:38:766 31210 31904 1
18-07-2017-18:23:38:812 31904 32598 1
18-07-2017-18:23:38:859 32598 33292 1
18-07-2017-18:23:38:906 33292 33986 1
18-07-2017-18:23:38:941 33986 34680 1
18-07-2017-18:23:38:992 34680 35374 1
18-07-2017-18:23:39:027 35374 36068 1
18-07-2017-18:23:39:073 36068 36762 1
18-07-2017-18:23:39:121 36762 37456 1
18-07-2017-18:23:39:157 37456 38150 1
18-07-2017-18:23:39:209 38150 38844 1
18-07-2017-18:23:39:245 38844 39538 1
18-07-2017-18:23:39:293 39538 40232 1
18-07-2017-18:23:39:335 40232 40926 1
18-07-2017-18:23:39:383 40926 41620 1
18-07-2017-18:23:39:419 41620 42314 1
18-07-2017-18:23:39:465 42314 43008 1
18-07-2017-18:23:39:510 43008 43702 1
18-07-2017-18:23:39:546 43702 44396 1
18-07-2017-18:23:39:598 44396 45038 1
18-07-2017-18:23:39:630 45038 45680 1
18-07-2017-18:23:39:669 45680 46322 1
18-07-2017-18:23:39:717 46322 46964 1
18-07-2017-18:23:39:752 46964 47606 1
18-07-2017-18:23:39:797 47606 48248 1
18-07-2017-18:23:39:837 48248 48890 1
18-07-2017-18:23:39:878 48890 49532 1
18-07-2017-18:23:40:034 49532 50174 1
18-07-2017-18:23:40:035 50174 50816 1
18-07-2017-18:23:40:035 50816 51458 1
18-07-2017-18:23:40:043 51458 52100 1
18-07-2017-18:23:40:072 52100 52742 1
18-07-2017-18:23:40:118 52742 53384 1
18-07-2017-18:23:40:152 53384 54026 1
18-07-2017-18:23:40:189 54026 54668 1
18-07-2017-18:23:40:235 54668 55310 1
18-07-2017-18:23:40:271 55310 55952 1
18-07-2017-18:23:40:317 55952 56594 1
18-07-2017-18:23:40:351 56594 57236 1
18-07-2017-18:23:40:392 57236 57878 1
18-07-2017-18:23:40:440 57878 58520 1
18-07-2017-18:23:40:473 58520 59162 1
18-07-2017-18:23:40:521 59162 59804 1
18-07-2017-18:23:40:556 59804 60446 1
18-07-2017-18:23:40:590 60446 61088 1
18-07-2017-18:23:40:636 61088 61730 1
18-07-2017-18:23:40:682 61730 62372 1
18-07-2017-18:23:40:711 62372 63014 1
18-07-2017-18:23:40:758 63014 63656 1
18-07-2017-18:23:40:793 63656 64298 1
18-07-2017-18:23:40:840 64298 64940 1
18-07-2017-18:23:40:874 64940 65582 1
18-07-2017-18:23:40:920 65582 66224 1
18-07-2017-18:23:40:955 66224 66866 1
18-07-2017-18:23:40:989 66866 67508 1
18-07-2017-18:23:41:036 67508 68150 1
18-07-2017-18:23:41:081 68150 68792 1
18-07-2017-18:23:41:115 68792 69434 1
18-07-2017-18:23:41:156 69434 70076 1
18-07-2017-18:23:41:193 70076 70718 1
18-07-2017-18:23:41:238 70718 71360 1
18-07-2017-18:23:41:274 71360 72002 1
18-07-2017-18:23:41:320 72002 72644 1
18-07-2017-18:23:41:356 72644 73286 1
18-07-2017-18:23:41:402 73286 73928 1
18-07-2017-18:23:41:438 73928 74570 1
18-07-2017-18:23:41:483 74570 75212 1
18-07-2017-18:23:41:518 75212 75854 1
18-07-2017-18:23:41:553 75854 76496 1
18-07-2017-18:23:41:599 76496 77138 1
18-07-2017-18:23:41:635 77138 77780 1
18-07-2017-18:23:41:687 77780 78422 1
18-07-2017-18:23:41:714 78422 79064 1
18-07-2017-18:23:41:760 79064 79706 1
18-07-2017-18:23:41:795 79706 80348 1
18-07-2017-18:23:41:843 80348 80990 1
18-07-2017-18:23:41:878 80990 81632 1
18-07-2017-18:23:41:925 81632 82274 1
18-07-2017-18:23:41:959 82274 82916 1
18-07-2017-18:23:41:995 82916 83558 1
18-07-2017-18:23:42:041 83558 84200 1
18-07-2017-18:23:42:077 84200 84842 1
18-07-2017-18:23:42:124 84842 85484 1
18-07-2017-18:23:42:158 85484 86126 1
18-07-2017-18:23:42:203 86126 86768 1
18-07-2017-18:23:42:239 86768 87410 1
18-07-2017-18:23:42:286 87410 88052 1
18-07-2017-18:23:42:322 88052 88694 1
18-07-2017-18:23:42:356 88694 89336 1
18-07-2017-18:23:42:403 89336 89978 1
18-07-2017-18:23:42:444 89978 90620 1
18-07-2017-18:23:42:479 90620 91262 1
18-07-2017-18:23:42:525 91262 91904 1
18-07-2017-18:23:42:561 91904 92546 1
18-07-2017-18:23:42:597 92546 93188 1
18-07-2017-18:23:42:642 93188 93830 1
18-07-2017-18:23:42:678 93830 94472 1
18-07-2017-18:23:42:725 94472 95114 1
18-07-2017-18:23:42:758 95114 95756 1
18-07-2017-18:23:42:806 95756 96398 1
18-07-2017-18:23:42:840 96398 97040 1
18-07-2017-18:23:42:886 97040 97682 1
18-07-2017-18:23:42:930 97682 98324 1
18-07-2017-18:23:42:956 98324 98966 1
18-07-2017-18:23:43:003 98966 99608 1
18-07-2017-18:23:43:418 99608 100250 1
18-07-2017-18:23:43:418 100250 100892 1
18-07-2017-18:23:43:419 100892 101534 1
18-07-2017-18:23:43:419 101534 102176 1
18-07-2017-18:23:43:420 102176 102818 1
18-07-2017-18:23:43:420 102818 103460 1
18-07-2017-18:23:43:420 103460 104102 1
18-07-2017-18:23:43:420 104102 104744 1
18-07-2017-18:23:43:420 104744 105386 1
18-07-2017-18:23:43:420 105386 106028 1
18-07-2017-18:23:43:444 106028 106670 1
18-07-2017-18:23:43:479 106670 107312 1
18-07-2017-18:23:43:529 107312 107954 1
18-07-2017-18:23:43:561 107954 108596 1
18-07-2017-18:23:43:606 108596 109238 1
18-07-2017-18:23:43:642 109238 109880 1
18-07-2017-18:23:43:688 109880 110522 1
18-07-2017-18:23:43:725 110522 111164 1
18-07-2017-18:23:43:760 111164 111806 1
18-07-2017-18:23:43:806 111806 112448 1
18-07-2017-18:23:43:845 112448 113090 1
18-07-2017-18:23:43:881 113090 113732 1
18-07-2017-18:23:43:928 113732 114374 1
18-07-2017-18:23:43:962 114374 115016 1
18-07-2017-18:23:44:008 115016 115658 1
18-07-2017-18:23:44:045 115658 116300 1
18-07-2017-18:23:44:091 116300 116942 1
18-07-2017-18:23:44:126 116942 117584 1
18-07-2017-18:23:44:160 117584 118226 1
18-07-2017-18:23:44:208 118226 118868 1
18-07-2017-18:23:44:241 118868 119510 1
18-07-2017-18:23:44:290 119510 120152 1
18-07-2017-18:23:44:323 120152 120794 1
18-07-2017-18:23:44:371 120794 121436 1
18-07-2017-18:23:44:405 121436 122078 1
18-07-2017-18:23:44:453 122078 122720 1
18-07-2017-18:23:44:487 122720 123362 1
18-07-2017-18:23:44:530 123362 124004 1
18-07-2017-18:23:44:565 124004 124646 1
18-07-2017-18:23:44:610 124646 125288 1
18-07-2017-18:23:44:646 125288 125930 1
18-07-2017-18:23:44:692 125930 126572 1
18-07-2017-18:23:44:727 126572 127214 1
18-07-2017-18:23:44:762 127214 127856 1
18-07-2017-18:23:44:809 127856 128498 1
18-07-2017-18:23:44:845 128498 129140 1
18-07-2017-18:23:44:890 129140 129782 1
18-07-2017-18:23:44:926 129782 130424 1
18-07-2017-18:23:44:973 130424 131066 1
18-07-2017-18:23:45:009 131066 131708 1
18-07-2017-18:23:45:054 131708 132350 1
18-07-2017-18:23:45:092 132350 132992 1
18-07-2017-18:23:45:124 132992 133634 1
18-07-2017-18:23:45:171 133634 134276 1
18-07-2017-18:23:45:205 134276 134918 1
18-07-2017-18:23:45:252 134918 135560 1
18-07-2017-18:23:45:295 135560 136202 1
18-07-2017-18:23:45:331 136202 136844 1
18-07-2017-18:23:45:370 136844 137486 1
18-07-2017-18:23:45:405 137486 138128 1
18-07-2017-18:23:45:455 138128 138770 1
18-07-2017-18:23:45:493 138770 139412 1
18-07-2017-18:23:45:529 139412 140054 1
18-07-2017-18:23:45:576 140054 140696 1
18-07-2017-18:23:45:609 140696 141338 1
18-07-2017-18:23:45:657 141338 141980 1
18-07-2017-18:23:45:700 141980 142622 1
18-07-2017-18:23:45:728 142622 143264 1
18-07-2017-18:23:45:774 143264 143906 1
18-07-2017-18:23:45:807 143906 144548 1
18-07-2017-18:23:46:064 144548 145190 1
18-07-2017-18:23:46:065 145190 145832 1
18-07-2017-18:23:46:066 145832 146474 1
18-07-2017-18:23:46:066 146474 147116 1
18-07-2017-18:23:46:067 147116 147758 1
18-07-2017-18:23:46:067 147758 148400 1
18-07-2017-18:23:46:089 148400 149042 1
18-07-2017-18:23:46:137 149042 149684 1
18-07-2017-18:23:46:187 149684 150326 1
18-07-2017-18:23:46:216 150326 150968 1
18-07-2017-18:23:46:251 150968 151610 1
18-07-2017-18:23:46:298 151610 152252 1
18-07-2017-18:23:46:333 152252 152894 1
18-07-2017-18:23:46:373 152894 153536 1
18-07-2017-18:23:46:414 153536 154178 1
18-07-2017-18:23:46:450 154178 154820 1
18-07-2017-18:23:46:496 154820 155462 1
18-07-2017-18:23:46:532 155462 156104 1
18-07-2017-18:23:46:578 156104 156746 1
18-07-2017-18:23:46:612 156746 157388 1
18-07-2017-18:23:46:658 157388 158030 1
18-07-2017-18:23:46:693 158030 158672 1
18-07-2017-18:23:46:730 158672 159314 1
18-07-2017-18:23:46:776 159314 159956 1
18-07-2017-18:23:46:811 159956 160598 1
18-07-2017-18:23:46:858 160598 161240 1
18-07-2017-18:23:46:893 161240 161882 1
18-07-2017-18:23:46:939 161882 162524 1
18-07-2017-18:23:46:973 162524 163166 1
18-07-2017-18:23:47:016 163166 163808 1
18-07-2017-18:23:47:057 163808 164450 1
18-07-2017-18:23:47:093 164450 165092 1
18-07-2017-18:23:47:138 165092 165734 1
18-07-2017-18:23:47:174 165734 166376 1
18-07-2017-18:23:47:219 166376 167018 1
18-07-2017-18:23:47:254 167018 167660 1
18-07-2017-18:23:47:302 167660 168302 1
18-07-2017-18:23:47:337 168302 168944 1
18-07-2017-18:23:47:371 168944 169586 1
18-07-2017-18:23:47:417 169586 170228 1
18-07-2017-18:23:47:452 170228 170870 1
18-07-2017-18:23:47:499 170870 171512 1
18-07-2017-18:23:47:535 171512 172154 1
18-07-2017-18:23:47:582 172154 172796 1
18-07-2017-18:23:47:617 172796 173438 1
18-07-2017-18:23:47:652 173438 174080 1
18-07-2017-18:23:47:698 174080 174722 1
18-07-2017-18:23:47:733 174722 175364 1
18-07-2017-18:23:47:773 175364 176006 1
18-07-2017-18:23:47:819 176006 176648 1
18-07-2017-18:23:47:971 176648 177290 1
18-07-2017-18:23:47:972 177290 177932 1
18-07-2017-18:23:47:972 177932 178574 1
18-07-2017-18:23:47:985 178574 179216 1
18-07-2017-18:23:48:016 179216 179858 1
18-07-2017-18:23:48:062 179858 180500 1
18-07-2017-18:23:48:098 180500 181142 1
18-07-2017-18:23:48:133 181142 181784 1
18-07-2017-18:23:48:181 181784 182426 1
18-07-2017-18:23:48:214 182426 183068 1
18-07-2017-18:23:48:262 183068 183710 1
18-07-2017-18:23:48:296 183710 184352 1
18-07-2017-18:23:48:348 184352 184994 1
18-07-2017-18:23:48:383 184994 185636 1
18-07-2017-18:23:48:417 185636 186278 1
18-07-2017-18:23:48:464 186278 186920 1
18-07-2017-18:23:48:499 186920 187562 1
18-07-2017-18:23:48:535 187562 188204 1
18-07-2017-18:23:48:581 188204 188846 1
18-07-2017-18:23:48:616 188846 189488 1
18-07-2017-18:23:48:662 189488 190130 1
18-07-2017-18:23:48:699 190130 190772 1
18-07-2017-18:23:48:743 190772 191414 1
18-07-2017-18:23:48:778 191414 192056 1
18-07-2017-18:23:48:830 192056 192698 1
18-07-2017-18:23:48:857 192698 193340 1
18-07-2017-18:23:48:903 193340 193982 1
18-07-2017-18:23:48:939 193982 194624 1
18-07-2017-18:23:48:984 194624 195266 1
18-07-2017-18:23:49:020 195266 195908 1
18-07-2017-18:23:49:066 195908 196550 1
18-07-2017-18:23:49:102 196550 197192 1
18-07-2017-18:23:49:137 197192 197834 1
18-07-2017-18:23:49:184 197834 198476 1
18-07-2017-18:23:49:219 198476 199118 1
18-07-2017-18:23:49:265 199118 199760 1
18-07-2017-18:23:49:300 199760 200402 1
18-07-2017-18:23:49:345 200402 201044 1
18-07-2017-18:23:49:381 201044 201686 1
18-07-2017-18:23:49:432 201686 202328 1
18-07-2017-18:23:49:465 202328 202970 1
18-07-2017-18:23:49:502 202970 203612 1
18-07-2017-18:23:49:544 203612 204254 1
18-07-2017-18:23:49:580 204254 204896 1
18-07-2017-18:23:49:625 204896 205538 1
18-07-2017-18:23:49:662 205538 206180 1
18-07-2017-18:23:49:708 206180 206822 1
18-07-2017-18:23:49:749 206822 207464 1
18-07-2017-18:23:49:781 207464 208106 1
18-07-2017-18:23:49:831 208106 208748 1
18-07-2017-18:23:49:864 208748 209390 1
18-07-2017-18:23:49:899 209390 210032 1
18-07-2017-18:23:49:944 210032 210674 1
18-07-2017-18:23:49:979 210674 211316 1
18-07-2017-18:23:50:028 211316 211958 1
18-07-2017-18:23:50:061 211958 212600 1
18-07-2017-18:23:50:109 212600 213242 1
18-07-2017-18:23:50:143 213242 213884 1
18-07-2017-18:23:50:191 213884 214526 1
18-07-2017-18:23:50:224 214526 215168 1
18-07-2017-18:23:50:260 215168 215810 1
18-07-2017-18:23:50:306 215810 216452 1
18-07-2017-18:23:50:342 216452 217094 1
18-07-2017-18:23:50:387 217094 217736 1
18-07-2017-18:23:50:423 217736 218378 1
18-07-2017-18:23:50:469 218378 219020 1
18-07-2017-18:23:50:505 219020 219662 1
18-07-2017-18:23:50:551 219662 220304 1
18-07-2017-18:23:50:586 220304 220946 1
18-07-2017-18:23:50:623 220946 221588 1
18-07-2017-18:23:50:668 221588 222230 1
18-07-2017-18:23:50:704 222230 222872 1
18-07-2017-18:23:50:751 222872 223514 1
18-07-2017-18:23:50:784 223514 224156 1
18-07-2017-18:23:50:831 224156 224798 1
18-07-2017-18:23:50:867 224798 225440 1
18-07-2017-18:23:50:903 225440 226082 1
18-07-2017-18:23:50:949 226082 226724 1
18-07-2017-18:23:50:989 226724 227366 1
18-07-2017-18:23:51:023 227366 228008 1
18-07-2017-18:23:51:071 228008 228650 1
18-07-2017-18:23:51:105 228650 229292 1
18-07-2017-18:23:51:153 229292 229934 1
18-07-2017-18:23:51:186 229934 230576 1
18-07-2017-18:23:51:232 230576 231218 1
18-07-2017-18:23:51:267 231218 231860 1
18-07-2017-18:23:51:317 231860 232502 1
18-07-2017-18:23:51:349 232502 233144 1
18-07-2017-18:23:51:385 233144 233786 1
18-07-2017-18:23:51:431 233786 234428 1
18-07-2017-18:23:51:465 234428 235070 1
18-07-2017-18:23:51:652 235070 235712 1
18-07-2017-18:23:51:653 235712 236354 1
18-07-2017-18:23:51:653 236354 236996 1
18-07-2017-18:23:51:653 236996 237638 1
18-07-2017-18:23:51:663 237638 238280 1
18-07-2017-18:23:51:711 238280 238922 1
18-07-2017-18:23:51:746 238922 239564 1
18-07-2017-18:23:51:793 239564 240206 1
18-07-2017-18:23:51:828 240206 240848 1
18-07-2017-18:23:51:874 240848 241490 1
18-07-2017-18:23:51:908 241490 242132 1
18-07-2017-18:23:51:956 242132 242774 1
18-07-2017-18:23:51:990 242774 243416 1
18-07-2017-18:23:52:024 243416 244058 1
18-07-2017-18:23:52:078 244058 244699 1
18-07-2017-18:23:52:112 244699 245340 1
18-07-2017-18:23:52:147 245340 245981 1
18-07-2017-18:23:52:194 245981 246622 1
18-07-2017-18:23:52:229 246622 247263 1
18-07-2017-18:23:52:275 247263 247904 1
18-07-2017-18:23:52:310 247904 248545 1
18-07-2017-18:23:52:357 248545 249186 1
18-07-2017-18:23:52:392 249186 249827 1
18-07-2017-18:23:52:426 249827 250468 1
18-07-2017-18:23:52:474 250468 251109 1
18-07-2017-18:23:52:507 251109 251750 1
18-07-2017-18:23:52:555 251750 252391 1
18-07-2017-18:23:52:590 252391 253032 1
18-07-2017-18:23:52:636 253032 253673 1
18-07-2017-18:23:52:672 253673 254314 1
18-07-2017-18:23:52:706 254314 254955 1
18-07-2017-18:23:52:753 254955 255596 1
18-07-2017-18:23:52:788 255596 256237 1
18-07-2017-18:23:52:834 256237 256878 1
18-07-2017-18:23:52:872 256878 257519 1
18-07-2017-18:23:52:909 257519 258160 1
18-07-2017-18:23:52:955 258160 258801 1
18-07-2017-18:23:52:990 258801 259442 1
18-07-2017-18:23:53:036 259442 260083 1
18-07-2017-18:23:53:071 260083 260724 1
18-07-2017-18:23:53:107 260724 261365 1
18-07-2017-18:23:53:154 261365 262006 1
18-07-2017-18:23:53:187 262006 262647 1
18-07-2017-18:23:53:227 262647 263288 1
18-07-2017-18:23:53:269 263288 263929 1
18-07-2017-18:23:53:313 263929 264570 1
18-07-2017-18:23:53:349 264570 265211 1
18-07-2017-18:23:53:395 265211 265852 1
18-07-2017-18:23:53:431 265852 266493 1
18-07-2017-18:23:53:478 266493 267134 1
18-07-2017-18:23:53:511 267134 267775 1
18-07-2017-18:23:53:547 267775 268416 1
18-07-2017-18:23:53:595 268416 269057 1
18-07-2017-18:23:53:628 269057 269698 1
18-07-2017-18:23:53:674 269698 270339 1
18-07-2017-18:23:53:710 270339 270980 1
18-07-2017-18:23:53:794 270980 271621 1
18-07-2017-18:23:53:795 271621 272262 1
18-07-2017-18:23:53:839 272262 272903 1
18-07-2017-18:23:53:874 272903 273544 1
18-07-2017-18:23:53:909 273544 274185 1
18-07-2017-18:23:53:955 274185 274826 1
18-07-2017-18:23:53:990 274826 275467 1
18-07-2017-18:23:54:039 275467 276108 1
18-07-2017-18:23:54:073 276108 276749 1
18-07-2017-18:23:54:108 276749 277390 1
18-07-2017-18:23:54:156 277390 278031 1
18-07-2017-18:23:54:190 278031 278672 1
18-07-2017-18:23:54:237 278672 279313 1
18-07-2017-18:23:54:272 279313 279954 1
18-07-2017-18:23:54:317 279954 280595 1
18-07-2017-18:23:54:357 280595 281236 1
18-07-2017-18:23:54:391 281236 281877 1
18-07-2017-18:23:54:437 281877 282518 1
18-07-2017-18:23:54:473 282518 283159 1
18-07-2017-18:23:54:520 283159 283800 1
18-07-2017-18:23:54:555 283800 284441 1
18-07-2017-18:23:54:590 284441 285082 1
18-07-2017-18:23:54:633 285082 285723 1
18-07-2017-18:23:54:679 285723 286364 1
18-07-2017-18:23:54:713 286364 287005 1
18-07-2017-18:23:54:750 287005 287646 1
18-07-2017-18:23:54:795 287646 288287 1
18-07-2017-18:23:54:831 288287 288928 1
18-07-2017-18:23:54:878 288928 289569 1
18-07-2017-18:23:54:913 289569 290210 1
18-07-2017-18:23:54:959 290210 290851 1
18-07-2017-18:23:54:993 290851 291492 1
18-07-2017-18:23:55:040 291492 292133 1
18-07-2017-18:23:55:076 292133 292774 1
18-07-2017-18:23:55:111 292774 293415 1
18-07-2017-18:23:55:157 293415 294056 1
18-07-2017-18:23:55:192 294056 294697 1
18-07-2017-18:23:55:238 294697 295338 1
18-07-2017-18:23:55:273 295338 295979 1
18-07-2017-18:23:55:319 295979 296620 1
18-07-2017-18:23:55:352 296620 297261 1
18-07-2017-18:23:55:398 297261 297902 1
18-07-2017-18:23:55:432 297902 298543 1
18-07-2017-18:23:55:479 298543 299184 1
18-07-2017-18:23:55:514 299184 299825 1
18-07-2017-18:23:55:561 299825 300466 1
18-07-2017-18:23:55:596 300466 301107 1
18-07-2017-18:23:55:630 301107 301748 1
18-07-2017-18:23:55:677 301748 302389 1
18-07-2017-18:23:55:714 302389 303030 1
18-07-2017-18:23:55:759 303030 303671 1
18-07-2017-18:23:55:794 303671 304312 1
18-07-2017-18:23:55:846 304312 304953 1
18-07-2017-18:23:55:881 304953 305594 1
18-07-2017-18:23:55:914 305594 306235 1
18-07-2017-18:23:55:961 306235 306876 1
18-07-2017-18:23:55:996 306876 307517 1
18-07-2017-18:23:56:031 307517 308158 1
18-07-2017-18:23:56:077 308158 308799 1
18-07-2017-18:23:56:113 308799 309440 1
18-07-2017-18:23:56:159 309440 310081 1
18-07-2017-18:23:56:195 310081 310722 1
18-07-2017-18:23:56:240 310722 311363 1
18-07-2017-18:23:56:272 311363 312004 1
18-07-2017-18:23:56:319 312004 312645 1
18-07-2017-18:23:56:354 312645 313286 1
18-07-2017-18:23:56:400 313286 313927 1
18-07-2017-18:23:56:435 313927 314568 1
18-07-2017-18:23:56:482 314568 315209 1
18-07-2017-18:23:56:515 315209 315850 1
18-07-2017-18:23:56:564 315850 316491 1
18-07-2017-18:23:56:599 316491 317132 1
18-07-2017-18:23:56:633 317132 317773 1
18-07-2017-18:23:56:680 317773 318414 1
18-07-2017-18:23:56:717 318414 319055 1
18-07-2017-18:23:56:762 319055 319696 1
18-07-2017-18:23:56:797 319696 320337 1
18-07-2017-18:23:56:843 320337 320978 1
18-07-2017-18:23:56:878 320978 321619 1
18-07-2017-18:23:56:922 321619 322260 1
18-07-2017-18:23:56:957 322260 322901 1
18-07-2017-18:23:57:006 322901 323542 1
18-07-2017-18:23:57:039 323542 324183 1
18-07-2017-18:23:57:075 324183 324824 1
18-07-2017-18:23:57:211 324824 325465 1
18-07-2017-18:23:57:212 325465 326106 1
18-07-2017-18:23:57:212 326106 326747 1
18-07-2017-18:23:57:237 326747 327388 1
18-07-2017-18:23:57:288 327388 328029 1
18-07-2017-18:23:57:317 328029 328670 1
18-07-2017-18:23:57:361 328670 329311 1
18-07-2017-18:23:57:405 329311 329952 1
18-07-2017-18:23:57:439 329952 330593 1
18-07-2017-18:23:57:476 330593 331234 1
18-07-2017-18:23:57:523 331234 331875 1
18-07-2017-18:23:57:556 331875 332516 1
18-07-2017-18:23:57:603 332516 333157 1
18-07-2017-18:23:57:638 333157 333798 1
18-07-2017-18:23:57:684 333798 334439 1
18-07-2017-18:23:57:718 334439 335080 1
18-07-2017-18:23:57:753 335080 335721 1
18-07-2017-18:23:57:800 335721 336362 1
18-07-2017-18:23:57:835 336362 337003 1
18-07-2017-18:23:57:883 337003 337644 1
18-07-2017-18:23:57:917 337644 338285 1
18-07-2017-18:23:57:965 338285 338926 1
18-07-2017-18:23:58:000 338926 339567 1
18-07-2017-18:23:58:045 339567 340208 1
18-07-2017-18:23:58:082 340208 340849 1
18-07-2017-18:23:58:116 340849 341490 1
18-07-2017-18:23:58:163 341490 342131 1
18-07-2017-18:23:58:199 342131 342772 1
18-07-2017-18:23:58:244 342772 343413 1
18-07-2017-18:23:58:280 343413 344054 1
18-07-2017-18:23:58:325 344054 344695 1
18-07-2017-18:23:58:359 344695 345336 1
18-07-2017-18:23:58:396 345336 345977 1
18-07-2017-18:23:58:441 345977 346618 1
18-07-2017-18:23:58:477 346618 347259 1
18-07-2017-18:23:58:524 347259 347900 1
18-07-2017-18:23:58:566 347900 348541 1
18-07-2017-18:23:58:607 348541 349182 1
18-07-2017-18:23:58:640 349182 349823 1
18-07-2017-18:23:58:675 349823 350464 1
18-07-2017-18:23:58:722 350464 351105 1
18-07-2017-18:23:58:791 351105 351746 1
18-07-2017-18:23:58:804 351746 352387 1
18-07-2017-18:23:58:838 352387 353028 1
18-07-2017-18:23:58:878 353028 353669 1
18-07-2017-18:23:58:925 353669 354310 1
18-07-2017-18:23:58:959 354310 354951 1
18-07-2017-18:23:59:004 354951 355592 1
18-07-2017-18:23:59:041 355592 356233 1
18-07-2017-18:23:59:087 356233 356874 1
18-07-2017-18:23:59:123 356874 357515 1
18-07-2017-18:23:59:158 357515 358156 1
18-07-2017-18:23:59:204 358156 358797 1
18-07-2017-18:23:59:238 358797 359438 1
18-07-2017-18:23:59:286 359438 360079 1
18-07-2017-18:23:59:320 360079 360720 1
18-07-2017-18:23:59:366 360720 361361 1
18-07-2017-18:23:59:403 361361 362002 1
18-07-2017-18:23:59:436 362002 362643 1
18-07-2017-18:23:59:483 362643 363284 1
18-07-2017-18:23:59:519 363284 363925 1
18-07-2017-18:23:59:565 363925 364566 1
18-07-2017-18:23:59:599 364566 365207 1
18-07-2017-18:23:59:639 365207 365848 1
18-07-2017-18:23:59:678 365848 366489 1
18-07-2017-18:23:59:726 366489 367130 1
18-07-2017-18:23:59:759 367130 367771 1
18-07-2017-18:23:59:807 367771 368412 1
18-07-2017-18:23:59:841 368412 369053 1
18-07-2017-18:23:59:888 369053 369694 1
18-07-2017-18:23:59:924 369694 370335 1
18-07-2017-18:23:59:959 370335 370976 1
18-07-2017-18:24:00:005 370976 371617 1
18-07-2017-18:24:00:040 371617 372258 1
18-07-2017-18:24:00:087 372258 372899 1
18-07-2017-18:24:00:121 372899 373540 1
18-07-2017-18:24:00:167 373540 374181 1
18-07-2017-18:24:00:203 374181 374822 1
18-07-2017-18:24:00:238 374822 375463 1
18-07-2017-18:24:00:285 375463 376104 1
18-07-2017-18:24:00:319 376104 376745 1
18-07-2017-18:24:00:358 376745 377386 1
18-07-2017-18:24:00:405 377386 378027 1
18-07-2017-18:24:00:440 378027 378668 1
18-07-2017-18:24:00:488 378668 379309 1
18-07-2017-18:24:00:521 379309 379950 1
18-07-2017-18:24:00:569 379950 380591 1
18-07-2017-18:24:00:602 380591 381232 1
18-07-2017-18:24:00:638 381232 381873 1
18-07-2017-18:24:00:685 381873 382514 1
18-07-2017-18:24:00:720 382514 383155 1
18-07-2017-18:24:00:767 383155 383796 1
18-07-2017-18:24:00:801 383796 384437 1
18-07-2017-18:24:00:848 384437 385078 1
18-07-2017-18:24:00:888 385078 385719 1
18-07-2017-18:24:00:935 385719 386360 1
18-07-2017-18:24:00:971 386360 387001 1
18-07-2017-18:24:01:005 387001 387642 1
18-07-2017-18:24:01:039 387642 388283 1
18-07-2017-18:24:01:087 388283 388924 1
18-07-2017-18:24:01:122 388924 389565 1
18-07-2017-18:24:01:168 389565 390206 1
18-07-2017-18:24:01:203 390206 390847 1
18-07-2017-18:24:01:249 390847 391488 1
18-07-2017-18:24:01:284 391488 392129 1
18-07-2017-18:24:01:320 392129 392770 1
18-07-2017-18:24:01:366 392770 393411 1
18-07-2017-18:24:01:403 393411 394052 1
18-07-2017-18:24:01:447 394052 394693 1
18-07-2017-18:24:01:484 394693 395334 1
18-07-2017-18:24:01:530 395334 395975 1
18-07-2017-18:24:01:564 395975 396616 1
18-07-2017-18:24:01:600 396616 397257 1
18-07-2017-18:24:01:646 397257 397898 1
18-07-2017-18:24:01:680 397898 398539 1
18-07-2017-18:24:01:728 398539 399180 1
18-07-2017-18:24:01:763 399180 399821 1
18-07-2017-18:24:01:810 399821 400462 1
18-07-2017-18:24:01:847 400462 401103 1
18-07-2017-18:24:01:883 401103 401744 1
18-07-2017-18:24:02:295 401744 402385 1
18-07-2017-18:24:02:296 402385 403026 1
18-07-2017-18:24:02:296 403026 403667 1
18-07-2017-18:24:02:296 403667 404308 1
18-07-2017-18:24:02:296 404308 404949 1
18-07-2017-18:24:02:296 404949 405590 1
18-07-2017-18:24:02:296 405590 406231 1
18-07-2017-18:24:02:296 406231 406872 1
18-07-2017-18:24:02:296 406872 407513 1
18-07-2017-18:24:02:296 407513 408154 1
18-07-2017-18:24:02:325 408154 408795 1
18-07-2017-18:24:02:378 408795 409432 1
18-07-2017-18:24:02:401 409432 410069 1
18-07-2017-18:24:02:447 410069 410706 1
18-07-2017-18:24:02:482 410706 411343 1
18-07-2017-18:24:02:530 411343 411980 1
18-07-2017-18:24:02:563 411980 412617 1
18-07-2017-18:24:02:599 412617 413254 1
18-07-2017-18:24:02:646 413254 413891 1
18-07-2017-18:24:02:683 413891 414528 1
18-07-2017-18:24:02:727 414528 415165 1
18-07-2017-18:24:02:763 415165 415802 1
18-07-2017-18:24:02:808 415802 416439 1
18-07-2017-18:24:02:844 416439 417076 1
18-07-2017-18:24:02:888 417076 417713 1
18-07-2017-18:24:02:940 417713 418350 1
18-07-2017-18:24:02:971 418350 418987 1
18-07-2017-18:24:03:004 418987 419624 1
18-07-2017-18:24:03:039 419624 420261 1
18-07-2017-18:24:03:086 420261 420898 1
18-07-2017-18:24:03:120 420898 421535 1
18-07-2017-18:24:03:167 421535 422172 1
18-07-2017-18:24:03:203 422172 422809 1
18-07-2017-18:24:03:238 422809 423446 1
18-07-2017-18:24:03:284 423446 424083 1
18-07-2017-18:24:03:318 424083 424720 1
18-07-2017-18:24:03:366 424720 425357 1
18-07-2017-18:24:03:400 425357 425994 1
18-07-2017-18:24:03:436 425994 426631 1
18-07-2017-18:24:03:483 426631 427268 1
18-07-2017-18:24:03:516 427268 427905 1
18-07-2017-18:24:03:563 427905 428542 1
18-07-2017-18:24:03:598 428542 429179 1
18-07-2017-18:24:03:646 429179 429816 1
18-07-2017-18:24:03:680 429816 430453 1
18-07-2017-18:24:03:715 430453 431090 1
18-07-2017-18:24:03:762 431090 431727 1
18-07-2017-18:24:03:796 431727 432364 1
18-07-2017-18:24:03:843 432364 433001 1
18-07-2017-18:24:03:879 433001 433638 1
18-07-2017-18:24:03:913 433638 434275 1
18-07-2017-18:24:03:960 434275 434912 1
18-07-2017-18:24:03:995 434912 435549 1
18-07-2017-18:24:04:037 435549 436186 1
18-07-2017-18:24:04:080 436186 436823 1
18-07-2017-18:24:04:120 436823 437460 1
18-07-2017-18:24:04:155 437460 438097 1
18-07-2017-18:24:04:201 438097 438734 1
18-07-2017-18:24:04:237 438734 439371 1
18-07-2017-18:24:04:283 439371 440008 1
18-07-2017-18:24:04:318 440008 440645 1
18-07-2017-18:24:04:352 440645 441282 1
18-07-2017-18:24:04:399 441282 441919 1
18-07-2017-18:24:04:434 441919 442556 1
18-07-2017-18:24:04:480 442556 443193 1
18-07-2017-18:24:04:515 443193 443830 1
18-07-2017-18:24:04:552 443830 444467 1
18-07-2017-18:24:04:598 444467 445104 1
18-07-2017-18:24:04:632 445104 445741 1
18-07-2017-18:24:04:679 445741 446378 1
18-07-2017-18:24:04:714 446378 447015 1
18-07-2017-18:24:04:755 447015 447652 1
18-07-2017-18:24:04:795 447652 448289 1
18-07-2017-18:24:04:831 448289 448926 1
18-07-2017-18:24:04:878 448926 449563 1
18-07-2017-18:24:04:911 449563 450200 1
18-07-2017-18:24:04:958 450200 450837 1
18-07-2017-18:24:04:998 450837 451474 1
18-07-2017-18:24:05:028 451474 452111 1
18-07-2017-18:24:05:071 452111 452748 1
18-07-2017-18:24:05:117 452748 453385 1
18-07-2017-18:24:05:153 453385 454022 1
18-07-2017-18:24:05:187 454022 454659 1
18-07-2017-18:24:05:234 454659 455296 1
18-07-2017-18:24:05:268 455296 455933 1
18-07-2017-18:24:05:316 455933 456570 1
18-07-2017-18:24:05:351 456570 457207 1
18-07-2017-18:24:05:397 457207 457844 1
18-07-2017-18:24:05:433 457844 458481 1
18-07-2017-18:24:05:466 458481 459118 1
18-07-2017-18:24:05:513 459118 459755 1
18-07-2017-18:24:05:549 459755 460392 1
18-07-2017-18:24:05:594 460392 461029 1
18-07-2017-18:24:05:630 461029 461666 1
18-07-2017-18:24:05:666 461666 462303 1
18-07-2017-18:24:05:718 462303 462926 1
18-07-2017-18:24:05:743 462926 463549 1
18-07-2017-18:24:05:791 463549 464172 1
18-07-2017-18:24:05:826 464172 464795 1
18-07-2017-18:24:06:001 464795 465418 1
18-07-2017-18:24:06:002 465418 466041 1
18-07-2017-18:24:06:002 466041 466664 1
18-07-2017-18:24:06:002 466664 467287 1
18-07-2017-18:24:06:024 467287 467910 1
18-07-2017-18:24:06:057 467910 468533 1
18-07-2017-18:24:06:105 468533 469156 1
18-07-2017-18:24:06:139 469156 469779 1
18-07-2017-18:24:06:174 469779 470402 1
18-07-2017-18:24:06:221 470402 471025 1
18-07-2017-18:24:06:257 471025 471648 1
18-07-2017-18:24:06:290 471648 472271 1
18-07-2017-18:24:06:339 472271 472894 1
18-07-2017-18:24:06:373 472894 473517 1
18-07-2017-18:24:06:412 473517 474140 1
18-07-2017-18:24:06:445 474140 474763 1
18-07-2017-18:24:06:492 474763 475386 1
18-07-2017-18:24:06:528 475386 476009 1
18-07-2017-18:24:06:563 476009 476632 1
18-07-2017-18:24:06:611 476632 477255 1
18-07-2017-18:24:06:644 477255 477878 1
18-07-2017-18:24:06:678 477878 478501 1
18-07-2017-18:24:06:726 478501 479124 1
18-07-2017-18:24:06:760 479124 479747 1
18-07-2017-18:24:06:796 479747 480370 1
18-07-2017-18:24:06:842 480370 480993 1
18-07-2017-18:24:06:876 480993 481616 1
18-07-2017-18:24:06:912 481616 482239 1
18-07-2017-18:24:06:958 482239 482862 1
18-07-2017-18:24:06:994 482862 483485 1
18-07-2017-18:24:07:028 483485 484108 1
18-07-2017-18:24:07:074 484108 484731 1
18-07-2017-18:24:07:111 484731 485354 1
18-07-2017-18:24:07:153 485354 485977 1
18-07-2017-18:24:07:188 485977 486600 1
18-07-2017-18:24:07:234 486600 487223 1
18-07-2017-18:24:07:273 487223 487846 1
18-07-2017-18:24:07:304 487846 488469 1
18-07-2017-18:24:07:350 488469 489092 1
18-07-2017-18:24:07:386 489092 489715 1
18-07-2017-18:24:07:421 489715 490338 1
18-07-2017-18:24:07:466 490338 490961 1
18-07-2017-18:24:07:502 490961 491584 1
18-07-2017-18:24:07:537 491584 492207 1
18-07-2017-18:24:07:583 492207 492830 1
18-07-2017-18:24:07:618 492830 493453 1
18-07-2017-18:24:07:654 493453 494076 1
18-07-2017-18:24:07:700 494076 494699 1
18-07-2017-18:24:07:735 494699 495322 1
18-07-2017-18:24:07:769 495322 495945 1
18-07-2017-18:24:07:817 495945 496568 1
18-07-2017-18:24:07:856 496568 497191 1
18-07-2017-18:24:07:894 497191 497814 1
18-07-2017-18:24:07:934 497814 498437 1
18-07-2017-18:24:07:999 498437 499060 1
18-07-2017-18:24:08:005 499060 499683 1
18-07-2017-18:24:08:050 499683 500306 1
18-07-2017-18:24:08:086 500306 500929 1
18-07-2017-18:24:08:121 500929 501552 1
18-07-2017-18:24:08:167 501552 502175 1
18-07-2017-18:24:08:203 502175 502798 1
18-07-2017-18:24:08:237 502798 503421 1
18-07-2017-18:24:08:284 503421 504044 1
18-07-2017-18:24:08:319 504044 504667 1
18-07-2017-18:24:08:355 504667 505290 1
18-07-2017-18:24:08:400 505290 505913 1
18-07-2017-18:24:08:434 505913 506536 1
18-07-2017-18:24:08:469 506536 507159 1
18-07-2017-18:24:08:517 507159 507782 1
18-07-2017-18:24:08:551 507782 508405 1
18-07-2017-18:24:08:595 508405 509028 1
18-07-2017-18:24:08:629 509028 509651 1
18-07-2017-18:24:08:665 509651 510274 1
18-07-2017-18:24:08:712 510274 510897 1
18-07-2017-18:24:08:748 510897 511520 1
18-07-2017-18:24:08:782 511520 512143 1
18-07-2017-18:24:08:828 512143 512766 1
18-07-2017-18:24:08:862 512766 513389 1
18-07-2017-18:24:08:897 513389 514012 1
18-07-2017-18:24:08:944 514012 514635 1
18-07-2017-18:24:08:980 514635 515258 1
18-07-2017-18:24:09:015 515258 515881 1
18-07-2017-18:24:09:066 515881 516504 1
18-07-2017-18:24:09:096 516504 517127 1
18-07-2017-18:24:09:135 517127 517750 1
18-07-2017-18:24:09:175 517750 518373 1
18-07-2017-18:24:09:210 518373 518996 1
18-07-2017-18:24:09:257 518996 519619 1
18-07-2017-18:24:09:292 519619 520242 1
18-07-2017-18:24:09:328 520242 520865 1
18-07-2017-18:24:09:375 520865 521488 1
18-07-2017-18:24:09:407 521488 522111 1
18-07-2017-18:24:09:444 522111 522734 1
18-07-2017-18:24:09:495 522734 523357 1
18-07-2017-18:24:09:523 523357 523980 1
18-07-2017-18:24:09:569 523980 524603 1
18-07-2017-18:24:09:605 524603 525226 1
18-07-2017-18:24:09:642 525226 525849 1
18-07-2017-18:24:09:688 525849 526472 1
18-07-2017-18:24:09:722 526472 527095 1
18-07-2017-18:24:09:757 527095 527718 1
18-07-2017-18:24:09:802 527718 528341 1
18-07-2017-18:24:09:838 528341 528964 1
18-07-2017-18:24:09:873 528964 529587 1
18-07-2017-18:24:09:919 529587 530210 1
18-07-2017-18:24:09:954 530210 530833 1
18-07-2017-18:24:09:989 530833 531456 1
18-07-2017-18:24:10:038 531456 532079 1
18-07-2017-18:24:10:072 532079 532702 1
18-07-2017-18:24:10:106 532702 533325 1
18-07-2017-18:24:10:149 533325 533948 1
18-07-2017-18:24:10:185 533948 534571 1
18-07-2017-18:24:10:232 534571 535194 1
18-07-2017-18:24:10:265 535194 535817 1
18-07-2017-18:24:10:300 535817 536440 1
18-07-2017-18:24:10:347 536440 537063 1
18-07-2017-18:24:10:381 537063 537686 1
18-07-2017-18:24:10:418 537686 538309 1
18-07-2017-18:24:10:463 538309 538932 1
18-07-2017-18:24:10:499 538932 539555 1
18-07-2017-18:24:10:535 539555 540178 1
18-07-2017-18:24:10:580 540178 540801 1
18-07-2017-18:24:10:614 540801 541424 1
18-07-2017-18:24:10:650 541424 542047 1
18-07-2017-18:24:10:793 542047 542670 1
18-07-2017-18:24:10:794 542670 543293 1
18-07-2017-18:24:10:794 543293 543916 1
18-07-2017-18:24:10:812 543916 544539 1
18-07-2017-18:24:10:848 544539 545162 1
18-07-2017-18:24:10:883 545162 545785 1
18-07-2017-18:24:10:929 545785 546408 1
18-07-2017-18:24:10:964 546408 547031 1
18-07-2017-18:24:11:001 547031 547654 1
18-07-2017-18:24:11:047 547654 548277 1
18-07-2017-18:24:11:082 548277 548900 1
18-07-2017-18:24:11:117 548900 549523 1
18-07-2017-18:24:11:162 549523 550146 1
18-07-2017-18:24:11:198 550146 550769 1
18-07-2017-18:24:11:232 550769 551392 1
18-07-2017-18:24:11:283 551392 552015 1
18-07-2017-18:24:11:314 552015 552638 1
18-07-2017-18:24:11:351 552638 553261 1
18-07-2017-18:24:11:398 553261 553884 1
18-07-2017-18:24:11:431 553884 554507 1
18-07-2017-18:24:11:466 554507 555130 1
18-07-2017-18:24:11:513 555130 555753 1
18-07-2017-18:24:11:548 555753 556376 1
18-07-2017-18:24:11:584 556376 556999 1
18-07-2017-18:24:11:631 556999 557622 1
18-07-2017-18:24:11:666 557622 558245 1
18-07-2017-18:24:11:700 558245 558868 1
18-07-2017-18:24:11:747 558868 559491 1
18-07-2017-18:24:11:781 559491 560114 1
18-07-2017-18:24:11:816 560114 560737 1
18-07-2017-18:24:11:863 560737 561360 1
18-07-2017-18:24:11:899 561360 561983 1
18-07-2017-18:24:11:933 561983 562606 1
18-07-2017-18:24:11:979 562606 563229 1
18-07-2017-18:24:12:016 563229 563852 1
18-07-2017-18:24:12:061 563852 564475 1
18-07-2017-18:24:12:097 564475 565098 1
18-07-2017-18:24:12:131 565098 565721 1
18-07-2017-18:24:12:178 565721 566344 1
18-07-2017-18:24:12:214 566344 566967 1
18-07-2017-18:24:12:249 566967 567590 1
18-07-2017-18:24:12:294 567590 568213 1
18-07-2017-18:24:12:340 568213 568836 1
18-07-2017-18:24:12:364 568836 569459 1
18-07-2017-18:24:12:411 569459 570082 1
18-07-2017-18:24:12:445 570082 570705 1
18-07-2017-18:24:12:480 570705 571328 1
18-07-2017-18:24:12:526 571328 571951 1
18-07-2017-18:24:12:561 571951 572574 1
18-07-2017-18:24:12:596 572574 573197 1
18-07-2017-18:24:12:643 573197 573820 1
18-07-2017-18:24:12:738 573820 574443 1
18-07-2017-18:24:12:740 574443 575066 1
18-07-2017-18:24:12:755 575066 575689 1
18-07-2017-18:24:12:796 575689 576312 1
18-07-2017-18:24:12:833 576312 576935 1
18-07-2017-18:24:12:878 576935 577558 1
18-07-2017-18:24:12:913 577558 578181 1
18-07-2017-18:24:12:955 578181 578804 1
18-07-2017-18:24:12:991 578804 579427 1
18-07-2017-18:24:13:028 579427 580050 1
18-07-2017-18:24:13:070 580050 580673 1
18-07-2017-18:24:13:106 580673 581296 1
18-07-2017-18:24:13:141 581296 581919 1
18-07-2017-18:24:13:187 581919 582542 1
18-07-2017-18:24:13:223 582542 583165 1
18-07-2017-18:24:13:257 583165 583788 1
18-07-2017-18:24:13:304 583788 584411 1
18-07-2017-18:24:13:339 584411 585034 1
18-07-2017-18:24:13:375 585034 585657 1
18-07-2017-18:24:13:423 585657 586280 1
18-07-2017-18:24:13:456 586280 586903 1
18-07-2017-18:24:13:493 586903 587526 1
18-07-2017-18:24:13:540 587526 588149 1
18-07-2017-18:24:13:572 588149 588772 1
18-07-2017-18:24:13:611 588772 589395 1
18-07-2017-18:24:13:653 589395 590018 1
18-07-2017-18:24:13:699 590018 590641 1
18-07-2017-18:24:13:732 590641 591264 1
18-07-2017-18:24:13:769 591264 591887 1
18-07-2017-18:24:13:814 591887 592510 1
18-07-2017-18:24:13:854 592510 593133 1
18-07-2017-18:24:13:888 593133 593756 1
18-07-2017-18:24:13:923 593756 594379 1
18-07-2017-18:24:13:968 594379 595002 1
18-07-2017-18:24:14:003 595002 595625 1
18-07-2017-18:24:14:040 595625 596248 1
18-07-2017-18:24:14:085 596248 596871 1
18-07-2017-18:24:14:121 596871 597494 1
18-07-2017-18:24:14:157 597494 598117 1
18-07-2017-18:24:14:203 598117 598740 1
18-07-2017-18:24:14:313 598740 599363 1
18-07-2017-18:24:14:314 599363 599986 1
18-07-2017-18:24:14:316 599986 600609 1
18-07-2017-18:24:14:352 600609 601232 1
18-07-2017-18:24:14:387 601232 601855 1
18-07-2017-18:24:14:433 601855 602478 1
18-07-2017-18:24:14:468 602478 603101 1
18-07-2017-18:24:14:504 603101 603724 1
18-07-2017-18:24:14:550 603724 604347 1
18-07-2017-18:24:14:585 604347 604970 1
18-07-2017-18:24:14:632 604970 605593 1
18-07-2017-18:24:14:667 605593 606216 1
18-07-2017-18:24:14:701 606216 606839 1
18-07-2017-18:24:14:749 606839 607462 1
18-07-2017-18:24:14:782 607462 608085 1
18-07-2017-18:24:14:816 608085 608708 1
18-07-2017-18:24:14:862 608708 609331 1
18-07-2017-18:24:14:897 609331 609954 1
18-07-2017-18:24:14:931 609954 610577 1
18-07-2017-18:24:14:979 610577 611200 1
18-07-2017-18:24:15:014 611200 611823 1
18-07-2017-18:24:15:049 611823 612446 1
18-07-2017-18:24:15:096 612446 613069 1
18-07-2017-18:24:15:131 613069 613692 1
18-07-2017-18:24:15:176 613692 614315 1
18-07-2017-18:24:15:211 614315 614938 1
18-07-2017-18:24:15:247 614938 615561 1
18-07-2017-18:24:15:294 615561 616184 1
18-07-2017-18:24:15:327 616184 616807 1
18-07-2017-18:24:15:366 616807 617430 1
18-07-2017-18:24:15:411 617430 618053 1
18-07-2017-18:24:15:446 618053 618676 1
18-07-2017-18:24:15:480 618676 619299 1
18-07-2017-18:24:15:526 619299 619922 1
