18-07-2017-18:37:16:948 0 800 1
18-07-2017-18:37:17:002 800 1547 1
18-07-2017-18:37:17:042 1547 2294 1
18-07-2017-18:37:17:091 2294 3041 1
18-07-2017-18:37:17:137 3041 3788 1
18-07-2017-18:37:17:183 3788 4535 1
18-07-2017-18:37:17:235 4535 5282 1
18-07-2017-18:37:17:284 5282 6029 1
18-07-2017-18:37:17:326 6029 6776 1
18-07-2017-18:37:17:371 6776 7523 1
18-07-2017-18:37:17:418 7523 8270 1
18-07-2017-18:37:17:463 8270 9017 1
18-07-2017-18:37:17:510 9017 9764 1
18-07-2017-18:37:17:564 9764 10511 1
18-07-2017-18:37:17:616 10511 11258 1
18-07-2017-18:37:17:656 11258 12005 1
18-07-2017-18:37:17:701 12005 12752 1
18-07-2017-18:37:17:755 12752 13499 1
18-07-2017-18:37:17:796 13499 14246 1
18-07-2017-18:37:17:841 14246 14993 1
18-07-2017-18:37:17:897 14993 15740 1
18-07-2017-18:37:17:941 15740 16487 1
18-07-2017-18:37:17:985 16487 17234 1
18-07-2017-18:37:18:019 17234 17981 1
18-07-2017-18:37:18:065 17981 18728 1
18-07-2017-18:37:18:113 18728 19475 1
18-07-2017-18:37:18:159 19475 20222 1
18-07-2017-18:37:18:209 20222 20969 1
18-07-2017-18:37:18:255 20969 21716 1
18-07-2017-18:37:18:305 21716 22463 1
18-07-2017-18:37:18:353 22463 23210 1
18-07-2017-18:37:18:405 23210 23957 1
18-07-2017-18:37:18:447 23957 24704 1
18-07-2017-18:37:18:493 24704 25451 1
18-07-2017-18:37:18:539 25451 26198 1
18-07-2017-18:37:18:592 26198 26945 1
18-07-2017-18:37:18:632 26945 27692 1
18-07-2017-18:37:18:678 27692 28439 1
18-07-2017-18:37:18:725 28439 29186 1
18-07-2017-18:37:18:772 29186 29933 1
18-07-2017-18:37:18:818 29933 30680 1
18-07-2017-18:37:18:865 30680 31427 1
18-07-2017-18:37:18:911 31427 32174 1
18-07-2017-18:37:18:953 32174 32921 1
18-07-2017-18:37:19:000 32921 33668 1
18-07-2017-18:37:19:052 33668 34415 1
18-07-2017-18:37:19:095 34415 35162 1
18-07-2017-18:37:19:329 35162 35909 1
18-07-2017-18:37:19:329 35909 36656 1
18-07-2017-18:37:19:329 36656 37403 1
18-07-2017-18:37:19:331 37403 38150 1
18-07-2017-18:37:19:331 38150 38897 1
18-07-2017-18:37:19:378 38897 39644 1
18-07-2017-18:37:19:424 39644 40391 1
18-07-2017-18:37:19:476 40391 41138 1
18-07-2017-18:37:19:524 41138 41885 1
18-07-2017-18:37:19:570 41885 42632 1
18-07-2017-18:37:19:616 42632 43379 1
18-07-2017-18:37:19:663 43379 44126 1
18-07-2017-18:37:19:709 44126 44873 1
18-07-2017-18:37:19:756 44873 45620 1
18-07-2017-18:37:19:809 45620 46367 1
18-07-2017-18:37:19:852 46367 47114 1
18-07-2017-18:37:19:888 47114 47861 1
18-07-2017-18:37:19:935 47861 48608 1
18-07-2017-18:37:19:981 48608 49355 1
18-07-2017-18:37:20:027 49355 50102 1
18-07-2017-18:37:20:074 50102 50849 1
18-07-2017-18:37:20:121 50849 51596 1
18-07-2017-18:37:20:168 51596 52343 1
18-07-2017-18:37:20:213 52343 53090 1
18-07-2017-18:37:20:260 53090 53837 1
18-07-2017-18:37:20:313 53837 54512 1
18-07-2017-18:37:20:353 54512 55187 1
18-07-2017-18:37:20:396 55187 55862 1
18-07-2017-18:37:20:431 55862 56537 1
18-07-2017-18:37:20:479 56537 57212 1
18-07-2017-18:37:20:525 57212 57887 1
18-07-2017-18:37:20:559 57887 58562 1
18-07-2017-18:37:20:605 58562 59237 1
18-07-2017-18:37:20:640 59237 59912 1
18-07-2017-18:37:20:687 59912 60587 1
18-07-2017-18:37:20:729 60587 61262 1
18-07-2017-18:37:20:775 61262 61937 1
18-07-2017-18:37:20:811 61937 62612 1
18-07-2017-18:37:20:857 62612 63287 1
18-07-2017-18:37:20:902 63287 63962 1
18-07-2017-18:37:20:937 63962 64637 1
18-07-2017-18:37:20:977 64637 65312 1
18-07-2017-18:37:21:024 65312 65987 1
18-07-2017-18:37:21:071 65987 66662 1
18-07-2017-18:37:21:107 66662 67337 1
18-07-2017-18:37:21:153 67337 68012 1
18-07-2017-18:37:21:186 68012 68687 1
18-07-2017-18:37:21:239 68687 69362 1
18-07-2017-18:37:21:285 69362 70037 1
18-07-2017-18:37:21:325 70037 70712 1
18-07-2017-18:37:21:359 70712 71387 1
18-07-2017-18:37:21:407 71387 72062 1
18-07-2017-18:37:21:441 72062 72737 1
18-07-2017-18:37:21:493 72737 73412 1
18-07-2017-18:37:21:529 73412 74087 1
18-07-2017-18:37:21:575 74087 74762 1
18-07-2017-18:37:21:611 74762 75437 1
18-07-2017-18:37:21:656 75437 76112 1
18-07-2017-18:37:21:704 76112 76787 1
18-07-2017-18:37:21:738 76787 77462 1
18-07-2017-18:37:21:784 77462 78137 1
18-07-2017-18:37:21:820 78137 78812 1
18-07-2017-18:37:21:862 78812 79487 1
18-07-2017-18:37:21:909 79487 80162 1
18-07-2017-18:37:21:957 80162 80837 1
18-07-2017-18:37:21:991 80837 81512 1
18-07-2017-18:37:22:038 81512 82187 1
18-07-2017-18:37:22:085 82187 82862 1
18-07-2017-18:37:22:119 82862 83537 1
18-07-2017-18:37:22:166 83537 84212 1
18-07-2017-18:37:22:200 84212 84887 1
18-07-2017-18:37:22:248 84887 85562 1
18-07-2017-18:37:22:698 85562 86237 1
18-07-2017-18:37:22:699 86237 86912 1
18-07-2017-18:37:22:699 86912 87587 1
18-07-2017-18:37:22:699 87587 88262 1
18-07-2017-18:37:22:701 88262 88937 1
18-07-2017-18:37:22:701 88937 89612 1
18-07-2017-18:37:22:701 89612 90287 1
18-07-2017-18:37:22:701 90287 90962 1
18-07-2017-18:37:22:701 90962 91637 1
18-07-2017-18:37:22:701 91637 92312 1
18-07-2017-18:37:22:713 92312 92987 1
18-07-2017-18:37:22:749 92987 93662 1
18-07-2017-18:37:22:795 93662 94337 1
18-07-2017-18:37:22:843 94337 95012 1
18-07-2017-18:37:22:877 95012 95687 1
18-07-2017-18:37:22:923 95687 96362 1
18-07-2017-18:37:22:970 96362 97037 1
18-07-2017-18:37:23:004 97037 97712 1
18-07-2017-18:37:23:051 97712 98387 1
18-07-2017-18:37:23:087 98387 99062 1
18-07-2017-18:37:23:132 99062 99737 1
18-07-2017-18:37:23:180 99737 100412 1
18-07-2017-18:37:23:214 100412 101087 1
18-07-2017-18:37:23:261 101087 101762 1
18-07-2017-18:37:23:297 101762 102437 1
18-07-2017-18:37:23:340 102437 103112 1
18-07-2017-18:37:23:385 103112 103787 1
18-07-2017-18:37:23:433 103787 104462 1
18-07-2017-18:37:23:468 104462 105137 1
18-07-2017-18:37:23:514 105137 105812 1
18-07-2017-18:37:23:561 105812 106487 1
18-07-2017-18:37:23:595 106487 107162 1
18-07-2017-18:37:23:643 107162 107837 1
18-07-2017-18:37:23:678 107837 108512 1
18-07-2017-18:37:23:724 108512 109187 1
18-07-2017-18:37:23:774 109187 109862 1
18-07-2017-18:37:23:813 109862 110537 1
18-07-2017-18:37:23:850 110537 111212 1
18-07-2017-18:37:23:896 111212 111887 1
18-07-2017-18:37:23:931 111887 112562 1
18-07-2017-18:37:23:978 112562 113237 1
18-07-2017-18:37:24:023 113237 113912 1
18-07-2017-18:37:24:058 113912 114587 1
18-07-2017-18:37:24:105 114587 115262 1
18-07-2017-18:37:24:152 115262 115937 1
18-07-2017-18:37:24:186 115937 116612 1
18-07-2017-18:37:24:234 116612 117287 1
18-07-2017-18:37:24:269 117287 117962 1
18-07-2017-18:37:24:321 117962 118600 1
18-07-2017-18:37:24:346 118600 119238 1
18-07-2017-18:37:24:393 119238 119876 1
18-07-2017-18:37:24:429 119876 120514 1
18-07-2017-18:37:24:476 120514 121152 1
18-07-2017-18:37:24:511 121152 121790 1
18-07-2017-18:37:24:556 121790 122428 1
18-07-2017-18:37:24:591 122428 123066 1
18-07-2017-18:37:24:626 123066 123704 1
18-07-2017-18:37:24:674 123704 124342 1
18-07-2017-18:37:24:708 124342 124980 1
18-07-2017-18:37:24:754 124980 125618 1
18-07-2017-18:37:24:790 125618 126256 1
18-07-2017-18:37:24:825 126256 126894 1
18-07-2017-18:37:24:871 126894 127532 1
18-07-2017-18:37:24:906 127532 128170 1
18-07-2017-18:37:24:954 128170 128808 1
18-07-2017-18:37:24:989 128808 129446 1
18-07-2017-18:37:25:039 129446 130084 1
18-07-2017-18:37:25:073 130084 130722 1
18-07-2017-18:37:25:110 130722 131360 1
18-07-2017-18:37:25:156 131360 131998 1
18-07-2017-18:37:25:191 131998 132636 1
18-07-2017-18:37:25:224 132636 133274 1
18-07-2017-18:37:25:273 133274 133912 1
18-07-2017-18:37:25:306 133912 134550 1
18-07-2017-18:37:25:355 134550 135188 1
18-07-2017-18:37:25:389 135188 135826 1
18-07-2017-18:37:25:848 135826 136464 1
18-07-2017-18:37:25:850 136464 137102 1
18-07-2017-18:37:25:850 137102 137740 1
18-07-2017-18:37:25:850 137740 138378 1
18-07-2017-18:37:25:850 138378 139016 1
18-07-2017-18:37:25:850 139016 139654 1
18-07-2017-18:37:25:850 139654 140292 1
18-07-2017-18:37:25:850 140292 140930 1
18-07-2017-18:37:25:850 140930 141568 1
18-07-2017-18:37:25:850 141568 142206 1
18-07-2017-18:37:25:851 142206 142844 1
18-07-2017-18:37:25:866 142844 143482 1
18-07-2017-18:37:25:913 143482 144120 1
18-07-2017-18:37:25:948 144120 144758 1
18-07-2017-18:37:25:981 144758 145396 1
18-07-2017-18:37:26:028 145396 146034 1
18-07-2017-18:37:26:063 146034 146672 1
18-07-2017-18:37:26:110 146672 147310 1
18-07-2017-18:37:26:145 147310 147948 1
18-07-2017-18:37:26:216 147948 148586 1
18-07-2017-18:37:26:229 148586 149224 1
18-07-2017-18:37:26:263 149224 149862 1
18-07-2017-18:37:26:309 149862 150500 1
18-07-2017-18:37:26:357 150500 151138 1
18-07-2017-18:37:26:393 151138 151776 1
18-07-2017-18:37:26:428 151776 152414 1
18-07-2017-18:37:26:461 152414 153052 1
18-07-2017-18:37:26:508 153052 153690 1
18-07-2017-18:37:26:544 153690 154328 1
18-07-2017-18:37:26:591 154328 154966 1
18-07-2017-18:37:26:626 154966 155604 1
18-07-2017-18:37:26:661 155604 156242 1
18-07-2017-18:37:26:707 156242 156880 1
18-07-2017-18:37:26:741 156880 157518 1
18-07-2017-18:37:26:788 157518 158156 1
18-07-2017-18:37:26:824 158156 158794 1
18-07-2017-18:37:26:870 158794 159432 1
18-07-2017-18:37:26:904 159432 160070 1
18-07-2017-18:37:26:940 160070 160708 1
18-07-2017-18:37:26:979 160708 161346 1
18-07-2017-18:37:27:028 161346 161984 1
18-07-2017-18:37:27:062 161984 162622 1
18-07-2017-18:37:27:109 162622 163260 1
18-07-2017-18:37:27:144 163260 163898 1
18-07-2017-18:37:27:177 163898 164536 1
18-07-2017-18:37:27:225 164536 165174 1
18-07-2017-18:37:27:259 165174 165812 1
18-07-2017-18:37:27:306 165812 166450 1
18-07-2017-18:37:27:351 166450 167088 1
18-07-2017-18:37:27:387 167088 167726 1
18-07-2017-18:37:27:427 167726 168364 1
18-07-2017-18:37:27:462 168364 169002 1
18-07-2017-18:37:27:496 169002 169640 1
18-07-2017-18:37:27:543 169640 170278 1
18-07-2017-18:37:27:589 170278 170916 1
18-07-2017-18:37:27:624 170916 171554 1
18-07-2017-18:37:27:660 171554 172192 1
18-07-2017-18:37:27:707 172192 172830 1
18-07-2017-18:37:27:741 172830 173468 1
18-07-2017-18:37:27:776 173468 174106 1
18-07-2017-18:37:27:823 174106 174744 1
18-07-2017-18:37:27:859 174744 175382 1
18-07-2017-18:37:27:904 175382 176020 1
18-07-2017-18:37:27:939 176020 176658 1
18-07-2017-18:37:27:987 176658 177296 1
18-07-2017-18:37:28:021 177296 177934 1
18-07-2017-18:37:28:057 177934 178572 1
18-07-2017-18:37:28:104 178572 179210 1
18-07-2017-18:37:28:478 179210 179848 1
18-07-2017-18:37:28:479 179848 180486 1
18-07-2017-18:37:28:479 180486 181124 1
18-07-2017-18:37:28:479 181124 181762 1
18-07-2017-18:37:28:479 181762 182400 1
18-07-2017-18:37:28:479 182400 183038 1
18-07-2017-18:37:28:479 183038 183676 1
18-07-2017-18:37:28:480 183676 184314 1
18-07-2017-18:37:28:480 184314 184952 1
18-07-2017-18:37:28:497 184952 185590 1
18-07-2017-18:37:28:542 185590 186228 1
18-07-2017-18:37:28:578 186228 186866 1
18-07-2017-18:37:28:625 186866 187504 1
18-07-2017-18:37:28:660 187504 188142 1
18-07-2017-18:37:28:694 188142 188780 1
18-07-2017-18:37:28:740 188780 189418 1
18-07-2017-18:37:28:776 189418 190056 1
18-07-2017-18:37:28:822 190056 190694 1
18-07-2017-18:37:28:857 190694 191332 1
18-07-2017-18:37:28:892 191332 191970 1
18-07-2017-18:37:28:939 191970 192608 1
18-07-2017-18:37:28:973 192608 193246 1
18-07-2017-18:37:29:021 193246 193884 1
18-07-2017-18:37:29:056 193884 194522 1
18-07-2017-18:37:29:104 194522 195160 1
18-07-2017-18:37:29:138 195160 195798 1
18-07-2017-18:37:29:173 195798 196436 1
18-07-2017-18:37:29:219 196436 197074 1
18-07-2017-18:37:29:255 197074 197712 1
18-07-2017-18:37:29:370 197712 198350 1
18-07-2017-18:37:29:371 198350 198988 1
18-07-2017-18:37:29:371 198988 199626 1
18-07-2017-18:37:29:418 199626 200264 1
18-07-2017-18:37:29:452 200264 200902 1
18-07-2017-18:37:29:500 200902 201540 1
18-07-2017-18:37:29:534 201540 202178 1
18-07-2017-18:37:29:581 202178 202816 1
18-07-2017-18:37:29:614 202816 203454 1
18-07-2017-18:37:29:650 203454 204092 1
18-07-2017-18:37:29:697 204092 204730 1
18-07-2017-18:37:29:732 204730 205368 1
18-07-2017-18:37:29:779 205368 206006 1
18-07-2017-18:37:29:822 206006 206644 1
18-07-2017-18:37:29:856 206644 207282 1
18-07-2017-18:37:29:893 207282 207920 1
18-07-2017-18:37:29:938 207920 208558 1
18-07-2017-18:37:29:972 208558 209196 1
18-07-2017-18:37:30:020 209196 209834 1
18-07-2017-18:37:30:055 209834 210472 1
18-07-2017-18:37:30:089 210472 211110 1
18-07-2017-18:37:30:136 211110 211748 1
18-07-2017-18:37:30:171 211748 212386 1
18-07-2017-18:37:30:222 212386 213024 1
18-07-2017-18:37:30:249 213024 213662 1
18-07-2017-18:37:30:297 213662 214300 1
18-07-2017-18:37:30:330 214300 214938 1
18-07-2017-18:37:30:377 214938 215576 1
18-07-2017-18:37:30:412 215576 216214 1
18-07-2017-18:37:30:448 216214 216852 1
18-07-2017-18:37:30:495 216852 217490 1
18-07-2017-18:37:30:529 217490 218128 1
18-07-2017-18:37:30:575 218128 218766 1
18-07-2017-18:37:30:611 218766 219404 1
18-07-2017-18:37:30:658 219404 220042 1
18-07-2017-18:37:30:693 220042 220680 1
18-07-2017-18:37:30:727 220680 221318 1
18-07-2017-18:37:30:773 221318 221956 1
18-07-2017-18:37:30:809 221956 222594 1
18-07-2017-18:37:30:855 222594 223232 1
18-07-2017-18:37:30:889 223232 223870 1
18-07-2017-18:37:30:938 223870 224508 1
18-07-2017-18:37:30:971 224508 225146 1
18-07-2017-18:37:31:007 225146 225784 1
18-07-2017-18:37:31:046 225784 226422 1
18-07-2017-18:37:31:097 226422 227060 1
18-07-2017-18:37:31:133 227060 227698 1
18-07-2017-18:37:31:167 227698 228336 1
18-07-2017-18:37:31:213 228336 228974 1
18-07-2017-18:37:31:247 228974 229612 1
18-07-2017-18:37:31:295 229612 230250 1
18-07-2017-18:37:31:331 230250 230888 1
18-07-2017-18:37:31:364 230888 231526 1
18-07-2017-18:37:31:411 231526 232164 1
18-07-2017-18:37:31:447 232164 232802 1
18-07-2017-18:37:31:493 232802 233440 1
18-07-2017-18:37:31:529 233440 234078 1
18-07-2017-18:37:31:575 234078 234716 1
18-07-2017-18:37:31:610 234716 235354 1
18-07-2017-18:37:31:645 235354 235992 1
18-07-2017-18:37:31:691 235992 236630 1
18-07-2017-18:37:31:729 236630 237268 1
18-07-2017-18:37:31:773 237268 237906 1
18-07-2017-18:37:31:808 237906 238544 1
18-07-2017-18:37:31:844 238544 239182 1
18-07-2017-18:37:31:890 239182 239820 1
18-07-2017-18:37:31:933 239820 240458 1
18-07-2017-18:37:31:968 240458 241096 1
18-07-2017-18:37:32:003 241096 241734 1
18-07-2017-18:37:32:050 241734 242372 1
18-07-2017-18:37:32:085 242372 243010 1
18-07-2017-18:37:32:132 243010 243648 1
18-07-2017-18:37:32:167 243648 244286 1
18-07-2017-18:37:32:213 244286 244924 1
18-07-2017-18:37:32:251 244924 245562 1
18-07-2017-18:37:32:284 245562 246200 1
18-07-2017-18:37:32:331 246200 246838 1
18-07-2017-18:37:32:365 246838 247476 1
18-07-2017-18:37:32:412 247476 248114 1
18-07-2017-18:37:32:453 248114 248752 1
18-07-2017-18:37:32:481 248752 249390 1
18-07-2017-18:37:32:787 249390 250028 1
18-07-2017-18:37:32:791 250028 250666 1
18-07-2017-18:37:32:791 250666 251304 1
18-07-2017-18:37:32:791 251304 251942 1
18-07-2017-18:37:32:792 251942 252580 1
18-07-2017-18:37:32:793 252580 253218 1
18-07-2017-18:37:32:793 253218 253856 1
18-07-2017-18:37:32:807 253856 254494 1
18-07-2017-18:37:32:842 254494 255132 1
18-07-2017-18:37:32:888 255132 255770 1
18-07-2017-18:37:32:938 255770 256408 1
18-07-2017-18:37:32:974 256408 257046 1
18-07-2017-18:37:33:005 257046 257684 1
18-07-2017-18:37:33:040 257684 258322 1
18-07-2017-18:37:33:084 258322 258960 1
18-07-2017-18:37:33:122 258960 259598 1
18-07-2017-18:37:33:169 259598 260236 1
18-07-2017-18:37:33:204 260236 260874 1
18-07-2017-18:37:33:239 260874 261512 1
18-07-2017-18:37:33:286 261512 262150 1
18-07-2017-18:37:33:402 262150 262788 1
18-07-2017-18:37:33:404 262788 263426 1
18-07-2017-18:37:33:404 263426 264064 1
18-07-2017-18:37:33:449 264064 264702 1
18-07-2017-18:37:33:484 264702 265340 1
18-07-2017-18:37:33:519 265340 265978 1
18-07-2017-18:37:33:580 265978 266616 1
18-07-2017-18:37:33:600 266616 267254 1
18-07-2017-18:37:33:647 267254 267892 1
18-07-2017-18:37:33:681 267892 268530 1
18-07-2017-18:37:33:717 268530 269168 1
18-07-2017-18:37:33:763 269168 269806 1
18-07-2017-18:37:33:798 269806 270444 1
18-07-2017-18:37:33:845 270444 271082 1
18-07-2017-18:37:33:881 271082 271720 1
18-07-2017-18:37:33:924 271720 272358 1
18-07-2017-18:37:33:960 272358 272996 1
18-07-2017-18:37:34:006 272996 273634 1
18-07-2017-18:37:34:041 273634 274272 1
18-07-2017-18:37:34:087 274272 274910 1
18-07-2017-18:37:34:123 274910 275548 1
18-07-2017-18:37:34:158 275548 276186 1
18-07-2017-18:37:34:203 276186 276824 1
18-07-2017-18:37:34:239 276824 277462 1
18-07-2017-18:37:34:285 277462 278100 1
18-07-2017-18:37:34:320 278100 278738 1
18-07-2017-18:37:34:357 278738 279376 1
18-07-2017-18:37:34:402 279376 280014 1
18-07-2017-18:37:34:436 280014 280652 1
18-07-2017-18:37:34:475 280652 281290 1
18-07-2017-18:37:34:523 281290 281928 1
18-07-2017-18:37:34:558 281928 282566 1
18-07-2017-18:37:34:603 282566 283204 1
18-07-2017-18:37:34:639 283204 283842 1
18-07-2017-18:37:34:683 283842 284480 1
18-07-2017-18:37:34:718 284480 285118 1
18-07-2017-18:37:34:764 285118 285756 1
18-07-2017-18:37:34:798 285756 286394 1
18-07-2017-18:37:34:834 286394 287032 1
18-07-2017-18:37:34:880 287032 287670 1
18-07-2017-18:37:34:962 287670 288308 1
18-07-2017-18:37:34:963 288308 288946 1
18-07-2017-18:37:34:998 288946 289584 1
18-07-2017-18:37:35:043 289584 290222 1
18-07-2017-18:37:35:079 290222 290860 1
18-07-2017-18:37:35:113 290860 291498 1
18-07-2017-18:37:35:160 291498 292136 1
18-07-2017-18:37:35:195 292136 292774 1
18-07-2017-18:37:35:243 292774 293412 1
18-07-2017-18:37:35:276 293412 294050 1
18-07-2017-18:37:35:312 294050 294688 1
18-07-2017-18:37:35:363 294688 295307 1
18-07-2017-18:37:35:401 295307 295926 1
18-07-2017-18:37:35:435 295926 296545 1
18-07-2017-18:37:35:471 296545 297164 1
18-07-2017-18:37:35:506 297164 297783 1
18-07-2017-18:37:35:552 297783 298402 1
18-07-2017-18:37:35:586 298402 299021 1
18-07-2017-18:37:35:622 299021 299640 1
18-07-2017-18:37:35:668 299640 300259 1
18-07-2017-18:37:35:703 300259 300878 1
18-07-2017-18:37:35:739 300878 301497 1
18-07-2017-18:37:35:787 301497 302116 1
18-07-2017-18:37:35:820 302116 302735 1
18-07-2017-18:37:35:854 302735 303354 1
18-07-2017-18:37:35:902 303354 303973 1
18-07-2017-18:37:35:936 303973 304592 1
18-07-2017-18:37:35:976 304592 305211 1
18-07-2017-18:37:36:012 305211 305830 1
18-07-2017-18:37:36:058 305830 306449 1
18-07-2017-18:37:36:092 306449 307068 1
18-07-2017-18:37:36:129 307068 307687 1
18-07-2017-18:37:36:163 307687 308306 1
18-07-2017-18:37:36:320 308306 308925 1
18-07-2017-18:37:36:322 308925 309544 1
18-07-2017-18:37:36:323 309544 310163 1
18-07-2017-18:37:36:327 310163 310782 1
18-07-2017-18:37:36:362 310782 311401 1
18-07-2017-18:37:36:396 311401 312020 1
18-07-2017-18:37:36:443 312020 312639 1
18-07-2017-18:37:36:479 312639 313258 1
18-07-2017-18:37:36:513 313258 313877 1
18-07-2017-18:37:36:560 313877 314496 1
18-07-2017-18:37:36:595 314496 315115 1
18-07-2017-18:37:36:629 315115 315734 1
18-07-2017-18:37:36:673 315734 316353 1
18-07-2017-18:37:36:707 316353 316972 1
18-07-2017-18:37:36:755 316972 317591 1
18-07-2017-18:37:36:789 317591 318210 1
18-07-2017-18:37:36:825 318210 318829 1
18-07-2017-18:37:36:871 318829 319448 1
18-07-2017-18:37:36:905 319448 320067 1
18-07-2017-18:37:36:942 320067 320686 1
18-07-2017-18:37:36:976 320686 321305 1
18-07-2017-18:37:37:023 321305 321924 1
18-07-2017-18:37:37:057 321924 322543 1
18-07-2017-18:37:37:091 322543 323162 1
18-07-2017-18:37:37:138 323162 323781 1
18-07-2017-18:37:37:174 323781 324400 1
18-07-2017-18:37:37:210 324400 325019 1
18-07-2017-18:37:37:256 325019 325638 1
18-07-2017-18:37:37:290 325638 326257 1
18-07-2017-18:37:37:326 326257 326876 1
18-07-2017-18:37:37:372 326876 327495 1
18-07-2017-18:37:37:407 327495 328114 1
18-07-2017-18:37:37:441 328114 328733 1
18-07-2017-18:37:37:489 328733 329352 1
18-07-2017-18:37:37:523 329352 329971 1
18-07-2017-18:37:37:560 329971 330590 1
18-07-2017-18:37:37:599 330590 331209 1
18-07-2017-18:37:37:637 331209 331828 1
18-07-2017-18:37:37:673 331828 332447 1
18-07-2017-18:37:37:720 332447 333066 1
18-07-2017-18:37:37:753 333066 333685 1
18-07-2017-18:37:37:789 333685 334304 1
18-07-2017-18:37:37:835 334304 334923 1
18-07-2017-18:37:37:870 334923 335542 1
18-07-2017-18:37:37:906 335542 336161 1
18-07-2017-18:37:37:951 336161 336780 1
18-07-2017-18:37:37:987 336780 337399 1
18-07-2017-18:37:38:026 337399 338018 1
18-07-2017-18:37:38:061 338018 338637 1
18-07-2017-18:37:38:109 338637 339256 1
18-07-2017-18:37:38:142 339256 339875 1
18-07-2017-18:37:38:179 339875 340494 1
18-07-2017-18:37:38:224 340494 341113 1
18-07-2017-18:37:38:260 341113 341732 1
18-07-2017-18:37:38:294 341732 342351 1
18-07-2017-18:37:38:330 342351 342970 1
18-07-2017-18:37:38:375 342970 343589 1
18-07-2017-18:37:38:410 343589 344208 1
18-07-2017-18:37:38:445 344208 344827 1
18-07-2017-18:37:38:491 344827 345446 1
18-07-2017-18:37:38:525 345446 346065 1
18-07-2017-18:37:38:572 346065 346684 1
18-07-2017-18:37:38:614 346684 347303 1
18-07-2017-18:37:38:642 347303 347922 1
18-07-2017-18:37:38:688 347922 348541 1
18-07-2017-18:37:38:723 348541 349160 1
18-07-2017-18:37:39:039 349160 349779 1
18-07-2017-18:37:39:041 349779 350398 1
18-07-2017-18:37:39:041 350398 351017 1
18-07-2017-18:37:39:041 351017 351636 1
18-07-2017-18:37:39:041 351636 352255 1
18-07-2017-18:37:39:042 352255 352874 1
18-07-2017-18:37:39:042 352874 353493 1
18-07-2017-18:37:39:042 353493 354112 1
18-07-2017-18:37:39:065 354112 354731 1
18-07-2017-18:37:39:127 354731 355350 1
18-07-2017-18:37:39:142 355350 355969 1
18-07-2017-18:37:39:189 355969 356588 1
18-07-2017-18:37:39:223 356588 357207 1
18-07-2017-18:37:39:259 357207 357826 1
18-07-2017-18:37:39:305 357826 358445 1
18-07-2017-18:37:39:340 358445 359064 1
18-07-2017-18:37:39:375 359064 359683 1
18-07-2017-18:37:39:422 359683 360302 1
18-07-2017-18:37:39:458 360302 360921 1
18-07-2017-18:37:39:493 360921 361540 1
18-07-2017-18:37:39:539 361540 362159 1
18-07-2017-18:37:39:574 362159 362778 1
18-07-2017-18:37:39:608 362778 363397 1
18-07-2017-18:37:39:656 363397 364016 1
18-07-2017-18:37:39:689 364016 364635 1
18-07-2017-18:37:39:725 364635 365254 1
18-07-2017-18:37:39:773 365254 365873 1
18-07-2017-18:37:39:806 365873 366492 1
18-07-2017-18:37:39:843 366492 367111 1
18-07-2017-18:37:39:877 367111 367730 1
18-07-2017-18:37:39:923 367730 368349 1
18-07-2017-18:37:39:959 368349 368968 1
18-07-2017-18:37:39:994 368968 369587 1
18-07-2017-18:37:40:040 369587 370206 1
18-07-2017-18:37:40:084 370206 370825 1
18-07-2017-18:37:40:120 370825 371444 1
18-07-2017-18:37:40:156 371444 372063 1
18-07-2017-18:37:40:190 372063 372682 1
18-07-2017-18:37:40:236 372682 373301 1
18-07-2017-18:37:40:272 373301 373920 1
18-07-2017-18:37:40:307 373920 374539 1
18-07-2017-18:37:40:342 374539 375158 1
18-07-2017-18:37:40:388 375158 375777 1
18-07-2017-18:37:40:423 375777 376396 1
18-07-2017-18:37:40:459 376396 377015 1
18-07-2017-18:37:40:504 377015 377634 1
18-07-2017-18:37:40:539 377634 378253 1
18-07-2017-18:37:40:574 378253 378872 1
18-07-2017-18:37:40:620 378872 379491 1
18-07-2017-18:37:40:655 379491 380110 1
18-07-2017-18:37:40:695 380110 380729 1
18-07-2017-18:37:40:734 380729 381348 1
18-07-2017-18:37:40:768 381348 381967 1
18-07-2017-18:37:40:815 381967 382586 1
18-07-2017-18:37:40:851 382586 383205 1
18-07-2017-18:37:40:886 383205 383824 1
18-07-2017-18:37:40:933 383824 384443 1
18-07-2017-18:37:40:968 384443 385062 1
18-07-2017-18:37:41:001 385062 385681 1
18-07-2017-18:37:41:049 385681 386300 1
18-07-2017-18:37:41:085 386300 386919 1
18-07-2017-18:37:41:119 386919 387538 1
18-07-2017-18:37:41:153 387538 388157 1
18-07-2017-18:37:41:200 388157 388776 1
18-07-2017-18:37:41:235 388776 389395 1
18-07-2017-18:37:41:270 389395 390014 1
18-07-2017-18:37:41:318 390014 390633 1
18-07-2017-18:37:41:353 390633 391252 1
18-07-2017-18:37:41:387 391252 391871 1
18-07-2017-18:37:41:433 391871 392490 1
18-07-2017-18:37:41:471 392490 393109 1
18-07-2017-18:37:41:504 393109 393728 1
18-07-2017-18:37:41:550 393728 394347 1
18-07-2017-18:37:41:590 394347 394966 1
18-07-2017-18:37:41:630 394966 395585 1
18-07-2017-18:37:41:665 395585 396204 1
18-07-2017-18:37:41:699 396204 396823 1
18-07-2017-18:37:41:745 396823 397442 1
18-07-2017-18:37:41:781 397442 398061 1
18-07-2017-18:37:41:819 398061 398680 1
18-07-2017-18:37:41:851 398680 399299 1
18-07-2017-18:37:41:919 399299 399918 1
18-07-2017-18:37:41:937 399918 400537 1
18-07-2017-18:37:42:206 400537 401156 1
18-07-2017-18:37:42:207 401156 401775 1
18-07-2017-18:37:42:208 401775 402394 1
18-07-2017-18:37:42:208 402394 403013 1
18-07-2017-18:37:42:208 403013 403632 1
18-07-2017-18:37:42:208 403632 404251 1
18-07-2017-18:37:42:208 404251 404870 1
18-07-2017-18:37:42:254 404870 405489 1
18-07-2017-18:37:42:282 405489 406108 1
18-07-2017-18:37:42:317 406108 406727 1
18-07-2017-18:37:42:363 406727 407346 1
18-07-2017-18:37:42:399 407346 407965 1
18-07-2017-18:37:42:432 407965 408584 1
18-07-2017-18:37:42:479 408584 409203 1
18-07-2017-18:37:42:515 409203 409822 1
18-07-2017-18:37:42:550 409822 410441 1
18-07-2017-18:37:42:596 410441 411060 1
18-07-2017-18:37:42:630 411060 411679 1
18-07-2017-18:37:42:666 411679 412298 1
18-07-2017-18:37:42:701 412298 412917 1
18-07-2017-18:37:42:747 412917 413536 1
18-07-2017-18:37:42:782 413536 414155 1
18-07-2017-18:37:42:817 414155 414774 1
18-07-2017-18:37:42:864 414774 415393 1
18-07-2017-18:37:42:900 415393 416012 1
18-07-2017-18:37:42:934 416012 416631 1
18-07-2017-18:37:42:977 416631 417250 1
18-07-2017-18:37:43:011 417250 417869 1
18-07-2017-18:37:43:058 417869 418488 1
18-07-2017-18:37:43:095 418488 419107 1
18-07-2017-18:37:43:129 419107 419726 1
18-07-2017-18:37:43:176 419726 420345 1
18-07-2017-18:37:43:210 420345 420964 1
18-07-2017-18:37:43:245 420964 421583 1
18-07-2017-18:37:43:523 421583 422202 1
18-07-2017-18:37:43:524 422202 422821 1
18-07-2017-18:37:43:524 422821 423440 1
18-07-2017-18:37:43:525 423440 424059 1
18-07-2017-18:37:43:525 424059 424678 1
18-07-2017-18:37:43:525 424678 425297 1
18-07-2017-18:37:43:525 425297 425916 1
18-07-2017-18:37:43:561 425916 426535 1
18-07-2017-18:37:43:598 426535 427154 1
18-07-2017-18:37:43:644 427154 427773 1
18-07-2017-18:37:43:683 427773 428392 1
18-07-2017-18:37:43:713 428392 429011 1
18-07-2017-18:37:43:756 429011 429630 1
18-07-2017-18:37:43:791 429630 430249 1
18-07-2017-18:37:43:825 430249 430868 1
18-07-2017-18:37:43:871 430868 431487 1
18-07-2017-18:37:43:907 431487 432106 1
18-07-2017-18:37:43:942 432106 432725 1
18-07-2017-18:37:43:987 432725 433344 1
18-07-2017-18:37:44:022 433344 433963 1
18-07-2017-18:37:44:058 433963 434582 1
18-07-2017-18:37:44:104 434582 435201 1
18-07-2017-18:37:44:140 435201 435820 1
18-07-2017-18:37:44:176 435820 436439 1
18-07-2017-18:37:44:220 436439 437058 1
18-07-2017-18:37:44:256 437058 437677 1
18-07-2017-18:37:44:300 437677 438296 1
18-07-2017-18:37:44:614 438296 438915 1
18-07-2017-18:37:44:615 438915 439534 1
18-07-2017-18:37:44:616 439534 440153 1
18-07-2017-18:37:44:616 440153 440772 1
18-07-2017-18:37:44:616 440772 441391 1
18-07-2017-18:37:44:616 441391 442010 1
18-07-2017-18:37:44:616 442010 442629 1
18-07-2017-18:37:44:617 442629 443248 1
18-07-2017-18:37:44:640 443248 443867 1
18-07-2017-18:37:44:686 443867 444486 1
18-07-2017-18:37:44:719 444486 445105 1
18-07-2017-18:37:44:756 445105 445724 1
18-07-2017-18:37:44:790 445724 446343 1
18-07-2017-18:37:44:837 446343 446962 1
18-07-2017-18:37:44:868 446962 447581 1
18-07-2017-18:37:44:914 447581 448200 1
18-07-2017-18:37:44:950 448200 448819 1
18-07-2017-18:37:44:987 448819 449438 1
18-07-2017-18:37:45:030 449438 450057 1
18-07-2017-18:37:45:068 450057 450676 1
18-07-2017-18:37:45:101 450676 451295 1
18-07-2017-18:37:45:148 451295 451914 1
18-07-2017-18:37:45:184 451914 452533 1
18-07-2017-18:37:45:219 452533 453152 1
18-07-2017-18:37:45:264 453152 453771 1
18-07-2017-18:37:45:299 453771 454390 1
18-07-2017-18:37:45:335 454390 455009 1
18-07-2017-18:37:45:375 455009 455628 1
18-07-2017-18:37:45:420 455628 456247 1
18-07-2017-18:37:45:455 456247 456866 1
18-07-2017-18:37:45:492 456866 457485 1
18-07-2017-18:37:45:525 457485 458104 1
18-07-2017-18:37:45:571 458104 458723 1
18-07-2017-18:37:45:606 458723 459342 1
18-07-2017-18:37:45:643 459342 459961 1
18-07-2017-18:37:45:688 459961 460580 1
18-07-2017-18:37:45:725 460580 461199 1
18-07-2017-18:37:45:759 461199 461818 1
18-07-2017-18:37:45:805 461818 462437 1
18-07-2017-18:37:45:841 462437 463056 1
18-07-2017-18:37:45:874 463056 463675 1
18-07-2017-18:37:45:922 463675 464294 1
18-07-2017-18:37:45:956 464294 464913 1
18-07-2017-18:37:45:991 464913 465532 1
18-07-2017-18:37:46:034 465532 466151 1
18-07-2017-18:37:46:071 466151 466770 1
18-07-2017-18:37:46:117 466770 467389 1
18-07-2017-18:37:46:151 467389 468008 1
18-07-2017-18:37:46:187 468008 468627 1
18-07-2017-18:37:46:233 468627 469246 1
18-07-2017-18:37:46:268 469246 469865 1
18-07-2017-18:37:46:302 469865 470484 1
18-07-2017-18:37:46:337 470484 471103 1
18-07-2017-18:37:46:384 471103 471722 1
18-07-2017-18:37:46:419 471722 472341 1
18-07-2017-18:37:46:459 472341 472960 1
18-07-2017-18:37:46:497 472960 473579 1
18-07-2017-18:37:46:531 473579 474198 1
18-07-2017-18:37:46:572 474198 474817 1
18-07-2017-18:37:46:617 474817 475436 1
18-07-2017-18:37:46:653 475436 476055 1
18-07-2017-18:37:46:688 476055 476674 1
18-07-2017-18:37:46:734 476674 477293 1
18-07-2017-18:37:46:769 477293 477912 1
18-07-2017-18:37:46:805 477912 478531 1
18-07-2017-18:37:46:851 478531 479150 1
18-07-2017-18:37:46:887 479150 479769 1
18-07-2017-18:37:46:921 479769 480388 1
18-07-2017-18:37:46:968 480388 481007 1
18-07-2017-18:37:47:004 481007 481626 1
18-07-2017-18:37:47:037 481626 482245 1
18-07-2017-18:37:47:072 482245 482864 1
18-07-2017-18:37:47:118 482864 483483 1
18-07-2017-18:37:47:154 483483 484102 1
18-07-2017-18:37:47:194 484102 484721 1
18-07-2017-18:37:47:228 484721 485340 1
18-07-2017-18:37:47:274 485340 485959 1
18-07-2017-18:37:47:310 485959 486578 1
18-07-2017-18:37:47:345 486578 487197 1
18-07-2017-18:37:47:390 487197 487816 1
18-07-2017-18:37:47:426 487816 488435 1
18-07-2017-18:37:48:136 488435 489054 1
18-07-2017-18:37:48:138 489054 489673 1
18-07-2017-18:37:48:138 489673 490292 1
18-07-2017-18:37:48:138 490292 490911 1
18-07-2017-18:37:48:138 490911 491530 1
18-07-2017-18:37:48:138 491530 492149 1
18-07-2017-18:37:48:138 492149 492768 1
18-07-2017-18:37:48:138 492768 493387 1
18-07-2017-18:37:48:138 493387 494006 1
18-07-2017-18:37:48:138 494006 494625 1
18-07-2017-18:37:48:139 494625 495244 1
18-07-2017-18:37:48:139 495244 495863 1
18-07-2017-18:37:48:139 495863 496482 1
18-07-2017-18:37:48:139 496482 497101 1
18-07-2017-18:37:48:139 497101 497720 1
18-07-2017-18:37:48:139 497720 498339 1
18-07-2017-18:37:48:139 498339 498958 1
18-07-2017-18:37:48:139 498958 499577 1
18-07-2017-18:37:48:157 499577 500196 1
18-07-2017-18:37:48:203 500196 500815 1
18-07-2017-18:37:48:239 500815 501434 1
18-07-2017-18:37:48:276 501434 502053 1
18-07-2017-18:37:48:320 502053 502672 1
18-07-2017-18:37:48:356 502672 503291 1
18-07-2017-18:37:48:399 503291 503910 1
18-07-2017-18:37:48:437 503910 504529 1
18-07-2017-18:37:48:473 504529 505148 1
18-07-2017-18:37:48:508 505148 505767 1
18-07-2017-18:37:48:554 505767 506386 1
18-07-2017-18:37:48:589 506386 507005 1
18-07-2017-18:37:48:625 507005 507624 1
18-07-2017-18:37:48:670 507624 508243 1
18-07-2017-18:37:48:704 508243 508862 1
18-07-2017-18:37:48:739 508862 509481 1
18-07-2017-18:37:48:775 509481 510100 1
18-07-2017-18:37:48:822 510100 510719 1
18-07-2017-18:37:48:857 510719 511338 1
18-07-2017-18:37:48:897 511338 511957 1
18-07-2017-18:37:48:939 511957 512576 1
18-07-2017-18:37:48:974 512576 513195 1
18-07-2017-18:37:49:010 513195 513814 1
18-07-2017-18:37:49:056 513814 514433 1
18-07-2017-18:37:49:091 514433 515052 1
18-07-2017-18:37:49:127 515052 515671 1
18-07-2017-18:37:49:173 515671 516290 1
18-07-2017-18:37:49:208 516290 516909 1
18-07-2017-18:37:49:242 516909 517528 1
18-07-2017-18:37:49:279 517528 518147 1
18-07-2017-18:37:49:323 518147 518766 1
18-07-2017-18:37:49:361 518766 519385 1
18-07-2017-18:37:49:393 519385 520004 1
18-07-2017-18:37:49:441 520004 520623 1
18-07-2017-18:37:49:481 520623 521242 1
18-07-2017-18:37:49:514 521242 521861 1
18-07-2017-18:37:49:550 521861 522480 1
18-07-2017-18:37:49:596 522480 523099 1
18-07-2017-18:37:49:637 523099 523718 1
18-07-2017-18:37:49:675 523718 524337 1
18-07-2017-18:37:49:711 524337 524956 1
18-07-2017-18:37:49:744 524956 525575 1
18-07-2017-18:37:49:791 525575 526194 1
18-07-2017-18:37:49:826 526194 526813 1
18-07-2017-18:37:49:862 526813 527432 1
18-07-2017-18:37:49:909 527432 528051 1
18-07-2017-18:37:49:945 528051 528670 1
18-07-2017-18:37:49:980 528670 529289 1
18-07-2017-18:37:50:025 529289 529908 1
18-07-2017-18:37:50:060 529908 530527 1
18-07-2017-18:37:50:094 530527 531146 1
18-07-2017-18:37:50:146 531146 531765 1
18-07-2017-18:37:50:177 531765 532384 1
18-07-2017-18:37:50:211 532384 533003 1
18-07-2017-18:37:50:245 533003 533622 1
18-07-2017-18:37:50:292 533622 534241 1
18-07-2017-18:37:50:328 534241 534860 1
18-07-2017-18:37:50:374 534860 535479 1
18-07-2017-18:37:50:409 535479 536098 1
18-07-2017-18:37:50:445 536098 536717 1
18-07-2017-18:37:50:478 536717 537336 1
18-07-2017-18:37:50:526 537336 537955 1
18-07-2017-18:37:50:561 537955 538574 1
18-07-2017-18:37:51:397 538574 539193 1
18-07-2017-18:37:51:398 539193 539812 1
18-07-2017-18:37:51:398 539812 540431 1
18-07-2017-18:37:51:398 540431 541050 1
18-07-2017-18:37:51:398 541050 541669 1
18-07-2017-18:37:51:398 541669 542288 1
18-07-2017-18:37:51:399 542288 542907 1
18-07-2017-18:37:51:399 542907 543526 1
18-07-2017-18:37:51:399 543526 544145 1
18-07-2017-18:37:51:399 544145 544764 1
18-07-2017-18:37:51:399 544764 545383 1
18-07-2017-18:37:51:399 545383 546002 1
18-07-2017-18:37:51:399 546002 546621 1
18-07-2017-18:37:51:399 546621 547240 1
18-07-2017-18:37:51:399 547240 547859 1
18-07-2017-18:37:51:399 547859 548478 1
18-07-2017-18:37:51:399 548478 549097 1
18-07-2017-18:37:51:399 549097 549716 1
18-07-2017-18:37:51:399 549716 550335 1
18-07-2017-18:37:51:399 550335 550954 1
18-07-2017-18:37:51:399 550954 551573 1
18-07-2017-18:37:51:408 551573 552192 1
18-07-2017-18:37:51:456 552192 552811 1
18-07-2017-18:37:51:489 552811 553430 1
18-07-2017-18:37:51:526 553430 554049 1
18-07-2017-18:37:51:572 554049 554668 1
18-07-2017-18:37:51:606 554668 555287 1
18-07-2017-18:37:51:642 555287 555906 1
18-07-2017-18:37:51:876 555906 556525 1
18-07-2017-18:37:51:877 556525 557144 1
18-07-2017-18:37:51:877 557144 557763 1
18-07-2017-18:37:51:877 557763 558382 1
18-07-2017-18:37:51:878 558382 559001 1
18-07-2017-18:37:51:878 559001 559620 1
18-07-2017-18:37:51:917 559620 560239 1
18-07-2017-18:37:51:953 560239 560858 1
18-07-2017-18:37:51:989 560858 561477 1
18-07-2017-18:37:52:037 561477 562096 1
18-07-2017-18:37:52:070 562096 562715 1
18-07-2017-18:37:52:104 562715 563334 1
18-07-2017-18:37:52:152 563334 563953 1
18-07-2017-18:37:52:186 563953 564572 1
18-07-2017-18:37:52:220 564572 565191 1
18-07-2017-18:37:52:267 565191 565810 1
18-07-2017-18:37:52:303 565810 566429 1
18-07-2017-18:37:52:337 566429 567048 1
18-07-2017-18:37:52:372 567048 567667 1
18-07-2017-18:37:52:419 567667 568286 1
18-07-2017-18:37:52:454 568286 568905 1
18-07-2017-18:37:52:492 568905 569524 1
18-07-2017-18:37:52:527 569524 570143 1
18-07-2017-18:37:52:573 570143 570762 1
18-07-2017-18:37:52:617 570762 571381 1
18-07-2017-18:37:52:654 571381 572000 1
18-07-2017-18:37:52:689 572000 572619 1
18-07-2017-18:37:52:723 572619 573238 1
18-07-2017-18:37:52:769 573238 573857 1
18-07-2017-18:37:52:805 573857 574476 1
18-07-2017-18:37:52:839 574476 575095 1
18-07-2017-18:37:52:887 575095 575714 1
18-07-2017-18:37:52:925 575714 576333 1
18-07-2017-18:37:52:957 576333 576952 1
18-07-2017-18:37:53:004 576952 577571 1
18-07-2017-18:37:53:037 577571 578190 1
18-07-2017-18:37:53:077 578190 578809 1
18-07-2017-18:37:53:120 578809 579428 1
18-07-2017-18:37:53:154 579428 580047 1
18-07-2017-18:37:53:189 580047 580666 1
18-07-2017-18:37:53:224 580666 581285 1
18-07-2017-18:37:53:270 581285 581904 1
18-07-2017-18:37:53:306 581904 582523 1
18-07-2017-18:37:53:348 582523 583142 1
18-07-2017-18:37:53:385 583142 583761 1
18-07-2017-18:37:53:419 583761 584380 1
18-07-2017-18:37:53:467 584380 584999 1
18-07-2017-18:37:53:501 584999 585618 1
18-07-2017-18:37:53:535 585618 586237 1
18-07-2017-18:37:53:581 586237 586856 1
18-07-2017-18:37:53:617 586856 587475 1
18-07-2017-18:37:53:653 587475 588094 1
18-07-2017-18:37:53:698 588094 588713 1
18-07-2017-18:37:53:734 588713 589332 1
18-07-2017-18:37:53:768 589332 589951 1
18-07-2017-18:37:53:815 589951 590570 1
18-07-2017-18:37:53:850 590570 591189 1
18-07-2017-18:37:53:883 591189 591808 1
18-07-2017-18:37:53:929 591808 592427 1
18-07-2017-18:37:53:965 592427 593046 1
18-07-2017-18:37:53:999 593046 593665 1
18-07-2017-18:37:54:051 593665 594240 1
18-07-2017-18:37:54:078 594240 594815 1
18-07-2017-18:37:54:108 594815 595390 1
18-07-2017-18:37:54:143 595390 595965 1
18-07-2017-18:37:54:183 595965 596540 1
18-07-2017-18:37:54:218 596540 597115 1
18-07-2017-18:37:54:253 597115 597690 1
18-07-2017-18:37:54:288 597690 598265 1
18-07-2017-18:37:54:323 598265 598840 1
18-07-2017-18:37:54:362 598840 599415 1
18-07-2017-18:37:54:405 599415 599990 1
18-07-2017-18:37:54:441 599990 600565 1
18-07-2017-18:37:54:474 600565 601140 1
18-07-2017-18:37:54:508 601140 601715 1
18-07-2017-18:37:54:544 601715 602290 1
18-07-2017-18:37:54:579 602290 602865 1
18-07-2017-18:37:54:616 602865 603440 1
18-07-2017-18:37:54:648 603440 604015 1
18-07-2017-18:37:54:688 604015 604590 1
18-07-2017-18:37:54:724 604590 605165 1
18-07-2017-18:37:54:758 605165 605740 1
18-07-2017-18:37:54:794 605740 606315 1
18-07-2017-18:37:55:149 606315 606890 1
18-07-2017-18:37:55:150 606890 607465 1
18-07-2017-18:37:55:150 607465 608040 1
18-07-2017-18:37:55:151 608040 608615 1
18-07-2017-18:37:55:151 608615 609190 1
18-07-2017-18:37:55:151 609190 609765 1
18-07-2017-18:37:55:151 609765 610340 1
18-07-2017-18:37:55:151 610340 610915 1
18-07-2017-18:37:55:152 610915 611490 1
18-07-2017-18:37:55:156 611490 612065 1
18-07-2017-18:37:55:190 612065 612640 1
18-07-2017-18:37:55:224 612640 613215 1
18-07-2017-18:37:55:265 613215 613790 1
18-07-2017-18:37:55:298 613790 614365 1
18-07-2017-18:37:55:336 614365 614940 1
18-07-2017-18:37:55:368 614940 615515 1
18-07-2017-18:37:55:403 615515 616090 1
18-07-2017-18:37:55:438 616090 616665 1
18-07-2017-18:37:55:473 616665 617240 1
18-07-2017-18:37:55:509 617240 617815 1
18-07-2017-18:37:55:545 617815 618390 1
18-07-2017-18:37:55:590 618390 618965 1
18-07-2017-18:37:55:626 618965 619540 1
18-07-2017-18:37:55:659 619540 620115 1
18-07-2017-18:37:55:698 620115 620690 1
18-07-2017-18:37:55:730 620690 621265 1
18-07-2017-18:37:55:765 621265 621840 1
18-07-2017-18:37:55:801 621840 622415 1
18-07-2017-18:37:55:834 622415 622990 1
18-07-2017-18:37:55:870 622990 623565 1
18-07-2017-18:37:55:906 623565 624140 1
18-07-2017-18:37:55:939 624140 624715 1
18-07-2017-18:37:55:974 624715 625290 1
18-07-2017-18:37:56:011 625290 625865 1
18-07-2017-18:37:56:058 625865 626440 1
18-07-2017-18:37:56:094 626440 627015 1
18-07-2017-18:37:56:134 627015 627590 1
18-07-2017-18:37:56:166 627590 628165 1
18-07-2017-18:37:56:198 628165 628740 1
18-07-2017-18:37:56:232 628740 629315 1
18-07-2017-18:37:56:268 629315 629890 1
18-07-2017-18:37:56:302 629890 630465 1
18-07-2017-18:37:56:338 630465 631040 1
18-07-2017-18:37:56:373 631040 631615 1
18-07-2017-18:37:56:408 631615 632190 1
18-07-2017-18:37:56:442 632190 632765 1
18-07-2017-18:37:56:477 632765 633340 1
18-07-2017-18:37:56:523 633340 633915 1
18-07-2017-18:37:56:559 633915 634490 1
18-07-2017-18:37:56:595 634490 635065 1
18-07-2017-18:37:56:631 635065 635640 1
18-07-2017-18:37:56:663 635640 636215 1
18-07-2017-18:37:56:700 636215 636790 1
18-07-2017-18:37:56:735 636790 637365 1
18-07-2017-18:37:56:768 637365 637940 1
18-07-2017-18:37:56:812 637940 638515 1
18-07-2017-18:37:56:847 638515 639090 1
18-07-2017-18:37:56:882 639090 639665 1
18-07-2017-18:37:56:916 639665 640240 1
18-07-2017-18:37:56:952 640240 640815 1
18-07-2017-18:37:56:986 640815 641390 1
18-07-2017-18:37:57:022 641390 641965 1
18-07-2017-18:37:57:057 641965 642540 1
18-07-2017-18:37:57:092 642540 643115 1
18-07-2017-18:37:57:126 643115 643690 1
18-07-2017-18:37:57:165 643690 644265 1
18-07-2017-18:37:57:197 644265 644840 1
18-07-2017-18:37:57:242 644840 645415 1
18-07-2017-18:37:57:283 645415 645990 1
18-07-2017-18:37:57:313 645990 646565 1
18-07-2017-18:37:57:348 646565 647140 1
18-07-2017-18:37:57:385 647140 647715 1
18-07-2017-18:37:57:419 647715 648290 1
18-07-2017-18:37:57:456 648290 648865 1
18-07-2017-18:37:57:490 648865 649440 1
18-07-2017-18:37:57:524 649440 650015 1
18-07-2017-18:37:57:558 650015 650590 1
18-07-2017-18:37:57:593 650590 651165 1
18-07-2017-18:37:57:628 651165 651740 1
18-07-2017-18:37:57:664 651740 652315 1
18-07-2017-18:37:57:710 652315 652890 1
18-07-2017-18:37:57:745 652890 653465 1
18-07-2017-18:37:57:779 653465 654040 1
18-07-2017-18:37:57:816 654040 654615 1
18-07-2017-18:37:57:850 654615 655190 1
18-07-2017-18:37:57:889 655190 655765 1
18-07-2017-18:37:57:925 655765 656340 1
18-07-2017-18:37:58:066 656340 656915 1
18-07-2017-18:37:58:067 656915 657490 1
18-07-2017-18:37:58:067 657490 658065 1
18-07-2017-18:37:58:068 658065 658640 1
18-07-2017-18:37:58:095 658640 659215 1
18-07-2017-18:37:58:141 659215 659790 1
18-07-2017-18:37:58:169 659790 660365 1
18-07-2017-18:37:58:209 660365 660940 1
18-07-2017-18:37:58:244 660940 661515 1
18-07-2017-18:37:58:279 661515 662090 1
18-07-2017-18:37:58:315 662090 662665 1
18-07-2017-18:37:58:348 662665 663240 1
18-07-2017-18:37:58:383 663240 663815 1
18-07-2017-18:37:58:420 663815 664390 1
18-07-2017-18:37:58:453 664390 664965 1
18-07-2017-18:37:58:500 664965 665540 1
18-07-2017-18:37:58:537 665540 666115 1
18-07-2017-18:37:58:570 666115 666690 1
18-07-2017-18:37:58:605 666690 667265 1
18-07-2017-18:37:58:641 667265 667840 1
18-07-2017-18:37:58:675 667840 668415 1
18-07-2017-18:37:58:711 668415 668990 1
18-07-2017-18:37:58:745 668990 669565 1
18-07-2017-18:37:58:786 669565 670140 1
18-07-2017-18:37:58:822 670140 670715 1
18-07-2017-18:37:58:865 670715 671290 1
18-07-2017-18:37:58:892 671290 671865 1
18-07-2017-18:37:58:931 671865 672440 1
18-07-2017-18:37:58:965 672440 673015 1
18-07-2017-18:37:59:003 673015 673590 1
18-07-2017-18:37:59:035 673590 674165 1
18-07-2017-18:37:59:077 674165 674740 1
18-07-2017-18:37:59:113 674740 675315 1
18-07-2017-18:37:59:147 675315 675890 1
18-07-2017-18:37:59:180 675890 676465 1
18-07-2017-18:37:59:216 676465 677040 1
18-07-2017-18:37:59:252 677040 677615 1
18-07-2017-18:37:59:286 677615 678190 1
18-07-2017-18:37:59:321 678190 678765 1
18-07-2017-18:37:59:356 678765 679340 1
18-07-2017-18:37:59:390 679340 679915 1
18-07-2017-18:37:59:426 679915 680490 1
18-07-2017-18:37:59:460 680490 681065 1
18-07-2017-18:37:59:495 681065 681640 1
18-07-2017-18:37:59:561 681640 682215 1
18-07-2017-18:37:59:578 682215 682790 1
18-07-2017-18:37:59:614 682790 683365 1
18-07-2017-18:37:59:648 683365 683940 1
18-07-2017-18:37:59:684 683940 684515 1
18-07-2017-18:37:59:719 684515 685090 1
18-07-2017-18:37:59:754 685090 685665 1
18-07-2017-18:37:59:787 685665 686240 1
18-07-2017-18:37:59:824 686240 686815 1
18-07-2017-18:37:59:858 686815 687390 1
18-07-2017-18:38:00:005 687390 687965 1
18-07-2017-18:38:00:007 687965 688540 1
18-07-2017-18:38:00:008 688540 689115 1
18-07-2017-18:38:00:008 689115 689690 1
18-07-2017-18:38:00:037 689690 690265 1
18-07-2017-18:38:00:071 690265 690840 1
18-07-2017-18:38:00:123 690840 691415 1
18-07-2017-18:38:00:152 691415 691990 1
18-07-2017-18:38:00:186 691990 692565 1
18-07-2017-18:38:00:221 692565 693140 1
18-07-2017-18:38:00:257 693140 693715 1
18-07-2017-18:38:00:292 693715 694290 1
18-07-2017-18:38:00:325 694290 694865 1
18-07-2017-18:38:00:361 694865 695440 1
18-07-2017-18:38:00:396 695440 696015 1
18-07-2017-18:38:00:430 696015 696590 1
18-07-2017-18:38:00:478 696590 697165 1
18-07-2017-18:38:00:513 697165 697740 1
18-07-2017-18:38:00:545 697740 698315 1
18-07-2017-18:38:00:583 698315 698890 1
18-07-2017-18:38:00:618 698890 699465 1
18-07-2017-18:38:00:777 699465 700040 1
18-07-2017-18:38:00:778 700040 700615 1
18-07-2017-18:38:00:778 700615 701190 1
18-07-2017-18:38:00:778 701190 701765 1
18-07-2017-18:38:00:792 701765 702340 1
18-07-2017-18:38:00:828 702340 702915 1
18-07-2017-18:38:00:862 702915 703490 1
18-07-2017-18:38:00:898 703490 704065 1
18-07-2017-18:38:00:945 704065 704640 1
18-07-2017-18:38:00:979 704640 705215 1
18-07-2017-18:38:01:014 705215 705790 1
18-07-2017-18:38:01:049 705790 706365 1
18-07-2017-18:38:01:085 706365 706940 1
18-07-2017-18:38:01:119 706940 707515 1
18-07-2017-18:38:01:154 707515 708090 1
18-07-2017-18:38:01:189 708090 708665 1
18-07-2017-18:38:01:233 708665 709240 1
18-07-2017-18:38:01:266 709240 709815 1
18-07-2017-18:38:01:302 709815 710390 1
18-07-2017-18:38:01:337 710390 710965 1
18-07-2017-18:38:01:373 710965 711540 1
18-07-2017-18:38:01:407 711540 712115 1
18-07-2017-18:38:01:441 712115 712690 1
18-07-2017-18:38:01:481 712690 713265 1
18-07-2017-18:38:01:512 713265 713840 1
18-07-2017-18:38:01:547 713840 714415 1
18-07-2017-18:38:01:582 714415 714990 1
18-07-2017-18:38:01:616 714990 715565 1
18-07-2017-18:38:01:664 715565 716140 1
18-07-2017-18:38:01:697 716140 716715 1
18-07-2017-18:38:01:733 716715 717290 1
18-07-2017-18:38:01:768 717290 717865 1
18-07-2017-18:38:01:803 717865 718440 1
18-07-2017-18:38:01:839 718440 719015 1
18-07-2017-18:38:01:875 719015 719590 1
18-07-2017-18:38:01:908 719590 720165 1
18-07-2017-18:38:01:943 720165 720740 1
18-07-2017-18:38:01:977 720740 721315 1
18-07-2017-18:38:02:013 721315 721890 1
18-07-2017-18:38:02:047 721890 722465 1
18-07-2017-18:38:02:082 722465 723040 1
18-07-2017-18:38:02:130 723040 723615 1
18-07-2017-18:38:02:158 723615 724190 1
18-07-2017-18:38:02:199 724190 724765 1
18-07-2017-18:38:02:234 724765 725340 1
18-07-2017-18:38:02:269 725340 725915 1
18-07-2017-18:38:02:302 725915 726490 1
18-07-2017-18:38:02:337 726490 727065 1
18-07-2017-18:38:02:372 727065 727640 1
18-07-2017-18:38:02:407 727640 728215 1
18-07-2017-18:38:02:455 728215 728790 1
18-07-2017-18:38:02:489 728790 729365 1
18-07-2017-18:38:02:525 729365 729940 1
18-07-2017-18:38:02:558 729940 730515 1
18-07-2017-18:38:02:593 730515 731090 1
18-07-2017-18:38:02:629 731090 731665 1
18-07-2017-18:38:02:665 731665 732240 1
18-07-2017-18:38:02:698 732240 732815 1
18-07-2017-18:38:02:733 732815 733390 1
18-07-2017-18:38:02:769 733390 733965 1
18-07-2017-18:38:02:804 733965 734540 1
18-07-2017-18:38:02:839 734540 735115 1
18-07-2017-18:38:02:873 735115 735690 1
18-07-2017-18:38:02:914 735690 736265 1
18-07-2017-18:38:02:955 736265 736840 1
18-07-2017-18:38:02:990 736840 737415 1
18-07-2017-18:38:03:026 737415 737990 1
18-07-2017-18:38:03:062 737990 738565 1
18-07-2017-18:38:03:103 738565 739140 1
18-07-2017-18:38:03:131 739140 739715 1
18-07-2017-18:38:03:170 739715 740290 1
18-07-2017-18:38:03:209 740290 740865 1
18-07-2017-18:38:03:244 740865 741440 1
18-07-2017-18:38:03:279 741440 742015 1
18-07-2017-18:38:03:313 742015 742590 1
18-07-2017-18:38:03:354 742590 743165 1
18-07-2017-18:38:03:383 743165 743740 1
18-07-2017-18:38:03:419 743740 744315 1
18-07-2017-18:38:03:453 744315 744890 1
18-07-2017-18:38:03:488 744890 745465 1
18-07-2017-18:38:03:524 745465 746040 1
18-07-2017-18:38:03:568 746040 746615 1
18-07-2017-18:38:03:594 746615 747190 1
18-07-2017-18:38:03:640 747190 747765 1
18-07-2017-18:38:03:675 747765 748340 1
18-07-2017-18:38:03:709 748340 748915 1
18-07-2017-18:38:03:744 748915 749490 1
18-07-2017-18:38:04:255 749490 750065 1
18-07-2017-18:38:04:257 750065 750640 1
18-07-2017-18:38:04:257 750640 751215 1
18-07-2017-18:38:04:257 751215 751790 1
18-07-2017-18:38:04:259 751790 752365 1
18-07-2017-18:38:04:259 752365 752940 1
18-07-2017-18:38:04:259 752940 753515 1
18-07-2017-18:38:04:259 753515 754090 1
18-07-2017-18:38:04:259 754090 754665 1
18-07-2017-18:38:04:259 754665 755240 1
18-07-2017-18:38:04:259 755240 755815 1
18-07-2017-18:38:04:259 755815 756390 1
18-07-2017-18:38:04:259 756390 756965 1
18-07-2017-18:38:04:259 756965 757540 1
18-07-2017-18:38:04:276 757540 758115 1
18-07-2017-18:38:04:312 758115 758690 1
18-07-2017-18:38:04:348 758690 759265 1
18-07-2017-18:38:04:414 759265 759840 1
18-07-2017-18:38:04:433 759840 760415 1
18-07-2017-18:38:04:464 760415 760990 1
18-07-2017-18:38:04:491 760990 761565 1
18-07-2017-18:38:04:539 761565 762140 1
18-07-2017-18:38:04:573 762140 762715 1
18-07-2017-18:38:04:608 762715 763290 1
18-07-2017-18:38:04:643 763290 763865 1
18-07-2017-18:38:04:678 763865 764440 1
18-07-2017-18:38:04:713 764440 765015 1
18-07-2017-18:38:04:748 765015 765590 1
18-07-2017-18:38:04:782 765590 766165 1
18-07-2017-18:38:04:823 766165 766740 1
18-07-2017-18:38:04:862 766740 767315 1
18-07-2017-18:38:04:898 767315 767890 1
18-07-2017-18:38:04:931 767890 768465 1
18-07-2017-18:38:04:968 768465 769040 1
18-07-2017-18:38:05:002 769040 769615 1
18-07-2017-18:38:05:153 769615 770190 1
18-07-2017-18:38:05:155 770190 770765 1
18-07-2017-18:38:05:155 770765 771340 1
18-07-2017-18:38:05:155 771340 771915 1
18-07-2017-18:38:05:181 771915 772490 1
18-07-2017-18:38:05:212 772490 773065 1
18-07-2017-18:38:05:248 773065 773640 1
18-07-2017-18:38:05:293 773640 774215 1
18-07-2017-18:38:05:328 774215 774790 1
18-07-2017-18:38:05:364 774790 775365 1
18-07-2017-18:38:05:397 775365 775940 1
18-07-2017-18:38:05:433 775940 776515 1
18-07-2017-18:38:05:468 776515 777090 1
18-07-2017-18:38:05:503 777090 777665 1
18-07-2017-18:38:05:539 777665 778240 1
18-07-2017-18:38:05:572 778240 778815 1
18-07-2017-18:38:05:616 778815 779390 1
18-07-2017-18:38:05:651 779390 779965 1
18-07-2017-18:38:05:687 779965 780540 1
18-07-2017-18:38:05:722 780540 781115 1
18-07-2017-18:38:05:756 781115 781690 1
18-07-2017-18:38:05:791 781690 782265 1
18-07-2017-18:38:05:826 782265 782840 1
18-07-2017-18:38:05:862 782840 783415 1
18-07-2017-18:38:05:896 783415 783990 1
18-07-2017-18:38:05:931 783990 784565 1
18-07-2017-18:38:05:966 784565 785140 1
18-07-2017-18:38:06:001 785140 785715 1
18-07-2017-18:38:06:037 785715 786290 1
18-07-2017-18:38:06:083 786290 786865 1
18-07-2017-18:38:06:118 786865 787440 1
18-07-2017-18:38:06:154 787440 788015 1
18-07-2017-18:38:06:189 788015 788590 1
18-07-2017-18:38:06:222 788590 789165 1
18-07-2017-18:38:06:258 789165 789740 1
18-07-2017-18:38:06:292 789740 790315 1
18-07-2017-18:38:06:327 790315 790890 1
18-07-2017-18:38:06:363 790890 791465 1
18-07-2017-18:38:06:399 791465 792040 1
18-07-2017-18:38:06:432 792040 792615 1
18-07-2017-18:38:06:469 792615 793190 1
18-07-2017-18:38:06:514 793190 793765 1
18-07-2017-18:38:06:549 793765 794340 1
18-07-2017-18:38:06:584 794340 794915 1
18-07-2017-18:38:06:618 794915 795490 1
18-07-2017-18:38:06:651 795490 796065 1
18-07-2017-18:38:06:686 796065 796640 1
18-07-2017-18:38:06:722 796640 797215 1
18-07-2017-18:38:06:761 797215 797790 1
18-07-2017-18:38:06:792 797790 798365 1
18-07-2017-18:38:06:838 798365 798940 1
18-07-2017-18:38:06:873 798940 799515 1
18-07-2017-18:38:06:908 799515 800090 1
18-07-2017-18:38:06:944 800090 800665 1
18-07-2017-18:38:06:978 800665 801240 1
18-07-2017-18:38:07:012 801240 801815 1
18-07-2017-18:38:07:048 801815 802390 1
18-07-2017-18:38:07:084 802390 802965 1
18-07-2017-18:38:07:118 802965 803540 1
18-07-2017-18:38:07:153 803540 804115 1
18-07-2017-18:38:07:189 804115 804690 1
18-07-2017-18:38:07:222 804690 805265 1
18-07-2017-18:38:07:257 805265 805840 1
18-07-2017-18:38:07:304 805840 806415 1
18-07-2017-18:38:07:340 806415 806990 1
18-07-2017-18:38:07:376 806990 807565 1
18-07-2017-18:38:07:413 807565 808140 1
18-07-2017-18:38:07:445 808140 808715 1
18-07-2017-18:38:07:481 808715 809290 1
18-07-2017-18:38:07:515 809290 809865 1
18-07-2017-18:38:07:554 809865 810440 1
18-07-2017-18:38:07:594 810440 811015 1
18-07-2017-18:38:07:627 811015 811590 1
18-07-2017-18:38:07:663 811590 812165 1
18-07-2017-18:38:07:698 812165 812740 1
18-07-2017-18:38:07:732 812740 813315 1
18-07-2017-18:38:07:768 813315 813890 1
18-07-2017-18:38:07:804 813890 814465 1
18-07-2017-18:38:07:837 814465 815040 1
18-07-2017-18:38:07:873 815040 815615 1
18-07-2017-18:38:07:908 815615 816190 1
18-07-2017-18:38:07:944 816190 816765 1
18-07-2017-18:38:07:977 816765 817340 1
18-07-2017-18:38:08:013 817340 817915 1
18-07-2017-18:38:08:060 817915 818490 1
18-07-2017-18:38:08:094 818490 819065 1
18-07-2017-18:38:08:130 819065 819640 1
18-07-2017-18:38:08:390 819640 820215 1
18-07-2017-18:38:08:391 820215 820790 1
18-07-2017-18:38:08:391 820790 821365 1
18-07-2017-18:38:08:391 821365 821940 1
18-07-2017-18:38:08:392 821940 822515 1
18-07-2017-18:38:08:392 822515 823090 1
18-07-2017-18:38:08:392 823090 823665 1
18-07-2017-18:38:08:417 823665 824240 1
18-07-2017-18:38:08:472 824240 824815 1
18-07-2017-18:38:08:487 824815 825390 1
18-07-2017-18:38:08:523 825390 825965 1
18-07-2017-18:38:08:558 825965 826540 1
18-07-2017-18:38:08:594 826540 827115 1
18-07-2017-18:38:08:628 827115 827690 1
18-07-2017-18:38:08:662 827690 828265 1
18-07-2017-18:38:08:698 828265 828840 1
18-07-2017-18:38:08:734 828840 829415 1
18-07-2017-18:38:08:768 829415 829990 1
18-07-2017-18:38:08:814 829990 830565 1
18-07-2017-18:38:08:849 830565 831140 1
18-07-2017-18:38:08:884 831140 831715 1
18-07-2017-18:38:08:919 831715 832290 1
18-07-2017-18:38:08:955 832290 832865 1
18-07-2017-18:38:08:993 832865 833440 1
18-07-2017-18:38:09:021 833440 834015 1
18-07-2017-18:38:09:060 834015 834590 1
18-07-2017-18:38:09:094 834590 835165 1
18-07-2017-18:38:09:130 835165 835740 1
18-07-2017-18:38:09:165 835740 836315 1
18-07-2017-18:38:09:200 836315 836890 1
18-07-2017-18:38:09:234 836890 837465 1
18-07-2017-18:38:09:281 837465 838040 1
18-07-2017-18:38:09:318 838040 838615 1
18-07-2017-18:38:09:350 838615 839190 1
18-07-2017-18:38:09:385 839190 839765 1
18-07-2017-18:38:09:422 839765 840340 1
18-07-2017-18:38:09:456 840340 840915 1
18-07-2017-18:38:09:491 840915 841490 1
18-07-2017-18:38:09:526 841490 842065 1
18-07-2017-18:38:09:560 842065 842640 1
18-07-2017-18:38:09:596 842640 843215 1
18-07-2017-18:38:09:630 843215 843790 1
18-07-2017-18:38:09:665 843790 844365 1
18-07-2017-18:38:09:712 844365 844940 1
18-07-2017-18:38:09:752 844940 845515 1
18-07-2017-18:38:09:781 845515 846090 1
18-07-2017-18:38:09:815 846090 846665 1
18-07-2017-18:38:09:851 846665 847240 1
18-07-2017-18:38:09:886 847240 847815 1
18-07-2017-18:38:09:921 847815 848390 1
18-07-2017-18:38:09:956 848390 848965 1
18-07-2017-18:38:09:991 848965 849540 1
18-07-2017-18:38:10:026 849540 850115 1
18-07-2017-18:38:10:072 850115 850690 1
18-07-2017-18:38:10:106 850690 851265 1
18-07-2017-18:38:10:141 851265 851840 1
18-07-2017-18:38:10:284 851840 852415 1
18-07-2017-18:38:10:285 852415 852990 1
18-07-2017-18:38:10:285 852990 853565 1
18-07-2017-18:38:10:285 853565 854140 1
18-07-2017-18:38:10:317 854140 854715 1
18-07-2017-18:38:10:353 854715 855290 1
18-07-2017-18:38:10:388 855290 855865 1
18-07-2017-18:38:10:423 855865 856440 1
18-07-2017-18:38:10:456 856440 857015 1
18-07-2017-18:38:10:498 857015 857590 1
18-07-2017-18:38:10:531 857590 858165 1
18-07-2017-18:38:10:567 858165 858740 1
18-07-2017-18:38:10:603 858740 859315 1
18-07-2017-18:38:10:638 859315 859890 1
18-07-2017-18:38:10:671 859890 860465 1
18-07-2017-18:38:10:719 860465 861040 1
18-07-2017-18:38:10:757 861040 861615 1
18-07-2017-18:38:10:786 861615 862190 1
18-07-2017-18:38:10:820 862190 862765 1
18-07-2017-18:38:10:857 862765 863340 1
18-07-2017-18:38:10:890 863340 863915 1
18-07-2017-18:38:10:926 863915 864490 1
18-07-2017-18:38:10:960 864490 865065 1
18-07-2017-18:38:10:995 865065 865640 1
18-07-2017-18:38:11:042 865640 866215 1
18-07-2017-18:38:11:076 866215 866790 1
18-07-2017-18:38:11:112 866790 867365 1
18-07-2017-18:38:11:148 867365 867940 1
18-07-2017-18:38:11:182 867940 868515 1
18-07-2017-18:38:11:217 868515 869090 1
18-07-2017-18:38:11:253 869090 869665 1
18-07-2017-18:38:11:287 869665 870240 1
18-07-2017-18:38:11:322 870240 870815 1
18-07-2017-18:38:11:356 870815 871390 1
18-07-2017-18:38:11:392 871390 871965 1
18-07-2017-18:38:11:438 871965 872540 1
18-07-2017-18:38:11:471 872540 873115 1
18-07-2017-18:38:11:506 873115 873690 1
18-07-2017-18:38:11:542 873690 874265 1
18-07-2017-18:38:11:577 874265 874840 1
18-07-2017-18:38:11:618 874840 875415 1
18-07-2017-18:38:11:653 875415 875990 1
18-07-2017-18:38:11:686 875990 876565 1
18-07-2017-18:38:11:722 876565 877140 1
18-07-2017-18:38:11:757 877140 877715 1
18-07-2017-18:38:11:789 877715 878290 1
18-07-2017-18:38:11:832 878290 878865 1
18-07-2017-18:38:11:869 878865 879440 1
18-07-2017-18:38:11:903 879440 880015 1
18-07-2017-18:38:11:938 880015 880590 1
18-07-2017-18:38:11:976 880590 881165 1
18-07-2017-18:38:12:008 881165 881740 1
18-07-2017-18:38:12:041 881740 882315 1
18-07-2017-18:38:12:080 882315 882890 1
18-07-2017-18:38:12:111 882890 883465 1
18-07-2017-18:38:12:146 883465 884040 1
18-07-2017-18:38:12:192 884040 884615 1
18-07-2017-18:38:12:226 884615 885190 1
18-07-2017-18:38:12:262 885190 885765 1
18-07-2017-18:38:12:290 885765 886340 1
18-07-2017-18:38:12:336 886340 886915 1
18-07-2017-18:38:12:371 886915 887490 1
18-07-2017-18:38:12:406 887490 888065 1
18-07-2017-18:38:12:442 888065 888640 1
18-07-2017-18:38:12:477 888640 889215 1
18-07-2017-18:38:12:511 889215 889790 1
18-07-2017-18:38:12:547 889790 890365 1
18-07-2017-18:38:12:582 890365 890940 1
18-07-2017-18:38:12:616 890940 891515 1
18-07-2017-18:38:12:651 891515 892090 1
18-07-2017-18:38:12:685 892090 892665 1
18-07-2017-18:38:12:720 892665 893240 1
18-07-2017-18:38:12:767 893240 893815 1
18-07-2017-18:38:12:801 893815 894390 1
18-07-2017-18:38:12:842 894390 894965 1
18-07-2017-18:38:12:871 894965 895540 1
18-07-2017-18:38:12:905 895540 896115 1
18-07-2017-18:38:12:939 896115 896690 1
18-07-2017-18:38:12:975 896690 897265 1
18-07-2017-18:38:13:010 897265 897840 1
18-07-2017-18:38:13:045 897840 898415 1
18-07-2017-18:38:13:091 898415 898990 1
18-07-2017-18:38:13:125 898990 899565 1
18-07-2017-18:38:13:161 899565 900140 1
18-07-2017-18:38:13:197 900140 900715 1
18-07-2017-18:38:13:231 900715 901290 1
18-07-2017-18:38:13:266 901290 901865 1
18-07-2017-18:38:13:302 901865 902440 1
18-07-2017-18:38:13:348 902440 903015 1
18-07-2017-18:38:13:370 903015 903590 1
18-07-2017-18:38:13:607 903590 904165 1
18-07-2017-18:38:13:610 904165 904740 1
18-07-2017-18:38:13:610 904740 905315 1
18-07-2017-18:38:13:610 905315 905890 1
18-07-2017-18:38:13:610 905890 906465 1
18-07-2017-18:38:13:611 906465 907040 1
18-07-2017-18:38:13:627 907040 907615 1
18-07-2017-18:38:13:667 907615 908190 1
18-07-2017-18:38:13:698 908190 908765 1
18-07-2017-18:38:13:733 908765 909340 1
18-07-2017-18:38:13:769 909340 909915 1
18-07-2017-18:38:13:803 909915 910490 1
18-07-2017-18:38:13:839 910490 911065 1
18-07-2017-18:38:13:872 911065 911640 1
18-07-2017-18:38:13:908 911640 912215 1
18-07-2017-18:38:13:942 912215 912790 1
18-07-2017-18:38:13:990 912790 913365 1
18-07-2017-18:38:14:023 913365 913940 1
18-07-2017-18:38:14:059 913940 914515 1
18-07-2017-18:38:14:099 914515 915090 1
18-07-2017-18:38:14:125 915090 915665 1
18-07-2017-18:38:14:161 915665 916240 1
18-07-2017-18:38:14:196 916240 916815 1
18-07-2017-18:38:14:230 916815 917390 1
18-07-2017-18:38:14:278 917390 917965 1
18-07-2017-18:38:14:313 917965 918540 1
18-07-2017-18:38:14:347 918540 919115 1
18-07-2017-18:38:14:383 919115 919690 1
18-07-2017-18:38:14:416 919690 920265 1
18-07-2017-18:38:14:453 920265 920840 1
18-07-2017-18:38:14:486 920840 921415 1
18-07-2017-18:38:14:522 921415 921990 1
18-07-2017-18:38:14:557 921990 922565 1
18-07-2017-18:38:14:593 922565 923140 1
18-07-2017-18:38:14:626 923140 923715 1
18-07-2017-18:38:14:662 923715 924290 1
18-07-2017-18:38:14:697 924290 924865 1
18-07-2017-18:38:14:744 924865 925440 1
18-07-2017-18:38:14:770 925440 926015 1
18-07-2017-18:38:14:805 926015 926590 1
18-07-2017-18:38:14:852 926590 927165 1
18-07-2017-18:38:14:888 927165 927740 1
18-07-2017-18:38:14:922 927740 928315 1
18-07-2017-18:38:14:957 928315 928890 1
18-07-2017-18:38:14:996 928890 929465 1
18-07-2017-18:38:15:031 929465 930040 1
18-07-2017-18:38:15:066 930040 930615 1
18-07-2017-18:38:15:100 930615 931190 1
18-07-2017-18:38:15:135 931190 931765 1
18-07-2017-18:38:15:170 931765 932340 1
18-07-2017-18:38:15:206 932340 932915 1
18-07-2017-18:38:15:239 932915 933490 1
18-07-2017-18:38:15:276 933490 934065 1
18-07-2017-18:38:15:309 934065 934640 1
18-07-2017-18:38:15:346 934640 935215 1
18-07-2017-18:38:15:380 935215 935790 1
18-07-2017-18:38:15:419 935790 936365 1
18-07-2017-18:38:15:467 936365 936940 1
18-07-2017-18:38:15:494 936940 937515 1
18-07-2017-18:38:15:525 937515 938090 1
18-07-2017-18:38:15:568 938090 938665 1
18-07-2017-18:38:15:602 938665 939240 1
18-07-2017-18:38:15:646 939240 939815 1
18-07-2017-18:38:15:676 939815 940390 1
18-07-2017-18:38:15:711 940390 940965 1
18-07-2017-18:38:15:750 940965 941540 1
18-07-2017-18:38:15:780 941540 942115 1
18-07-2017-18:38:15:814 942115 942690 1
18-07-2017-18:38:15:851 942690 943265 1
18-07-2017-18:38:15:885 943265 943840 1
18-07-2017-18:38:15:921 943840 944415 1
18-07-2017-18:38:15:967 944415 944990 1
18-07-2017-18:38:16:002 944990 945565 1
18-07-2017-18:38:16:037 945565 946140 1
18-07-2017-18:38:16:071 946140 946715 1
18-07-2017-18:38:16:107 946715 947290 1
18-07-2017-18:38:16:141 947290 947865 1
18-07-2017-18:38:16:176 947865 948440 1
18-07-2017-18:38:16:211 948440 949015 1
18-07-2017-18:38:16:245 949015 949590 1
18-07-2017-18:38:16:289 949590 950165 1
18-07-2017-18:38:16:326 950165 950740 1
18-07-2017-18:38:16:361 950740 951315 1
18-07-2017-18:38:16:395 951315 951890 1
18-07-2017-18:38:16:430 951890 952465 1
18-07-2017-18:38:16:464 952465 953040 1
18-07-2017-18:38:16:501 953040 953615 1
18-07-2017-18:38:16:534 953615 954190 1
18-07-2017-18:38:16:573 954190 954765 1
18-07-2017-18:38:16:605 954765 955340 1
18-07-2017-18:38:16:639 955340 955915 1
18-07-2017-18:38:16:675 955915 956490 1
18-07-2017-18:38:16:709 956490 957065 1
18-07-2017-18:38:16:760 957065 957640 1
18-07-2017-18:38:16:788 957640 958215 1
18-07-2017-18:38:16:826 958215 958790 1
18-07-2017-18:38:16:858 958790 959365 1
18-07-2017-18:38:16:893 959365 959940 1
18-07-2017-18:38:16:928 959940 960515 1
18-07-2017-18:38:16:963 960515 961090 1
18-07-2017-18:38:16:999 961090 961665 1
18-07-2017-18:38:17:332 961665 962240 1
18-07-2017-18:38:17:333 962240 962815 1
18-07-2017-18:38:17:333 962815 963390 1
18-07-2017-18:38:17:333 963390 963965 1
18-07-2017-18:38:17:333 963965 964540 1
18-07-2017-18:38:17:334 964540 965115 1
18-07-2017-18:38:17:334 965115 965690 1
18-07-2017-18:38:17:334 965690 966265 1
18-07-2017-18:38:17:334 966265 966840 1
18-07-2017-18:38:17:368 966840 967415 1
18-07-2017-18:38:17:398 967415 967990 1
18-07-2017-18:38:17:430 967990 968565 1
18-07-2017-18:38:17:465 968565 969140 1
18-07-2017-18:38:17:511 969140 969715 1
18-07-2017-18:38:17:546 969715 970290 1
18-07-2017-18:38:17:581 970290 970865 1
18-07-2017-18:38:17:615 970865 971440 1
18-07-2017-18:38:17:652 971440 972015 1
18-07-2017-18:38:17:686 972015 972590 1
18-07-2017-18:38:17:724 972590 973165 1
18-07-2017-18:38:17:756 973165 973740 1
18-07-2017-18:38:17:791 973740 974315 1
18-07-2017-18:38:17:826 974315 974890 1
18-07-2017-18:38:17:861 974890 975465 1
18-07-2017-18:38:17:896 975465 976040 1
18-07-2017-18:38:17:942 976040 976615 1
18-07-2017-18:38:17:977 976615 977190 1
18-07-2017-18:38:18:013 977190 977765 1
18-07-2017-18:38:18:049 977765 978340 1
18-07-2017-18:38:18:082 978340 978915 1
18-07-2017-18:38:18:120 978915 979490 1
18-07-2017-18:38:18:154 979490 980065 1
18-07-2017-18:38:18:189 980065 980640 1
18-07-2017-18:38:18:222 980640 981215 1
18-07-2017-18:38:18:257 981215 981790 1
18-07-2017-18:38:18:292 981790 982365 1
18-07-2017-18:38:18:327 982365 982940 1
18-07-2017-18:38:18:366 982940 983515 1
18-07-2017-18:38:18:405 983515 984090 1
18-07-2017-18:38:18:441 984090 984665 1
18-07-2017-18:38:18:476 984665 985240 1
18-07-2017-18:38:18:511 985240 985815 1
18-07-2017-18:38:18:547 985815 986390 1
18-07-2017-18:38:18:580 986390 986965 1
18-07-2017-18:38:18:616 986965 987540 1
18-07-2017-18:38:18:651 987540 988115 1
18-07-2017-18:38:18:687 988115 988690 1
18-07-2017-18:38:18:735 988690 989265 1
18-07-2017-18:38:18:767 989265 989840 1
18-07-2017-18:38:18:802 989840 990415 1
18-07-2017-18:38:18:838 990415 990990 1
18-07-2017-18:38:18:875 990990 991565 1
18-07-2017-18:38:18:907 991565 992140 1
18-07-2017-18:38:18:940 992140 992715 1
18-07-2017-18:38:18:974 992715 993290 1
18-07-2017-18:38:19:010 993290 993865 1
18-07-2017-18:38:19:055 993865 994440 1
18-07-2017-18:38:19:091 994440 995015 1
18-07-2017-18:38:19:126 995015 995590 1
18-07-2017-18:38:19:161 995590 996165 1
18-07-2017-18:38:19:197 996165 996740 1
18-07-2017-18:38:19:232 996740 997315 1
18-07-2017-18:38:19:267 997315 997890 1
18-07-2017-18:38:19:300 997890 998465 1
18-07-2017-18:38:19:336 998465 999040 1
18-07-2017-18:38:19:371 999040 999615 1
18-07-2017-18:38:19:406 999615 1000190 1
18-07-2017-18:38:19:441 1000190 1000765 1
18-07-2017-18:38:19:481 1000765 1001340 1
18-07-2017-18:38:19:515 1001340 1001915 1
18-07-2017-18:38:19:550 1001915 1002490 1
18-07-2017-18:38:19:586 1002490 1003065 1
18-07-2017-18:38:19:621 1003065 1003640 1
18-07-2017-18:38:19:667 1003640 1004215 1
18-07-2017-18:38:19:712 1004215 1004790 1
18-07-2017-18:38:19:956 1004790 1005365 1
18-07-2017-18:38:19:957 1005365 1005940 1
18-07-2017-18:38:19:958 1005940 1006515 1
18-07-2017-18:38:19:958 1006515 1007090 1
18-07-2017-18:38:19:958 1007090 1007665 1
18-07-2017-18:38:19:966 1007665 1008240 1
18-07-2017-18:38:19:966 1008240 1008815 1
18-07-2017-18:38:19:990 1008815 1009390 1
18-07-2017-18:38:20:018 1009390 1009965 1
18-07-2017-18:38:20:059 1009965 1010540 1
18-07-2017-18:38:20:098 1010540 1011115 1
18-07-2017-18:38:20:135 1011115 1011690 1
18-07-2017-18:38:20:171 1011690 1012265 1
18-07-2017-18:38:20:206 1012265 1012840 1
18-07-2017-18:38:20:239 1012840 1013415 1
18-07-2017-18:38:20:273 1013415 1013990 1
18-07-2017-18:38:20:309 1013990 1014565 1
18-07-2017-18:38:20:344 1014565 1015140 1
18-07-2017-18:38:20:379 1015140 1015715 1
18-07-2017-18:38:20:412 1015715 1016290 1
18-07-2017-18:38:20:449 1016290 1016865 1
18-07-2017-18:38:20:485 1016865 1017440 1
18-07-2017-18:38:20:531 1017440 1018015 1
18-07-2017-18:38:20:569 1018015 1018590 1
18-07-2017-18:38:20:602 1018590 1019165 1
18-07-2017-18:38:20:636 1019165 1019740 1
18-07-2017-18:38:20:664 1019740 1020315 1
18-07-2017-18:38:20:703 1020315 1020890 1
18-07-2017-18:38:20:737 1020890 1021465 1
18-07-2017-18:38:20:774 1021465 1022040 1
18-07-2017-18:38:20:806 1022040 1022615 1
18-07-2017-18:38:20:854 1022615 1023190 1
18-07-2017-18:38:20:893 1023190 1023765 1
18-07-2017-18:38:20:924 1023765 1024340 1
18-07-2017-18:38:20:958 1024340 1024915 1
18-07-2017-18:38:20:992 1024915 1025490 1
18-07-2017-18:38:21:029 1025490 1026065 1
18-07-2017-18:38:21:060 1026065 1026640 1
18-07-2017-18:38:21:234 1026640 1027215 1
18-07-2017-18:38:21:235 1027215 1027790 1
18-07-2017-18:38:21:235 1027790 1028365 1
18-07-2017-18:38:21:235 1028365 1028940 1
18-07-2017-18:38:21:246 1028940 1029515 1
18-07-2017-18:38:21:282 1029515 1030090 1
18-07-2017-18:38:21:324 1030090 1030665 1
18-07-2017-18:38:21:350 1030665 1031240 1
18-07-2017-18:38:21:386 1031240 1031815 1
18-07-2017-18:38:21:421 1031815 1032390 1
18-07-2017-18:38:21:456 1032390 1032965 1
18-07-2017-18:38:21:491 1032965 1033540 1
18-07-2017-18:38:21:527 1033540 1034115 1
18-07-2017-18:38:21:560 1034115 1034690 1
18-07-2017-18:38:21:604 1034690 1035265 1
18-07-2017-18:38:21:640 1035265 1035840 1
18-07-2017-18:38:21:674 1035840 1036415 1
18-07-2017-18:38:21:709 1036415 1036990 1
18-07-2017-18:38:21:746 1036990 1037565 1
18-07-2017-18:38:21:783 1037565 1038140 1
18-07-2017-18:38:21:814 1038140 1038715 1
18-07-2017-18:38:21:848 1038715 1039290 1
18-07-2017-18:38:21:885 1039290 1039865 1
18-07-2017-18:38:21:931 1039865 1040440 1
18-07-2017-18:38:21:965 1040440 1041015 1
18-07-2017-18:38:22:000 1041015 1041590 1
18-07-2017-18:38:22:036 1041590 1042165 1
18-07-2017-18:38:22:071 1042165 1042740 1
18-07-2017-18:38:22:106 1042740 1043315 1
18-07-2017-18:38:22:146 1043315 1043890 1
18-07-2017-18:38:22:179 1043890 1044465 1
18-07-2017-18:38:22:215 1044465 1045040 1
18-07-2017-18:38:22:249 1045040 1045615 1
18-07-2017-18:38:22:284 1045615 1046190 1
18-07-2017-18:38:22:319 1046190 1046765 1
18-07-2017-18:38:22:354 1046765 1047340 1
18-07-2017-18:38:22:390 1047340 1047915 1
18-07-2017-18:38:22:426 1047915 1048490 1
18-07-2017-18:38:22:459 1048490 1049065 1
18-07-2017-18:38:22:506 1049065 1049640 1
18-07-2017-18:38:22:541 1049640 1050215 1
18-07-2017-18:38:22:576 1050215 1050790 1
18-07-2017-18:38:22:610 1050790 1051365 1
18-07-2017-18:38:22:645 1051365 1051940 1
18-07-2017-18:38:22:681 1051940 1052515 1
18-07-2017-18:38:22:725 1052515 1053090 1
18-07-2017-18:38:22:752 1053090 1053665 1
18-07-2017-18:38:22:787 1053665 1054240 1
18-07-2017-18:38:22:822 1054240 1054815 1
18-07-2017-18:38:22:856 1054815 1055390 1
18-07-2017-18:38:22:892 1055390 1055965 1
18-07-2017-18:38:22:927 1055965 1056540 1
18-07-2017-18:38:22:972 1056540 1057115 1
18-07-2017-18:38:23:008 1057115 1057690 1
18-07-2017-18:38:23:044 1057690 1058265 1
18-07-2017-18:38:23:079 1058265 1058840 1
18-07-2017-18:38:23:113 1058840 1059415 1
18-07-2017-18:38:23:149 1059415 1059990 1
18-07-2017-18:38:23:183 1059990 1060565 1
18-07-2017-18:38:23:218 1060565 1061140 1
18-07-2017-18:38:23:254 1061140 1061715 1
18-07-2017-18:38:23:288 1061715 1062290 1
18-07-2017-18:38:23:324 1062290 1062865 1
18-07-2017-18:38:23:359 1062865 1063440 1
18-07-2017-18:38:23:405 1063440 1064015 1
18-07-2017-18:38:23:438 1064015 1064590 1
18-07-2017-18:38:23:473 1064590 1065165 1
18-07-2017-18:38:23:510 1065165 1065740 1
18-07-2017-18:38:23:542 1065740 1066315 1
18-07-2017-18:38:23:577 1066315 1066890 1
18-07-2017-18:38:23:612 1066890 1067465 1
18-07-2017-18:38:23:646 1067465 1068040 1
18-07-2017-18:38:23:681 1068040 1068615 1
18-07-2017-18:38:23:722 1068615 1069190 1
18-07-2017-18:38:23:759 1069190 1069765 1
18-07-2017-18:38:23:792 1069765 1070340 1
18-07-2017-18:38:23:828 1070340 1070915 1
18-07-2017-18:38:23:864 1070915 1071490 1
18-07-2017-18:38:23:898 1071490 1072065 1
18-07-2017-18:38:23:934 1072065 1072640 1
18-07-2017-18:38:23:984 1072640 1073215 1
18-07-2017-18:38:24:007 1073215 1073790 1
18-07-2017-18:38:24:049 1073790 1074365 1
18-07-2017-18:38:24:084 1074365 1074940 1
18-07-2017-18:38:24:119 1074940 1075515 1
18-07-2017-18:38:24:153 1075515 1076090 1
18-07-2017-18:38:24:189 1076090 1076665 1
18-07-2017-18:38:24:445 1076665 1077240 1
18-07-2017-18:38:24:446 1077240 1077815 1
18-07-2017-18:38:24:446 1077815 1078390 1
18-07-2017-18:38:24:446 1078390 1078965 1
18-07-2017-18:38:24:446 1078965 1079540 1
18-07-2017-18:38:24:446 1079540 1080115 1
18-07-2017-18:38:24:446 1080115 1080690 1
18-07-2017-18:38:24:477 1080690 1081265 1
18-07-2017-18:38:24:511 1081265 1081840 1
18-07-2017-18:38:24:547 1081840 1082415 1
18-07-2017-18:38:24:582 1082415 1082990 1
18-07-2017-18:38:24:616 1082990 1083565 1
18-07-2017-18:38:24:652 1083565 1084140 1
18-07-2017-18:38:24:698 1084140 1084715 1
18-07-2017-18:38:24:734 1084715 1085290 1
18-07-2017-18:38:24:769 1085290 1085865 1
18-07-2017-18:38:24:804 1085865 1086440 1
18-07-2017-18:38:24:839 1086440 1087015 1
18-07-2017-18:38:24:874 1087015 1087590 1
18-07-2017-18:38:24:912 1087590 1088165 1
18-07-2017-18:38:24:944 1088165 1088740 1
18-07-2017-18:38:24:977 1088740 1089315 1
18-07-2017-18:38:25:013 1089315 1089890 1
18-07-2017-18:38:25:049 1089890 1090465 1
18-07-2017-18:38:25:083 1090465 1091040 1
18-07-2017-18:38:25:130 1091040 1091615 1
18-07-2017-18:38:25:164 1091615 1092190 1
18-07-2017-18:38:25:199 1092190 1092765 1
18-07-2017-18:38:25:231 1092765 1093340 1
18-07-2017-18:38:25:265 1093340 1093915 1
18-07-2017-18:38:25:300 1093915 1094490 1
18-07-2017-18:38:25:337 1094490 1095065 1
18-07-2017-18:38:25:371 1095065 1095640 1
18-07-2017-18:38:25:419 1095640 1096215 1
18-07-2017-18:38:25:452 1096215 1096790 1
18-07-2017-18:38:25:491 1096790 1097365 1
18-07-2017-18:38:25:518 1097365 1097940 1
18-07-2017-18:38:25:562 1097940 1098515 1
18-07-2017-18:38:25:595 1098515 1099090 1
18-07-2017-18:38:25:637 1099090 1099665 1
18-07-2017-18:38:25:665 1099665 1100240 1
18-07-2017-18:38:25:701 1100240 1100815 1
18-07-2017-18:38:25:736 1100815 1101390 1
18-07-2017-18:38:25:771 1101390 1101965 1
18-07-2017-18:38:25:806 1101965 1102540 1
18-07-2017-18:38:25:842 1102540 1103115 1
18-07-2017-18:38:25:876 1103115 1103690 1
18-07-2017-18:38:25:910 1103690 1104265 1
18-07-2017-18:38:25:945 1104265 1104840 1
18-07-2017-18:38:25:991 1104840 1105415 1
18-07-2017-18:38:26:028 1105415 1105990 1
18-07-2017-18:38:26:059 1105990 1106565 1
18-07-2017-18:38:26:094 1106565 1107140 1
18-07-2017-18:38:26:129 1107140 1107715 1
18-07-2017-18:38:26:164 1107715 1108290 1
18-07-2017-18:38:26:198 1108290 1108865 1
18-07-2017-18:38:26:233 1108865 1109440 1
18-07-2017-18:38:26:280 1109440 1110015 1
18-07-2017-18:38:26:316 1110015 1110590 1
18-07-2017-18:38:26:350 1110590 1111165 1
18-07-2017-18:38:26:386 1111165 1111740 1
18-07-2017-18:38:26:419 1111740 1112315 1
18-07-2017-18:38:26:871 1112315 1112890 1
18-07-2017-18:38:26:872 1112890 1113465 1
18-07-2017-18:38:26:872 1113465 1114040 1
18-07-2017-18:38:26:872 1114040 1114615 1
18-07-2017-18:38:26:872 1114615 1115190 1
18-07-2017-18:38:26:872 1115190 1115765 1
18-07-2017-18:38:26:872 1115765 1116340 1
18-07-2017-18:38:26:872 1116340 1116915 1
18-07-2017-18:38:26:872 1116915 1117490 1
18-07-2017-18:38:26:872 1117490 1118065 1
18-07-2017-18:38:26:872 1118065 1118640 1
18-07-2017-18:38:26:872 1118640 1119215 1
18-07-2017-18:38:26:891 1119215 1119790 1
18-07-2017-18:38:26:926 1119790 1120365 1
18-07-2017-18:38:26:970 1120365 1120940 1
18-07-2017-18:38:26:996 1120940 1121515 1
18-07-2017-18:38:27:030 1121515 1122090 1
18-07-2017-18:38:27:067 1122090 1122665 1
18-07-2017-18:38:27:101 1122665 1123240 1
18-07-2017-18:38:27:136 1123240 1123815 1
18-07-2017-18:38:27:178 1123815 1124390 1
18-07-2017-18:38:27:213 1124390 1124965 1
18-07-2017-18:38:27:248 1124965 1125540 1
18-07-2017-18:38:27:282 1125540 1126115 1
18-07-2017-18:38:27:318 1126115 1126690 1
18-07-2017-18:38:27:354 1126690 1127265 1
18-07-2017-18:38:27:389 1127265 1127840 1
18-07-2017-18:38:27:423 1127840 1128415 1
18-07-2017-18:38:27:458 1128415 1128990 1
18-07-2017-18:38:27:493 1128990 1129565 1
18-07-2017-18:38:27:527 1129565 1130140 1
18-07-2017-18:38:27:563 1130140 1130715 1
18-07-2017-18:38:27:609 1130715 1131290 1
18-07-2017-18:38:27:645 1131290 1131865 1
18-07-2017-18:38:27:679 1131865 1132440 1
18-07-2017-18:38:27:714 1132440 1133015 1
18-07-2017-18:38:27:749 1133015 1133590 1
18-07-2017-18:38:27:785 1133590 1134165 1
18-07-2017-18:38:27:820 1134165 1134740 1
18-07-2017-18:38:27:873 1134740 1135315 1
18-07-2017-18:38:27:888 1135315 1135890 1
18-07-2017-18:38:27:924 1135890 1136465 1
18-07-2017-18:38:27:958 1136465 1137040 1
18-07-2017-18:38:28:002 1137040 1137615 1
18-07-2017-18:38:28:041 1137615 1138190 1
18-07-2017-18:38:28:085 1138190 1138765 1
18-07-2017-18:38:28:112 1138765 1139340 1
18-07-2017-18:38:28:140 1139340 1139915 1
18-07-2017-18:38:28:176 1139915 1140490 1
18-07-2017-18:38:28:211 1140490 1141065 1
18-07-2017-18:38:28:246 1141065 1141640 1
18-07-2017-18:38:28:293 1141640 1142215 1
18-07-2017-18:38:28:327 1142215 1142790 1
18-07-2017-18:38:28:362 1142790 1143365 1
18-07-2017-18:38:28:397 1143365 1143940 1
18-07-2017-18:38:28:432 1143940 1144515 1
18-07-2017-18:38:28:466 1144515 1145090 1
18-07-2017-18:38:28:501 1145090 1145665 1
18-07-2017-18:38:28:540 1145665 1146240 1
18-07-2017-18:38:28:579 1146240 1146815 1
18-07-2017-18:38:28:613 1146815 1147390 1
18-07-2017-18:38:28:648 1147390 1147965 1
18-07-2017-18:38:28:684 1147965 1148540 1
18-07-2017-18:38:28:718 1148540 1149115 1
18-07-2017-18:38:28:753 1149115 1149690 1
18-07-2017-18:38:28:788 1149690 1150265 1
18-07-2017-18:38:28:824 1150265 1150840 1
18-07-2017-18:38:28:858 1150840 1151415 1
18-07-2017-18:38:28:894 1151415 1151990 1
18-07-2017-18:38:28:928 1151990 1152565 1
18-07-2017-18:38:28:976 1152565 1153140 1
18-07-2017-18:38:29:014 1153140 1153715 1
18-07-2017-18:38:29:046 1153715 1154290 1
18-07-2017-18:38:29:081 1154290 1154865 1
18-07-2017-18:38:29:114 1154865 1155440 1
18-07-2017-18:38:29:150 1155440 1156015 1
18-07-2017-18:38:29:186 1156015 1156590 1
18-07-2017-18:38:29:220 1156590 1157165 1
18-07-2017-18:38:29:268 1157165 1157740 1
18-07-2017-18:38:29:291 1157740 1158315 1
18-07-2017-18:38:29:326 1158315 1158890 1
18-07-2017-18:38:29:360 1158890 1159465 1
18-07-2017-18:38:29:396 1159465 1160040 1
18-07-2017-18:38:29:442 1160040 1160615 1
18-07-2017-18:38:29:476 1160615 1161190 1
18-07-2017-18:38:29:512 1161190 1161765 1
18-07-2017-18:38:29:547 1161765 1162340 1
18-07-2017-18:38:30:020 1162340 1162915 1
18-07-2017-18:38:30:021 1162915 1163490 1
18-07-2017-18:38:30:021 1163490 1164065 1
18-07-2017-18:38:30:021 1164065 1164640 1
18-07-2017-18:38:30:021 1164640 1165215 1
18-07-2017-18:38:30:021 1165215 1165790 1
18-07-2017-18:38:30:022 1165790 1166365 1
18-07-2017-18:38:30:022 1166365 1166940 1
18-07-2017-18:38:30:022 1166940 1167515 1
18-07-2017-18:38:30:022 1167515 1168090 1
18-07-2017-18:38:30:022 1168090 1168665 1
18-07-2017-18:38:30:022 1168665 1169240 1
18-07-2017-18:38:30:022 1169240 1169815 1
18-07-2017-18:38:30:052 1169815 1170390 1
18-07-2017-18:38:30:088 1170390 1170965 1
18-07-2017-18:38:30:124 1170965 1171540 1
18-07-2017-18:38:30:158 1171540 1172115 1
18-07-2017-18:38:30:193 1172115 1172690 1
18-07-2017-18:38:30:227 1172690 1173265 1
18-07-2017-18:38:30:262 1173265 1173840 1
18-07-2017-18:38:30:297 1173840 1174415 1
18-07-2017-18:38:30:337 1174415 1174990 1
18-07-2017-18:38:30:376 1174990 1175565 1
18-07-2017-18:38:30:418 1175565 1176140 1
18-07-2017-18:38:30:451 1176140 1176715 1
18-07-2017-18:38:30:484 1176715 1177290 1
18-07-2017-18:38:30:517 1177290 1177865 1
18-07-2017-18:38:30:552 1177865 1178440 1
18-07-2017-18:38:30:585 1178440 1179015 1
18-07-2017-18:38:30:621 1179015 1179590 1
18-07-2017-18:38:30:657 1179590 1180165 1
18-07-2017-18:38:30:690 1180165 1180740 1
18-07-2017-18:38:30:725 1180740 1181315 1
18-07-2017-18:38:30:760 1181315 1181890 1
18-07-2017-18:38:30:809 1181890 1182465 1
18-07-2017-18:38:30:842 1182465 1183040 1
18-07-2017-18:38:30:878 1183040 1183615 1
