18-07-2017-18:51:03:289 0 768 1
18-07-2017-18:51:03:340 768 1536 1
18-07-2017-18:51:03:383 1536 2304 1
18-07-2017-18:51:03:427 2304 3072 1
18-07-2017-18:51:03:479 3072 3792 1
18-07-2017-18:51:03:525 3792 4512 1
18-07-2017-18:51:03:566 4512 5232 1
18-07-2017-18:51:03:618 5232 5936 1
18-07-2017-18:51:03:656 5936 6640 1
18-07-2017-18:51:03:705 6640 7344 1
18-07-2017-18:51:03:751 7344 8048 1
18-07-2017-18:51:03:792 8048 8752 1
18-07-2017-18:51:03:836 8752 9456 1
18-07-2017-18:51:03:879 9456 10160 1
18-07-2017-18:51:03:920 10160 10864 1
18-07-2017-18:51:03:962 10864 11568 1
18-07-2017-18:51:04:009 11568 12272 1
18-07-2017-18:51:04:048 12272 12976 1
18-07-2017-18:51:04:099 12976 13664 1
18-07-2017-18:51:04:149 13664 14352 1
18-07-2017-18:51:04:191 14352 15040 1
18-07-2017-18:51:04:229 15040 15728 1
18-07-2017-18:51:04:271 15728 16416 1
18-07-2017-18:51:04:316 16416 17104 1
18-07-2017-18:51:04:358 17104 17792 1
18-07-2017-18:51:04:398 17792 18480 1
18-07-2017-18:51:04:439 18480 19168 1
18-07-2017-18:51:04:481 19168 19856 1
18-07-2017-18:51:04:526 19856 20544 1
18-07-2017-18:51:04:568 20544 21232 1
18-07-2017-18:51:04:608 21232 21920 1
18-07-2017-18:51:04:652 21920 22608 1
18-07-2017-18:51:04:695 22608 23296 1
18-07-2017-18:51:04:745 23296 23984 1
18-07-2017-18:51:04:791 23984 24672 1
18-07-2017-18:51:04:832 24672 25360 1
18-07-2017-18:51:04:872 25360 26048 1
18-07-2017-18:51:04:914 26048 26736 1
18-07-2017-18:51:04:954 26736 27424 1
18-07-2017-18:51:04:999 27424 28112 1
18-07-2017-18:51:05:040 28112 28800 1
18-07-2017-18:51:05:079 28800 29488 1
18-07-2017-18:51:05:121 29488 30176 1
18-07-2017-18:51:05:174 30176 30832 1
18-07-2017-18:51:05:209 30832 31488 1
18-07-2017-18:51:05:250 31488 32144 1
18-07-2017-18:51:05:289 32144 32800 1
18-07-2017-18:51:05:331 32800 33456 1
18-07-2017-18:51:05:377 33456 34112 1
18-07-2017-18:51:05:417 34112 34768 1
18-07-2017-18:51:05:459 34768 35424 1
18-07-2017-18:51:05:499 35424 36080 1
18-07-2017-18:51:05:546 36080 36736 1
18-07-2017-18:51:05:586 36736 37392 1
18-07-2017-18:51:05:615 37392 38048 1
18-07-2017-18:51:05:656 38048 38704 1
18-07-2017-18:51:05:696 38704 39360 1
18-07-2017-18:51:05:736 39360 40016 1
18-07-2017-18:51:05:782 40016 40672 1
18-07-2017-18:51:05:825 40672 41328 1
18-07-2017-18:51:05:864 41328 41984 1
18-07-2017-18:51:05:905 41984 42640 1
18-07-2017-18:51:05:945 42640 43296 1
18-07-2017-18:51:05:992 43296 43952 1
18-07-2017-18:51:06:033 43952 44608 1
18-07-2017-18:51:06:073 44608 45264 1
18-07-2017-18:51:06:112 45264 45920 1
18-07-2017-18:51:06:160 45920 46576 1
18-07-2017-18:51:06:189 46576 47232 1
18-07-2017-18:51:06:229 47232 47888 1
18-07-2017-18:51:06:269 47888 48544 1
18-07-2017-18:51:06:322 48544 49184 1
18-07-2017-18:51:06:355 49184 49824 1
18-07-2017-18:51:06:467 49824 50464 1
18-07-2017-18:51:06:468 50464 51104 1
18-07-2017-18:51:06:482 51104 51744 1
18-07-2017-18:51:06:522 51744 52384 1
18-07-2017-18:51:06:553 52384 53024 1
18-07-2017-18:51:06:592 53024 53664 1
18-07-2017-18:51:06:633 53664 54304 1
18-07-2017-18:51:06:674 54304 54944 1
18-07-2017-18:51:06:720 54944 55584 1
18-07-2017-18:51:06:761 55584 56224 1
18-07-2017-18:51:06:796 56224 56864 1
18-07-2017-18:51:06:831 56864 57504 1
18-07-2017-18:51:06:871 57504 58144 1
18-07-2017-18:51:06:912 58144 58784 1
18-07-2017-18:51:06:959 58784 59424 1
18-07-2017-18:51:07:000 59424 60064 1
18-07-2017-18:51:07:039 60064 60704 1
18-07-2017-18:51:07:081 60704 61344 1
18-07-2017-18:51:07:112 61344 61984 1
18-07-2017-18:51:07:150 61984 62624 1
18-07-2017-18:51:07:196 62624 63264 1
18-07-2017-18:51:07:236 63264 63904 1
18-07-2017-18:51:07:277 63904 64544 1
18-07-2017-18:51:07:320 64544 65184 1
18-07-2017-18:51:07:349 65184 65824 1
18-07-2017-18:51:07:391 65824 66464 1
18-07-2017-18:51:07:431 66464 67104 1
18-07-2017-18:51:07:473 67104 67744 1
18-07-2017-18:51:07:514 67744 68384 1
18-07-2017-18:51:07:560 68384 69024 1
18-07-2017-18:51:07:601 69024 69664 1
18-07-2017-18:51:07:629 69664 70304 1
18-07-2017-18:51:07:671 70304 70944 1
18-07-2017-18:51:07:710 70944 71584 1
18-07-2017-18:51:07:757 71584 72224 1
18-07-2017-18:51:07:800 72224 72864 1
18-07-2017-18:51:07:838 72864 73504 1
18-07-2017-18:51:07:879 73504 74144 1
18-07-2017-18:51:07:925 74144 74784 1
18-07-2017-18:51:07:949 74784 75424 1
18-07-2017-18:51:07:995 75424 76064 1
18-07-2017-18:51:08:035 76064 76704 1
18-07-2017-18:51:08:076 76704 77344 1
18-07-2017-18:51:08:116 77344 77984 1
18-07-2017-18:51:08:164 77984 78624 1
18-07-2017-18:51:08:204 78624 79264 1
18-07-2017-18:51:08:233 79264 79904 1
18-07-2017-18:51:08:274 79904 80544 1
18-07-2017-18:51:08:314 80544 81184 1
18-07-2017-18:51:08:360 81184 81824 1
18-07-2017-18:51:08:400 81824 82464 1
18-07-2017-18:51:08:430 82464 83104 1
18-07-2017-18:51:08:469 83104 83744 1
18-07-2017-18:51:08:511 83744 84384 1
18-07-2017-18:51:08:556 84384 85024 1
