18-07-2017-18:25:58:616 0 800 1
18-07-2017-18:25:58:666 800 1600 1
18-07-2017-18:25:58:713 1600 2400 1
18-07-2017-18:25:58:765 2400 3147 1
18-07-2017-18:25:58:815 3147 3894 1
18-07-2017-18:25:58:860 3894 4641 1
18-07-2017-18:25:58:908 4641 5388 1
18-07-2017-18:25:58:954 5388 6135 1
18-07-2017-18:25:59:000 6135 6882 1
18-07-2017-18:25:59:047 6882 7629 1
18-07-2017-18:25:59:093 7629 8376 1
18-07-2017-18:25:59:140 8376 9123 1
18-07-2017-18:25:59:203 9123 9870 1
18-07-2017-18:25:59:243 9870 10617 1
18-07-2017-18:25:59:284 10617 11364 1
18-07-2017-18:25:59:331 11364 12111 1
18-07-2017-18:25:59:383 12111 12858 1
18-07-2017-18:25:59:429 12858 13605 1
18-07-2017-18:25:59:473 13605 14352 1
18-07-2017-18:25:59:521 14352 15099 1
18-07-2017-18:25:59:579 15099 15846 1
18-07-2017-18:25:59:613 15846 16593 1
18-07-2017-18:25:59:661 16593 17340 1
18-07-2017-18:25:59:705 17340 18087 1
18-07-2017-18:25:59:752 18087 18834 1
18-07-2017-18:25:59:800 18834 19581 1
18-07-2017-18:25:59:850 19581 20328 1
18-07-2017-18:25:59:883 20328 21075 1
18-07-2017-18:25:59:937 21075 21822 1
18-07-2017-18:25:59:980 21822 22569 1
18-07-2017-18:26:00:024 22569 23316 1
18-07-2017-18:26:00:071 23316 24063 1
18-07-2017-18:26:00:123 24063 24680 1
18-07-2017-18:26:00:150 24680 25297 1
18-07-2017-18:26:00:184 25297 25914 1
18-07-2017-18:26:00:229 25914 26531 1
18-07-2017-18:26:00:265 26531 27148 1
18-07-2017-18:26:00:306 27148 27765 1
18-07-2017-18:26:00:341 27765 28382 1
18-07-2017-18:26:00:393 28382 28999 1
18-07-2017-18:26:00:424 28999 29616 1
18-07-2017-18:26:00:461 29616 30233 1
18-07-2017-18:26:00:495 30233 30850 1
18-07-2017-18:26:00:529 30850 31467 1
18-07-2017-18:26:00:576 31467 32084 1
18-07-2017-18:26:00:612 32084 32701 1
18-07-2017-18:26:00:645 32701 33318 1
18-07-2017-18:26:00:693 33318 33935 1
18-07-2017-18:26:00:728 33935 34552 1
18-07-2017-18:26:00:761 34552 35169 1
18-07-2017-18:26:00:809 35169 35786 1
18-07-2017-18:26:00:844 35786 36403 1
18-07-2017-18:26:00:878 36403 37020 1
18-07-2017-18:26:00:924 37020 37637 1
18-07-2017-18:26:00:960 37637 38254 1
18-07-2017-18:26:01:003 38254 38871 1
18-07-2017-18:26:01:037 38871 39488 1
18-07-2017-18:26:01:072 39488 40105 1
18-07-2017-18:26:01:120 40105 40722 1
18-07-2017-18:26:01:157 40722 41339 1
18-07-2017-18:26:01:192 41339 41956 1
18-07-2017-18:26:01:228 41956 42573 1
18-07-2017-18:26:01:273 42573 43190 1
18-07-2017-18:26:01:309 43190 43807 1
18-07-2017-18:26:01:343 43807 44424 1
18-07-2017-18:26:01:378 44424 45041 1
18-07-2017-18:26:01:424 45041 45658 1
18-07-2017-18:26:01:463 45658 46275 1
18-07-2017-18:26:01:496 46275 46892 1
18-07-2017-18:26:01:542 46892 47509 1
18-07-2017-18:26:01:577 47509 48126 1
18-07-2017-18:26:01:613 48126 48743 1
18-07-2017-18:26:01:658 48743 49360 1
18-07-2017-18:26:01:796 49360 49977 1
18-07-2017-18:26:01:798 49977 50594 1
18-07-2017-18:26:01:798 50594 51211 1
18-07-2017-18:26:01:815 51211 51828 1
18-07-2017-18:26:01:846 51828 52445 1
18-07-2017-18:26:01:881 52445 53062 1
18-07-2017-18:26:01:925 53062 53679 1
18-07-2017-18:26:01:959 53679 54296 1
18-07-2017-18:26:02:004 54296 54913 1
18-07-2017-18:26:02:039 54913 55530 1
18-07-2017-18:26:02:076 55530 56147 1
18-07-2017-18:26:02:122 56147 56764 1
18-07-2017-18:26:02:158 56764 57381 1
18-07-2017-18:26:02:191 57381 57998 1
18-07-2017-18:26:02:226 57998 58615 1
18-07-2017-18:26:02:273 58615 59232 1
18-07-2017-18:26:02:307 59232 59849 1
18-07-2017-18:26:02:342 59849 60466 1
18-07-2017-18:26:02:390 60466 61083 1
18-07-2017-18:26:02:425 61083 61700 1
18-07-2017-18:26:02:459 61700 62317 1
18-07-2017-18:26:02:506 62317 62934 1
18-07-2017-18:26:02:541 62934 63551 1
18-07-2017-18:26:02:576 63551 64168 1
18-07-2017-18:26:02:612 64168 64785 1
18-07-2017-18:26:02:658 64785 65402 1
18-07-2017-18:26:02:690 65402 66019 1
18-07-2017-18:26:02:729 66019 66636 1
18-07-2017-18:26:02:776 66636 67253 1
18-07-2017-18:26:02:811 67253 67870 1
18-07-2017-18:26:02:847 67870 68487 1
18-07-2017-18:26:02:892 68487 69104 1
18-07-2017-18:26:02:927 69104 69721 1
18-07-2017-18:26:02:962 69721 70338 1
18-07-2017-18:26:02:998 70338 70955 1
18-07-2017-18:26:03:045 70955 71572 1
18-07-2017-18:26:03:078 71572 72189 1
18-07-2017-18:26:03:114 72189 72806 1
18-07-2017-18:26:03:160 72806 73423 1
18-07-2017-18:26:03:197 73423 74040 1
18-07-2017-18:26:03:232 74040 74657 1
18-07-2017-18:26:03:280 74657 75274 1
18-07-2017-18:26:03:313 75274 75891 1
18-07-2017-18:26:03:348 75891 76508 1
18-07-2017-18:26:03:397 76508 77125 1
18-07-2017-18:26:03:429 77125 77742 1
18-07-2017-18:26:03:469 77742 78359 1
18-07-2017-18:26:03:498 78359 78976 1
18-07-2017-18:26:03:546 78976 79593 1
18-07-2017-18:26:03:580 79593 80210 1
18-07-2017-18:26:03:616 80210 80827 1
18-07-2017-18:26:03:662 80827 81444 1
18-07-2017-18:26:03:696 81444 82061 1
18-07-2017-18:26:03:733 82061 82678 1
18-07-2017-18:26:03:781 82678 83295 1
18-07-2017-18:26:03:814 83295 83912 1
18-07-2017-18:26:03:851 83912 84529 1
18-07-2017-18:26:03:884 84529 85146 1
18-07-2017-18:26:03:931 85146 85763 1
18-07-2017-18:26:03:966 85763 86380 1
18-07-2017-18:26:04:001 86380 86997 1
18-07-2017-18:26:04:047 86997 87614 1
18-07-2017-18:26:04:089 87614 88231 1
18-07-2017-18:26:04:116 88231 88848 1
18-07-2017-18:26:04:164 88848 89465 1
18-07-2017-18:26:04:199 89465 90082 1
18-07-2017-18:26:04:242 90082 90699 1
18-07-2017-18:26:04:277 90699 91316 1
18-07-2017-18:26:04:311 91316 91933 1
18-07-2017-18:26:04:359 91933 92550 1
18-07-2017-18:26:04:393 92550 93167 1
18-07-2017-18:26:04:428 93167 93784 1
18-07-2017-18:26:04:462 93784 94401 1
18-07-2017-18:26:04:510 94401 95018 1
18-07-2017-18:26:04:544 95018 95635 1
18-07-2017-18:26:04:580 95635 96252 1
18-07-2017-18:26:04:627 96252 96869 1
18-07-2017-18:26:04:661 96869 97486 1
18-07-2017-18:26:04:697 97486 98103 1
18-07-2017-18:26:04:743 98103 98720 1
18-07-2017-18:26:04:779 98720 99337 1
18-07-2017-18:26:05:225 99337 99954 1
18-07-2017-18:26:05:226 99954 100571 1
18-07-2017-18:26:05:226 100571 101188 1
18-07-2017-18:26:05:226 101188 101805 1
18-07-2017-18:26:05:226 101805 102422 1
18-07-2017-18:26:05:227 102422 103039 1
18-07-2017-18:26:05:227 103039 103656 1
18-07-2017-18:26:05:227 103656 104273 1
18-07-2017-18:26:05:227 104273 104890 1
18-07-2017-18:26:05:227 104890 105507 1
18-07-2017-18:26:05:227 105507 106124 1
18-07-2017-18:26:05:245 106124 106741 1
18-07-2017-18:26:05:282 106741 107358 1
18-07-2017-18:26:05:314 107358 107975 1
18-07-2017-18:26:05:351 107975 108592 1
18-07-2017-18:26:05:397 108592 109209 1
18-07-2017-18:26:05:434 109209 109826 1
18-07-2017-18:26:05:466 109826 110443 1
18-07-2017-18:26:05:512 110443 111060 1
18-07-2017-18:26:05:550 111060 111677 1
18-07-2017-18:26:05:583 111677 112294 1
18-07-2017-18:26:05:631 112294 112911 1
18-07-2017-18:26:05:665 112911 113528 1
18-07-2017-18:26:05:700 113528 114145 1
18-07-2017-18:26:05:746 114145 114762 1
18-07-2017-18:26:05:782 114762 115379 1
18-07-2017-18:26:05:816 115379 115996 1
18-07-2017-18:26:05:852 115996 116613 1
18-07-2017-18:26:05:899 116613 117230 1
18-07-2017-18:26:05:932 117230 117847 1
18-07-2017-18:26:05:968 117847 118464 1
18-07-2017-18:26:06:014 118464 119081 1
18-07-2017-18:26:06:050 119081 119698 1
18-07-2017-18:26:06:084 119698 120315 1
18-07-2017-18:26:06:124 120315 120932 1
18-07-2017-18:26:06:164 120932 121549 1
18-07-2017-18:26:06:199 121549 122166 1
18-07-2017-18:26:06:246 122166 122783 1
18-07-2017-18:26:06:279 122783 123400 1
18-07-2017-18:26:06:316 123400 124017 1
18-07-2017-18:26:06:363 124017 124634 1
18-07-2017-18:26:06:396 124634 125251 1
18-07-2017-18:26:06:431 125251 125868 1
18-07-2017-18:26:06:479 125868 126485 1
18-07-2017-18:26:06:513 126485 127102 1
18-07-2017-18:26:06:549 127102 127719 1
18-07-2017-18:26:06:595 127719 128336 1
18-07-2017-18:26:06:630 128336 128953 1
18-07-2017-18:26:06:664 128953 129570 1
18-07-2017-18:26:06:700 129570 130187 1
18-07-2017-18:26:06:746 130187 130804 1
18-07-2017-18:26:06:782 130804 131421 1
18-07-2017-18:26:06:816 131421 132038 1
18-07-2017-18:26:06:863 132038 132655 1
18-07-2017-18:26:06:898 132655 133272 1
18-07-2017-18:26:06:934 133272 133889 1
18-07-2017-18:26:06:979 133889 134506 1
18-07-2017-18:26:07:015 134506 135123 1
18-07-2017-18:26:07:049 135123 135740 1
18-07-2017-18:26:07:084 135740 136357 1
18-07-2017-18:26:07:136 136357 136974 1
18-07-2017-18:26:07:167 136974 137591 1
18-07-2017-18:26:07:216 137591 138208 1
18-07-2017-18:26:07:253 138208 138825 1
18-07-2017-18:26:07:284 138825 139442 1
18-07-2017-18:26:07:318 139442 140059 1
18-07-2017-18:26:07:366 140059 140676 1
18-07-2017-18:26:07:400 140676 141293 1
18-07-2017-18:26:07:435 141293 141910 1
18-07-2017-18:26:07:482 141910 142527 1
18-07-2017-18:26:07:515 142527 143144 1
18-07-2017-18:26:07:552 143144 143761 1
18-07-2017-18:26:07:586 143761 144378 1
18-07-2017-18:26:07:632 144378 144995 1
18-07-2017-18:26:07:667 144995 145612 1
18-07-2017-18:26:07:702 145612 146229 1
18-07-2017-18:26:07:749 146229 146846 1
18-07-2017-18:26:07:784 146846 147463 1
18-07-2017-18:26:07:820 147463 148080 1
18-07-2017-18:26:07:866 148080 148697 1
18-07-2017-18:26:07:906 148697 149314 1
18-07-2017-18:26:08:040 149314 149931 1
18-07-2017-18:26:08:041 149931 150548 1
18-07-2017-18:26:08:041 150548 151165 1
18-07-2017-18:26:08:053 151165 151782 1
18-07-2017-18:26:08:088 151782 152399 1
18-07-2017-18:26:08:135 152399 153016 1
18-07-2017-18:26:08:171 153016 153633 1
18-07-2017-18:26:08:206 153633 154250 1
18-07-2017-18:26:08:247 154250 154867 1
18-07-2017-18:26:08:281 154867 155484 1
18-07-2017-18:26:08:329 155484 156101 1
18-07-2017-18:26:08:363 156101 156718 1
18-07-2017-18:26:08:399 156718 157335 1
18-07-2017-18:26:08:445 157335 157952 1
18-07-2017-18:26:08:480 157952 158569 1
18-07-2017-18:26:08:515 158569 159186 1
18-07-2017-18:26:08:561 159186 159803 1
18-07-2017-18:26:08:597 159803 160420 1
18-07-2017-18:26:08:631 160420 161037 1
18-07-2017-18:26:08:666 161037 161654 1
18-07-2017-18:26:08:713 161654 162271 1
18-07-2017-18:26:08:748 162271 162888 1
18-07-2017-18:26:08:783 162888 163505 1
18-07-2017-18:26:08:829 163505 164122 1
18-07-2017-18:26:08:865 164122 164739 1
18-07-2017-18:26:08:899 164739 165356 1
18-07-2017-18:26:08:947 165356 165973 1
18-07-2017-18:26:08:982 165973 166590 1
18-07-2017-18:26:09:136 166590 167207 1
18-07-2017-18:26:09:139 167207 167824 1
18-07-2017-18:26:09:140 167824 168441 1
18-07-2017-18:26:09:140 168441 169058 1
18-07-2017-18:26:09:168 169058 169675 1
18-07-2017-18:26:09:215 169675 170292 1
18-07-2017-18:26:09:249 170292 170909 1
18-07-2017-18:26:09:284 170909 171526 1
18-07-2017-18:26:09:332 171526 172143 1
18-07-2017-18:26:09:362 172143 172760 1
18-07-2017-18:26:09:409 172760 173377 1
18-07-2017-18:26:09:444 173377 173994 1
18-07-2017-18:26:09:479 173994 174611 1
18-07-2017-18:26:09:526 174611 175228 1
18-07-2017-18:26:09:560 175228 175845 1
18-07-2017-18:26:09:596 175845 176462 1
18-07-2017-18:26:09:631 176462 177079 1
18-07-2017-18:26:09:683 177079 177696 1
18-07-2017-18:26:09:712 177696 178313 1
18-07-2017-18:26:09:747 178313 178930 1
18-07-2017-18:26:09:793 178930 179547 1
18-07-2017-18:26:09:828 179547 180164 1
18-07-2017-18:26:09:863 180164 180781 1
18-07-2017-18:26:09:911 180781 181398 1
18-07-2017-18:26:09:947 181398 182015 1
18-07-2017-18:26:09:981 182015 182632 1
18-07-2017-18:26:10:014 182632 183249 1
18-07-2017-18:26:10:061 183249 183866 1
18-07-2017-18:26:10:094 183866 184483 1
18-07-2017-18:26:10:133 184483 185100 1
18-07-2017-18:26:10:178 185100 185717 1
18-07-2017-18:26:10:213 185717 186334 1
18-07-2017-18:26:10:247 186334 186951 1
18-07-2017-18:26:10:294 186951 187568 1
18-07-2017-18:26:10:330 187568 188185 1
18-07-2017-18:26:10:366 188185 188802 1
18-07-2017-18:26:10:411 188802 189419 1
18-07-2017-18:26:10:443 189419 190036 1
18-07-2017-18:26:10:486 190036 190653 1
18-07-2017-18:26:10:523 190653 191270 1
18-07-2017-18:26:10:558 191270 191887 1
18-07-2017-18:26:10:604 191887 192504 1
18-07-2017-18:26:10:641 192504 193121 1
18-07-2017-18:26:10:674 193121 193738 1
18-07-2017-18:26:10:721 193738 194355 1
18-07-2017-18:26:10:756 194355 194972 1
18-07-2017-18:26:10:790 194972 195589 1
18-07-2017-18:26:10:826 195589 196206 1
18-07-2017-18:26:10:872 196206 196823 1
18-07-2017-18:26:10:908 196823 197440 1
18-07-2017-18:26:10:943 197440 198057 1
18-07-2017-18:26:10:989 198057 198674 1
18-07-2017-18:26:11:023 198674 199291 1
18-07-2017-18:26:11:059 199291 199908 1
18-07-2017-18:26:11:104 199908 200525 1
18-07-2017-18:26:11:141 200525 201142 1
18-07-2017-18:26:11:175 201142 201759 1
18-07-2017-18:26:11:223 201759 202376 1
18-07-2017-18:26:11:258 202376 202993 1
18-07-2017-18:26:11:291 202993 203610 1
18-07-2017-18:26:11:327 203610 204227 1
18-07-2017-18:26:11:373 204227 204844 1
18-07-2017-18:26:11:422 204844 205461 1
18-07-2017-18:26:11:443 205461 206078 1
18-07-2017-18:26:11:492 206078 206695 1
18-07-2017-18:26:11:526 206695 207312 1
18-07-2017-18:26:11:561 207312 207929 1
18-07-2017-18:26:11:606 207929 208546 1
18-07-2017-18:26:11:643 208546 209163 1
18-07-2017-18:26:11:676 209163 209780 1
18-07-2017-18:26:11:713 209780 210397 1
18-07-2017-18:26:11:759 210397 211014 1
18-07-2017-18:26:11:794 211014 211631 1
18-07-2017-18:26:11:828 211631 212248 1
18-07-2017-18:26:11:874 212248 212865 1
18-07-2017-18:26:11:915 212865 213482 1
18-07-2017-18:26:11:950 213482 214099 1
18-07-2017-18:26:11:994 214099 214716 1
18-07-2017-18:26:12:022 214716 215333 1
18-07-2017-18:26:12:068 215333 215950 1
18-07-2017-18:26:12:103 215950 216567 1
18-07-2017-18:26:12:139 216567 217184 1
18-07-2017-18:26:12:186 217184 217801 1
18-07-2017-18:26:12:220 217801 218418 1
18-07-2017-18:26:12:255 218418 219035 1
18-07-2017-18:26:12:302 219035 219652 1
18-07-2017-18:26:12:335 219652 220269 1
18-07-2017-18:26:12:370 220269 220886 1
18-07-2017-18:26:12:406 220886 221503 1
18-07-2017-18:26:12:454 221503 222120 1
18-07-2017-18:26:12:488 222120 222737 1
18-07-2017-18:26:12:522 222737 223354 1
18-07-2017-18:26:12:570 223354 223971 1
18-07-2017-18:26:12:604 223971 224588 1
18-07-2017-18:26:12:638 224588 225205 1
18-07-2017-18:26:12:687 225205 225822 1
18-07-2017-18:26:12:720 225822 226439 1
18-07-2017-18:26:12:756 226439 227056 1
18-07-2017-18:26:12:801 227056 227673 1
18-07-2017-18:26:12:837 227673 228290 1
18-07-2017-18:26:12:873 228290 228907 1
18-07-2017-18:26:13:259 228907 229524 1
18-07-2017-18:26:13:261 229524 230141 1
18-07-2017-18:26:13:261 230141 230758 1
18-07-2017-18:26:13:262 230758 231375 1
18-07-2017-18:26:13:262 231375 231992 1
18-07-2017-18:26:13:262 231992 232609 1
18-07-2017-18:26:13:262 232609 233226 1
18-07-2017-18:26:13:262 233226 233843 1
18-07-2017-18:26:13:262 233843 234460 1
18-07-2017-18:26:13:262 234460 235077 1
18-07-2017-18:26:13:296 235077 235694 1
18-07-2017-18:26:13:331 235694 236311 1
18-07-2017-18:26:13:374 236311 236928 1
