18-07-2017-18:47:02:125 0 800 1
18-07-2017-18:47:02:171 800 1600 1
18-07-2017-18:47:02:224 1600 2347 1
18-07-2017-18:47:02:268 2347 3094 1
18-07-2017-18:47:02:316 3094 3841 1
18-07-2017-18:47:02:362 3841 4588 1
18-07-2017-18:47:02:412 4588 5335 1
18-07-2017-18:47:02:458 5335 6082 1
18-07-2017-18:47:02:506 6082 6829 1
18-07-2017-18:47:02:552 6829 7576 1
18-07-2017-18:47:02:598 7576 8323 1
18-07-2017-18:47:02:645 8323 9070 1
18-07-2017-18:47:02:691 9070 9817 1
18-07-2017-18:47:02:733 9817 10564 1
18-07-2017-18:47:02:784 10564 11311 1
18-07-2017-18:47:02:831 11311 12058 1
18-07-2017-18:47:02:877 12058 12805 1
18-07-2017-18:47:02:929 12805 13552 1
18-07-2017-18:47:02:971 13552 14299 1
18-07-2017-18:47:03:017 14299 15046 1
18-07-2017-18:47:03:064 15046 15793 1
18-07-2017-18:47:03:113 15793 16540 1
18-07-2017-18:47:03:157 16540 17287 1
18-07-2017-18:47:03:208 17287 18034 1
18-07-2017-18:47:03:252 18034 18781 1
18-07-2017-18:47:03:297 18781 19528 1
18-07-2017-18:47:03:344 19528 20275 1
18-07-2017-18:47:03:391 20275 21022 1
18-07-2017-18:47:03:437 21022 21769 1
18-07-2017-18:47:03:483 21769 22516 1
18-07-2017-18:47:03:530 22516 23263 1
18-07-2017-18:47:03:577 23263 24010 1
18-07-2017-18:47:03:621 24010 24757 1
18-07-2017-18:47:03:667 24757 25504 1
18-07-2017-18:47:03:715 25504 26251 1
18-07-2017-18:47:03:760 26251 26998 1
18-07-2017-18:47:03:808 26998 27745 1
18-07-2017-18:47:03:853 27745 28492 1
18-07-2017-18:47:03:901 28492 29239 1
18-07-2017-18:47:03:946 29239 29986 1
18-07-2017-18:47:03:992 29986 30733 1
18-07-2017-18:47:04:040 30733 31480 1
18-07-2017-18:47:04:285 31480 32227 1
18-07-2017-18:47:04:286 32227 32974 1
18-07-2017-18:47:04:287 32974 33721 1
18-07-2017-18:47:04:287 33721 34468 1
18-07-2017-18:47:04:287 34468 35215 1
18-07-2017-18:47:04:329 35215 35962 1
18-07-2017-18:47:04:375 35962 36709 1
18-07-2017-18:47:04:421 36709 37456 1
18-07-2017-18:47:04:468 37456 38203 1
18-07-2017-18:47:04:516 38203 38950 1
18-07-2017-18:47:04:561 38950 39697 1
18-07-2017-18:47:04:608 39697 40444 1
18-07-2017-18:47:04:649 40444 41191 1
18-07-2017-18:47:04:693 41191 41938 1
18-07-2017-18:47:04:739 41938 42685 1
18-07-2017-18:47:04:788 42685 43432 1
18-07-2017-18:47:04:833 43432 44179 1
18-07-2017-18:47:04:880 44179 44926 1
18-07-2017-18:47:04:926 44926 45673 1
18-07-2017-18:47:04:973 45673 46420 1
18-07-2017-18:47:05:025 46420 47167 1
18-07-2017-18:47:05:071 47167 47914 1
18-07-2017-18:47:05:116 47914 48661 1
18-07-2017-18:47:05:163 48661 49408 1
18-07-2017-18:47:05:210 49408 50155 1
18-07-2017-18:47:05:257 50155 50902 1
18-07-2017-18:47:05:302 50902 51649 1
18-07-2017-18:47:05:350 51649 52396 1
18-07-2017-18:47:05:396 52396 53143 1
18-07-2017-18:47:05:447 53143 53890 1
18-07-2017-18:47:05:493 53890 54637 1
18-07-2017-18:47:05:540 54637 55384 1
18-07-2017-18:47:05:586 55384 56131 1
18-07-2017-18:47:05:635 56131 56878 1
18-07-2017-18:47:05:679 56878 57625 1
18-07-2017-18:47:05:727 57625 58372 1
18-07-2017-18:47:05:773 58372 59119 1
18-07-2017-18:47:05:819 59119 59866 1
18-07-2017-18:47:05:865 59866 60613 1
18-07-2017-18:47:05:913 60613 61360 1
18-07-2017-18:47:05:951 61360 62107 1
18-07-2017-18:47:05:999 62107 62854 1
18-07-2017-18:47:06:052 62854 63600 1
18-07-2017-18:47:06:091 63600 64346 1
18-07-2017-18:47:06:142 64346 65092 1
18-07-2017-18:47:06:187 65092 65838 1
18-07-2017-18:47:06:234 65838 66584 1
18-07-2017-18:47:06:281 66584 67330 1
18-07-2017-18:47:06:328 67330 68076 1
18-07-2017-18:47:06:375 68076 68822 1
18-07-2017-18:47:06:421 68822 69568 1
18-07-2017-18:47:06:468 69568 70314 1
18-07-2017-18:47:06:512 70314 71060 1
18-07-2017-18:47:06:559 71060 71806 1
18-07-2017-18:47:06:605 71806 72552 1
18-07-2017-18:47:06:653 72552 73298 1
18-07-2017-18:47:06:699 73298 74044 1
18-07-2017-18:47:06:744 74044 74790 1
18-07-2017-18:47:06:792 74790 75536 1
18-07-2017-18:47:06:838 75536 76282 1
18-07-2017-18:47:06:884 76282 77028 1
18-07-2017-18:47:06:932 77028 77774 1
18-07-2017-18:47:06:978 77774 78520 1
18-07-2017-18:47:07:024 78520 79266 1
18-07-2017-18:47:07:070 79266 80012 1
18-07-2017-18:47:07:118 80012 80758 1
18-07-2017-18:47:07:165 80758 81504 1
18-07-2017-18:47:07:215 81504 82250 1
18-07-2017-18:47:07:849 82250 82996 1
18-07-2017-18:47:07:851 82996 83742 1
18-07-2017-18:47:07:851 83742 84488 1
18-07-2017-18:47:07:852 84488 85234 1
18-07-2017-18:47:07:852 85234 85980 1
18-07-2017-18:47:07:852 85980 86726 1
18-07-2017-18:47:07:852 86726 87472 1
18-07-2017-18:47:07:852 87472 88218 1
18-07-2017-18:47:07:852 88218 88964 1
18-07-2017-18:47:07:852 88964 89710 1
18-07-2017-18:47:07:852 89710 90456 1
18-07-2017-18:47:07:852 90456 91202 1
18-07-2017-18:47:07:852 91202 91948 1
18-07-2017-18:47:07:869 91948 92694 1
18-07-2017-18:47:07:915 92694 93440 1
18-07-2017-18:47:07:963 93440 94186 1
18-07-2017-18:47:08:008 94186 94932 1
18-07-2017-18:47:08:052 94932 95678 1
18-07-2017-18:47:08:105 95678 96424 1
18-07-2017-18:47:08:151 96424 97170 1
18-07-2017-18:47:08:197 97170 97916 1
18-07-2017-18:47:08:245 97916 98662 1
18-07-2017-18:47:08:290 98662 99408 1
18-07-2017-18:47:08:337 99408 100154 1
18-07-2017-18:47:08:383 100154 100900 1
18-07-2017-18:47:08:431 100900 101646 1
18-07-2017-18:47:08:477 101646 102392 1
18-07-2017-18:47:08:523 102392 103138 1
18-07-2017-18:47:08:570 103138 103884 1
18-07-2017-18:47:08:618 103884 104630 1
18-07-2017-18:47:08:660 104630 105376 1
18-07-2017-18:47:08:708 105376 106122 1
18-07-2017-18:47:08:755 106122 106868 1
18-07-2017-18:47:08:802 106868 107614 1
18-07-2017-18:47:08:848 107614 108360 1
18-07-2017-18:47:08:895 108360 109106 1
18-07-2017-18:47:08:940 109106 109852 1
18-07-2017-18:47:08:991 109852 110598 1
18-07-2017-18:47:09:034 110598 111344 1
18-07-2017-18:47:09:080 111344 112090 1
18-07-2017-18:47:09:128 112090 112836 1
18-07-2017-18:47:09:178 112836 113582 1
18-07-2017-18:47:09:225 113582 114328 1
18-07-2017-18:47:09:277 114328 115074 1
18-07-2017-18:47:09:314 115074 115820 1
18-07-2017-18:47:09:363 115820 116566 1
18-07-2017-18:47:09:408 116566 117312 1
18-07-2017-18:47:09:454 117312 118058 1
18-07-2017-18:47:09:502 118058 118804 1
18-07-2017-18:47:09:548 118804 119550 1
18-07-2017-18:47:09:595 119550 120296 1
18-07-2017-18:47:09:641 120296 121042 1
18-07-2017-18:47:09:688 121042 121788 1
18-07-2017-18:47:09:735 121788 122534 1
18-07-2017-18:47:09:781 122534 123280 1
18-07-2017-18:47:09:827 123280 124026 1
18-07-2017-18:47:09:874 124026 124772 1
18-07-2017-18:47:09:922 124772 125518 1
18-07-2017-18:47:09:968 125518 126264 1
18-07-2017-18:47:10:020 126264 126987 1
18-07-2017-18:47:10:058 126987 127710 1
18-07-2017-18:47:10:105 127710 128433 1
18-07-2017-18:47:10:150 128433 129156 1
18-07-2017-18:47:10:198 129156 129879 1
18-07-2017-18:47:10:243 129879 130602 1
18-07-2017-18:47:10:279 130602 131325 1
18-07-2017-18:47:10:325 131325 132048 1
18-07-2017-18:47:10:373 132048 132771 1
18-07-2017-18:47:10:965 132771 133494 1
18-07-2017-18:47:10:967 133494 134217 1
18-07-2017-18:47:10:967 134217 134940 1
18-07-2017-18:47:10:967 134940 135663 1
18-07-2017-18:47:10:967 135663 136386 1
18-07-2017-18:47:10:967 136386 137109 1
18-07-2017-18:47:10:968 137109 137832 1
18-07-2017-18:47:10:968 137832 138555 1
18-07-2017-18:47:10:968 138555 139278 1
18-07-2017-18:47:10:968 139278 140001 1
18-07-2017-18:47:10:968 140001 140724 1
18-07-2017-18:47:10:968 140724 141447 1
18-07-2017-18:47:10:968 141447 142170 1
18-07-2017-18:47:11:008 142170 142893 1
18-07-2017-18:47:11:060 142893 143616 1
18-07-2017-18:47:11:103 143616 144339 1
18-07-2017-18:47:11:138 144339 145062 1
18-07-2017-18:47:11:184 145062 145785 1
18-07-2017-18:47:11:230 145785 146508 1
18-07-2017-18:47:11:278 146508 147231 1
18-07-2017-18:47:11:324 147231 147954 1
18-07-2017-18:47:11:371 147954 148677 1
18-07-2017-18:47:11:418 148677 149400 1
18-07-2017-18:47:11:464 149400 150123 1
18-07-2017-18:47:11:499 150123 150846 1
18-07-2017-18:47:11:545 150846 151569 1
18-07-2017-18:47:11:592 151569 152292 1
18-07-2017-18:47:11:638 152292 153015 1
18-07-2017-18:47:11:685 153015 153738 1
18-07-2017-18:47:11:731 153738 154461 1
18-07-2017-18:47:11:779 154461 155184 1
18-07-2017-18:47:11:813 155184 155907 1
18-07-2017-18:47:11:861 155907 156630 1
18-07-2017-18:47:11:906 156630 157353 1
18-07-2017-18:47:11:953 157353 158076 1
18-07-2017-18:47:12:002 158076 158799 1
18-07-2017-18:47:12:048 158799 159522 1
18-07-2017-18:47:12:095 159522 160245 1
18-07-2017-18:47:12:145 160245 160968 1
18-07-2017-18:47:12:178 160968 161691 1
18-07-2017-18:47:12:226 161691 162414 1
18-07-2017-18:47:12:272 162414 163137 1
18-07-2017-18:47:12:319 163137 163860 1
18-07-2017-18:47:12:365 163860 164583 1
18-07-2017-18:47:12:412 164583 165306 1
18-07-2017-18:47:12:446 165306 166029 1
18-07-2017-18:47:12:493 166029 166752 1
18-07-2017-18:47:12:540 166752 167475 1
18-07-2017-18:47:12:586 167475 168198 1
18-07-2017-18:47:12:634 168198 168921 1
18-07-2017-18:47:12:679 168921 169644 1
18-07-2017-18:47:12:723 169644 170367 1
18-07-2017-18:47:12:769 170367 171090 1
18-07-2017-18:47:12:816 171090 171813 1
18-07-2017-18:47:12:863 171813 172536 1
18-07-2017-18:47:12:911 172536 173259 1
18-07-2017-18:47:12:944 173259 173982 1
18-07-2017-18:47:12:992 173982 174705 1
18-07-2017-18:47:13:038 174705 175428 1
18-07-2017-18:47:13:084 175428 176151 1
18-07-2017-18:47:13:132 176151 176874 1
18-07-2017-18:47:13:178 176874 177597 1
18-07-2017-18:47:13:224 177597 178320 1
18-07-2017-18:47:13:272 178320 179043 1
18-07-2017-18:47:13:306 179043 179766 1
18-07-2017-18:47:13:353 179766 180489 1
18-07-2017-18:47:13:399 180489 181212 1
18-07-2017-18:47:13:451 181212 181894 1
18-07-2017-18:47:13:490 181894 182576 1
18-07-2017-18:47:13:598 182576 183258 1
18-07-2017-18:47:13:599 183258 183940 1
18-07-2017-18:47:13:618 183940 184622 1
18-07-2017-18:47:13:657 184622 185304 1
18-07-2017-18:47:13:704 185304 185986 1
18-07-2017-18:47:13:739 185986 186668 1
18-07-2017-18:47:13:789 186668 187350 1
18-07-2017-18:47:13:833 187350 188032 1
18-07-2017-18:47:13:867 188032 188714 1
18-07-2017-18:47:13:914 188714 189396 1
18-07-2017-18:47:13:950 189396 190078 1
18-07-2017-18:47:14:000 190078 190760 1
18-07-2017-18:47:14:039 190760 191442 1
18-07-2017-18:47:14:087 191442 192124 1
18-07-2017-18:47:14:121 192124 192806 1
18-07-2017-18:47:14:169 192806 193488 1
18-07-2017-18:47:14:216 193488 194170 1
18-07-2017-18:47:14:251 194170 194852 1
18-07-2017-18:47:14:296 194852 195534 1
18-07-2017-18:47:14:343 195534 196216 1
18-07-2017-18:47:14:378 196216 196898 1
18-07-2017-18:47:14:427 196898 197580 1
18-07-2017-18:47:14:470 197580 198262 1
18-07-2017-18:47:14:506 198262 198944 1
18-07-2017-18:47:14:552 198944 199626 1
18-07-2017-18:47:14:598 199626 200308 1
18-07-2017-18:47:14:635 200308 200990 1
18-07-2017-18:47:14:681 200990 201672 1
18-07-2017-18:47:14:724 201672 202354 1
18-07-2017-18:47:14:771 202354 203036 1
18-07-2017-18:47:14:805 203036 203718 1
18-07-2017-18:47:14:851 203718 204400 1
18-07-2017-18:47:14:899 204400 205082 1
18-07-2017-18:47:14:934 205082 205764 1
18-07-2017-18:47:14:980 205764 206446 1
18-07-2017-18:47:15:020 206446 207128 1
18-07-2017-18:47:15:061 207128 207810 1
18-07-2017-18:47:15:108 207810 208492 1
18-07-2017-18:47:15:148 208492 209174 1
18-07-2017-18:47:15:193 209174 209856 1
18-07-2017-18:47:15:235 209856 210538 1
18-07-2017-18:47:15:275 210538 211220 1
18-07-2017-18:47:15:326 211220 211902 1
18-07-2017-18:47:15:356 211902 212584 1
18-07-2017-18:47:15:403 212584 213266 1
18-07-2017-18:47:15:449 213266 213948 1
18-07-2017-18:47:15:492 213948 214630 1
18-07-2017-18:47:15:527 214630 215312 1
18-07-2017-18:47:15:576 215312 215994 1
18-07-2017-18:47:15:628 215994 216676 1
18-07-2017-18:47:15:663 216676 217358 1
18-07-2017-18:47:15:701 217358 218040 1
18-07-2017-18:47:15:748 218040 218722 1
18-07-2017-18:47:15:784 218722 219404 1
18-07-2017-18:47:15:830 219404 220086 1
18-07-2017-18:47:15:877 220086 220768 1
18-07-2017-18:47:15:912 220768 221450 1
18-07-2017-18:47:15:958 221450 222132 1
18-07-2017-18:47:16:005 222132 222814 1
18-07-2017-18:47:16:042 222814 223496 1
18-07-2017-18:47:16:086 223496 224178 1
18-07-2017-18:47:16:134 224178 224860 1
18-07-2017-18:47:16:173 224860 225542 1
18-07-2017-18:47:16:216 225542 226224 1
18-07-2017-18:47:16:262 226224 226906 1
18-07-2017-18:47:16:297 226906 227588 1
18-07-2017-18:47:16:349 227588 228267 1
18-07-2017-18:47:16:386 228267 228946 1
18-07-2017-18:47:16:424 228946 229625 1
18-07-2017-18:47:16:469 229625 230304 1
18-07-2017-18:47:16:515 230304 230983 1
18-07-2017-18:47:16:550 230983 231662 1
18-07-2017-18:47:16:596 231662 232341 1
18-07-2017-18:47:16:647 232341 233020 1
18-07-2017-18:47:16:682 233020 233699 1
18-07-2017-18:47:16:728 233699 234378 1
18-07-2017-18:47:16:762 234378 235057 1
18-07-2017-18:47:16:810 235057 235736 1
18-07-2017-18:47:16:857 235736 236415 1
18-07-2017-18:47:16:893 236415 237094 1
18-07-2017-18:47:16:939 237094 237773 1
18-07-2017-18:47:16:984 237773 238452 1
18-07-2017-18:47:17:020 238452 239131 1
18-07-2017-18:47:17:064 239131 239810 1
18-07-2017-18:47:17:110 239810 240489 1
18-07-2017-18:47:17:145 240489 241168 1
18-07-2017-18:47:17:192 241168 241847 1
18-07-2017-18:47:17:238 241847 242526 1
18-07-2017-18:47:17:274 242526 243205 1
18-07-2017-18:47:17:321 243205 243884 1
18-07-2017-18:47:17:354 243884 244563 1
18-07-2017-18:47:17:500 244563 245242 1
18-07-2017-18:47:17:501 245242 245921 1
18-07-2017-18:47:17:501 245921 246600 1
18-07-2017-18:47:17:528 246600 247279 1
18-07-2017-18:47:17:574 247279 247958 1
18-07-2017-18:47:17:620 247958 248637 1
18-07-2017-18:47:17:656 248637 249316 1
18-07-2017-18:47:17:702 249316 249995 1
18-07-2017-18:47:17:737 249995 250674 1
18-07-2017-18:47:17:783 250674 251353 1
18-07-2017-18:47:17:830 251353 252032 1
18-07-2017-18:47:17:866 252032 252711 1
18-07-2017-18:47:17:911 252711 253390 1
18-07-2017-18:47:17:959 253390 254069 1
18-07-2017-18:47:17:994 254069 254748 1
18-07-2017-18:47:18:040 254748 255427 1
18-07-2017-18:47:18:085 255427 256106 1
18-07-2017-18:47:18:121 256106 256785 1
18-07-2017-18:47:18:171 256785 257464 1
18-07-2017-18:47:18:216 257464 258143 1
18-07-2017-18:47:18:250 258143 258822 1
18-07-2017-18:47:18:296 258822 259501 1
18-07-2017-18:47:18:332 259501 260180 1
18-07-2017-18:47:18:379 260180 260859 1
18-07-2017-18:47:18:425 260859 261538 1
18-07-2017-18:47:18:459 261538 262217 1
18-07-2017-18:47:18:506 262217 262896 1
18-07-2017-18:47:18:552 262896 263575 1
18-07-2017-18:47:18:588 263575 264254 1
18-07-2017-18:47:18:635 264254 264933 1
18-07-2017-18:47:18:670 264933 265612 1
18-07-2017-18:47:18:723 265612 266227 1
18-07-2017-18:47:18:749 266227 266842 1
18-07-2017-18:47:18:796 266842 267457 1
18-07-2017-18:47:18:830 267457 268072 1
18-07-2017-18:47:18:865 268072 268687 1
18-07-2017-18:47:18:911 268687 269302 1
18-07-2017-18:47:18:946 269302 269917 1
18-07-2017-18:47:18:983 269917 270532 1
18-07-2017-18:47:19:017 270532 271147 1
18-07-2017-18:47:19:064 271147 271762 1
18-07-2017-18:47:19:099 271762 272377 1
18-07-2017-18:47:19:134 272377 272992 1
18-07-2017-18:47:19:180 272992 273607 1
18-07-2017-18:47:19:216 273607 274222 1
18-07-2017-18:47:19:249 274222 274837 1
18-07-2017-18:47:19:284 274837 275452 1
18-07-2017-18:47:19:329 275452 276067 1
18-07-2017-18:47:19:362 276067 276682 1
18-07-2017-18:47:19:410 276682 277297 1
18-07-2017-18:47:19:445 277297 277912 1
18-07-2017-18:47:19:480 277912 278527 1
18-07-2017-18:47:19:526 278527 279142 1
18-07-2017-18:47:19:562 279142 279757 1
18-07-2017-18:47:19:596 279757 280372 1
18-07-2017-18:47:19:631 280372 280987 1
18-07-2017-18:47:19:678 280987 281602 1
18-07-2017-18:47:19:713 281602 282217 1
18-07-2017-18:47:19:747 282217 282832 1
18-07-2017-18:47:19:793 282832 283447 1
18-07-2017-18:47:19:828 283447 284062 1
18-07-2017-18:47:19:864 284062 284677 1
18-07-2017-18:47:19:911 284677 285292 1
18-07-2017-18:47:19:945 285292 285907 1
18-07-2017-18:47:19:982 285907 286522 1
18-07-2017-18:47:20:015 286522 287137 1
18-07-2017-18:47:20:061 287137 287752 1
18-07-2017-18:47:20:097 287752 288367 1
18-07-2017-18:47:20:134 288367 288982 1
18-07-2017-18:47:20:180 288982 289597 1
18-07-2017-18:47:20:215 289597 290212 1
18-07-2017-18:47:20:253 290212 290827 1
18-07-2017-18:47:20:348 290827 291442 1
18-07-2017-18:47:20:349 291442 292057 1
18-07-2017-18:47:20:368 292057 292672 1
18-07-2017-18:47:20:414 292672 293287 1
18-07-2017-18:47:20:448 293287 293902 1
18-07-2017-18:47:20:483 293902 294517 1
18-07-2017-18:47:20:517 294517 295132 1
18-07-2017-18:47:20:565 295132 295747 1
18-07-2017-18:47:20:599 295747 296362 1
18-07-2017-18:47:20:634 296362 296977 1
18-07-2017-18:47:20:668 296977 297592 1
18-07-2017-18:47:20:709 297592 298207 1
18-07-2017-18:47:20:746 298207 298822 1
18-07-2017-18:47:20:794 298822 299437 1
18-07-2017-18:47:20:828 299437 300052 1
18-07-2017-18:47:20:864 300052 300667 1
18-07-2017-18:47:20:910 300667 301282 1
18-07-2017-18:47:20:946 301282 301897 1
18-07-2017-18:47:20:980 301897 302512 1
18-07-2017-18:47:21:018 302512 303127 1
18-07-2017-18:47:21:062 303127 303742 1
18-07-2017-18:47:21:096 303742 304357 1
18-07-2017-18:47:21:132 304357 304972 1
18-07-2017-18:47:21:177 304972 305587 1
18-07-2017-18:47:21:214 305587 306202 1
18-07-2017-18:47:21:249 306202 306817 1
18-07-2017-18:47:21:295 306817 307432 1
18-07-2017-18:47:21:331 307432 308047 1
18-07-2017-18:47:21:364 308047 308662 1
18-07-2017-18:47:21:400 308662 309277 1
18-07-2017-18:47:21:446 309277 309892 1
18-07-2017-18:47:21:489 309892 310507 1
18-07-2017-18:47:21:518 310507 311122 1
18-07-2017-18:47:21:591 311122 311737 1
18-07-2017-18:47:21:602 311737 312352 1
18-07-2017-18:47:21:634 312352 312967 1
18-07-2017-18:47:21:670 312967 313582 1
18-07-2017-18:47:21:716 313582 314197 1
18-07-2017-18:47:21:751 314197 314812 1
18-07-2017-18:47:21:786 314812 315427 1
18-07-2017-18:47:21:832 315427 316042 1
18-07-2017-18:47:21:868 316042 316657 1
18-07-2017-18:47:21:903 316657 317272 1
18-07-2017-18:47:21:938 317272 317887 1
18-07-2017-18:47:21:983 317887 318502 1
18-07-2017-18:47:22:024 318502 319117 1
18-07-2017-18:47:22:054 319117 319732 1
18-07-2017-18:47:22:094 319732 320347 1
18-07-2017-18:47:22:139 320347 320962 1
18-07-2017-18:47:22:176 320962 321577 1
18-07-2017-18:47:22:210 321577 322192 1
18-07-2017-18:47:22:245 322192 322807 1
18-07-2017-18:47:22:292 322807 323422 1
18-07-2017-18:47:22:327 323422 324037 1
18-07-2017-18:47:22:363 324037 324652 1
18-07-2017-18:47:22:409 324652 325267 1
18-07-2017-18:47:22:444 325267 325882 1
18-07-2017-18:47:22:479 325882 326497 1
18-07-2017-18:47:22:525 326497 327112 1
18-07-2017-18:47:22:560 327112 327727 1
18-07-2017-18:47:22:605 327727 328342 1
18-07-2017-18:47:22:723 328342 328957 1
18-07-2017-18:47:22:724 328957 329572 1
18-07-2017-18:47:22:725 329572 330187 1
18-07-2017-18:47:22:752 330187 330802 1
18-07-2017-18:47:22:788 330802 331417 1
18-07-2017-18:47:22:830 331417 332032 1
18-07-2017-18:47:22:867 332032 332647 1
18-07-2017-18:47:22:902 332647 333262 1
18-07-2017-18:47:22:947 333262 333877 1
18-07-2017-18:47:22:983 333877 334492 1
18-07-2017-18:47:23:018 334492 335107 1
18-07-2017-18:47:23:054 335107 335722 1
18-07-2017-18:47:23:098 335722 336337 1
18-07-2017-18:47:23:135 336337 336952 1
18-07-2017-18:47:23:171 336952 337567 1
18-07-2017-18:47:23:215 337567 338182 1
18-07-2017-18:47:23:251 338182 338797 1
18-07-2017-18:47:23:286 338797 339412 1
18-07-2017-18:47:23:321 339412 340027 1
18-07-2017-18:47:23:366 340027 340642 1
18-07-2017-18:47:23:402 340642 341257 1
18-07-2017-18:47:23:436 341257 341872 1
18-07-2017-18:47:23:483 341872 342487 1
18-07-2017-18:47:23:519 342487 343102 1
18-07-2017-18:47:23:554 343102 343717 1
18-07-2017-18:47:23:600 343717 344332 1
18-07-2017-18:47:23:635 344332 344947 1
18-07-2017-18:47:23:671 344947 345562 1
18-07-2017-18:47:23:706 345562 346177 1
18-07-2017-18:47:23:752 346177 346792 1
18-07-2017-18:47:23:788 346792 347407 1
18-07-2017-18:47:23:822 347407 348022 1
18-07-2017-18:47:23:869 348022 348637 1
18-07-2017-18:47:23:903 348637 349252 1
18-07-2017-18:47:23:939 349252 349867 1
18-07-2017-18:47:23:990 349867 350482 1
18-07-2017-18:47:24:020 350482 351097 1
18-07-2017-18:47:24:058 351097 351712 1
18-07-2017-18:47:24:101 351712 352327 1
18-07-2017-18:47:24:135 352327 352942 1
18-07-2017-18:47:24:171 352942 353557 1
18-07-2017-18:47:24:206 353557 354172 1
18-07-2017-18:47:24:253 354172 354787 1
18-07-2017-18:47:24:287 354787 355402 1
18-07-2017-18:47:24:322 355402 356017 1
18-07-2017-18:47:24:369 356017 356632 1
18-07-2017-18:47:24:404 356632 357247 1
18-07-2017-18:47:24:438 357247 357862 1
18-07-2017-18:47:24:475 357862 358477 1
18-07-2017-18:47:24:520 358477 359092 1
18-07-2017-18:47:24:556 359092 359707 1
18-07-2017-18:47:24:590 359707 360322 1
18-07-2017-18:47:24:636 360322 360937 1
18-07-2017-18:47:24:671 360937 361552 1
18-07-2017-18:47:24:707 361552 362167 1
18-07-2017-18:47:24:753 362167 362782 1
18-07-2017-18:47:24:875 362782 363397 1
18-07-2017-18:47:24:877 363397 364012 1
18-07-2017-18:47:24:877 364012 364627 1
18-07-2017-18:47:24:900 364627 365242 1
18-07-2017-18:47:24:936 365242 365857 1
18-07-2017-18:47:24:983 365857 366472 1
18-07-2017-18:47:25:017 366472 367087 1
18-07-2017-18:47:25:054 367087 367702 1
18-07-2017-18:47:25:098 367702 368317 1
18-07-2017-18:47:25:134 368317 368932 1
18-07-2017-18:47:25:169 368932 369547 1
18-07-2017-18:47:25:216 369547 370162 1
18-07-2017-18:47:25:250 370162 370777 1
18-07-2017-18:47:25:285 370777 371392 1
18-07-2017-18:47:25:320 371392 372007 1
18-07-2017-18:47:25:367 372007 372622 1
18-07-2017-18:47:25:402 372622 373237 1
18-07-2017-18:47:25:437 373237 373852 1
18-07-2017-18:47:25:483 373852 374467 1
18-07-2017-18:47:25:519 374467 375082 1
18-07-2017-18:47:25:555 375082 375697 1
18-07-2017-18:47:25:588 375697 376312 1
18-07-2017-18:47:25:632 376312 376927 1
18-07-2017-18:47:25:667 376927 377542 1
18-07-2017-18:47:25:713 377542 378157 1
18-07-2017-18:47:25:748 378157 378772 1
18-07-2017-18:47:25:782 378772 379387 1
18-07-2017-18:47:25:828 379387 380002 1
18-07-2017-18:47:25:862 380002 380617 1
18-07-2017-18:47:25:897 380617 381232 1
18-07-2017-18:47:25:943 381232 381847 1
18-07-2017-18:47:25:979 381847 382462 1
18-07-2017-18:47:26:015 382462 383077 1
18-07-2017-18:47:26:060 383077 383692 1
18-07-2017-18:47:26:094 383692 384307 1
18-07-2017-18:47:26:129 384307 384922 1
18-07-2017-18:47:26:176 384922 385537 1
18-07-2017-18:47:26:211 385537 386152 1
18-07-2017-18:47:26:246 386152 386767 1
18-07-2017-18:47:26:281 386767 387382 1
18-07-2017-18:47:26:328 387382 387997 1
18-07-2017-18:47:26:362 387997 388612 1
18-07-2017-18:47:26:398 388612 389227 1
18-07-2017-18:47:26:438 389227 389842 1
18-07-2017-18:47:26:482 389842 390457 1
18-07-2017-18:47:26:513 390457 391072 1
18-07-2017-18:47:26:561 391072 391687 1
18-07-2017-18:47:26:596 391687 392302 1
18-07-2017-18:47:26:632 392302 392917 1
18-07-2017-18:47:26:665 392917 393532 1
18-07-2017-18:47:26:713 393532 394147 1
18-07-2017-18:47:26:747 394147 394762 1
18-07-2017-18:47:26:783 394762 395377 1
18-07-2017-18:47:26:829 395377 395992 1
18-07-2017-18:47:26:865 395992 396607 1
18-07-2017-18:47:26:898 396607 397222 1
18-07-2017-18:47:26:934 397222 397837 1
18-07-2017-18:47:26:981 397837 398452 1
18-07-2017-18:47:27:014 398452 399067 1
18-07-2017-18:47:27:050 399067 399682 1
18-07-2017-18:47:27:426 399682 400297 1
18-07-2017-18:47:27:427 400297 400912 1
18-07-2017-18:47:27:427 400912 401527 1
18-07-2017-18:47:27:428 401527 402142 1
18-07-2017-18:47:27:428 402142 402757 1
18-07-2017-18:47:27:428 402757 403372 1
18-07-2017-18:47:27:428 403372 403987 1
18-07-2017-18:47:27:429 403987 404602 1
18-07-2017-18:47:27:429 404602 405217 1
18-07-2017-18:47:27:435 405217 405832 1
18-07-2017-18:47:27:483 405832 406447 1
18-07-2017-18:47:27:530 406447 407062 1
18-07-2017-18:47:27:552 407062 407677 1
18-07-2017-18:47:27:588 407677 408292 1
18-07-2017-18:47:27:633 408292 408907 1
18-07-2017-18:47:27:668 408907 409522 1
18-07-2017-18:47:27:712 409522 410137 1
18-07-2017-18:47:27:747 410137 410752 1
18-07-2017-18:47:27:783 410752 411367 1
18-07-2017-18:47:27:829 411367 411982 1
18-07-2017-18:47:27:864 411982 412597 1
18-07-2017-18:47:27:900 412597 413212 1
18-07-2017-18:47:27:933 413212 413827 1
18-07-2017-18:47:27:980 413827 414442 1
18-07-2017-18:47:28:015 414442 415057 1
18-07-2017-18:47:28:052 415057 415672 1
18-07-2017-18:47:28:097 415672 416287 1
18-07-2017-18:47:28:131 416287 416902 1
18-07-2017-18:47:28:167 416902 417517 1
18-07-2017-18:47:28:203 417517 418132 1
18-07-2017-18:47:28:248 418132 418747 1
18-07-2017-18:47:28:284 418747 419362 1
18-07-2017-18:47:28:319 419362 419977 1
18-07-2017-18:47:28:365 419977 420592 1
18-07-2017-18:47:28:401 420592 421207 1
18-07-2017-18:47:28:434 421207 421822 1
18-07-2017-18:47:28:482 421822 422437 1
18-07-2017-18:47:28:526 422437 423052 1
18-07-2017-18:47:28:651 423052 423667 1
18-07-2017-18:47:28:654 423667 424282 1
18-07-2017-18:47:28:654 424282 424897 1
18-07-2017-18:47:28:669 424897 425512 1
18-07-2017-18:47:28:703 425512 426127 1
18-07-2017-18:47:28:750 426127 426742 1
18-07-2017-18:47:28:785 426742 427357 1
18-07-2017-18:47:28:821 427357 427972 1
18-07-2017-18:47:28:855 427972 428587 1
18-07-2017-18:47:28:903 428587 429202 1
18-07-2017-18:47:28:937 429202 429817 1
18-07-2017-18:47:28:975 429817 430432 1
18-07-2017-18:47:29:010 430432 431047 1
18-07-2017-18:47:29:057 431047 431662 1
18-07-2017-18:47:29:092 431662 432277 1
18-07-2017-18:47:29:126 432277 432892 1
18-07-2017-18:47:29:174 432892 433507 1
18-07-2017-18:47:29:209 433507 434122 1
18-07-2017-18:47:29:243 434122 434737 1
18-07-2017-18:47:29:279 434737 435352 1
18-07-2017-18:47:29:326 435352 435967 1
18-07-2017-18:47:29:361 435967 436582 1
18-07-2017-18:47:29:394 436582 437197 1
18-07-2017-18:47:29:441 437197 437812 1
18-07-2017-18:47:29:478 437812 438427 1
18-07-2017-18:47:29:516 438427 439042 1
18-07-2017-18:47:29:587 439042 439657 1
18-07-2017-18:47:29:590 439657 440272 1
18-07-2017-18:47:29:625 440272 440887 1
18-07-2017-18:47:29:671 440887 441502 1
18-07-2017-18:47:29:706 441502 442117 1
18-07-2017-18:47:29:742 442117 442732 1
18-07-2017-18:47:29:787 442732 443347 1
18-07-2017-18:47:29:824 443347 443962 1
18-07-2017-18:47:29:857 443962 444577 1
18-07-2017-18:47:29:905 444577 445192 1
18-07-2017-18:47:29:941 445192 445807 1
18-07-2017-18:47:29:975 445807 446422 1
18-07-2017-18:47:30:009 446422 447037 1
18-07-2017-18:47:30:057 447037 447652 1
18-07-2017-18:47:30:090 447652 448267 1
18-07-2017-18:47:30:126 448267 448882 1
18-07-2017-18:47:30:171 448882 449497 1
18-07-2017-18:47:30:205 449497 450112 1
18-07-2017-18:47:30:241 450112 450727 1
18-07-2017-18:47:30:287 450727 451342 1
18-07-2017-18:47:30:322 451342 451957 1
18-07-2017-18:47:30:357 451957 452572 1
18-07-2017-18:47:30:403 452572 453187 1
18-07-2017-18:47:30:438 453187 453802 1
18-07-2017-18:47:30:474 453802 454417 1
18-07-2017-18:47:30:520 454417 455032 1
18-07-2017-18:47:30:553 455032 455647 1
18-07-2017-18:47:30:589 455647 456262 1
18-07-2017-18:47:30:625 456262 456877 1
18-07-2017-18:47:30:671 456877 457492 1
18-07-2017-18:47:30:707 457492 458107 1
18-07-2017-18:47:30:741 458107 458722 1
18-07-2017-18:47:30:788 458722 459337 1
18-07-2017-18:47:30:822 459337 459952 1
18-07-2017-18:47:30:863 459952 460567 1
18-07-2017-18:47:30:894 460567 461182 1
18-07-2017-18:47:30:941 461182 461797 1
18-07-2017-18:47:30:976 461797 462412 1
18-07-2017-18:47:31:010 462412 463027 1
18-07-2017-18:47:31:056 463027 463642 1
18-07-2017-18:47:31:092 463642 464257 1
18-07-2017-18:47:31:126 464257 464872 1
18-07-2017-18:47:31:161 464872 465487 1
18-07-2017-18:47:31:210 465487 466102 1
18-07-2017-18:47:31:243 466102 466717 1
18-07-2017-18:47:31:280 466717 467332 1
18-07-2017-18:47:31:325 467332 467947 1
18-07-2017-18:47:31:359 467947 468562 1
18-07-2017-18:47:31:395 468562 469177 1
18-07-2017-18:47:31:442 469177 469792 1
18-07-2017-18:47:31:476 469792 470407 1
18-07-2017-18:47:31:512 470407 471022 1
18-07-2017-18:47:31:546 471022 471637 1
18-07-2017-18:47:31:586 471637 472252 1
18-07-2017-18:47:31:625 472252 472867 1
18-07-2017-18:47:31:664 472867 473482 1
18-07-2017-18:47:31:739 473482 474097 1
18-07-2017-18:47:31:749 474097 474712 1
18-07-2017-18:47:31:781 474712 475327 1
18-07-2017-18:47:31:816 475327 475942 1
18-07-2017-18:47:31:862 475942 476557 1
18-07-2017-18:47:31:897 476557 477172 1
18-07-2017-18:47:31:933 477172 477787 1
18-07-2017-18:47:31:979 477787 478402 1
18-07-2017-18:47:32:013 478402 479017 1
18-07-2017-18:47:32:048 479017 479632 1
18-07-2017-18:47:32:095 479632 480247 1
18-07-2017-18:47:32:130 480247 480862 1
18-07-2017-18:47:32:276 480862 481477 1
18-07-2017-18:47:32:277 481477 482092 1
18-07-2017-18:47:32:277 482092 482707 1
18-07-2017-18:47:32:281 482707 483322 1
18-07-2017-18:47:32:317 483322 483937 1
18-07-2017-18:47:32:364 483937 484552 1
18-07-2017-18:47:32:402 484552 485167 1
18-07-2017-18:47:32:431 485167 485782 1
18-07-2017-18:47:32:478 485782 486397 1
18-07-2017-18:47:32:512 486397 487012 1
18-07-2017-18:47:32:548 487012 487627 1
18-07-2017-18:47:32:595 487627 488242 1
18-07-2017-18:47:32:629 488242 488857 1
18-07-2017-18:47:32:663 488857 489472 1
18-07-2017-18:47:32:711 489472 490087 1
18-07-2017-18:47:32:744 490087 490702 1
18-07-2017-18:47:32:779 490702 491317 1
18-07-2017-18:47:32:817 491317 491932 1
18-07-2017-18:47:32:862 491932 492547 1
18-07-2017-18:47:32:897 492547 493162 1
18-07-2017-18:47:32:932 493162 493777 1
18-07-2017-18:47:32:978 493777 494392 1
18-07-2017-18:47:33:014 494392 495007 1
18-07-2017-18:47:33:048 495007 495622 1
18-07-2017-18:47:33:084 495622 496237 1
18-07-2017-18:47:33:131 496237 496852 1
18-07-2017-18:47:33:172 496852 497467 1
18-07-2017-18:47:33:206 497467 498082 1
18-07-2017-18:47:33:240 498082 498697 1
18-07-2017-18:47:33:286 498697 499312 1
18-07-2017-18:47:33:321 499312 499927 1
18-07-2017-18:47:33:356 499927 500542 1
18-07-2017-18:47:33:397 500542 501157 1
18-07-2017-18:47:33:440 501157 501772 1
18-07-2017-18:47:33:476 501772 502387 1
18-07-2017-18:47:33:510 502387 503002 1
18-07-2017-18:47:33:546 503002 503617 1
18-07-2017-18:47:33:592 503617 504232 1
18-07-2017-18:47:33:627 504232 504847 1
18-07-2017-18:47:33:663 504847 505462 1
18-07-2017-18:47:33:710 505462 506077 1
18-07-2017-18:47:33:744 506077 506692 1
18-07-2017-18:47:33:779 506692 507307 1
18-07-2017-18:47:33:825 507307 507922 1
18-07-2017-18:47:33:861 507922 508537 1
18-07-2017-18:47:33:894 508537 509152 1
18-07-2017-18:47:33:930 509152 509767 1
18-07-2017-18:47:33:981 509767 510382 1
18-07-2017-18:47:34:105 510382 510997 1
18-07-2017-18:47:34:107 510997 511612 1
18-07-2017-18:47:34:107 511612 512227 1
18-07-2017-18:47:34:128 512227 512842 1
18-07-2017-18:47:34:163 512842 513457 1
18-07-2017-18:47:34:197 513457 514072 1
18-07-2017-18:47:34:246 514072 514687 1
18-07-2017-18:47:34:280 514687 515302 1
18-07-2017-18:47:34:314 515302 515917 1
18-07-2017-18:47:34:359 515917 516532 1
18-07-2017-18:47:34:395 516532 517147 1
18-07-2017-18:47:34:441 517147 517762 1
18-07-2017-18:47:34:476 517762 518377 1
18-07-2017-18:47:34:509 518377 518992 1
18-07-2017-18:47:34:545 518992 519607 1
18-07-2017-18:47:34:591 519607 520222 1
18-07-2017-18:47:34:627 520222 520837 1
18-07-2017-18:47:34:666 520837 521452 1
18-07-2017-18:47:34:699 521452 522067 1
18-07-2017-18:47:34:748 522067 522682 1
18-07-2017-18:47:34:782 522682 523297 1
18-07-2017-18:47:34:818 523297 523912 1
18-07-2017-18:47:34:852 523912 524527 1
18-07-2017-18:47:34:899 524527 525142 1
18-07-2017-18:47:34:933 525142 525757 1
18-07-2017-18:47:34:967 525757 526372 1
18-07-2017-18:47:35:016 526372 526987 1
18-07-2017-18:47:35:049 526987 527602 1
18-07-2017-18:47:35:084 527602 528217 1
18-07-2017-18:47:35:135 528217 528832 1
18-07-2017-18:47:35:164 528832 529447 1
18-07-2017-18:47:35:198 529447 530062 1
18-07-2017-18:47:35:247 530062 530677 1
18-07-2017-18:47:35:281 530677 531292 1
18-07-2017-18:47:35:316 531292 531907 1
18-07-2017-18:47:35:361 531907 532522 1
18-07-2017-18:47:35:396 532522 533137 1
18-07-2017-18:47:35:432 533137 533752 1
18-07-2017-18:47:35:468 533752 534367 1
18-07-2017-18:47:35:513 534367 534982 1
18-07-2017-18:47:35:548 534982 535597 1
18-07-2017-18:47:35:583 535597 536212 1
18-07-2017-18:47:35:630 536212 536827 1
18-07-2017-18:47:35:664 536827 537442 1
18-07-2017-18:47:35:701 537442 538057 1
18-07-2017-18:47:35:747 538057 538672 1
18-07-2017-18:47:35:783 538672 539287 1
18-07-2017-18:47:35:816 539287 539902 1
18-07-2017-18:47:35:852 539902 540517 1
18-07-2017-18:47:35:957 540517 541132 1
18-07-2017-18:47:35:959 541132 541747 1
18-07-2017-18:47:35:968 541747 542362 1
18-07-2017-18:47:36:015 542362 542977 1
18-07-2017-18:47:36:061 542977 543592 1
18-07-2017-18:47:36:092 543592 544207 1
18-07-2017-18:47:36:128 544207 544822 1
18-07-2017-18:47:36:166 544822 545437 1
18-07-2017-18:47:36:199 545437 546052 1
18-07-2017-18:47:36:235 546052 546667 1
18-07-2017-18:47:36:282 546667 547282 1
18-07-2017-18:47:36:317 547282 547897 1
18-07-2017-18:47:36:351 547897 548512 1
18-07-2017-18:47:36:398 548512 549127 1
18-07-2017-18:47:36:433 549127 549742 1
18-07-2017-18:47:36:469 549742 550357 1
18-07-2017-18:47:36:516 550357 550972 1
18-07-2017-18:47:36:550 550972 551587 1
18-07-2017-18:47:36:585 551587 552202 1
18-07-2017-18:47:36:621 552202 552817 1
18-07-2017-18:47:36:665 552817 553432 1
18-07-2017-18:47:36:702 553432 554047 1
18-07-2017-18:47:36:737 554047 554662 1
18-07-2017-18:47:36:783 554662 555277 1
18-07-2017-18:47:36:821 555277 555892 1
18-07-2017-18:47:36:864 555892 556507 1
18-07-2017-18:47:36:895 556507 557122 1
18-07-2017-18:47:36:930 557122 557737 1
18-07-2017-18:47:36:976 557737 558352 1
18-07-2017-18:47:37:012 558352 558967 1
18-07-2017-18:47:37:047 558967 559582 1
18-07-2017-18:47:37:082 559582 560197 1
18-07-2017-18:47:37:128 560197 560812 1
18-07-2017-18:47:37:164 560812 561427 1
18-07-2017-18:47:37:198 561427 562042 1
18-07-2017-18:47:37:244 562042 562657 1
18-07-2017-18:47:37:279 562657 563272 1
18-07-2017-18:47:37:316 563272 563887 1
18-07-2017-18:47:37:350 563887 564502 1
18-07-2017-18:47:37:397 564502 565117 1
18-07-2017-18:47:37:431 565117 565732 1
18-07-2017-18:47:37:467 565732 566347 1
18-07-2017-18:47:37:513 566347 566962 1
18-07-2017-18:47:37:550 566962 567577 1
18-07-2017-18:47:37:583 567577 568192 1
18-07-2017-18:47:37:623 568192 568807 1
18-07-2017-18:47:37:660 568807 569422 1
18-07-2017-18:47:37:706 569422 570037 1
18-07-2017-18:47:37:741 570037 570652 1
18-07-2017-18:47:37:774 570652 571267 1
18-07-2017-18:47:37:820 571267 571882 1
18-07-2017-18:47:37:856 571882 572497 1
18-07-2017-18:47:37:889 572497 573112 1
18-07-2017-18:47:37:936 573112 573727 1
18-07-2017-18:47:38:082 573727 574342 1
18-07-2017-18:47:38:083 574342 574957 1
18-07-2017-18:47:38:083 574957 575572 1
18-07-2017-18:47:38:088 575572 576187 1
18-07-2017-18:47:38:122 576187 576802 1
18-07-2017-18:47:38:157 576802 577417 1
18-07-2017-18:47:38:204 577417 578032 1
18-07-2017-18:47:38:239 578032 578647 1
18-07-2017-18:47:38:274 578647 579262 1
18-07-2017-18:47:38:320 579262 579877 1
18-07-2017-18:47:38:356 579877 580492 1
18-07-2017-18:47:38:391 580492 581107 1
18-07-2017-18:47:38:437 581107 581722 1
18-07-2017-18:47:38:471 581722 582337 1
18-07-2017-18:47:38:507 582337 582952 1
18-07-2017-18:47:38:543 582952 583567 1
18-07-2017-18:47:38:588 583567 584182 1
18-07-2017-18:47:38:624 584182 584797 1
18-07-2017-18:47:38:659 584797 585412 1
18-07-2017-18:47:38:705 585412 586027 1
18-07-2017-18:47:38:745 586027 586642 1
18-07-2017-18:47:38:775 586642 587257 1
18-07-2017-18:47:38:811 587257 587872 1
18-07-2017-18:47:38:858 587872 588487 1
18-07-2017-18:47:38:892 588487 589102 1
18-07-2017-18:47:38:927 589102 589717 1
18-07-2017-18:47:38:973 589717 590332 1
18-07-2017-18:47:39:009 590332 590947 1
18-07-2017-18:47:39:045 590947 591562 1
18-07-2017-18:47:39:091 591562 592177 1
18-07-2017-18:47:39:125 592177 592792 1
18-07-2017-18:47:39:163 592792 593407 1
18-07-2017-18:47:39:196 593407 594022 1
18-07-2017-18:47:39:243 594022 594637 1
18-07-2017-18:47:39:276 594637 595252 1
18-07-2017-18:47:39:312 595252 595867 1
18-07-2017-18:47:39:357 595867 596482 1
18-07-2017-18:47:39:392 596482 597097 1
18-07-2017-18:47:39:428 597097 597712 1
18-07-2017-18:47:39:474 597712 598327 1
18-07-2017-18:47:39:509 598327 598942 1
18-07-2017-18:47:39:544 598942 599557 1
18-07-2017-18:47:39:591 599557 600172 1
18-07-2017-18:47:39:625 600172 600787 1
18-07-2017-18:47:39:659 600787 601402 1
18-07-2017-18:47:39:695 601402 602017 1
18-07-2017-18:47:39:741 602017 602632 1
18-07-2017-18:47:39:776 602632 603247 1
18-07-2017-18:47:39:810 603247 603862 1
18-07-2017-18:47:39:858 603862 604477 1
18-07-2017-18:47:39:901 604477 605092 1
18-07-2017-18:47:39:933 605092 605707 1
18-07-2017-18:47:39:967 605707 606322 1
18-07-2017-18:47:40:015 606322 606937 1
18-07-2017-18:47:40:048 606937 607552 1
18-07-2017-18:47:40:084 607552 608167 1
18-07-2017-18:47:40:118 608167 608782 1
18-07-2017-18:47:40:165 608782 609397 1
18-07-2017-18:47:40:201 609397 610012 1
18-07-2017-18:47:40:234 610012 610627 1
18-07-2017-18:47:40:281 610627 611242 1
18-07-2017-18:47:40:317 611242 611857 1
18-07-2017-18:47:40:349 611857 612472 1
18-07-2017-18:47:40:398 612472 613087 1
18-07-2017-18:47:40:430 613087 613702 1
18-07-2017-18:47:40:466 613702 614317 1
18-07-2017-18:47:40:511 614317 614932 1
18-07-2017-18:47:40:547 614932 615547 1
18-07-2017-18:47:40:583 615547 616162 1
18-07-2017-18:47:40:629 616162 616777 1
18-07-2017-18:47:40:666 616777 617392 1
18-07-2017-18:47:40:702 617392 618007 1
18-07-2017-18:47:40:737 618007 618622 1
18-07-2017-18:47:40:772 618622 619237 1
18-07-2017-18:47:40:818 619237 619852 1
18-07-2017-18:47:40:853 619852 620467 1
18-07-2017-18:47:40:890 620467 621082 1
18-07-2017-18:47:40:934 621082 621697 1
18-07-2017-18:47:40:970 621697 622312 1
18-07-2017-18:47:41:005 622312 622927 1
18-07-2017-18:47:41:040 622927 623542 1
18-07-2017-18:47:41:086 623542 624157 1
18-07-2017-18:47:41:878 624157 624772 1
18-07-2017-18:47:41:879 624772 625387 1
18-07-2017-18:47:41:879 625387 626002 1
18-07-2017-18:47:41:879 626002 626617 1
18-07-2017-18:47:41:879 626617 627232 1
18-07-2017-18:47:41:879 627232 627847 1
18-07-2017-18:47:41:879 627847 628462 1
18-07-2017-18:47:41:879 628462 629077 1
18-07-2017-18:47:41:879 629077 629692 1
18-07-2017-18:47:41:879 629692 630307 1
18-07-2017-18:47:41:880 630307 630922 1
18-07-2017-18:47:41:880 630922 631537 1
18-07-2017-18:47:41:880 631537 632152 1
18-07-2017-18:47:41:880 632152 632767 1
18-07-2017-18:47:41:880 632767 633382 1
18-07-2017-18:47:41:880 633382 633997 1
18-07-2017-18:47:41:880 633997 634612 1
18-07-2017-18:47:41:880 634612 635227 1
18-07-2017-18:47:41:880 635227 635842 1
18-07-2017-18:47:41:880 635842 636457 1
18-07-2017-18:47:41:895 636457 637072 1
18-07-2017-18:47:41:931 637072 637687 1
18-07-2017-18:47:41:983 637687 638302 1
18-07-2017-18:47:42:021 638302 638917 1
18-07-2017-18:47:42:051 638917 639532 1
18-07-2017-18:47:42:087 639532 640147 1
18-07-2017-18:47:42:122 640147 640762 1
18-07-2017-18:47:42:161 640762 641377 1
18-07-2017-18:47:42:198 641377 641992 1
18-07-2017-18:47:42:231 641992 642607 1
18-07-2017-18:47:42:278 642607 643222 1
18-07-2017-18:47:42:314 643222 643837 1
18-07-2017-18:47:42:349 643837 644452 1
18-07-2017-18:47:42:394 644452 645067 1
18-07-2017-18:47:42:430 645067 645682 1
18-07-2017-18:47:42:466 645682 646297 1
18-07-2017-18:47:42:511 646297 646912 1
18-07-2017-18:47:42:546 646912 647527 1
18-07-2017-18:47:42:582 647527 648142 1
18-07-2017-18:47:42:617 648142 648757 1
18-07-2017-18:47:42:663 648757 649372 1
18-07-2017-18:47:42:700 649372 649987 1
18-07-2017-18:47:42:734 649987 650602 1
18-07-2017-18:47:42:779 650602 651217 1
18-07-2017-18:47:42:815 651217 651832 1
18-07-2017-18:47:42:850 651832 652447 1
18-07-2017-18:47:42:884 652447 653062 1
18-07-2017-18:47:42:931 653062 653677 1
18-07-2017-18:47:42:967 653677 654292 1
18-07-2017-18:47:43:001 654292 654907 1
18-07-2017-18:47:43:047 654907 655522 1
18-07-2017-18:47:43:082 655522 656137 1
18-07-2017-18:47:43:131 656137 656752 1
18-07-2017-18:47:43:165 656752 657367 1
18-07-2017-18:47:43:200 657367 657982 1
18-07-2017-18:47:43:235 657982 658597 1
18-07-2017-18:47:43:270 658597 659212 1
18-07-2017-18:47:43:325 659212 659827 1
18-07-2017-18:47:43:351 659827 660442 1
18-07-2017-18:47:43:387 660442 661057 1
18-07-2017-18:47:43:433 661057 661672 1
18-07-2017-18:47:43:468 661672 662287 1
18-07-2017-18:47:43:502 662287 662902 1
18-07-2017-18:47:43:542 662902 663517 1
18-07-2017-18:47:43:585 663517 664132 1
18-07-2017-18:47:43:619 664132 664747 1
18-07-2017-18:47:43:655 664747 665362 1
18-07-2017-18:47:43:702 665362 665977 1
18-07-2017-18:47:43:735 665977 666592 1
18-07-2017-18:47:43:782 666592 667207 1
18-07-2017-18:47:43:815 667207 667822 1
18-07-2017-18:47:43:848 667822 668437 1
18-07-2017-18:47:43:897 668437 669052 1
18-07-2017-18:47:43:931 669052 669667 1
18-07-2017-18:47:43:965 669667 670282 1
18-07-2017-18:47:43:999 670282 670897 1
18-07-2017-18:47:44:048 670897 671512 1
18-07-2017-18:47:44:082 671512 672127 1
18-07-2017-18:47:44:118 672127 672742 1
18-07-2017-18:47:44:164 672742 673357 1
18-07-2017-18:47:44:197 673357 673972 1
18-07-2017-18:47:44:232 673972 674587 1
18-07-2017-18:47:44:280 674587 675202 1
18-07-2017-18:47:44:314 675202 675817 1
18-07-2017-18:47:44:349 675817 676432 1
18-07-2017-18:47:44:388 676432 677047 1
18-07-2017-18:47:44:431 677047 677662 1
18-07-2017-18:47:44:467 677662 678277 1
18-07-2017-18:47:44:501 678277 678892 1
18-07-2017-18:47:44:560 678892 679507 1
18-07-2017-18:47:44:582 679507 680122 1
18-07-2017-18:47:44:617 680122 680737 1
18-07-2017-18:47:44:653 680737 681352 1
18-07-2017-18:47:44:703 681352 681967 1
18-07-2017-18:47:44:731 681967 682582 1
18-07-2017-18:47:44:788 682582 683197 1
18-07-2017-18:47:44:814 683197 683812 1
18-07-2017-18:47:44:848 683812 684427 1
18-07-2017-18:47:44:895 684427 685042 1
18-07-2017-18:47:44:931 685042 685657 1
18-07-2017-18:47:44:965 685657 686272 1
18-07-2017-18:47:44:999 686272 686887 1
18-07-2017-18:47:45:047 686887 687502 1
18-07-2017-18:47:45:081 687502 688117 1
18-07-2017-18:47:45:405 688117 688732 1
18-07-2017-18:47:45:406 688732 689347 1
18-07-2017-18:47:45:406 689347 689962 1
18-07-2017-18:47:45:406 689962 690577 1
18-07-2017-18:47:45:406 690577 691192 1
18-07-2017-18:47:45:406 691192 691807 1
18-07-2017-18:47:45:407 691807 692422 1
18-07-2017-18:47:45:407 692422 693037 1
18-07-2017-18:47:45:432 693037 693652 1
18-07-2017-18:47:45:467 693652 694267 1
18-07-2017-18:47:45:512 694267 694882 1
18-07-2017-18:47:45:537 694882 695497 1
18-07-2017-18:47:45:583 695497 696112 1
18-07-2017-18:47:45:618 696112 696727 1
18-07-2017-18:47:45:653 696727 697342 1
18-07-2017-18:47:45:701 697342 697957 1
18-07-2017-18:47:45:735 697957 698572 1
18-07-2017-18:47:45:777 698572 699187 1
18-07-2017-18:47:45:813 699187 699802 1
18-07-2017-18:47:45:849 699802 700417 1
18-07-2017-18:47:45:884 700417 701032 1
18-07-2017-18:47:45:931 701032 701647 1
18-07-2017-18:47:45:965 701647 702262 1
18-07-2017-18:47:46:000 702262 702877 1
18-07-2017-18:47:46:048 702877 703492 1
18-07-2017-18:47:46:083 703492 704107 1
18-07-2017-18:47:46:118 704107 704722 1
18-07-2017-18:47:46:152 704722 705337 1
18-07-2017-18:47:46:198 705337 705952 1
18-07-2017-18:47:46:234 705952 706567 1
18-07-2017-18:47:46:321 706567 707182 1
18-07-2017-18:47:46:322 707182 707797 1
18-07-2017-18:47:46:349 707797 708412 1
18-07-2017-18:47:46:385 708412 709027 1
18-07-2017-18:47:46:432 709027 709642 1
18-07-2017-18:47:46:466 709642 710257 1
18-07-2017-18:47:46:502 710257 710872 1
18-07-2017-18:47:46:538 710872 711487 1
18-07-2017-18:47:46:583 711487 712102 1
18-07-2017-18:47:46:618 712102 712717 1
18-07-2017-18:47:46:659 712717 713332 1
18-07-2017-18:47:46:693 713332 713947 1
18-07-2017-18:47:46:729 713947 714562 1
18-07-2017-18:47:46:775 714562 715177 1
18-07-2017-18:47:46:810 715177 715792 1
18-07-2017-18:47:46:845 715792 716407 1
18-07-2017-18:47:46:892 716407 717022 1
18-07-2017-18:47:46:930 717022 717637 1
18-07-2017-18:47:46:963 717637 718252 1
18-07-2017-18:47:46:996 718252 718867 1
18-07-2017-18:47:47:044 718867 719482 1
18-07-2017-18:47:47:088 719482 720097 1
18-07-2017-18:47:47:122 720097 720712 1
18-07-2017-18:47:47:158 720712 721327 1
18-07-2017-18:47:47:192 721327 721942 1
18-07-2017-18:47:47:240 721942 722557 1
18-07-2017-18:47:47:273 722557 723172 1
18-07-2017-18:47:47:309 723172 723787 1
18-07-2017-18:47:47:344 723787 724402 1
18-07-2017-18:47:47:390 724402 725017 1
18-07-2017-18:47:47:426 725017 725632 1
18-07-2017-18:47:47:460 725632 726247 1
18-07-2017-18:47:47:508 726247 726862 1
18-07-2017-18:47:47:544 726862 727477 1
18-07-2017-18:47:47:578 727477 728092 1
18-07-2017-18:47:47:612 728092 728707 1
18-07-2017-18:47:47:659 728707 729322 1
18-07-2017-18:47:47:693 729322 729937 1
18-07-2017-18:47:47:728 729937 730552 1
18-07-2017-18:47:47:775 730552 731167 1
18-07-2017-18:47:47:812 731167 731782 1
18-07-2017-18:47:47:844 731782 732397 1
18-07-2017-18:47:47:887 732397 733012 1
18-07-2017-18:47:47:930 733012 733627 1
18-07-2017-18:47:47:964 733627 734242 1
18-07-2017-18:47:47:997 734242 734857 1
18-07-2017-18:47:48:045 734857 735472 1
18-07-2017-18:47:48:081 735472 736087 1
18-07-2017-18:47:48:244 736087 736702 1
18-07-2017-18:47:48:245 736702 737317 1
18-07-2017-18:47:48:246 737317 737932 1
18-07-2017-18:47:48:246 737932 738547 1
18-07-2017-18:47:48:276 738547 739162 1
18-07-2017-18:47:48:310 739162 739777 1
18-07-2017-18:47:48:353 739777 740392 1
18-07-2017-18:47:48:388 740392 741007 1
18-07-2017-18:47:48:425 741007 741622 1
18-07-2017-18:47:48:459 741622 742237 1
18-07-2017-18:47:48:506 742237 742852 1
18-07-2017-18:47:48:541 742852 743467 1
18-07-2017-18:47:48:575 743467 744082 1
18-07-2017-18:47:48:623 744082 744697 1
18-07-2017-18:47:48:658 744697 745312 1
18-07-2017-18:47:48:691 745312 745927 1
18-07-2017-18:47:48:726 745927 746542 1
18-07-2017-18:47:48:773 746542 747157 1
18-07-2017-18:47:48:809 747157 747772 1
18-07-2017-18:47:48:843 747772 748387 1
18-07-2017-18:47:48:892 748387 749002 1
18-07-2017-18:47:48:925 749002 749617 1
18-07-2017-18:47:48:964 749617 750232 1
18-07-2017-18:47:49:001 750232 750847 1
18-07-2017-18:47:49:035 750847 751462 1
18-07-2017-18:47:49:082 751462 752077 1
18-07-2017-18:47:49:116 752077 752692 1
18-07-2017-18:47:49:152 752692 753307 1
18-07-2017-18:47:49:198 753307 753922 1
18-07-2017-18:47:49:234 753922 754537 1
18-07-2017-18:47:49:268 754537 755152 1
18-07-2017-18:47:49:314 755152 755767 1
18-07-2017-18:47:49:349 755767 756382 1
18-07-2017-18:47:49:385 756382 756997 1
18-07-2017-18:47:49:420 756997 757612 1
18-07-2017-18:47:49:510 757612 758227 1
18-07-2017-18:47:49:512 758227 758842 1
18-07-2017-18:47:49:546 758842 759457 1
18-07-2017-18:47:49:580 759457 760072 1
18-07-2017-18:47:49:614 760072 760687 1
18-07-2017-18:47:49:655 760687 761302 1
18-07-2017-18:47:49:690 761302 761917 1
18-07-2017-18:47:49:736 761917 762532 1
18-07-2017-18:47:49:770 762532 763147 1
18-07-2017-18:47:49:805 763147 763762 1
18-07-2017-18:47:49:853 763762 764377 1
18-07-2017-18:47:49:893 764377 764992 1
18-07-2017-18:47:49:919 764992 765607 1
18-07-2017-18:47:49:964 765607 766222 1
18-07-2017-18:47:50:000 766222 766837 1
18-07-2017-18:47:50:036 766837 767452 1
18-07-2017-18:47:50:145 767452 768067 1
18-07-2017-18:47:50:146 768067 768682 1
18-07-2017-18:47:50:151 768682 769297 1
18-07-2017-18:47:50:197 769297 769912 1
18-07-2017-18:47:50:233 769912 770527 1
18-07-2017-18:47:50:269 770527 771142 1
18-07-2017-18:47:50:303 771142 771757 1
18-07-2017-18:47:50:349 771757 772372 1
18-07-2017-18:47:50:386 772372 772987 1
