18-07-2017-18:38:34:473 0 800 1
18-07-2017-18:38:34:524 800 1547 1
18-07-2017-18:38:34:565 1547 2294 1
18-07-2017-18:38:34:615 2294 3041 1
18-07-2017-18:38:34:663 3041 3788 1
18-07-2017-18:38:34:709 3788 4535 1
18-07-2017-18:38:34:759 4535 5282 1
18-07-2017-18:38:34:811 5282 6029 1
18-07-2017-18:38:34:852 6029 6776 1
18-07-2017-18:38:34:898 6776 7523 1
18-07-2017-18:38:34:946 7523 8270 1
18-07-2017-18:38:34:992 8270 9017 1
18-07-2017-18:38:35:043 9017 9764 1
18-07-2017-18:38:35:085 9764 10511 1
18-07-2017-18:38:35:133 10511 11258 1
18-07-2017-18:38:35:179 11258 12005 1
18-07-2017-18:38:35:226 12005 12752 1
18-07-2017-18:38:35:275 12752 13499 1
18-07-2017-18:38:35:319 13499 14246 1
18-07-2017-18:38:35:366 14246 14993 1
18-07-2017-18:38:35:412 14993 15740 1
18-07-2017-18:38:35:459 15740 16487 1
18-07-2017-18:38:35:505 16487 17234 1
18-07-2017-18:38:35:554 17234 17981 1
18-07-2017-18:38:35:600 17981 18728 1
18-07-2017-18:38:35:647 18728 19475 1
18-07-2017-18:38:35:693 19475 20222 1
18-07-2017-18:38:35:732 20222 20969 1
18-07-2017-18:38:35:778 20969 21716 1
18-07-2017-18:38:35:824 21716 22463 1
18-07-2017-18:38:35:872 22463 23210 1
18-07-2017-18:38:35:923 23210 23957 1
18-07-2017-18:38:35:965 23957 24704 1
18-07-2017-18:38:36:012 24704 25451 1
18-07-2017-18:38:36:058 25451 26198 1
18-07-2017-18:38:36:104 26198 26945 1
18-07-2017-18:38:36:156 26945 27692 1
18-07-2017-18:38:36:202 27692 28439 1
18-07-2017-18:38:36:249 28439 29186 1
18-07-2017-18:38:36:295 29186 29933 1
18-07-2017-18:38:36:341 29933 30680 1
18-07-2017-18:38:36:388 30680 31427 1
18-07-2017-18:38:36:434 31427 32174 1
18-07-2017-18:38:36:484 32174 32921 1
18-07-2017-18:38:36:536 32921 33600 1
18-07-2017-18:38:36:572 33600 34279 1
18-07-2017-18:38:36:607 34279 34958 1
18-07-2017-18:38:36:654 34958 35637 1
18-07-2017-18:38:36:702 35637 36316 1
18-07-2017-18:38:36:735 36316 36995 1
18-07-2017-18:38:36:782 36995 37674 1
18-07-2017-18:38:36:829 37674 38353 1
18-07-2017-18:38:36:864 38353 39032 1
18-07-2017-18:38:36:911 39032 39711 1
18-07-2017-18:38:36:948 39711 40390 1
18-07-2017-18:38:36:992 40390 41069 1
18-07-2017-18:38:37:040 41069 41748 1
18-07-2017-18:38:37:076 41748 42427 1
18-07-2017-18:38:37:120 42427 43106 1
18-07-2017-18:38:37:167 43106 43785 1
18-07-2017-18:38:37:204 43785 44464 1
18-07-2017-18:38:37:249 44464 45143 1
18-07-2017-18:38:37:297 45143 45822 1
18-07-2017-18:38:37:330 45822 46501 1
18-07-2017-18:38:37:371 46501 47180 1
18-07-2017-18:38:37:419 47180 47859 1
18-07-2017-18:38:37:455 47859 48538 1
18-07-2017-18:38:37:501 48538 49217 1
18-07-2017-18:38:37:550 49217 49896 1
18-07-2017-18:38:37:647 49896 50575 1
18-07-2017-18:38:37:649 50575 51254 1
18-07-2017-18:38:37:681 51254 51933 1
18-07-2017-18:38:37:720 51933 52612 1
18-07-2017-18:38:37:758 52612 53291 1
18-07-2017-18:38:37:805 53291 53970 1
18-07-2017-18:38:37:844 53970 54649 1
18-07-2017-18:38:37:880 54649 55328 1
18-07-2017-18:38:37:927 55328 56007 1
18-07-2017-18:38:37:975 56007 56686 1
18-07-2017-18:38:38:007 56686 57365 1
18-07-2017-18:38:38:055 57365 58044 1
18-07-2017-18:38:38:100 58044 58723 1
18-07-2017-18:38:38:137 58723 59402 1
18-07-2017-18:38:38:181 59402 60081 1
18-07-2017-18:38:38:229 60081 60760 1
18-07-2017-18:38:38:265 60760 61439 1
18-07-2017-18:38:38:311 61439 62118 1
18-07-2017-18:38:38:348 62118 62797 1
18-07-2017-18:38:38:391 62797 63476 1
18-07-2017-18:38:38:439 63476 64155 1
18-07-2017-18:38:38:474 64155 64834 1
18-07-2017-18:38:38:524 64834 65513 1
18-07-2017-18:38:38:559 65513 66192 1
18-07-2017-18:38:38:606 66192 66871 1
18-07-2017-18:38:38:654 66871 67550 1
18-07-2017-18:38:38:688 67550 68229 1
18-07-2017-18:38:38:734 68229 68908 1
18-07-2017-18:38:38:770 68908 69587 1
18-07-2017-18:38:38:815 69587 70266 1
18-07-2017-18:38:38:862 70266 70945 1
18-07-2017-18:38:38:902 70945 71624 1
18-07-2017-18:38:38:939 71624 72303 1
18-07-2017-18:38:38:986 72303 72982 1
18-07-2017-18:38:39:034 72982 73661 1
18-07-2017-18:38:39:069 73661 74340 1
18-07-2017-18:38:39:115 74340 75019 1
18-07-2017-18:38:39:162 75019 75698 1
18-07-2017-18:38:39:196 75698 76377 1
18-07-2017-18:38:39:243 76377 77056 1
18-07-2017-18:38:39:290 77056 77735 1
18-07-2017-18:38:39:326 77735 78414 1
18-07-2017-18:38:39:371 78414 79093 1
18-07-2017-18:38:39:408 79093 79772 1
18-07-2017-18:38:39:453 79772 80451 1
18-07-2017-18:38:39:499 80451 81130 1
18-07-2017-18:38:39:534 81130 81809 1
18-07-2017-18:38:39:583 81809 82488 1
18-07-2017-18:38:39:627 82488 83167 1
18-07-2017-18:38:39:663 83167 83846 1
18-07-2017-18:38:39:709 83846 84525 1
18-07-2017-18:38:39:760 84525 85204 1
18-07-2017-18:38:39:793 85204 85883 1
18-07-2017-18:38:39:838 85883 86562 1
18-07-2017-18:38:39:884 86562 87241 1
18-07-2017-18:38:39:918 87241 87920 1
18-07-2017-18:38:39:965 87920 88599 1
18-07-2017-18:38:40:012 88599 89278 1
18-07-2017-18:38:40:056 89278 89957 1
18-07-2017-18:38:40:092 89957 90636 1
18-07-2017-18:38:40:137 90636 91315 1
18-07-2017-18:38:40:173 91315 91994 1
18-07-2017-18:38:40:220 91994 92673 1
18-07-2017-18:38:40:266 92673 93352 1
18-07-2017-18:38:40:300 93352 94031 1
18-07-2017-18:38:40:348 94031 94710 1
18-07-2017-18:38:40:393 94710 95389 1
18-07-2017-18:38:40:435 95389 96068 1
18-07-2017-18:38:40:524 96068 96747 1
18-07-2017-18:38:40:525 96747 97426 1
18-07-2017-18:38:40:564 97426 98105 1
18-07-2017-18:38:40:599 98105 98784 1
18-07-2017-18:38:40:644 98784 99463 1
18-07-2017-18:38:40:680 99463 100142 1
18-07-2017-18:38:40:725 100142 100821 1
18-07-2017-18:38:40:772 100821 101500 1
18-07-2017-18:38:40:807 101500 102179 1
18-07-2017-18:38:40:850 102179 102858 1
18-07-2017-18:38:40:901 102858 103537 1
18-07-2017-18:38:40:937 103537 104216 1
18-07-2017-18:38:40:983 104216 104895 1
18-07-2017-18:38:41:030 104895 105574 1
18-07-2017-18:38:41:065 105574 106253 1
18-07-2017-18:38:41:111 106253 106932 1
18-07-2017-18:38:41:147 106932 107611 1
18-07-2017-18:38:41:192 107611 108290 1
18-07-2017-18:38:41:239 108290 108969 1
18-07-2017-18:38:41:274 108969 109648 1
18-07-2017-18:38:41:321 109648 110327 1
18-07-2017-18:38:41:367 110327 111006 1
18-07-2017-18:38:41:403 111006 111685 1
18-07-2017-18:38:41:449 111685 112364 1
18-07-2017-18:38:41:496 112364 113043 1
18-07-2017-18:38:41:532 113043 113722 1
18-07-2017-18:38:41:578 113722 114401 1
18-07-2017-18:38:41:612 114401 115080 1
18-07-2017-18:38:41:660 115080 115759 1
18-07-2017-18:38:41:705 115759 116438 1
18-07-2017-18:38:41:740 116438 117117 1
18-07-2017-18:38:41:788 117117 117796 1
18-07-2017-18:38:41:835 117796 118475 1
18-07-2017-18:38:41:869 118475 119154 1
18-07-2017-18:38:41:916 119154 119833 1
18-07-2017-18:38:41:956 119833 120512 1
18-07-2017-18:38:42:007 120512 121191 1
18-07-2017-18:38:42:042 121191 121870 1
18-07-2017-18:38:42:089 121870 122549 1
18-07-2017-18:38:42:125 122549 123228 1
18-07-2017-18:38:42:169 123228 123907 1
18-07-2017-18:38:42:216 123907 124586 1
18-07-2017-18:38:42:252 124586 125265 1
18-07-2017-18:38:42:299 125265 125944 1
18-07-2017-18:38:42:345 125944 126623 1
18-07-2017-18:38:42:380 126623 127302 1
18-07-2017-18:38:42:426 127302 127981 1
18-07-2017-18:38:42:473 127981 128660 1
18-07-2017-18:38:42:508 128660 129339 1
18-07-2017-18:38:42:554 129339 130018 1
18-07-2017-18:38:42:589 130018 130697 1
18-07-2017-18:38:42:636 130697 131376 1
18-07-2017-18:38:42:676 131376 132055 1
18-07-2017-18:38:42:726 132055 132734 1
18-07-2017-18:38:42:761 132734 133413 1
18-07-2017-18:38:42:808 133413 134092 1
18-07-2017-18:38:42:855 134092 134771 1
18-07-2017-18:38:42:890 134771 135450 1
18-07-2017-18:38:42:936 135450 136129 1
18-07-2017-18:38:42:972 136129 136808 1
18-07-2017-18:38:43:019 136808 137487 1
18-07-2017-18:38:43:067 137487 138166 1
18-07-2017-18:38:43:101 138166 138845 1
18-07-2017-18:38:43:146 138845 139524 1
18-07-2017-18:38:43:195 139524 140203 1
18-07-2017-18:38:43:230 140203 140882 1
18-07-2017-18:38:43:276 140882 141561 1
18-07-2017-18:38:43:310 141561 142240 1
18-07-2017-18:38:43:357 142240 142919 1
18-07-2017-18:38:43:404 142919 143598 1
18-07-2017-18:38:43:438 143598 144277 1
18-07-2017-18:38:43:485 144277 144956 1
18-07-2017-18:38:43:571 144956 145635 1
18-07-2017-18:38:43:573 145635 146314 1
18-07-2017-18:38:43:610 146314 146993 1
18-07-2017-18:38:43:656 146993 147672 1
18-07-2017-18:38:43:702 147672 148351 1
18-07-2017-18:38:43:737 148351 149030 1
18-07-2017-18:38:43:784 149030 149709 1
18-07-2017-18:38:43:831 149709 150388 1
18-07-2017-18:38:43:864 150388 151067 1
18-07-2017-18:38:43:911 151067 151746 1
18-07-2017-18:38:43:947 151746 152425 1
18-07-2017-18:38:43:994 152425 153104 1
18-07-2017-18:38:44:040 153104 153783 1
18-07-2017-18:38:44:075 153783 154462 1
18-07-2017-18:38:44:121 154462 155141 1
18-07-2017-18:38:44:166 155141 155820 1
18-07-2017-18:38:44:214 155820 156499 1
18-07-2017-18:38:44:248 156499 157178 1
18-07-2017-18:38:44:485 157178 157857 1
18-07-2017-18:38:44:486 157857 158536 1
18-07-2017-18:38:44:486 158536 159215 1
18-07-2017-18:38:44:486 159215 159894 1
18-07-2017-18:38:44:486 159894 160573 1
18-07-2017-18:38:44:510 160573 161252 1
18-07-2017-18:38:44:546 161252 161931 1
18-07-2017-18:38:44:590 161931 162610 1
18-07-2017-18:38:44:637 162610 163289 1
18-07-2017-18:38:44:672 163289 163968 1
18-07-2017-18:38:44:718 163968 164647 1
18-07-2017-18:38:44:754 164647 165326 1
18-07-2017-18:38:44:800 165326 166005 1
18-07-2017-18:38:44:847 166005 166684 1
18-07-2017-18:38:44:883 166684 167363 1
18-07-2017-18:38:44:929 167363 168042 1
18-07-2017-18:38:44:975 168042 168721 1
18-07-2017-18:38:45:010 168721 169400 1
18-07-2017-18:38:45:056 169400 170079 1
18-07-2017-18:38:45:104 170079 170758 1
18-07-2017-18:38:45:141 170758 171437 1
18-07-2017-18:38:45:185 171437 172116 1
18-07-2017-18:38:45:221 172116 172795 1
18-07-2017-18:38:45:584 172795 173474 1
18-07-2017-18:38:45:585 173474 174153 1
18-07-2017-18:38:45:585 174153 174832 1
18-07-2017-18:38:45:585 174832 175511 1
18-07-2017-18:38:45:586 175511 176190 1
18-07-2017-18:38:45:586 176190 176869 1
18-07-2017-18:38:45:586 176869 177548 1
18-07-2017-18:38:45:586 177548 178227 1
18-07-2017-18:38:45:604 178227 178906 1
18-07-2017-18:38:45:653 178906 179585 1
18-07-2017-18:38:45:688 179585 180264 1
18-07-2017-18:38:45:733 180264 180943 1
18-07-2017-18:38:45:780 180943 181622 1
18-07-2017-18:38:45:815 181622 182301 1
18-07-2017-18:38:45:862 182301 182980 1
18-07-2017-18:38:45:908 182980 183659 1
18-07-2017-18:38:45:943 183659 184338 1
18-07-2017-18:38:45:995 184338 185017 1
18-07-2017-18:38:46:032 185017 185696 1
18-07-2017-18:38:46:082 185696 186375 1
18-07-2017-18:38:46:121 186375 187054 1
18-07-2017-18:38:46:157 187054 187733 1
18-07-2017-18:38:46:343 187733 188412 1
18-07-2017-18:38:46:345 188412 189091 1
18-07-2017-18:38:46:345 189091 189770 1
18-07-2017-18:38:46:345 189770 190449 1
18-07-2017-18:38:46:367 190449 191128 1
18-07-2017-18:38:46:413 191128 191807 1
18-07-2017-18:38:46:461 191807 192486 1
18-07-2017-18:38:46:494 192486 193165 1
18-07-2017-18:38:46:541 193165 193844 1
18-07-2017-18:38:46:588 193844 194523 1
18-07-2017-18:38:46:624 194523 195202 1
18-07-2017-18:38:46:670 195202 195881 1
18-07-2017-18:38:46:715 195881 196560 1
18-07-2017-18:38:46:752 196560 197239 1
18-07-2017-18:38:46:799 197239 197918 1
18-07-2017-18:38:46:832 197918 198597 1
18-07-2017-18:38:46:879 198597 199276 1
18-07-2017-18:38:46:925 199276 199955 1
18-07-2017-18:38:46:963 199955 200634 1
18-07-2017-18:38:47:008 200634 201313 1
18-07-2017-18:38:47:054 201313 201992 1
18-07-2017-18:38:47:089 201992 202671 1
18-07-2017-18:38:47:135 202671 203350 1
18-07-2017-18:38:47:183 203350 204029 1
18-07-2017-18:38:47:219 204029 204708 1
18-07-2017-18:38:47:264 204708 205387 1
18-07-2017-18:38:47:298 205387 206066 1
18-07-2017-18:38:47:346 206066 206745 1
18-07-2017-18:38:47:394 206745 207424 1
18-07-2017-18:38:47:427 207424 208103 1
18-07-2017-18:38:47:475 208103 208782 1
18-07-2017-18:38:47:522 208782 209461 1
18-07-2017-18:38:47:557 209461 210140 1
18-07-2017-18:38:47:603 210140 210819 1
