18-07-2017-18:06:58:306 0 800 1
18-07-2017-18:06:58:359 800 1600 1
18-07-2017-18:06:58:407 1600 2400 1
18-07-2017-18:06:58:456 2400 3200 1
18-07-2017-18:06:58:503 3200 4000 1
18-07-2017-18:06:58:554 4000 4787 1
18-07-2017-18:06:58:606 4787 5534 1
18-07-2017-18:06:58:654 5534 6281 1
18-07-2017-18:06:58:702 6281 7028 1
18-07-2017-18:06:58:748 7028 7775 1
18-07-2017-18:06:58:796 7775 8522 1
18-07-2017-18:06:58:842 8522 9269 1
18-07-2017-18:06:58:887 9269 10016 1
18-07-2017-18:06:58:935 10016 10763 1
18-07-2017-18:06:58:982 10763 11510 1
18-07-2017-18:06:59:032 11510 12257 1
18-07-2017-18:06:59:077 12257 13004 1
18-07-2017-18:06:59:124 13004 13751 1
18-07-2017-18:06:59:173 13751 14498 1
18-07-2017-18:06:59:216 14498 15245 1
18-07-2017-18:06:59:261 15245 15992 1
18-07-2017-18:06:59:308 15992 16739 1
18-07-2017-18:06:59:355 16739 17486 1
18-07-2017-18:06:59:402 17486 18233 1
18-07-2017-18:06:59:452 18233 18980 1
18-07-2017-18:06:59:498 18980 19727 1
18-07-2017-18:06:59:542 19727 20474 1
18-07-2017-18:06:59:589 20474 21221 1
18-07-2017-18:06:59:636 21221 21968 1
18-07-2017-18:06:59:681 21968 22715 1
18-07-2017-18:06:59:728 22715 23462 1
18-07-2017-18:06:59:776 23462 24209 1
18-07-2017-18:06:59:825 24209 24956 1
18-07-2017-18:06:59:869 24956 25703 1
18-07-2017-18:06:59:915 25703 26450 1
18-07-2017-18:06:59:961 26450 27197 1
18-07-2017-18:07:00:009 27197 27944 1
18-07-2017-18:07:00:055 27944 28691 1
18-07-2017-18:07:00:101 28691 29438 1
18-07-2017-18:07:00:148 29438 30185 1
18-07-2017-18:07:00:201 30185 30932 1
18-07-2017-18:07:00:240 30932 31679 1
18-07-2017-18:07:00:288 31679 32426 1
18-07-2017-18:07:00:324 32426 33173 1
18-07-2017-18:07:00:372 33173 33920 1
18-07-2017-18:07:00:418 33920 34667 1
18-07-2017-18:07:00:464 34667 35414 1
18-07-2017-18:07:00:516 35414 36160 1
18-07-2017-18:07:00:558 36160 36906 1
18-07-2017-18:07:00:604 36906 37652 1
18-07-2017-18:07:00:651 37652 38398 1
18-07-2017-18:07:00:698 38398 39144 1
18-07-2017-18:07:00:743 39144 39890 1
18-07-2017-18:07:00:791 39890 40636 1
18-07-2017-18:07:00:841 40636 41382 1
18-07-2017-18:07:00:886 41382 42128 1
18-07-2017-18:07:00:933 42128 42874 1
18-07-2017-18:07:00:980 42874 43620 1
18-07-2017-18:07:01:032 43620 44294 1
18-07-2017-18:07:01:064 44294 44968 1
18-07-2017-18:07:01:109 44968 45642 1
18-07-2017-18:07:01:156 45642 46316 1
18-07-2017-18:07:01:192 46316 46990 1
18-07-2017-18:07:01:239 46990 47664 1
18-07-2017-18:07:01:272 47664 48338 1
18-07-2017-18:07:01:319 48338 49012 1
18-07-2017-18:07:01:366 49012 49686 1
18-07-2017-18:07:01:401 49686 50360 1
18-07-2017-18:07:01:686 50360 51034 1
18-07-2017-18:07:01:687 51034 51708 1
18-07-2017-18:07:01:687 51708 52382 1
18-07-2017-18:07:01:687 52382 53056 1
18-07-2017-18:07:01:687 53056 53730 1
18-07-2017-18:07:01:687 53730 54404 1
18-07-2017-18:07:01:705 54404 55078 1
18-07-2017-18:07:01:739 55078 55752 1
18-07-2017-18:07:01:781 55752 56426 1
18-07-2017-18:07:01:827 56426 57100 1
18-07-2017-18:07:01:863 57100 57774 1
18-07-2017-18:07:01:911 57774 58448 1
18-07-2017-18:07:01:957 58448 59122 1
18-07-2017-18:07:01:992 59122 59796 1
18-07-2017-18:07:02:039 59796 60470 1
18-07-2017-18:07:02:072 60470 61144 1
18-07-2017-18:07:02:119 61144 61818 1
18-07-2017-18:07:02:166 61818 62492 1
18-07-2017-18:07:02:202 62492 63166 1
18-07-2017-18:07:02:248 63166 63840 1
18-07-2017-18:07:02:283 63840 64514 1
18-07-2017-18:07:02:329 64514 65188 1
18-07-2017-18:07:02:377 65188 65862 1
18-07-2017-18:07:02:410 65862 66536 1
18-07-2017-18:07:02:458 66536 67210 1
18-07-2017-18:07:02:504 67210 67884 1
18-07-2017-18:07:02:539 67884 68558 1
18-07-2017-18:07:02:587 68558 69232 1
18-07-2017-18:07:02:621 69232 69906 1
18-07-2017-18:07:02:668 69906 70580 1
18-07-2017-18:07:02:714 70580 71254 1
18-07-2017-18:07:02:832 71254 71928 1
18-07-2017-18:07:02:833 71928 72602 1
18-07-2017-18:07:02:837 72602 73276 1
18-07-2017-18:07:02:883 73276 73950 1
18-07-2017-18:07:02:917 73950 74624 1
18-07-2017-18:07:02:964 74624 75298 1
18-07-2017-18:07:02:999 75298 75972 1
18-07-2017-18:07:03:045 75972 76646 1
18-07-2017-18:07:03:092 76646 77320 1
18-07-2017-18:07:03:128 77320 77994 1
18-07-2017-18:07:03:174 77994 78668 1
18-07-2017-18:07:03:221 78668 79342 1
18-07-2017-18:07:03:256 79342 80016 1
18-07-2017-18:07:03:303 80016 80690 1
18-07-2017-18:07:03:336 80690 81364 1
18-07-2017-18:07:03:384 81364 82038 1
18-07-2017-18:07:03:431 82038 82712 1
18-07-2017-18:07:03:466 82712 83386 1
18-07-2017-18:07:03:512 83386 84060 1
18-07-2017-18:07:03:547 84060 84734 1
18-07-2017-18:07:03:595 84734 85408 1
18-07-2017-18:07:03:640 85408 86082 1
18-07-2017-18:07:03:675 86082 86756 1
18-07-2017-18:07:03:723 86756 87430 1
18-07-2017-18:07:03:759 87430 88104 1
18-07-2017-18:07:03:804 88104 88778 1
18-07-2017-18:07:03:843 88778 89452 1
18-07-2017-18:07:03:896 89452 90126 1
18-07-2017-18:07:03:931 90126 90800 1
18-07-2017-18:07:03:975 90800 91474 1
18-07-2017-18:07:04:012 91474 92148 1
18-07-2017-18:07:04:058 92148 92822 1
18-07-2017-18:07:04:105 92822 93496 1
18-07-2017-18:07:04:138 93496 94170 1
18-07-2017-18:07:04:186 94170 94844 1
18-07-2017-18:07:04:224 94844 95518 1
18-07-2017-18:07:04:268 95518 96192 1
18-07-2017-18:07:04:316 96192 96866 1
18-07-2017-18:07:04:350 96866 97540 1
18-07-2017-18:07:04:396 97540 98214 1
18-07-2017-18:07:04:431 98214 98888 1
18-07-2017-18:07:04:477 98888 99562 1
18-07-2017-18:07:04:523 99562 100236 1
18-07-2017-18:07:04:559 100236 100910 1
18-07-2017-18:07:04:606 100910 101584 1
18-07-2017-18:07:04:652 101584 102258 1
18-07-2017-18:07:04:685 102258 102932 1
18-07-2017-18:07:04:727 102932 103606 1
18-07-2017-18:07:04:774 103606 104280 1
18-07-2017-18:07:04:820 104280 104954 1
18-07-2017-18:07:04:859 104954 105628 1
