18-07-2017-18:16:23:879 0 699 1
18-07-2017-18:16:23:918 699 1398 1
18-07-2017-18:16:23:959 1398 2097 1
18-07-2017-18:16:24:005 2097 2796 1
18-07-2017-18:16:24:054 2796 3495 1
18-07-2017-18:16:24:089 3495 4194 1
18-07-2017-18:16:24:134 4194 4893 1
18-07-2017-18:16:24:185 4893 5592 1
18-07-2017-18:16:24:227 5592 6291 1
18-07-2017-18:16:24:273 6291 6990 1
18-07-2017-18:16:24:307 6990 7689 1
18-07-2017-18:16:24:354 7689 8388 1
18-07-2017-18:16:24:399 8388 9087 1
18-07-2017-18:16:24:447 9087 9786 1
18-07-2017-18:16:24:482 9786 10485 1
18-07-2017-18:16:24:528 10485 11184 1
18-07-2017-18:16:24:570 11184 11883 1
18-07-2017-18:16:24:615 11883 12582 1
18-07-2017-18:16:24:663 12582 13281 1
18-07-2017-18:16:24:697 13281 13980 1
18-07-2017-18:16:24:745 13980 14679 1
18-07-2017-18:16:24:791 14679 15378 1
18-07-2017-18:16:24:839 15378 16077 1
18-07-2017-18:16:24:874 16077 16776 1
18-07-2017-18:16:24:929 16776 17475 1
18-07-2017-18:16:24:959 17475 18174 1
18-07-2017-18:16:25:007 18174 18873 1
18-07-2017-18:16:25:052 18873 19572 1
18-07-2017-18:16:25:105 19572 20271 1
18-07-2017-18:16:25:139 20271 20970 1
18-07-2017-18:16:25:186 20970 21669 1
18-07-2017-18:16:25:233 21669 22368 1
18-07-2017-18:16:25:267 22368 23067 1
18-07-2017-18:16:25:315 23067 23766 1
18-07-2017-18:16:25:362 23766 24465 1
18-07-2017-18:16:25:397 24465 25164 1
18-07-2017-18:16:25:449 25164 25808 1
18-07-2017-18:16:25:482 25808 26452 1
18-07-2017-18:16:25:522 26452 27096 1
18-07-2017-18:16:25:566 27096 27740 1
18-07-2017-18:16:25:610 27740 28384 1
18-07-2017-18:16:25:646 28384 29028 1
18-07-2017-18:16:25:681 29028 29672 1
18-07-2017-18:16:25:729 29672 30316 1
18-07-2017-18:16:25:763 30316 30960 1
18-07-2017-18:16:25:807 30960 31604 1
18-07-2017-18:16:25:848 31604 32248 1
18-07-2017-18:16:25:889 32248 32892 1
18-07-2017-18:16:25:927 32892 33536 1
18-07-2017-18:16:25:967 33536 34180 1
18-07-2017-18:16:26:003 34180 34824 1
18-07-2017-18:16:26:050 34824 35468 1
18-07-2017-18:16:26:084 35468 36112 1
18-07-2017-18:16:26:132 36112 36756 1
18-07-2017-18:16:26:166 36756 37400 1
18-07-2017-18:16:26:212 37400 38044 1
18-07-2017-18:16:26:258 38044 38688 1
18-07-2017-18:16:26:293 38688 39332 1
18-07-2017-18:16:26:333 39332 39976 1
18-07-2017-18:16:26:375 39976 40620 1
18-07-2017-18:16:26:413 40620 41264 1
18-07-2017-18:16:26:454 41264 41908 1
18-07-2017-18:16:26:499 41908 42552 1
18-07-2017-18:16:26:526 42552 43196 1
18-07-2017-18:16:26:573 43196 43840 1
18-07-2017-18:16:26:607 43840 44484 1
18-07-2017-18:16:26:659 44484 45128 1
18-07-2017-18:16:26:696 45128 45772 1
18-07-2017-18:16:26:747 45772 46416 1
18-07-2017-18:16:26:772 46416 47060 1
18-07-2017-18:16:26:806 47060 47704 1
18-07-2017-18:16:26:852 47704 48348 1
18-07-2017-18:16:26:888 48348 48992 1
18-07-2017-18:16:26:934 48992 49636 1
18-07-2017-18:16:27:526 49636 50280 1
18-07-2017-18:16:27:528 50280 50924 1
18-07-2017-18:16:27:529 50924 51568 1
18-07-2017-18:16:27:529 51568 52212 1
18-07-2017-18:16:27:529 52212 52856 1
18-07-2017-18:16:27:529 52856 53500 1
18-07-2017-18:16:27:529 53500 54144 1
18-07-2017-18:16:27:529 54144 54788 1
18-07-2017-18:16:27:529 54788 55432 1
18-07-2017-18:16:27:529 55432 56076 1
18-07-2017-18:16:27:529 56076 56720 1
18-07-2017-18:16:27:529 56720 57364 1
18-07-2017-18:16:27:529 57364 58008 1
18-07-2017-18:16:27:529 58008 58652 1
18-07-2017-18:16:27:536 58652 59296 1
18-07-2017-18:16:27:580 59296 59940 1
18-07-2017-18:16:27:614 59940 60584 1
18-07-2017-18:16:27:665 60584 61228 1
18-07-2017-18:16:27:696 61228 61872 1
18-07-2017-18:16:27:733 61872 62516 1
18-07-2017-18:16:27:779 62516 63160 1
18-07-2017-18:16:27:813 63160 63804 1
18-07-2017-18:16:27:866 63804 64448 1
18-07-2017-18:16:27:895 64448 65092 1
18-07-2017-18:16:27:942 65092 65736 1
18-07-2017-18:16:27:978 65736 66380 1
18-07-2017-18:16:28:024 66380 67024 1
18-07-2017-18:16:28:058 67024 67668 1
18-07-2017-18:16:28:094 67668 68312 1
18-07-2017-18:16:28:140 68312 68956 1
18-07-2017-18:16:28:176 68956 69600 1
18-07-2017-18:16:28:222 69600 70244 1
18-07-2017-18:16:28:257 70244 70888 1
18-07-2017-18:16:28:303 70888 71532 1
18-07-2017-18:16:28:339 71532 72176 1
18-07-2017-18:16:28:387 72176 72820 1
18-07-2017-18:16:28:420 72820 73464 1
18-07-2017-18:16:28:470 73464 74108 1
18-07-2017-18:16:28:503 74108 74752 1
18-07-2017-18:16:28:536 74752 75396 1
18-07-2017-18:16:28:583 75396 76040 1
18-07-2017-18:16:28:630 76040 76684 1
18-07-2017-18:16:28:665 76684 77328 1
18-07-2017-18:16:28:701 77328 77972 1
18-07-2017-18:16:28:749 77972 78616 1
18-07-2017-18:16:28:783 78616 79260 1
18-07-2017-18:16:28:830 79260 79904 1
18-07-2017-18:16:28:865 79904 80548 1
18-07-2017-18:16:28:899 80548 81192 1
18-07-2017-18:16:28:944 81192 81836 1
18-07-2017-18:16:28:981 81836 82480 1
18-07-2017-18:16:29:027 82480 83124 1
18-07-2017-18:16:29:063 83124 83768 1
18-07-2017-18:16:29:113 83768 84412 1
18-07-2017-18:16:29:156 84412 85056 1
18-07-2017-18:16:29:192 85056 85700 1
18-07-2017-18:16:29:227 85700 86344 1
18-07-2017-18:16:29:261 86344 86988 1
18-07-2017-18:16:29:308 86988 87632 1
18-07-2017-18:16:29:344 87632 88276 1
18-07-2017-18:16:29:390 88276 88920 1
18-07-2017-18:16:29:425 88920 89564 1
18-07-2017-18:16:29:471 89564 90208 1
18-07-2017-18:16:29:507 90208 90852 1
18-07-2017-18:16:29:554 90852 91496 1
18-07-2017-18:16:29:589 91496 92140 1
18-07-2017-18:16:29:628 92140 92784 1
18-07-2017-18:16:29:671 92784 93428 1
18-07-2017-18:16:29:706 93428 94072 1
18-07-2017-18:16:29:751 94072 94716 1
18-07-2017-18:16:29:793 94716 95360 1
18-07-2017-18:16:29:837 95360 96004 1
18-07-2017-18:16:29:870 96004 96648 1
18-07-2017-18:16:29:931 96648 97292 1
18-07-2017-18:16:29:950 97292 97936 1
18-07-2017-18:16:29:986 97936 98580 1
18-07-2017-18:16:30:035 98580 99224 1
18-07-2017-18:16:30:077 99224 99868 1
18-07-2017-18:16:30:453 99868 100512 1
18-07-2017-18:16:30:455 100512 101156 1
18-07-2017-18:16:30:455 101156 101800 1
18-07-2017-18:16:30:455 101800 102444 1
18-07-2017-18:16:30:456 102444 103088 1
18-07-2017-18:16:30:456 103088 103732 1
18-07-2017-18:16:30:456 103732 104376 1
18-07-2017-18:16:30:457 104376 105020 1
18-07-2017-18:16:30:458 105020 105664 1
18-07-2017-18:16:30:480 105664 106308 1
18-07-2017-18:16:30:520 106308 106952 1
18-07-2017-18:16:30:554 106952 107596 1
18-07-2017-18:16:30:590 107596 108240 1
18-07-2017-18:16:30:637 108240 108884 1
18-07-2017-18:16:30:670 108884 109528 1
18-07-2017-18:16:30:718 109528 110172 1
18-07-2017-18:16:30:755 110172 110816 1
18-07-2017-18:16:30:801 110816 111460 1
18-07-2017-18:16:30:835 111460 112104 1
18-07-2017-18:16:30:883 112104 112748 1
18-07-2017-18:16:30:920 112748 113392 1
18-07-2017-18:16:30:952 113392 114036 1
18-07-2017-18:16:31:005 114036 114680 1
18-07-2017-18:16:31:038 114680 115324 1
18-07-2017-18:16:31:074 115324 115968 1
18-07-2017-18:16:31:120 115968 116612 1
18-07-2017-18:16:31:154 116612 117256 1
18-07-2017-18:16:31:195 117256 117900 1
18-07-2017-18:16:31:241 117900 118544 1
18-07-2017-18:16:31:289 118544 119188 1
18-07-2017-18:16:31:326 119188 119832 1
18-07-2017-18:16:31:565 119832 120476 1
18-07-2017-18:16:31:575 120476 121120 1
18-07-2017-18:16:31:575 121120 121764 1
18-07-2017-18:16:31:582 121764 122408 1
18-07-2017-18:16:31:582 122408 123052 1
18-07-2017-18:16:31:582 123052 123696 1
18-07-2017-18:16:31:597 123696 124340 1
18-07-2017-18:16:31:664 124340 124984 1
18-07-2017-18:16:31:678 124984 125628 1
18-07-2017-18:16:31:725 125628 126272 1
18-07-2017-18:16:31:760 126272 126916 1
18-07-2017-18:16:31:807 126916 127560 1
18-07-2017-18:16:31:844 127560 128204 1
18-07-2017-18:16:31:879 128204 128848 1
18-07-2017-18:16:31:926 128848 129492 1
18-07-2017-18:16:31:962 129492 130136 1
18-07-2017-18:16:32:008 130136 130780 1
18-07-2017-18:16:32:056 130780 131424 1
18-07-2017-18:16:32:080 131424 132068 1
18-07-2017-18:16:32:126 132068 132712 1
18-07-2017-18:16:32:164 132712 133356 1
18-07-2017-18:16:32:211 133356 134000 1
18-07-2017-18:16:32:245 134000 134644 1
18-07-2017-18:16:32:297 134644 135288 1
18-07-2017-18:16:32:327 135288 135932 1
18-07-2017-18:16:32:362 135932 136576 1
18-07-2017-18:16:32:410 136576 137220 1
18-07-2017-18:16:32:445 137220 137864 1
18-07-2017-18:16:32:491 137864 138508 1
18-07-2017-18:16:32:527 138508 139152 1
18-07-2017-18:16:32:562 139152 139796 1
18-07-2017-18:16:32:612 139796 140440 1
18-07-2017-18:16:32:647 140440 141084 1
18-07-2017-18:16:32:683 141084 141728 1
18-07-2017-18:16:32:729 141728 142372 1
18-07-2017-18:16:32:776 142372 143016 1
18-07-2017-18:16:32:817 143016 143660 1
18-07-2017-18:16:32:845 143660 144304 1
18-07-2017-18:16:32:893 144304 144948 1
18-07-2017-18:16:32:929 144948 145592 1
18-07-2017-18:16:32:968 145592 146236 1
18-07-2017-18:16:33:038 146236 146880 1
18-07-2017-18:16:33:049 146880 147524 1
18-07-2017-18:16:33:097 147524 148168 1
18-07-2017-18:16:33:130 148168 148812 1
18-07-2017-18:16:33:164 148812 149456 1
18-07-2017-18:16:33:212 149456 150100 1
18-07-2017-18:16:33:272 150100 150744 1
18-07-2017-18:16:33:291 150744 151388 1
18-07-2017-18:16:33:325 151388 152032 1
18-07-2017-18:16:33:376 152032 152676 1
18-07-2017-18:16:33:410 152676 153320 1
18-07-2017-18:16:33:457 153320 153964 1
18-07-2017-18:16:33:489 153964 154608 1
18-07-2017-18:16:33:539 154608 155252 1
18-07-2017-18:16:33:571 155252 155896 1
18-07-2017-18:16:33:619 155896 156540 1
18-07-2017-18:16:33:653 156540 157184 1
18-07-2017-18:16:33:701 157184 157828 1
18-07-2017-18:16:33:736 157828 158472 1
18-07-2017-18:16:33:770 158472 159116 1
18-07-2017-18:16:33:816 159116 159760 1
18-07-2017-18:16:33:852 159760 160404 1
18-07-2017-18:16:33:898 160404 161048 1
18-07-2017-18:16:33:934 161048 161692 1
18-07-2017-18:16:33:980 161692 162336 1
18-07-2017-18:16:34:014 162336 162980 1
18-07-2017-18:16:34:062 162980 163624 1
18-07-2017-18:16:34:097 163624 164268 1
18-07-2017-18:16:34:131 164268 164912 1
18-07-2017-18:16:34:178 164912 165556 1
18-07-2017-18:16:34:214 165556 166200 1
18-07-2017-18:16:34:261 166200 166844 1
18-07-2017-18:16:34:296 166844 167488 1
18-07-2017-18:16:34:341 167488 168132 1
18-07-2017-18:16:34:377 168132 168776 1
18-07-2017-18:16:34:423 168776 169420 1
18-07-2017-18:16:34:459 169420 170064 1
18-07-2017-18:16:34:918 170064 170708 1
18-07-2017-18:16:34:919 170708 171352 1
18-07-2017-18:16:34:919 171352 171996 1
18-07-2017-18:16:34:919 171996 172640 1
18-07-2017-18:16:34:920 172640 173284 1
18-07-2017-18:16:34:920 173284 173928 1
18-07-2017-18:16:34:920 173928 174572 1
18-07-2017-18:16:34:921 174572 175216 1
18-07-2017-18:16:34:921 175216 175860 1
18-07-2017-18:16:34:921 175860 176504 1
18-07-2017-18:16:34:921 176504 177148 1
18-07-2017-18:16:34:943 177148 177792 1
18-07-2017-18:16:34:985 177792 178436 1
18-07-2017-18:16:35:034 178436 179080 1
18-07-2017-18:16:35:063 179080 179724 1
18-07-2017-18:16:35:167 179724 180368 1
18-07-2017-18:16:35:167 180368 181012 1
18-07-2017-18:16:35:183 181012 181656 1
18-07-2017-18:16:35:228 181656 182300 1
18-07-2017-18:16:35:264 182300 182944 1
18-07-2017-18:16:35:299 182944 183588 1
18-07-2017-18:16:35:345 183588 184232 1
18-07-2017-18:16:35:379 184232 184876 1
18-07-2017-18:16:35:429 184876 185520 1
18-07-2017-18:16:35:467 185520 186164 1
18-07-2017-18:16:35:504 186164 186808 1
18-07-2017-18:16:35:548 186808 187452 1
18-07-2017-18:16:35:581 187452 188096 1
18-07-2017-18:16:35:630 188096 188740 1
18-07-2017-18:16:35:665 188740 189384 1
18-07-2017-18:16:35:711 189384 190028 1
18-07-2017-18:16:35:747 190028 190672 1
18-07-2017-18:16:35:792 190672 191316 1
18-07-2017-18:16:35:826 191316 191960 1
18-07-2017-18:16:35:862 191960 192604 1
18-07-2017-18:16:35:912 192604 193248 1
18-07-2017-18:16:35:944 193248 193892 1
18-07-2017-18:16:35:993 193892 194536 1
18-07-2017-18:16:36:024 194536 195180 1
18-07-2017-18:16:36:071 195180 195824 1
18-07-2017-18:16:36:107 195824 196468 1
18-07-2017-18:16:36:169 196468 197112 1
18-07-2017-18:16:36:195 197112 197756 1
18-07-2017-18:16:36:236 197756 198400 1
18-07-2017-18:16:36:270 198400 199044 1
18-07-2017-18:16:36:304 199044 199688 1
18-07-2017-18:16:36:351 199688 200332 1
18-07-2017-18:16:36:386 200332 200976 1
18-07-2017-18:16:36:433 200976 201620 1
18-07-2017-18:16:36:468 201620 202264 1
18-07-2017-18:16:36:515 202264 202908 1
18-07-2017-18:16:36:550 202908 203552 1
18-07-2017-18:16:36:593 203552 204196 1
18-07-2017-18:16:36:633 204196 204840 1
18-07-2017-18:16:36:671 204840 205484 1
18-07-2017-18:16:36:714 205484 206128 1
18-07-2017-18:16:36:749 206128 206772 1
18-07-2017-18:16:36:795 206772 207416 1
18-07-2017-18:16:36:831 207416 208060 1
18-07-2017-18:16:36:878 208060 208704 1
18-07-2017-18:16:36:924 208704 209348 1
18-07-2017-18:16:36:958 209348 209992 1
18-07-2017-18:16:36:994 209992 210636 1
18-07-2017-18:16:37:041 210636 211280 1
18-07-2017-18:16:37:076 211280 211924 1
18-07-2017-18:16:37:111 211924 212568 1
18-07-2017-18:16:37:156 212568 213212 1
18-07-2017-18:16:37:196 213212 213856 1
18-07-2017-18:16:37:239 213856 214500 1
18-07-2017-18:16:37:273 214500 215144 1
18-07-2017-18:16:37:319 215144 215788 1
18-07-2017-18:16:37:355 215788 216432 1
18-07-2017-18:16:37:437 216432 217076 1
18-07-2017-18:16:37:437 217076 217720 1
18-07-2017-18:16:37:474 217720 218364 1
18-07-2017-18:16:37:521 218364 219008 1
18-07-2017-18:16:37:554 219008 219652 1
18-07-2017-18:16:37:600 219652 220296 1
18-07-2017-18:16:38:291 220296 220940 1
18-07-2017-18:16:38:293 220940 221584 1
18-07-2017-18:16:38:293 221584 222228 1
18-07-2017-18:16:38:293 222228 222872 1
18-07-2017-18:16:38:293 222872 223516 1
18-07-2017-18:16:38:293 223516 224160 1
18-07-2017-18:16:38:293 224160 224804 1
18-07-2017-18:16:38:293 224804 225448 1
18-07-2017-18:16:38:293 225448 226092 1
18-07-2017-18:16:38:293 226092 226736 1
18-07-2017-18:16:38:293 226736 227380 1
18-07-2017-18:16:38:293 227380 228024 1
18-07-2017-18:16:38:293 228024 228668 1
18-07-2017-18:16:38:294 228668 229312 1
18-07-2017-18:16:38:294 229312 229956 1
18-07-2017-18:16:38:301 229956 230600 1
18-07-2017-18:16:38:301 230600 231244 1
18-07-2017-18:16:38:325 231244 231888 1
18-07-2017-18:16:38:370 231888 232532 1
18-07-2017-18:16:38:467 232532 233176 1
18-07-2017-18:16:38:467 233176 233820 1
18-07-2017-18:16:38:484 233820 234464 1
18-07-2017-18:16:38:524 234464 235108 1
18-07-2017-18:16:38:559 235108 235752 1
18-07-2017-18:16:38:615 235752 236396 1
18-07-2017-18:16:38:640 236396 237040 1
18-07-2017-18:16:38:687 237040 237684 1
18-07-2017-18:16:38:723 237684 238328 1
18-07-2017-18:16:38:769 238328 238972 1
18-07-2017-18:16:38:804 238972 239616 1
18-07-2017-18:16:38:845 239616 240260 1
18-07-2017-18:16:38:896 240260 240904 1
18-07-2017-18:16:38:926 240904 241548 1
18-07-2017-18:16:38:962 241548 242192 1
18-07-2017-18:16:39:008 242192 242836 1
18-07-2017-18:16:39:043 242836 243480 1
18-07-2017-18:16:39:090 243480 244124 1
18-07-2017-18:16:39:123 244124 244768 1
18-07-2017-18:16:39:172 244768 245412 1
18-07-2017-18:16:39:510 245412 246056 1
18-07-2017-18:16:39:513 246056 246700 1
18-07-2017-18:16:39:513 246700 247344 1
18-07-2017-18:16:39:513 247344 247988 1
18-07-2017-18:16:39:513 247988 248632 1
18-07-2017-18:16:39:513 248632 249276 1
18-07-2017-18:16:39:514 249276 249920 1
18-07-2017-18:16:39:514 249920 250564 1
18-07-2017-18:16:39:533 250564 251208 1
18-07-2017-18:16:39:568 251208 251852 1
18-07-2017-18:16:39:616 251852 252496 1
18-07-2017-18:16:39:651 252496 253140 1
18-07-2017-18:16:39:696 253140 253784 1
18-07-2017-18:16:39:730 253784 254428 1
18-07-2017-18:16:39:769 254428 255072 1
18-07-2017-18:16:39:818 255072 255716 1
18-07-2017-18:16:39:849 255716 256360 1
18-07-2017-18:16:39:893 256360 257004 1
18-07-2017-18:16:39:934 257004 257648 1
18-07-2017-18:16:39:976 257648 258292 1
18-07-2017-18:16:40:012 258292 258936 1
18-07-2017-18:16:40:058 258936 259580 1
18-07-2017-18:16:40:096 259580 260224 1
18-07-2017-18:16:40:140 260224 260868 1
18-07-2017-18:16:40:174 260868 261512 1
18-07-2017-18:16:40:210 261512 262156 1
18-07-2017-18:16:40:255 262156 262800 1
18-07-2017-18:16:40:290 262800 263444 1
18-07-2017-18:16:40:338 263444 264088 1
18-07-2017-18:16:40:373 264088 264732 1
18-07-2017-18:16:40:419 264732 265376 1
18-07-2017-18:16:40:455 265376 266020 1
18-07-2017-18:16:40:500 266020 266664 1
18-07-2017-18:16:40:535 266664 267308 1
18-07-2017-18:16:40:571 267308 267952 1
18-07-2017-18:16:40:618 267952 268596 1
18-07-2017-18:16:40:651 268596 269240 1
18-07-2017-18:16:40:699 269240 269884 1
18-07-2017-18:16:40:734 269884 270528 1
18-07-2017-18:16:40:774 270528 271172 1
18-07-2017-18:16:40:824 271172 271816 1
18-07-2017-18:16:40:859 271816 272460 1
18-07-2017-18:16:40:893 272460 273104 1
18-07-2017-18:16:40:940 273104 273748 1
18-07-2017-18:16:40:976 273748 274392 1
18-07-2017-18:16:41:023 274392 275036 1
18-07-2017-18:16:41:057 275036 275680 1
18-07-2017-18:16:41:104 275680 276324 1
18-07-2017-18:16:41:137 276324 276968 1
18-07-2017-18:16:41:185 276968 277612 1
18-07-2017-18:16:41:221 277612 278256 1
18-07-2017-18:16:41:254 278256 278900 1
18-07-2017-18:16:41:301 278900 279544 1
18-07-2017-18:16:41:337 279544 280188 1
18-07-2017-18:16:41:384 280188 280832 1
18-07-2017-18:16:41:422 280832 281476 1
18-07-2017-18:16:41:456 281476 282120 1
18-07-2017-18:16:41:507 282120 282764 1
18-07-2017-18:16:41:546 282764 283408 1
18-07-2017-18:16:41:582 283408 284052 1
18-07-2017-18:16:41:628 284052 284696 1
18-07-2017-18:16:41:664 284696 285340 1
18-07-2017-18:16:41:699 285340 285984 1
18-07-2017-18:16:41:744 285984 286628 1
18-07-2017-18:16:41:780 286628 287272 1
18-07-2017-18:16:41:826 287272 287916 1
18-07-2017-18:16:41:861 287916 288560 1
18-07-2017-18:16:41:908 288560 289204 1
18-07-2017-18:16:41:944 289204 289848 1
18-07-2017-18:16:41:989 289848 290492 1
18-07-2017-18:16:42:029 290492 291136 1
18-07-2017-18:16:42:068 291136 291780 1
18-07-2017-18:16:42:102 291780 292424 1
18-07-2017-18:16:42:149 292424 293068 1
18-07-2017-18:16:42:184 293068 293712 1
18-07-2017-18:16:42:230 293712 294356 1
18-07-2017-18:16:42:267 294356 295000 1
18-07-2017-18:16:42:314 295000 295644 1
18-07-2017-18:16:42:698 295644 296288 1
18-07-2017-18:16:42:699 296288 296932 1
18-07-2017-18:16:42:699 296932 297576 1
18-07-2017-18:16:42:699 297576 298220 1
18-07-2017-18:16:42:699 298220 298864 1
18-07-2017-18:16:42:699 298864 299508 1
18-07-2017-18:16:42:699 299508 300152 1
18-07-2017-18:16:42:699 300152 300796 1
18-07-2017-18:16:42:699 300796 301440 1
18-07-2017-18:16:42:708 301440 302084 1
18-07-2017-18:16:42:762 302084 302728 1
18-07-2017-18:16:42:788 302728 303372 1
18-07-2017-18:16:42:833 303372 304016 1
18-07-2017-18:16:42:868 304016 304660 1
18-07-2017-18:16:42:916 304660 305304 1
18-07-2017-18:16:42:950 305304 305948 1
18-07-2017-18:16:42:998 305948 306592 1
18-07-2017-18:16:43:032 306592 307236 1
18-07-2017-18:16:43:068 307236 307880 1
18-07-2017-18:16:43:113 307880 308524 1
18-07-2017-18:16:43:149 308524 309168 1
18-07-2017-18:16:43:194 309168 309812 1
18-07-2017-18:16:43:233 309812 310456 1
18-07-2017-18:16:43:279 310456 311100 1
18-07-2017-18:16:43:311 311100 311744 1
18-07-2017-18:16:43:358 311744 312388 1
18-07-2017-18:16:43:394 312388 313032 1
18-07-2017-18:16:43:431 313032 313676 1
18-07-2017-18:16:43:474 313676 314320 1
18-07-2017-18:16:43:509 314320 314964 1
18-07-2017-18:16:43:557 314964 315608 1
18-07-2017-18:16:43:592 315608 316252 1
18-07-2017-18:16:43:638 316252 316896 1
18-07-2017-18:16:43:673 316896 317540 1
18-07-2017-18:16:43:721 317540 318184 1
18-07-2017-18:16:43:755 318184 318828 1
18-07-2017-18:16:43:797 318828 319472 1
18-07-2017-18:16:43:833 319472 320116 1
18-07-2017-18:16:43:880 320116 320760 1
18-07-2017-18:16:43:915 320760 321404 1
18-07-2017-18:16:43:961 321404 322048 1
18-07-2017-18:16:43:996 322048 322692 1
18-07-2017-18:16:44:042 322692 323336 1
18-07-2017-18:16:44:185 323336 323980 1
18-07-2017-18:16:44:186 323980 324624 1
18-07-2017-18:16:44:188 324624 325268 1
18-07-2017-18:16:44:193 325268 325912 1
18-07-2017-18:16:44:241 325912 326556 1
18-07-2017-18:16:44:275 326556 327200 1
18-07-2017-18:16:44:325 327200 327844 1
18-07-2017-18:16:44:371 327844 328488 1
18-07-2017-18:16:44:399 328488 329132 1
18-07-2017-18:16:44:445 329132 329776 1
18-07-2017-18:16:44:480 329776 330420 1
18-07-2017-18:16:44:515 330420 331064 1
18-07-2017-18:16:44:561 331064 331708 1
18-07-2017-18:16:44:597 331708 332352 1
18-07-2017-18:16:44:642 332352 332996 1
18-07-2017-18:16:44:677 332996 333640 1
18-07-2017-18:16:44:725 333640 334284 1
18-07-2017-18:16:44:764 334284 334928 1
18-07-2017-18:16:44:807 334928 335572 1
18-07-2017-18:16:44:841 335572 336216 1
18-07-2017-18:16:44:888 336216 336860 1
18-07-2017-18:16:44:922 336860 337504 1
18-07-2017-18:16:44:969 337504 338148 1
18-07-2017-18:16:45:005 338148 338792 1
18-07-2017-18:16:45:040 338792 339436 1
18-07-2017-18:16:45:085 339436 340080 1
18-07-2017-18:16:45:120 340080 340724 1
18-07-2017-18:16:45:168 340724 341368 1
18-07-2017-18:16:45:202 341368 342012 1
18-07-2017-18:16:45:249 342012 342656 1
18-07-2017-18:16:45:284 342656 343300 1
18-07-2017-18:16:45:330 343300 343944 1
18-07-2017-18:16:45:366 343944 344588 1
18-07-2017-18:16:45:400 344588 345232 1
18-07-2017-18:16:45:447 345232 345876 1
18-07-2017-18:16:45:483 345876 346520 1
18-07-2017-18:16:45:523 346520 347164 1
18-07-2017-18:16:45:570 347164 347808 1
18-07-2017-18:16:45:604 347808 348452 1
18-07-2017-18:16:45:650 348452 349096 1
18-07-2017-18:16:45:686 349096 349740 1
18-07-2017-18:16:45:733 349740 350384 1
18-07-2017-18:16:45:768 350384 351028 1
18-07-2017-18:16:45:815 351028 351672 1
18-07-2017-18:16:45:849 351672 352316 1
18-07-2017-18:16:45:899 352316 352960 1
18-07-2017-18:16:45:934 352960 353604 1
18-07-2017-18:16:45:970 353604 354248 1
18-07-2017-18:16:46:015 354248 354892 1
18-07-2017-18:16:46:049 354892 355536 1
18-07-2017-18:16:46:086 355536 356180 1
18-07-2017-18:16:46:132 356180 356824 1
18-07-2017-18:16:46:167 356824 357468 1
18-07-2017-18:16:46:213 357468 358112 1
18-07-2017-18:16:46:268 358112 358756 1
18-07-2017-18:16:46:296 358756 359400 1
18-07-2017-18:16:46:699 359400 360044 1
18-07-2017-18:16:46:700 360044 360688 1
18-07-2017-18:16:46:701 360688 361332 1
18-07-2017-18:16:46:702 361332 361976 1
18-07-2017-18:16:46:702 361976 362620 1
18-07-2017-18:16:46:702 362620 363264 1
18-07-2017-18:16:46:702 363264 363908 1
18-07-2017-18:16:46:702 363908 364552 1
18-07-2017-18:16:46:702 364552 365196 1
18-07-2017-18:16:46:702 365196 365840 1
18-07-2017-18:16:46:739 365840 366484 1
18-07-2017-18:16:46:773 366484 367128 1
18-07-2017-18:16:46:824 367128 367772 1
18-07-2017-18:16:46:855 367772 368416 1
18-07-2017-18:16:46:890 368416 369060 1
18-07-2017-18:16:46:937 369060 369704 1
18-07-2017-18:16:46:972 369704 370348 1
18-07-2017-18:16:47:019 370348 370992 1
18-07-2017-18:16:47:052 370992 371636 1
18-07-2017-18:16:47:099 371636 372280 1
18-07-2017-18:16:47:144 372280 372924 1
18-07-2017-18:16:47:178 372924 373568 1
18-07-2017-18:16:47:220 373568 374212 1
18-07-2017-18:16:47:261 374212 374856 1
18-07-2017-18:16:47:296 374856 375500 1
18-07-2017-18:16:47:340 375500 376144 1
18-07-2017-18:16:47:377 376144 376788 1
18-07-2017-18:16:47:421 376788 377432 1
18-07-2017-18:16:47:456 377432 378076 1
18-07-2017-18:16:47:505 378076 378720 1
18-07-2017-18:16:47:539 378720 379364 1
18-07-2017-18:16:47:573 379364 380008 1
18-07-2017-18:16:47:621 380008 380652 1
18-07-2017-18:16:47:657 380652 381296 1
18-07-2017-18:16:47:702 381296 381940 1
18-07-2017-18:16:47:738 381940 382584 1
18-07-2017-18:16:47:780 382584 383228 1
18-07-2017-18:16:47:824 383228 383872 1
18-07-2017-18:16:47:855 383872 384516 1
18-07-2017-18:16:47:903 384516 385160 1
18-07-2017-18:16:47:938 385160 385804 1
18-07-2017-18:16:47:984 385804 386448 1
18-07-2017-18:16:48:020 386448 387092 1
18-07-2017-18:16:48:066 387092 387736 1
18-07-2017-18:16:48:101 387736 388380 1
18-07-2017-18:16:48:147 388380 389024 1
18-07-2017-18:16:48:182 389024 389668 1
18-07-2017-18:16:48:229 389668 390312 1
18-07-2017-18:16:48:265 390312 390956 1
18-07-2017-18:16:48:303 390956 391600 1
18-07-2017-18:16:48:348 391600 392244 1
18-07-2017-18:16:48:381 392244 392888 1
18-07-2017-18:16:48:427 392888 393532 1
18-07-2017-18:16:48:462 393532 394176 1
18-07-2017-18:16:48:511 394176 394820 1
18-07-2017-18:16:48:542 394820 395464 1
18-07-2017-18:16:48:592 395464 396108 1
18-07-2017-18:16:48:626 396108 396752 1
18-07-2017-18:16:48:664 396752 397396 1
18-07-2017-18:16:48:708 397396 398040 1
18-07-2017-18:16:48:744 398040 398684 1
18-07-2017-18:16:48:790 398684 399328 1
18-07-2017-18:16:48:826 399328 399972 1
18-07-2017-18:16:48:876 399972 400616 1
18-07-2017-18:16:48:911 400616 401260 1
18-07-2017-18:16:48:946 401260 401904 1
18-07-2017-18:16:48:992 401904 402548 1
18-07-2017-18:16:49:030 402548 403192 1
18-07-2017-18:16:49:075 403192 403836 1
18-07-2017-18:16:49:108 403836 404480 1
18-07-2017-18:16:49:143 404480 405124 1
18-07-2017-18:16:49:193 405124 405768 1
18-07-2017-18:16:49:226 405768 406412 1
18-07-2017-18:16:49:272 406412 407056 1
18-07-2017-18:16:49:306 407056 407700 1
18-07-2017-18:16:49:354 407700 408344 1
18-07-2017-18:16:49:388 408344 408988 1
18-07-2017-18:16:49:434 408988 409632 1
18-07-2017-18:16:49:979 409632 410276 1
18-07-2017-18:16:49:981 410276 410920 1
18-07-2017-18:16:49:981 410920 411564 1
18-07-2017-18:16:49:981 411564 412208 1
18-07-2017-18:16:49:981 412208 412852 1
18-07-2017-18:16:49:981 412852 413496 1
18-07-2017-18:16:49:981 413496 414140 1
18-07-2017-18:16:49:981 414140 414784 1
18-07-2017-18:16:49:981 414784 415428 1
18-07-2017-18:16:49:981 415428 416072 1
18-07-2017-18:16:49:981 416072 416716 1
18-07-2017-18:16:49:981 416716 417360 1
18-07-2017-18:16:49:981 417360 418004 1
18-07-2017-18:16:49:992 418004 418648 1
18-07-2017-18:16:50:040 418648 419292 1
18-07-2017-18:16:50:075 419292 419936 1
18-07-2017-18:16:50:121 419936 420580 1
18-07-2017-18:16:50:155 420580 421224 1
18-07-2017-18:16:50:191 421224 421868 1
18-07-2017-18:16:50:236 421868 422512 1
18-07-2017-18:16:50:272 422512 423156 1
18-07-2017-18:16:50:318 423156 423800 1
18-07-2017-18:16:50:353 423800 424444 1
18-07-2017-18:16:50:394 424444 425088 1
18-07-2017-18:16:50:440 425088 425732 1
18-07-2017-18:16:50:475 425732 426376 1
18-07-2017-18:16:50:523 426376 427020 1
18-07-2017-18:16:50:558 427020 427664 1
18-07-2017-18:16:50:605 427664 428308 1
18-07-2017-18:16:50:638 428308 428952 1
18-07-2017-18:16:50:683 428952 429596 1
18-07-2017-18:16:50:716 429596 430240 1
18-07-2017-18:16:50:764 430240 430884 1
18-07-2017-18:16:50:797 430884 431528 1
18-07-2017-18:16:50:845 431528 432172 1
18-07-2017-18:16:50:879 432172 432816 1
18-07-2017-18:16:50:915 432816 433460 1
18-07-2017-18:16:50:962 433460 434104 1
18-07-2017-18:16:50:997 434104 434748 1
18-07-2017-18:16:51:044 434748 435392 1
18-07-2017-18:16:51:078 435392 436036 1
18-07-2017-18:16:51:124 436036 436680 1
18-07-2017-18:16:51:159 436680 437324 1
18-07-2017-18:16:51:207 437324 437968 1
18-07-2017-18:16:51:241 437968 438612 1
18-07-2017-18:16:51:287 438612 439256 1
18-07-2017-18:16:51:323 439256 439900 1
18-07-2017-18:16:51:357 439900 440544 1
18-07-2017-18:16:51:406 440544 441188 1
18-07-2017-18:16:51:441 441188 441832 1
18-07-2017-18:16:51:488 441832 442476 1
18-07-2017-18:16:51:524 442476 443120 1
18-07-2017-18:16:51:569 443120 443764 1
18-07-2017-18:16:51:604 443764 444408 1
18-07-2017-18:16:51:650 444408 445052 1
18-07-2017-18:16:51:685 445052 445696 1
18-07-2017-18:16:51:720 445696 446340 1
18-07-2017-18:16:51:768 446340 446984 1
18-07-2017-18:16:51:803 446984 447628 1
18-07-2017-18:16:51:849 447628 448272 1
18-07-2017-18:16:51:883 448272 448916 1
18-07-2017-18:16:51:923 448916 449560 1
18-07-2017-18:16:51:970 449560 450204 1
18-07-2017-18:16:52:005 450204 450848 1
18-07-2017-18:16:52:051 450848 451492 1
18-07-2017-18:16:52:086 451492 452136 1
18-07-2017-18:16:52:134 452136 452780 1
18-07-2017-18:16:52:167 452780 453424 1
18-07-2017-18:16:52:203 453424 454068 1
18-07-2017-18:16:52:415 454068 454691 1
18-07-2017-18:16:52:417 454691 455314 1
18-07-2017-18:16:52:417 455314 455937 1
18-07-2017-18:16:52:417 455937 456560 1
18-07-2017-18:16:52:417 456560 457183 1
18-07-2017-18:16:52:445 457183 457806 1
18-07-2017-18:16:52:481 457806 458429 1
18-07-2017-18:16:52:516 458429 459052 1
18-07-2017-18:16:52:561 459052 459675 1
18-07-2017-18:16:52:597 459675 460298 1
18-07-2017-18:16:52:630 460298 460921 1
18-07-2017-18:16:52:679 460921 461544 1
18-07-2017-18:16:52:713 461544 462167 1
18-07-2017-18:16:52:747 462167 462790 1
18-07-2017-18:16:52:795 462790 463413 1
18-07-2017-18:16:52:831 463413 464036 1
18-07-2017-18:16:52:864 464036 464659 1
18-07-2017-18:16:52:912 464659 465282 1
18-07-2017-18:16:52:955 465282 465905 1
18-07-2017-18:16:52:992 465905 466528 1
18-07-2017-18:16:53:024 466528 467151 1
18-07-2017-18:16:53:072 467151 467774 1
18-07-2017-18:16:53:111 467774 468397 1
18-07-2017-18:16:53:141 468397 469020 1
18-07-2017-18:16:53:187 469020 469643 1
18-07-2017-18:16:53:223 469643 470266 1
18-07-2017-18:16:53:257 470266 470889 1
18-07-2017-18:16:53:304 470889 471512 1
18-07-2017-18:16:53:340 471512 472135 1
18-07-2017-18:16:53:374 472135 472758 1
18-07-2017-18:16:53:411 472758 473381 1
18-07-2017-18:16:53:458 473381 474004 1
18-07-2017-18:16:53:494 474004 474627 1
18-07-2017-18:16:53:528 474627 475250 1
18-07-2017-18:16:53:575 475250 475873 1
18-07-2017-18:16:53:611 475873 476496 1
18-07-2017-18:16:53:645 476496 477119 1
18-07-2017-18:16:53:691 477119 477742 1
18-07-2017-18:16:53:727 477742 478365 1
18-07-2017-18:16:53:763 478365 478988 1
18-07-2017-18:16:53:866 478988 479611 1
18-07-2017-18:16:53:867 479611 480234 1
18-07-2017-18:16:53:879 480234 480857 1
18-07-2017-18:16:53:925 480857 481480 1
18-07-2017-18:16:53:960 481480 482103 1
18-07-2017-18:16:53:995 482103 482726 1
18-07-2017-18:16:54:043 482726 483349 1
18-07-2017-18:16:54:078 483349 483972 1
18-07-2017-18:16:54:112 483972 484595 1
18-07-2017-18:16:54:156 484595 485218 1
18-07-2017-18:16:54:194 485218 485841 1
18-07-2017-18:16:54:239 485841 486464 1
18-07-2017-18:16:54:273 486464 487087 1
18-07-2017-18:16:54:308 487087 487710 1
18-07-2017-18:16:54:356 487710 488333 1
18-07-2017-18:16:54:391 488333 488956 1
18-07-2017-18:16:54:426 488956 489579 1
18-07-2017-18:16:54:472 489579 490202 1
18-07-2017-18:16:54:507 490202 490825 1
18-07-2017-18:16:54:542 490825 491448 1
18-07-2017-18:16:54:588 491448 492071 1
18-07-2017-18:16:54:624 492071 492694 1
18-07-2017-18:16:54:659 492694 493317 1
18-07-2017-18:16:54:704 493317 493940 1
18-07-2017-18:16:54:739 493940 494563 1
18-07-2017-18:16:54:775 494563 495186 1
18-07-2017-18:16:54:821 495186 495809 1
18-07-2017-18:16:54:856 495809 496432 1
18-07-2017-18:16:54:896 496432 497055 1
18-07-2017-18:16:54:931 497055 497678 1
18-07-2017-18:16:54:978 497678 498301 1
18-07-2017-18:16:55:014 498301 498924 1
18-07-2017-18:16:55:048 498924 499547 1
18-07-2017-18:16:55:094 499547 500170 1
18-07-2017-18:16:55:128 500170 500793 1
18-07-2017-18:16:55:164 500793 501416 1
18-07-2017-18:16:55:210 501416 502039 1
18-07-2017-18:16:55:245 502039 502662 1
18-07-2017-18:16:55:280 502662 503285 1
18-07-2017-18:16:55:328 503285 503908 1
18-07-2017-18:16:55:357 503908 504531 1
18-07-2017-18:16:55:398 504531 505154 1
18-07-2017-18:16:55:445 505154 505777 1
18-07-2017-18:16:55:483 505777 506400 1
18-07-2017-18:16:55:515 506400 507023 1
18-07-2017-18:16:55:563 507023 507646 1
18-07-2017-18:16:55:600 507646 508269 1
18-07-2017-18:16:55:646 508269 508892 1
18-07-2017-18:16:55:677 508892 509515 1
18-07-2017-18:16:55:731 509515 510138 1
18-07-2017-18:16:55:757 510138 510761 1
18-07-2017-18:16:55:935 510761 511384 1
18-07-2017-18:16:55:936 511384 512007 1
18-07-2017-18:16:55:936 512007 512630 1
18-07-2017-18:16:55:937 512630 513253 1
18-07-2017-18:16:55:943 513253 513876 1
18-07-2017-18:16:55:989 513876 514499 1
18-07-2017-18:16:56:027 514499 515122 1
18-07-2017-18:16:56:059 515122 515745 1
18-07-2017-18:16:56:108 515745 516368 1
18-07-2017-18:16:56:142 516368 516991 1
18-07-2017-18:16:56:176 516991 517614 1
18-07-2017-18:16:56:223 517614 518237 1
18-07-2017-18:16:56:259 518237 518860 1
18-07-2017-18:16:56:294 518860 519483 1
18-07-2017-18:16:56:341 519483 520106 1
18-07-2017-18:16:56:375 520106 520729 1
18-07-2017-18:16:56:414 520729 521352 1
18-07-2017-18:16:56:449 521352 521975 1
18-07-2017-18:16:56:495 521975 522598 1
18-07-2017-18:16:56:531 522598 523221 1
18-07-2017-18:16:56:566 523221 523844 1
18-07-2017-18:16:56:611 523844 524467 1
18-07-2017-18:16:56:646 524467 525090 1
18-07-2017-18:16:56:681 525090 525713 1
18-07-2017-18:16:56:729 525713 526336 1
18-07-2017-18:16:56:763 526336 526959 1
18-07-2017-18:16:56:799 526959 527582 1
18-07-2017-18:16:56:845 527582 528205 1
18-07-2017-18:16:56:879 528205 528828 1
18-07-2017-18:16:56:916 528828 529451 1
18-07-2017-18:16:56:965 529451 530074 1
18-07-2017-18:16:56:998 530074 530697 1
18-07-2017-18:16:57:035 530697 531320 1
18-07-2017-18:16:57:079 531320 531943 1
18-07-2017-18:16:57:114 531943 532566 1
18-07-2017-18:16:57:148 532566 533189 1
18-07-2017-18:16:57:195 533189 533812 1
18-07-2017-18:16:57:229 533812 534435 1
18-07-2017-18:16:57:265 534435 535058 1
18-07-2017-18:16:57:311 535058 535681 1
18-07-2017-18:16:57:345 535681 536304 1
18-07-2017-18:16:57:383 536304 536927 1
18-07-2017-18:16:57:434 536927 537550 1
18-07-2017-18:16:57:469 537550 538173 1
18-07-2017-18:16:57:504 538173 538796 1
18-07-2017-18:16:57:538 538796 539419 1
18-07-2017-18:16:57:583 539419 540042 1
18-07-2017-18:16:57:619 540042 540665 1
18-07-2017-18:16:57:665 540665 541288 1
18-07-2017-18:16:57:700 541288 541911 1
18-07-2017-18:16:57:735 541911 542534 1
18-07-2017-18:16:57:782 542534 543157 1
18-07-2017-18:16:57:816 543157 543780 1
18-07-2017-18:16:57:851 543780 544403 1
18-07-2017-18:16:57:903 544403 545026 1
18-07-2017-18:16:57:937 545026 545649 1
18-07-2017-18:16:57:973 545649 546272 1
18-07-2017-18:16:58:008 546272 546895 1
18-07-2017-18:16:58:053 546895 547518 1
18-07-2017-18:16:58:090 547518 548141 1
18-07-2017-18:16:58:128 548141 548764 1
18-07-2017-18:16:58:163 548764 549387 1
18-07-2017-18:16:58:209 549387 550010 1
18-07-2017-18:16:58:245 550010 550633 1
18-07-2017-18:16:58:279 550633 551256 1
18-07-2017-18:16:58:327 551256 551879 1
18-07-2017-18:16:58:361 551879 552502 1
18-07-2017-18:16:58:397 552502 553125 1
18-07-2017-18:16:58:443 553125 553748 1
18-07-2017-18:16:58:479 553748 554371 1
18-07-2017-18:16:58:512 554371 554994 1
18-07-2017-18:16:58:559 554994 555617 1
18-07-2017-18:16:58:594 555617 556240 1
18-07-2017-18:16:58:630 556240 556863 1
18-07-2017-18:16:58:672 556863 557486 1
18-07-2017-18:16:58:711 557486 558109 1
18-07-2017-18:16:58:760 558109 558732 1
18-07-2017-18:16:58:789 558732 559355 1
18-07-2017-18:16:58:825 559355 559978 1
18-07-2017-18:16:58:871 559978 560601 1
18-07-2017-18:16:58:907 560601 561224 1
18-07-2017-18:16:59:184 561224 561847 1
18-07-2017-18:16:59:187 561847 562470 1
18-07-2017-18:16:59:187 562470 563093 1
18-07-2017-18:16:59:187 563093 563716 1
18-07-2017-18:16:59:187 563716 564339 1
18-07-2017-18:16:59:187 564339 564962 1
18-07-2017-18:16:59:187 564962 565585 1
18-07-2017-18:16:59:222 565585 566208 1
18-07-2017-18:16:59:257 566208 566831 1
18-07-2017-18:16:59:291 566831 567454 1
18-07-2017-18:16:59:339 567454 568077 1
18-07-2017-18:16:59:373 568077 568700 1
18-07-2017-18:16:59:409 568700 569323 1
18-07-2017-18:16:59:456 569323 569946 1
18-07-2017-18:16:59:490 569946 570569 1
18-07-2017-18:16:59:525 570569 571192 1
18-07-2017-18:16:59:572 571192 571815 1
18-07-2017-18:16:59:606 571815 572438 1
18-07-2017-18:16:59:641 572438 573061 1
18-07-2017-18:16:59:687 573061 573684 1
18-07-2017-18:16:59:724 573684 574307 1
18-07-2017-18:16:59:759 574307 574930 1
18-07-2017-18:16:59:804 574930 575553 1
18-07-2017-18:16:59:840 575553 576176 1
18-07-2017-18:16:59:875 576176 576799 1
18-07-2017-18:16:59:921 576799 577422 1
18-07-2017-18:16:59:956 577422 578045 1
18-07-2017-18:16:59:993 578045 578668 1
18-07-2017-18:17:00:038 578668 579291 1
18-07-2017-18:17:00:072 579291 579914 1
18-07-2017-18:17:00:109 579914 580537 1
18-07-2017-18:17:00:153 580537 581160 1
18-07-2017-18:17:00:191 581160 581783 1
18-07-2017-18:17:00:224 581783 582406 1
18-07-2017-18:17:00:272 582406 583029 1
18-07-2017-18:17:00:307 583029 583652 1
18-07-2017-18:17:00:342 583652 584275 1
18-07-2017-18:17:00:389 584275 584898 1
18-07-2017-18:17:00:423 584898 585521 1
18-07-2017-18:17:00:460 585521 586144 1
18-07-2017-18:17:00:505 586144 586767 1
18-07-2017-18:17:00:540 586767 587390 1
18-07-2017-18:17:00:576 587390 588013 1
18-07-2017-18:17:00:623 588013 588636 1
18-07-2017-18:17:00:657 588636 589259 1
18-07-2017-18:17:00:692 589259 589882 1
18-07-2017-18:17:00:738 589882 590505 1
18-07-2017-18:17:00:773 590505 591128 1
18-07-2017-18:17:00:809 591128 591751 1
18-07-2017-18:17:00:855 591751 592374 1
18-07-2017-18:17:00:891 592374 592997 1
18-07-2017-18:17:00:929 592997 593620 1
18-07-2017-18:17:00:964 593620 594243 1
18-07-2017-18:17:01:011 594243 594866 1
18-07-2017-18:17:01:046 594866 595489 1
18-07-2017-18:17:01:082 595489 596112 1
18-07-2017-18:17:01:130 596112 596735 1
18-07-2017-18:17:01:167 596735 597358 1
18-07-2017-18:17:01:201 597358 597981 1
18-07-2017-18:17:01:243 597981 598604 1
18-07-2017-18:17:01:279 598604 599227 1
18-07-2017-18:17:01:316 599227 599850 1
18-07-2017-18:17:01:360 599850 600473 1
18-07-2017-18:17:01:395 600473 601096 1
18-07-2017-18:17:01:442 601096 601719 1
18-07-2017-18:17:01:476 601719 602342 1
18-07-2017-18:17:01:512 602342 602965 1
18-07-2017-18:17:01:559 602965 603588 1
18-07-2017-18:17:01:593 603588 604211 1
18-07-2017-18:17:01:628 604211 604834 1
18-07-2017-18:17:01:675 604834 605457 1
18-07-2017-18:17:01:711 605457 606080 1
18-07-2017-18:17:01:745 606080 606703 1
18-07-2017-18:17:01:798 606703 607326 1
18-07-2017-18:17:01:823 607326 607949 1
18-07-2017-18:17:01:870 607949 608572 1
18-07-2017-18:17:01:905 608572 609195 1
18-07-2017-18:17:01:941 609195 609818 1
18-07-2017-18:17:01:987 609818 610441 1
18-07-2017-18:17:02:021 610441 611064 1
18-07-2017-18:17:02:058 611064 611687 1
18-07-2017-18:17:02:540 611687 612310 1
18-07-2017-18:17:02:542 612310 612933 1
18-07-2017-18:17:02:542 612933 613556 1
18-07-2017-18:17:02:542 613556 614179 1
18-07-2017-18:17:02:542 614179 614802 1
18-07-2017-18:17:02:542 614802 615425 1
18-07-2017-18:17:02:542 615425 616048 1
18-07-2017-18:17:02:542 616048 616671 1
18-07-2017-18:17:02:542 616671 617294 1
18-07-2017-18:17:02:542 617294 617917 1
18-07-2017-18:17:02:542 617917 618540 1
18-07-2017-18:17:02:542 618540 619163 1
18-07-2017-18:17:02:579 619163 619786 1
18-07-2017-18:17:02:606 619786 620409 1
18-07-2017-18:17:02:641 620409 621032 1
18-07-2017-18:17:02:688 621032 621655 1
18-07-2017-18:17:02:724 621655 622278 1
18-07-2017-18:17:02:758 622278 622901 1
18-07-2017-18:17:02:805 622901 623524 1
18-07-2017-18:17:02:840 623524 624147 1
18-07-2017-18:17:02:876 624147 624770 1
18-07-2017-18:17:02:922 624770 625393 1
18-07-2017-18:17:02:957 625393 626016 1
18-07-2017-18:17:02:997 626016 626639 1
18-07-2017-18:17:03:040 626639 627262 1
18-07-2017-18:17:03:077 627262 627885 1
18-07-2017-18:17:03:110 627885 628508 1
18-07-2017-18:17:03:155 628508 629131 1
18-07-2017-18:17:03:190 629131 629754 1
18-07-2017-18:17:03:225 629754 630377 1
18-07-2017-18:17:03:271 630377 631000 1
18-07-2017-18:17:03:306 631000 631623 1
18-07-2017-18:17:03:342 631623 632246 1
18-07-2017-18:17:03:387 632246 632869 1
18-07-2017-18:17:03:426 632869 633492 1
18-07-2017-18:17:03:459 633492 634115 1
18-07-2017-18:17:03:512 634115 634738 1
18-07-2017-18:17:03:541 634738 635361 1
18-07-2017-18:17:03:574 635361 635984 1
18-07-2017-18:17:03:621 635984 636607 1
18-07-2017-18:17:03:656 636607 637230 1
18-07-2017-18:17:03:691 637230 637853 1
18-07-2017-18:17:03:739 637853 638476 1
18-07-2017-18:17:04:034 638476 639099 1
18-07-2017-18:17:04:035 639099 639722 1
18-07-2017-18:17:04:036 639722 640345 1
18-07-2017-18:17:04:036 640345 640968 1
18-07-2017-18:17:04:036 640968 641591 1
18-07-2017-18:17:04:036 641591 642214 1
18-07-2017-18:17:04:036 642214 642837 1
18-07-2017-18:17:04:053 642837 643460 1
18-07-2017-18:17:04:081 643460 644083 1
18-07-2017-18:17:04:131 644083 644706 1
18-07-2017-18:17:04:168 644706 645329 1
18-07-2017-18:17:04:196 645329 645952 1
18-07-2017-18:17:04:247 645952 646575 1
18-07-2017-18:17:04:278 646575 647198 1
18-07-2017-18:17:04:313 647198 647821 1
18-07-2017-18:17:04:361 647821 648444 1
18-07-2017-18:17:04:396 648444 649067 1
18-07-2017-18:17:04:434 649067 649690 1
18-07-2017-18:17:04:477 649690 650313 1
18-07-2017-18:17:04:513 650313 650936 1
18-07-2017-18:17:04:546 650936 651559 1
18-07-2017-18:17:04:594 651559 652182 1
18-07-2017-18:17:04:632 652182 652805 1
18-07-2017-18:17:04:667 652805 653428 1
18-07-2017-18:17:04:710 653428 654051 1
18-07-2017-18:17:04:745 654051 654674 1
18-07-2017-18:17:04:780 654674 655297 1
18-07-2017-18:17:04:836 655297 655920 1
18-07-2017-18:17:04:863 655920 656543 1
18-07-2017-18:17:04:897 656543 657166 1
18-07-2017-18:17:04:944 657166 657789 1
18-07-2017-18:17:04:978 657789 658412 1
18-07-2017-18:17:05:014 658412 659035 1
18-07-2017-18:17:05:060 659035 659658 1
18-07-2017-18:17:05:096 659658 660281 1
18-07-2017-18:17:05:134 660281 660904 1
18-07-2017-18:17:05:177 660904 661527 1
18-07-2017-18:17:05:220 661527 662150 1
18-07-2017-18:17:05:256 662150 662773 1
18-07-2017-18:17:05:291 662773 663396 1
18-07-2017-18:17:05:326 663396 664019 1
18-07-2017-18:17:05:373 664019 664642 1
18-07-2017-18:17:05:413 664642 665265 1
18-07-2017-18:17:05:446 665265 665888 1
18-07-2017-18:17:05:484 665888 666511 1
18-07-2017-18:17:05:529 666511 667134 1
18-07-2017-18:17:05:563 667134 667757 1
18-07-2017-18:17:05:599 667757 668380 1
18-07-2017-18:17:05:645 668380 669003 1
18-07-2017-18:17:05:681 669003 669626 1
18-07-2017-18:17:05:715 669626 670249 1
18-07-2017-18:17:05:761 670249 670872 1
18-07-2017-18:17:05:796 670872 671495 1
18-07-2017-18:17:05:832 671495 672118 1
18-07-2017-18:17:05:877 672118 672741 1
18-07-2017-18:17:05:912 672741 673364 1
18-07-2017-18:17:05:948 673364 673987 1
18-07-2017-18:17:05:996 673987 674610 1
18-07-2017-18:17:06:029 674610 675233 1
18-07-2017-18:17:06:064 675233 675856 1
18-07-2017-18:17:06:112 675856 676479 1
18-07-2017-18:17:06:154 676479 677102 1
18-07-2017-18:17:06:192 677102 677725 1
18-07-2017-18:17:06:226 677725 678348 1
18-07-2017-18:17:06:262 678348 678971 1
18-07-2017-18:17:06:309 678971 679594 1
18-07-2017-18:17:06:343 679594 680217 1
18-07-2017-18:17:06:381 680217 680840 1
18-07-2017-18:17:06:425 680840 681463 1
18-07-2017-18:17:06:461 681463 682086 1
18-07-2017-18:17:06:495 682086 682709 1
18-07-2017-18:17:06:541 682709 683332 1
18-07-2017-18:17:06:577 683332 683955 1
18-07-2017-18:17:06:611 683955 684578 1
18-07-2017-18:17:06:658 684578 685201 1
18-07-2017-18:17:06:693 685201 685824 1
18-07-2017-18:17:06:728 685824 686447 1
18-07-2017-18:17:06:775 686447 687070 1
18-07-2017-18:17:06:810 687070 687693 1
18-07-2017-18:17:06:844 687693 688316 1
18-07-2017-18:17:06:891 688316 688939 1
18-07-2017-18:17:07:262 688939 689562 1
18-07-2017-18:17:07:264 689562 690185 1
18-07-2017-18:17:07:264 690185 690808 1
18-07-2017-18:17:07:264 690808 691431 1
18-07-2017-18:17:07:265 691431 692054 1
18-07-2017-18:17:07:265 692054 692677 1
18-07-2017-18:17:07:265 692677 693300 1
18-07-2017-18:17:07:265 693300 693923 1
18-07-2017-18:17:07:265 693923 694546 1
18-07-2017-18:17:07:279 694546 695169 1
18-07-2017-18:17:07:314 695169 695792 1
18-07-2017-18:17:07:349 695792 696415 1
18-07-2017-18:17:07:397 696415 697038 1
18-07-2017-18:17:07:432 697038 697661 1
18-07-2017-18:17:07:467 697661 698284 1
18-07-2017-18:17:07:512 698284 698907 1
