18-07-2017-17:46:20:350 0 667 1
18-07-2017-17:46:20:389 667 1334 1
18-07-2017-17:46:20:424 1334 2001 1
18-07-2017-17:46:20:465 2001 2668 1
18-07-2017-17:46:20:510 2668 3335 1
18-07-2017-17:46:20:557 3335 4002 1
18-07-2017-17:46:20:596 4002 4669 1
18-07-2017-17:46:20:631 4669 5336 1
18-07-2017-17:46:20:678 5336 6003 1
18-07-2017-17:46:20:718 6003 6670 1
18-07-2017-17:46:20:756 6670 7337 1
18-07-2017-17:46:20:803 7337 8004 1
18-07-2017-17:46:20:850 8004 8671 1
18-07-2017-17:46:20:884 8671 9338 1
18-07-2017-17:46:20:931 9338 10005 1
18-07-2017-17:46:20:964 10005 10672 1
18-07-2017-17:46:21:017 10672 11339 1
18-07-2017-17:46:21:051 11339 12006 1
18-07-2017-17:46:21:102 12006 12673 1
18-07-2017-17:46:21:133 12673 13340 1
18-07-2017-17:46:21:179 13340 14007 1
18-07-2017-17:46:21:227 14007 14674 1
18-07-2017-17:46:21:261 14674 15341 1
18-07-2017-17:46:21:307 15341 16008 1
18-07-2017-17:46:21:343 16008 16675 1
18-07-2017-17:46:21:389 16675 17342 1
18-07-2017-17:46:21:426 17342 18009 1
18-07-2017-17:46:21:472 18009 18676 1
18-07-2017-17:46:21:516 18676 19343 1
18-07-2017-17:46:21:552 19343 20010 1
18-07-2017-17:46:21:597 20010 20677 1
18-07-2017-17:46:21:633 20677 21344 1
18-07-2017-17:46:21:691 21344 22011 1
18-07-2017-17:46:21:714 22011 22678 1
18-07-2017-17:46:21:762 22678 23345 1
18-07-2017-17:46:21:808 23345 24012 1
18-07-2017-17:46:21:842 24012 24679 1
18-07-2017-17:46:21:889 24679 25346 1
18-07-2017-17:46:21:934 25346 26013 1
18-07-2017-17:46:21:968 26013 26680 1
18-07-2017-17:46:22:016 26680 27347 1
18-07-2017-17:46:22:049 27347 28014 1
18-07-2017-17:46:22:097 28014 28681 1
18-07-2017-17:46:22:132 28681 29348 1
18-07-2017-17:46:22:179 29348 30015 1
18-07-2017-17:46:22:224 30015 30682 1
18-07-2017-17:46:22:260 30682 31349 1
18-07-2017-17:46:22:306 31349 32016 1
18-07-2017-17:46:22:341 32016 32683 1
18-07-2017-17:46:22:388 32683 33350 1
18-07-2017-17:46:22:423 33350 34017 1
18-07-2017-17:46:22:470 34017 34684 1
18-07-2017-17:46:22:516 34684 35351 1
18-07-2017-17:46:22:553 35351 36018 1
18-07-2017-17:46:22:600 36018 36685 1
18-07-2017-17:46:22:634 36685 37352 1
18-07-2017-17:46:22:684 37352 38019 1
18-07-2017-17:46:22:716 38019 38686 1
18-07-2017-17:46:22:770 38686 39353 1
18-07-2017-17:46:22:798 39353 40020 1
18-07-2017-17:46:22:845 40020 40687 1
18-07-2017-17:46:22:942 40687 41354 1
18-07-2017-17:46:22:943 41354 42021 1
18-07-2017-17:46:22:972 42021 42688 1
18-07-2017-17:46:23:007 42688 43355 1
18-07-2017-17:46:23:054 43355 44022 1
18-07-2017-17:46:23:090 44022 44689 1
18-07-2017-17:46:23:137 44689 45356 1
18-07-2017-17:46:23:175 45356 46023 1
18-07-2017-17:46:23:222 46023 46690 1
18-07-2017-17:46:23:256 46690 47357 1
18-07-2017-17:46:23:303 47357 48024 1
18-07-2017-17:46:23:351 48024 48691 1
18-07-2017-17:46:23:385 48691 49358 1
18-07-2017-17:46:23:430 49358 50025 1
18-07-2017-17:46:23:466 50025 50692 1
18-07-2017-17:46:23:513 50692 51359 1
18-07-2017-17:46:23:547 51359 52026 1
18-07-2017-17:46:23:594 52026 52693 1
18-07-2017-17:46:23:641 52693 53360 1
18-07-2017-17:46:23:677 53360 54027 1
18-07-2017-17:46:23:724 54027 54694 1
18-07-2017-17:46:23:757 54694 55361 1
18-07-2017-17:46:23:809 55361 56000 1
18-07-2017-17:46:23:848 56000 56639 1
18-07-2017-17:46:23:882 56639 57278 1
18-07-2017-17:46:23:919 57278 57917 1
18-07-2017-17:46:23:965 57917 58556 1
18-07-2017-17:46:24:000 58556 59195 1
18-07-2017-17:46:24:046 59195 59834 1
18-07-2017-17:46:24:080 59834 60473 1
18-07-2017-17:46:24:128 60473 61112 1
18-07-2017-17:46:24:162 61112 61751 1
18-07-2017-17:46:24:199 61751 62390 1
18-07-2017-17:46:24:247 62390 63029 1
18-07-2017-17:46:24:287 63029 63668 1
18-07-2017-17:46:24:327 63668 64307 1
18-07-2017-17:46:24:364 64307 64946 1
18-07-2017-17:46:24:395 64946 65585 1
18-07-2017-17:46:24:443 65585 66224 1
18-07-2017-17:46:24:477 66224 66863 1
18-07-2017-17:46:24:523 66863 67502 1
18-07-2017-17:46:24:559 67502 68141 1
18-07-2017-17:46:24:606 68141 68780 1
18-07-2017-17:46:24:640 68780 69419 1
18-07-2017-17:46:24:687 69419 70058 1
18-07-2017-17:46:24:718 70058 70697 1
18-07-2017-17:46:24:765 70697 71336 1
18-07-2017-17:46:24:800 71336 71975 1
18-07-2017-17:46:24:834 71975 72614 1
18-07-2017-17:46:24:882 72614 73253 1
18-07-2017-17:46:24:917 73253 73892 1
18-07-2017-17:46:24:963 73892 74531 1
18-07-2017-17:46:24:998 74531 75170 1
18-07-2017-17:46:25:045 75170 75809 1
18-07-2017-17:46:25:080 75809 76448 1
18-07-2017-17:46:25:114 76448 77087 1
18-07-2017-17:46:25:162 77087 77726 1
18-07-2017-17:46:25:196 77726 78365 1
18-07-2017-17:46:25:245 78365 79004 1
18-07-2017-17:46:25:280 79004 79643 1
18-07-2017-17:46:25:326 79643 80282 1
18-07-2017-17:46:25:364 80282 80921 1
18-07-2017-17:46:25:399 80921 81560 1
18-07-2017-17:46:25:443 81560 82199 1
18-07-2017-17:46:25:477 82199 82838 1
18-07-2017-17:46:25:524 82838 83477 1
18-07-2017-17:46:25:566 83477 84116 1
18-07-2017-17:46:25:607 84116 84755 1
18-07-2017-17:46:25:646 84755 85394 1
18-07-2017-17:46:25:678 85394 86033 1
18-07-2017-17:46:25:726 86033 86672 1
18-07-2017-17:46:25:765 86672 87311 1
18-07-2017-17:46:25:800 87311 87950 1
18-07-2017-17:46:25:835 87950 88589 1
18-07-2017-17:46:25:882 88589 89228 1
18-07-2017-17:46:25:920 89228 89867 1
18-07-2017-17:46:25:964 89867 90506 1
18-07-2017-17:46:25:998 90506 91145 1
18-07-2017-17:46:26:449 91145 91784 1
18-07-2017-17:46:26:451 91784 92423 1
18-07-2017-17:46:26:451 92423 93062 1
18-07-2017-17:46:26:451 93062 93701 1
18-07-2017-17:46:26:451 93701 94340 1
18-07-2017-17:46:26:453 94340 94979 1
18-07-2017-17:46:26:453 94979 95618 1
18-07-2017-17:46:26:453 95618 96257 1
18-07-2017-17:46:26:453 96257 96896 1
18-07-2017-17:46:26:453 96896 97535 1
18-07-2017-17:46:26:453 97535 98174 1
18-07-2017-17:46:26:474 98174 98813 1
18-07-2017-17:46:26:524 98813 99452 1
18-07-2017-17:46:26:557 99452 100091 1
18-07-2017-17:46:26:601 100091 100730 1
18-07-2017-17:46:26:637 100730 101369 1
18-07-2017-17:46:26:683 101369 102008 1
18-07-2017-17:46:26:718 102008 102647 1
18-07-2017-17:46:26:754 102647 103286 1
18-07-2017-17:46:26:800 103286 103925 1
18-07-2017-17:46:26:835 103925 104564 1
18-07-2017-17:46:26:882 104564 105203 1
18-07-2017-17:46:26:915 105203 105842 1
18-07-2017-17:46:26:963 105842 106481 1
18-07-2017-17:46:26:998 106481 107120 1
18-07-2017-17:46:27:035 107120 107759 1
18-07-2017-17:46:27:081 107759 108398 1
18-07-2017-17:46:27:115 108398 109037 1
18-07-2017-17:46:27:153 109037 109676 1
18-07-2017-17:46:27:202 109676 110315 1
18-07-2017-17:46:27:236 110315 110954 1
18-07-2017-17:46:27:282 110954 111593 1
18-07-2017-17:46:27:318 111593 112232 1
18-07-2017-17:46:27:353 112232 112871 1
18-07-2017-17:46:27:401 112871 113510 1
18-07-2017-17:46:27:435 113510 114149 1
18-07-2017-17:46:27:482 114149 114788 1
18-07-2017-17:46:27:515 114788 115427 1
18-07-2017-17:46:27:550 115427 116066 1
18-07-2017-17:46:27:606 116066 116627 1
18-07-2017-17:46:27:626 116627 117188 1
18-07-2017-17:46:27:702 117188 117749 1
18-07-2017-17:46:27:703 117749 118310 1
18-07-2017-17:46:27:732 118310 118871 1
18-07-2017-17:46:27:766 118871 119432 1
18-07-2017-17:46:27:800 119432 119993 1
18-07-2017-17:46:27:845 119993 120554 1
18-07-2017-17:46:27:869 120554 121115 1
18-07-2017-17:46:27:903 121115 121676 1
18-07-2017-17:46:27:939 121676 122237 1
18-07-2017-17:46:27:976 122237 122798 1
18-07-2017-17:46:28:010 122798 123359 1
18-07-2017-17:46:28:045 123359 123920 1
18-07-2017-17:46:28:081 123920 124481 1
18-07-2017-17:46:28:118 124481 125042 1
18-07-2017-17:46:28:148 125042 125603 1
18-07-2017-17:46:28:182 125603 126164 1
18-07-2017-17:46:28:219 126164 126725 1
18-07-2017-17:46:28:253 126725 127286 1
18-07-2017-17:46:28:289 127286 127847 1
18-07-2017-17:46:28:324 127847 128408 1
18-07-2017-17:46:28:359 128408 128969 1
18-07-2017-17:46:28:394 128969 129530 1
18-07-2017-17:46:28:431 129530 130091 1
18-07-2017-17:46:28:464 130091 130652 1
18-07-2017-17:46:28:499 130652 131213 1
18-07-2017-17:46:28:533 131213 131774 1
18-07-2017-17:46:28:568 131774 132335 1
18-07-2017-17:46:28:610 132335 132896 1
18-07-2017-17:46:28:637 132896 133457 1
18-07-2017-17:46:28:673 133457 134018 1
18-07-2017-17:46:28:711 134018 134579 1
18-07-2017-17:46:28:744 134579 135140 1
18-07-2017-17:46:28:799 135140 135520 1
18-07-2017-17:46:28:800 135520 135900 1
18-07-2017-17:46:28:819 135900 136280 1
18-07-2017-17:46:28:850 136280 136660 1
18-07-2017-17:46:28:880 136660 137040 1
18-07-2017-17:46:28:888 137040 137420 1
18-07-2017-17:46:28:916 137420 137800 1
18-07-2017-17:46:28:934 137800 138180 1
18-07-2017-17:46:28:961 138180 138560 1
18-07-2017-17:46:28:981 138560 138940 1
18-07-2017-17:46:29:004 138940 139320 1
18-07-2017-17:46:29:030 139320 139700 1
18-07-2017-17:46:29:052 139700 140080 1
18-07-2017-17:46:29:083 140080 140460 1
18-07-2017-17:46:29:112 140460 140840 1
18-07-2017-17:46:29:127 140840 141220 1
18-07-2017-17:46:29:151 141220 141600 1
18-07-2017-17:46:29:173 141600 141980 1
18-07-2017-17:46:29:197 141980 142360 1
18-07-2017-17:46:29:219 142360 142740 1
18-07-2017-17:46:29:243 142740 143120 1
18-07-2017-17:46:29:266 143120 143500 1
18-07-2017-17:46:29:452 143500 143880 1
18-07-2017-17:46:29:453 143880 144260 1
18-07-2017-17:46:29:453 144260 144640 1
18-07-2017-17:46:29:453 144640 145020 1
18-07-2017-17:46:29:454 145020 145400 1
18-07-2017-17:46:29:454 145400 145780 1
18-07-2017-17:46:29:454 145780 146160 1
18-07-2017-17:46:29:465 146160 146540 1
18-07-2017-17:46:29:496 146540 146920 1
18-07-2017-17:46:29:507 146920 147300 1
18-07-2017-17:46:29:531 147300 147680 1
18-07-2017-17:46:29:554 147680 148060 1
18-07-2017-17:46:29:577 148060 148440 1
18-07-2017-17:46:29:599 148440 148820 1
18-07-2017-17:46:29:623 148820 149200 1
18-07-2017-17:46:29:646 149200 149580 1
18-07-2017-17:46:29:676 149580 149960 1
18-07-2017-17:46:29:703 149960 150340 1
18-07-2017-17:46:29:727 150340 150720 1
18-07-2017-17:46:29:750 150720 151100 1
18-07-2017-17:46:29:775 151100 151480 1
18-07-2017-17:46:29:797 151480 151860 1
18-07-2017-17:46:29:820 151860 152240 1
18-07-2017-17:46:29:843 152240 152620 1
18-07-2017-17:46:29:866 152620 153000 1
18-07-2017-17:46:29:890 153000 153380 1
18-07-2017-17:46:29:913 153380 153760 1
18-07-2017-17:46:29:936 153760 154140 1
18-07-2017-17:46:29:960 154140 154520 1
18-07-2017-17:46:29:984 154520 154900 1
18-07-2017-17:46:30:007 154900 155280 1
18-07-2017-17:46:30:031 155280 155660 1
18-07-2017-17:46:30:054 155660 156040 1
18-07-2017-17:46:30:077 156040 156420 1
18-07-2017-17:46:30:102 156420 156800 1
18-07-2017-17:46:30:124 156800 157180 1
18-07-2017-17:46:30:149 157180 157560 1
18-07-2017-17:46:30:171 157560 157940 1
18-07-2017-17:46:30:196 157940 158320 1
18-07-2017-17:46:30:217 158320 158700 1
18-07-2017-17:46:30:242 158700 159080 1
18-07-2017-17:46:30:265 159080 159460 1
18-07-2017-17:46:30:290 159460 159840 1
18-07-2017-17:46:30:311 159840 160220 1
18-07-2017-17:46:30:338 160220 160600 1
18-07-2017-17:46:30:360 160600 160980 1
18-07-2017-17:46:30:385 160980 161360 1
18-07-2017-17:46:30:408 161360 161740 1
18-07-2017-17:46:30:431 161740 162120 1
18-07-2017-17:46:30:454 162120 162500 1
18-07-2017-17:46:30:477 162500 162880 1
18-07-2017-17:46:30:502 162880 163260 1
18-07-2017-17:46:30:525 163260 163640 1
18-07-2017-17:46:30:548 163640 164020 1
18-07-2017-17:46:30:571 164020 164400 1
18-07-2017-17:46:30:607 164400 164780 1
18-07-2017-17:46:30:632 164780 165160 1
18-07-2017-17:46:30:655 165160 165540 1
18-07-2017-17:46:30:677 165540 165920 1
18-07-2017-17:46:30:699 165920 166300 1
18-07-2017-17:46:30:723 166300 166680 1
18-07-2017-17:46:30:746 166680 167060 1
18-07-2017-17:46:30:762 167060 167440 1
18-07-2017-17:46:30:850 167440 167820 1
18-07-2017-17:46:30:852 167820 168200 1
18-07-2017-17:46:30:852 168200 168580 1
18-07-2017-17:46:30:865 168580 168960 1
18-07-2017-17:46:30:892 168960 169340 1
18-07-2017-17:46:30:915 169340 169720 1
18-07-2017-17:46:30:931 169720 170100 1
18-07-2017-17:46:30:959 170100 170480 1
18-07-2017-17:46:30:984 170480 170860 1
18-07-2017-17:46:31:008 170860 171240 1
18-07-2017-17:46:31:029 171240 171620 1
18-07-2017-17:46:31:052 171620 172000 1
18-07-2017-17:46:31:079 172000 172380 1
18-07-2017-17:46:31:100 172380 172760 1
18-07-2017-17:46:31:124 172760 173140 1
18-07-2017-17:46:31:146 173140 173520 1
18-07-2017-17:46:31:174 173520 173900 1
18-07-2017-17:46:31:198 173900 174280 1
18-07-2017-17:46:31:221 174280 174660 1
18-07-2017-17:46:31:246 174660 175040 1
18-07-2017-17:46:31:268 175040 175420 1
18-07-2017-17:46:31:291 175420 175800 1
18-07-2017-17:46:31:316 175800 176180 1
18-07-2017-17:46:31:340 176180 176560 1
18-07-2017-17:46:31:361 176560 176940 1
18-07-2017-17:46:31:387 176940 177320 1
18-07-2017-17:46:31:410 177320 177700 1
18-07-2017-17:46:31:432 177700 178080 1
18-07-2017-17:46:31:454 178080 178460 1
18-07-2017-17:46:31:477 178460 178840 1
18-07-2017-17:46:31:501 178840 179220 1
18-07-2017-17:46:31:525 179220 179600 1
18-07-2017-17:46:31:548 179600 179980 1
18-07-2017-17:46:31:571 179980 180360 1
18-07-2017-17:46:31:596 180360 180740 1
18-07-2017-17:46:31:618 180740 181120 1
18-07-2017-17:46:31:642 181120 181500 1
18-07-2017-17:46:31:665 181500 181880 1
18-07-2017-17:46:31:687 181880 182260 1
18-07-2017-17:46:31:713 182260 182640 1
