18-07-2017-18:02:11:682 0 640 1
18-07-2017-18:02:11:705 640 1280 1
18-07-2017-18:02:11:757 1280 1920 1
18-07-2017-18:02:11:787 1920 2560 1
18-07-2017-18:02:11:833 2560 3200 1
18-07-2017-18:02:11:869 3200 3840 1
18-07-2017-18:02:11:912 3840 4480 1
18-07-2017-18:02:11:947 4480 5120 1
18-07-2017-18:02:11:993 5120 5760 1
18-07-2017-18:02:12:028 5760 6400 1
18-07-2017-18:02:12:075 6400 7040 1
18-07-2017-18:02:12:110 7040 7680 1
18-07-2017-18:02:12:145 7680 8320 1
18-07-2017-18:02:12:193 8320 8960 1
18-07-2017-18:02:12:237 8960 9600 1
18-07-2017-18:02:12:272 9600 10240 1
18-07-2017-18:02:12:307 10240 10880 1
18-07-2017-18:02:12:352 10880 11520 1
18-07-2017-18:02:12:388 11520 12160 1
18-07-2017-18:02:12:436 12160 12800 1
18-07-2017-18:02:12:469 12800 13440 1
18-07-2017-18:02:12:519 13440 14080 1
18-07-2017-18:02:12:551 14080 14720 1
18-07-2017-18:02:12:585 14720 15360 1
18-07-2017-18:02:12:632 15360 16000 1
18-07-2017-18:02:12:668 16000 16640 1
18-07-2017-18:02:12:709 16640 17280 1
18-07-2017-18:02:12:750 17280 17920 1
18-07-2017-18:02:12:797 17920 18560 1
18-07-2017-18:02:13:322 18560 19200 1
18-07-2017-18:02:13:324 19200 19840 1
18-07-2017-18:02:13:325 19840 20480 1
18-07-2017-18:02:13:325 20480 21120 1
18-07-2017-18:02:13:325 21120 21760 1
18-07-2017-18:02:13:325 21760 22400 1
18-07-2017-18:02:13:325 22400 23040 1
18-07-2017-18:02:13:325 23040 23680 1
18-07-2017-18:02:13:325 23680 24320 1
18-07-2017-18:02:13:325 24320 24960 1
18-07-2017-18:02:13:325 24960 25600 1
18-07-2017-18:02:13:325 25600 26240 1
18-07-2017-18:02:13:325 26240 26880 1
18-07-2017-18:02:13:348 26880 27520 1
18-07-2017-18:02:13:399 27520 28160 1
18-07-2017-18:02:13:435 28160 28800 1
18-07-2017-18:02:13:470 28800 29440 1
18-07-2017-18:02:13:516 29440 30080 1
18-07-2017-18:02:13:551 30080 30720 1
18-07-2017-18:02:13:587 30720 31360 1
18-07-2017-18:02:13:633 31360 32000 1
18-07-2017-18:02:13:667 32000 32640 1
18-07-2017-18:02:13:716 32640 33280 1
18-07-2017-18:02:13:749 33280 33920 1
18-07-2017-18:02:13:802 33920 34560 1
18-07-2017-18:02:13:835 34560 35200 1
18-07-2017-18:02:13:866 35200 35840 1
18-07-2017-18:02:13:917 35840 36414 1
18-07-2017-18:02:13:948 36414 36988 1
18-07-2017-18:02:13:984 36988 37562 1
18-07-2017-18:02:14:020 37562 38136 1
18-07-2017-18:02:14:054 38136 38710 1
18-07-2017-18:02:14:088 38710 39284 1
18-07-2017-18:02:14:124 39284 39858 1
18-07-2017-18:02:14:158 39858 40432 1
18-07-2017-18:02:14:193 40432 41006 1
18-07-2017-18:02:14:228 41006 41580 1
18-07-2017-18:02:14:263 41580 42154 1
18-07-2017-18:02:14:298 42154 42728 1
18-07-2017-18:02:14:333 42728 43302 1
18-07-2017-18:02:14:369 43302 43876 1
18-07-2017-18:02:14:415 43876 44450 1
18-07-2017-18:02:14:450 44450 45024 1
18-07-2017-18:02:14:484 45024 45598 1
18-07-2017-18:02:14:522 45598 46172 1
18-07-2017-18:02:14:554 46172 46746 1
18-07-2017-18:02:14:590 46746 47320 1
18-07-2017-18:02:14:625 47320 47894 1
18-07-2017-18:02:14:884 47894 48468 1
18-07-2017-18:02:14:886 48468 49042 1
18-07-2017-18:02:14:886 49042 49616 1
18-07-2017-18:02:14:886 49616 50190 1
18-07-2017-18:02:14:886 50190 50764 1
18-07-2017-18:02:14:886 50764 51338 1
18-07-2017-18:02:14:886 51338 51912 1
18-07-2017-18:02:14:917 51912 52486 1
18-07-2017-18:02:14:950 52486 53060 1
18-07-2017-18:02:14:985 53060 53634 1
18-07-2017-18:02:15:021 53634 54208 1
18-07-2017-18:02:15:057 54208 54782 1
18-07-2017-18:02:15:105 54782 55356 1
18-07-2017-18:02:15:126 55356 55930 1
18-07-2017-18:02:15:162 55930 56504 1
18-07-2017-18:02:15:198 56504 57078 1
18-07-2017-18:02:15:232 57078 57652 1
18-07-2017-18:02:15:267 57652 58226 1
18-07-2017-18:02:15:301 58226 58800 1
18-07-2017-18:02:15:338 58800 59374 1
18-07-2017-18:02:15:384 59374 59948 1
18-07-2017-18:02:15:419 59948 60522 1
18-07-2017-18:02:15:453 60522 61096 1
18-07-2017-18:02:15:494 61096 61670 1
18-07-2017-18:02:15:525 61670 62244 1
18-07-2017-18:02:15:568 62244 62818 1
18-07-2017-18:02:15:593 62818 63392 1
18-07-2017-18:02:15:629 63392 63966 1
18-07-2017-18:02:15:663 63966 64540 1
18-07-2017-18:02:15:701 64540 65114 1
18-07-2017-18:02:15:738 65114 65688 1
18-07-2017-18:02:15:771 65688 66262 1
18-07-2017-18:02:15:807 66262 66836 1
18-07-2017-18:02:15:843 66836 67410 1
18-07-2017-18:02:15:877 67410 67984 1
18-07-2017-18:02:15:912 67984 68558 1
18-07-2017-18:02:15:946 68558 69132 1
18-07-2017-18:02:15:992 69132 69706 1
18-07-2017-18:02:16:341 69706 70280 1
18-07-2017-18:02:16:344 70280 70854 1
18-07-2017-18:02:16:344 70854 71428 1
18-07-2017-18:02:16:344 71428 72002 1
18-07-2017-18:02:16:345 72002 72576 1
18-07-2017-18:02:16:345 72576 73150 1
18-07-2017-18:02:16:345 73150 73724 1
18-07-2017-18:02:16:345 73724 74298 1
18-07-2017-18:02:16:345 74298 74872 1
18-07-2017-18:02:16:345 74872 75446 1
18-07-2017-18:02:16:377 75446 76020 1
18-07-2017-18:02:16:413 76020 76594 1
18-07-2017-18:02:16:459 76594 77168 1
18-07-2017-18:02:16:494 77168 77742 1
18-07-2017-18:02:16:530 77742 78316 1
18-07-2017-18:02:16:565 78316 78890 1
18-07-2017-18:02:16:599 78890 79464 1
18-07-2017-18:02:16:634 79464 80038 1
18-07-2017-18:02:16:668 80038 80612 1
18-07-2017-18:02:16:704 80612 81186 1
18-07-2017-18:02:16:740 81186 81760 1
18-07-2017-18:02:16:774 81760 82334 1
18-07-2017-18:02:16:813 82334 82908 1
18-07-2017-18:02:16:849 82908 83482 1
18-07-2017-18:02:16:883 83482 84056 1
18-07-2017-18:02:16:918 84056 84630 1
18-07-2017-18:02:16:954 84630 85204 1
18-07-2017-18:02:16:989 85204 85778 1
18-07-2017-18:02:17:023 85778 86352 1
18-07-2017-18:02:17:071 86352 86926 1
18-07-2017-18:02:17:105 86926 87500 1
18-07-2017-18:02:17:139 87500 88074 1
18-07-2017-18:02:17:175 88074 88648 1
18-07-2017-18:02:17:202 88648 89222 1
18-07-2017-18:02:17:248 89222 89796 1
18-07-2017-18:02:17:284 89796 90370 1
18-07-2017-18:02:17:318 90370 90944 1
18-07-2017-18:02:17:354 90944 91518 1
18-07-2017-18:02:17:388 91518 92092 1
18-07-2017-18:02:17:424 92092 92666 1
18-07-2017-18:02:17:537 92666 93240 1
18-07-2017-18:02:17:537 93240 93814 1
18-07-2017-18:02:17:537 93814 94388 1
18-07-2017-18:02:17:569 94388 94962 1
18-07-2017-18:02:17:598 94962 95536 1
18-07-2017-18:02:17:634 95536 96110 1
18-07-2017-18:02:17:669 96110 96684 1
18-07-2017-18:02:17:715 96684 97258 1
18-07-2017-18:02:17:751 97258 97832 1
18-07-2017-18:02:17:785 97832 98406 1
18-07-2017-18:02:17:821 98406 98980 1
18-07-2017-18:02:17:855 98980 99554 1
18-07-2017-18:02:17:891 99554 100128 1
18-07-2017-18:02:17:924 100128 100702 1
18-07-2017-18:02:17:960 100702 101276 1
18-07-2017-18:02:17:995 101276 101850 1
18-07-2017-18:02:18:029 101850 102424 1
18-07-2017-18:02:18:065 102424 102998 1
18-07-2017-18:02:18:099 102998 103572 1
18-07-2017-18:02:18:136 103572 104146 1
18-07-2017-18:02:18:169 104146 104720 1
18-07-2017-18:02:18:217 104720 105294 1
18-07-2017-18:02:18:252 105294 105868 1
18-07-2017-18:02:18:292 105868 106442 1
18-07-2017-18:02:18:320 106442 107016 1
18-07-2017-18:02:18:353 107016 107590 1
18-07-2017-18:02:18:390 107590 108164 1
18-07-2017-18:02:18:424 108164 108738 1
18-07-2017-18:02:18:458 108738 109312 1
18-07-2017-18:02:18:493 109312 109886 1
18-07-2017-18:02:18:541 109886 110460 1
18-07-2017-18:02:18:576 110460 111034 1
18-07-2017-18:02:18:610 111034 111608 1
18-07-2017-18:02:18:646 111608 112182 1
18-07-2017-18:02:18:681 112182 112756 1
18-07-2017-18:02:18:709 112756 113330 1
18-07-2017-18:02:18:755 113330 113904 1
18-07-2017-18:02:18:789 113904 114478 1
18-07-2017-18:02:18:825 114478 115052 1
18-07-2017-18:02:18:861 115052 115626 1
18-07-2017-18:02:18:897 115626 116200 1
18-07-2017-18:02:18:931 116200 116774 1
18-07-2017-18:02:18:967 116774 117348 1
18-07-2017-18:02:19:001 117348 117922 1
18-07-2017-18:02:19:044 117922 118496 1
18-07-2017-18:02:19:078 118496 119070 1
18-07-2017-18:02:19:113 119070 119644 1
18-07-2017-18:02:19:148 119644 120218 1
18-07-2017-18:02:19:184 120218 120792 1
18-07-2017-18:02:19:218 120792 121366 1
18-07-2017-18:02:19:253 121366 121940 1
18-07-2017-18:02:19:289 121940 122514 1
18-07-2017-18:02:19:323 122514 123088 1
18-07-2017-18:02:19:358 123088 123662 1
18-07-2017-18:02:19:392 123662 124236 1
18-07-2017-18:02:19:428 124236 124810 1
18-07-2017-18:02:19:463 124810 125384 1
18-07-2017-18:02:19:499 125384 125958 1
18-07-2017-18:02:19:545 125958 126532 1
18-07-2017-18:02:19:588 126532 127106 1
18-07-2017-18:02:19:616 127106 127680 1
18-07-2017-18:02:19:649 127680 128254 1
18-07-2017-18:02:19:686 128254 128828 1
18-07-2017-18:02:19:727 128828 129402 1
18-07-2017-18:02:19:754 129402 129976 1
18-07-2017-18:02:19:790 129976 130550 1
18-07-2017-18:02:19:824 130550 131124 1
18-07-2017-18:02:19:860 131124 131698 1
18-07-2017-18:02:19:895 131698 132272 1
18-07-2017-18:02:19:929 132272 132846 1
18-07-2017-18:02:19:965 132846 133420 1
18-07-2017-18:02:20:013 133420 133994 1
18-07-2017-18:02:20:047 133994 134568 1
18-07-2017-18:02:20:081 134568 135142 1
18-07-2017-18:02:20:122 135142 135716 1
18-07-2017-18:02:20:151 135716 136290 1
18-07-2017-18:02:20:187 136290 136864 1
18-07-2017-18:02:20:221 136864 137438 1
18-07-2017-18:02:20:259 137438 138012 1
18-07-2017-18:02:20:295 138012 138586 1
18-07-2017-18:02:20:335 138586 139160 1
18-07-2017-18:02:20:368 139160 139734 1
18-07-2017-18:02:20:403 139734 140308 1
18-07-2017-18:02:20:440 140308 140882 1
18-07-2017-18:02:20:474 140882 141456 1
18-07-2017-18:02:20:509 141456 142030 1
18-07-2017-18:02:20:543 142030 142604 1
18-07-2017-18:02:20:579 142604 143178 1
18-07-2017-18:02:20:617 143178 143752 1
18-07-2017-18:02:20:649 143752 144326 1
18-07-2017-18:02:20:683 144326 144900 1
18-07-2017-18:02:20:718 144900 145474 1
