18-07-2017-18:31:04:750 0 800 1
18-07-2017-18:31:04:799 800 1600 1
18-07-2017-18:31:04:851 1600 2374 1
18-07-2017-18:31:04:902 2374 3120 1
18-07-2017-18:31:04:950 3120 3866 1
18-07-2017-18:31:04:993 3866 4612 1
18-07-2017-18:31:05:043 4612 5358 1
18-07-2017-18:31:05:089 5358 6104 1
18-07-2017-18:31:05:136 6104 6850 1
18-07-2017-18:31:05:182 6850 7596 1
18-07-2017-18:31:05:229 7596 8342 1
18-07-2017-18:31:05:280 8342 9088 1
18-07-2017-18:31:05:322 9088 9834 1
18-07-2017-18:31:05:370 9834 10580 1
18-07-2017-18:31:05:417 10580 11326 1
18-07-2017-18:31:05:463 11326 12072 1
18-07-2017-18:31:05:509 12072 12818 1
18-07-2017-18:31:05:548 12818 13564 1
18-07-2017-18:31:05:600 13564 14280 1
18-07-2017-18:31:05:646 14280 14996 1
18-07-2017-18:31:05:685 14996 15712 1
18-07-2017-18:31:05:727 15712 16428 1
18-07-2017-18:31:05:776 16428 17144 1
18-07-2017-18:31:05:826 17144 17860 1
18-07-2017-18:31:05:871 17860 18576 1
18-07-2017-18:31:05:914 18576 19292 1
18-07-2017-18:31:05:949 19292 20008 1
18-07-2017-18:31:05:997 20008 20724 1
18-07-2017-18:31:06:042 20724 21440 1
18-07-2017-18:31:06:090 21440 22156 1
18-07-2017-18:31:06:135 22156 22872 1
18-07-2017-18:31:06:182 22872 23588 1
18-07-2017-18:31:06:220 23588 24304 1
18-07-2017-18:31:06:265 24304 25020 1
18-07-2017-18:31:06:310 25020 25736 1
18-07-2017-18:31:06:360 25736 26452 1
18-07-2017-18:31:06:407 26452 27168 1
18-07-2017-18:31:06:445 27168 27884 1
18-07-2017-18:31:06:487 27884 28600 1
18-07-2017-18:31:06:535 28600 29316 1
18-07-2017-18:31:06:581 29316 30032 1
18-07-2017-18:31:06:635 30032 30748 1
18-07-2017-18:31:06:675 30748 31464 1
18-07-2017-18:31:06:710 31464 32180 1
18-07-2017-18:31:06:756 32180 32896 1
18-07-2017-18:31:06:804 32896 33612 1
18-07-2017-18:31:06:852 33612 34328 1
18-07-2017-18:31:06:898 34328 35044 1
18-07-2017-18:31:06:943 35044 35760 1
18-07-2017-18:31:06:978 35760 36476 1
18-07-2017-18:31:07:025 36476 37192 1
18-07-2017-18:31:07:071 37192 37908 1
18-07-2017-18:31:07:118 37908 38624 1
18-07-2017-18:31:07:278 38624 39340 1
18-07-2017-18:31:07:279 39340 40056 1
18-07-2017-18:31:07:279 40056 40772 1
18-07-2017-18:31:07:297 40772 41488 1
18-07-2017-18:31:07:342 41488 42204 1
18-07-2017-18:31:07:390 42204 42920 1
18-07-2017-18:31:07:436 42920 43636 1
18-07-2017-18:31:07:471 43636 44352 1
18-07-2017-18:31:07:517 44352 45068 1
18-07-2017-18:31:07:565 45068 45784 1
18-07-2017-18:31:07:611 45784 46500 1
18-07-2017-18:31:07:657 46500 47216 1
18-07-2017-18:31:07:704 47216 47932 1
18-07-2017-18:31:07:739 47932 48648 1
18-07-2017-18:31:07:786 48648 49364 1
18-07-2017-18:31:07:836 49364 50080 1
18-07-2017-18:31:07:880 50080 50796 1
18-07-2017-18:31:07:927 50796 51512 1
18-07-2017-18:31:07:973 51512 52228 1
18-07-2017-18:31:08:009 52228 52944 1
18-07-2017-18:31:08:055 52944 53660 1
18-07-2017-18:31:08:103 53660 54376 1
18-07-2017-18:31:08:148 54376 55092 1
18-07-2017-18:31:08:195 55092 55808 1
18-07-2017-18:31:08:241 55808 56524 1
18-07-2017-18:31:08:276 56524 57240 1
18-07-2017-18:31:08:323 57240 57956 1
18-07-2017-18:31:08:368 57956 58672 1
18-07-2017-18:31:08:416 58672 59388 1
18-07-2017-18:31:08:463 59388 60104 1
18-07-2017-18:31:08:509 60104 60820 1
18-07-2017-18:31:08:544 60820 61536 1
18-07-2017-18:31:08:592 61536 62252 1
18-07-2017-18:31:08:638 62252 62968 1
18-07-2017-18:31:08:683 62968 63684 1
18-07-2017-18:31:08:731 63684 64400 1
18-07-2017-18:31:08:778 64400 65116 1
18-07-2017-18:31:08:814 65116 65832 1
18-07-2017-18:31:08:859 65832 66548 1
18-07-2017-18:31:08:912 66548 67264 1
18-07-2017-18:31:08:955 67264 67980 1
18-07-2017-18:31:08:999 67980 68696 1
18-07-2017-18:31:09:047 68696 69412 1
18-07-2017-18:31:09:081 69412 70128 1
18-07-2017-18:31:09:128 70128 70844 1
18-07-2017-18:31:09:175 70844 71560 1
18-07-2017-18:31:09:220 71560 72276 1
18-07-2017-18:31:09:268 72276 72992 1
18-07-2017-18:31:09:315 72992 73708 1
18-07-2017-18:31:09:352 73708 74424 1
18-07-2017-18:31:09:413 74424 75140 1
18-07-2017-18:31:09:448 75140 75856 1
18-07-2017-18:31:09:491 75856 76572 1
18-07-2017-18:31:09:535 76572 77288 1
18-07-2017-18:31:09:584 77288 78004 1
18-07-2017-18:31:09:617 78004 78720 1
18-07-2017-18:31:09:664 78720 79436 1
18-07-2017-18:31:09:710 79436 80152 1
18-07-2017-18:31:09:760 80152 80868 1
18-07-2017-18:31:09:807 80868 81584 1
18-07-2017-18:31:09:852 81584 82300 1
18-07-2017-18:31:09:888 82300 83016 1
18-07-2017-18:31:09:934 83016 83732 1
18-07-2017-18:31:09:983 83732 84448 1
18-07-2017-18:31:10:027 84448 85164 1
18-07-2017-18:31:10:075 85164 85880 1
18-07-2017-18:31:10:122 85880 86596 1
18-07-2017-18:31:10:179 86596 87312 1
18-07-2017-18:31:10:202 87312 88028 1
18-07-2017-18:31:10:252 88028 88744 1
18-07-2017-18:31:10:417 88744 89460 1
18-07-2017-18:31:10:418 89460 90176 1
18-07-2017-18:31:10:419 90176 90892 1
18-07-2017-18:31:10:430 90892 91608 1
18-07-2017-18:31:10:475 91608 92324 1
18-07-2017-18:31:10:535 92324 93040 1
18-07-2017-18:31:10:562 93040 93756 1
18-07-2017-18:31:10:608 93756 94472 1
18-07-2017-18:31:10:654 94472 95188 1
18-07-2017-18:31:10:701 95188 95904 1
18-07-2017-18:31:10:748 95904 96620 1
18-07-2017-18:31:10:785 96620 97336 1
18-07-2017-18:31:10:830 97336 98052 1
18-07-2017-18:31:10:876 98052 98768 1
18-07-2017-18:31:10:924 98768 99484 1
18-07-2017-18:31:10:969 99484 100200 1
18-07-2017-18:31:11:016 100200 100916 1
18-07-2017-18:31:11:055 100916 101632 1
18-07-2017-18:31:11:101 101632 102348 1
18-07-2017-18:31:11:149 102348 103064 1
18-07-2017-18:31:11:194 103064 103780 1
18-07-2017-18:31:11:232 103780 104496 1
18-07-2017-18:31:11:277 104496 105212 1
18-07-2017-18:31:11:323 105212 105928 1
18-07-2017-18:31:11:370 105928 106644 1
18-07-2017-18:31:11:415 106644 107360 1
18-07-2017-18:31:11:464 107360 108076 1
18-07-2017-18:31:11:500 108076 108792 1
18-07-2017-18:31:11:549 108792 109508 1
18-07-2017-18:31:11:595 109508 110224 1
18-07-2017-18:31:11:772 110224 110940 1
18-07-2017-18:31:11:773 110940 111656 1
18-07-2017-18:31:11:775 111656 112372 1
18-07-2017-18:31:11:776 112372 113088 1
18-07-2017-18:31:11:817 113088 113804 1
18-07-2017-18:31:11:863 113804 114520 1
18-07-2017-18:31:11:915 114520 115236 1
18-07-2017-18:31:11:952 115236 115952 1
18-07-2017-18:31:11:999 115952 116668 1
18-07-2017-18:31:12:035 116668 117384 1
18-07-2017-18:31:12:082 117384 118100 1
18-07-2017-18:31:12:129 118100 118816 1
18-07-2017-18:31:12:175 118816 119532 1
18-07-2017-18:31:12:222 119532 120248 1
18-07-2017-18:31:12:267 120248 120964 1
18-07-2017-18:31:12:301 120964 121680 1
18-07-2017-18:31:12:349 121680 122396 1
18-07-2017-18:31:12:401 122396 123040 1
18-07-2017-18:31:12:439 123040 123684 1
18-07-2017-18:31:12:477 123684 124328 1
18-07-2017-18:31:12:510 124328 124972 1
18-07-2017-18:31:12:557 124972 125616 1
18-07-2017-18:31:12:595 125616 126260 1
18-07-2017-18:31:12:638 126260 126904 1
18-07-2017-18:31:12:673 126904 127548 1
18-07-2017-18:31:12:718 127548 128192 1
18-07-2017-18:31:12:755 128192 128836 1
18-07-2017-18:31:12:800 128836 129480 1
18-07-2017-18:31:12:835 129480 130124 1
18-07-2017-18:31:12:872 130124 130768 1
18-07-2017-18:31:12:921 130768 131412 1
18-07-2017-18:31:12:957 131412 132056 1
18-07-2017-18:31:13:002 132056 132700 1
18-07-2017-18:31:13:038 132700 133344 1
18-07-2017-18:31:13:072 133344 133988 1
18-07-2017-18:31:13:118 133988 134632 1
18-07-2017-18:31:13:154 134632 135276 1
18-07-2017-18:31:13:200 135276 135920 1
18-07-2017-18:31:13:240 135920 136564 1
18-07-2017-18:31:13:276 136564 137208 1
18-07-2017-18:31:13:324 137208 137852 1
18-07-2017-18:31:13:359 137852 138496 1
18-07-2017-18:31:13:406 138496 139140 1
18-07-2017-18:31:13:439 139140 139784 1
18-07-2017-18:31:13:487 139784 140428 1
18-07-2017-18:31:13:524 140428 141072 1
18-07-2017-18:31:13:560 141072 141716 1
18-07-2017-18:31:13:607 141716 142360 1
18-07-2017-18:31:13:642 142360 143004 1
18-07-2017-18:31:13:678 143004 143648 1
18-07-2017-18:31:13:726 143648 144292 1
18-07-2017-18:31:13:758 144292 144936 1
18-07-2017-18:31:13:806 144936 145580 1
18-07-2017-18:31:13:839 145580 146224 1
18-07-2017-18:31:13:886 146224 146868 1
18-07-2017-18:31:13:920 146868 147512 1
18-07-2017-18:31:13:967 147512 148156 1
18-07-2017-18:31:14:002 148156 148800 1
18-07-2017-18:31:14:055 148800 149444 1
18-07-2017-18:31:14:089 149444 150088 1
18-07-2017-18:31:14:125 150088 150732 1
18-07-2017-18:31:14:170 150732 151376 1
18-07-2017-18:31:14:206 151376 152020 1
18-07-2017-18:31:14:241 152020 152664 1
18-07-2017-18:31:14:287 152664 153308 1
18-07-2017-18:31:14:323 153308 153952 1
18-07-2017-18:31:14:367 153952 154596 1
18-07-2017-18:31:14:404 154596 155240 1
18-07-2017-18:31:14:451 155240 155884 1
18-07-2017-18:31:14:485 155884 156528 1
18-07-2017-18:31:14:532 156528 157172 1
18-07-2017-18:31:14:566 157172 157816 1
18-07-2017-18:31:14:602 157816 158460 1
18-07-2017-18:31:14:643 158460 159104 1
18-07-2017-18:31:14:688 159104 159748 1
18-07-2017-18:31:14:725 159748 160392 1
18-07-2017-18:31:15:011 160392 161036 1
18-07-2017-18:31:15:012 161036 161680 1
18-07-2017-18:31:15:012 161680 162324 1
18-07-2017-18:31:15:012 162324 162968 1
18-07-2017-18:31:15:012 162968 163612 1
18-07-2017-18:31:15:012 163612 164256 1
18-07-2017-18:31:15:012 164256 164900 1
18-07-2017-18:31:15:056 164900 165544 1
18-07-2017-18:31:15:115 165544 166188 1
18-07-2017-18:31:15:132 166188 166832 1
18-07-2017-18:31:15:168 166832 167476 1
