18-07-2017-18:32:27:536 0 771 1
18-07-2017-18:32:27:582 771 1542 1
18-07-2017-18:32:27:629 1542 2313 1
18-07-2017-18:32:27:673 2313 3084 1
18-07-2017-18:32:27:726 3084 3848 1
18-07-2017-18:32:27:779 3848 4612 1
18-07-2017-18:32:27:822 4612 5376 1
18-07-2017-18:32:27:874 5376 6115 1
18-07-2017-18:32:27:917 6115 6854 1
18-07-2017-18:32:27:964 6854 7593 1
18-07-2017-18:32:28:012 7593 8332 1
18-07-2017-18:32:28:058 8332 9071 1
18-07-2017-18:32:28:105 9071 9810 1
18-07-2017-18:32:28:143 9810 10549 1
18-07-2017-18:32:28:194 10549 11288 1
18-07-2017-18:32:28:236 11288 12027 1
18-07-2017-18:32:28:288 12027 12766 1
18-07-2017-18:32:28:334 12766 13505 1
18-07-2017-18:32:28:385 13505 14244 1
18-07-2017-18:32:28:427 14244 14983 1
18-07-2017-18:32:28:473 14983 15722 1
18-07-2017-18:32:28:520 15722 16461 1
18-07-2017-18:32:28:568 16461 17200 1
18-07-2017-18:32:28:700 17200 17939 1
18-07-2017-18:32:28:702 17939 18678 1
18-07-2017-18:32:28:703 18678 19417 1
18-07-2017-18:32:28:746 19417 20156 1
18-07-2017-18:32:28:795 20156 20895 1
18-07-2017-18:32:28:842 20895 21634 1
18-07-2017-18:32:28:889 21634 22373 1
18-07-2017-18:32:28:935 22373 23112 1
18-07-2017-18:32:28:977 23112 23851 1
18-07-2017-18:32:29:022 23851 24590 1
18-07-2017-18:32:29:070 24590 25329 1
18-07-2017-18:32:29:116 25329 26068 1
18-07-2017-18:32:29:163 26068 26807 1
18-07-2017-18:32:29:210 26807 27546 1
18-07-2017-18:32:29:255 27546 28285 1
18-07-2017-18:32:29:303 28285 29024 1
18-07-2017-18:32:29:344 29024 29763 1
18-07-2017-18:32:29:391 29763 30502 1
18-07-2017-18:32:29:437 30502 31241 1
18-07-2017-18:32:29:484 31241 31980 1
18-07-2017-18:32:29:530 31980 32719 1
18-07-2017-18:32:29:577 32719 33458 1
18-07-2017-18:32:29:622 33458 34197 1
18-07-2017-18:32:29:674 34197 34936 1
18-07-2017-18:32:29:715 34936 35675 1
18-07-2017-18:32:29:761 35675 36414 1
18-07-2017-18:32:29:807 36414 37153 1
18-07-2017-18:32:29:855 37153 37892 1
18-07-2017-18:32:29:901 37892 38631 1
18-07-2017-18:32:29:949 38631 39370 1
18-07-2017-18:32:29:994 39370 40109 1
18-07-2017-18:32:30:036 40109 40848 1
18-07-2017-18:32:30:084 40848 41587 1
18-07-2017-18:32:30:128 41587 42326 1
18-07-2017-18:32:30:175 42326 43065 1
18-07-2017-18:32:30:221 43065 43804 1
18-07-2017-18:32:30:269 43804 44543 1
18-07-2017-18:32:30:315 44543 45282 1
18-07-2017-18:32:30:361 45282 46021 1
18-07-2017-18:32:30:405 46021 46760 1
18-07-2017-18:32:30:458 46760 47499 1
18-07-2017-18:32:30:507 47499 48238 1
18-07-2017-18:32:30:551 48238 48977 1
18-07-2017-18:32:30:597 48977 49716 1
18-07-2017-18:32:30:644 49716 50455 1
18-07-2017-18:32:30:691 50455 51194 1
18-07-2017-18:32:30:731 51194 51933 1
18-07-2017-18:32:30:784 51933 52664 1
18-07-2017-18:32:30:820 52664 53395 1
18-07-2017-18:32:30:865 53395 54126 1
18-07-2017-18:32:30:913 54126 54857 1
18-07-2017-18:32:30:958 54857 55588 1
18-07-2017-18:32:31:019 55588 56319 1
18-07-2017-18:32:31:050 56319 57050 1
18-07-2017-18:32:31:102 57050 57781 1
18-07-2017-18:32:31:138 57781 58512 1
18-07-2017-18:32:31:185 58512 59243 1
18-07-2017-18:32:31:231 59243 59974 1
18-07-2017-18:32:31:280 59974 60705 1
18-07-2017-18:32:31:325 60705 61436 1
18-07-2017-18:32:31:372 61436 62167 1
18-07-2017-18:32:31:417 62167 62898 1
18-07-2017-18:32:31:465 62898 63629 1
18-07-2017-18:32:31:512 63629 64360 1
18-07-2017-18:32:31:558 64360 65091 1
18-07-2017-18:32:31:606 65091 65822 1
18-07-2017-18:32:31:657 65822 66553 1
18-07-2017-18:32:31:701 66553 67284 1
18-07-2017-18:32:32:175 67284 68015 1
18-07-2017-18:32:32:177 68015 68746 1
18-07-2017-18:32:32:177 68746 69477 1
18-07-2017-18:32:32:177 69477 70208 1
18-07-2017-18:32:32:177 70208 70939 1
18-07-2017-18:32:32:177 70939 71670 1
18-07-2017-18:32:32:177 71670 72401 1
18-07-2017-18:32:32:178 72401 73132 1
18-07-2017-18:32:32:178 73132 73863 1
18-07-2017-18:32:32:178 73863 74594 1
18-07-2017-18:32:32:194 74594 75325 1
18-07-2017-18:32:32:241 75325 76056 1
18-07-2017-18:32:32:292 76056 76787 1
18-07-2017-18:32:32:333 76787 77518 1
18-07-2017-18:32:32:380 77518 78249 1
18-07-2017-18:32:32:427 78249 78980 1
18-07-2017-18:32:32:474 78980 79711 1
18-07-2017-18:32:32:510 79711 80442 1
18-07-2017-18:32:32:554 80442 81173 1
18-07-2017-18:32:32:601 81173 81904 1
18-07-2017-18:32:32:653 81904 82563 1
18-07-2017-18:32:32:687 82563 83222 1
18-07-2017-18:32:32:732 83222 83881 1
18-07-2017-18:32:32:766 83881 84540 1
18-07-2017-18:32:32:813 84540 85199 1
18-07-2017-18:32:32:847 85199 85858 1
18-07-2017-18:32:32:894 85858 86517 1
18-07-2017-18:32:32:930 86517 87176 1
18-07-2017-18:32:32:977 87176 87835 1
18-07-2017-18:32:33:023 87835 88494 1
18-07-2017-18:32:33:060 88494 89153 1
18-07-2017-18:32:33:104 89153 89812 1
18-07-2017-18:32:33:161 89812 90471 1
18-07-2017-18:32:33:197 90471 91130 1
18-07-2017-18:32:33:232 91130 91789 1
18-07-2017-18:32:33:268 91789 92448 1
18-07-2017-18:32:33:303 92448 93107 1
18-07-2017-18:32:33:348 93107 93766 1
18-07-2017-18:32:33:397 93766 94425 1
18-07-2017-18:32:33:430 94425 95084 1
18-07-2017-18:32:33:472 95084 95743 1
18-07-2017-18:32:33:512 95743 96402 1
18-07-2017-18:32:33:548 96402 97061 1
18-07-2017-18:32:34:061 97061 97720 1
18-07-2017-18:32:34:061 97720 98379 1
18-07-2017-18:32:34:061 98379 99038 1
18-07-2017-18:32:34:062 99038 99697 1
18-07-2017-18:32:34:063 99697 100356 1
18-07-2017-18:32:34:063 100356 101015 1
18-07-2017-18:32:34:063 101015 101674 1
18-07-2017-18:32:34:063 101674 102333 1
18-07-2017-18:32:34:063 102333 102992 1
18-07-2017-18:32:34:063 102992 103651 1
18-07-2017-18:32:34:063 103651 104310 1
18-07-2017-18:32:34:063 104310 104969 1
18-07-2017-18:32:34:084 104969 105628 1
18-07-2017-18:32:34:127 105628 106287 1
18-07-2017-18:32:34:175 106287 106946 1
18-07-2017-18:32:34:209 106946 107605 1
18-07-2017-18:32:34:256 107605 108264 1
18-07-2017-18:32:34:292 108264 108923 1
18-07-2017-18:32:34:360 108923 109582 1
18-07-2017-18:32:34:372 109582 110241 1
18-07-2017-18:32:34:422 110241 110900 1
18-07-2017-18:32:34:454 110900 111559 1
18-07-2017-18:32:34:500 111559 112218 1
18-07-2017-18:32:34:535 112218 112877 1
18-07-2017-18:32:34:582 112877 113536 1
18-07-2017-18:32:34:629 113536 114195 1
18-07-2017-18:32:34:664 114195 114854 1
18-07-2017-18:32:34:710 114854 115513 1
18-07-2017-18:32:34:745 115513 116172 1
18-07-2017-18:32:34:792 116172 116831 1
18-07-2017-18:32:34:827 116831 117490 1
18-07-2017-18:32:34:865 117490 118149 1
18-07-2017-18:32:34:913 118149 118808 1
18-07-2017-18:32:34:985 118808 119467 1
18-07-2017-18:32:34:995 119467 120126 1
18-07-2017-18:32:35:040 120126 120785 1
18-07-2017-18:32:35:076 120785 121444 1
18-07-2017-18:32:35:123 121444 122103 1
18-07-2017-18:32:35:170 122103 122762 1
18-07-2017-18:32:35:204 122762 123421 1
18-07-2017-18:32:35:238 123421 124080 1
18-07-2017-18:32:35:286 124080 124739 1
18-07-2017-18:32:35:321 124739 125398 1
18-07-2017-18:32:35:366 125398 126057 1
18-07-2017-18:32:35:412 126057 126716 1
18-07-2017-18:32:35:446 126716 127375 1
18-07-2017-18:32:35:494 127375 128034 1
18-07-2017-18:32:35:529 128034 128693 1
18-07-2017-18:32:35:575 128693 129352 1
18-07-2017-18:32:35:611 129352 130011 1
18-07-2017-18:32:35:659 130011 130670 1
18-07-2017-18:32:35:692 130670 131329 1
18-07-2017-18:32:35:739 131329 131988 1
18-07-2017-18:32:35:773 131988 132647 1
18-07-2017-18:32:35:820 132647 133306 1
18-07-2017-18:32:35:854 133306 133965 1
18-07-2017-18:32:35:902 133965 134624 1
18-07-2017-18:32:35:936 134624 135283 1
18-07-2017-18:32:35:983 135283 135942 1
18-07-2017-18:32:36:018 135942 136601 1
18-07-2017-18:32:36:064 136601 137260 1
18-07-2017-18:32:36:112 137260 137919 1
18-07-2017-18:32:36:146 137919 138578 1
18-07-2017-18:32:36:192 138578 139237 1
18-07-2017-18:32:36:228 139237 139896 1
18-07-2017-18:32:36:276 139896 140555 1
18-07-2017-18:32:36:311 140555 141214 1
18-07-2017-18:32:36:749 141214 141873 1
18-07-2017-18:32:36:750 141873 142532 1
18-07-2017-18:32:36:750 142532 143191 1
18-07-2017-18:32:36:750 143191 143850 1
18-07-2017-18:32:36:750 143850 144509 1
18-07-2017-18:32:36:750 144509 145168 1
18-07-2017-18:32:36:751 145168 145827 1
18-07-2017-18:32:36:751 145827 146486 1
18-07-2017-18:32:36:751 146486 147145 1
18-07-2017-18:32:36:751 147145 147804 1
18-07-2017-18:32:36:776 147804 148463 1
18-07-2017-18:32:36:811 148463 149122 1
18-07-2017-18:32:36:851 149122 149781 1
18-07-2017-18:32:36:890 149781 150440 1
18-07-2017-18:32:36:926 150440 151099 1
18-07-2017-18:32:36:971 151099 151758 1
18-07-2017-18:32:37:018 151758 152417 1
18-07-2017-18:32:37:053 152417 153076 1
18-07-2017-18:32:37:099 153076 153735 1
18-07-2017-18:32:37:134 153735 154394 1
18-07-2017-18:32:37:182 154394 155053 1
18-07-2017-18:32:37:217 155053 155712 1
18-07-2017-18:32:37:264 155712 156371 1
18-07-2017-18:32:37:298 156371 157030 1
18-07-2017-18:32:37:346 157030 157689 1
18-07-2017-18:32:37:379 157689 158348 1
18-07-2017-18:32:37:427 158348 159007 1
18-07-2017-18:32:37:461 159007 159666 1
18-07-2017-18:32:37:513 159666 160325 1
18-07-2017-18:32:37:551 160325 160984 1
18-07-2017-18:32:37:585 160984 161643 1
18-07-2017-18:32:37:632 161643 162302 1
18-07-2017-18:32:37:666 162302 162961 1
18-07-2017-18:32:37:713 162961 163620 1
18-07-2017-18:32:37:778 163620 164279 1
18-07-2017-18:32:37:800 164279 164938 1
18-07-2017-18:32:37:840 164938 165597 1
18-07-2017-18:32:37:875 165597 166256 1
18-07-2017-18:32:37:921 166256 166915 1
18-07-2017-18:32:37:957 166915 167574 1
18-07-2017-18:32:38:004 167574 168233 1
18-07-2017-18:32:38:038 168233 168892 1
18-07-2017-18:32:38:086 168892 169551 1
18-07-2017-18:32:38:120 169551 170210 1
18-07-2017-18:32:38:166 170210 170869 1
18-07-2017-18:32:38:200 170869 171528 1
18-07-2017-18:32:38:248 171528 172187 1
18-07-2017-18:32:38:294 172187 172846 1
18-07-2017-18:32:38:330 172846 173505 1
18-07-2017-18:32:38:376 173505 174164 1
18-07-2017-18:32:38:412 174164 174823 1
18-07-2017-18:32:38:455 174823 175482 1
18-07-2017-18:32:38:501 175482 176141 1
18-07-2017-18:32:38:542 176141 176800 1
18-07-2017-18:32:38:576 176800 177459 1
18-07-2017-18:32:38:622 177459 178118 1
18-07-2017-18:32:38:658 178118 178777 1
18-07-2017-18:32:38:705 178777 179436 1
18-07-2017-18:32:38:762 179436 180095 1
18-07-2017-18:32:38:787 180095 180754 1
18-07-2017-18:32:38:821 180754 181413 1
18-07-2017-18:32:38:868 181413 182072 1
18-07-2017-18:32:38:902 182072 182731 1
18-07-2017-18:32:38:949 182731 183390 1
18-07-2017-18:32:38:985 183390 184049 1
18-07-2017-18:32:39:036 184049 184708 1
18-07-2017-18:32:39:067 184708 185367 1
18-07-2017-18:32:39:113 185367 186026 1
18-07-2017-18:32:39:160 186026 186685 1
18-07-2017-18:32:39:194 186685 187344 1
18-07-2017-18:32:39:242 187344 188003 1
18-07-2017-18:32:39:308 188003 188662 1
18-07-2017-18:32:39:323 188662 189321 1
18-07-2017-18:32:39:359 189321 189980 1
18-07-2017-18:32:39:404 189980 190639 1
18-07-2017-18:32:39:439 190639 191298 1
18-07-2017-18:32:39:485 191298 191957 1
18-07-2017-18:32:39:546 191957 192616 1
18-07-2017-18:32:39:568 192616 193275 1
18-07-2017-18:32:39:607 193275 193934 1
18-07-2017-18:32:39:646 193934 194593 1
18-07-2017-18:32:39:694 194593 195252 1
18-07-2017-18:32:39:727 195252 195911 1
18-07-2017-18:32:39:797 195911 196570 1
18-07-2017-18:32:39:809 196570 197229 1
18-07-2017-18:32:39:857 197229 197888 1
18-07-2017-18:32:39:893 197888 198547 1
18-07-2017-18:32:39:937 198547 199206 1
18-07-2017-18:32:39:974 199206 199865 1
18-07-2017-18:32:40:021 199865 200524 1
18-07-2017-18:32:40:054 200524 201183 1
18-07-2017-18:32:40:102 201183 201842 1
18-07-2017-18:32:40:147 201842 202501 1
18-07-2017-18:32:40:183 202501 203160 1
18-07-2017-18:32:40:235 203160 203819 1
18-07-2017-18:32:40:265 203819 204478 1
18-07-2017-18:32:40:304 204478 205137 1
18-07-2017-18:32:40:349 205137 205796 1
18-07-2017-18:32:40:584 205796 206455 1
18-07-2017-18:32:40:586 206455 207114 1
18-07-2017-18:32:40:586 207114 207773 1
18-07-2017-18:32:40:588 207773 208432 1
18-07-2017-18:32:40:588 208432 209091 1
18-07-2017-18:32:40:597 209091 209750 1
18-07-2017-18:32:40:662 209750 210409 1
18-07-2017-18:32:40:673 210409 211068 1
18-07-2017-18:32:40:721 211068 211727 1
18-07-2017-18:32:40:757 211727 212386 1
18-07-2017-18:32:40:803 212386 213045 1
18-07-2017-18:32:40:837 213045 213704 1
18-07-2017-18:32:40:883 213704 214363 1
18-07-2017-18:32:40:961 214363 215022 1
18-07-2017-18:32:40:966 215022 215681 1
18-07-2017-18:32:41:012 215681 216340 1
18-07-2017-18:32:41:048 216340 216999 1
18-07-2017-18:32:41:093 216999 217658 1
18-07-2017-18:32:41:128 217658 218317 1
18-07-2017-18:32:41:175 218317 218976 1
18-07-2017-18:32:41:212 218976 219635 1
18-07-2017-18:32:41:258 219635 220294 1
18-07-2017-18:32:41:291 220294 220953 1
18-07-2017-18:32:41:338 220953 221612 1
18-07-2017-18:32:41:373 221612 222271 1
18-07-2017-18:32:41:419 222271 222930 1
18-07-2017-18:32:41:455 222930 223589 1
18-07-2017-18:32:41:507 223589 224248 1
18-07-2017-18:32:41:537 224248 224907 1
18-07-2017-18:32:41:581 224907 225566 1
18-07-2017-18:32:41:631 225566 226225 1
18-07-2017-18:32:41:663 226225 226884 1
18-07-2017-18:32:41:711 226884 227543 1
18-07-2017-18:32:41:758 227543 228202 1
18-07-2017-18:32:41:786 228202 228861 1
18-07-2017-18:32:41:833 228861 229520 1
18-07-2017-18:32:41:869 229520 230179 1
18-07-2017-18:32:41:913 230179 230838 1
18-07-2017-18:32:41:961 230838 231497 1
18-07-2017-18:32:42:104 231497 232156 1
18-07-2017-18:32:42:104 232156 232815 1
18-07-2017-18:32:42:105 232815 233474 1
18-07-2017-18:32:42:121 233474 234133 1
18-07-2017-18:32:42:165 234133 234792 1
18-07-2017-18:32:42:200 234792 235451 1
18-07-2017-18:32:42:244 235451 236110 1
18-07-2017-18:32:42:280 236110 236769 1
18-07-2017-18:32:42:325 236769 237428 1
18-07-2017-18:32:42:362 237428 238087 1
18-07-2017-18:32:42:407 238087 238746 1
18-07-2017-18:32:42:454 238746 239405 1
18-07-2017-18:32:42:490 239405 240064 1
18-07-2017-18:32:42:535 240064 240723 1
18-07-2017-18:32:42:580 240723 241382 1
18-07-2017-18:32:42:616 241382 242041 1
18-07-2017-18:32:42:649 242041 242700 1
18-07-2017-18:32:42:697 242700 243359 1
18-07-2017-18:32:42:743 243359 244018 1
18-07-2017-18:32:42:778 244018 244677 1
18-07-2017-18:32:42:824 244677 245336 1
18-07-2017-18:32:42:859 245336 245995 1
18-07-2017-18:32:42:905 245995 246654 1
18-07-2017-18:32:42:940 246654 247313 1
18-07-2017-18:32:42:988 247313 247972 1
18-07-2017-18:32:43:021 247972 248631 1
