18-07-2017-18:56:23:122 0 736 1
18-07-2017-18:56:23:158 736 1472 1
18-07-2017-18:56:23:211 1472 2208 1
18-07-2017-18:56:23:257 2208 2944 1
18-07-2017-18:56:23:303 2944 3680 1
18-07-2017-18:56:23:342 3680 4416 1
18-07-2017-18:56:23:388 4416 5152 1
18-07-2017-18:56:23:440 5152 5888 1
18-07-2017-18:56:23:488 5888 6624 1
18-07-2017-18:56:23:528 6624 7360 1
18-07-2017-18:56:23:581 7360 8032 1
18-07-2017-18:56:23:628 8032 8704 1
18-07-2017-18:56:23:656 8704 9376 1
18-07-2017-18:56:23:697 9376 10048 1
18-07-2017-18:56:23:738 10048 10720 1
18-07-2017-18:56:23:778 10720 11392 1
18-07-2017-18:56:23:836 11392 12064 1
18-07-2017-18:56:23:877 12064 12736 1
18-07-2017-18:56:23:907 12736 13408 1
18-07-2017-18:56:23:948 13408 14080 1
18-07-2017-18:56:24:001 14080 14736 1
18-07-2017-18:56:24:029 14736 15392 1
18-07-2017-18:56:24:079 15392 16048 1
18-07-2017-18:56:24:116 16048 16704 1
18-07-2017-18:56:24:159 16704 17360 1
18-07-2017-18:56:24:203 17360 18016 1
18-07-2017-18:56:24:244 18016 18672 1
18-07-2017-18:56:24:284 18672 19328 1
18-07-2017-18:56:24:326 19328 19984 1
18-07-2017-18:56:24:356 19984 20640 1
18-07-2017-18:56:24:404 20640 21296 1
18-07-2017-18:56:24:444 21296 21952 1
18-07-2017-18:56:24:486 21952 22608 1
18-07-2017-18:56:24:526 22608 23264 1
18-07-2017-18:56:24:572 23264 23920 1
18-07-2017-18:56:24:614 23920 24576 1
18-07-2017-18:56:24:654 24576 25232 1
18-07-2017-18:56:24:693 25232 25888 1
18-07-2017-18:56:24:742 25888 26544 1
18-07-2017-18:56:24:767 26544 27200 1
18-07-2017-18:56:24:810 27200 27856 1
18-07-2017-18:56:24:850 27856 28512 1
18-07-2017-18:56:24:891 28512 29168 1
18-07-2017-18:56:24:937 29168 29824 1
18-07-2017-18:56:24:977 29824 30480 1
18-07-2017-18:56:25:019 30480 31136 1
18-07-2017-18:56:25:065 31136 31792 1
18-07-2017-18:56:25:105 31792 32448 1
18-07-2017-18:56:25:145 32448 33104 1
18-07-2017-18:56:25:185 33104 33760 1
18-07-2017-18:56:25:233 33760 34416 1
18-07-2017-18:56:25:260 34416 35072 1
18-07-2017-18:56:25:299 35072 35728 1
18-07-2017-18:56:25:341 35728 36384 1
18-07-2017-18:56:25:382 36384 37040 1
18-07-2017-18:56:25:422 37040 37696 1
18-07-2017-18:56:25:468 37696 38352 1
18-07-2017-18:56:25:510 38352 39008 1
18-07-2017-18:56:25:549 39008 39664 1
18-07-2017-18:56:25:591 39664 40320 1
18-07-2017-18:56:25:637 40320 40976 1
18-07-2017-18:56:25:677 40976 41632 1
18-07-2017-18:56:25:724 41632 42288 1
18-07-2017-18:56:25:751 42288 42944 1
18-07-2017-18:56:25:792 42944 43600 1
18-07-2017-18:56:25:842 43600 44256 1
18-07-2017-18:56:25:888 44256 44912 1
18-07-2017-18:56:25:930 44912 45568 1
18-07-2017-18:56:25:972 45568 46224 1
18-07-2017-18:56:25:999 46224 46880 1
18-07-2017-18:56:26:041 46880 47536 1
18-07-2017-18:56:26:083 47536 48192 1
18-07-2017-18:56:26:122 48192 48848 1
18-07-2017-18:56:26:164 48848 49504 1
18-07-2017-18:56:26:374 49504 50160 1
18-07-2017-18:56:26:375 50160 50816 1
18-07-2017-18:56:26:375 50816 51472 1
18-07-2017-18:56:26:376 51472 52128 1
18-07-2017-18:56:26:378 52128 52784 1
18-07-2017-18:56:26:407 52784 53440 1
18-07-2017-18:56:26:448 53440 54096 1
18-07-2017-18:56:26:489 54096 54752 1
18-07-2017-18:56:26:535 54752 55408 1
18-07-2017-18:56:26:570 55408 56064 1
18-07-2017-18:56:26:618 56064 56720 1
18-07-2017-18:56:26:657 56720 57376 1
18-07-2017-18:56:26:698 57376 58032 1
18-07-2017-18:56:26:738 58032 58688 1
18-07-2017-18:56:26:784 58688 59344 1
18-07-2017-18:56:26:825 59344 60000 1
18-07-2017-18:56:26:866 60000 60656 1
18-07-2017-18:56:26:908 60656 61312 1
18-07-2017-18:56:26:954 61312 61968 1
18-07-2017-18:56:26:981 61968 62624 1
18-07-2017-18:56:27:023 62624 63280 1
18-07-2017-18:56:27:062 63280 63936 1
18-07-2017-18:56:27:102 63936 64592 1
18-07-2017-18:56:27:149 64592 65248 1
18-07-2017-18:56:27:189 65248 65904 1
18-07-2017-18:56:27:230 65904 66560 1
18-07-2017-18:56:27:276 66560 67216 1
18-07-2017-18:56:27:318 67216 67872 1
18-07-2017-18:56:27:357 67872 68528 1
18-07-2017-18:56:27:397 68528 69184 1
18-07-2017-18:56:27:438 69184 69840 1
18-07-2017-18:56:27:484 69840 70496 1
18-07-2017-18:56:27:524 70496 71152 1
18-07-2017-18:56:27:566 71152 71808 1
18-07-2017-18:56:27:606 71808 72464 1
18-07-2017-18:56:27:652 72464 73120 1
18-07-2017-18:56:27:694 73120 73776 1
18-07-2017-18:56:27:721 73776 74432 1
18-07-2017-18:56:27:763 74432 75088 1
18-07-2017-18:56:27:802 75088 75744 1
18-07-2017-18:56:27:846 75744 76400 1
18-07-2017-18:56:27:890 76400 77056 1
18-07-2017-18:56:27:931 77056 77712 1
18-07-2017-18:56:27:972 77712 78368 1
18-07-2017-18:56:28:011 78368 79024 1
18-07-2017-18:56:28:058 79024 79680 1
18-07-2017-18:56:28:100 79680 80336 1
18-07-2017-18:56:28:140 80336 80992 1
18-07-2017-18:56:28:180 80992 81648 1
18-07-2017-18:56:28:222 81648 82304 1
18-07-2017-18:56:28:267 82304 82960 1
18-07-2017-18:56:28:308 82960 83616 1
18-07-2017-18:56:28:339 83616 84272 1
18-07-2017-18:56:28:378 84272 84928 1
18-07-2017-18:56:28:420 84928 85584 1
18-07-2017-18:56:28:459 85584 86240 1
18-07-2017-18:56:28:507 86240 86896 1
18-07-2017-18:56:28:546 86896 87552 1
18-07-2017-18:56:28:587 87552 88208 1
18-07-2017-18:56:28:631 88208 88864 1
18-07-2017-18:56:28:673 88864 89520 1
18-07-2017-18:56:28:712 89520 90176 1
18-07-2017-18:56:28:764 90176 90832 1
18-07-2017-18:56:28:801 90832 91488 1
18-07-2017-18:56:28:842 91488 92144 1
18-07-2017-18:56:28:871 92144 92800 1
18-07-2017-18:56:28:913 92800 93456 1
18-07-2017-18:56:28:952 93456 94112 1
18-07-2017-18:56:28:992 94112 94768 1
18-07-2017-18:56:29:038 94768 95424 1
18-07-2017-18:56:29:080 95424 96080 1
18-07-2017-18:56:29:120 96080 96736 1
18-07-2017-18:56:29:161 96736 97392 1
18-07-2017-18:56:29:209 97392 98048 1
18-07-2017-18:56:29:236 98048 98704 1
18-07-2017-18:56:29:277 98704 99360 1
18-07-2017-18:56:29:318 99360 100016 1
