18-07-2017-18:01:55:679 0 800 1
18-07-2017-18:01:55:724 800 1600 1
18-07-2017-18:01:55:775 1600 2360 1
18-07-2017-18:01:55:829 2360 3107 1
18-07-2017-18:01:55:867 3107 3854 1
18-07-2017-18:01:55:919 3854 4601 1
18-07-2017-18:01:55:967 4601 5348 1
18-07-2017-18:01:56:017 5348 6095 1
18-07-2017-18:01:56:059 6095 6842 1
18-07-2017-18:01:56:101 6842 7589 1
18-07-2017-18:01:56:147 7589 8336 1
18-07-2017-18:01:56:193 8336 9083 1
18-07-2017-18:01:56:245 9083 9830 1
18-07-2017-18:01:56:293 9830 10577 1
18-07-2017-18:01:56:343 10577 11324 1
18-07-2017-18:01:56:384 11324 12071 1
18-07-2017-18:01:56:437 12071 12818 1
18-07-2017-18:01:56:472 12818 13565 1
18-07-2017-18:01:56:522 13565 14312 1
18-07-2017-18:01:56:571 14312 15059 1
18-07-2017-18:01:56:616 15059 15806 1
18-07-2017-18:01:56:660 15806 16553 1
18-07-2017-18:01:56:705 16553 17300 1
18-07-2017-18:01:56:752 17300 18047 1
18-07-2017-18:01:56:799 18047 18794 1
18-07-2017-18:01:56:845 18794 19541 1
18-07-2017-18:01:56:892 19541 20288 1
18-07-2017-18:01:56:944 20288 21035 1
18-07-2017-18:01:56:990 21035 21782 1
18-07-2017-18:01:57:037 21782 22529 1
18-07-2017-18:01:57:085 22529 23276 1
18-07-2017-18:01:57:131 23276 24023 1
18-07-2017-18:01:57:189 24023 24770 1
18-07-2017-18:01:57:225 24770 25517 1
18-07-2017-18:01:57:271 25517 26264 1
18-07-2017-18:01:57:317 26264 27011 1
18-07-2017-18:01:57:365 27011 27758 1
18-07-2017-18:01:57:410 27758 28505 1
18-07-2017-18:01:57:458 28505 29252 1
18-07-2017-18:01:57:502 29252 29999 1
18-07-2017-18:01:57:548 29999 30746 1
18-07-2017-18:01:57:595 30746 31493 1
18-07-2017-18:01:57:641 31493 32240 1
18-07-2017-18:01:57:690 32240 32987 1
18-07-2017-18:01:57:735 32987 33734 1
18-07-2017-18:01:57:781 33734 34481 1
18-07-2017-18:01:57:827 34481 35228 1
18-07-2017-18:01:57:874 35228 35975 1
18-07-2017-18:01:57:923 35975 36722 1
18-07-2017-18:01:57:968 36722 37469 1
18-07-2017-18:01:58:015 37469 38216 1
18-07-2017-18:01:58:083 38216 38963 1
18-07-2017-18:01:58:109 38963 39710 1
18-07-2017-18:01:58:155 39710 40457 1
18-07-2017-18:01:58:201 40457 41204 1
18-07-2017-18:01:58:248 41204 41951 1
18-07-2017-18:01:58:294 41951 42698 1
18-07-2017-18:01:58:341 42698 43445 1
18-07-2017-18:01:58:388 43445 44192 1
18-07-2017-18:01:58:434 44192 44939 1
18-07-2017-18:01:58:482 44939 45686 1
18-07-2017-18:01:58:527 45686 46433 1
18-07-2017-18:01:58:574 46433 47180 1
18-07-2017-18:01:58:621 47180 47927 1
18-07-2017-18:01:58:667 47927 48674 1
18-07-2017-18:01:58:713 48674 49421 1
18-07-2017-18:01:59:299 49421 50168 1
18-07-2017-18:01:59:301 50168 50915 1
18-07-2017-18:01:59:301 50915 51662 1
18-07-2017-18:01:59:301 51662 52409 1
18-07-2017-18:01:59:301 52409 53156 1
18-07-2017-18:01:59:301 53156 53903 1
18-07-2017-18:01:59:302 53903 54650 1
18-07-2017-18:01:59:302 54650 55397 1
18-07-2017-18:01:59:302 55397 56144 1
18-07-2017-18:01:59:302 56144 56891 1
18-07-2017-18:01:59:302 56891 57638 1
18-07-2017-18:01:59:302 57638 58385 1
18-07-2017-18:01:59:323 58385 59132 1
18-07-2017-18:01:59:369 59132 59879 1
18-07-2017-18:01:59:418 59879 60626 1
18-07-2017-18:01:59:464 60626 61373 1
18-07-2017-18:01:59:511 61373 62120 1
18-07-2017-18:01:59:558 62120 62867 1
18-07-2017-18:01:59:602 62867 63614 1
18-07-2017-18:01:59:649 63614 64361 1
18-07-2017-18:01:59:697 64361 65108 1
18-07-2017-18:01:59:744 65108 65855 1
18-07-2017-18:01:59:791 65855 66602 1
18-07-2017-18:01:59:836 66602 67349 1
18-07-2017-18:01:59:884 67349 68096 1
18-07-2017-18:01:59:931 68096 68843 1
18-07-2017-18:01:59:977 68843 69590 1
18-07-2017-18:02:00:025 69590 70337 1
18-07-2017-18:02:00:071 70337 71084 1
18-07-2017-18:02:00:123 71084 71774 1
18-07-2017-18:02:00:154 71774 72464 1
18-07-2017-18:02:00:199 72464 73154 1
18-07-2017-18:02:00:246 73154 73844 1
18-07-2017-18:02:00:292 73844 74534 1
18-07-2017-18:02:00:328 74534 75224 1
18-07-2017-18:02:00:374 75224 75914 1
18-07-2017-18:02:00:422 75914 76604 1
18-07-2017-18:02:00:456 76604 77294 1
18-07-2017-18:02:00:504 77294 77984 1
18-07-2017-18:02:00:548 77984 78674 1
18-07-2017-18:02:00:585 78674 79364 1
18-07-2017-18:02:00:632 79364 80054 1
18-07-2017-18:02:00:677 80054 80744 1
18-07-2017-18:02:00:725 80744 81434 1
18-07-2017-18:02:00:761 81434 82124 1
18-07-2017-18:02:00:806 82124 82814 1
18-07-2017-18:02:00:853 82814 83504 1
18-07-2017-18:02:00:886 83504 84194 1
18-07-2017-18:02:00:938 84194 84884 1
18-07-2017-18:02:00:972 84884 85574 1
18-07-2017-18:02:01:019 85574 86264 1
18-07-2017-18:02:01:066 86264 86954 1
18-07-2017-18:02:01:113 86954 87644 1
18-07-2017-18:02:01:146 87644 88334 1
18-07-2017-18:02:01:199 88334 89024 1
18-07-2017-18:02:01:359 89024 89714 1
18-07-2017-18:02:01:360 89714 90404 1
18-07-2017-18:02:01:361 90404 91094 1
18-07-2017-18:02:01:361 91094 91784 1
18-07-2017-18:02:01:408 91784 92474 1
18-07-2017-18:02:01:454 92474 93164 1
18-07-2017-18:02:01:489 93164 93854 1
18-07-2017-18:02:01:536 93854 94544 1
18-07-2017-18:02:01:583 94544 95234 1
18-07-2017-18:02:01:630 95234 95924 1
18-07-2017-18:02:01:664 95924 96614 1
18-07-2017-18:02:01:712 96614 97304 1
18-07-2017-18:02:01:756 97304 97994 1
18-07-2017-18:02:01:792 97994 98684 1
18-07-2017-18:02:01:840 98684 99374 1
18-07-2017-18:02:01:891 99374 100064 1
18-07-2017-18:02:01:924 100064 100754 1
18-07-2017-18:02:01:968 100754 101444 1
18-07-2017-18:02:02:115 101444 102134 1
18-07-2017-18:02:02:117 102134 102824 1
18-07-2017-18:02:02:117 102824 103514 1
18-07-2017-18:02:02:143 103514 104204 1
18-07-2017-18:02:02:191 104204 104894 1
18-07-2017-18:02:02:225 104894 105584 1
18-07-2017-18:02:02:271 105584 106274 1
18-07-2017-18:02:02:319 106274 106964 1
18-07-2017-18:02:02:353 106964 107654 1
18-07-2017-18:02:02:400 107654 108344 1
18-07-2017-18:02:02:446 108344 109034 1
18-07-2017-18:02:02:481 109034 109724 1
18-07-2017-18:02:02:529 109724 110414 1
18-07-2017-18:02:02:576 110414 111104 1
18-07-2017-18:02:02:621 111104 111794 1
18-07-2017-18:02:02:656 111794 112484 1
18-07-2017-18:02:02:704 112484 113174 1
18-07-2017-18:02:02:751 113174 113864 1
18-07-2017-18:02:02:786 113864 114554 1
18-07-2017-18:02:02:832 114554 115244 1
18-07-2017-18:02:02:878 115244 115934 1
18-07-2017-18:02:02:913 115934 116624 1
18-07-2017-18:02:02:960 116624 117314 1
18-07-2017-18:02:03:006 117314 118004 1
18-07-2017-18:02:03:042 118004 118694 1
18-07-2017-18:02:03:086 118694 119384 1
18-07-2017-18:02:03:131 119384 120074 1
18-07-2017-18:02:03:179 120074 120764 1
18-07-2017-18:02:03:225 120764 121454 1
18-07-2017-18:02:03:260 121454 122144 1
18-07-2017-18:02:03:307 122144 122834 1
18-07-2017-18:02:03:355 122834 123524 1
18-07-2017-18:02:03:388 123524 124214 1
18-07-2017-18:02:03:435 124214 124904 1
18-07-2017-18:02:03:482 124904 125594 1
18-07-2017-18:02:03:516 125594 126284 1
18-07-2017-18:02:03:564 126284 126974 1
18-07-2017-18:02:03:609 126974 127664 1
18-07-2017-18:02:03:656 127664 128354 1
18-07-2017-18:02:03:691 128354 129044 1
18-07-2017-18:02:03:744 129044 129720 1
18-07-2017-18:02:03:781 129720 130396 1
18-07-2017-18:02:03:816 130396 131072 1
18-07-2017-18:02:03:863 131072 131748 1
18-07-2017-18:02:03:909 131748 132424 1
18-07-2017-18:02:03:945 132424 133100 1
18-07-2017-18:02:03:993 133100 133776 1
18-07-2017-18:02:04:026 133776 134452 1
18-07-2017-18:02:04:074 134452 135128 1
18-07-2017-18:02:04:119 135128 135804 1
18-07-2017-18:02:04:155 135804 136480 1
18-07-2017-18:02:04:205 136480 137156 1
18-07-2017-18:02:04:241 137156 137832 1
18-07-2017-18:02:04:286 137832 138508 1
18-07-2017-18:02:04:332 138508 139184 1
18-07-2017-18:02:04:378 139184 139860 1
18-07-2017-18:02:04:413 139860 140536 1
18-07-2017-18:02:04:459 140536 141212 1
18-07-2017-18:02:04:494 141212 141888 1
18-07-2017-18:02:04:541 141888 142564 1
18-07-2017-18:02:04:576 142564 143240 1
18-07-2017-18:02:04:622 143240 143916 1
18-07-2017-18:02:04:670 143916 144592 1
18-07-2017-18:02:04:703 144592 145268 1
18-07-2017-18:02:05:034 145268 145944 1
18-07-2017-18:02:05:036 145944 146620 1
18-07-2017-18:02:05:036 146620 147296 1
18-07-2017-18:02:05:036 147296 147972 1
18-07-2017-18:02:05:036 147972 148648 1
18-07-2017-18:02:05:036 148648 149324 1
18-07-2017-18:02:05:036 149324 150000 1
18-07-2017-18:02:05:044 150000 150676 1
18-07-2017-18:02:05:098 150676 151352 1
18-07-2017-18:02:05:132 151352 152028 1
18-07-2017-18:02:05:172 152028 152704 1
18-07-2017-18:02:05:219 152704 153380 1
18-07-2017-18:02:05:255 153380 154056 1
18-07-2017-18:02:05:302 154056 154732 1
18-07-2017-18:02:05:348 154732 155408 1
18-07-2017-18:02:05:382 155408 156084 1
18-07-2017-18:02:05:429 156084 156760 1
18-07-2017-18:02:05:464 156760 157436 1
18-07-2017-18:02:05:510 157436 158112 1
18-07-2017-18:02:05:585 158112 158788 1
18-07-2017-18:02:05:592 158788 159464 1
18-07-2017-18:02:05:638 159464 160140 1
18-07-2017-18:02:05:685 160140 160816 1
18-07-2017-18:02:05:720 160816 161492 1
18-07-2017-18:02:05:768 161492 162168 1
18-07-2017-18:02:05:801 162168 162844 1
18-07-2017-18:02:05:849 162844 163520 1
18-07-2017-18:02:05:896 163520 164196 1
18-07-2017-18:02:05:940 164196 164872 1
18-07-2017-18:02:05:975 164872 165548 1
18-07-2017-18:02:06:020 165548 166224 1
18-07-2017-18:02:06:056 166224 166900 1
18-07-2017-18:02:06:102 166900 167576 1
18-07-2017-18:02:06:150 167576 168252 1
18-07-2017-18:02:06:184 168252 168928 1
18-07-2017-18:02:06:231 168928 169604 1
18-07-2017-18:02:06:266 169604 170280 1
18-07-2017-18:02:06:312 170280 170956 1
18-07-2017-18:02:06:359 170956 171632 1
18-07-2017-18:02:06:393 171632 172308 1
18-07-2017-18:02:06:441 172308 172984 1
18-07-2017-18:02:06:488 172984 173660 1
18-07-2017-18:02:06:522 173660 174336 1
18-07-2017-18:02:06:569 174336 175012 1
18-07-2017-18:02:06:604 175012 175688 1
18-07-2017-18:02:06:652 175688 176364 1
18-07-2017-18:02:06:698 176364 177040 1
18-07-2017-18:02:06:732 177040 177716 1
18-07-2017-18:02:06:778 177716 178392 1
18-07-2017-18:02:06:825 178392 179068 1
18-07-2017-18:02:06:861 179068 179744 1
18-07-2017-18:02:06:908 179744 180420 1
18-07-2017-18:02:06:948 180420 181096 1
18-07-2017-18:02:06:994 181096 181772 1
18-07-2017-18:02:07:030 181772 182448 1
18-07-2017-18:02:07:076 182448 183124 1
18-07-2017-18:02:07:111 183124 183800 1
18-07-2017-18:02:07:158 183800 184476 1
18-07-2017-18:02:07:204 184476 185152 1
18-07-2017-18:02:07:239 185152 185828 1
18-07-2017-18:02:07:285 185828 186504 1
18-07-2017-18:02:07:333 186504 187180 1
18-07-2017-18:02:07:368 187180 187856 1
18-07-2017-18:02:07:415 187856 188532 1
18-07-2017-18:02:07:450 188532 189208 1
18-07-2017-18:02:07:496 189208 189884 1
18-07-2017-18:02:07:542 189884 190560 1
18-07-2017-18:02:07:577 190560 191236 1
18-07-2017-18:02:07:624 191236 191912 1
18-07-2017-18:02:07:670 191912 192588 1
18-07-2017-18:02:07:710 192588 193264 1
18-07-2017-18:02:07:751 193264 193940 1
18-07-2017-18:02:07:788 193940 194616 1
18-07-2017-18:02:07:834 194616 195292 1
18-07-2017-18:02:07:880 195292 195968 1
18-07-2017-18:02:07:916 195968 196644 1
18-07-2017-18:02:07:960 196644 197320 1
18-07-2017-18:02:08:006 197320 197996 1
18-07-2017-18:02:08:049 197996 198672 1
18-07-2017-18:02:08:095 198672 199348 1
18-07-2017-18:02:08:130 199348 200024 1
18-07-2017-18:02:08:175 200024 200700 1
18-07-2017-18:02:08:211 200700 201376 1
18-07-2017-18:02:08:258 201376 202052 1
18-07-2017-18:02:08:304 202052 202728 1
18-07-2017-18:02:08:340 202728 203404 1
18-07-2017-18:02:08:385 203404 204080 1
18-07-2017-18:02:08:421 204080 204756 1
18-07-2017-18:02:08:468 204756 205432 1
18-07-2017-18:02:08:515 205432 206108 1
18-07-2017-18:02:08:548 206108 206784 1
18-07-2017-18:02:08:600 206784 207460 1
18-07-2017-18:02:08:642 207460 208136 1
18-07-2017-18:02:08:677 208136 208812 1
18-07-2017-18:02:08:716 208812 209488 1
18-07-2017-18:02:08:763 209488 210164 1
18-07-2017-18:02:08:908 210164 210840 1
18-07-2017-18:02:08:909 210840 211516 1
18-07-2017-18:02:08:909 211516 212192 1
18-07-2017-18:02:08:938 212192 212868 1
18-07-2017-18:02:08:972 212868 213544 1
18-07-2017-18:02:09:019 213544 214220 1
18-07-2017-18:02:09:062 214220 214896 1
18-07-2017-18:02:09:099 214896 215572 1
18-07-2017-18:02:09:144 215572 216248 1
18-07-2017-18:02:09:191 216248 216924 1
18-07-2017-18:02:09:227 216924 217600 1
18-07-2017-18:02:09:273 217600 218276 1
18-07-2017-18:02:09:320 218276 218952 1
18-07-2017-18:02:09:354 218952 219628 1
18-07-2017-18:02:09:401 219628 220304 1
18-07-2017-18:02:09:436 220304 220980 1
18-07-2017-18:02:09:482 220980 221656 1
18-07-2017-18:02:09:529 221656 222332 1
18-07-2017-18:02:09:564 222332 223008 1
18-07-2017-18:02:09:611 223008 223684 1
18-07-2017-18:02:09:646 223684 224360 1
18-07-2017-18:02:09:688 224360 225036 1
18-07-2017-18:02:09:735 225036 225712 1
18-07-2017-18:02:09:782 225712 226388 1
18-07-2017-18:02:09:817 226388 227064 1
