18-07-2017-17:54:26:438 0 800 1
18-07-2017-17:54:26:490 800 1574 1
18-07-2017-17:54:26:541 1574 2348 1
18-07-2017-17:54:26:586 2348 3122 1
18-07-2017-17:54:26:636 3122 3896 1
18-07-2017-17:54:26:683 3896 4670 1
18-07-2017-17:54:26:729 4670 5444 1
18-07-2017-17:54:26:776 5444 6218 1
18-07-2017-17:54:26:824 6218 6992 1
18-07-2017-17:54:26:871 6992 7766 1
18-07-2017-17:54:26:923 7766 8534 1
18-07-2017-17:54:26:976 8534 9302 1
18-07-2017-17:54:27:022 9302 10070 1
18-07-2017-17:54:27:075 10070 10838 1
18-07-2017-17:54:27:116 10838 11606 1
18-07-2017-17:54:27:165 11606 12374 1
18-07-2017-17:54:27:209 12374 13142 1
18-07-2017-17:54:27:254 13142 13910 1
18-07-2017-17:54:27:301 13910 14678 1
18-07-2017-17:54:27:354 14678 15440 1
18-07-2017-17:54:27:406 15440 16202 1
18-07-2017-17:54:27:454 16202 16964 1
18-07-2017-17:54:27:499 16964 17726 1
18-07-2017-17:54:27:547 17726 18488 1
18-07-2017-17:54:27:594 18488 19250 1
18-07-2017-17:54:27:636 19250 20012 1
18-07-2017-17:54:27:689 20012 20734 1
18-07-2017-17:54:27:727 20734 21456 1
18-07-2017-17:54:27:772 21456 22178 1
18-07-2017-17:54:27:819 22178 22900 1
18-07-2017-17:54:27:867 22900 23622 1
18-07-2017-17:54:27:904 23622 24344 1
18-07-2017-17:54:27:956 24344 25014 1
18-07-2017-17:54:27:996 25014 25684 1
18-07-2017-17:54:28:037 25684 26354 1
18-07-2017-17:54:28:075 26354 27024 1
18-07-2017-17:54:28:121 27024 27694 1
18-07-2017-17:54:28:168 27694 28364 1
18-07-2017-17:54:28:203 28364 29034 1
18-07-2017-17:54:28:249 29034 29704 1
18-07-2017-17:54:28:294 29704 30374 1
18-07-2017-17:54:28:328 30374 31044 1
18-07-2017-17:54:28:376 31044 31714 1
18-07-2017-17:54:28:409 31714 32384 1
18-07-2017-17:54:28:458 32384 33054 1
18-07-2017-17:54:28:493 33054 33724 1
18-07-2017-17:54:28:538 33724 34394 1
18-07-2017-17:54:28:587 34394 35064 1
18-07-2017-17:54:28:622 35064 35734 1
18-07-2017-17:54:28:668 35734 36404 1
18-07-2017-17:54:28:703 36404 37074 1
18-07-2017-17:54:28:749 37074 37744 1
18-07-2017-17:54:28:784 37744 38414 1
18-07-2017-17:54:28:831 38414 39084 1
18-07-2017-17:54:28:878 39084 39754 1
18-07-2017-17:54:28:913 39754 40424 1
18-07-2017-17:54:28:958 40424 41094 1
18-07-2017-17:54:28:993 41094 41764 1
18-07-2017-17:54:29:040 41764 42434 1
18-07-2017-17:54:29:088 42434 43104 1
18-07-2017-17:54:29:123 43104 43774 1
18-07-2017-17:54:29:168 43774 44444 1
18-07-2017-17:54:29:204 44444 45114 1
18-07-2017-17:54:29:250 45114 45784 1
18-07-2017-17:54:29:296 45784 46454 1
18-07-2017-17:54:29:343 46454 47124 1
18-07-2017-17:54:29:383 47124 47794 1
18-07-2017-17:54:29:417 47794 48464 1
18-07-2017-17:54:29:463 48464 49134 1
18-07-2017-17:54:29:498 49134 49804 1
18-07-2017-17:54:29:596 49804 50474 1
18-07-2017-17:54:29:598 50474 51144 1
18-07-2017-17:54:29:627 51144 51814 1
18-07-2017-17:54:29:673 51814 52484 1
18-07-2017-17:54:29:708 52484 53154 1
18-07-2017-17:54:29:754 53154 53824 1
18-07-2017-17:54:29:790 53824 54494 1
18-07-2017-17:54:29:837 54494 55164 1
18-07-2017-17:54:29:887 55164 55834 1
18-07-2017-17:54:29:918 55834 56504 1
18-07-2017-17:54:29:966 56504 57174 1
18-07-2017-17:54:29:999 57174 57844 1
18-07-2017-17:54:30:047 57844 58514 1
18-07-2017-17:54:30:093 58514 59184 1
18-07-2017-17:54:30:128 59184 59854 1
18-07-2017-17:54:30:174 59854 60524 1
18-07-2017-17:54:30:209 60524 61194 1
18-07-2017-17:54:30:261 61194 61854 1
18-07-2017-17:54:30:293 61854 62514 1
18-07-2017-17:54:30:338 62514 63174 1
18-07-2017-17:54:30:374 63174 63834 1
18-07-2017-17:54:30:420 63834 64494 1
18-07-2017-17:54:30:456 64494 65154 1
18-07-2017-17:54:30:501 65154 65814 1
18-07-2017-17:54:30:549 65814 66474 1
18-07-2017-17:54:30:632 66474 67134 1
18-07-2017-17:54:30:633 67134 67794 1
18-07-2017-17:54:30:669 67794 68454 1
18-07-2017-17:54:30:705 68454 69114 1
18-07-2017-17:54:30:752 69114 69774 1
18-07-2017-17:54:30:786 69774 70434 1
18-07-2017-17:54:30:833 70434 71094 1
18-07-2017-17:54:30:868 71094 71754 1
18-07-2017-17:54:30:915 71754 72414 1
18-07-2017-17:54:30:961 72414 73074 1
18-07-2017-17:54:30:998 73074 73734 1
18-07-2017-17:54:31:043 73734 74394 1
18-07-2017-17:54:31:078 74394 75054 1
18-07-2017-17:54:31:126 75054 75714 1
18-07-2017-17:54:31:160 75714 76374 1
18-07-2017-17:54:31:205 76374 77034 1
18-07-2017-17:54:31:241 77034 77694 1
18-07-2017-17:54:31:291 77694 78354 1
18-07-2017-17:54:31:327 78354 79014 1
18-07-2017-17:54:31:373 79014 79674 1
18-07-2017-17:54:31:407 79674 80334 1
18-07-2017-17:54:31:456 80334 80994 1
18-07-2017-17:54:31:490 80994 81654 1
18-07-2017-17:54:31:537 81654 82314 1
18-07-2017-17:54:31:572 82314 82974 1
18-07-2017-17:54:31:620 82974 83634 1
18-07-2017-17:54:31:653 83634 84294 1
18-07-2017-17:54:31:701 84294 84954 1
18-07-2017-17:54:31:736 84954 85614 1
18-07-2017-17:54:31:780 85614 86274 1
18-07-2017-17:54:31:816 86274 86934 1
18-07-2017-17:54:31:862 86934 87594 1
18-07-2017-17:54:31:906 87594 88254 1
18-07-2017-17:54:31:956 88254 88914 1
18-07-2017-17:54:31:989 88914 89574 1
18-07-2017-17:54:32:025 89574 90234 1
18-07-2017-17:54:32:072 90234 90894 1
18-07-2017-17:54:32:106 90894 91554 1
18-07-2017-17:54:32:154 91554 92214 1
18-07-2017-17:54:32:189 92214 92874 1
18-07-2017-17:54:32:234 92874 93534 1
18-07-2017-17:54:32:282 93534 94194 1
18-07-2017-17:54:32:317 94194 94854 1
18-07-2017-17:54:32:364 94854 95514 1
18-07-2017-17:54:32:398 95514 96174 1
18-07-2017-17:54:32:446 96174 96834 1
18-07-2017-17:54:32:481 96834 97494 1
18-07-2017-17:54:32:526 97494 98154 1
18-07-2017-17:54:32:562 98154 98814 1
18-07-2017-17:54:32:608 98814 99474 1
18-07-2017-17:54:32:643 99474 100134 1
18-07-2017-17:54:32:690 100134 100794 1
18-07-2017-17:54:32:733 100794 101454 1
18-07-2017-17:54:32:769 101454 102114 1
18-07-2017-17:54:32:814 102114 102774 1
18-07-2017-17:54:32:851 102774 103434 1
18-07-2017-17:54:32:898 103434 104094 1
18-07-2017-17:54:32:932 104094 104754 1
18-07-2017-17:54:32:977 104754 105414 1
18-07-2017-17:54:33:015 105414 106074 1
18-07-2017-17:54:33:061 106074 106734 1
18-07-2017-17:54:33:106 106734 107394 1
18-07-2017-17:54:33:141 107394 108054 1
18-07-2017-17:54:33:187 108054 108714 1
18-07-2017-17:54:33:223 108714 109374 1
18-07-2017-17:54:33:269 109374 110034 1
18-07-2017-17:54:33:304 110034 110694 1
18-07-2017-17:54:33:352 110694 111354 1
18-07-2017-17:54:33:387 111354 112014 1
18-07-2017-17:54:33:433 112014 112674 1
18-07-2017-17:54:33:469 112674 113334 1
18-07-2017-17:54:33:514 113334 113994 1
18-07-2017-17:54:33:549 113994 114654 1
18-07-2017-17:54:33:597 114654 115314 1
18-07-2017-17:54:33:632 115314 115974 1
18-07-2017-17:54:33:677 115974 116634 1
18-07-2017-17:54:34:083 116634 117294 1
18-07-2017-17:54:34:084 117294 117954 1
18-07-2017-17:54:34:084 117954 118614 1
18-07-2017-17:54:34:084 118614 119274 1
18-07-2017-17:54:34:084 119274 119934 1
18-07-2017-17:54:34:084 119934 120594 1
18-07-2017-17:54:34:084 120594 121254 1
18-07-2017-17:54:34:084 121254 121914 1
18-07-2017-17:54:34:084 121914 122574 1
18-07-2017-17:54:34:090 122574 123234 1
18-07-2017-17:54:34:130 123234 123894 1
18-07-2017-17:54:34:168 123894 124554 1
18-07-2017-17:54:34:216 124554 125214 1
18-07-2017-17:54:34:263 125214 125874 1
18-07-2017-17:54:34:297 125874 126534 1
18-07-2017-17:54:34:343 126534 127194 1
18-07-2017-17:54:34:379 127194 127854 1
18-07-2017-17:54:34:425 127854 128514 1
18-07-2017-17:54:34:460 128514 129174 1
18-07-2017-17:54:34:507 129174 129834 1
18-07-2017-17:54:34:542 129834 130494 1
18-07-2017-17:54:34:588 130494 131154 1
18-07-2017-17:54:34:623 131154 131814 1
18-07-2017-17:54:34:670 131814 132474 1
18-07-2017-17:54:34:705 132474 133134 1
18-07-2017-17:54:34:752 133134 133794 1
18-07-2017-17:54:34:787 133794 134454 1
18-07-2017-17:54:34:834 134454 135114 1
18-07-2017-17:54:34:880 135114 135774 1
18-07-2017-17:54:34:915 135774 136434 1
18-07-2017-17:54:34:960 136434 137094 1
18-07-2017-17:54:34:997 137094 137754 1
18-07-2017-17:54:35:044 137754 138414 1
18-07-2017-17:54:35:077 138414 139074 1
18-07-2017-17:54:35:124 139074 139734 1
18-07-2017-17:54:35:160 139734 140394 1
18-07-2017-17:54:35:206 140394 141054 1
18-07-2017-17:54:35:242 141054 141714 1
18-07-2017-17:54:35:288 141714 142374 1
18-07-2017-17:54:35:336 142374 143034 1
