18-07-2017-18:07:59:506 0 800 1
18-07-2017-18:07:59:557 800 1600 1
18-07-2017-18:07:59:609 1600 2374 1
18-07-2017-18:07:59:662 2374 3148 1
18-07-2017-18:07:59:708 3148 3922 1
18-07-2017-18:07:59:761 3922 4696 1
18-07-2017-18:07:59:799 4696 5470 1
18-07-2017-18:07:59:845 5470 6244 1
18-07-2017-18:07:59:897 6244 7000 1
18-07-2017-18:07:59:950 7000 7756 1
18-07-2017-18:07:59:995 7756 8512 1
18-07-2017-18:08:00:042 8512 9268 1
18-07-2017-18:08:00:089 9268 10024 1
18-07-2017-18:08:00:140 10024 10780 1
18-07-2017-18:08:00:182 10780 11536 1
18-07-2017-18:08:00:229 11536 12292 1
18-07-2017-18:08:00:276 12292 13048 1
18-07-2017-18:08:00:322 13048 13804 1
18-07-2017-18:08:00:369 13804 14560 1
18-07-2017-18:08:00:416 14560 15316 1
18-07-2017-18:08:00:463 15316 16072 1
18-07-2017-18:08:00:509 16072 16828 1
18-07-2017-18:08:00:555 16828 17584 1
18-07-2017-18:08:00:602 17584 18340 1
18-07-2017-18:08:00:650 18340 19096 1
18-07-2017-18:08:00:695 19096 19852 1
18-07-2017-18:08:00:748 19852 20600 1
18-07-2017-18:08:00:800 20600 21348 1
18-07-2017-18:08:00:847 21348 22096 1
18-07-2017-18:08:00:912 22096 22844 1
18-07-2017-18:08:00:941 22844 23592 1
18-07-2017-18:08:00:987 23592 24340 1
18-07-2017-18:08:01:028 24340 25088 1
18-07-2017-18:08:01:074 25088 25836 1
18-07-2017-18:08:01:121 25836 26584 1
18-07-2017-18:08:01:168 26584 27332 1
18-07-2017-18:08:01:214 27332 28080 1
18-07-2017-18:08:01:260 28080 28828 1
18-07-2017-18:08:01:307 28828 29576 1
18-07-2017-18:08:01:353 29576 30324 1
18-07-2017-18:08:01:400 30324 31072 1
18-07-2017-18:08:01:451 31072 31814 1
18-07-2017-18:08:01:494 31814 32556 1
18-07-2017-18:08:01:541 32556 33298 1
18-07-2017-18:08:01:587 33298 34040 1
18-07-2017-18:08:01:634 34040 34782 1
18-07-2017-18:08:01:682 34782 35524 1
18-07-2017-18:08:01:727 35524 36266 1
18-07-2017-18:08:01:773 36266 37008 1
18-07-2017-18:08:01:821 37008 37750 1
18-07-2017-18:08:01:867 37750 38492 1
18-07-2017-18:08:01:914 38492 39234 1
18-07-2017-18:08:01:960 39234 39976 1
18-07-2017-18:08:02:008 39976 40718 1
18-07-2017-18:08:02:053 40718 41460 1
18-07-2017-18:08:02:098 41460 42202 1
18-07-2017-18:08:02:144 42202 42944 1
18-07-2017-18:08:02:197 42944 43667 1
18-07-2017-18:08:02:229 43667 44390 1
18-07-2017-18:08:02:281 44390 45113 1
18-07-2017-18:08:02:328 45113 45836 1
18-07-2017-18:08:02:374 45836 46559 1
18-07-2017-18:08:02:420 46559 47282 1
18-07-2017-18:08:02:455 47282 48005 1
18-07-2017-18:08:02:502 48005 48728 1
18-07-2017-18:08:02:549 48728 49451 1
18-07-2017-18:08:02:656 49451 50174 1
18-07-2017-18:08:02:657 50174 50897 1
18-07-2017-18:08:02:688 50897 51620 1
18-07-2017-18:08:02:734 51620 52343 1
18-07-2017-18:08:02:781 52343 53066 1
18-07-2017-18:08:02:816 53066 53789 1
18-07-2017-18:08:02:862 53789 54512 1
18-07-2017-18:08:02:910 54512 55235 1
18-07-2017-18:08:02:957 55235 55958 1
18-07-2017-18:08:03:003 55958 56681 1
18-07-2017-18:08:03:049 56681 57404 1
18-07-2017-18:08:03:095 57404 58127 1
18-07-2017-18:08:03:142 58127 58850 1
18-07-2017-18:08:03:178 58850 59573 1
18-07-2017-18:08:03:224 59573 60296 1
18-07-2017-18:08:03:271 60296 61019 1
18-07-2017-18:08:03:317 61019 61742 1
18-07-2017-18:08:03:361 61742 62465 1
18-07-2017-18:08:03:415 62465 63188 1
18-07-2017-18:08:03:461 63188 63911 1
18-07-2017-18:08:03:508 63911 64634 1
18-07-2017-18:08:03:538 64634 65357 1
18-07-2017-18:08:03:585 65357 66080 1
18-07-2017-18:08:03:632 66080 66803 1
18-07-2017-18:08:03:678 66803 67526 1
18-07-2017-18:08:03:725 67526 68249 1
18-07-2017-18:08:03:773 68249 68972 1
18-07-2017-18:08:03:819 68972 69695 1
18-07-2017-18:08:03:866 69695 70418 1
18-07-2017-18:08:03:908 70418 71141 1
18-07-2017-18:08:03:948 71141 71864 1
18-07-2017-18:08:03:995 71864 72587 1
18-07-2017-18:08:04:043 72587 73310 1
18-07-2017-18:08:04:089 73310 74033 1
18-07-2017-18:08:04:134 74033 74756 1
18-07-2017-18:08:04:183 74756 75479 1
18-07-2017-18:08:04:230 75479 76202 1
18-07-2017-18:08:04:264 76202 76925 1
18-07-2017-18:08:04:311 76925 77648 1
18-07-2017-18:08:04:356 77648 78371 1
18-07-2017-18:08:04:403 78371 79094 1
18-07-2017-18:08:04:450 79094 79817 1
18-07-2017-18:08:04:497 79817 80540 1
18-07-2017-18:08:04:546 80540 81263 1
18-07-2017-18:08:04:578 81263 81986 1
18-07-2017-18:08:04:626 81986 82709 1
18-07-2017-18:08:04:673 82709 83432 1
18-07-2017-18:08:04:718 83432 84155 1
18-07-2017-18:08:04:765 84155 84878 1
18-07-2017-18:08:04:811 84878 85601 1
18-07-2017-18:08:04:859 85601 86324 1
18-07-2017-18:08:04:905 86324 87047 1
18-07-2017-18:08:04:940 87047 87770 1
18-07-2017-18:08:04:986 87770 88493 1
18-07-2017-18:08:05:036 88493 89216 1
18-07-2017-18:08:05:084 89216 89939 1
18-07-2017-18:08:05:131 89939 90662 1
18-07-2017-18:08:05:177 90662 91385 1
18-07-2017-18:08:05:211 91385 92108 1
18-07-2017-18:08:05:258 92108 92831 1
18-07-2017-18:08:05:304 92831 93554 1
18-07-2017-18:08:05:351 93554 94277 1
18-07-2017-18:08:05:398 94277 95000 1
18-07-2017-18:08:05:444 95000 95723 1
18-07-2017-18:08:05:523 95723 96446 1
18-07-2017-18:08:05:539 96446 97169 1
18-07-2017-18:08:05:573 97169 97892 1
18-07-2017-18:08:05:619 97892 98615 1
18-07-2017-18:08:05:672 98615 99280 1
18-07-2017-18:08:05:710 99280 99945 1
18-07-2017-18:08:05:745 99945 100610 1
18-07-2017-18:08:05:791 100610 101275 1
18-07-2017-18:08:05:828 101275 101940 1
18-07-2017-18:08:05:873 101940 102605 1
18-07-2017-18:08:05:921 102605 103270 1
18-07-2017-18:08:05:955 103270 103935 1
18-07-2017-18:08:06:449 103935 104600 1
18-07-2017-18:08:06:450 104600 105265 1
18-07-2017-18:08:06:450 105265 105930 1
18-07-2017-18:08:06:450 105930 106595 1
18-07-2017-18:08:06:450 106595 107260 1
18-07-2017-18:08:06:450 107260 107925 1
18-07-2017-18:08:06:450 107925 108590 1
18-07-2017-18:08:06:450 108590 109255 1
18-07-2017-18:08:06:450 109255 109920 1
18-07-2017-18:08:06:450 109920 110585 1
18-07-2017-18:08:06:451 110585 111250 1
18-07-2017-18:08:06:455 111250 111915 1
18-07-2017-18:08:06:501 111915 112580 1
18-07-2017-18:08:06:548 112580 113245 1
18-07-2017-18:08:06:583 113245 113910 1
18-07-2017-18:08:06:618 113910 114575 1
18-07-2017-18:08:06:664 114575 115240 1
18-07-2017-18:08:06:699 115240 115905 1
18-07-2017-18:08:06:745 115905 116570 1
18-07-2017-18:08:06:793 116570 117235 1
18-07-2017-18:08:06:827 117235 117900 1
18-07-2017-18:08:06:873 117900 118565 1
18-07-2017-18:08:06:909 118565 119230 1
18-07-2017-18:08:07:047 119230 119895 1
18-07-2017-18:08:07:048 119895 120560 1
18-07-2017-18:08:07:048 120560 121225 1
18-07-2017-18:08:07:081 121225 121890 1
18-07-2017-18:08:07:116 121890 122555 1
18-07-2017-18:08:07:163 122555 123220 1
18-07-2017-18:08:07:199 123220 123885 1
18-07-2017-18:08:07:244 123885 124550 1
18-07-2017-18:08:07:292 124550 125215 1
18-07-2017-18:08:07:326 125215 125880 1
18-07-2017-18:08:07:372 125880 126545 1
18-07-2017-18:08:07:409 126545 127210 1
18-07-2017-18:08:07:455 127210 127875 1
18-07-2017-18:08:07:490 127875 128540 1
18-07-2017-18:08:07:537 128540 129205 1
18-07-2017-18:08:07:575 129205 129870 1
18-07-2017-18:08:07:621 129870 130535 1
18-07-2017-18:08:07:657 130535 131200 1
18-07-2017-18:08:07:704 131200 131865 1
18-07-2017-18:08:07:738 131865 132530 1
18-07-2017-18:08:07:785 132530 133195 1
18-07-2017-18:08:07:832 133195 133860 1
18-07-2017-18:08:07:866 133860 134525 1
18-07-2017-18:08:07:913 134525 135190 1
18-07-2017-18:08:07:949 135190 135855 1
18-07-2017-18:08:07:994 135855 136520 1
18-07-2017-18:08:08:029 136520 137185 1
18-07-2017-18:08:08:077 137185 137850 1
18-07-2017-18:08:08:112 137850 138515 1
18-07-2017-18:08:08:156 138515 139180 1
18-07-2017-18:08:08:208 139180 139845 1
