18-07-2017-18:08:32:078 0 784 1
18-07-2017-18:08:32:121 784 1568 1
18-07-2017-18:08:32:174 1568 2331 1
18-07-2017-18:08:32:218 2331 3094 1
18-07-2017-18:08:32:265 3094 3857 1
18-07-2017-18:08:32:312 3857 4620 1
18-07-2017-18:08:32:364 4620 5383 1
18-07-2017-18:08:32:409 5383 6146 1
18-07-2017-18:08:32:456 6146 6909 1
18-07-2017-18:08:32:503 6909 7672 1
18-07-2017-18:08:32:550 7672 8435 1
18-07-2017-18:08:32:597 8435 9198 1
18-07-2017-18:08:32:649 9198 9851 1
18-07-2017-18:08:32:685 9851 10504 1
18-07-2017-18:08:32:726 10504 11157 1
18-07-2017-18:08:32:759 11157 11810 1
18-07-2017-18:08:32:810 11810 12463 1
18-07-2017-18:08:32:842 12463 13116 1
18-07-2017-18:08:32:888 13116 13769 1
18-07-2017-18:08:32:932 13769 14422 1
18-07-2017-18:08:32:971 14422 15075 1
18-07-2017-18:08:33:007 15075 15728 1
18-07-2017-18:08:33:056 15728 16381 1
18-07-2017-18:08:33:086 16381 17034 1
18-07-2017-18:08:33:134 17034 17687 1
18-07-2017-18:08:33:167 17687 18340 1
18-07-2017-18:08:33:215 18340 18993 1
18-07-2017-18:08:33:249 18993 19646 1
18-07-2017-18:08:33:301 19646 20270 1
18-07-2017-18:08:33:336 20270 20894 1
18-07-2017-18:08:33:373 20894 21518 1
18-07-2017-18:08:33:408 21518 22142 1
18-07-2017-18:08:33:455 22142 22766 1
18-07-2017-18:08:33:488 22766 23390 1
18-07-2017-18:08:33:523 23390 24014 1
18-07-2017-18:08:33:571 24014 24638 1
18-07-2017-18:08:33:605 24638 25262 1
18-07-2017-18:08:33:643 25262 25886 1
18-07-2017-18:08:33:693 25886 26510 1
18-07-2017-18:08:33:723 26510 27134 1
18-07-2017-18:08:33:756 27134 27758 1
18-07-2017-18:08:33:808 27758 28382 1
18-07-2017-18:08:33:842 28382 29006 1
18-07-2017-18:08:33:878 29006 29630 1
18-07-2017-18:08:33:912 29630 30254 1
18-07-2017-18:08:33:959 30254 30878 1
18-07-2017-18:08:33:993 30878 31502 1
18-07-2017-18:08:34:029 31502 32126 1
18-07-2017-18:08:34:077 32126 32750 1
18-07-2017-18:08:34:111 32750 33374 1
18-07-2017-18:08:34:158 33374 33998 1
18-07-2017-18:08:34:194 33998 34622 1
18-07-2017-18:08:34:228 34622 35246 1
18-07-2017-18:08:34:462 35246 35870 1
18-07-2017-18:08:34:463 35870 36494 1
18-07-2017-18:08:34:463 36494 37118 1
18-07-2017-18:08:34:463 37118 37742 1
18-07-2017-18:08:34:463 37742 38366 1
18-07-2017-18:08:34:464 38366 38990 1
18-07-2017-18:08:34:503 38990 39614 1
18-07-2017-18:08:34:539 39614 40238 1
18-07-2017-18:08:34:582 40238 40862 1
18-07-2017-18:08:34:617 40862 41486 1
18-07-2017-18:08:34:664 41486 42110 1
18-07-2017-18:08:34:700 42110 42734 1
18-07-2017-18:08:34:733 42734 43358 1
18-07-2017-18:08:34:774 43358 43982 1
18-07-2017-18:08:34:819 43982 44606 1
18-07-2017-18:08:34:859 44606 45230 1
18-07-2017-18:08:34:893 45230 45854 1
18-07-2017-18:08:34:930 45854 46478 1
18-07-2017-18:08:34:976 46478 47102 1
18-07-2017-18:08:35:010 47102 47726 1
18-07-2017-18:08:35:048 47726 48350 1
18-07-2017-18:08:35:093 48350 48974 1
18-07-2017-18:08:35:129 48974 49598 1
18-07-2017-18:08:35:164 49598 50222 1
18-07-2017-18:08:35:210 50222 50846 1
18-07-2017-18:08:35:246 50846 51470 1
18-07-2017-18:08:35:282 51470 52094 1
18-07-2017-18:08:35:327 52094 52718 1
18-07-2017-18:08:35:361 52718 53342 1
18-07-2017-18:08:35:394 53342 53966 1
18-07-2017-18:08:35:443 53966 54590 1
18-07-2017-18:08:35:478 54590 55214 1
18-07-2017-18:08:35:511 55214 55838 1
18-07-2017-18:08:35:561 55838 56462 1
18-07-2017-18:08:35:589 56462 57086 1
18-07-2017-18:08:35:638 57086 57710 1
18-07-2017-18:08:35:673 57710 58334 1
18-07-2017-18:08:35:706 58334 58958 1
18-07-2017-18:08:35:753 58958 59582 1
18-07-2017-18:08:35:788 59582 60206 1
18-07-2017-18:08:35:824 60206 60830 1
18-07-2017-18:08:35:870 60830 61454 1
18-07-2017-18:08:35:905 61454 62078 1
18-07-2017-18:08:35:954 62078 62702 1
18-07-2017-18:08:35:987 62702 63326 1
18-07-2017-18:08:36:024 63326 63950 1
18-07-2017-18:08:36:068 63950 64574 1
18-07-2017-18:08:36:106 64574 65198 1
18-07-2017-18:08:36:142 65198 65822 1
18-07-2017-18:08:36:177 65822 66446 1
18-07-2017-18:08:36:224 66446 67070 1
18-07-2017-18:08:36:257 67070 67694 1
18-07-2017-18:08:36:293 67694 68318 1
18-07-2017-18:08:36:339 68318 68942 1
18-07-2017-18:08:36:375 68942 69566 1
18-07-2017-18:08:36:409 69566 70190 1
18-07-2017-18:08:36:457 70190 70814 1
18-07-2017-18:08:36:492 70814 71438 1
18-07-2017-18:08:36:694 71438 72062 1
18-07-2017-18:08:36:695 72062 72686 1
18-07-2017-18:08:36:696 72686 73310 1
18-07-2017-18:08:36:696 73310 73934 1
18-07-2017-18:08:36:696 73934 74558 1
18-07-2017-18:08:36:725 74558 75182 1
18-07-2017-18:08:36:760 75182 75806 1
18-07-2017-18:08:36:806 75806 76430 1
18-07-2017-18:08:36:845 76430 77054 1
18-07-2017-18:08:36:886 77054 77678 1
18-07-2017-18:08:36:929 77678 78302 1
18-07-2017-18:08:36:965 78302 78926 1
18-07-2017-18:08:37:004 78926 79550 1
18-07-2017-18:08:37:034 79550 80174 1
18-07-2017-18:08:37:082 80174 80798 1
18-07-2017-18:08:37:117 80798 81422 1
18-07-2017-18:08:37:151 81422 82046 1
18-07-2017-18:08:37:197 82046 82670 1
18-07-2017-18:08:37:264 82670 83294 1
18-07-2017-18:08:37:270 83294 83918 1
18-07-2017-18:08:37:315 83918 84542 1
18-07-2017-18:08:37:349 84542 85166 1
18-07-2017-18:08:37:385 85166 85790 1
18-07-2017-18:08:37:431 85790 86414 1
18-07-2017-18:08:37:466 86414 87038 1
18-07-2017-18:08:37:502 87038 87662 1
18-07-2017-18:08:37:547 87662 88286 1
18-07-2017-18:08:37:589 88286 88910 1
18-07-2017-18:08:37:624 88910 89534 1
18-07-2017-18:08:37:660 89534 90158 1
18-07-2017-18:08:37:706 90158 90782 1
18-07-2017-18:08:37:741 90782 91406 1
18-07-2017-18:08:37:775 91406 92030 1
18-07-2017-18:08:37:822 92030 92654 1
18-07-2017-18:08:37:859 92654 93278 1
18-07-2017-18:08:37:893 93278 93902 1
18-07-2017-18:08:37:939 93902 94526 1
18-07-2017-18:08:37:974 94526 95150 1
18-07-2017-18:08:38:009 95150 95774 1
18-07-2017-18:08:38:056 95774 96398 1
18-07-2017-18:08:38:090 96398 97022 1
18-07-2017-18:08:38:126 97022 97646 1
18-07-2017-18:08:38:172 97646 98270 1
18-07-2017-18:08:38:208 98270 98894 1
18-07-2017-18:08:38:241 98894 99518 1
18-07-2017-18:08:38:290 99518 100142 1
18-07-2017-18:08:38:323 100142 100766 1
18-07-2017-18:08:38:360 100766 101390 1
18-07-2017-18:08:38:405 101390 102014 1
18-07-2017-18:08:38:450 102014 102638 1
18-07-2017-18:08:38:483 102638 103262 1
18-07-2017-18:08:38:519 103262 103886 1
18-07-2017-18:08:38:554 103886 104510 1
18-07-2017-18:08:38:600 104510 105134 1
18-07-2017-18:08:38:646 105134 105758 1
18-07-2017-18:08:38:671 105758 106382 1
18-07-2017-18:08:38:718 106382 107006 1
18-07-2017-18:08:38:753 107006 107630 1
18-07-2017-18:08:38:787 107630 108254 1
18-07-2017-18:08:38:835 108254 108878 1
18-07-2017-18:08:38:885 108878 109502 1
18-07-2017-18:08:38:904 109502 110126 1
18-07-2017-18:08:38:951 110126 110750 1
18-07-2017-18:08:38:985 110750 111374 1
18-07-2017-18:08:39:032 111374 111998 1
18-07-2017-18:08:39:068 111998 112622 1
18-07-2017-18:08:39:103 112622 113246 1
18-07-2017-18:08:39:350 113246 113870 1
18-07-2017-18:08:39:357 113870 114494 1
18-07-2017-18:08:39:357 114494 115118 1
18-07-2017-18:08:39:357 115118 115742 1
18-07-2017-18:08:39:357 115742 116366 1
18-07-2017-18:08:39:357 116366 116990 1
18-07-2017-18:08:39:383 116990 117614 1
18-07-2017-18:08:39:418 117614 118238 1
18-07-2017-18:08:39:451 118238 118862 1
18-07-2017-18:08:39:502 118862 119486 1
18-07-2017-18:08:39:532 119486 120110 1
18-07-2017-18:08:39:578 120110 120734 1
18-07-2017-18:08:39:613 120734 121358 1
18-07-2017-18:08:39:648 121358 121982 1
18-07-2017-18:08:39:695 121982 122606 1
18-07-2017-18:08:39:730 122606 123230 1
18-07-2017-18:08:39:765 123230 123854 1
18-07-2017-18:08:39:811 123854 124478 1
18-07-2017-18:08:39:847 124478 125102 1
18-07-2017-18:08:39:881 125102 125726 1
18-07-2017-18:08:39:929 125726 126350 1
18-07-2017-18:08:39:964 126350 126974 1
18-07-2017-18:08:39:997 126974 127598 1
18-07-2017-18:08:40:044 127598 128222 1
18-07-2017-18:08:40:078 128222 128846 1
18-07-2017-18:08:40:113 128846 129470 1
18-07-2017-18:08:40:160 129470 130094 1
18-07-2017-18:08:40:195 130094 130718 1
18-07-2017-18:08:40:231 130718 131342 1
18-07-2017-18:08:40:276 131342 131966 1
18-07-2017-18:08:40:312 131966 132590 1
18-07-2017-18:08:40:350 132590 133214 1
18-07-2017-18:08:40:398 133214 133838 1
18-07-2017-18:08:40:433 133838 134462 1
18-07-2017-18:08:40:467 134462 135086 1
18-07-2017-18:08:40:516 135086 135710 1
18-07-2017-18:08:40:550 135710 136334 1
18-07-2017-18:08:40:583 136334 136958 1
18-07-2017-18:08:40:631 136958 137582 1
18-07-2017-18:08:40:662 137582 138206 1
18-07-2017-18:08:40:708 138206 138830 1
18-07-2017-18:08:40:781 138830 139454 1
18-07-2017-18:08:40:783 139454 140078 1
18-07-2017-18:08:40:824 140078 140702 1
18-07-2017-18:08:40:859 140702 141326 1
18-07-2017-18:08:40:895 141326 141950 1
18-07-2017-18:08:40:942 141950 142574 1
18-07-2017-18:08:40:975 142574 143198 1
18-07-2017-18:08:41:011 143198 143822 1
18-07-2017-18:08:41:058 143822 144446 1
18-07-2017-18:08:41:092 144446 145070 1
18-07-2017-18:08:41:133 145070 145694 1
18-07-2017-18:08:41:167 145694 146318 1
18-07-2017-18:08:41:214 146318 146942 1
18-07-2017-18:08:41:250 146942 147566 1
18-07-2017-18:08:41:284 147566 148190 1
18-07-2017-18:08:41:330 148190 148814 1
18-07-2017-18:08:41:366 148814 149438 1
18-07-2017-18:08:41:400 149438 150062 1
18-07-2017-18:08:41:447 150062 150686 1
18-07-2017-18:08:41:483 150686 151310 1
18-07-2017-18:08:41:518 151310 151934 1
18-07-2017-18:08:41:564 151934 152558 1
18-07-2017-18:08:41:599 152558 153182 1
18-07-2017-18:08:41:637 153182 153806 1
18-07-2017-18:08:41:681 153806 154430 1
18-07-2017-18:08:41:715 154430 155054 1
18-07-2017-18:08:41:763 155054 155678 1
18-07-2017-18:08:41:798 155678 156302 1
18-07-2017-18:08:41:831 156302 156926 1
18-07-2017-18:08:41:879 156926 157550 1
18-07-2017-18:08:41:914 157550 158174 1
18-07-2017-18:08:41:949 158174 158798 1
18-07-2017-18:08:41:996 158798 159422 1
18-07-2017-18:08:42:031 159422 160046 1
18-07-2017-18:08:42:065 160046 160670 1
18-07-2017-18:08:42:103 160670 161294 1
18-07-2017-18:08:42:151 161294 161918 1
18-07-2017-18:08:42:184 161918 162542 1
18-07-2017-18:08:42:220 162542 163166 1
18-07-2017-18:08:42:267 163166 163790 1
18-07-2017-18:08:42:301 163790 164414 1
18-07-2017-18:08:42:336 164414 165038 1
18-07-2017-18:08:42:384 165038 165662 1
18-07-2017-18:08:42:420 165662 166286 1
18-07-2017-18:08:42:455 166286 166910 1
18-07-2017-18:08:42:501 166910 167534 1
18-07-2017-18:08:42:536 167534 168158 1
18-07-2017-18:08:42:570 168158 168782 1
18-07-2017-18:08:42:616 168782 169406 1
18-07-2017-18:08:42:663 169406 170030 1
18-07-2017-18:08:42:688 170030 170654 1
18-07-2017-18:08:42:734 170654 171278 1
18-07-2017-18:08:42:770 171278 171902 1
18-07-2017-18:08:42:807 171902 172526 1
18-07-2017-18:08:42:850 172526 173150 1
18-07-2017-18:08:42:886 173150 173774 1
18-07-2017-18:08:42:932 173774 174398 1
18-07-2017-18:08:42:966 174398 175022 1
18-07-2017-18:08:43:105 175022 175646 1
18-07-2017-18:08:43:106 175646 176270 1
18-07-2017-18:08:43:106 176270 176894 1
18-07-2017-18:08:43:124 176894 177518 1
18-07-2017-18:08:43:165 177518 178142 1
18-07-2017-18:08:43:200 178142 178766 1
18-07-2017-18:08:43:235 178766 179390 1
18-07-2017-18:08:43:282 179390 180014 1
18-07-2017-18:08:43:321 180014 180638 1
18-07-2017-18:08:43:352 180638 181262 1
18-07-2017-18:08:43:398 181262 181886 1
18-07-2017-18:08:43:434 181886 182510 1
18-07-2017-18:08:43:468 182510 183134 1
18-07-2017-18:08:43:516 183134 183758 1
18-07-2017-18:08:43:550 183758 184382 1
18-07-2017-18:08:43:586 184382 185006 1
18-07-2017-18:08:43:632 185006 185630 1
18-07-2017-18:08:43:667 185630 186254 1
18-07-2017-18:08:43:703 186254 186878 1
18-07-2017-18:08:43:751 186878 187502 1
18-07-2017-18:08:43:783 187502 188126 1
18-07-2017-18:08:43:820 188126 188750 1
18-07-2017-18:08:43:865 188750 189374 1
18-07-2017-18:08:43:901 189374 189998 1
18-07-2017-18:08:43:936 189998 190622 1
18-07-2017-18:08:43:982 190622 191246 1
18-07-2017-18:08:44:018 191246 191870 1
18-07-2017-18:08:44:052 191870 192494 1
18-07-2017-18:08:44:100 192494 193118 1
18-07-2017-18:08:44:134 193118 193742 1
18-07-2017-18:08:44:170 193742 194366 1
18-07-2017-18:08:44:215 194366 194990 1
18-07-2017-18:08:44:251 194990 195614 1
18-07-2017-18:08:44:298 195614 196238 1
18-07-2017-18:08:44:333 196238 196862 1
18-07-2017-18:08:44:366 196862 197486 1
18-07-2017-18:08:44:415 197486 198110 1
18-07-2017-18:08:44:448 198110 198734 1
18-07-2017-18:08:44:484 198734 199358 1
18-07-2017-18:08:44:530 199358 199982 1
18-07-2017-18:08:44:599 199982 200606 1
18-07-2017-18:08:44:601 200606 201230 1
18-07-2017-18:08:44:647 201230 201854 1
18-07-2017-18:08:44:682 201854 202478 1
18-07-2017-18:08:44:717 202478 203102 1
18-07-2017-18:08:44:763 203102 203726 1
18-07-2017-18:08:44:799 203726 204350 1
18-07-2017-18:08:44:834 204350 204974 1
18-07-2017-18:08:44:880 204974 205598 1
18-07-2017-18:08:44:916 205598 206222 1
18-07-2017-18:08:44:950 206222 206846 1
18-07-2017-18:08:44:997 206846 207470 1
18-07-2017-18:08:45:029 207470 208094 1
18-07-2017-18:08:45:072 208094 208718 1
18-07-2017-18:08:45:113 208718 209342 1
18-07-2017-18:08:45:145 209342 209966 1
18-07-2017-18:08:45:193 209966 210590 1
18-07-2017-18:08:45:227 210590 211214 1
18-07-2017-18:08:45:263 211214 211838 1
18-07-2017-18:08:45:308 211838 212462 1
18-07-2017-18:08:45:344 212462 213086 1
18-07-2017-18:08:45:378 213086 213710 1
18-07-2017-18:08:45:425 213710 214334 1
18-07-2017-18:08:45:461 214334 214958 1
18-07-2017-18:08:45:496 214958 215582 1
18-07-2017-18:08:45:543 215582 216206 1
18-07-2017-18:08:45:576 216206 216830 1
18-07-2017-18:08:45:613 216830 217454 1
18-07-2017-18:08:45:659 217454 218078 1
18-07-2017-18:08:45:694 218078 218702 1
18-07-2017-18:08:45:742 218702 219326 1
18-07-2017-18:08:45:777 219326 219950 1
18-07-2017-18:08:45:813 219950 220574 1
18-07-2017-18:08:45:847 220574 221198 1
18-07-2017-18:08:45:894 221198 221822 1
18-07-2017-18:08:45:927 221822 222446 1
18-07-2017-18:08:45:963 222446 223070 1
18-07-2017-18:08:46:011 223070 223694 1
18-07-2017-18:08:46:044 223694 224318 1
18-07-2017-18:08:46:092 224318 224942 1
18-07-2017-18:08:46:126 224942 225566 1
18-07-2017-18:08:46:162 225566 226190 1
18-07-2017-18:08:46:208 226190 226814 1
18-07-2017-18:08:46:243 226814 227438 1
18-07-2017-18:08:46:278 227438 228062 1
18-07-2017-18:08:46:324 228062 228686 1
18-07-2017-18:08:46:359 228686 229310 1
18-07-2017-18:08:46:408 229310 229934 1
18-07-2017-18:08:46:442 229934 230558 1
18-07-2017-18:08:46:477 230558 231182 1
18-07-2017-18:08:46:511 231182 231806 1
18-07-2017-18:08:46:559 231806 232430 1
18-07-2017-18:08:46:593 232430 233054 1
18-07-2017-18:08:46:628 233054 233678 1
18-07-2017-18:08:46:674 233678 234302 1
