18-07-2017-17:58:56:397 0 800 1
18-07-2017-17:58:56:449 800 1600 1
18-07-2017-17:58:56:496 1600 2400 1
18-07-2017-17:58:56:549 2400 3174 1
18-07-2017-17:58:56:600 3174 3948 1
18-07-2017-17:58:56:647 3948 4722 1
18-07-2017-17:58:56:698 4722 5496 1
18-07-2017-17:58:56:745 5496 6270 1
18-07-2017-17:58:56:792 6270 7044 1
18-07-2017-17:58:56:832 7044 7818 1
18-07-2017-17:58:56:883 7818 8566 1
18-07-2017-17:58:56:935 8566 9312 1
18-07-2017-17:58:56:972 9312 10058 1
18-07-2017-17:58:57:030 10058 10804 1
18-07-2017-17:58:57:076 10804 11550 1
18-07-2017-17:58:57:116 11550 12296 1
18-07-2017-17:58:57:170 12296 13042 1
18-07-2017-17:58:57:227 13042 13788 1
18-07-2017-17:58:57:267 13788 14534 1
18-07-2017-17:58:57:316 14534 15280 1
18-07-2017-17:58:57:478 15280 16026 1
18-07-2017-17:58:57:485 16026 16772 1
18-07-2017-17:58:57:487 16772 17518 1
18-07-2017-17:58:57:487 17518 18264 1
18-07-2017-17:58:57:535 18264 19010 1
18-07-2017-17:58:57:587 19010 19756 1
18-07-2017-17:58:57:632 19756 20502 1
18-07-2017-17:58:57:678 20502 21248 1
18-07-2017-17:58:57:729 21248 21994 1
18-07-2017-17:58:57:768 21994 22740 1
18-07-2017-17:58:57:812 22740 23486 1
18-07-2017-17:58:57:859 23486 24232 1
18-07-2017-17:58:57:906 24232 24978 1
18-07-2017-17:58:57:953 24978 25724 1
18-07-2017-17:58:57:998 25724 26470 1
18-07-2017-17:58:58:051 26470 27216 1
18-07-2017-17:58:58:098 27216 27962 1
18-07-2017-17:58:58:146 27962 28708 1
18-07-2017-17:58:58:192 28708 29454 1
18-07-2017-17:58:58:238 29454 30200 1
18-07-2017-17:58:58:285 30200 30946 1
18-07-2017-17:58:58:333 30946 31692 1
18-07-2017-17:58:58:383 31692 32438 1
18-07-2017-17:58:58:430 32438 33184 1
18-07-2017-17:58:58:473 33184 33930 1
18-07-2017-17:58:58:522 33930 34676 1
18-07-2017-17:58:58:567 34676 35422 1
18-07-2017-17:58:58:614 35422 36168 1
18-07-2017-17:58:58:660 36168 36914 1
18-07-2017-17:58:58:709 36914 37660 1
18-07-2017-17:58:58:754 37660 38406 1
18-07-2017-17:58:58:806 38406 39152 1
18-07-2017-17:58:58:846 39152 39898 1
18-07-2017-17:58:58:894 39898 40644 1
18-07-2017-17:58:58:942 40644 41390 1
18-07-2017-17:58:58:987 41390 42136 1
18-07-2017-17:58:59:030 42136 42882 1
18-07-2017-17:58:59:082 42882 43628 1
18-07-2017-17:58:59:116 43628 44374 1
18-07-2017-17:58:59:164 44374 45120 1
18-07-2017-17:58:59:210 45120 45866 1
18-07-2017-17:58:59:262 45866 46612 1
18-07-2017-17:58:59:309 46612 47358 1
18-07-2017-17:58:59:360 47358 48104 1
18-07-2017-17:58:59:405 48104 48850 1
18-07-2017-17:58:59:447 48850 49596 1
18-07-2017-17:58:59:494 49596 50342 1
18-07-2017-17:58:59:540 50342 51088 1
18-07-2017-17:58:59:586 51088 51834 1
18-07-2017-17:58:59:633 51834 52580 1
18-07-2017-17:58:59:682 52580 53326 1
18-07-2017-17:58:59:725 53326 54072 1
18-07-2017-17:58:59:778 54072 54744 1
18-07-2017-17:58:59:819 54744 55416 1
18-07-2017-17:58:59:852 55416 56088 1
18-07-2017-17:58:59:899 56088 56760 1
18-07-2017-17:58:59:939 56760 57432 1
18-07-2017-17:58:59:978 57432 58104 1
18-07-2017-17:59:00:025 58104 58776 1
18-07-2017-17:59:00:061 58776 59448 1
18-07-2017-17:59:00:108 59448 60120 1
18-07-2017-17:59:00:148 60120 60792 1
18-07-2017-17:59:00:199 60792 61464 1
18-07-2017-17:59:00:233 61464 62136 1
18-07-2017-17:59:00:272 62136 62808 1
18-07-2017-17:59:00:318 62808 63480 1
18-07-2017-17:59:00:354 63480 64152 1
18-07-2017-17:59:00:401 64152 64824 1
18-07-2017-17:59:00:442 64824 65496 1
18-07-2017-17:59:00:670 65496 66168 1
18-07-2017-17:59:00:671 66168 66840 1
18-07-2017-17:59:00:673 66840 67512 1
18-07-2017-17:59:00:673 67512 68184 1
18-07-2017-17:59:00:673 68184 68856 1
18-07-2017-17:59:00:694 68856 69528 1
18-07-2017-17:59:00:742 69528 70200 1
18-07-2017-17:59:00:777 70200 70872 1
18-07-2017-17:59:00:824 70872 71544 1
18-07-2017-17:59:00:858 71544 72216 1
18-07-2017-17:59:00:905 72216 72888 1
18-07-2017-17:59:00:951 72888 73560 1
18-07-2017-17:59:00:987 73560 74232 1
18-07-2017-17:59:01:032 74232 74904 1
18-07-2017-17:59:01:067 74904 75576 1
18-07-2017-17:59:01:120 75576 76248 1
18-07-2017-17:59:01:155 76248 76920 1
18-07-2017-17:59:01:200 76920 77592 1
18-07-2017-17:59:01:241 77592 78264 1
18-07-2017-17:59:01:283 78264 78936 1
18-07-2017-17:59:01:330 78936 79608 1
18-07-2017-17:59:01:365 79608 80280 1
18-07-2017-17:59:01:412 80280 80952 1
18-07-2017-17:59:01:445 80952 81624 1
18-07-2017-17:59:01:492 81624 82296 1
18-07-2017-17:59:01:538 82296 82968 1
18-07-2017-17:59:01:574 82968 83640 1
18-07-2017-17:59:01:620 83640 84312 1
18-07-2017-17:59:01:656 84312 84984 1
18-07-2017-17:59:01:703 84984 85656 1
18-07-2017-17:59:01:742 85656 86328 1
18-07-2017-17:59:01:783 86328 87000 1
18-07-2017-17:59:01:829 87000 87672 1
18-07-2017-17:59:01:875 87672 88344 1
18-07-2017-17:59:01:911 88344 89016 1
18-07-2017-17:59:01:957 89016 89688 1
18-07-2017-17:59:02:001 89688 90360 1
18-07-2017-17:59:02:035 90360 91032 1
18-07-2017-17:59:02:082 91032 91704 1
18-07-2017-17:59:02:132 91704 92376 1
18-07-2017-17:59:02:164 92376 93048 1
18-07-2017-17:59:02:264 93048 93720 1
18-07-2017-17:59:02:265 93720 94392 1
18-07-2017-17:59:02:293 94392 95064 1
18-07-2017-17:59:02:337 95064 95736 1
18-07-2017-17:59:02:373 95736 96408 1
18-07-2017-17:59:02:419 96408 97080 1
18-07-2017-17:59:02:454 97080 97752 1
18-07-2017-17:59:02:499 97752 98424 1
18-07-2017-17:59:02:546 98424 99096 1
18-07-2017-17:59:02:581 99096 99768 1
18-07-2017-17:59:02:627 99768 100440 1
18-07-2017-17:59:02:674 100440 101112 1
18-07-2017-17:59:02:708 101112 101784 1
18-07-2017-17:59:02:756 101784 102456 1
18-07-2017-17:59:02:790 102456 103128 1
18-07-2017-17:59:02:837 103128 103800 1
18-07-2017-17:59:02:884 103800 104472 1
18-07-2017-17:59:02:919 104472 105144 1
18-07-2017-17:59:02:964 105144 105816 1
18-07-2017-17:59:03:000 105816 106488 1
18-07-2017-17:59:03:046 106488 107160 1
18-07-2017-17:59:03:093 107160 107832 1
18-07-2017-17:59:03:129 107832 108504 1
18-07-2017-17:59:03:174 108504 109176 1
18-07-2017-17:59:03:209 109176 109848 1
18-07-2017-17:59:03:255 109848 110520 1
18-07-2017-17:59:03:300 110520 111192 1
18-07-2017-17:59:03:334 111192 111864 1
18-07-2017-17:59:03:382 111864 112536 1
18-07-2017-17:59:03:430 112536 113208 1
18-07-2017-17:59:03:464 113208 113880 1
18-07-2017-17:59:03:510 113880 114552 1
18-07-2017-17:59:03:545 114552 115224 1
18-07-2017-17:59:03:592 115224 115896 1
18-07-2017-17:59:03:643 115896 116568 1
18-07-2017-17:59:03:684 116568 117240 1
18-07-2017-17:59:03:720 117240 117912 1
18-07-2017-17:59:03:763 117912 118584 1
18-07-2017-17:59:03:800 118584 119256 1
18-07-2017-17:59:03:845 119256 119928 1
18-07-2017-17:59:03:892 119928 120600 1
18-07-2017-17:59:03:927 120600 121272 1
18-07-2017-17:59:03:974 121272 121944 1
18-07-2017-17:59:04:008 121944 122616 1
18-07-2017-17:59:04:055 122616 123288 1
18-07-2017-17:59:04:101 123288 123960 1
18-07-2017-17:59:04:137 123960 124632 1
18-07-2017-17:59:04:182 124632 125304 1
18-07-2017-17:59:04:219 125304 125976 1
18-07-2017-17:59:04:268 125976 126648 1
18-07-2017-17:59:04:308 126648 127320 1
18-07-2017-17:59:04:344 127320 127992 1
18-07-2017-17:59:04:391 127992 128664 1
18-07-2017-17:59:04:437 128664 129336 1
18-07-2017-17:59:04:471 129336 130008 1
18-07-2017-17:59:04:519 130008 130680 1
18-07-2017-17:59:04:553 130680 131352 1
18-07-2017-17:59:04:599 131352 132024 1
18-07-2017-17:59:04:648 132024 132696 1
18-07-2017-17:59:04:681 132696 133368 1
18-07-2017-17:59:04:728 133368 134040 1
18-07-2017-17:59:04:763 134040 134712 1
18-07-2017-17:59:04:809 134712 135384 1
18-07-2017-17:59:04:858 135384 136056 1
18-07-2017-17:59:04:892 136056 136728 1
18-07-2017-17:59:04:932 136728 137400 1
18-07-2017-17:59:04:978 137400 138072 1
18-07-2017-17:59:05:026 138072 138744 1
18-07-2017-17:59:05:061 138744 139416 1
18-07-2017-17:59:05:107 139416 140088 1
18-07-2017-17:59:05:141 140088 140760 1
18-07-2017-17:59:05:188 140760 141432 1
18-07-2017-17:59:05:236 141432 142104 1
18-07-2017-17:59:05:270 142104 142776 1
18-07-2017-17:59:05:317 142776 143448 1
18-07-2017-17:59:05:659 143448 144120 1
18-07-2017-17:59:05:660 144120 144792 1
18-07-2017-17:59:05:660 144792 145464 1
18-07-2017-17:59:05:660 145464 146136 1
18-07-2017-17:59:05:660 146136 146808 1
18-07-2017-17:59:05:661 146808 147480 1
18-07-2017-17:59:05:661 147480 148152 1
18-07-2017-17:59:05:661 148152 148824 1
18-07-2017-17:59:05:690 148824 149496 1
18-07-2017-17:59:05:737 149496 150168 1
18-07-2017-17:59:05:770 150168 150840 1
18-07-2017-17:59:05:817 150840 151512 1
18-07-2017-17:59:05:863 151512 152184 1
18-07-2017-17:59:05:897 152184 152856 1
18-07-2017-17:59:05:945 152856 153528 1
18-07-2017-17:59:05:992 153528 154200 1
18-07-2017-17:59:06:026 154200 154872 1
18-07-2017-17:59:06:073 154872 155544 1
18-07-2017-17:59:06:109 155544 156216 1
18-07-2017-17:59:06:158 156216 156888 1
18-07-2017-17:59:06:193 156888 157560 1
18-07-2017-17:59:06:240 157560 158232 1
18-07-2017-17:59:06:280 158232 158904 1
18-07-2017-17:59:06:322 158904 159576 1
18-07-2017-17:59:06:368 159576 160248 1
18-07-2017-17:59:06:403 160248 160920 1
18-07-2017-17:59:06:446 160920 161592 1
18-07-2017-17:59:06:494 161592 162264 1
18-07-2017-17:59:06:528 162264 162936 1
18-07-2017-17:59:06:576 162936 163608 1
18-07-2017-17:59:06:623 163608 164280 1
18-07-2017-17:59:06:657 164280 164952 1
18-07-2017-17:59:06:703 164952 165624 1
18-07-2017-17:59:06:739 165624 166296 1
18-07-2017-17:59:06:790 166296 166968 1
18-07-2017-17:59:06:823 166968 167640 1
18-07-2017-17:59:06:869 167640 168312 1
18-07-2017-17:59:06:914 168312 168984 1
18-07-2017-17:59:06:955 168984 169656 1
18-07-2017-17:59:06:989 169656 170328 1
18-07-2017-17:59:07:035 170328 171000 1
18-07-2017-17:59:07:082 171000 171672 1
18-07-2017-17:59:07:118 171672 172344 1
18-07-2017-17:59:07:164 172344 173016 1
18-07-2017-17:59:07:200 173016 173688 1
18-07-2017-17:59:07:246 173688 174360 1
18-07-2017-17:59:07:293 174360 175032 1
18-07-2017-17:59:07:332 175032 175704 1
18-07-2017-17:59:07:371 175704 176376 1
18-07-2017-17:59:07:418 176376 177048 1
18-07-2017-17:59:07:453 177048 177720 1
18-07-2017-17:59:07:498 177720 178392 1
18-07-2017-17:59:07:545 178392 179064 1
18-07-2017-17:59:07:581 179064 179736 1
18-07-2017-17:59:07:628 179736 180408 1
18-07-2017-17:59:07:663 180408 181080 1
18-07-2017-17:59:07:710 181080 181752 1
18-07-2017-17:59:07:755 181752 182424 1
18-07-2017-17:59:07:790 182424 183096 1
18-07-2017-17:59:07:837 183096 183768 1
18-07-2017-17:59:07:872 183768 184440 1
18-07-2017-17:59:07:920 184440 185112 1
18-07-2017-17:59:07:965 185112 185784 1
18-07-2017-17:59:08:002 185784 186456 1
18-07-2017-17:59:08:047 186456 187128 1
18-07-2017-17:59:08:082 187128 187800 1
18-07-2017-17:59:08:130 187800 188472 1
18-07-2017-17:59:08:177 188472 189144 1
18-07-2017-17:59:08:210 189144 189816 1
18-07-2017-17:59:08:257 189816 190488 1
18-07-2017-17:59:08:291 190488 191160 1
18-07-2017-17:59:08:338 191160 191832 1
18-07-2017-17:59:08:385 191832 192504 1
18-07-2017-17:59:08:420 192504 193176 1
18-07-2017-17:59:08:468 193176 193848 1
18-07-2017-17:59:08:607 193848 194520 1
18-07-2017-17:59:08:608 194520 195192 1
18-07-2017-17:59:08:608 195192 195864 1
18-07-2017-17:59:08:632 195864 196536 1
18-07-2017-17:59:08:678 196536 197208 1
18-07-2017-17:59:08:712 197208 197880 1
18-07-2017-17:59:08:759 197880 198552 1
18-07-2017-17:59:08:805 198552 199224 1
18-07-2017-17:59:08:841 199224 199896 1
18-07-2017-17:59:08:888 199896 200568 1
18-07-2017-17:59:08:923 200568 201240 1
18-07-2017-17:59:08:968 201240 201912 1
18-07-2017-17:59:09:017 201912 202584 1
18-07-2017-17:59:09:050 202584 203256 1
18-07-2017-17:59:09:097 203256 203928 1
18-07-2017-17:59:09:133 203928 204600 1
18-07-2017-17:59:09:179 204600 205272 1
18-07-2017-17:59:09:226 205272 205944 1
18-07-2017-17:59:09:262 205944 206616 1
18-07-2017-17:59:09:307 206616 207288 1
18-07-2017-17:59:09:342 207288 207960 1
