18-07-2017-18:25:11:524 0 800 1
18-07-2017-18:25:11:576 800 1507 1
18-07-2017-18:25:11:616 1507 2214 1
18-07-2017-18:25:11:657 2214 2921 1
18-07-2017-18:25:11:703 2921 3628 1
18-07-2017-18:25:11:749 3628 4335 1
18-07-2017-18:25:11:799 4335 5042 1
18-07-2017-18:25:11:835 5042 5749 1
18-07-2017-18:25:11:880 5749 6456 1
18-07-2017-18:25:11:928 6456 7163 1
18-07-2017-18:25:11:967 7163 7870 1
18-07-2017-18:25:12:009 7870 8577 1
18-07-2017-18:25:12:054 8577 9284 1
18-07-2017-18:25:12:138 9284 9991 1
18-07-2017-18:25:12:149 9991 10698 1
18-07-2017-18:25:12:186 10698 11405 1
18-07-2017-18:25:12:239 11405 12112 1
18-07-2017-18:25:12:277 12112 12819 1
18-07-2017-18:25:12:325 12819 13526 1
18-07-2017-18:25:12:370 13526 14233 1
18-07-2017-18:25:12:409 14233 14940 1
18-07-2017-18:25:12:454 14940 15647 1
18-07-2017-18:25:12:504 15647 16354 1
18-07-2017-18:25:12:546 16354 17061 1
18-07-2017-18:25:12:581 17061 17768 1
18-07-2017-18:25:12:629 17768 18475 1
18-07-2017-18:25:12:675 18475 19182 1
18-07-2017-18:25:12:715 19182 19889 1
18-07-2017-18:25:12:760 19889 20596 1
18-07-2017-18:25:12:807 20596 21303 1
18-07-2017-18:25:12:858 21303 22010 1
18-07-2017-18:25:12:901 22010 22717 1
18-07-2017-18:25:13:052 22717 23424 1
18-07-2017-18:25:13:056 23424 24131 1
18-07-2017-18:25:13:056 24131 24838 1
18-07-2017-18:25:13:069 24838 25545 1
18-07-2017-18:25:13:116 25545 26252 1
18-07-2017-18:25:13:168 26252 26959 1
18-07-2017-18:25:13:208 26959 27666 1
18-07-2017-18:25:13:254 27666 28373 1
18-07-2017-18:25:13:290 28373 29080 1
18-07-2017-18:25:13:336 29080 29787 1
18-07-2017-18:25:13:382 29787 30494 1
18-07-2017-18:25:13:430 30494 31201 1
18-07-2017-18:25:13:475 31201 31908 1
18-07-2017-18:25:13:511 31908 32615 1
18-07-2017-18:25:13:563 32615 33322 1
18-07-2017-18:25:13:609 33322 34029 1
18-07-2017-18:25:13:644 34029 34736 1
18-07-2017-18:25:13:691 34736 35443 1
18-07-2017-18:25:13:736 35443 36150 1
18-07-2017-18:25:13:784 36150 36857 1
18-07-2017-18:25:13:819 36857 37564 1
18-07-2017-18:25:13:864 37564 38271 1
18-07-2017-18:25:13:911 38271 38978 1
18-07-2017-18:25:13:959 38978 39685 1
18-07-2017-18:25:14:005 39685 40392 1
18-07-2017-18:25:14:040 40392 41099 1
18-07-2017-18:25:14:086 41099 41806 1
18-07-2017-18:25:14:133 41806 42513 1
18-07-2017-18:25:14:181 42513 43220 1
18-07-2017-18:25:14:226 43220 43927 1
18-07-2017-18:25:14:261 43927 44634 1
18-07-2017-18:25:14:309 44634 45341 1
18-07-2017-18:25:14:354 45341 46048 1
18-07-2017-18:25:14:400 46048 46755 1
18-07-2017-18:25:14:436 46755 47462 1
18-07-2017-18:25:14:482 47462 48169 1
18-07-2017-18:25:14:530 48169 48876 1
18-07-2017-18:25:14:575 48876 49583 1
18-07-2017-18:25:14:623 49583 50290 1
18-07-2017-18:25:14:657 50290 50997 1
18-07-2017-18:25:14:709 50997 51704 1
18-07-2017-18:25:14:751 51704 52411 1
18-07-2017-18:25:14:793 52411 53118 1
18-07-2017-18:25:14:839 53118 53825 1
18-07-2017-18:25:14:885 53825 54532 1
18-07-2017-18:25:14:933 54532 55239 1
18-07-2017-18:25:14:966 55239 55946 1
18-07-2017-18:25:15:013 55946 56653 1
18-07-2017-18:25:15:059 56653 57360 1
18-07-2017-18:25:15:106 57360 58067 1
18-07-2017-18:25:15:154 58067 58774 1
18-07-2017-18:25:15:191 58774 59481 1
18-07-2017-18:25:15:235 59481 60188 1
18-07-2017-18:25:15:287 60188 60895 1
18-07-2017-18:25:15:332 60895 61602 1
18-07-2017-18:25:15:367 61602 62309 1
18-07-2017-18:25:15:579 62309 63016 1
18-07-2017-18:25:15:580 63016 63723 1
18-07-2017-18:25:15:581 63723 64430 1
18-07-2017-18:25:15:581 64430 65137 1
18-07-2017-18:25:15:588 65137 65844 1
18-07-2017-18:25:15:638 65844 66551 1
18-07-2017-18:25:15:681 66551 67258 1
18-07-2017-18:25:15:729 67258 67965 1
18-07-2017-18:25:15:765 67965 68672 1
18-07-2017-18:25:15:811 68672 69379 1
18-07-2017-18:25:15:858 69379 70086 1
18-07-2017-18:25:15:902 70086 70793 1
18-07-2017-18:25:15:951 70793 71500 1
18-07-2017-18:25:15:984 71500 72207 1
18-07-2017-18:25:16:032 72207 72914 1
18-07-2017-18:25:16:080 72914 73621 1
18-07-2017-18:25:16:128 73621 74328 1
18-07-2017-18:25:16:159 74328 75035 1
18-07-2017-18:25:16:207 75035 75742 1
18-07-2017-18:25:16:255 75742 76449 1
18-07-2017-18:25:16:300 76449 77156 1
18-07-2017-18:25:16:347 77156 77863 1
18-07-2017-18:25:16:380 77863 78570 1
18-07-2017-18:25:16:428 78570 79277 1
18-07-2017-18:25:16:474 79277 79984 1
18-07-2017-18:25:16:520 79984 80691 1
18-07-2017-18:25:16:783 80691 81398 1
18-07-2017-18:25:16:784 81398 82105 1
18-07-2017-18:25:16:784 82105 82812 1
18-07-2017-18:25:16:784 82812 83519 1
18-07-2017-18:25:16:784 83519 84226 1
18-07-2017-18:25:16:788 84226 84933 1
18-07-2017-18:25:16:823 84933 85640 1
18-07-2017-18:25:16:871 85640 86347 1
18-07-2017-18:25:16:920 86347 87054 1
18-07-2017-18:25:16:964 87054 87761 1
18-07-2017-18:25:17:010 87761 88468 1
18-07-2017-18:25:17:048 88468 89175 1
18-07-2017-18:25:17:096 89175 89882 1
18-07-2017-18:25:17:142 89882 90589 1
18-07-2017-18:25:17:177 90589 91296 1
18-07-2017-18:25:17:223 91296 92003 1
18-07-2017-18:25:17:271 92003 92710 1
18-07-2017-18:25:17:317 92710 93417 1
18-07-2017-18:25:17:364 93417 94124 1
18-07-2017-18:25:17:399 94124 94831 1
18-07-2017-18:25:17:446 94831 95538 1
18-07-2017-18:25:17:491 95538 96245 1
18-07-2017-18:25:17:540 96245 96952 1
18-07-2017-18:25:17:574 96952 97659 1
18-07-2017-18:25:17:621 97659 98366 1
18-07-2017-18:25:17:671 98366 99073 1
18-07-2017-18:25:17:706 99073 99780 1
18-07-2017-18:25:17:753 99780 100487 1
18-07-2017-18:25:17:800 100487 101194 1
18-07-2017-18:25:17:848 101194 101901 1
18-07-2017-18:25:17:893 101901 102608 1
18-07-2017-18:25:17:928 102608 103315 1
18-07-2017-18:25:17:974 103315 104022 1
18-07-2017-18:25:18:023 104022 104729 1
18-07-2017-18:25:18:069 104729 105436 1
18-07-2017-18:25:18:117 105436 106143 1
18-07-2017-18:25:18:151 106143 106850 1
18-07-2017-18:25:18:200 106850 107557 1
18-07-2017-18:25:18:247 107557 108264 1
18-07-2017-18:25:18:281 108264 108971 1
18-07-2017-18:25:18:328 108971 109678 1
18-07-2017-18:25:18:375 109678 110385 1
18-07-2017-18:25:18:421 110385 111092 1
18-07-2017-18:25:18:469 111092 111799 1
18-07-2017-18:25:18:503 111799 112506 1
18-07-2017-18:25:18:547 112506 113213 1
18-07-2017-18:25:18:594 113213 113920 1
18-07-2017-18:25:18:635 113920 114627 1
18-07-2017-18:25:18:682 114627 115334 1
18-07-2017-18:25:18:727 115334 116041 1
18-07-2017-18:25:18:776 116041 116748 1
18-07-2017-18:25:18:820 116748 117455 1
18-07-2017-18:25:18:855 117455 118162 1
18-07-2017-18:25:18:905 118162 118869 1
18-07-2017-18:25:18:950 118869 119576 1
18-07-2017-18:25:18:993 119576 120283 1
18-07-2017-18:25:19:039 120283 120990 1
18-07-2017-18:25:19:086 120990 121697 1
18-07-2017-18:25:19:122 121697 122404 1
18-07-2017-18:25:19:169 122404 123111 1
18-07-2017-18:25:19:215 123111 123818 1
18-07-2017-18:25:19:262 123818 124525 1
18-07-2017-18:25:19:308 124525 125232 1
18-07-2017-18:25:19:343 125232 125939 1
18-07-2017-18:25:19:389 125939 126646 1
18-07-2017-18:25:19:439 126646 127353 1
18-07-2017-18:25:19:476 127353 128060 1
18-07-2017-18:25:19:522 128060 128767 1
18-07-2017-18:25:19:569 128767 129474 1
18-07-2017-18:25:19:615 129474 130181 1
18-07-2017-18:25:19:662 130181 130888 1
18-07-2017-18:25:20:068 130888 131595 1
18-07-2017-18:25:20:071 131595 132302 1
18-07-2017-18:25:20:071 132302 133009 1
18-07-2017-18:25:20:071 133009 133716 1
18-07-2017-18:25:20:071 133716 134423 1
18-07-2017-18:25:20:071 134423 135130 1
18-07-2017-18:25:20:071 135130 135837 1
18-07-2017-18:25:20:071 135837 136544 1
18-07-2017-18:25:20:071 136544 137251 1
18-07-2017-18:25:20:101 137251 137958 1
18-07-2017-18:25:20:137 137958 138665 1
18-07-2017-18:25:20:189 138665 139294 1
18-07-2017-18:25:20:226 139294 139923 1
18-07-2017-18:25:20:262 139923 140552 1
18-07-2017-18:25:20:298 140552 141181 1
18-07-2017-18:25:20:343 141181 141810 1
18-07-2017-18:25:20:378 141810 142439 1
18-07-2017-18:25:20:413 142439 143068 1
18-07-2017-18:25:20:460 143068 143697 1
18-07-2017-18:25:20:494 143697 144326 1
18-07-2017-18:25:20:529 144326 144955 1
18-07-2017-18:25:20:576 144955 145584 1
18-07-2017-18:25:20:612 145584 146213 1
18-07-2017-18:25:20:658 146213 146842 1
18-07-2017-18:25:20:693 146842 147471 1
18-07-2017-18:25:20:729 147471 148100 1
18-07-2017-18:25:20:774 148100 148729 1
18-07-2017-18:25:20:810 148729 149358 1
18-07-2017-18:25:20:845 149358 149987 1
18-07-2017-18:25:20:891 149987 150616 1
18-07-2017-18:25:20:926 150616 151245 1
18-07-2017-18:25:20:969 151245 151874 1
18-07-2017-18:25:21:004 151874 152503 1
18-07-2017-18:25:21:051 152503 153132 1
18-07-2017-18:25:21:086 153132 153761 1
18-07-2017-18:25:21:121 153761 154390 1
18-07-2017-18:25:21:167 154390 155019 1
18-07-2017-18:25:21:202 155019 155648 1
18-07-2017-18:25:21:237 155648 156277 1
18-07-2017-18:25:21:285 156277 156906 1
18-07-2017-18:25:21:319 156906 157535 1
18-07-2017-18:25:21:365 157535 158164 1
18-07-2017-18:25:21:400 158164 158793 1
18-07-2017-18:25:21:436 158793 159422 1
18-07-2017-18:25:21:482 159422 160051 1
18-07-2017-18:25:21:519 160051 160680 1
18-07-2017-18:25:21:557 160680 161309 1
18-07-2017-18:25:21:591 161309 161938 1
18-07-2017-18:25:21:637 161938 162567 1
18-07-2017-18:25:21:674 162567 163196 1
18-07-2017-18:25:21:719 163196 163825 1
18-07-2017-18:25:21:754 163825 164454 1
18-07-2017-18:25:21:789 164454 165083 1
18-07-2017-18:25:21:835 165083 165712 1
18-07-2017-18:25:21:868 165712 166341 1
18-07-2017-18:25:21:914 166341 166970 1
18-07-2017-18:25:21:948 166970 167599 1
18-07-2017-18:25:21:996 167599 168228 1
18-07-2017-18:25:22:031 168228 168857 1
18-07-2017-18:25:22:066 168857 169486 1
18-07-2017-18:25:22:390 169486 170115 1
18-07-2017-18:25:22:392 170115 170744 1
18-07-2017-18:25:22:392 170744 171373 1
18-07-2017-18:25:22:393 171373 172002 1
18-07-2017-18:25:22:394 172002 172631 1
18-07-2017-18:25:22:394 172631 173260 1
18-07-2017-18:25:22:394 173260 173889 1
18-07-2017-18:25:22:394 173889 174518 1
18-07-2017-18:25:22:429 174518 175147 1
18-07-2017-18:25:22:463 175147 175776 1
18-07-2017-18:25:22:497 175776 176405 1
18-07-2017-18:25:22:544 176405 177034 1
18-07-2017-18:25:22:586 177034 177663 1
18-07-2017-18:25:22:619 177663 178292 1
18-07-2017-18:25:22:654 178292 178921 1
18-07-2017-18:25:22:701 178921 179550 1
18-07-2017-18:25:22:738 179550 180179 1
18-07-2017-18:25:22:772 180179 180808 1
18-07-2017-18:25:22:817 180808 181437 1
18-07-2017-18:25:22:852 181437 182066 1
18-07-2017-18:25:22:900 182066 182695 1
18-07-2017-18:25:22:934 182695 183324 1
18-07-2017-18:25:22:970 183324 183953 1
18-07-2017-18:25:23:021 183953 184582 1
18-07-2017-18:25:23:047 184582 185211 1
18-07-2017-18:25:23:092 185211 185840 1
18-07-2017-18:25:23:128 185840 186469 1
18-07-2017-18:25:23:174 186469 187098 1
18-07-2017-18:25:23:210 187098 187727 1
18-07-2017-18:25:23:244 187727 188356 1
18-07-2017-18:25:23:291 188356 188985 1
18-07-2017-18:25:23:326 188985 189614 1
18-07-2017-18:25:23:361 189614 190243 1
18-07-2017-18:25:23:408 190243 190872 1
18-07-2017-18:25:23:442 190872 191501 1
18-07-2017-18:25:23:488 191501 192130 1
18-07-2017-18:25:23:524 192130 192759 1
18-07-2017-18:25:23:558 192759 193388 1
18-07-2017-18:25:23:606 193388 194017 1
18-07-2017-18:25:23:639 194017 194646 1
18-07-2017-18:25:23:674 194646 195275 1
18-07-2017-18:25:23:722 195275 195904 1
18-07-2017-18:25:23:757 195904 196533 1
18-07-2017-18:25:23:801 196533 197162 1
18-07-2017-18:25:23:840 197162 197791 1
18-07-2017-18:25:23:874 197791 198420 1
18-07-2017-18:25:23:922 198420 199049 1
18-07-2017-18:25:23:956 199049 199678 1
18-07-2017-18:25:23:990 199678 200307 1
18-07-2017-18:25:24:038 200307 200936 1
18-07-2017-18:25:24:073 200936 201565 1
18-07-2017-18:25:24:106 201565 202194 1
18-07-2017-18:25:24:155 202194 202823 1
18-07-2017-18:25:24:191 202823 203452 1
18-07-2017-18:25:24:236 203452 204081 1
18-07-2017-18:25:24:279 204081 204710 1
18-07-2017-18:25:24:305 204710 205339 1
18-07-2017-18:25:24:352 205339 205968 1
18-07-2017-18:25:24:387 205968 206597 1
18-07-2017-18:25:24:423 206597 207226 1
18-07-2017-18:25:24:469 207226 207855 1
18-07-2017-18:25:24:771 207855 208484 1
18-07-2017-18:25:24:776 208484 209113 1
18-07-2017-18:25:24:776 209113 209742 1
18-07-2017-18:25:24:776 209742 210371 1
18-07-2017-18:25:24:776 210371 211000 1
18-07-2017-18:25:24:776 211000 211629 1
18-07-2017-18:25:24:776 211629 212258 1
18-07-2017-18:25:24:787 212258 212887 1
18-07-2017-18:25:24:818 212887 213516 1
18-07-2017-18:25:24:853 213516 214145 1
18-07-2017-18:25:24:904 214145 214707 1
18-07-2017-18:25:24:941 214707 215269 1
18-07-2017-18:25:24:970 215269 215831 1
18-07-2017-18:25:25:006 215831 216393 1
18-07-2017-18:25:25:040 216393 216955 1
18-07-2017-18:25:25:075 216955 217517 1
18-07-2017-18:25:25:155 217517 218079 1
18-07-2017-18:25:25:156 218079 218641 1
18-07-2017-18:25:25:176 218641 219203 1
18-07-2017-18:25:25:211 219203 219765 1
18-07-2017-18:25:25:247 219765 220327 1
18-07-2017-18:25:25:281 220327 220889 1
18-07-2017-18:25:25:317 220889 221451 1
18-07-2017-18:25:25:351 221451 222013 1
18-07-2017-18:25:25:387 222013 222575 1
18-07-2017-18:25:25:421 222575 223137 1
18-07-2017-18:25:25:455 223137 223699 1
18-07-2017-18:25:25:491 223699 224261 1
18-07-2017-18:25:25:526 224261 224823 1
18-07-2017-18:25:25:561 224823 225385 1
18-07-2017-18:25:25:597 225385 225947 1
18-07-2017-18:25:25:630 225947 226509 1
18-07-2017-18:25:25:666 226509 227071 1
18-07-2017-18:25:25:701 227071 227633 1
18-07-2017-18:25:25:737 227633 228195 1
18-07-2017-18:25:25:771 228195 228757 1
18-07-2017-18:25:25:807 228757 229319 1
18-07-2017-18:25:25:840 229319 229881 1
18-07-2017-18:25:25:875 229881 230443 1
18-07-2017-18:25:25:911 230443 231005 1
18-07-2017-18:25:25:945 231005 231567 1
18-07-2017-18:25:25:982 231567 232129 1
18-07-2017-18:25:26:017 232129 232691 1
18-07-2017-18:25:26:051 232691 233253 1
18-07-2017-18:25:26:097 233253 233815 1
18-07-2017-18:25:26:123 233815 234377 1
18-07-2017-18:25:26:156 234377 234939 1
18-07-2017-18:25:26:192 234939 235501 1
18-07-2017-18:25:26:227 235501 236063 1
18-07-2017-18:25:26:261 236063 236625 1
18-07-2017-18:25:26:296 236625 237187 1
18-07-2017-18:25:26:332 237187 237749 1
18-07-2017-18:25:26:367 237749 238311 1
18-07-2017-18:25:26:401 238311 238873 1
18-07-2017-18:25:26:437 238873 239435 1
18-07-2017-18:25:26:472 239435 239997 1
18-07-2017-18:25:26:506 239997 240559 1
18-07-2017-18:25:26:541 240559 241121 1
18-07-2017-18:25:26:577 241121 241683 1
18-07-2017-18:25:26:612 241683 242245 1
18-07-2017-18:25:26:646 242245 242807 1
18-07-2017-18:25:26:681 242807 243369 1
18-07-2017-18:25:26:717 243369 243931 1
18-07-2017-18:25:26:752 243931 244493 1
18-07-2017-18:25:26:785 244493 245055 1
18-07-2017-18:25:26:822 245055 245617 1
18-07-2017-18:25:26:856 245617 246179 1
18-07-2017-18:25:26:891 246179 246741 1
18-07-2017-18:25:26:926 246741 247303 1
18-07-2017-18:25:26:971 247303 247865 1
18-07-2017-18:25:27:005 247865 248427 1
18-07-2017-18:25:27:040 248427 248989 1
18-07-2017-18:25:27:076 248989 249551 1
18-07-2017-18:25:27:111 249551 250113 1
18-07-2017-18:25:27:146 250113 250675 1
18-07-2017-18:25:27:180 250675 251237 1
18-07-2017-18:25:27:216 251237 251799 1
18-07-2017-18:25:27:249 251799 252361 1
18-07-2017-18:25:27:285 252361 252923 1
18-07-2017-18:25:27:319 252923 253485 1
18-07-2017-18:25:27:356 253485 254047 1
18-07-2017-18:25:27:390 254047 254609 1
18-07-2017-18:25:27:424 254609 255171 1
18-07-2017-18:25:27:461 255171 255733 1
18-07-2017-18:25:27:494 255733 256295 1
18-07-2017-18:25:27:530 256295 256857 1
18-07-2017-18:25:27:565 256857 257419 1
18-07-2017-18:25:27:601 257419 257981 1
18-07-2017-18:25:27:636 257981 258543 1
18-07-2017-18:25:27:671 258543 259105 1
18-07-2017-18:25:27:705 259105 259667 1
18-07-2017-18:25:27:739 259667 260229 1
18-07-2017-18:25:27:775 260229 260791 1
18-07-2017-18:25:27:810 260791 261353 1
18-07-2017-18:25:27:845 261353 261915 1
18-07-2017-18:25:27:880 261915 262477 1
18-07-2017-18:25:27:916 262477 263039 1
18-07-2017-18:25:27:950 263039 263601 1
18-07-2017-18:25:27:985 263601 264163 1
18-07-2017-18:25:28:020 264163 264725 1
18-07-2017-18:25:28:054 264725 265287 1
18-07-2017-18:25:28:090 265287 265849 1
18-07-2017-18:25:28:124 265849 266411 1
18-07-2017-18:25:28:159 266411 266973 1
18-07-2017-18:25:28:199 266973 267535 1
18-07-2017-18:25:28:662 267535 268097 1
18-07-2017-18:25:28:664 268097 268659 1
18-07-2017-18:25:28:664 268659 269221 1
18-07-2017-18:25:28:664 269221 269783 1
18-07-2017-18:25:28:664 269783 270345 1
18-07-2017-18:25:28:664 270345 270907 1
18-07-2017-18:25:28:664 270907 271469 1
18-07-2017-18:25:28:664 271469 272031 1
18-07-2017-18:25:28:664 272031 272593 1
18-07-2017-18:25:28:664 272593 273155 1
18-07-2017-18:25:28:664 273155 273717 1
18-07-2017-18:25:28:664 273717 274279 1
18-07-2017-18:25:28:665 274279 274841 1
18-07-2017-18:25:28:688 274841 275403 1
18-07-2017-18:25:28:723 275403 275965 1
18-07-2017-18:25:28:759 275965 276527 1
18-07-2017-18:25:28:791 276527 277089 1
18-07-2017-18:25:28:824 277089 277651 1
18-07-2017-18:25:28:860 277651 278213 1
18-07-2017-18:25:28:894 278213 278775 1
18-07-2017-18:25:28:929 278775 279337 1
18-07-2017-18:25:28:963 279337 279899 1
18-07-2017-18:25:28:999 279899 280461 1
18-07-2017-18:25:29:033 280461 281023 1
18-07-2017-18:25:29:072 281023 281585 1
18-07-2017-18:25:29:106 281585 282147 1
18-07-2017-18:25:29:144 282147 282709 1
18-07-2017-18:25:29:176 282709 283271 1
18-07-2017-18:25:29:211 283271 283833 1
18-07-2017-18:25:29:247 283833 284395 1
18-07-2017-18:25:29:282 284395 284957 1
18-07-2017-18:25:29:318 284957 285519 1
18-07-2017-18:25:29:352 285519 286081 1
18-07-2017-18:25:29:387 286081 286643 1
18-07-2017-18:25:29:432 286643 287205 1
18-07-2017-18:25:29:465 287205 287767 1
18-07-2017-18:25:29:501 287767 288329 1
18-07-2017-18:25:29:536 288329 288891 1
18-07-2017-18:25:29:571 288891 289453 1
18-07-2017-18:25:29:605 289453 290015 1
18-07-2017-18:25:29:639 290015 290577 1
18-07-2017-18:25:29:676 290577 291139 1
18-07-2017-18:25:29:709 291139 291701 1
18-07-2017-18:25:29:744 291701 292263 1
18-07-2017-18:25:29:780 292263 292825 1
18-07-2017-18:25:29:815 292825 293387 1
18-07-2017-18:25:29:850 293387 293949 1
18-07-2017-18:25:29:884 293949 294511 1
18-07-2017-18:25:29:924 294511 295073 1
18-07-2017-18:25:29:947 295073 295635 1
18-07-2017-18:25:29:983 295635 296197 1
18-07-2017-18:25:30:018 296197 296759 1
18-07-2017-18:25:30:064 296759 297321 1
18-07-2017-18:25:30:099 297321 297883 1
18-07-2017-18:25:30:133 297883 298445 1
18-07-2017-18:25:30:169 298445 299007 1
18-07-2017-18:25:30:203 299007 299569 1
18-07-2017-18:25:30:240 299569 300131 1
18-07-2017-18:25:30:274 300131 300693 1
18-07-2017-18:25:30:308 300693 301255 1
18-07-2017-18:25:30:342 301255 301817 1
18-07-2017-18:25:30:379 301817 302379 1
18-07-2017-18:25:30:413 302379 302941 1
18-07-2017-18:25:30:449 302941 303503 1
18-07-2017-18:25:30:484 303503 304065 1
18-07-2017-18:25:30:519 304065 304627 1
18-07-2017-18:25:30:555 304627 305189 1
18-07-2017-18:25:30:590 305189 305751 1
18-07-2017-18:25:30:624 305751 306313 1
18-07-2017-18:25:30:658 306313 306875 1
18-07-2017-18:25:30:842 306875 307437 1
18-07-2017-18:25:30:843 307437 307999 1
18-07-2017-18:25:30:844 307999 308561 1
18-07-2017-18:25:30:844 308561 309123 1
18-07-2017-18:25:30:844 309123 309685 1
18-07-2017-18:25:30:862 309685 310247 1
18-07-2017-18:25:30:898 310247 310809 1
18-07-2017-18:25:30:933 310809 311371 1
18-07-2017-18:25:30:968 311371 311933 1
18-07-2017-18:25:31:003 311933 312495 1
18-07-2017-18:25:31:038 312495 313057 1
18-07-2017-18:25:31:072 313057 313619 1
18-07-2017-18:25:31:107 313619 314181 1
18-07-2017-18:25:31:143 314181 314743 1
18-07-2017-18:25:31:183 314743 315305 1
18-07-2017-18:25:31:213 315305 315867 1
18-07-2017-18:25:31:250 315867 316429 1
18-07-2017-18:25:31:286 316429 316991 1
18-07-2017-18:25:31:320 316991 317553 1
18-07-2017-18:25:31:356 317553 318115 1
18-07-2017-18:25:31:390 318115 318677 1
18-07-2017-18:25:31:426 318677 319239 1
18-07-2017-18:25:31:466 319239 319801 1
18-07-2017-18:25:31:543 319801 320363 1
18-07-2017-18:25:31:544 320363 320925 1
18-07-2017-18:25:31:572 320925 321487 1
18-07-2017-18:25:31:606 321487 322049 1
18-07-2017-18:25:31:640 322049 322611 1
18-07-2017-18:25:31:676 322611 323173 1
18-07-2017-18:25:31:712 323173 323735 1
18-07-2017-18:25:31:747 323735 324297 1
18-07-2017-18:25:31:781 324297 324859 1
18-07-2017-18:25:31:816 324859 325421 1
18-07-2017-18:25:31:852 325421 325983 1
18-07-2017-18:25:31:886 325983 326545 1
18-07-2017-18:25:31:920 326545 327107 1
18-07-2017-18:25:31:955 327107 327669 1
18-07-2017-18:25:31:991 327669 328231 1
18-07-2017-18:25:32:026 328231 328793 1
18-07-2017-18:25:32:061 328793 329355 1
18-07-2017-18:25:32:096 329355 329917 1
18-07-2017-18:25:32:131 329917 330479 1
18-07-2017-18:25:32:165 330479 331041 1
18-07-2017-18:25:32:200 331041 331603 1
18-07-2017-18:25:32:236 331603 332165 1
18-07-2017-18:25:32:271 332165 332727 1
18-07-2017-18:25:32:306 332727 333289 1
18-07-2017-18:25:32:342 333289 333851 1
18-07-2017-18:25:32:375 333851 334413 1
18-07-2017-18:25:32:411 334413 334975 1
18-07-2017-18:25:32:445 334975 335537 1
18-07-2017-18:25:32:480 335537 336099 1
18-07-2017-18:25:32:512 336099 336661 1
18-07-2017-18:25:32:547 336661 337223 1
18-07-2017-18:25:32:583 337223 337785 1
18-07-2017-18:25:32:617 337785 338347 1
18-07-2017-18:25:32:653 338347 338909 1
18-07-2017-18:25:32:687 338909 339471 1
18-07-2017-18:25:32:723 339471 340033 1
18-07-2017-18:25:32:757 340033 340595 1
18-07-2017-18:25:32:792 340595 341157 1
18-07-2017-18:25:32:828 341157 341719 1
18-07-2017-18:25:32:874 341719 342281 1
18-07-2017-18:25:32:908 342281 342843 1
18-07-2017-18:25:32:944 342843 343405 1
18-07-2017-18:25:32:978 343405 343967 1
18-07-2017-18:25:33:014 343967 344529 1
18-07-2017-18:25:33:048 344529 345091 1
18-07-2017-18:25:33:084 345091 345653 1
18-07-2017-18:25:33:119 345653 346215 1
18-07-2017-18:25:33:154 346215 346777 1
18-07-2017-18:25:33:190 346777 347339 1
18-07-2017-18:25:33:223 347339 347901 1
18-07-2017-18:25:33:259 347901 348463 1
18-07-2017-18:25:33:294 348463 349025 1
18-07-2017-18:25:33:328 349025 349587 1
18-07-2017-18:25:33:362 349587 350149 1
18-07-2017-18:25:33:398 350149 350711 1
18-07-2017-18:25:33:433 350711 351273 1
18-07-2017-18:25:33:462 351273 351835 1
18-07-2017-18:25:33:506 351835 352397 1
18-07-2017-18:25:33:531 352397 352959 1
18-07-2017-18:25:33:569 352959 353521 1
18-07-2017-18:25:33:603 353521 354083 1
18-07-2017-18:25:33:638 354083 354645 1
18-07-2017-18:25:33:674 354645 355207 1
18-07-2017-18:25:33:707 355207 355769 1
18-07-2017-18:25:33:744 355769 356331 1
18-07-2017-18:25:33:778 356331 356893 1
18-07-2017-18:25:33:814 356893 357455 1
18-07-2017-18:25:33:847 357455 358017 1
18-07-2017-18:25:33:882 358017 358579 1
18-07-2017-18:25:33:917 358579 359141 1
18-07-2017-18:25:33:954 359141 359703 1
18-07-2017-18:25:33:987 359703 360265 1
18-07-2017-18:25:34:023 360265 360827 1
18-07-2017-18:25:34:059 360827 361389 1
18-07-2017-18:25:34:094 361389 361951 1
18-07-2017-18:25:34:128 361951 362513 1
18-07-2017-18:25:34:162 362513 363075 1
18-07-2017-18:25:34:199 363075 363637 1
18-07-2017-18:25:34:232 363637 364199 1
18-07-2017-18:25:34:272 364199 364761 1
18-07-2017-18:25:34:303 364761 365323 1
18-07-2017-18:25:34:339 365323 365885 1
18-07-2017-18:25:34:372 365885 366447 1
18-07-2017-18:25:34:408 366447 367009 1
18-07-2017-18:25:34:442 367009 367571 1
18-07-2017-18:25:34:478 367571 368133 1
18-07-2017-18:25:34:525 368133 368695 1
18-07-2017-18:25:34:558 368695 369257 1
18-07-2017-18:25:34:599 369257 369819 1
18-07-2017-18:25:34:628 369819 370381 1
18-07-2017-18:25:34:661 370381 370943 1
18-07-2017-18:25:34:698 370943 371505 1
18-07-2017-18:25:34:731 371505 372067 1
18-07-2017-18:25:34:767 372067 372629 1
18-07-2017-18:25:34:802 372629 373191 1
18-07-2017-18:25:34:838 373191 373753 1
18-07-2017-18:25:35:205 373753 374315 1
18-07-2017-18:25:35:207 374315 374877 1
18-07-2017-18:25:35:207 374877 375439 1
18-07-2017-18:25:35:207 375439 376001 1
18-07-2017-18:25:35:207 376001 376563 1
18-07-2017-18:25:35:207 376563 377125 1
18-07-2017-18:25:35:207 377125 377687 1
18-07-2017-18:25:35:207 377687 378249 1
18-07-2017-18:25:35:207 378249 378811 1
18-07-2017-18:25:35:207 378811 379373 1
18-07-2017-18:25:35:226 379373 379935 1
18-07-2017-18:25:35:261 379935 380497 1
18-07-2017-18:25:35:296 380497 381059 1
18-07-2017-18:25:35:331 381059 381621 1
18-07-2017-18:25:35:366 381621 382183 1
18-07-2017-18:25:35:450 382183 382745 1
18-07-2017-18:25:35:452 382745 383307 1
18-07-2017-18:25:35:468 383307 383869 1
18-07-2017-18:25:35:502 383869 384431 1
18-07-2017-18:25:35:538 384431 384993 1
18-07-2017-18:25:35:574 384993 385555 1
18-07-2017-18:25:35:610 385555 386117 1
18-07-2017-18:25:35:644 386117 386679 1
18-07-2017-18:25:35:680 386679 387241 1
18-07-2017-18:25:35:714 387241 387803 1
18-07-2017-18:25:35:747 387803 388365 1
18-07-2017-18:25:35:783 388365 388927 1
18-07-2017-18:25:35:818 388927 389489 1
18-07-2017-18:25:35:852 389489 390051 1
18-07-2017-18:25:35:888 390051 390613 1
18-07-2017-18:25:35:923 390613 391175 1
18-07-2017-18:25:35:957 391175 391737 1
18-07-2017-18:25:36:002 391737 392299 1
18-07-2017-18:25:36:030 392299 392861 1
18-07-2017-18:25:36:061 392861 393423 1
18-07-2017-18:25:36:095 393423 393985 1
18-07-2017-18:25:36:131 393985 394547 1
18-07-2017-18:25:36:166 394547 395109 1
18-07-2017-18:25:36:200 395109 395671 1
18-07-2017-18:25:36:235 395671 396233 1
18-07-2017-18:25:36:271 396233 396795 1
18-07-2017-18:25:36:305 396795 397357 1
18-07-2017-18:25:36:341 397357 397919 1
18-07-2017-18:25:36:380 397919 398481 1
18-07-2017-18:25:36:410 398481 399043 1
18-07-2017-18:25:36:445 399043 399605 1
18-07-2017-18:25:36:480 399605 400167 1
18-07-2017-18:25:36:519 400167 400729 1
18-07-2017-18:25:36:559 400729 401291 1
18-07-2017-18:25:36:593 401291 401853 1
18-07-2017-18:25:36:629 401853 402415 1
18-07-2017-18:25:36:662 402415 402977 1
18-07-2017-18:25:36:698 402977 403539 1
18-07-2017-18:25:36:734 403539 404101 1
18-07-2017-18:25:36:767 404101 404663 1
18-07-2017-18:25:36:804 404663 405225 1
18-07-2017-18:25:36:837 405225 405787 1
18-07-2017-18:25:36:872 405787 406349 1
18-07-2017-18:25:36:907 406349 406911 1
18-07-2017-18:25:36:946 406911 407473 1
18-07-2017-18:25:36:981 407473 408035 1
18-07-2017-18:25:37:017 408035 408597 1
18-07-2017-18:25:37:051 408597 409159 1
18-07-2017-18:25:37:087 409159 409721 1
18-07-2017-18:25:37:121 409721 410283 1
18-07-2017-18:25:37:166 410283 410845 1
18-07-2017-18:25:37:188 410845 411407 1
18-07-2017-18:25:37:219 411407 411969 1
18-07-2017-18:25:37:255 411969 412531 1
18-07-2017-18:25:37:291 412531 413093 1
18-07-2017-18:25:37:324 413093 413655 1
18-07-2017-18:25:37:360 413655 414217 1
18-07-2017-18:25:37:395 414217 414779 1
18-07-2017-18:25:37:435 414779 415341 1
18-07-2017-18:25:37:473 415341 415903 1
18-07-2017-18:25:37:509 415903 416465 1
18-07-2017-18:25:37:542 416465 417027 1
18-07-2017-18:25:37:578 417027 417589 1
18-07-2017-18:25:37:613 417589 418151 1
18-07-2017-18:25:37:648 418151 418713 1
18-07-2017-18:25:37:682 418713 419275 1
18-07-2017-18:25:37:718 419275 419837 1
18-07-2017-18:25:37:752 419837 420399 1
18-07-2017-18:25:37:788 420399 420961 1
18-07-2017-18:25:37:823 420961 421523 1
18-07-2017-18:25:37:858 421523 422085 1
18-07-2017-18:25:37:896 422085 422647 1
18-07-2017-18:25:37:931 422647 423209 1
18-07-2017-18:25:37:967 423209 423771 1
18-07-2017-18:25:38:002 423771 424333 1
18-07-2017-18:25:38:036 424333 424895 1
18-07-2017-18:25:38:064 424895 425457 1
18-07-2017-18:25:38:106 425457 426019 1
18-07-2017-18:25:38:142 426019 426581 1
