18-07-2017-17:55:11:757 0 720 1
18-07-2017-17:55:11:798 720 1440 1
18-07-2017-17:55:11:846 1440 2160 1
18-07-2017-17:55:11:892 2160 2880 1
18-07-2017-17:55:11:938 2880 3600 1
18-07-2017-17:55:11:978 3600 4320 1
18-07-2017-17:55:12:029 4320 5040 1
18-07-2017-17:55:12:065 5040 5760 1
18-07-2017-17:55:12:111 5760 6480 1
18-07-2017-17:55:12:163 6480 7174 1
18-07-2017-17:55:12:203 7174 7868 1
18-07-2017-17:55:12:249 7868 8562 1
18-07-2017-17:55:12:288 8562 9256 1
18-07-2017-17:55:12:330 9256 9950 1
18-07-2017-17:55:12:375 9950 10644 1
18-07-2017-17:55:12:411 10644 11338 1
18-07-2017-17:55:12:458 11338 12032 1
18-07-2017-17:55:12:504 12032 12726 1
18-07-2017-17:55:12:550 12726 13420 1
18-07-2017-17:55:12:586 13420 14114 1
18-07-2017-17:55:12:632 14114 14808 1
18-07-2017-17:55:12:679 14808 15502 1
18-07-2017-17:55:12:788 15502 16196 1
18-07-2017-17:55:12:791 16196 16890 1
18-07-2017-17:55:12:806 16890 17584 1
18-07-2017-17:55:12:853 17584 18278 1
18-07-2017-17:55:12:889 18278 18972 1
18-07-2017-17:55:12:935 18972 19666 1
18-07-2017-17:55:12:974 19666 20360 1
18-07-2017-17:55:13:026 20360 21054 1
18-07-2017-17:55:13:072 21054 21748 1
18-07-2017-17:55:13:120 21748 22442 1
18-07-2017-17:55:13:155 22442 23136 1
18-07-2017-17:55:13:202 23136 23830 1
18-07-2017-17:55:13:237 23830 24524 1
18-07-2017-17:55:13:283 24524 25218 1
18-07-2017-17:55:13:329 25218 25912 1
18-07-2017-17:55:13:498 25912 26606 1
18-07-2017-17:55:13:499 26606 27300 1
18-07-2017-17:55:13:500 27300 27994 1
18-07-2017-17:55:13:504 27994 28688 1
18-07-2017-17:55:13:540 28688 29382 1
18-07-2017-17:55:13:587 29382 30076 1
18-07-2017-17:55:13:633 30076 30770 1
18-07-2017-17:55:13:679 30770 31464 1
18-07-2017-17:55:13:715 31464 32158 1
18-07-2017-17:55:13:762 32158 32852 1
18-07-2017-17:55:13:808 32852 33546 1
18-07-2017-17:55:13:843 33546 34240 1
18-07-2017-17:55:13:889 34240 34934 1
18-07-2017-17:55:13:935 34934 35628 1
18-07-2017-17:55:13:983 35628 36322 1
18-07-2017-17:55:14:034 36322 37016 1
18-07-2017-17:55:14:068 37016 37710 1
18-07-2017-17:55:14:113 37710 38404 1
18-07-2017-17:55:14:147 38404 39098 1
18-07-2017-17:55:14:192 39098 39792 1
18-07-2017-17:55:14:239 39792 40486 1
18-07-2017-17:55:14:286 40486 41180 1
18-07-2017-17:55:14:321 41180 41874 1
18-07-2017-17:55:14:367 41874 42568 1
18-07-2017-17:55:14:414 42568 43262 1
18-07-2017-17:55:14:449 43262 43956 1
18-07-2017-17:55:14:497 43956 44650 1
