18-07-2017-18:33:01:281 0 800 1
18-07-2017-18:33:01:332 800 1600 1
18-07-2017-18:33:01:383 1600 2374 1
18-07-2017-18:33:01:430 2374 3148 1
18-07-2017-18:33:01:483 3148 3827 1
18-07-2017-18:33:01:518 3827 4506 1
18-07-2017-18:33:01:565 4506 5185 1
18-07-2017-18:33:01:600 5185 5864 1
18-07-2017-18:33:01:647 5864 6543 1
18-07-2017-18:33:01:693 6543 7222 1
18-07-2017-18:33:01:728 7222 7901 1
18-07-2017-18:33:01:778 7901 8580 1
18-07-2017-18:33:01:814 8580 9259 1
18-07-2017-18:33:01:861 9259 9938 1
18-07-2017-18:33:01:904 9938 10617 1
18-07-2017-18:33:01:954 10617 11296 1
18-07-2017-18:33:01:992 11296 11975 1
18-07-2017-18:33:02:029 11975 12654 1
18-07-2017-18:33:02:076 12654 13333 1
18-07-2017-18:33:02:109 13333 14012 1
18-07-2017-18:33:02:157 14012 14691 1
18-07-2017-18:33:02:194 14691 15370 1
18-07-2017-18:33:02:238 15370 16049 1
18-07-2017-18:33:02:284 16049 16728 1
18-07-2017-18:33:02:319 16728 17407 1
18-07-2017-18:33:02:365 17407 18086 1
18-07-2017-18:33:02:413 18086 18765 1
18-07-2017-18:33:02:452 18765 19444 1
18-07-2017-18:33:02:495 19444 20123 1
18-07-2017-18:33:02:535 20123 20802 1
18-07-2017-18:33:02:582 20802 21481 1
18-07-2017-18:33:02:618 21481 22160 1
18-07-2017-18:33:02:664 22160 22839 1
18-07-2017-18:33:02:709 22839 23518 1
18-07-2017-18:33:02:743 23518 24197 1
18-07-2017-18:33:02:789 24197 24876 1
18-07-2017-18:33:02:837 24876 25555 1
18-07-2017-18:33:02:873 25555 26234 1
18-07-2017-18:33:02:919 26234 26913 1
18-07-2017-18:33:02:965 26913 27592 1
18-07-2017-18:33:03:000 27592 28271 1
18-07-2017-18:33:03:047 28271 28950 1
18-07-2017-18:33:03:094 28950 29629 1
18-07-2017-18:33:03:143 29629 30308 1
18-07-2017-18:33:03:172 30308 30987 1
18-07-2017-18:33:03:220 30987 31666 1
18-07-2017-18:33:03:255 31666 32345 1
18-07-2017-18:33:03:302 32345 33024 1
18-07-2017-18:33:03:346 33024 33703 1
18-07-2017-18:33:03:382 33703 34382 1
18-07-2017-18:33:03:429 34382 35061 1
18-07-2017-18:33:03:475 35061 35740 1
18-07-2017-18:33:03:510 35740 36419 1
18-07-2017-18:33:03:558 36419 37098 1
18-07-2017-18:33:03:592 37098 37777 1
18-07-2017-18:33:03:637 37777 38456 1
18-07-2017-18:33:03:686 38456 39135 1
18-07-2017-18:33:03:719 39135 39814 1
18-07-2017-18:33:03:766 39814 40493 1
18-07-2017-18:33:03:814 40493 41172 1
18-07-2017-18:33:03:850 41172 41851 1
18-07-2017-18:33:03:896 41851 42530 1
18-07-2017-18:33:03:942 42530 43209 1
18-07-2017-18:33:03:976 43209 43888 1
18-07-2017-18:33:04:025 43888 44567 1
18-07-2017-18:33:04:059 44567 45246 1
18-07-2017-18:33:04:105 45246 45925 1
18-07-2017-18:33:04:153 45925 46604 1
18-07-2017-18:33:04:186 46604 47283 1
18-07-2017-18:33:04:233 47283 47962 1
18-07-2017-18:33:04:279 47962 48641 1
18-07-2017-18:33:04:316 48641 49320 1
18-07-2017-18:33:04:361 49320 49999 1
18-07-2017-18:33:04:444 49999 50678 1
18-07-2017-18:33:04:445 50678 51357 1
18-07-2017-18:33:04:492 51357 52036 1
18-07-2017-18:33:04:527 52036 52715 1
18-07-2017-18:33:04:574 52715 53394 1
18-07-2017-18:33:04:620 53394 54073 1
18-07-2017-18:33:04:655 54073 54752 1
18-07-2017-18:33:04:700 54752 55431 1
18-07-2017-18:33:04:748 55431 56110 1
18-07-2017-18:33:04:783 56110 56789 1
18-07-2017-18:33:04:830 56789 57468 1
18-07-2017-18:33:04:865 57468 58147 1
18-07-2017-18:33:04:912 58147 58826 1
18-07-2017-18:33:04:957 58826 59505 1
18-07-2017-18:33:04:993 59505 60184 1
18-07-2017-18:33:05:038 60184 60863 1
18-07-2017-18:33:05:085 60863 61542 1
18-07-2017-18:33:05:125 61542 62221 1
18-07-2017-18:33:05:165 62221 62900 1
18-07-2017-18:33:05:211 62900 63579 1
18-07-2017-18:33:05:258 63579 64258 1
18-07-2017-18:33:05:291 64258 64937 1
18-07-2017-18:33:05:339 64937 65616 1
18-07-2017-18:33:05:385 65616 66295 1
18-07-2017-18:33:05:419 66295 66974 1
18-07-2017-18:33:05:466 66974 67653 1
18-07-2017-18:33:05:501 67653 68332 1
18-07-2017-18:33:05:549 68332 69011 1
18-07-2017-18:33:05:591 69011 69690 1
18-07-2017-18:33:05:639 69690 70369 1
18-07-2017-18:33:05:673 70369 71048 1
18-07-2017-18:33:05:719 71048 71727 1
18-07-2017-18:33:05:766 71727 72406 1
18-07-2017-18:33:05:802 72406 73085 1
18-07-2017-18:33:05:848 73085 73764 1
18-07-2017-18:33:05:894 73764 74443 1
18-07-2017-18:33:05:929 74443 75122 1
18-07-2017-18:33:05:975 75122 75801 1
18-07-2017-18:33:06:011 75801 76480 1
18-07-2017-18:33:06:058 76480 77159 1
18-07-2017-18:33:06:105 77159 77838 1
18-07-2017-18:33:06:139 77838 78517 1
18-07-2017-18:33:06:190 78517 79196 1
18-07-2017-18:33:06:225 79196 79875 1
18-07-2017-18:33:06:271 79875 80554 1
18-07-2017-18:33:06:319 80554 81233 1
18-07-2017-18:33:06:353 81233 81912 1
18-07-2017-18:33:06:399 81912 82591 1
18-07-2017-18:33:06:447 82591 83270 1
18-07-2017-18:33:06:481 83270 83949 1
18-07-2017-18:33:06:531 83949 84628 1
18-07-2017-18:33:06:565 84628 85307 1
18-07-2017-18:33:06:610 85307 85986 1
18-07-2017-18:33:06:650 85986 86665 1
18-07-2017-18:33:06:691 86665 87344 1
18-07-2017-18:33:06:737 87344 88023 1
18-07-2017-18:33:06:785 88023 88702 1
18-07-2017-18:33:06:824 88702 89381 1
18-07-2017-18:33:06:871 89381 90060 1
18-07-2017-18:33:06:906 90060 90739 1
18-07-2017-18:33:06:952 90739 91418 1
18-07-2017-18:33:06:997 91418 92097 1
18-07-2017-18:33:07:033 92097 92776 1
18-07-2017-18:33:07:079 92776 93455 1
18-07-2017-18:33:07:115 93455 94134 1
18-07-2017-18:33:07:162 94134 94813 1
18-07-2017-18:33:07:208 94813 95492 1
18-07-2017-18:33:07:243 95492 96171 1
18-07-2017-18:33:07:290 96171 96850 1
18-07-2017-18:33:07:336 96850 97529 1
18-07-2017-18:33:07:370 97529 98208 1
18-07-2017-18:33:07:418 98208 98887 1
18-07-2017-18:33:07:464 98887 99566 1
18-07-2017-18:33:07:585 99566 100245 1
18-07-2017-18:33:07:587 100245 100924 1
18-07-2017-18:33:07:587 100924 101603 1
18-07-2017-18:33:07:627 101603 102282 1
18-07-2017-18:33:07:674 102282 102961 1
18-07-2017-18:33:07:709 102961 103640 1
18-07-2017-18:33:07:757 103640 104319 1
18-07-2017-18:33:07:795 104319 104998 1
18-07-2017-18:33:07:837 104998 105677 1
18-07-2017-18:33:07:880 105677 106356 1
18-07-2017-18:33:07:926 106356 107035 1
18-07-2017-18:33:07:972 107035 107714 1
18-07-2017-18:33:08:008 107714 108393 1
18-07-2017-18:33:08:054 108393 109072 1
18-07-2017-18:33:08:102 109072 109751 1
18-07-2017-18:33:08:136 109751 110430 1
18-07-2017-18:33:08:182 110430 111109 1
18-07-2017-18:33:08:218 111109 111788 1
18-07-2017-18:33:08:265 111788 112467 1
18-07-2017-18:33:08:311 112467 113146 1
18-07-2017-18:33:08:345 113146 113825 1
18-07-2017-18:33:08:393 113825 114504 1
18-07-2017-18:33:08:439 114504 115183 1
18-07-2017-18:33:08:474 115183 115862 1
18-07-2017-18:33:08:526 115862 116520 1
18-07-2017-18:33:08:564 116520 117178 1
18-07-2017-18:33:08:600 117178 117836 1
18-07-2017-18:33:08:644 117836 118494 1
18-07-2017-18:33:08:679 118494 119152 1
18-07-2017-18:33:08:726 119152 119810 1
18-07-2017-18:33:08:760 119810 120468 1
18-07-2017-18:33:08:809 120468 121126 1
18-07-2017-18:33:08:844 121126 121784 1
18-07-2017-18:33:08:890 121784 122442 1
18-07-2017-18:33:08:924 122442 123100 1
18-07-2017-18:33:08:972 123100 123758 1
18-07-2017-18:33:09:017 123758 124416 1
18-07-2017-18:33:09:054 124416 125074 1
18-07-2017-18:33:09:099 125074 125732 1
18-07-2017-18:33:09:137 125732 126390 1
18-07-2017-18:33:09:181 126390 127048 1
18-07-2017-18:33:09:216 127048 127706 1
18-07-2017-18:33:09:263 127706 128364 1
18-07-2017-18:33:09:298 128364 129022 1
18-07-2017-18:33:09:344 129022 129680 1
18-07-2017-18:33:09:379 129680 130338 1
18-07-2017-18:33:09:427 130338 130996 1
18-07-2017-18:33:09:461 130996 131654 1
18-07-2017-18:33:09:509 131654 132312 1
18-07-2017-18:33:09:543 132312 132970 1
18-07-2017-18:33:09:588 132970 133628 1
18-07-2017-18:33:09:623 133628 134286 1
18-07-2017-18:33:09:670 134286 134944 1
18-07-2017-18:33:09:707 134944 135602 1
18-07-2017-18:33:09:752 135602 136260 1
18-07-2017-18:33:09:789 136260 136918 1
18-07-2017-18:33:09:841 136918 137576 1
18-07-2017-18:33:09:882 137576 138234 1
18-07-2017-18:33:09:922 138234 138892 1
18-07-2017-18:33:09:963 138892 139550 1
18-07-2017-18:33:09:996 139550 140208 1
18-07-2017-18:33:10:044 140208 140866 1
18-07-2017-18:33:10:082 140866 141524 1
18-07-2017-18:33:10:117 141524 142182 1
18-07-2017-18:33:10:272 142182 142840 1
18-07-2017-18:33:10:273 142840 143498 1
18-07-2017-18:33:10:274 143498 144156 1
18-07-2017-18:33:10:293 144156 144814 1
18-07-2017-18:33:10:327 144814 145472 1
18-07-2017-18:33:10:374 145472 146130 1
18-07-2017-18:33:10:408 146130 146788 1
18-07-2017-18:33:10:456 146788 147446 1
18-07-2017-18:33:10:491 147446 148104 1
18-07-2017-18:33:10:536 148104 148762 1
18-07-2017-18:33:10:574 148762 149420 1
18-07-2017-18:33:10:619 149420 150078 1
18-07-2017-18:33:10:654 150078 150736 1
18-07-2017-18:33:10:700 150736 151394 1
18-07-2017-18:33:10:734 151394 152052 1
18-07-2017-18:33:10:782 152052 152710 1
18-07-2017-18:33:10:817 152710 153368 1
18-07-2017-18:33:10:864 153368 154026 1
18-07-2017-18:33:10:898 154026 154684 1
18-07-2017-18:33:10:945 154684 155342 1
18-07-2017-18:33:10:979 155342 156000 1
18-07-2017-18:33:11:027 156000 156658 1
18-07-2017-18:33:11:073 156658 157316 1
18-07-2017-18:33:11:117 157316 157974 1
18-07-2017-18:33:11:156 157974 158632 1
18-07-2017-18:33:11:191 158632 159290 1
18-07-2017-18:33:11:238 159290 159948 1
18-07-2017-18:33:11:272 159948 160606 1
18-07-2017-18:33:11:319 160606 161264 1
18-07-2017-18:33:11:354 161264 161922 1
18-07-2017-18:33:11:400 161922 162580 1
18-07-2017-18:33:11:442 162580 163238 1
18-07-2017-18:33:11:479 163238 163896 1
18-07-2017-18:33:11:525 163896 164554 1
18-07-2017-18:33:11:559 164554 165212 1
18-07-2017-18:33:11:605 165212 165870 1
18-07-2017-18:33:11:641 165870 166528 1
18-07-2017-18:33:11:689 166528 167186 1
18-07-2017-18:33:11:723 167186 167844 1
18-07-2017-18:33:11:769 167844 168502 1
18-07-2017-18:33:11:805 168502 169160 1
18-07-2017-18:33:11:852 169160 169818 1
18-07-2017-18:33:11:885 169818 170476 1
18-07-2017-18:33:11:932 170476 171134 1
18-07-2017-18:33:11:974 171134 171792 1
18-07-2017-18:33:12:009 171792 172450 1
18-07-2017-18:33:12:054 172450 173108 1
18-07-2017-18:33:12:100 173108 173766 1
18-07-2017-18:33:12:137 173766 174424 1
18-07-2017-18:33:12:184 174424 175082 1
18-07-2017-18:33:12:217 175082 175740 1
18-07-2017-18:33:12:262 175740 176398 1
18-07-2017-18:33:12:297 176398 177056 1
18-07-2017-18:33:12:345 177056 177714 1
18-07-2017-18:33:12:379 177714 178372 1
18-07-2017-18:33:12:454 178372 179030 1
18-07-2017-18:33:12:472 179030 179688 1
18-07-2017-18:33:12:506 179688 180346 1
18-07-2017-18:33:12:553 180346 181004 1
18-07-2017-18:33:12:589 181004 181662 1
18-07-2017-18:33:12:635 181662 182320 1
18-07-2017-18:33:12:669 182320 182978 1
18-07-2017-18:33:12:716 182978 183636 1
18-07-2017-18:33:12:753 183636 184294 1
18-07-2017-18:33:12:806 184294 184907 1
18-07-2017-18:33:12:838 184907 185520 1
18-07-2017-18:33:12:870 185520 186133 1
18-07-2017-18:33:12:902 186133 186746 1
18-07-2017-18:33:12:949 186746 187359 1
18-07-2017-18:33:12:984 187359 187972 1
18-07-2017-18:33:13:019 187972 188585 1
18-07-2017-18:33:13:065 188585 189198 1
18-07-2017-18:33:13:099 189198 189811 1
18-07-2017-18:33:13:135 189811 190424 1
18-07-2017-18:33:13:170 190424 191037 1
18-07-2017-18:33:13:213 191037 191650 1
18-07-2017-18:33:13:249 191650 192263 1
18-07-2017-18:33:13:290 192263 192876 1
18-07-2017-18:33:13:343 192876 193489 1
18-07-2017-18:33:13:372 193489 194102 1
18-07-2017-18:33:13:422 194102 194715 1
18-07-2017-18:33:13:440 194715 195328 1
18-07-2017-18:33:13:489 195328 195941 1
18-07-2017-18:33:13:524 195941 196554 1
18-07-2017-18:33:13:565 196554 197167 1
18-07-2017-18:33:13:599 197167 197780 1
18-07-2017-18:33:13:633 197780 198393 1
18-07-2017-18:33:13:680 198393 199006 1
18-07-2017-18:33:13:715 199006 199619 1
18-07-2017-18:33:13:750 199619 200232 1
18-07-2017-18:33:13:784 200232 200845 1
18-07-2017-18:33:13:830 200845 201458 1
18-07-2017-18:33:13:867 201458 202071 1
18-07-2017-18:33:13:905 202071 202684 1
18-07-2017-18:33:13:942 202684 203297 1
18-07-2017-18:33:13:975 203297 203910 1
18-07-2017-18:33:14:018 203910 204523 1
18-07-2017-18:33:14:068 204523 205136 1
18-07-2017-18:33:14:098 205136 205749 1
18-07-2017-18:33:14:133 205749 206362 1
18-07-2017-18:33:14:175 206362 206975 1
18-07-2017-18:33:14:215 206975 207588 1
18-07-2017-18:33:14:250 207588 208201 1
18-07-2017-18:33:14:288 208201 208814 1
18-07-2017-18:33:14:325 208814 209427 1
18-07-2017-18:33:14:375 209427 210040 1
18-07-2017-18:33:14:438 210040 210653 1
18-07-2017-18:33:14:438 210653 211266 1
18-07-2017-18:33:14:483 211266 211879 1
18-07-2017-18:33:14:518 211879 212492 1
18-07-2017-18:33:14:552 212492 213105 1
18-07-2017-18:33:14:588 213105 213718 1
18-07-2017-18:33:14:634 213718 214331 1
18-07-2017-18:33:14:670 214331 214944 1
18-07-2017-18:33:14:705 214944 215557 1
18-07-2017-18:33:14:753 215557 216170 1
18-07-2017-18:33:14:785 216170 216783 1
18-07-2017-18:33:14:826 216783 217396 1
18-07-2017-18:33:14:867 217396 218009 1
18-07-2017-18:33:14:903 218009 218622 1
18-07-2017-18:33:14:935 218622 219235 1
18-07-2017-18:33:14:981 219235 219848 1
18-07-2017-18:33:15:016 219848 220461 1
18-07-2017-18:33:15:051 220461 221074 1
18-07-2017-18:33:15:085 221074 221687 1
18-07-2017-18:33:15:133 221687 222300 1
18-07-2017-18:33:15:167 222300 222913 1
18-07-2017-18:33:15:202 222913 223526 1
18-07-2017-18:33:15:250 223526 224139 1
18-07-2017-18:33:15:285 224139 224752 1
18-07-2017-18:33:15:319 224752 225365 1
18-07-2017-18:33:15:355 225365 225978 1
18-07-2017-18:33:15:401 225978 226591 1
18-07-2017-18:33:15:436 226591 227204 1
18-07-2017-18:33:15:471 227204 227817 1
18-07-2017-18:33:15:518 227817 228430 1
18-07-2017-18:33:15:553 228430 229043 1
18-07-2017-18:33:15:587 229043 229656 1
18-07-2017-18:33:15:624 229656 230269 1
18-07-2017-18:33:15:668 230269 230882 1
18-07-2017-18:33:15:704 230882 231495 1
18-07-2017-18:33:15:740 231495 232108 1
18-07-2017-18:33:15:785 232108 232721 1
18-07-2017-18:33:15:821 232721 233334 1
18-07-2017-18:33:15:855 233334 233947 1
18-07-2017-18:33:15:891 233947 234560 1
18-07-2017-18:33:15:937 234560 235173 1
18-07-2017-18:33:15:973 235173 235786 1
18-07-2017-18:33:16:007 235786 236399 1
18-07-2017-18:33:16:054 236399 237012 1
18-07-2017-18:33:16:088 237012 237625 1
18-07-2017-18:33:16:124 237625 238238 1
18-07-2017-18:33:16:159 238238 238851 1
18-07-2017-18:33:16:206 238851 239464 1
18-07-2017-18:33:16:242 239464 240077 1
18-07-2017-18:33:16:275 240077 240690 1
18-07-2017-18:33:16:323 240690 241303 1
18-07-2017-18:33:16:354 241303 241916 1
18-07-2017-18:33:16:389 241916 242529 1
18-07-2017-18:33:16:437 242529 243142 1
18-07-2017-18:33:16:471 243142 243755 1
18-07-2017-18:33:16:506 243755 244368 1
18-07-2017-18:33:16:552 244368 244981 1
18-07-2017-18:33:16:588 244981 245594 1
18-07-2017-18:33:16:622 245594 246207 1
18-07-2017-18:33:16:658 246207 246820 1
18-07-2017-18:33:16:704 246820 247433 1
18-07-2017-18:33:16:739 247433 248046 1
18-07-2017-18:33:16:775 248046 248659 1
18-07-2017-18:33:16:822 248659 249272 1
18-07-2017-18:33:16:856 249272 249885 1
18-07-2017-18:33:16:892 249885 250498 1
18-07-2017-18:33:16:926 250498 251111 1
18-07-2017-18:33:16:972 251111 251724 1
18-07-2017-18:33:17:008 251724 252337 1
18-07-2017-18:33:17:042 252337 252950 1
18-07-2017-18:33:17:089 252950 253563 1
18-07-2017-18:33:17:124 253563 254176 1
18-07-2017-18:33:17:159 254176 254789 1
18-07-2017-18:33:17:195 254789 255402 1
18-07-2017-18:33:17:241 255402 256015 1
18-07-2017-18:33:17:275 256015 256628 1
18-07-2017-18:33:17:315 256628 257241 1
18-07-2017-18:33:17:350 257241 257854 1
18-07-2017-18:33:17:391 257854 258467 1
18-07-2017-18:33:17:435 258467 259080 1
18-07-2017-18:33:17:470 259080 259693 1
18-07-2017-18:33:17:502 259693 260306 1
18-07-2017-18:33:17:624 260306 260919 1
18-07-2017-18:33:17:625 260919 261532 1
18-07-2017-18:33:17:625 261532 262145 1
18-07-2017-18:33:17:653 262145 262758 1
18-07-2017-18:33:17:700 262758 263371 1
18-07-2017-18:33:17:744 263371 263984 1
18-07-2017-18:33:17:778 263984 264597 1
18-07-2017-18:33:17:813 264597 265210 1
18-07-2017-18:33:17:851 265210 265823 1
18-07-2017-18:33:17:883 265823 266436 1
18-07-2017-18:33:17:931 266436 267049 1
18-07-2017-18:33:17:965 267049 267662 1
18-07-2017-18:33:18:000 267662 268275 1
18-07-2017-18:33:18:047 268275 268888 1
18-07-2017-18:33:18:082 268888 269501 1
18-07-2017-18:33:18:119 269501 270114 1
18-07-2017-18:33:18:152 270114 270727 1
18-07-2017-18:33:18:198 270727 271340 1
18-07-2017-18:33:18:233 271340 271953 1
18-07-2017-18:33:18:268 271953 272566 1
18-07-2017-18:33:18:316 272566 273179 1
18-07-2017-18:33:18:353 273179 273792 1
18-07-2017-18:33:18:384 273792 274405 1
18-07-2017-18:33:18:422 274405 275018 1
18-07-2017-18:33:18:467 275018 275631 1
18-07-2017-18:33:18:501 275631 276244 1
18-07-2017-18:33:18:537 276244 276857 1
18-07-2017-18:33:18:582 276857 277470 1
18-07-2017-18:33:18:620 277470 278083 1
18-07-2017-18:33:18:654 278083 278696 1
18-07-2017-18:33:18:698 278696 279309 1
18-07-2017-18:33:19:098 279309 279922 1
18-07-2017-18:33:19:099 279922 280535 1
18-07-2017-18:33:19:099 280535 281148 1
18-07-2017-18:33:19:099 281148 281761 1
18-07-2017-18:33:19:099 281761 282374 1
18-07-2017-18:33:19:099 282374 282987 1
18-07-2017-18:33:19:099 282987 283600 1
18-07-2017-18:33:19:099 283600 284213 1
18-07-2017-18:33:19:099 284213 284826 1
18-07-2017-18:33:19:099 284826 285439 1
18-07-2017-18:33:19:108 285439 286052 1
18-07-2017-18:33:19:155 286052 286665 1
18-07-2017-18:33:19:191 286665 287278 1
18-07-2017-18:33:19:226 287278 287891 1
18-07-2017-18:33:19:270 287891 288504 1
18-07-2017-18:33:19:301 288504 289117 1
18-07-2017-18:33:19:348 289117 289730 1
18-07-2017-18:33:19:385 289730 290343 1
18-07-2017-18:33:19:419 290343 290956 1
18-07-2017-18:33:19:454 290956 291569 1
18-07-2017-18:33:19:534 291569 292182 1
18-07-2017-18:33:19:537 292182 292795 1
18-07-2017-18:33:19:572 292795 293408 1
18-07-2017-18:33:19:617 293408 294021 1
18-07-2017-18:33:19:650 294021 294634 1
18-07-2017-18:33:19:686 294634 295247 1
18-07-2017-18:33:19:722 295247 295860 1
18-07-2017-18:33:19:769 295860 296473 1
18-07-2017-18:33:19:800 296473 297086 1
18-07-2017-18:33:19:851 297086 297699 1
18-07-2017-18:33:19:882 297699 298312 1
18-07-2017-18:33:19:918 298312 298925 1
18-07-2017-18:33:19:952 298925 299538 1
18-07-2017-18:33:19:997 299538 300151 1
18-07-2017-18:33:20:033 300151 300764 1
18-07-2017-18:33:20:069 300764 301377 1
18-07-2017-18:33:20:116 301377 301990 1
18-07-2017-18:33:20:152 301990 302603 1
18-07-2017-18:33:20:184 302603 303216 1
18-07-2017-18:33:20:221 303216 303829 1
18-07-2017-18:33:20:267 303829 304442 1
18-07-2017-18:33:20:306 304442 305055 1
18-07-2017-18:33:20:344 305055 305668 1
18-07-2017-18:33:20:375 305668 306281 1
18-07-2017-18:33:20:412 306281 306894 1
18-07-2017-18:33:20:458 306894 307507 1
18-07-2017-18:33:20:493 307507 308120 1
18-07-2017-18:33:20:529 308120 308733 1
18-07-2017-18:33:20:574 308733 309346 1
18-07-2017-18:33:20:610 309346 309959 1
18-07-2017-18:33:20:643 309959 310572 1
18-07-2017-18:33:20:678 310572 311185 1
18-07-2017-18:33:20:730 311185 311798 1
18-07-2017-18:33:20:764 311798 312411 1
18-07-2017-18:33:20:800 312411 313024 1
18-07-2017-18:33:20:834 313024 313637 1
18-07-2017-18:33:20:882 313637 314250 1
18-07-2017-18:33:20:917 314250 314863 1
18-07-2017-18:33:20:954 314863 315476 1
18-07-2017-18:33:20:985 315476 316089 1
18-07-2017-18:33:21:032 316089 316702 1
18-07-2017-18:33:21:068 316702 317315 1
18-07-2017-18:33:21:102 317315 317928 1
18-07-2017-18:33:21:149 317928 318541 1
18-07-2017-18:33:21:185 318541 319154 1
18-07-2017-18:33:21:219 319154 319767 1
18-07-2017-18:33:21:255 319767 320380 1
18-07-2017-18:33:21:301 320380 320993 1
18-07-2017-18:33:21:335 320993 321606 1
18-07-2017-18:33:21:371 321606 322219 1
18-07-2017-18:33:21:419 322219 322832 1
18-07-2017-18:33:21:457 322832 323445 1
18-07-2017-18:33:21:491 323445 324058 1
18-07-2017-18:33:21:527 324058 324671 1
18-07-2017-18:33:21:563 324671 325284 1
18-07-2017-18:33:21:607 325284 325897 1
18-07-2017-18:33:21:641 325897 326510 1
18-07-2017-18:33:21:678 326510 327123 1
18-07-2017-18:33:21:724 327123 327736 1
18-07-2017-18:33:21:759 327736 328349 1
18-07-2017-18:33:21:793 328349 328962 1
18-07-2017-18:33:21:830 328962 329575 1
18-07-2017-18:33:21:874 329575 330188 1
18-07-2017-18:33:21:987 330188 330801 1
18-07-2017-18:33:21:989 330801 331414 1
18-07-2017-18:33:21:991 331414 332027 1
18-07-2017-18:33:22:025 332027 332640 1
18-07-2017-18:33:22:060 332640 333253 1
18-07-2017-18:33:22:107 333253 333866 1
18-07-2017-18:33:22:137 333866 334479 1
18-07-2017-18:33:22:181 334479 335092 1
18-07-2017-18:33:22:218 335092 335705 1
18-07-2017-18:33:22:253 335705 336318 1
18-07-2017-18:33:22:299 336318 336931 1
18-07-2017-18:33:22:333 336931 337544 1
18-07-2017-18:33:22:368 337544 338157 1
18-07-2017-18:33:22:405 338157 338770 1
18-07-2017-18:33:22:450 338770 339383 1
18-07-2017-18:33:22:489 339383 339996 1
18-07-2017-18:33:22:524 339996 340609 1
18-07-2017-18:33:22:569 340609 341222 1
18-07-2017-18:33:22:602 341222 341835 1
18-07-2017-18:33:22:637 341835 342448 1
18-07-2017-18:33:22:673 342448 343061 1
18-07-2017-18:33:22:719 343061 343674 1
18-07-2017-18:33:22:757 343674 344287 1
18-07-2017-18:33:22:795 344287 344900 1
18-07-2017-18:33:22:825 344900 345513 1
18-07-2017-18:33:22:872 345513 346126 1
18-07-2017-18:33:22:907 346126 346739 1
18-07-2017-18:33:22:942 346739 347352 1
18-07-2017-18:33:22:989 347352 347965 1
18-07-2017-18:33:23:024 347965 348578 1
18-07-2017-18:33:23:064 348578 349191 1
18-07-2017-18:33:23:095 349191 349804 1
18-07-2017-18:33:23:141 349804 350417 1
18-07-2017-18:33:23:174 350417 351030 1
18-07-2017-18:33:23:210 351030 351643 1
18-07-2017-18:33:23:256 351643 352256 1
18-07-2017-18:33:23:291 352256 352869 1
18-07-2017-18:33:23:329 352869 353482 1
18-07-2017-18:33:23:366 353482 354095 1
18-07-2017-18:33:23:399 354095 354708 1
18-07-2017-18:33:23:446 354708 355321 1
18-07-2017-18:33:23:481 355321 355934 1
18-07-2017-18:33:23:516 355934 356547 1
18-07-2017-18:33:23:563 356547 357160 1
18-07-2017-18:33:23:599 357160 357773 1
18-07-2017-18:33:23:634 357773 358386 1
18-07-2017-18:33:23:668 358386 358999 1
18-07-2017-18:33:23:715 358999 359612 1
18-07-2017-18:33:23:750 359612 360225 1
18-07-2017-18:33:23:785 360225 360838 1
18-07-2017-18:33:23:837 360838 361451 1
18-07-2017-18:33:23:864 361451 362064 1
18-07-2017-18:33:23:899 362064 362677 1
18-07-2017-18:33:23:944 362677 363290 1
18-07-2017-18:33:23:980 363290 363903 1
18-07-2017-18:33:24:015 363903 364516 1
18-07-2017-18:33:24:061 364516 365129 1
18-07-2017-18:33:24:096 365129 365742 1
18-07-2017-18:33:24:131 365742 366355 1
18-07-2017-18:33:24:166 366355 366968 1
18-07-2017-18:33:24:213 366968 367581 1
18-07-2017-18:33:24:247 367581 368194 1
18-07-2017-18:33:24:283 368194 368807 1
18-07-2017-18:33:24:333 368807 369420 1
18-07-2017-18:33:24:364 369420 370033 1
18-07-2017-18:33:24:400 370033 370646 1
18-07-2017-18:33:24:433 370646 371259 1
18-07-2017-18:33:24:480 371259 371872 1
18-07-2017-18:33:24:518 371872 372485 1
18-07-2017-18:33:24:551 372485 373098 1
18-07-2017-18:33:24:597 373098 373711 1
18-07-2017-18:33:24:633 373711 374324 1
18-07-2017-18:33:24:666 374324 374937 1
18-07-2017-18:33:24:701 374937 375550 1
18-07-2017-18:33:24:748 375550 376163 1
18-07-2017-18:33:24:783 376163 376776 1
18-07-2017-18:33:24:827 376776 377389 1
18-07-2017-18:33:24:861 377389 378002 1
18-07-2017-18:33:25:043 378002 378615 1
18-07-2017-18:33:25:045 378615 379228 1
18-07-2017-18:33:25:045 379228 379841 1
18-07-2017-18:33:25:045 379841 380454 1
18-07-2017-18:33:25:061 380454 381067 1
18-07-2017-18:33:25:092 381067 381680 1
18-07-2017-18:33:25:128 381680 382293 1
18-07-2017-18:33:25:164 382293 382906 1
18-07-2017-18:33:25:209 382906 383519 1
18-07-2017-18:33:25:245 383519 384132 1
18-07-2017-18:33:25:280 384132 384745 1
18-07-2017-18:33:25:325 384745 385358 1
18-07-2017-18:33:25:361 385358 385971 1
18-07-2017-18:33:25:396 385971 386584 1
18-07-2017-18:33:25:431 386584 387197 1
18-07-2017-18:33:25:478 387197 387810 1
18-07-2017-18:33:25:513 387810 388423 1
18-07-2017-18:33:25:548 388423 389036 1
18-07-2017-18:33:25:593 389036 389649 1
18-07-2017-18:33:25:630 389649 390262 1
18-07-2017-18:33:25:663 390262 390875 1
18-07-2017-18:33:25:700 390875 391488 1
18-07-2017-18:33:25:745 391488 392101 1
18-07-2017-18:33:25:781 392101 392714 1
18-07-2017-18:33:25:815 392714 393327 1
18-07-2017-18:33:25:862 393327 393940 1
18-07-2017-18:33:25:898 393940 394553 1
18-07-2017-18:33:25:933 394553 395166 1
18-07-2017-18:33:25:967 395166 395779 1
18-07-2017-18:33:26:014 395779 396392 1
18-07-2017-18:33:26:050 396392 397005 1
18-07-2017-18:33:26:084 397005 397618 1
18-07-2017-18:33:26:126 397618 398231 1
18-07-2017-18:33:26:163 398231 398844 1
18-07-2017-18:33:26:209 398844 399457 1
18-07-2017-18:33:26:243 399457 400070 1
18-07-2017-18:33:26:277 400070 400683 1
18-07-2017-18:33:26:313 400683 401296 1
18-07-2017-18:33:26:359 401296 401909 1
18-07-2017-18:33:26:393 401909 402522 1
18-07-2017-18:33:26:428 402522 403135 1
18-07-2017-18:33:26:480 403135 403748 1
18-07-2017-18:33:26:509 403748 404361 1
18-07-2017-18:33:26:545 404361 404974 1
18-07-2017-18:33:26:590 404974 405587 1
18-07-2017-18:33:26:624 405587 406200 1
18-07-2017-18:33:26:659 406200 406813 1
18-07-2017-18:33:26:696 406813 407426 1
18-07-2017-18:33:26:741 407426 408039 1
18-07-2017-18:33:26:777 408039 408652 1
18-07-2017-18:33:26:822 408652 409265 1
18-07-2017-18:33:26:857 409265 409878 1
18-07-2017-18:33:26:892 409878 410491 1
18-07-2017-18:33:26:929 410491 411104 1
18-07-2017-18:33:26:963 411104 411717 1
18-07-2017-18:33:27:011 411717 412330 1
18-07-2017-18:33:27:046 412330 412943 1
18-07-2017-18:33:27:081 412943 413556 1
18-07-2017-18:33:27:127 413556 414169 1
18-07-2017-18:33:27:161 414169 414782 1
18-07-2017-18:33:27:200 414782 415395 1
18-07-2017-18:33:27:240 415395 416008 1
18-07-2017-18:33:27:275 416008 416621 1
18-07-2017-18:33:27:309 416621 417234 1
18-07-2017-18:33:27:357 417234 417847 1
18-07-2017-18:33:27:391 417847 418460 1
18-07-2017-18:33:27:427 418460 419073 1
18-07-2017-18:33:27:460 419073 419686 1
18-07-2017-18:33:27:508 419686 420299 1
18-07-2017-18:33:27:545 420299 420912 1
18-07-2017-18:33:27:578 420912 421525 1
18-07-2017-18:33:27:624 421525 422138 1
18-07-2017-18:33:27:659 422138 422751 1
18-07-2017-18:33:27:694 422751 423364 1
18-07-2017-18:33:27:735 423364 423977 1
18-07-2017-18:33:27:772 423977 424590 1
18-07-2017-18:33:27:808 424590 425203 1
18-07-2017-18:33:27:856 425203 425816 1
18-07-2017-18:33:27:889 425816 426429 1
18-07-2017-18:33:28:065 426429 427042 1
18-07-2017-18:33:28:067 427042 427655 1
18-07-2017-18:33:28:067 427655 428268 1
18-07-2017-18:33:28:067 428268 428881 1
18-07-2017-18:33:28:079 428881 429494 1
18-07-2017-18:33:28:112 429494 430107 1
18-07-2017-18:33:28:154 430107 430720 1
18-07-2017-18:33:28:199 430720 431333 1
18-07-2017-18:33:28:234 431333 431946 1
18-07-2017-18:33:28:270 431946 432559 1
18-07-2017-18:33:28:305 432559 433172 1
18-07-2017-18:33:28:352 433172 433785 1
18-07-2017-18:33:28:386 433785 434398 1
18-07-2017-18:33:28:422 434398 435011 1
18-07-2017-18:33:28:468 435011 435624 1
18-07-2017-18:33:28:501 435624 436237 1
18-07-2017-18:33:28:537 436237 436850 1
18-07-2017-18:33:28:572 436850 437463 1
18-07-2017-18:33:28:618 437463 438076 1
18-07-2017-18:33:28:654 438076 438689 1
18-07-2017-18:33:28:688 438689 439302 1
18-07-2017-18:33:28:739 439302 439915 1
18-07-2017-18:33:28:767 439915 440528 1
18-07-2017-18:33:28:802 440528 441141 1
18-07-2017-18:33:28:850 441141 441754 1
18-07-2017-18:33:28:884 441754 442367 1
18-07-2017-18:33:28:920 442367 442980 1
18-07-2017-18:33:28:967 442980 443593 1
18-07-2017-18:33:29:000 443593 444206 1
18-07-2017-18:33:29:036 444206 444819 1
18-07-2017-18:33:29:070 444819 445432 1
18-07-2017-18:33:29:117 445432 446045 1
18-07-2017-18:33:29:152 446045 446658 1
18-07-2017-18:33:29:187 446658 447271 1
18-07-2017-18:33:29:233 447271 447884 1
18-07-2017-18:33:29:268 447884 448497 1
18-07-2017-18:33:29:310 448497 449110 1
18-07-2017-18:33:29:345 449110 449723 1
18-07-2017-18:33:29:379 449723 450336 1
18-07-2017-18:33:29:425 450336 450949 1
18-07-2017-18:33:29:461 450949 451562 1
18-07-2017-18:33:29:497 451562 452175 1
18-07-2017-18:33:29:533 452175 452788 1
18-07-2017-18:33:29:591 452788 453401 1
18-07-2017-18:33:29:614 453401 454014 1
18-07-2017-18:33:29:650 454014 454627 1
18-07-2017-18:33:29:682 454627 455240 1
18-07-2017-18:33:29:729 455240 455853 1
18-07-2017-18:33:29:764 455853 456466 1
18-07-2017-18:33:29:806 456466 457079 1
18-07-2017-18:33:29:845 457079 457692 1
18-07-2017-18:33:29:878 457692 458305 1
18-07-2017-18:33:29:913 458305 458918 1
18-07-2017-18:33:29:960 458918 459531 1
18-07-2017-18:33:29:997 459531 460144 1
18-07-2017-18:33:30:029 460144 460757 1
18-07-2017-18:33:30:077 460757 461370 1
18-07-2017-18:33:30:111 461370 461983 1
18-07-2017-18:33:30:146 461983 462596 1
18-07-2017-18:33:30:327 462596 463209 1
18-07-2017-18:33:30:328 463209 463822 1
18-07-2017-18:33:30:328 463822 464435 1
18-07-2017-18:33:30:328 464435 465048 1
18-07-2017-18:33:30:346 465048 465661 1
18-07-2017-18:33:30:377 465661 466274 1
18-07-2017-18:33:30:411 466274 466887 1
18-07-2017-18:33:30:457 466887 467500 1
18-07-2017-18:33:30:493 467500 468113 1
18-07-2017-18:33:30:527 468113 468726 1
18-07-2017-18:33:30:574 468726 469339 1
18-07-2017-18:33:30:610 469339 469952 1
18-07-2017-18:33:30:643 469952 470565 1
18-07-2017-18:33:30:679 470565 471178 1
18-07-2017-18:33:30:725 471178 471791 1
18-07-2017-18:33:30:760 471791 472404 1
18-07-2017-18:33:30:795 472404 473017 1
18-07-2017-18:33:30:842 473017 473630 1
18-07-2017-18:33:30:877 473630 474243 1
18-07-2017-18:33:30:912 474243 474856 1
18-07-2017-18:33:30:948 474856 475469 1
18-07-2017-18:33:30:993 475469 476082 1
18-07-2017-18:33:31:029 476082 476695 1
18-07-2017-18:33:31:071 476695 477308 1
18-07-2017-18:33:31:117 477308 477921 1
18-07-2017-18:33:31:141 477921 478534 1
18-07-2017-18:33:31:187 478534 479147 1
18-07-2017-18:33:31:221 479147 479760 1
18-07-2017-18:33:31:256 479760 480373 1
18-07-2017-18:33:31:291 480373 480986 1
18-07-2017-18:33:31:337 480986 481599 1
18-07-2017-18:33:31:373 481599 482212 1
18-07-2017-18:33:31:410 482212 482825 1
18-07-2017-18:33:31:454 482825 483438 1
18-07-2017-18:33:31:500 483438 484051 1
18-07-2017-18:33:31:531 484051 484664 1
18-07-2017-18:33:31:566 484664 485277 1
18-07-2017-18:33:31:618 485277 485890 1
18-07-2017-18:33:31:648 485890 486503 1
18-07-2017-18:33:31:682 486503 487116 1
18-07-2017-18:33:31:716 487116 487729 1
18-07-2017-18:33:31:753 487729 488342 1
18-07-2017-18:33:31:797 488342 488955 1
18-07-2017-18:33:32:051 488955 489568 1
18-07-2017-18:33:32:052 489568 490181 1
18-07-2017-18:33:32:052 490181 490794 1
18-07-2017-18:33:32:052 490794 491407 1
18-07-2017-18:33:32:052 491407 492020 1
18-07-2017-18:33:32:052 492020 492633 1
18-07-2017-18:33:32:083 492633 493246 1
18-07-2017-18:33:32:103 493246 493859 1
18-07-2017-18:33:32:147 493859 494472 1
18-07-2017-18:33:32:175 494472 495085 1
18-07-2017-18:33:32:220 495085 495698 1
18-07-2017-18:33:32:255 495698 496311 1
18-07-2017-18:33:32:289 496311 496924 1
18-07-2017-18:33:32:329 496924 497537 1
18-07-2017-18:33:32:381 497537 498150 1
18-07-2017-18:33:32:410 498150 498763 1
18-07-2017-18:33:32:445 498763 499376 1
18-07-2017-18:33:32:482 499376 499989 1
18-07-2017-18:33:32:525 499989 500602 1
18-07-2017-18:33:32:563 500602 501215 1
18-07-2017-18:33:32:597 501215 501828 1
18-07-2017-18:33:32:645 501828 502441 1
18-07-2017-18:33:32:677 502441 503054 1
18-07-2017-18:33:32:714 503054 503667 1
18-07-2017-18:33:32:756 503667 504280 1
18-07-2017-18:33:32:794 504280 504893 1
18-07-2017-18:33:32:831 504893 505506 1
18-07-2017-18:33:32:865 505506 506119 1
18-07-2017-18:33:32:912 506119 506732 1
18-07-2017-18:33:32:946 506732 507345 1
18-07-2017-18:33:32:994 507345 507958 1
18-07-2017-18:33:33:017 507958 508571 1
18-07-2017-18:33:33:065 508571 509184 1
18-07-2017-18:33:33:102 509184 509797 1
18-07-2017-18:33:33:132 509797 510410 1
18-07-2017-18:33:33:181 510410 511023 1
18-07-2017-18:33:33:216 511023 511636 1
18-07-2017-18:33:33:249 511636 512249 1
18-07-2017-18:33:33:286 512249 512862 1
18-07-2017-18:33:33:338 512862 513475 1
18-07-2017-18:33:33:375 513475 514088 1
18-07-2017-18:33:33:407 514088 514701 1
18-07-2017-18:33:33:442 514701 515314 1
18-07-2017-18:33:33:476 515314 515927 1
18-07-2017-18:33:33:520 515927 516540 1
18-07-2017-18:33:33:552 516540 517153 1
18-07-2017-18:33:33:599 517153 517766 1
18-07-2017-18:33:33:640 517766 518379 1
18-07-2017-18:33:33:676 518379 518992 1
18-07-2017-18:33:33:709 518992 519605 1
18-07-2017-18:33:33:755 519605 520218 1
18-07-2017-18:33:33:784 520218 520831 1
18-07-2017-18:33:33:820 520831 521444 1
18-07-2017-18:33:33:867 521444 522057 1
18-07-2017-18:33:33:903 522057 522670 1
18-07-2017-18:33:33:937 522670 523283 1
18-07-2017-18:33:33:984 523283 523896 1
18-07-2017-18:33:34:020 523896 524509 1
18-07-2017-18:33:34:054 524509 525122 1
18-07-2017-18:33:34:090 525122 525735 1
18-07-2017-18:33:34:135 525735 526348 1
18-07-2017-18:33:34:171 526348 526961 1
18-07-2017-18:33:34:206 526961 527574 1
18-07-2017-18:33:34:252 527574 528187 1
18-07-2017-18:33:34:287 528187 528800 1
18-07-2017-18:33:34:322 528800 529413 1
18-07-2017-18:33:34:357 529413 530026 1
18-07-2017-18:33:34:403 530026 530639 1
18-07-2017-18:33:34:438 530639 531252 1
18-07-2017-18:33:34:475 531252 531865 1
18-07-2017-18:33:34:521 531865 532478 1
18-07-2017-18:33:34:559 532478 533091 1
18-07-2017-18:33:34:591 533091 533704 1
18-07-2017-18:33:34:739 533704 534317 1
18-07-2017-18:33:34:740 534317 534930 1
18-07-2017-18:33:34:740 534930 535543 1
18-07-2017-18:33:34:750 535543 536156 1
18-07-2017-18:33:34:798 536156 536769 1
18-07-2017-18:33:34:820 536769 537382 1
18-07-2017-18:33:34:854 537382 537995 1
18-07-2017-18:33:34:902 537995 538608 1
18-07-2017-18:33:34:935 538608 539221 1
18-07-2017-18:33:34:971 539221 539834 1
18-07-2017-18:33:35:018 539834 540447 1
18-07-2017-18:33:35:056 540447 541060 1
18-07-2017-18:33:35:088 541060 541673 1
18-07-2017-18:33:35:123 541673 542286 1
18-07-2017-18:33:35:169 542286 542899 1
18-07-2017-18:33:35:204 542899 543512 1
18-07-2017-18:33:35:239 543512 544125 1
18-07-2017-18:33:35:286 544125 544738 1
18-07-2017-18:33:35:321 544738 545351 1
18-07-2017-18:33:35:356 545351 545964 1
18-07-2017-18:33:35:398 545964 546577 1
18-07-2017-18:33:35:434 546577 547190 1
18-07-2017-18:33:35:471 547190 547803 1
18-07-2017-18:33:35:515 547803 548416 1
18-07-2017-18:33:35:551 548416 549029 1
18-07-2017-18:33:35:586 549029 549642 1
18-07-2017-18:33:35:631 549642 550255 1
18-07-2017-18:33:35:666 550255 550868 1
18-07-2017-18:33:35:701 550868 551481 1
18-07-2017-18:33:35:737 551481 552094 1
18-07-2017-18:33:35:783 552094 552707 1
18-07-2017-18:33:35:818 552707 553320 1
18-07-2017-18:33:35:855 553320 553933 1
18-07-2017-18:33:35:887 553933 554546 1
18-07-2017-18:33:35:935 554546 555159 1
18-07-2017-18:33:35:972 555159 555772 1
18-07-2017-18:33:36:006 555772 556385 1
18-07-2017-18:33:36:052 556385 556998 1
18-07-2017-18:33:36:095 556998 557611 1
18-07-2017-18:33:36:123 557611 558224 1
18-07-2017-18:33:36:158 558224 558837 1
18-07-2017-18:33:36:206 558837 559450 1
18-07-2017-18:33:36:239 559450 560063 1
18-07-2017-18:33:36:274 560063 560676 1
18-07-2017-18:33:36:321 560676 561289 1
18-07-2017-18:33:36:355 561289 561902 1
18-07-2017-18:33:36:390 561902 562515 1
18-07-2017-18:33:36:426 562515 563128 1
18-07-2017-18:33:36:473 563128 563741 1
18-07-2017-18:33:36:508 563741 564354 1
18-07-2017-18:33:36:545 564354 564967 1
18-07-2017-18:33:36:589 564967 565580 1
18-07-2017-18:33:36:624 565580 566193 1
18-07-2017-18:33:36:663 566193 566806 1
18-07-2017-18:33:36:703 566806 567419 1
18-07-2017-18:33:36:739 567419 568032 1
18-07-2017-18:33:36:772 568032 568645 1
18-07-2017-18:33:36:812 568645 569258 1
18-07-2017-18:33:36:858 569258 569871 1
18-07-2017-18:33:36:892 569871 570484 1
18-07-2017-18:33:36:929 570484 571097 1
18-07-2017-18:33:36:965 571097 571710 1
18-07-2017-18:33:37:010 571710 572323 1
18-07-2017-18:33:37:046 572323 572936 1
18-07-2017-18:33:37:079 572936 573549 1
18-07-2017-18:33:37:126 573549 574162 1
18-07-2017-18:33:37:163 574162 574775 1
18-07-2017-18:33:37:196 574775 575388 1
18-07-2017-18:33:37:231 575388 576001 1
18-07-2017-18:33:37:277 576001 576614 1
18-07-2017-18:33:37:312 576614 577227 1
18-07-2017-18:33:37:346 577227 577840 1
18-07-2017-18:33:37:392 577840 578453 1
18-07-2017-18:33:37:427 578453 579066 1
18-07-2017-18:33:37:461 579066 579679 1
18-07-2017-18:33:37:508 579679 580292 1
18-07-2017-18:33:37:544 580292 580905 1
18-07-2017-18:33:37:579 580905 581518 1
18-07-2017-18:33:37:616 581518 582131 1
18-07-2017-18:33:37:659 582131 582744 1
18-07-2017-18:33:37:695 582744 583357 1
18-07-2017-18:33:37:729 583357 583970 1
18-07-2017-18:33:37:775 583970 584583 1
18-07-2017-18:33:37:814 584583 585196 1
18-07-2017-18:33:37:843 585196 585809 1
18-07-2017-18:33:37:891 585809 586422 1
18-07-2017-18:33:37:931 586422 587035 1
18-07-2017-18:33:38:053 587035 587648 1
18-07-2017-18:33:38:054 587648 588261 1
18-07-2017-18:33:38:054 588261 588874 1
18-07-2017-18:33:38:082 588874 589487 1
18-07-2017-18:33:38:117 589487 590100 1
18-07-2017-18:33:38:152 590100 590713 1
18-07-2017-18:33:38:198 590713 591326 1
18-07-2017-18:33:38:234 591326 591939 1
18-07-2017-18:33:38:268 591939 592552 1
18-07-2017-18:33:38:307 592552 593165 1
18-07-2017-18:33:38:341 593165 593778 1
18-07-2017-18:33:38:388 593778 594391 1
18-07-2017-18:33:38:431 594391 595004 1
18-07-2017-18:33:38:467 595004 595617 1
18-07-2017-18:33:38:502 595617 596230 1
18-07-2017-18:33:38:537 596230 596843 1
18-07-2017-18:33:38:572 596843 597456 1
18-07-2017-18:33:38:620 597456 598069 1
18-07-2017-18:33:38:653 598069 598682 1
18-07-2017-18:33:38:689 598682 599295 1
18-07-2017-18:33:38:737 599295 599908 1
18-07-2017-18:33:38:830 599908 600521 1
18-07-2017-18:33:38:835 600521 601134 1
18-07-2017-18:33:38:841 601134 601747 1
18-07-2017-18:33:38:887 601747 602360 1
18-07-2017-18:33:38:921 602360 602973 1
18-07-2017-18:33:38:956 602973 603586 1
18-07-2017-18:33:38:992 603586 604199 1
18-07-2017-18:33:39:039 604199 604812 1
18-07-2017-18:33:39:075 604812 605425 1
18-07-2017-18:33:39:109 605425 606038 1
18-07-2017-18:33:39:154 606038 606651 1
18-07-2017-18:33:39:189 606651 607264 1
18-07-2017-18:33:39:228 607264 607877 1
18-07-2017-18:33:39:261 607877 608490 1
18-07-2017-18:33:39:305 608490 609103 1
18-07-2017-18:33:39:341 609103 609716 1
18-07-2017-18:33:39:387 609716 610329 1
18-07-2017-18:33:39:426 610329 610942 1
18-07-2017-18:33:39:456 610942 611555 1
18-07-2017-18:33:39:492 611555 612168 1
18-07-2017-18:33:39:539 612168 612781 1
18-07-2017-18:33:39:574 612781 613394 1
18-07-2017-18:33:39:609 613394 614007 1
18-07-2017-18:33:39:660 614007 614620 1
18-07-2017-18:33:39:689 614620 615233 1
18-07-2017-18:33:39:724 615233 615846 1
18-07-2017-18:33:39:760 615846 616459 1
18-07-2017-18:33:39:806 616459 617072 1
18-07-2017-18:33:39:842 617072 617685 1
18-07-2017-18:33:39:877 617685 618298 1
18-07-2017-18:33:39:923 618298 618911 1
18-07-2017-18:33:39:958 618911 619524 1
18-07-2017-18:33:39:993 619524 620137 1
18-07-2017-18:33:40:027 620137 620750 1
18-07-2017-18:33:40:074 620750 621363 1
18-07-2017-18:33:40:109 621363 621976 1
18-07-2017-18:33:40:144 621976 622589 1
18-07-2017-18:33:40:195 622589 623202 1
18-07-2017-18:33:40:230 623202 623815 1
18-07-2017-18:33:40:262 623815 624428 1
18-07-2017-18:33:40:296 624428 625041 1
18-07-2017-18:33:40:342 625041 625654 1
18-07-2017-18:33:40:377 625654 626267 1
18-07-2017-18:33:40:525 626267 626880 1
18-07-2017-18:33:40:530 626880 627493 1
18-07-2017-18:33:40:530 627493 628106 1
18-07-2017-18:33:40:530 628106 628719 1
18-07-2017-18:33:40:565 628719 629332 1
18-07-2017-18:33:40:610 629332 629945 1
18-07-2017-18:33:40:646 629945 630558 1
18-07-2017-18:33:40:682 630558 631171 1
18-07-2017-18:33:40:715 631171 631784 1
18-07-2017-18:33:40:764 631784 632397 1
18-07-2017-18:33:40:803 632397 633010 1
18-07-2017-18:33:40:843 633010 633623 1
18-07-2017-18:33:40:871 633623 634236 1
18-07-2017-18:33:40:917 634236 634849 1
18-07-2017-18:33:40:951 634849 635462 1
18-07-2017-18:33:40:986 635462 636075 1
18-07-2017-18:33:41:032 636075 636688 1
18-07-2017-18:33:41:067 636688 637301 1
18-07-2017-18:33:41:102 637301 637914 1
18-07-2017-18:33:41:140 637914 638527 1
18-07-2017-18:33:41:184 638527 639140 1
18-07-2017-18:33:41:219 639140 639753 1
18-07-2017-18:33:41:255 639753 640366 1
18-07-2017-18:33:41:305 640366 640979 1
18-07-2017-18:33:41:342 640979 641592 1
18-07-2017-18:33:41:384 641592 642205 1
18-07-2017-18:33:41:407 642205 642818 1
18-07-2017-18:33:41:454 642818 643431 1
18-07-2017-18:33:41:490 643431 644044 1
18-07-2017-18:33:41:524 644044 644657 1
18-07-2017-18:33:41:570 644657 645270 1
18-07-2017-18:33:41:606 645270 645883 1
18-07-2017-18:33:41:643 645883 646496 1
18-07-2017-18:33:41:677 646496 647109 1
18-07-2017-18:33:41:721 647109 647722 1
18-07-2017-18:33:41:757 647722 648335 1
18-07-2017-18:33:41:792 648335 648948 1
18-07-2017-18:33:41:838 648948 649561 1
18-07-2017-18:33:41:873 649561 650174 1
18-07-2017-18:33:41:909 650174 650787 1
18-07-2017-18:33:41:947 650787 651400 1
18-07-2017-18:33:41:991 651400 652013 1
18-07-2017-18:33:42:028 652013 652626 1
18-07-2017-18:33:42:061 652626 653239 1
18-07-2017-18:33:42:095 653239 653852 1
18-07-2017-18:33:42:261 653852 654465 1
18-07-2017-18:33:42:262 654465 655078 1
18-07-2017-18:33:42:262 655078 655691 1
18-07-2017-18:33:42:262 655691 656304 1
18-07-2017-18:33:42:289 656304 656917 1
18-07-2017-18:33:42:335 656917 657530 1
18-07-2017-18:33:42:372 657530 658143 1
18-07-2017-18:33:42:408 658143 658756 1
18-07-2017-18:33:42:441 658756 659369 1
18-07-2017-18:33:42:488 659369 659982 1
18-07-2017-18:33:42:523 659982 660595 1
18-07-2017-18:33:42:558 660595 661208 1
18-07-2017-18:33:42:605 661208 661821 1
18-07-2017-18:33:42:639 661821 662434 1
18-07-2017-18:33:42:673 662434 663047 1
18-07-2017-18:33:42:709 663047 663660 1
18-07-2017-18:33:42:756 663660 664273 1
18-07-2017-18:33:42:789 664273 664886 1
18-07-2017-18:33:42:825 664886 665499 1
18-07-2017-18:33:42:867 665499 666112 1
18-07-2017-18:33:42:900 666112 666725 1
18-07-2017-18:33:42:947 666725 667338 1
18-07-2017-18:33:42:982 667338 667951 1
18-07-2017-18:33:43:017 667951 668564 1
18-07-2017-18:33:43:065 668564 669177 1
18-07-2017-18:33:43:100 669177 669790 1
18-07-2017-18:33:43:140 669790 670403 1
18-07-2017-18:33:43:169 670403 671016 1
18-07-2017-18:33:43:215 671016 671629 1
18-07-2017-18:33:43:251 671629 672242 1
18-07-2017-18:33:43:289 672242 672855 1
18-07-2017-18:33:43:329 672855 673468 1
18-07-2017-18:33:43:365 673468 674081 1
18-07-2017-18:33:43:398 674081 674694 1
18-07-2017-18:33:43:445 674694 675307 1
18-07-2017-18:33:43:481 675307 675920 1
18-07-2017-18:33:43:516 675920 676533 1
18-07-2017-18:33:43:563 676533 677146 1
18-07-2017-18:33:43:597 677146 677759 1
18-07-2017-18:33:43:632 677759 678372 1
18-07-2017-18:33:43:667 678372 678985 1
18-07-2017-18:33:43:714 678985 679598 1
18-07-2017-18:33:43:748 679598 680211 1
18-07-2017-18:33:43:783 680211 680824 1
18-07-2017-18:33:43:830 680824 681437 1
18-07-2017-18:33:43:864 681437 682050 1
18-07-2017-18:33:43:897 682050 682663 1
18-07-2017-18:33:43:942 682663 683276 1
18-07-2017-18:33:43:979 683276 683889 1
18-07-2017-18:33:44:012 683889 684502 1
18-07-2017-18:33:44:060 684502 685115 1
18-07-2017-18:33:44:094 685115 685728 1
18-07-2017-18:33:44:128 685728 686341 1
18-07-2017-18:33:44:165 686341 686954 1
18-07-2017-18:33:44:211 686954 687567 1
18-07-2017-18:33:44:247 687567 688180 1
18-07-2017-18:33:44:281 688180 688793 1
18-07-2017-18:33:44:321 688793 689406 1
18-07-2017-18:33:44:366 689406 690019 1
18-07-2017-18:33:44:402 690019 690632 1
18-07-2017-18:33:44:437 690632 691245 1
18-07-2017-18:33:44:472 691245 691858 1
18-07-2017-18:33:44:518 691858 692471 1
18-07-2017-18:33:44:554 692471 693084 1
18-07-2017-18:33:44:592 693084 693697 1
18-07-2017-18:33:44:633 693697 694310 1
18-07-2017-18:33:44:667 694310 694923 1
18-07-2017-18:33:44:702 694923 695536 1
18-07-2017-18:33:44:749 695536 696149 1
18-07-2017-18:33:44:783 696149 696762 1
18-07-2017-18:33:44:819 696762 697375 1
18-07-2017-18:33:44:865 697375 697988 1
18-07-2017-18:33:44:900 697988 698601 1
18-07-2017-18:33:44:936 698601 699214 1
18-07-2017-18:33:44:970 699214 699827 1
18-07-2017-18:33:45:017 699827 700440 1
18-07-2017-18:33:45:052 700440 701053 1
18-07-2017-18:33:45:087 701053 701666 1
18-07-2017-18:33:45:122 701666 702279 1
18-07-2017-18:33:45:168 702279 702892 1
18-07-2017-18:33:45:204 702892 703505 1
18-07-2017-18:33:45:238 703505 704118 1
18-07-2017-18:33:45:900 704118 704731 1
18-07-2017-18:33:45:901 704731 705344 1
18-07-2017-18:33:45:901 705344 705957 1
18-07-2017-18:33:45:901 705957 706570 1
18-07-2017-18:33:45:901 706570 707183 1
18-07-2017-18:33:45:901 707183 707796 1
18-07-2017-18:33:45:901 707796 708409 1
18-07-2017-18:33:45:901 708409 709022 1
18-07-2017-18:33:45:901 709022 709635 1
18-07-2017-18:33:45:901 709635 710248 1
18-07-2017-18:33:45:901 710248 710861 1
18-07-2017-18:33:45:902 710861 711474 1
18-07-2017-18:33:45:902 711474 712087 1
18-07-2017-18:33:45:902 712087 712700 1
18-07-2017-18:33:45:902 712700 713313 1
18-07-2017-18:33:45:902 713313 713926 1
18-07-2017-18:33:45:902 713926 714539 1
18-07-2017-18:33:45:928 714539 715152 1
18-07-2017-18:33:45:972 715152 715765 1
18-07-2017-18:33:46:016 715765 716378 1
18-07-2017-18:33:46:043 716378 716991 1
18-07-2017-18:33:46:089 716991 717604 1
18-07-2017-18:33:46:149 717604 718217 1
18-07-2017-18:33:46:159 718217 718830 1
18-07-2017-18:33:46:195 718830 719443 1
18-07-2017-18:33:46:242 719443 720056 1
18-07-2017-18:33:46:276 720056 720669 1
18-07-2017-18:33:46:312 720669 721282 1
18-07-2017-18:33:46:359 721282 721895 1
18-07-2017-18:33:46:393 721895 722508 1
18-07-2017-18:33:46:428 722508 723121 1
18-07-2017-18:33:46:463 723121 723734 1
18-07-2017-18:33:46:708 723734 724347 1
18-07-2017-18:33:46:712 724347 724960 1
18-07-2017-18:33:46:712 724960 725573 1
18-07-2017-18:33:46:713 725573 726186 1
18-07-2017-18:33:46:713 726186 726799 1
18-07-2017-18:33:46:713 726799 727412 1
18-07-2017-18:33:46:739 727412 728025 1
18-07-2017-18:33:46:774 728025 728638 1
18-07-2017-18:33:46:810 728638 729251 1
18-07-2017-18:33:46:856 729251 729864 1
18-07-2017-18:33:46:891 729864 730477 1
18-07-2017-18:33:46:927 730477 731090 1
18-07-2017-18:33:46:961 731090 731703 1
18-07-2017-18:33:47:007 731703 732316 1
18-07-2017-18:33:47:042 732316 732929 1
18-07-2017-18:33:47:076 732929 733542 1
18-07-2017-18:33:47:123 733542 734155 1
18-07-2017-18:33:47:159 734155 734768 1
18-07-2017-18:33:47:195 734768 735381 1
18-07-2017-18:33:47:239 735381 735994 1
18-07-2017-18:33:47:282 735994 736607 1
18-07-2017-18:33:47:320 736607 737220 1
18-07-2017-18:33:47:355 737220 737833 1
18-07-2017-18:33:47:392 737833 738446 1
18-07-2017-18:33:47:425 738446 739059 1
18-07-2017-18:33:47:459 739059 739672 1
18-07-2017-18:33:47:507 739672 740285 1
18-07-2017-18:33:47:543 740285 740898 1
18-07-2017-18:33:47:576 740898 741511 1
18-07-2017-18:33:47:690 741511 742124 1
18-07-2017-18:33:47:691 742124 742737 1
18-07-2017-18:33:47:694 742737 743350 1
18-07-2017-18:33:47:728 743350 743963 1
18-07-2017-18:33:47:786 743963 744576 1
18-07-2017-18:33:47:809 744576 745189 1
18-07-2017-18:33:47:844 745189 745802 1
18-07-2017-18:33:47:893 745802 746415 1
18-07-2017-18:33:47:930 746415 747028 1
18-07-2017-18:33:47:961 747028 747641 1
18-07-2017-18:33:47:997 747641 748254 1
18-07-2017-18:33:48:038 748254 748867 1
18-07-2017-18:33:48:084 748867 749480 1
18-07-2017-18:33:48:118 749480 750093 1
18-07-2017-18:33:48:154 750093 750706 1
18-07-2017-18:33:48:191 750706 751319 1
18-07-2017-18:33:48:234 751319 751932 1
18-07-2017-18:33:48:270 751932 752545 1
18-07-2017-18:33:48:305 752545 753158 1
18-07-2017-18:33:48:353 753158 753771 1
18-07-2017-18:33:48:387 753771 754384 1
18-07-2017-18:33:48:423 754384 754997 1
18-07-2017-18:33:48:456 754997 755610 1
18-07-2017-18:33:48:502 755610 756223 1
18-07-2017-18:33:48:710 756223 756836 1
18-07-2017-18:33:48:712 756836 757449 1
18-07-2017-18:33:48:712 757449 758062 1
18-07-2017-18:33:48:712 758062 758675 1
18-07-2017-18:33:48:712 758675 759288 1
18-07-2017-18:33:48:734 759288 759901 1
18-07-2017-18:33:48:770 759901 760514 1
18-07-2017-18:33:48:804 760514 761127 1
18-07-2017-18:33:48:840 761127 761740 1
18-07-2017-18:33:48:885 761740 762353 1
18-07-2017-18:33:48:919 762353 762966 1
18-07-2017-18:33:48:955 762966 763579 1
18-07-2017-18:33:49:001 763579 764192 1
18-07-2017-18:33:49:037 764192 764805 1
18-07-2017-18:33:49:071 764805 765418 1
18-07-2017-18:33:49:117 765418 766031 1
18-07-2017-18:33:49:147 766031 766644 1
18-07-2017-18:33:49:192 766644 767257 1
18-07-2017-18:33:49:226 767257 767870 1
18-07-2017-18:33:49:262 767870 768483 1
18-07-2017-18:33:49:308 768483 769096 1
18-07-2017-18:33:49:344 769096 769709 1
18-07-2017-18:33:49:378 769709 770322 1
18-07-2017-18:33:49:413 770322 770935 1
18-07-2017-18:33:49:462 770935 771548 1
18-07-2017-18:33:49:499 771548 772161 1
18-07-2017-18:33:49:531 772161 772774 1
18-07-2017-18:33:49:576 772774 773387 1
18-07-2017-18:33:49:614 773387 774000 1
18-07-2017-18:33:49:648 774000 774613 1
18-07-2017-18:33:49:690 774613 775226 1
18-07-2017-18:33:49:724 775226 775839 1
18-07-2017-18:33:49:759 775839 776452 1
18-07-2017-18:33:49:805 776452 777065 1
18-07-2017-18:33:49:843 777065 777678 1
18-07-2017-18:33:49:876 777678 778291 1
18-07-2017-18:33:49:911 778291 778904 1
18-07-2017-18:33:49:961 778904 779517 1
18-07-2017-18:33:49:996 779517 780130 1
18-07-2017-18:33:50:028 780130 780743 1
18-07-2017-18:33:50:073 780743 781356 1
18-07-2017-18:33:50:109 781356 781969 1
18-07-2017-18:33:50:143 781969 782582 1
18-07-2017-18:33:50:179 782582 783195 1
18-07-2017-18:33:50:225 783195 783808 1
18-07-2017-18:33:50:260 783808 784421 1
18-07-2017-18:33:50:296 784421 785034 1
18-07-2017-18:33:50:335 785034 785647 1
18-07-2017-18:33:50:381 785647 786260 1
18-07-2017-18:33:50:417 786260 786873 1
18-07-2017-18:33:50:453 786873 787486 1
18-07-2017-18:33:50:487 787486 788099 1
18-07-2017-18:33:50:534 788099 788712 1
18-07-2017-18:33:50:568 788712 789325 1
18-07-2017-18:33:50:603 789325 789938 1
18-07-2017-18:33:50:650 789938 790551 1
18-07-2017-18:33:50:685 790551 791164 1
18-07-2017-18:33:50:720 791164 791777 1
18-07-2017-18:33:50:756 791777 792390 1
18-07-2017-18:33:50:806 792390 793003 1
18-07-2017-18:33:50:838 793003 793616 1
18-07-2017-18:33:50:872 793616 794229 1
18-07-2017-18:33:50:919 794229 794842 1
18-07-2017-18:33:50:956 794842 795455 1
18-07-2017-18:33:50:988 795455 796068 1
18-07-2017-18:33:51:024 796068 796681 1
18-07-2017-18:33:51:067 796681 797294 1
18-07-2017-18:33:51:102 797294 797907 1
18-07-2017-18:33:51:145 797907 798520 1
18-07-2017-18:33:51:176 798520 799133 1
18-07-2017-18:33:51:221 799133 799746 1
18-07-2017-18:33:51:258 799746 800359 1
18-07-2017-18:33:51:293 800359 800972 1
18-07-2017-18:33:51:338 800972 801585 1
18-07-2017-18:33:51:700 801585 802198 1
18-07-2017-18:33:51:701 802198 802811 1
18-07-2017-18:33:51:702 802811 803424 1
18-07-2017-18:33:51:702 803424 804037 1
18-07-2017-18:33:51:702 804037 804650 1
18-07-2017-18:33:51:702 804650 805263 1
18-07-2017-18:33:51:702 805263 805876 1
18-07-2017-18:33:51:702 805876 806489 1
18-07-2017-18:33:51:702 806489 807102 1
18-07-2017-18:33:51:712 807102 807715 1
18-07-2017-18:33:51:758 807715 808328 1
18-07-2017-18:33:51:804 808328 808941 1
18-07-2017-18:33:51:829 808941 809554 1
18-07-2017-18:33:51:878 809554 810167 1
18-07-2017-18:33:51:914 810167 810780 1
18-07-2017-18:33:51:944 810780 811393 1
18-07-2017-18:33:51:986 811393 812006 1
18-07-2017-18:33:52:039 812006 812619 1
18-07-2017-18:33:52:061 812619 813232 1
18-07-2017-18:33:52:097 813232 813845 1
18-07-2017-18:33:52:144 813845 814458 1
18-07-2017-18:33:52:182 814458 815071 1
18-07-2017-18:33:52:210 815071 815684 1
18-07-2017-18:33:52:258 815684 816297 1
18-07-2017-18:33:52:292 816297 816910 1
18-07-2017-18:33:52:327 816910 817523 1
18-07-2017-18:33:52:374 817523 818136 1
18-07-2017-18:33:52:408 818136 818749 1
18-07-2017-18:33:52:444 818749 819362 1
18-07-2017-18:33:52:479 819362 819975 1
18-07-2017-18:33:52:525 819975 820588 1
18-07-2017-18:33:52:561 820588 821201 1
18-07-2017-18:33:52:596 821201 821814 1
18-07-2017-18:33:52:642 821814 822427 1
18-07-2017-18:33:52:677 822427 823040 1
18-07-2017-18:33:52:712 823040 823653 1
18-07-2017-18:33:52:748 823653 824266 1
18-07-2017-18:33:52:799 824266 824879 1
18-07-2017-18:33:52:828 824879 825492 1
18-07-2017-18:33:52:864 825492 826105 1
18-07-2017-18:33:52:911 826105 826718 1
18-07-2017-18:33:52:945 826718 827331 1
18-07-2017-18:33:52:982 827331 827944 1
18-07-2017-18:33:53:014 827944 828557 1
18-07-2017-18:33:53:061 828557 829170 1
18-07-2017-18:33:53:096 829170 829783 1
18-07-2017-18:33:53:132 829783 830396 1
18-07-2017-18:33:53:180 830396 831009 1
18-07-2017-18:33:53:214 831009 831622 1
18-07-2017-18:33:53:248 831622 832235 1
18-07-2017-18:33:53:283 832235 832848 1
18-07-2017-18:33:53:330 832848 833461 1
18-07-2017-18:33:53:371 833461 834074 1
18-07-2017-18:33:53:400 834074 834687 1
18-07-2017-18:33:53:448 834687 835300 1
18-07-2017-18:33:53:481 835300 835913 1
18-07-2017-18:33:53:583 835913 836526 1
18-07-2017-18:33:53:584 836526 837139 1
18-07-2017-18:33:53:598 837139 837752 1
18-07-2017-18:33:53:637 837752 838365 1
18-07-2017-18:33:53:669 838365 838978 1
18-07-2017-18:33:53:715 838978 839591 1
18-07-2017-18:33:53:750 839591 840204 1
18-07-2017-18:33:53:785 840204 840817 1
18-07-2017-18:33:53:820 840817 841430 1
18-07-2017-18:33:53:869 841430 842043 1
18-07-2017-18:33:53:901 842043 842656 1
18-07-2017-18:33:53:937 842656 843269 1
18-07-2017-18:33:53:983 843269 843882 1
18-07-2017-18:33:54:019 843882 844495 1
18-07-2017-18:33:54:055 844495 845108 1
18-07-2017-18:33:54:088 845108 845721 1
18-07-2017-18:33:54:134 845721 846334 1
18-07-2017-18:33:54:170 846334 846947 1
18-07-2017-18:33:54:206 846947 847560 1
18-07-2017-18:33:54:240 847560 848173 1
18-07-2017-18:33:54:287 848173 848786 1
18-07-2017-18:33:54:323 848786 849399 1
18-07-2017-18:33:54:355 849399 850012 1
18-07-2017-18:33:54:407 850012 850625 1
18-07-2017-18:33:54:437 850625 851238 1
18-07-2017-18:33:54:483 851238 851851 1
18-07-2017-18:33:54:516 851851 852464 1
18-07-2017-18:33:54:552 852464 853077 1
18-07-2017-18:33:54:588 853077 853690 1
18-07-2017-18:33:54:633 853690 854303 1
18-07-2017-18:33:54:667 854303 854916 1
18-07-2017-18:33:54:702 854916 855529 1
18-07-2017-18:33:54:749 855529 856142 1
18-07-2017-18:33:54:785 856142 856755 1
18-07-2017-18:33:54:820 856755 857368 1
18-07-2017-18:33:54:865 857368 857981 1
18-07-2017-18:33:54:901 857981 858594 1
18-07-2017-18:33:54:939 858594 859207 1
18-07-2017-18:33:54:981 859207 859820 1
18-07-2017-18:33:55:018 859820 860433 1
18-07-2017-18:33:55:052 860433 861046 1
18-07-2017-18:33:55:097 861046 861659 1
18-07-2017-18:33:55:128 861659 862272 1
18-07-2017-18:33:55:164 862272 862885 1
18-07-2017-18:33:55:197 862885 863498 1
18-07-2017-18:33:55:245 863498 864111 1
18-07-2017-18:33:55:280 864111 864724 1
18-07-2017-18:33:55:315 864724 865337 1
18-07-2017-18:33:55:362 865337 865950 1
18-07-2017-18:33:55:396 865950 866563 1
18-07-2017-18:33:55:432 866563 867176 1
18-07-2017-18:33:55:465 867176 867789 1
18-07-2017-18:33:55:512 867789 868402 1
18-07-2017-18:33:55:549 868402 869015 1
18-07-2017-18:33:55:591 869015 869628 1
18-07-2017-18:33:55:627 869628 870241 1
18-07-2017-18:33:55:661 870241 870854 1
18-07-2017-18:33:55:696 870854 871467 1
18-07-2017-18:33:55:744 871467 872080 1
18-07-2017-18:33:55:779 872080 872693 1
18-07-2017-18:33:55:812 872693 873306 1
18-07-2017-18:33:55:860 873306 873919 1
18-07-2017-18:33:55:896 873919 874532 1
18-07-2017-18:33:55:929 874532 875145 1
18-07-2017-18:33:55:964 875145 875758 1
18-07-2017-18:33:56:012 875758 876371 1
18-07-2017-18:33:56:047 876371 876984 1
18-07-2017-18:33:56:081 876984 877597 1
18-07-2017-18:33:56:127 877597 878210 1
18-07-2017-18:33:56:162 878210 878823 1
18-07-2017-18:33:56:208 878823 879436 1
18-07-2017-18:33:56:243 879436 880049 1
18-07-2017-18:33:56:276 880049 880662 1
18-07-2017-18:33:56:312 880662 881275 1
18-07-2017-18:33:56:349 881275 881888 1
18-07-2017-18:33:56:397 881888 882501 1
18-07-2017-18:33:56:432 882501 883114 1
18-07-2017-18:33:56:468 883114 883727 1
18-07-2017-18:33:56:501 883727 884340 1
18-07-2017-18:33:56:548 884340 884953 1
18-07-2017-18:33:56:584 884953 885566 1
18-07-2017-18:33:56:618 885566 886179 1
18-07-2017-18:33:57:150 886179 886792 1
18-07-2017-18:33:57:151 886792 887405 1
18-07-2017-18:33:57:151 887405 888018 1
18-07-2017-18:33:57:151 888018 888631 1
18-07-2017-18:33:57:151 888631 889244 1
18-07-2017-18:33:57:151 889244 889857 1
18-07-2017-18:33:57:151 889857 890470 1
18-07-2017-18:33:57:151 890470 891083 1
18-07-2017-18:33:57:151 891083 891696 1
18-07-2017-18:33:57:151 891696 892309 1
18-07-2017-18:33:57:151 892309 892922 1
18-07-2017-18:33:57:152 892922 893535 1
18-07-2017-18:33:57:152 893535 894148 1
18-07-2017-18:33:57:158 894148 894761 1
18-07-2017-18:33:57:194 894761 895374 1
18-07-2017-18:33:57:242 895374 895987 1
18-07-2017-18:33:57:275 895987 896600 1
18-07-2017-18:33:57:316 896600 897213 1
18-07-2017-18:33:57:346 897213 897826 1
18-07-2017-18:33:57:387 897826 898439 1
18-07-2017-18:33:57:419 898439 899052 1
18-07-2017-18:33:57:467 899052 899665 1
18-07-2017-18:33:57:502 899665 900278 1
18-07-2017-18:33:57:538 900278 900891 1
18-07-2017-18:33:57:583 900891 901504 1
18-07-2017-18:33:57:619 901504 902117 1
18-07-2017-18:33:57:652 902117 902730 1
18-07-2017-18:33:57:688 902730 903343 1
18-07-2017-18:33:57:735 903343 903956 1
18-07-2017-18:33:57:769 903956 904569 1
18-07-2017-18:33:57:805 904569 905182 1
18-07-2017-18:33:57:847 905182 905795 1
18-07-2017-18:33:57:881 905795 906408 1
18-07-2017-18:33:57:926 906408 907021 1
18-07-2017-18:33:57:961 907021 907634 1
18-07-2017-18:33:57:997 907634 908247 1
18-07-2017-18:33:58:042 908247 908860 1
18-07-2017-18:33:58:078 908860 909473 1
18-07-2017-18:33:58:118 909473 910086 1
18-07-2017-18:33:58:149 910086 910699 1
18-07-2017-18:33:58:196 910699 911312 1
18-07-2017-18:33:58:231 911312 911925 1
18-07-2017-18:33:58:265 911925 912538 1
18-07-2017-18:33:58:313 912538 913151 1
18-07-2017-18:33:58:348 913151 913764 1
18-07-2017-18:33:58:382 913764 914377 1
18-07-2017-18:33:58:417 914377 914990 1
18-07-2017-18:33:58:463 914990 915603 1
18-07-2017-18:33:58:498 915603 916216 1
18-07-2017-18:33:58:535 916216 916829 1
18-07-2017-18:33:58:581 916829 917442 1
18-07-2017-18:33:58:616 917442 918055 1
18-07-2017-18:33:58:650 918055 918668 1
18-07-2017-18:33:58:693 918668 919281 1
18-07-2017-18:33:58:727 919281 919894 1
18-07-2017-18:33:58:771 919894 920507 1
18-07-2017-18:33:58:839 920507 921120 1
18-07-2017-18:33:58:848 921120 921733 1
18-07-2017-18:33:58:884 921733 922346 1
18-07-2017-18:33:58:916 922346 922959 1
18-07-2017-18:33:58:962 922959 923572 1
18-07-2017-18:33:58:998 923572 924185 1
18-07-2017-18:33:59:032 924185 924798 1
18-07-2017-18:33:59:069 924798 925411 1
18-07-2017-18:33:59:114 925411 926024 1
18-07-2017-18:33:59:148 926024 926637 1
18-07-2017-18:33:59:186 926637 927250 1
18-07-2017-18:33:59:230 927250 927863 1
18-07-2017-18:33:59:265 927863 928476 1
18-07-2017-18:33:59:305 928476 929089 1
18-07-2017-18:33:59:341 929089 929702 1
18-07-2017-18:33:59:375 929702 930315 1
18-07-2017-18:33:59:422 930315 930928 1
18-07-2017-18:33:59:456 930928 931541 1
18-07-2017-18:33:59:591 931541 932154 1
18-07-2017-18:33:59:593 932154 932767 1
18-07-2017-18:33:59:593 932767 933380 1
18-07-2017-18:33:59:608 933380 933993 1
18-07-2017-18:33:59:645 933993 934606 1
18-07-2017-18:33:59:698 934606 935219 1
18-07-2017-18:33:59:725 935219 935832 1
18-07-2017-18:33:59:760 935832 936445 1
18-07-2017-18:33:59:806 936445 937058 1
18-07-2017-18:33:59:842 937058 937671 1
18-07-2017-18:33:59:876 937671 938284 1
18-07-2017-18:33:59:911 938284 938897 1
18-07-2017-18:33:59:957 938897 939510 1
18-07-2017-18:34:00:006 939510 940123 1
18-07-2017-18:34:00:036 940123 940736 1
18-07-2017-18:34:00:140 940736 941349 1
18-07-2017-18:34:00:141 941349 941962 1
18-07-2017-18:34:00:141 941962 942575 1
18-07-2017-18:34:00:188 942575 943188 1
18-07-2017-18:34:00:222 943188 943801 1
18-07-2017-18:34:00:258 943801 944414 1
18-07-2017-18:34:00:295 944414 945027 1
18-07-2017-18:34:00:340 945027 945640 1
18-07-2017-18:34:00:376 945640 946253 1
18-07-2017-18:34:00:410 946253 946866 1
18-07-2017-18:34:00:457 946866 947479 1
18-07-2017-18:34:00:494 947479 948092 1
18-07-2017-18:34:00:525 948092 948705 1
18-07-2017-18:34:00:562 948705 949318 1
18-07-2017-18:34:00:608 949318 949931 1
18-07-2017-18:34:00:643 949931 950544 1
18-07-2017-18:34:00:677 950544 951157 1
18-07-2017-18:34:00:724 951157 951770 1
18-07-2017-18:34:00:760 951770 952383 1
18-07-2017-18:34:00:795 952383 952996 1
18-07-2017-18:34:00:835 952996 953609 1
18-07-2017-18:34:00:870 953609 954222 1
18-07-2017-18:34:00:917 954222 954835 1
18-07-2017-18:34:00:952 954835 955448 1
18-07-2017-18:34:00:987 955448 956061 1
18-07-2017-18:34:01:022 956061 956674 1
18-07-2017-18:34:01:068 956674 957287 1
18-07-2017-18:34:01:110 957287 957900 1
18-07-2017-18:34:01:137 957900 958513 1
18-07-2017-18:34:01:177 958513 959126 1
18-07-2017-18:34:01:221 959126 959739 1
18-07-2017-18:34:01:261 959739 960352 1
18-07-2017-18:34:01:297 960352 960965 1
18-07-2017-18:34:01:331 960965 961578 1
18-07-2017-18:34:01:378 961578 962191 1
18-07-2017-18:34:01:415 962191 962804 1
18-07-2017-18:34:01:455 962804 963417 1
18-07-2017-18:34:01:481 963417 964030 1
18-07-2017-18:34:01:528 964030 964643 1
18-07-2017-18:34:01:565 964643 965256 1
18-07-2017-18:34:01:602 965256 965869 1
18-07-2017-18:34:01:648 965869 966482 1
18-07-2017-18:34:01:680 966482 967095 1
18-07-2017-18:34:01:716 967095 967708 1
18-07-2017-18:34:01:750 967708 968321 1
18-07-2017-18:34:01:801 968321 968934 1
18-07-2017-18:34:01:831 968934 969547 1
18-07-2017-18:34:01:869 969547 970160 1
18-07-2017-18:34:01:902 970160 970773 1
18-07-2017-18:34:01:949 970773 971386 1
18-07-2017-18:34:01:985 971386 971999 1
18-07-2017-18:34:02:018 971999 972612 1
18-07-2017-18:34:02:066 972612 973225 1
18-07-2017-18:34:02:100 973225 973838 1
18-07-2017-18:34:02:136 973838 974451 1
18-07-2017-18:34:02:169 974451 975064 1
18-07-2017-18:34:02:218 975064 975677 1
18-07-2017-18:34:02:252 975677 976290 1
18-07-2017-18:34:02:287 976290 976903 1
18-07-2017-18:34:02:335 976903 977516 1
18-07-2017-18:34:02:368 977516 978129 1
18-07-2017-18:34:02:404 978129 978742 1
18-07-2017-18:34:02:439 978742 979355 1
18-07-2017-18:34:02:487 979355 979968 1
18-07-2017-18:34:02:520 979968 980581 1
18-07-2017-18:34:02:555 980581 981194 1
18-07-2017-18:34:02:603 981194 981807 1
18-07-2017-18:34:02:637 981807 982420 1
18-07-2017-18:34:02:672 982420 983033 1
18-07-2017-18:34:02:711 983033 983646 1
18-07-2017-18:34:02:755 983646 984259 1
18-07-2017-18:34:02:789 984259 984872 1
18-07-2017-18:34:02:825 984872 985485 1
18-07-2017-18:34:02:871 985485 986098 1
18-07-2017-18:34:02:987 986098 986711 1
18-07-2017-18:34:02:989 986711 987324 1
18-07-2017-18:34:02:989 987324 987937 1
18-07-2017-18:34:03:018 987937 988550 1
18-07-2017-18:34:03:062 988550 989163 1
18-07-2017-18:34:03:098 989163 989776 1
18-07-2017-18:34:03:133 989776 990389 1
18-07-2017-18:34:03:173 990389 991002 1
18-07-2017-18:34:03:220 991002 991615 1
18-07-2017-18:34:03:245 991615 992228 1
18-07-2017-18:34:03:295 992228 992841 1
18-07-2017-18:34:03:328 992841 993454 1
18-07-2017-18:34:03:361 993454 994067 1
18-07-2017-18:34:03:396 994067 994680 1
18-07-2017-18:34:03:445 994680 995293 1
18-07-2017-18:34:03:480 995293 995906 1
18-07-2017-18:34:03:513 995906 996519 1
18-07-2017-18:34:03:561 996519 997132 1
18-07-2017-18:34:03:595 997132 997745 1
18-07-2017-18:34:03:631 997745 998358 1
18-07-2017-18:34:03:664 998358 998971 1
18-07-2017-18:34:03:712 998971 999584 1
18-07-2017-18:34:03:747 999584 1000197 1
18-07-2017-18:34:03:782 1000197 1000810 1
18-07-2017-18:34:03:828 1000810 1001423 1
18-07-2017-18:34:03:863 1001423 1002036 1
18-07-2017-18:34:03:899 1002036 1002649 1
18-07-2017-18:34:03:933 1002649 1003262 1
18-07-2017-18:34:03:981 1003262 1003875 1
18-07-2017-18:34:04:015 1003875 1004488 1
18-07-2017-18:34:04:052 1004488 1005101 1
18-07-2017-18:34:04:096 1005101 1005714 1
18-07-2017-18:34:04:132 1005714 1006327 1
18-07-2017-18:34:04:172 1006327 1006940 1
18-07-2017-18:34:04:212 1006940 1007553 1
18-07-2017-18:34:04:247 1007553 1008166 1
18-07-2017-18:34:04:282 1008166 1008779 1
18-07-2017-18:34:04:316 1008779 1009392 1
18-07-2017-18:34:04:363 1009392 1010005 1
18-07-2017-18:34:04:398 1010005 1010618 1
18-07-2017-18:34:04:439 1010618 1011231 1
18-07-2017-18:34:04:480 1011231 1011844 1
18-07-2017-18:34:04:514 1011844 1012457 1
18-07-2017-18:34:04:549 1012457 1013070 1
18-07-2017-18:34:04:585 1013070 1013683 1
18-07-2017-18:34:04:631 1013683 1014296 1
18-07-2017-18:34:04:665 1014296 1014909 1
18-07-2017-18:34:04:702 1014909 1015522 1
18-07-2017-18:34:04:747 1015522 1016135 1
18-07-2017-18:34:04:783 1016135 1016748 1
18-07-2017-18:34:04:817 1016748 1017361 1
18-07-2017-18:34:04:861 1017361 1017974 1
18-07-2017-18:34:04:896 1017974 1018587 1
18-07-2017-18:34:04:931 1018587 1019200 1
18-07-2017-18:34:04:979 1019200 1019813 1
18-07-2017-18:34:05:012 1019813 1020426 1
18-07-2017-18:34:05:061 1020426 1021039 1
18-07-2017-18:34:05:084 1021039 1021652 1
18-07-2017-18:34:05:129 1021652 1022265 1
18-07-2017-18:34:05:166 1022265 1022878 1
18-07-2017-18:34:05:202 1022878 1023491 1
18-07-2017-18:34:05:247 1023491 1024104 1
18-07-2017-18:34:05:280 1024104 1024717 1
18-07-2017-18:34:05:316 1024717 1025330 1
18-07-2017-18:34:05:351 1025330 1025943 1
18-07-2017-18:34:05:400 1025943 1026556 1
18-07-2017-18:34:05:434 1026556 1027169 1
18-07-2017-18:34:05:470 1027169 1027782 1
18-07-2017-18:34:05:514 1027782 1028395 1
18-07-2017-18:34:05:550 1028395 1029008 1
18-07-2017-18:34:05:585 1029008 1029621 1
18-07-2017-18:34:05:627 1029621 1030234 1
18-07-2017-18:34:05:662 1030234 1030847 1
18-07-2017-18:34:05:697 1030847 1031460 1
18-07-2017-18:34:05:744 1031460 1032073 1
18-07-2017-18:34:05:780 1032073 1032686 1
18-07-2017-18:34:05:816 1032686 1033299 1
18-07-2017-18:34:05:850 1033299 1033912 1
18-07-2017-18:34:05:895 1033912 1034525 1
18-07-2017-18:34:05:931 1034525 1035138 1
18-07-2017-18:34:05:972 1035138 1035751 1
18-07-2017-18:34:06:014 1035751 1036364 1
18-07-2017-18:34:06:180 1036364 1036977 1
18-07-2017-18:34:06:183 1036977 1037590 1
18-07-2017-18:34:06:183 1037590 1038203 1
18-07-2017-18:34:06:183 1038203 1038816 1
18-07-2017-18:34:06:204 1038816 1039429 1
18-07-2017-18:34:06:239 1039429 1040042 1
18-07-2017-18:34:06:276 1040042 1040655 1
18-07-2017-18:34:06:309 1040655 1041268 1
18-07-2017-18:34:06:355 1041268 1041881 1
18-07-2017-18:34:06:390 1041881 1042494 1
18-07-2017-18:34:06:426 1042494 1043107 1
18-07-2017-18:34:06:469 1043107 1043720 1
18-07-2017-18:34:06:507 1043720 1044333 1
18-07-2017-18:34:06:541 1044333 1044946 1
18-07-2017-18:34:06:584 1044946 1045559 1
18-07-2017-18:34:06:620 1045559 1046172 1
18-07-2017-18:34:06:655 1046172 1046785 1
18-07-2017-18:34:06:705 1046785 1047398 1
18-07-2017-18:34:06:735 1047398 1048011 1
18-07-2017-18:34:06:770 1048011 1048624 1
18-07-2017-18:34:06:808 1048624 1049237 1
18-07-2017-18:34:06:847 1049237 1049850 1
18-07-2017-18:34:06:893 1049850 1050463 1
18-07-2017-18:34:06:928 1050463 1051076 1
18-07-2017-18:34:06:963 1051076 1051689 1
18-07-2017-18:34:06:998 1051689 1052302 1
18-07-2017-18:34:07:045 1052302 1052915 1
18-07-2017-18:34:07:079 1052915 1053528 1
18-07-2017-18:34:07:116 1053528 1054141 1
18-07-2017-18:34:07:163 1054141 1054754 1
18-07-2017-18:34:07:196 1054754 1055367 1
18-07-2017-18:34:07:231 1055367 1055980 1
18-07-2017-18:34:07:267 1055980 1056593 1
18-07-2017-18:34:07:314 1056593 1057206 1
18-07-2017-18:34:07:348 1057206 1057819 1
18-07-2017-18:34:07:383 1057819 1058432 1
18-07-2017-18:34:07:430 1058432 1059045 1
18-07-2017-18:34:07:465 1059045 1059658 1
18-07-2017-18:34:07:500 1059658 1060271 1
18-07-2017-18:34:07:535 1060271 1060884 1
18-07-2017-18:34:07:581 1060884 1061497 1
18-07-2017-18:34:07:616 1061497 1062110 1
18-07-2017-18:34:07:653 1062110 1062723 1
18-07-2017-18:34:07:700 1062723 1063336 1
18-07-2017-18:34:07:734 1063336 1063949 1
18-07-2017-18:34:07:769 1063949 1064562 1
18-07-2017-18:34:07:808 1064562 1065175 1
18-07-2017-18:34:07:848 1065175 1065788 1
18-07-2017-18:34:07:882 1065788 1066401 1
18-07-2017-18:34:07:918 1066401 1067014 1
18-07-2017-18:34:07:965 1067014 1067627 1
18-07-2017-18:34:08:000 1067627 1068240 1
18-07-2017-18:34:08:034 1068240 1068853 1
18-07-2017-18:34:08:080 1068853 1069466 1
18-07-2017-18:34:08:115 1069466 1070079 1
18-07-2017-18:34:08:150 1070079 1070692 1
18-07-2017-18:34:08:188 1070692 1071305 1
18-07-2017-18:34:08:232 1071305 1071918 1
18-07-2017-18:34:08:266 1071918 1072531 1
18-07-2017-18:34:08:302 1072531 1073144 1
18-07-2017-18:34:08:341 1073144 1073757 1
18-07-2017-18:34:08:389 1073757 1074370 1
18-07-2017-18:34:08:424 1074370 1074983 1
18-07-2017-18:34:08:461 1074983 1075596 1
18-07-2017-18:34:08:494 1075596 1076209 1
18-07-2017-18:34:08:539 1076209 1076822 1
18-07-2017-18:34:08:575 1076822 1077435 1
18-07-2017-18:34:08:609 1077435 1078048 1
18-07-2017-18:34:08:657 1078048 1078661 1
18-07-2017-18:34:08:692 1078661 1079274 1
18-07-2017-18:34:08:728 1079274 1079887 1
18-07-2017-18:34:08:761 1079887 1080500 1
18-07-2017-18:34:08:807 1080500 1081113 1
18-07-2017-18:34:08:849 1081113 1081726 1
18-07-2017-18:34:08:877 1081726 1082339 1
18-07-2017-18:34:09:033 1082339 1082952 1
18-07-2017-18:34:09:034 1082952 1083565 1
18-07-2017-18:34:09:034 1083565 1084178 1
18-07-2017-18:34:09:034 1084178 1084791 1
18-07-2017-18:34:09:077 1084791 1085404 1
18-07-2017-18:34:09:118 1085404 1086017 1
18-07-2017-18:34:09:159 1086017 1086630 1
18-07-2017-18:34:09:187 1086630 1087243 1
18-07-2017-18:34:09:222 1087243 1087856 1
18-07-2017-18:34:09:269 1087856 1088469 1
18-07-2017-18:34:09:303 1088469 1089082 1
18-07-2017-18:34:09:339 1089082 1089695 1
18-07-2017-18:34:09:374 1089695 1090308 1
18-07-2017-18:34:09:420 1090308 1090921 1
18-07-2017-18:34:09:456 1090921 1091534 1
18-07-2017-18:34:09:489 1091534 1092147 1
18-07-2017-18:34:09:529 1092147 1092760 1
18-07-2017-18:34:09:573 1092760 1093373 1
18-07-2017-18:34:09:610 1093373 1093986 1
18-07-2017-18:34:09:642 1093986 1094599 1
18-07-2017-18:34:09:689 1094599 1095212 1
18-07-2017-18:34:09:898 1095212 1095825 1
18-07-2017-18:34:09:901 1095825 1096438 1
18-07-2017-18:34:09:901 1096438 1097051 1
18-07-2017-18:34:09:901 1097051 1097664 1
18-07-2017-18:34:09:901 1097664 1098277 1
18-07-2017-18:34:09:910 1098277 1098890 1
18-07-2017-18:34:09:958 1098890 1099503 1
18-07-2017-18:34:09:992 1099503 1100116 1
18-07-2017-18:34:10:032 1100116 1100729 1
18-07-2017-18:34:10:074 1100729 1101342 1
18-07-2017-18:34:10:109 1101342 1101955 1
18-07-2017-18:34:10:145 1101955 1102568 1
18-07-2017-18:34:10:179 1102568 1103181 1
18-07-2017-18:34:10:225 1103181 1103794 1
18-07-2017-18:34:10:260 1103794 1104407 1
18-07-2017-18:34:10:295 1104407 1105020 1
18-07-2017-18:34:10:341 1105020 1105633 1
18-07-2017-18:34:10:377 1105633 1106246 1
18-07-2017-18:34:10:413 1106246 1106859 1
18-07-2017-18:34:10:446 1106859 1107472 1
18-07-2017-18:34:10:493 1107472 1108085 1
18-07-2017-18:34:10:528 1108085 1108698 1
18-07-2017-18:34:10:565 1108698 1109311 1
18-07-2017-18:34:10:611 1109311 1109924 1
18-07-2017-18:34:10:651 1109924 1110537 1
18-07-2017-18:34:10:681 1110537 1111150 1
18-07-2017-18:34:10:865 1111150 1111763 1
18-07-2017-18:34:10:866 1111763 1112376 1
18-07-2017-18:34:10:866 1112376 1112989 1
18-07-2017-18:34:10:866 1112989 1113602 1
18-07-2017-18:34:10:887 1113602 1114215 1
18-07-2017-18:34:10:912 1114215 1114828 1
18-07-2017-18:34:10:954 1114828 1115441 1
18-07-2017-18:34:10:990 1115441 1116054 1
18-07-2017-18:34:11:024 1116054 1116667 1
18-07-2017-18:34:11:059 1116667 1117280 1
18-07-2017-18:34:11:098 1117280 1117893 1
18-07-2017-18:34:11:137 1117893 1118506 1
18-07-2017-18:34:11:183 1118506 1119119 1
18-07-2017-18:34:11:219 1119119 1119732 1
18-07-2017-18:34:11:254 1119732 1120345 1
18-07-2017-18:34:11:299 1120345 1120958 1
18-07-2017-18:34:11:335 1120958 1121571 1
18-07-2017-18:34:11:369 1121571 1122184 1
18-07-2017-18:34:11:404 1122184 1122797 1
18-07-2017-18:34:11:452 1122797 1123410 1
18-07-2017-18:34:11:487 1123410 1124023 1
