18-07-2017-18:35:21:561 0 800 1
18-07-2017-18:35:21:610 800 1600 1
18-07-2017-18:35:21:662 1600 2376 1
18-07-2017-18:35:21:713 2376 3123 1
18-07-2017-18:35:21:750 3123 3870 1
18-07-2017-18:35:21:802 3870 4617 1
18-07-2017-18:35:21:853 4617 5364 1
18-07-2017-18:35:21:900 5364 6111 1
18-07-2017-18:35:21:940 6111 6858 1
18-07-2017-18:35:21:986 6858 7605 1
18-07-2017-18:35:22:034 7605 8352 1
18-07-2017-18:35:22:086 8352 9000 1
18-07-2017-18:35:22:117 9000 9648 1
18-07-2017-18:35:22:157 9648 10296 1
18-07-2017-18:35:22:203 10296 10944 1
18-07-2017-18:35:22:238 10944 11592 1
18-07-2017-18:35:22:286 11592 12240 1
18-07-2017-18:35:22:322 12240 12888 1
18-07-2017-18:35:22:361 12888 13536 1
18-07-2017-18:35:22:401 13536 14184 1
18-07-2017-18:35:22:443 14184 14832 1
18-07-2017-18:35:22:478 14832 15480 1
18-07-2017-18:35:22:526 15480 16128 1
18-07-2017-18:35:22:561 16128 16776 1
18-07-2017-18:35:22:606 16776 17424 1
18-07-2017-18:35:22:640 17424 18072 1
18-07-2017-18:35:22:689 18072 18720 1
18-07-2017-18:35:22:722 18720 19368 1
18-07-2017-18:35:22:762 19368 20016 1
18-07-2017-18:35:22:803 20016 20664 1
18-07-2017-18:35:22:848 20664 21312 1
18-07-2017-18:35:23:106 21312 21960 1
18-07-2017-18:35:23:107 21960 22608 1
18-07-2017-18:35:23:108 22608 23256 1
18-07-2017-18:35:23:108 23256 23904 1
18-07-2017-18:35:23:108 23904 24552 1
18-07-2017-18:35:23:108 24552 25200 1
18-07-2017-18:35:23:136 25200 25848 1
18-07-2017-18:35:23:171 25848 26496 1
18-07-2017-18:35:23:217 26496 27144 1
18-07-2017-18:35:23:254 27144 27792 1
18-07-2017-18:35:23:288 27792 28440 1
18-07-2017-18:35:23:346 28440 29088 1
18-07-2017-18:35:23:367 29088 29736 1
18-07-2017-18:35:23:416 29736 30384 1
18-07-2017-18:35:23:450 30384 31032 1
18-07-2017-18:35:23:497 31032 31680 1
18-07-2017-18:35:23:532 31680 32328 1
18-07-2017-18:35:23:572 32328 32976 1
18-07-2017-18:35:23:617 32976 33624 1
18-07-2017-18:35:23:662 33624 34272 1
18-07-2017-18:35:23:693 34272 34920 1
18-07-2017-18:35:23:740 34920 35568 1
18-07-2017-18:35:23:773 35568 36216 1
18-07-2017-18:35:23:819 36216 36864 1
18-07-2017-18:35:23:860 36864 37512 1
18-07-2017-18:35:23:912 37512 38160 1
18-07-2017-18:35:23:944 38160 38808 1
18-07-2017-18:35:23:983 38808 39456 1
18-07-2017-18:35:24:021 39456 40104 1
18-07-2017-18:35:24:060 40104 40752 1
18-07-2017-18:35:24:101 40752 41400 1
18-07-2017-18:35:24:152 41400 42048 1
18-07-2017-18:35:24:192 42048 42696 1
18-07-2017-18:35:24:231 42696 43344 1
18-07-2017-18:35:24:263 43344 43992 1
18-07-2017-18:35:24:299 43992 44640 1
18-07-2017-18:35:24:345 44640 45288 1
18-07-2017-18:35:24:381 45288 45936 1
18-07-2017-18:35:24:421 45936 46584 1
18-07-2017-18:35:24:469 46584 47232 1
18-07-2017-18:35:24:504 47232 47880 1
18-07-2017-18:35:24:554 47880 48528 1
18-07-2017-18:35:24:585 48528 49176 1
18-07-2017-18:35:24:624 49176 49824 1
18-07-2017-18:35:24:664 49824 50472 1
18-07-2017-18:35:24:714 50472 51120 1
18-07-2017-18:35:24:755 51120 51768 1
18-07-2017-18:35:24:791 51768 52416 1
18-07-2017-18:35:24:826 52416 53064 1
18-07-2017-18:35:24:872 53064 53712 1
18-07-2017-18:35:24:911 53712 54360 1
18-07-2017-18:35:24:950 54360 55008 1
18-07-2017-18:35:24:991 55008 55656 1
18-07-2017-18:35:25:034 55656 56304 1
18-07-2017-18:35:25:077 56304 56952 1
18-07-2017-18:35:25:117 56952 57600 1
18-07-2017-18:35:25:151 57600 58248 1
18-07-2017-18:35:25:192 58248 58896 1
18-07-2017-18:35:25:240 58896 59544 1
18-07-2017-18:35:25:278 59544 60192 1
18-07-2017-18:35:25:322 60192 60840 1
18-07-2017-18:35:25:355 60840 61488 1
18-07-2017-18:35:25:401 61488 62136 1
18-07-2017-18:35:25:437 62136 62784 1
18-07-2017-18:35:25:483 62784 63432 1
18-07-2017-18:35:25:518 63432 64080 1
18-07-2017-18:35:25:565 64080 64728 1
18-07-2017-18:35:25:601 64728 65376 1
18-07-2017-18:35:25:635 65376 66024 1
18-07-2017-18:35:25:682 66024 66672 1
18-07-2017-18:35:25:718 66672 67320 1
18-07-2017-18:35:25:764 67320 67968 1
18-07-2017-18:35:25:803 67968 68616 1
18-07-2017-18:35:25:846 68616 69264 1
18-07-2017-18:35:25:881 69264 69912 1
18-07-2017-18:35:25:934 69912 70560 1
18-07-2017-18:35:25:969 70560 71208 1
18-07-2017-18:35:26:009 71208 71856 1
18-07-2017-18:35:26:258 71856 72504 1
18-07-2017-18:35:26:260 72504 73152 1
18-07-2017-18:35:26:260 73152 73800 1
18-07-2017-18:35:26:260 73800 74448 1
18-07-2017-18:35:26:260 74448 75096 1
18-07-2017-18:35:26:260 75096 75744 1
18-07-2017-18:35:26:285 75744 76392 1
18-07-2017-18:35:26:332 76392 77040 1
18-07-2017-18:35:26:365 77040 77688 1
18-07-2017-18:35:26:413 77688 78336 1
18-07-2017-18:35:26:448 78336 78984 1
18-07-2017-18:35:26:494 78984 79632 1
18-07-2017-18:35:26:528 79632 80280 1
18-07-2017-18:35:26:576 80280 80928 1
18-07-2017-18:35:26:611 80928 81576 1
18-07-2017-18:35:26:657 81576 82224 1
18-07-2017-18:35:26:695 82224 82872 1
18-07-2017-18:35:26:738 82872 83520 1
18-07-2017-18:35:26:773 83520 84168 1
18-07-2017-18:35:26:816 84168 84816 1
18-07-2017-18:35:26:855 84816 85464 1
18-07-2017-18:35:26:901 85464 86112 1
18-07-2017-18:35:26:935 86112 86760 1
18-07-2017-18:35:26:983 86760 87408 1
18-07-2017-18:35:27:018 87408 88056 1
18-07-2017-18:35:27:065 88056 88704 1
18-07-2017-18:35:27:101 88704 89352 1
18-07-2017-18:35:27:133 89352 90000 1
18-07-2017-18:35:27:181 90000 90648 1
18-07-2017-18:35:27:216 90648 91296 1
18-07-2017-18:35:27:263 91296 91944 1
18-07-2017-18:35:27:296 91944 92592 1
18-07-2017-18:35:27:344 92592 93240 1
18-07-2017-18:35:27:379 93240 93888 1
18-07-2017-18:35:27:426 93888 94536 1
18-07-2017-18:35:27:461 94536 95184 1
18-07-2017-18:35:27:512 95184 95832 1
18-07-2017-18:35:27:543 95832 96480 1
18-07-2017-18:35:27:588 96480 97128 1
18-07-2017-18:35:27:623 97128 97776 1
18-07-2017-18:35:27:670 97776 98424 1
18-07-2017-18:35:27:706 98424 99072 1
18-07-2017-18:35:27:752 99072 99720 1
18-07-2017-18:35:27:787 99720 100368 1
18-07-2017-18:35:27:833 100368 101016 1
18-07-2017-18:35:27:869 101016 101664 1
18-07-2017-18:35:27:915 101664 102312 1
18-07-2017-18:35:27:949 102312 102960 1
18-07-2017-18:35:27:985 102960 103608 1
18-07-2017-18:35:28:032 103608 104256 1
18-07-2017-18:35:28:066 104256 104904 1
18-07-2017-18:35:28:112 104904 105552 1
18-07-2017-18:35:28:150 105552 106200 1
18-07-2017-18:35:28:195 106200 106848 1
18-07-2017-18:35:28:229 106848 107496 1
18-07-2017-18:35:28:275 107496 108144 1
18-07-2017-18:35:28:311 108144 108792 1
18-07-2017-18:35:28:358 108792 109440 1
18-07-2017-18:35:28:393 109440 110088 1
18-07-2017-18:35:28:439 110088 110736 1
18-07-2017-18:35:28:593 110736 111384 1
18-07-2017-18:35:28:594 111384 112032 1
18-07-2017-18:35:28:594 112032 112680 1
18-07-2017-18:35:28:599 112680 113328 1
18-07-2017-18:35:28:634 113328 113976 1
18-07-2017-18:35:28:682 113976 114624 1
18-07-2017-18:35:28:716 114624 115272 1
18-07-2017-18:35:28:764 115272 115920 1
18-07-2017-18:35:28:800 115920 116568 1
18-07-2017-18:35:28:845 116568 117216 1
18-07-2017-18:35:28:879 117216 117864 1
18-07-2017-18:35:28:925 117864 118512 1
18-07-2017-18:35:28:961 118512 119160 1
18-07-2017-18:35:29:008 119160 119808 1
18-07-2017-18:35:29:042 119808 120456 1
18-07-2017-18:35:29:078 120456 121104 1
18-07-2017-18:35:29:124 121104 121752 1
18-07-2017-18:35:29:164 121752 122400 1
18-07-2017-18:35:29:203 122400 123048 1
18-07-2017-18:35:29:248 123048 123696 1
18-07-2017-18:35:29:285 123696 124344 1
18-07-2017-18:35:29:335 124344 124992 1
18-07-2017-18:35:29:365 124992 125640 1
18-07-2017-18:35:29:413 125640 126288 1
18-07-2017-18:35:29:448 126288 126936 1
18-07-2017-18:35:29:494 126936 127584 1
18-07-2017-18:35:29:529 127584 128232 1
18-07-2017-18:35:29:565 128232 128880 1
18-07-2017-18:35:29:611 128880 129528 1
18-07-2017-18:35:29:646 129528 130176 1
18-07-2017-18:35:29:693 130176 130824 1
18-07-2017-18:35:29:727 130824 131472 1
18-07-2017-18:35:29:778 131472 132120 1
18-07-2017-18:35:29:809 132120 132768 1
18-07-2017-18:35:29:855 132768 133416 1
18-07-2017-18:35:29:896 133416 134064 1
18-07-2017-18:35:29:937 134064 134712 1
18-07-2017-18:35:29:977 134712 135360 1
18-07-2017-18:35:30:020 135360 136008 1
18-07-2017-18:35:30:056 136008 136656 1
18-07-2017-18:35:30:100 136656 137304 1
18-07-2017-18:35:30:137 137304 137952 1
18-07-2017-18:35:30:171 137952 138600 1
18-07-2017-18:35:30:217 138600 139248 1
18-07-2017-18:35:30:252 139248 139896 1
18-07-2017-18:35:30:299 139896 140544 1
18-07-2017-18:35:30:334 140544 141192 1
18-07-2017-18:35:30:385 141192 141840 1
18-07-2017-18:35:30:423 141840 142488 1
18-07-2017-18:35:30:458 142488 143136 1
18-07-2017-18:35:30:499 143136 143784 1
18-07-2017-18:35:30:545 143784 144432 1
18-07-2017-18:35:30:580 144432 145080 1
18-07-2017-18:35:30:626 145080 145728 1
18-07-2017-18:35:30:662 145728 146376 1
18-07-2017-18:35:30:707 146376 147024 1
18-07-2017-18:35:30:743 147024 147672 1
18-07-2017-18:35:30:789 147672 148320 1
18-07-2017-18:35:30:825 148320 148968 1
18-07-2017-18:35:30:859 148968 149616 1
18-07-2017-18:35:30:982 149616 150264 1
18-07-2017-18:35:30:983 150264 150912 1
18-07-2017-18:35:31:000 150912 151560 1
18-07-2017-18:35:31:022 151560 152208 1
18-07-2017-18:35:31:070 152208 152856 1
18-07-2017-18:35:31:105 152856 153504 1
18-07-2017-18:35:31:152 153504 154152 1
18-07-2017-18:35:31:186 154152 154800 1
18-07-2017-18:35:31:232 154800 155448 1
18-07-2017-18:35:31:267 155448 156096 1
18-07-2017-18:35:31:315 156096 156744 1
18-07-2017-18:35:31:350 156744 157392 1
18-07-2017-18:35:31:398 157392 158040 1
18-07-2017-18:35:31:430 158040 158688 1
18-07-2017-18:35:31:477 158688 159336 1
18-07-2017-18:35:31:509 159336 159984 1
18-07-2017-18:35:31:551 159984 160632 1
18-07-2017-18:35:31:598 160632 161280 1
18-07-2017-18:35:31:632 161280 161928 1
18-07-2017-18:35:31:680 161928 162576 1
18-07-2017-18:35:31:714 162576 163224 1
18-07-2017-18:35:31:762 163224 163872 1
18-07-2017-18:35:31:797 163872 164520 1
18-07-2017-18:35:31:843 164520 165168 1
18-07-2017-18:35:31:874 165168 165816 1
18-07-2017-18:35:31:921 165816 166464 1
18-07-2017-18:35:31:956 166464 167112 1
18-07-2017-18:35:32:003 167112 167760 1
18-07-2017-18:35:32:037 167760 168408 1
18-07-2017-18:35:32:083 168408 169056 1
18-07-2017-18:35:32:119 169056 169704 1
18-07-2017-18:35:32:165 169704 170352 1
18-07-2017-18:35:32:199 170352 171000 1
18-07-2017-18:35:32:247 171000 171648 1
18-07-2017-18:35:32:281 171648 172296 1
18-07-2017-18:35:32:329 172296 172944 1
18-07-2017-18:35:32:363 172944 173592 1
18-07-2017-18:35:32:403 173592 174240 1
18-07-2017-18:35:32:449 174240 174888 1
18-07-2017-18:35:32:485 174888 175536 1
18-07-2017-18:35:32:529 175536 176184 1
18-07-2017-18:35:32:567 176184 176832 1
18-07-2017-18:35:32:611 176832 177480 1
18-07-2017-18:35:32:646 177480 178128 1
18-07-2017-18:35:32:754 178128 178776 1
18-07-2017-18:35:32:755 178776 179424 1
18-07-2017-18:35:32:764 179424 180072 1
18-07-2017-18:35:32:810 180072 180720 1
18-07-2017-18:35:32:844 180720 181368 1
18-07-2017-18:35:32:891 181368 182016 1
18-07-2017-18:35:32:926 182016 182664 1
18-07-2017-18:35:32:970 182664 183312 1
18-07-2017-18:35:33:021 183312 183936 1
18-07-2017-18:35:33:047 183936 184560 1
18-07-2017-18:35:33:092 184560 185184 1
18-07-2017-18:35:33:127 185184 185808 1
18-07-2017-18:35:33:163 185808 186432 1
18-07-2017-18:35:33:210 186432 187056 1
18-07-2017-18:35:33:244 187056 187680 1
18-07-2017-18:35:33:285 187680 188304 1
18-07-2017-18:35:33:322 188304 188928 1
18-07-2017-18:35:33:367 188928 189552 1
18-07-2017-18:35:33:401 189552 190176 1
18-07-2017-18:35:33:436 190176 190800 1
18-07-2017-18:35:33:483 190800 191424 1
18-07-2017-18:35:33:521 191424 192048 1
18-07-2017-18:35:33:586 192048 192672 1
18-07-2017-18:35:33:600 192672 193296 1
18-07-2017-18:35:33:634 193296 193920 1
18-07-2017-18:35:33:676 193920 194544 1
18-07-2017-18:35:33:714 194544 195168 1
18-07-2017-18:35:33:747 195168 195792 1
18-07-2017-18:35:33:795 195792 196416 1
18-07-2017-18:35:33:830 196416 197040 1
18-07-2017-18:35:33:863 197040 197664 1
18-07-2017-18:35:33:911 197664 198288 1
18-07-2017-18:35:33:946 198288 198912 1
18-07-2017-18:35:33:980 198912 199536 1
18-07-2017-18:35:34:026 199536 200160 1
18-07-2017-18:35:34:062 200160 200784 1
18-07-2017-18:35:34:097 200784 201408 1
18-07-2017-18:35:34:144 201408 202032 1
18-07-2017-18:35:34:183 202032 202656 1
18-07-2017-18:35:34:214 202656 203280 1
18-07-2017-18:35:34:260 203280 203904 1
18-07-2017-18:35:34:296 203904 204528 1
18-07-2017-18:35:34:343 204528 205152 1
18-07-2017-18:35:34:379 205152 205776 1
18-07-2017-18:35:34:411 205776 206400 1
18-07-2017-18:35:34:459 206400 207024 1
18-07-2017-18:35:34:494 207024 207648 1
18-07-2017-18:35:34:536 207648 208272 1
18-07-2017-18:35:34:579 208272 208896 1
18-07-2017-18:35:34:610 208896 209520 1
18-07-2017-18:35:34:645 209520 210144 1
18-07-2017-18:35:34:693 210144 210768 1
18-07-2017-18:35:34:730 210768 211392 1
18-07-2017-18:35:34:779 211392 212016 1
18-07-2017-18:35:34:809 212016 212640 1
18-07-2017-18:35:34:847 212640 213264 1
18-07-2017-18:35:34:879 213264 213888 1
18-07-2017-18:35:34:927 213888 214512 1
18-07-2017-18:35:34:962 214512 215136 1
18-07-2017-18:35:34:996 215136 215760 1
18-07-2017-18:35:35:045 215760 216384 1
18-07-2017-18:35:35:081 216384 217008 1
18-07-2017-18:35:35:114 217008 217632 1
18-07-2017-18:35:35:160 217632 218256 1
18-07-2017-18:35:35:195 218256 218880 1
18-07-2017-18:35:35:232 218880 219504 1
18-07-2017-18:35:35:277 219504 220128 1
18-07-2017-18:35:35:313 220128 220752 1
18-07-2017-18:35:35:347 220752 221376 1
18-07-2017-18:35:35:394 221376 222000 1
18-07-2017-18:35:35:428 222000 222624 1
18-07-2017-18:35:35:464 222624 223248 1
18-07-2017-18:35:35:511 223248 223872 1
18-07-2017-18:35:35:545 223872 224496 1
18-07-2017-18:35:35:581 224496 225120 1
18-07-2017-18:35:35:629 225120 225744 1
18-07-2017-18:35:35:661 225744 226368 1
18-07-2017-18:35:35:697 226368 226992 1
18-07-2017-18:35:35:741 226992 227616 1
18-07-2017-18:35:35:775 227616 228240 1
18-07-2017-18:35:35:823 228240 228864 1
18-07-2017-18:35:35:857 228864 229488 1
18-07-2017-18:35:35:892 229488 230112 1
18-07-2017-18:35:35:939 230112 230736 1
18-07-2017-18:35:35:973 230736 231360 1
18-07-2017-18:35:36:009 231360 231984 1
18-07-2017-18:35:36:056 231984 232608 1
18-07-2017-18:35:36:145 232608 233232 1
18-07-2017-18:35:36:148 233232 233856 1
18-07-2017-18:35:36:163 233856 234480 1
18-07-2017-18:35:36:209 234480 235104 1
18-07-2017-18:35:36:246 235104 235728 1
18-07-2017-18:35:36:293 235728 236352 1
18-07-2017-18:35:36:326 236352 236976 1
18-07-2017-18:35:36:364 236976 237600 1
18-07-2017-18:35:36:408 237600 238224 1
18-07-2017-18:35:36:444 238224 238848 1
18-07-2017-18:35:36:482 238848 239472 1
18-07-2017-18:35:36:519 239472 240096 1
18-07-2017-18:35:36:554 240096 240720 1
18-07-2017-18:35:36:611 240720 241344 1
18-07-2017-18:35:36:636 241344 241968 1
18-07-2017-18:35:36:671 241968 242592 1
18-07-2017-18:35:36:717 242592 243216 1
18-07-2017-18:35:36:753 243216 243840 1
18-07-2017-18:35:36:788 243840 244464 1
18-07-2017-18:35:36:833 244464 245088 1
18-07-2017-18:35:36:872 245088 245712 1
18-07-2017-18:35:36:905 245712 246336 1
18-07-2017-18:35:36:955 246336 246960 1
18-07-2017-18:35:36:990 246960 247584 1
18-07-2017-18:35:37:030 247584 248208 1
18-07-2017-18:35:37:064 248208 248832 1
18-07-2017-18:35:37:099 248832 249456 1
18-07-2017-18:35:37:146 249456 250080 1
18-07-2017-18:35:37:181 250080 250704 1
18-07-2017-18:35:37:227 250704 251328 1
18-07-2017-18:35:37:262 251328 251952 1
18-07-2017-18:35:37:298 251952 252576 1
18-07-2017-18:35:37:344 252576 253200 1
18-07-2017-18:35:37:379 253200 253824 1
18-07-2017-18:35:37:415 253824 254448 1
18-07-2017-18:35:37:460 254448 255072 1
18-07-2017-18:35:37:496 255072 255696 1
18-07-2017-18:35:37:531 255696 256320 1
18-07-2017-18:35:37:582 256320 256944 1
18-07-2017-18:35:37:619 256944 257568 1
18-07-2017-18:35:37:654 257568 258192 1
18-07-2017-18:35:37:688 258192 258816 1
18-07-2017-18:35:37:734 258816 259440 1
18-07-2017-18:35:37:770 259440 260064 1
18-07-2017-18:35:37:804 260064 260688 1
18-07-2017-18:35:37:850 260688 261312 1
18-07-2017-18:35:37:885 261312 261936 1
18-07-2017-18:35:37:920 261936 262560 1
18-07-2017-18:35:37:968 262560 263184 1
18-07-2017-18:35:38:003 263184 263808 1
18-07-2017-18:35:38:039 263808 264432 1
18-07-2017-18:35:38:084 264432 265056 1
18-07-2017-18:35:38:118 265056 265680 1
18-07-2017-18:35:38:154 265680 266304 1
18-07-2017-18:35:38:201 266304 266928 1
18-07-2017-18:35:38:244 266928 267552 1
18-07-2017-18:35:38:278 267552 268176 1
18-07-2017-18:35:38:312 268176 268800 1
18-07-2017-18:35:38:348 268800 269424 1
18-07-2017-18:35:38:394 269424 270048 1
18-07-2017-18:35:38:429 270048 270672 1
18-07-2017-18:35:38:465 270672 271296 1
18-07-2017-18:35:38:512 271296 271920 1
18-07-2017-18:35:38:546 271920 272544 1
18-07-2017-18:35:38:592 272544 273168 1
18-07-2017-18:35:38:629 273168 273792 1
18-07-2017-18:35:38:663 273792 274416 1
18-07-2017-18:35:38:709 274416 275040 1
18-07-2017-18:35:38:750 275040 275664 1
18-07-2017-18:35:38:784 275664 276288 1
18-07-2017-18:35:38:824 276288 276912 1
18-07-2017-18:35:38:859 276912 277536 1
18-07-2017-18:35:38:906 277536 278160 1
18-07-2017-18:35:38:939 278160 278784 1
18-07-2017-18:35:38:975 278784 279408 1
18-07-2017-18:35:39:021 279408 280032 1
18-07-2017-18:35:39:058 280032 280656 1
18-07-2017-18:35:39:097 280656 281280 1
18-07-2017-18:35:39:131 281280 281904 1
18-07-2017-18:35:39:174 281904 282528 1
18-07-2017-18:35:39:211 282528 283152 1
18-07-2017-18:35:39:390 283152 283776 1
18-07-2017-18:35:39:391 283776 284400 1
18-07-2017-18:35:39:392 284400 285024 1
18-07-2017-18:35:39:392 285024 285648 1
18-07-2017-18:35:39:409 285648 286272 1
18-07-2017-18:35:39:451 286272 286896 1
18-07-2017-18:35:39:490 286896 287520 1
18-07-2017-18:35:39:529 287520 288144 1
18-07-2017-18:35:39:558 288144 288768 1
18-07-2017-18:35:39:605 288768 289392 1
18-07-2017-18:35:39:641 289392 290016 1
18-07-2017-18:35:39:676 290016 290640 1
18-07-2017-18:35:39:723 290640 291264 1
18-07-2017-18:35:39:757 291264 291888 1
18-07-2017-18:35:39:792 291888 292512 1
18-07-2017-18:35:39:835 292512 293136 1
18-07-2017-18:35:39:870 293136 293760 1
18-07-2017-18:35:39:916 293760 294384 1
18-07-2017-18:35:39:953 294384 295008 1
18-07-2017-18:35:39:988 295008 295632 1
18-07-2017-18:35:40:033 295632 296256 1
18-07-2017-18:35:40:070 296256 296880 1
18-07-2017-18:35:40:109 296880 297504 1
18-07-2017-18:35:40:150 297504 298128 1
18-07-2017-18:35:40:185 298128 298752 1
18-07-2017-18:35:40:221 298752 299376 1
18-07-2017-18:35:40:268 299376 300000 1
18-07-2017-18:35:40:309 300000 300624 1
18-07-2017-18:35:40:336 300624 301248 1
18-07-2017-18:35:40:386 301248 301872 1
18-07-2017-18:35:40:420 301872 302496 1
18-07-2017-18:35:40:454 302496 303120 1
18-07-2017-18:35:40:498 303120 303744 1
18-07-2017-18:35:40:535 303744 304368 1
18-07-2017-18:35:40:574 304368 304992 1
18-07-2017-18:35:40:611 304992 305616 1
18-07-2017-18:35:40:656 305616 306240 1
18-07-2017-18:35:40:694 306240 306864 1
18-07-2017-18:35:40:727 306864 307488 1
18-07-2017-18:35:40:778 307488 308112 1
18-07-2017-18:35:40:811 308112 308736 1
18-07-2017-18:35:40:842 308736 309360 1
18-07-2017-18:35:40:891 309360 309984 1
18-07-2017-18:35:40:924 309984 310608 1
18-07-2017-18:35:40:971 310608 311232 1
18-07-2017-18:35:41:007 311232 311856 1
18-07-2017-18:35:41:041 311856 312480 1
18-07-2017-18:35:41:089 312480 313104 1
18-07-2017-18:35:41:122 313104 313728 1
18-07-2017-18:35:41:160 313728 314352 1
18-07-2017-18:35:41:204 314352 314976 1
18-07-2017-18:35:41:239 314976 315600 1
18-07-2017-18:35:41:273 315600 316224 1
18-07-2017-18:35:41:320 316224 316848 1
18-07-2017-18:35:41:355 316848 317472 1
18-07-2017-18:35:41:390 317472 318096 1
18-07-2017-18:35:41:551 318096 318720 1
18-07-2017-18:35:41:552 318720 319344 1
18-07-2017-18:35:41:552 319344 319968 1
18-07-2017-18:35:41:552 319968 320592 1
18-07-2017-18:35:41:587 320592 321216 1
18-07-2017-18:35:41:636 321216 321840 1
18-07-2017-18:35:41:667 321840 322464 1
18-07-2017-18:35:41:713 322464 323088 1
18-07-2017-18:35:41:749 323088 323712 1
18-07-2017-18:35:41:782 323712 324336 1
18-07-2017-18:35:41:832 324336 324960 1
18-07-2017-18:35:41:864 324960 325584 1
18-07-2017-18:35:41:906 325584 326208 1
18-07-2017-18:35:41:941 326208 326832 1
18-07-2017-18:35:41:976 326832 327456 1
18-07-2017-18:35:42:021 327456 328080 1
18-07-2017-18:35:42:055 328080 328704 1
18-07-2017-18:35:42:090 328704 329328 1
18-07-2017-18:35:42:137 329328 329952 1
18-07-2017-18:35:42:177 329952 330576 1
18-07-2017-18:35:42:211 330576 331200 1
18-07-2017-18:35:42:258 331200 331824 1
18-07-2017-18:35:42:372 331824 332448 1
18-07-2017-18:35:42:374 332448 333072 1
18-07-2017-18:35:42:374 333072 333696 1
18-07-2017-18:35:42:408 333696 334320 1
18-07-2017-18:35:42:446 334320 334944 1
18-07-2017-18:35:42:491 334944 335568 1
18-07-2017-18:35:42:527 335568 336192 1
18-07-2017-18:35:42:561 336192 336816 1
18-07-2017-18:35:42:608 336816 337440 1
18-07-2017-18:35:42:647 337440 338064 1
18-07-2017-18:35:42:679 338064 338688 1
18-07-2017-18:35:42:725 338688 339312 1
18-07-2017-18:35:42:759 339312 339936 1
18-07-2017-18:35:42:803 339936 340560 1
18-07-2017-18:35:42:836 340560 341184 1
18-07-2017-18:35:42:872 341184 341808 1
18-07-2017-18:35:42:919 341808 342432 1
18-07-2017-18:35:42:954 342432 343056 1
18-07-2017-18:35:42:991 343056 343680 1
18-07-2017-18:35:43:035 343680 344304 1
18-07-2017-18:35:43:069 344304 344928 1
18-07-2017-18:35:43:116 344928 345552 1
18-07-2017-18:35:43:151 345552 346176 1
18-07-2017-18:35:43:189 346176 346800 1
18-07-2017-18:35:43:232 346800 347424 1
18-07-2017-18:35:43:269 347424 348048 1
18-07-2017-18:35:43:304 348048 348672 1
18-07-2017-18:35:43:349 348672 349296 1
18-07-2017-18:35:43:385 349296 349920 1
18-07-2017-18:35:43:421 349920 350544 1
18-07-2017-18:35:43:460 350544 351168 1
18-07-2017-18:35:43:581 351168 351792 1
18-07-2017-18:35:43:583 351792 352416 1
18-07-2017-18:35:43:583 352416 353040 1
18-07-2017-18:35:43:623 353040 353664 1
18-07-2017-18:35:43:658 353664 354288 1
18-07-2017-18:35:43:692 354288 354912 1
18-07-2017-18:35:43:732 354912 355536 1
18-07-2017-18:35:43:771 355536 356160 1
18-07-2017-18:35:43:817 356160 356784 1
18-07-2017-18:35:43:852 356784 357408 1
18-07-2017-18:35:43:886 357408 358032 1
18-07-2017-18:35:43:934 358032 358656 1
18-07-2017-18:35:43:969 358656 359280 1
18-07-2017-18:35:44:003 359280 359904 1
18-07-2017-18:35:44:050 359904 360528 1
18-07-2017-18:35:44:085 360528 361152 1
18-07-2017-18:35:44:120 361152 361776 1
18-07-2017-18:35:44:167 361776 362400 1
18-07-2017-18:35:44:201 362400 363024 1
18-07-2017-18:35:44:236 363024 363648 1
18-07-2017-18:35:44:283 363648 364272 1
18-07-2017-18:35:44:321 364272 364896 1
18-07-2017-18:35:44:353 364896 365520 1
18-07-2017-18:35:44:404 365520 366144 1
18-07-2017-18:35:44:444 366144 366768 1
18-07-2017-18:35:44:477 366768 367392 1
18-07-2017-18:35:44:512 367392 368016 1
18-07-2017-18:35:44:559 368016 368640 1
18-07-2017-18:35:44:595 368640 369264 1
18-07-2017-18:35:44:630 369264 369888 1
18-07-2017-18:35:44:675 369888 370512 1
18-07-2017-18:35:44:711 370512 371136 1
18-07-2017-18:35:44:746 371136 371760 1
18-07-2017-18:35:44:792 371760 372384 1
18-07-2017-18:35:44:828 372384 373008 1
18-07-2017-18:35:44:862 373008 373632 1
18-07-2017-18:35:44:906 373632 374256 1
18-07-2017-18:35:44:946 374256 374880 1
18-07-2017-18:35:44:988 374880 375504 1
18-07-2017-18:35:45:023 375504 376128 1
18-07-2017-18:35:45:058 376128 376752 1
18-07-2017-18:35:45:097 376752 377376 1
18-07-2017-18:35:45:150 377376 378000 1
18-07-2017-18:35:45:179 378000 378624 1
18-07-2017-18:35:45:213 378624 379248 1
18-07-2017-18:35:45:260 379248 379872 1
18-07-2017-18:35:45:295 379872 380496 1
18-07-2017-18:35:45:436 380496 381120 1
18-07-2017-18:35:45:437 381120 381744 1
18-07-2017-18:35:45:437 381744 382368 1
18-07-2017-18:35:45:446 382368 382992 1
18-07-2017-18:35:45:494 382992 383616 1
18-07-2017-18:35:45:533 383616 384240 1
18-07-2017-18:35:45:564 384240 384864 1
18-07-2017-18:35:45:611 384864 385488 1
18-07-2017-18:35:45:645 385488 386112 1
18-07-2017-18:35:45:679 386112 386736 1
18-07-2017-18:35:45:727 386736 387360 1
18-07-2017-18:35:45:761 387360 387984 1
18-07-2017-18:35:45:796 387984 388608 1
18-07-2017-18:35:45:843 388608 389232 1
18-07-2017-18:35:45:879 389232 389856 1
18-07-2017-18:35:45:914 389856 390480 1
18-07-2017-18:35:45:960 390480 391104 1
18-07-2017-18:35:45:994 391104 391728 1
18-07-2017-18:35:46:035 391728 392352 1
18-07-2017-18:35:46:075 392352 392976 1
18-07-2017-18:35:46:112 392976 393600 1
18-07-2017-18:35:46:155 393600 394224 1
18-07-2017-18:35:46:191 394224 394848 1
18-07-2017-18:35:46:225 394848 395472 1
18-07-2017-18:35:46:272 395472 396096 1
18-07-2017-18:35:46:306 396096 396720 1
18-07-2017-18:35:46:343 396720 397344 1
18-07-2017-18:35:46:389 397344 397968 1
18-07-2017-18:35:46:424 397968 398592 1
18-07-2017-18:35:46:458 398592 399216 1
18-07-2017-18:35:46:506 399216 399840 1
18-07-2017-18:35:46:540 399840 400464 1
18-07-2017-18:35:46:581 400464 401088 1
18-07-2017-18:35:46:614 401088 401712 1
18-07-2017-18:35:46:656 401712 402336 1
18-07-2017-18:35:46:696 402336 402960 1
18-07-2017-18:35:46:740 402960 403584 1
18-07-2017-18:35:46:776 403584 404208 1
18-07-2017-18:35:46:810 404208 404832 1
18-07-2017-18:35:46:859 404832 405456 1
18-07-2017-18:35:46:894 405456 406080 1
18-07-2017-18:35:46:931 406080 406704 1
18-07-2017-18:35:46:975 406704 407328 1
18-07-2017-18:35:47:009 407328 407952 1
18-07-2017-18:35:47:045 407952 408576 1
18-07-2017-18:35:47:090 408576 409200 1
18-07-2017-18:35:47:128 409200 409824 1
18-07-2017-18:35:47:176 409824 410448 1
18-07-2017-18:35:47:350 410448 411072 1
18-07-2017-18:35:47:352 411072 411696 1
18-07-2017-18:35:47:352 411696 412320 1
18-07-2017-18:35:47:352 412320 412944 1
18-07-2017-18:35:47:356 412944 413568 1
18-07-2017-18:35:47:404 413568 414192 1
18-07-2017-18:35:47:438 414192 414816 1
18-07-2017-18:35:47:473 414816 415440 1
18-07-2017-18:35:47:520 415440 416064 1
18-07-2017-18:35:47:554 416064 416688 1
18-07-2017-18:35:47:602 416688 417312 1
18-07-2017-18:35:47:636 417312 417936 1
18-07-2017-18:35:47:672 417936 418560 1
18-07-2017-18:35:47:717 418560 419184 1
18-07-2017-18:35:47:769 419184 419808 1
18-07-2017-18:35:47:797 419808 420432 1
18-07-2017-18:35:47:838 420432 421056 1
18-07-2017-18:35:47:866 421056 421680 1
18-07-2017-18:35:47:913 421680 422304 1
18-07-2017-18:35:47:948 422304 422928 1
18-07-2017-18:35:47:983 422928 423552 1
18-07-2017-18:35:48:029 423552 424176 1
18-07-2017-18:35:48:071 424176 424800 1
18-07-2017-18:35:48:103 424800 425424 1
18-07-2017-18:35:48:146 425424 426048 1
18-07-2017-18:35:48:183 426048 426672 1
18-07-2017-18:35:48:217 426672 427296 1
18-07-2017-18:35:48:263 427296 427920 1
18-07-2017-18:35:48:297 427920 428544 1
18-07-2017-18:35:48:335 428544 429168 1
18-07-2017-18:35:48:381 429168 429792 1
18-07-2017-18:35:48:415 429792 430416 1
18-07-2017-18:35:48:450 430416 431040 1
18-07-2017-18:35:48:496 431040 431664 1
18-07-2017-18:35:48:531 431664 432288 1
18-07-2017-18:35:48:570 432288 432912 1
18-07-2017-18:35:48:610 432912 433536 1
18-07-2017-18:35:48:652 433536 434160 1
18-07-2017-18:35:48:687 434160 434784 1
18-07-2017-18:35:48:722 434784 435408 1
18-07-2017-18:35:48:767 435408 436032 1
18-07-2017-18:35:48:802 436032 436656 1
18-07-2017-18:35:48:837 436656 437280 1
18-07-2017-18:35:48:884 437280 437904 1
18-07-2017-18:35:48:923 437904 438528 1
18-07-2017-18:35:49:027 438528 439152 1
18-07-2017-18:35:49:028 439152 439776 1
18-07-2017-18:35:49:037 439776 440400 1
18-07-2017-18:35:49:082 440400 441024 1
18-07-2017-18:35:49:118 441024 441648 1
18-07-2017-18:35:49:153 441648 442272 1
18-07-2017-18:35:49:200 442272 442896 1
18-07-2017-18:35:49:234 442896 443520 1
18-07-2017-18:35:49:272 443520 444144 1
18-07-2017-18:35:49:314 444144 444768 1
18-07-2017-18:35:49:349 444768 445392 1
18-07-2017-18:35:49:397 445392 446016 1
18-07-2017-18:35:49:430 446016 446640 1
18-07-2017-18:35:49:465 446640 447264 1
18-07-2017-18:35:49:512 447264 447888 1
18-07-2017-18:35:49:547 447888 448512 1
18-07-2017-18:35:49:582 448512 449136 1
18-07-2017-18:35:49:627 449136 449760 1
18-07-2017-18:35:49:660 449760 450384 1
18-07-2017-18:35:49:706 450384 451008 1
18-07-2017-18:35:49:742 451008 451632 1
18-07-2017-18:35:49:778 451632 452256 1
18-07-2017-18:35:49:824 452256 452880 1
18-07-2017-18:35:49:859 452880 453504 1
18-07-2017-18:35:49:894 453504 454128 1
18-07-2017-18:35:49:940 454128 454752 1
18-07-2017-18:35:49:976 454752 455376 1
18-07-2017-18:35:50:010 455376 456000 1
18-07-2017-18:35:50:057 456000 456624 1
18-07-2017-18:35:50:096 456624 457248 1
18-07-2017-18:35:50:129 457248 457872 1
18-07-2017-18:35:50:173 457872 458496 1
18-07-2017-18:35:50:208 458496 459120 1
18-07-2017-18:35:50:244 459120 459744 1
18-07-2017-18:35:50:290 459744 460368 1
18-07-2017-18:35:50:325 460368 460992 1
18-07-2017-18:35:50:359 460992 461616 1
18-07-2017-18:35:50:406 461616 462240 1
18-07-2017-18:35:50:442 462240 462864 1
18-07-2017-18:35:50:477 462864 463488 1
18-07-2017-18:35:50:522 463488 464112 1
18-07-2017-18:35:50:557 464112 464736 1
18-07-2017-18:35:50:602 464736 465360 1
18-07-2017-18:35:50:635 465360 465984 1
18-07-2017-18:35:50:682 465984 466608 1
18-07-2017-18:35:50:718 466608 467232 1
18-07-2017-18:35:50:753 467232 467856 1
18-07-2017-18:35:50:799 467856 468480 1
18-07-2017-18:35:50:835 468480 469104 1
18-07-2017-18:35:50:869 469104 469728 1
18-07-2017-18:35:50:916 469728 470352 1
18-07-2017-18:35:50:952 470352 470976 1
18-07-2017-18:35:50:985 470976 471600 1
18-07-2017-18:35:51:032 471600 472224 1
18-07-2017-18:35:51:068 472224 472848 1
18-07-2017-18:35:51:111 472848 473472 1
18-07-2017-18:35:51:141 473472 474096 1
18-07-2017-18:35:51:188 474096 474720 1
18-07-2017-18:35:51:222 474720 475344 1
18-07-2017-18:35:51:258 475344 475968 1
18-07-2017-18:35:51:305 475968 476592 1
18-07-2017-18:35:51:344 476592 477216 1
18-07-2017-18:35:51:375 477216 477840 1
18-07-2017-18:35:51:430 477840 478464 1
18-07-2017-18:35:51:456 478464 479088 1
18-07-2017-18:35:51:563 479088 479712 1
18-07-2017-18:35:51:564 479712 480336 1
18-07-2017-18:35:51:571 480336 480960 1
18-07-2017-18:35:51:616 480960 481584 1
18-07-2017-18:35:51:652 481584 482208 1
18-07-2017-18:35:51:686 482208 482832 1
18-07-2017-18:35:51:734 482832 483456 1
18-07-2017-18:35:51:769 483456 484080 1
18-07-2017-18:35:51:804 484080 484704 1
18-07-2017-18:35:51:850 484704 485328 1
18-07-2017-18:35:51:884 485328 485952 1
18-07-2017-18:35:51:921 485952 486576 1
18-07-2017-18:35:51:967 486576 487200 1
18-07-2017-18:35:52:002 487200 487824 1
18-07-2017-18:35:52:037 487824 488448 1
18-07-2017-18:35:52:084 488448 489072 1
18-07-2017-18:35:52:118 489072 489696 1
18-07-2017-18:35:52:155 489696 490320 1
18-07-2017-18:35:52:199 490320 490944 1
18-07-2017-18:35:52:234 490944 491568 1
18-07-2017-18:35:52:282 491568 492192 1
18-07-2017-18:35:52:316 492192 492816 1
18-07-2017-18:35:52:351 492816 493440 1
18-07-2017-18:35:52:399 493440 494064 1
18-07-2017-18:35:52:432 494064 494688 1
18-07-2017-18:35:52:473 494688 495312 1
18-07-2017-18:35:52:504 495312 495936 1
18-07-2017-18:35:52:552 495936 496560 1
18-07-2017-18:35:52:589 496560 497184 1
18-07-2017-18:35:52:624 497184 497808 1
18-07-2017-18:35:52:669 497808 498432 1
18-07-2017-18:35:52:705 498432 499056 1
18-07-2017-18:35:52:741 499056 499680 1
18-07-2017-18:35:52:786 499680 500304 1
18-07-2017-18:35:52:823 500304 500928 1
18-07-2017-18:35:52:856 500928 501552 1
18-07-2017-18:35:52:907 501552 502176 1
18-07-2017-18:35:52:939 502176 502800 1
18-07-2017-18:35:52:973 502800 503424 1
18-07-2017-18:35:53:065 503424 504048 1
18-07-2017-18:35:53:068 504048 504672 1
18-07-2017-18:35:53:096 504672 505296 1
18-07-2017-18:35:53:130 505296 505920 1
18-07-2017-18:35:53:176 505920 506544 1
18-07-2017-18:35:53:220 506544 507168 1
18-07-2017-18:35:53:247 507168 507792 1
18-07-2017-18:35:53:294 507792 508416 1
18-07-2017-18:35:53:335 508416 509040 1
18-07-2017-18:35:53:374 509040 509664 1
18-07-2017-18:35:53:405 509664 510288 1
18-07-2017-18:35:53:453 510288 510912 1
18-07-2017-18:35:53:486 510912 511536 1
18-07-2017-18:35:53:529 511536 512160 1
18-07-2017-18:35:53:560 512160 512784 1
18-07-2017-18:35:53:605 512784 513408 1
18-07-2017-18:35:53:641 513408 514032 1
18-07-2017-18:35:53:675 514032 514656 1
18-07-2017-18:35:53:723 514656 515280 1
18-07-2017-18:35:53:757 515280 515904 1
18-07-2017-18:35:53:792 515904 516528 1
18-07-2017-18:35:53:839 516528 517152 1
18-07-2017-18:35:53:874 517152 517776 1
18-07-2017-18:35:53:909 517776 518400 1
18-07-2017-18:35:53:955 518400 519024 1
18-07-2017-18:35:54:203 519024 519648 1
18-07-2017-18:35:54:204 519648 520272 1
18-07-2017-18:35:54:204 520272 520896 1
18-07-2017-18:35:54:204 520896 521520 1
18-07-2017-18:35:54:205 521520 522144 1
18-07-2017-18:35:54:206 522144 522768 1
18-07-2017-18:35:54:223 522768 523392 1
18-07-2017-18:35:54:259 523392 524016 1
18-07-2017-18:35:54:306 524016 524640 1
18-07-2017-18:35:54:342 524640 525264 1
18-07-2017-18:35:54:395 525264 525888 1
18-07-2017-18:35:54:422 525888 526512 1
18-07-2017-18:35:54:458 526512 527136 1
18-07-2017-18:35:54:504 527136 527760 1
18-07-2017-18:35:54:539 527760 528384 1
18-07-2017-18:35:54:574 528384 529008 1
18-07-2017-18:35:54:612 529008 529632 1
18-07-2017-18:35:54:659 529632 530256 1
18-07-2017-18:35:54:693 530256 530880 1
18-07-2017-18:35:54:728 530880 531504 1
18-07-2017-18:35:54:775 531504 532128 1
18-07-2017-18:35:54:810 532128 532752 1
18-07-2017-18:35:54:846 532752 533376 1
18-07-2017-18:35:54:896 533376 534000 1
18-07-2017-18:35:54:986 534000 534624 1
18-07-2017-18:35:54:987 534624 535248 1
18-07-2017-18:35:55:001 535248 535872 1
18-07-2017-18:35:55:047 535872 536496 1
18-07-2017-18:35:55:083 536496 537120 1
18-07-2017-18:35:55:117 537120 537744 1
18-07-2017-18:35:55:163 537744 538368 1
18-07-2017-18:35:55:198 538368 538992 1
18-07-2017-18:35:55:233 538992 539616 1
18-07-2017-18:35:55:280 539616 540240 1
18-07-2017-18:35:55:318 540240 540864 1
18-07-2017-18:35:55:362 540864 541488 1
18-07-2017-18:35:55:397 541488 542112 1
18-07-2017-18:35:55:432 542112 542736 1
18-07-2017-18:35:55:480 542736 543360 1
18-07-2017-18:35:55:513 543360 543984 1
18-07-2017-18:35:55:550 543984 544608 1
18-07-2017-18:35:55:595 544608 545232 1
18-07-2017-18:35:55:630 545232 545856 1
18-07-2017-18:35:55:666 545856 546480 1
18-07-2017-18:35:55:712 546480 547104 1
18-07-2017-18:35:55:746 547104 547728 1
18-07-2017-18:35:55:916 547728 548352 1
18-07-2017-18:35:55:917 548352 548976 1
18-07-2017-18:35:55:917 548976 549600 1
18-07-2017-18:35:55:917 549600 550224 1
18-07-2017-18:35:55:943 550224 550848 1
18-07-2017-18:35:55:978 550848 551472 1
18-07-2017-18:35:56:025 551472 552096 1
