18-07-2017-18:36:46:479 0 800 1
18-07-2017-18:36:46:531 800 1600 1
18-07-2017-18:36:46:582 1600 2400 1
18-07-2017-18:36:46:630 2400 3200 1
18-07-2017-18:36:46:676 3200 4000 1
18-07-2017-18:36:46:722 4000 4800 1
18-07-2017-18:36:46:775 4800 5552 1
18-07-2017-18:36:46:824 5552 6304 1
18-07-2017-18:36:46:876 6304 7056 1
18-07-2017-18:36:46:910 7056 7808 1
18-07-2017-18:36:46:956 7808 8560 1
18-07-2017-18:36:47:002 8560 9312 1
18-07-2017-18:36:47:049 9312 10064 1
18-07-2017-18:36:47:100 10064 10816 1
18-07-2017-18:36:47:147 10816 11568 1
18-07-2017-18:36:47:194 11568 12320 1
18-07-2017-18:36:47:240 12320 13072 1
18-07-2017-18:36:47:286 13072 13824 1
18-07-2017-18:36:47:334 13824 14576 1
18-07-2017-18:36:47:385 14576 15328 1
18-07-2017-18:36:47:433 15328 16080 1
18-07-2017-18:36:47:474 16080 16832 1
18-07-2017-18:36:47:520 16832 17584 1
18-07-2017-18:36:47:566 17584 18336 1
18-07-2017-18:36:47:618 18336 19086 1
18-07-2017-18:36:47:671 19086 19836 1
18-07-2017-18:36:47:713 19836 20586 1
18-07-2017-18:36:47:760 20586 21336 1
18-07-2017-18:36:47:811 21336 22086 1
18-07-2017-18:36:47:860 22086 22836 1
18-07-2017-18:36:47:911 22836 23586 1
18-07-2017-18:36:47:951 23586 24336 1
18-07-2017-18:36:47:998 24336 25086 1
18-07-2017-18:36:48:044 25086 25836 1
18-07-2017-18:36:48:090 25836 26586 1
18-07-2017-18:36:48:138 26586 27336 1
18-07-2017-18:36:48:177 27336 28086 1
18-07-2017-18:36:48:223 28086 28836 1
18-07-2017-18:36:48:270 28836 29586 1
18-07-2017-18:36:48:320 29586 30336 1
18-07-2017-18:36:48:365 30336 31086 1
18-07-2017-18:36:48:417 31086 31819 1
18-07-2017-18:36:48:455 31819 32552 1
18-07-2017-18:36:48:506 32552 33285 1
18-07-2017-18:36:48:553 33285 34018 1
18-07-2017-18:36:48:600 34018 34751 1
18-07-2017-18:36:48:641 34751 35484 1
18-07-2017-18:36:48:687 35484 36217 1
18-07-2017-18:36:48:733 36217 36950 1
18-07-2017-18:36:48:780 36950 37683 1
18-07-2017-18:36:48:828 37683 38416 1
18-07-2017-18:36:48:868 38416 39149 1
18-07-2017-18:36:48:914 39149 39882 1
18-07-2017-18:36:48:961 39882 40615 1
18-07-2017-18:36:49:007 40615 41348 1
18-07-2017-18:36:49:056 41348 42081 1
18-07-2017-18:36:49:102 42081 42814 1
18-07-2017-18:36:49:147 42814 43547 1
18-07-2017-18:36:49:194 43547 44280 1
18-07-2017-18:36:49:240 44280 45013 1
18-07-2017-18:36:49:288 45013 45746 1
18-07-2017-18:36:49:333 45746 46479 1
18-07-2017-18:36:49:381 46479 47212 1
18-07-2017-18:36:49:423 47212 47945 1
18-07-2017-18:36:49:469 47945 48678 1
18-07-2017-18:36:49:515 48678 49411 1
18-07-2017-18:36:49:792 49411 50144 1
18-07-2017-18:36:49:793 50144 50877 1
18-07-2017-18:36:49:793 50877 51610 1
18-07-2017-18:36:49:793 51610 52343 1
18-07-2017-18:36:49:794 52343 53076 1
18-07-2017-18:36:49:794 53076 53809 1
18-07-2017-18:36:49:829 53809 54542 1
18-07-2017-18:36:49:875 54542 55275 1
18-07-2017-18:36:49:927 55275 55950 1
18-07-2017-18:36:49:963 55950 56625 1
18-07-2017-18:36:50:012 56625 57300 1
18-07-2017-18:36:50:045 57300 57975 1
18-07-2017-18:36:50:091 57975 58650 1
18-07-2017-18:36:50:137 58650 59325 1
18-07-2017-18:36:50:175 59325 60000 1
18-07-2017-18:36:50:216 60000 60675 1
18-07-2017-18:36:50:262 60675 61350 1
18-07-2017-18:36:50:298 61350 62025 1
18-07-2017-18:36:50:343 62025 62700 1
18-07-2017-18:36:50:391 62700 63375 1
18-07-2017-18:36:50:427 63375 64050 1
18-07-2017-18:36:50:472 64050 64725 1
18-07-2017-18:36:50:520 64725 65400 1
18-07-2017-18:36:50:554 65400 66075 1
18-07-2017-18:36:50:606 66075 66750 1
18-07-2017-18:36:50:642 66750 67425 1
18-07-2017-18:36:50:677 67425 68100 1
18-07-2017-18:36:50:729 68100 68775 1
18-07-2017-18:36:50:765 68775 69450 1
18-07-2017-18:36:50:811 69450 70125 1
18-07-2017-18:36:50:847 70125 70800 1
18-07-2017-18:36:50:893 70800 71475 1
18-07-2017-18:36:50:938 71475 72150 1
18-07-2017-18:36:50:974 72150 72825 1
18-07-2017-18:36:51:020 72825 73500 1
18-07-2017-18:36:51:067 73500 74175 1
18-07-2017-18:36:51:103 74175 74850 1
18-07-2017-18:36:51:149 74850 75525 1
18-07-2017-18:36:51:184 75525 76200 1
18-07-2017-18:36:51:230 76200 76875 1
18-07-2017-18:36:51:277 76875 77550 1
18-07-2017-18:36:51:321 77550 78225 1
18-07-2017-18:36:51:355 78225 78900 1
18-07-2017-18:36:51:403 78900 79575 1
18-07-2017-18:36:51:438 79575 80250 1
18-07-2017-18:36:51:484 80250 80925 1
18-07-2017-18:36:51:531 80925 81600 1
18-07-2017-18:36:51:565 81600 82275 1
18-07-2017-18:36:51:613 82275 82950 1
18-07-2017-18:36:51:648 82950 83625 1
18-07-2017-18:36:51:693 83625 84300 1
18-07-2017-18:36:51:777 84300 84975 1
18-07-2017-18:36:51:778 84975 85650 1
18-07-2017-18:36:51:821 85650 86325 1
18-07-2017-18:36:51:868 86325 87000 1
18-07-2017-18:36:51:903 87000 87675 1
18-07-2017-18:36:51:950 87675 88350 1
18-07-2017-18:36:51:985 88350 89025 1
18-07-2017-18:36:52:033 89025 89700 1
18-07-2017-18:36:52:080 89700 90375 1
18-07-2017-18:36:52:114 90375 91050 1
18-07-2017-18:36:52:161 91050 91725 1
18-07-2017-18:36:52:196 91725 92400 1
18-07-2017-18:36:52:245 92400 93075 1
18-07-2017-18:36:52:290 93075 93750 1
18-07-2017-18:36:52:323 93750 94425 1
18-07-2017-18:36:52:370 94425 95100 1
18-07-2017-18:36:52:417 95100 95775 1
18-07-2017-18:36:52:453 95775 96450 1
18-07-2017-18:36:52:499 96450 97125 1
18-07-2017-18:36:52:534 97125 97800 1
18-07-2017-18:36:52:581 97800 98475 1
18-07-2017-18:36:52:627 98475 99150 1
18-07-2017-18:36:52:663 99150 99825 1
18-07-2017-18:36:52:708 99825 100500 1
18-07-2017-18:36:52:744 100500 101175 1
18-07-2017-18:36:52:794 101175 101850 1
18-07-2017-18:36:52:836 101850 102525 1
18-07-2017-18:36:52:881 102525 103200 1
18-07-2017-18:36:52:921 103200 103875 1
18-07-2017-18:36:52:956 103875 104550 1
18-07-2017-18:36:53:002 104550 105225 1
18-07-2017-18:36:53:048 105225 105900 1
18-07-2017-18:36:53:082 105900 106575 1
18-07-2017-18:36:53:131 106575 107250 1
18-07-2017-18:36:53:177 107250 107925 1
18-07-2017-18:36:53:212 107925 108600 1
18-07-2017-18:36:53:257 108600 109275 1
18-07-2017-18:36:53:293 109275 109950 1
18-07-2017-18:36:53:340 109950 110625 1
18-07-2017-18:36:53:388 110625 111300 1
18-07-2017-18:36:53:422 111300 111975 1
18-07-2017-18:36:53:468 111975 112650 1
18-07-2017-18:36:53:506 112650 113325 1
18-07-2017-18:36:53:558 113325 114000 1
18-07-2017-18:36:53:588 114000 114675 1
18-07-2017-18:36:53:638 114675 115350 1
18-07-2017-18:36:53:673 115350 116025 1
18-07-2017-18:36:53:722 116025 116700 1
18-07-2017-18:36:53:767 116700 117375 1
18-07-2017-18:36:53:804 117375 118050 1
18-07-2017-18:36:53:848 118050 118725 1
18-07-2017-18:36:53:889 118725 119400 1
18-07-2017-18:36:53:930 119400 120075 1
18-07-2017-18:36:53:977 120075 120750 1
18-07-2017-18:36:54:012 120750 121425 1
18-07-2017-18:36:54:059 121425 122100 1
18-07-2017-18:36:54:104 122100 122775 1
