21-07-2017-11:11:30:577 0 699 1
21-07-2017-11:11:30:614 699 1398 1
21-07-2017-11:11:30:666 1398 2097 1
21-07-2017-11:11:30:712 2097 2796 1
21-07-2017-11:11:30:747 2796 3495 1
21-07-2017-11:11:30:799 3495 4194 1
21-07-2017-11:11:30:835 4194 4893 1
21-07-2017-11:11:30:885 4893 5592 1
21-07-2017-11:11:30:924 5592 6291 1
21-07-2017-11:11:30:972 6291 6990 1
21-07-2017-11:11:31:011 6990 7689 1
21-07-2017-11:11:31:059 7689 8388 1
21-07-2017-11:11:31:105 8388 9087 1
21-07-2017-11:11:31:144 9087 9786 1
21-07-2017-11:11:31:196 9786 10485 1
21-07-2017-11:11:31:232 10485 11184 1
21-07-2017-11:11:31:277 11184 11883 1
21-07-2017-11:11:31:319 11883 12582 1
21-07-2017-11:11:31:365 12582 13281 1
21-07-2017-11:11:31:400 13281 13980 1
21-07-2017-11:11:31:452 13980 14679 1
21-07-2017-11:11:31:498 14679 15378 1
21-07-2017-11:11:31:537 15378 16077 1
21-07-2017-11:11:31:585 16077 16776 1
21-07-2017-11:11:31:618 16776 17475 1
21-07-2017-11:11:31:670 17475 18174 1
21-07-2017-11:11:31:705 18174 18873 1
21-07-2017-11:11:31:757 18873 19572 1
21-07-2017-11:11:31:793 19572 20271 1
21-07-2017-11:11:31:838 20271 20970 1
21-07-2017-11:11:31:886 20970 21669 1
21-07-2017-11:11:31:926 21669 22368 1
21-07-2017-11:11:31:971 22368 23067 1
21-07-2017-11:11:32:013 23067 23766 1
21-07-2017-11:11:32:059 23766 24465 1
21-07-2017-11:11:32:111 24465 25164 1
21-07-2017-11:11:32:146 25164 25863 1
21-07-2017-11:11:32:192 25863 26562 1
21-07-2017-11:11:32:233 26562 27261 1
21-07-2017-11:11:32:279 27261 27960 1
21-07-2017-11:11:32:325 27960 28659 1
21-07-2017-11:11:32:366 28659 29358 1
21-07-2017-11:11:32:412 29358 30057 1
21-07-2017-11:11:32:454 30057 30756 1
21-07-2017-11:11:32:499 30756 31455 1
21-07-2017-11:11:32:545 31455 32154 1
21-07-2017-11:11:32:587 32154 32853 1
21-07-2017-11:11:32:633 32853 33552 1
21-07-2017-11:11:32:672 33552 34251 1
21-07-2017-11:11:32:718 34251 34950 1
21-07-2017-11:11:32:766 34950 35649 1
21-07-2017-11:11:32:805 35649 36348 1
21-07-2017-11:11:32:851 36348 37047 1
21-07-2017-11:11:32:890 37047 37746 1
21-07-2017-11:11:32:938 37746 38445 1
21-07-2017-11:11:32:971 38445 39144 1
21-07-2017-11:11:33:023 39144 39843 1
21-07-2017-11:11:33:069 39843 40542 1
21-07-2017-11:11:33:109 40542 41241 1
21-07-2017-11:11:33:150 41241 41940 1
21-07-2017-11:11:33:196 41940 42639 1
21-07-2017-11:11:33:235 42639 43338 1
21-07-2017-11:11:33:283 43338 44037 1
21-07-2017-11:11:33:329 44037 44736 1
21-07-2017-11:11:33:369 44736 45435 1
21-07-2017-11:11:33:416 45435 46134 1
21-07-2017-11:11:33:456 46134 46833 1
21-07-2017-11:11:33:502 46833 47532 1
21-07-2017-11:11:33:549 47532 48231 1
21-07-2017-11:11:33:589 48231 48930 1
21-07-2017-11:11:33:635 48930 49629 1
21-07-2017-11:11:33:707 49629 50328 1
21-07-2017-11:11:33:722 50328 51027 1
21-07-2017-11:11:33:768 51027 51726 1
21-07-2017-11:11:33:809 51726 52425 1
21-07-2017-11:11:33:855 52425 53124 1
21-07-2017-11:11:33:896 53124 53823 1
21-07-2017-11:11:33:942 53823 54522 1
21-07-2017-11:11:33:987 54522 55221 1
21-07-2017-11:11:34:029 55221 55920 1
21-07-2017-11:11:34:075 55920 56619 1
21-07-2017-11:11:34:116 56619 57318 1
21-07-2017-11:11:34:162 57318 58017 1
21-07-2017-11:11:34:197 58017 58716 1
21-07-2017-11:11:34:247 58716 59415 1
21-07-2017-11:11:34:295 59415 60114 1
21-07-2017-11:11:34:334 60114 60813 1
21-07-2017-11:11:34:382 60813 61512 1
21-07-2017-11:11:34:415 61512 62211 1
21-07-2017-11:11:34:467 62211 62910 1
21-07-2017-11:11:34:502 62910 63609 1
21-07-2017-11:11:34:554 63609 64308 1
21-07-2017-11:11:34:591 64308 65007 1
21-07-2017-11:11:34:639 65007 65706 1
21-07-2017-11:11:34:678 65706 66405 1
21-07-2017-11:11:34:724 66405 67104 1
21-07-2017-11:11:34:766 67104 67803 1
21-07-2017-11:11:34:811 67803 68502 1
21-07-2017-11:11:34:859 68502 69201 1
21-07-2017-11:11:34:898 69201 69900 1
21-07-2017-11:11:34:944 69900 70599 1
21-07-2017-11:11:34:986 70599 71298 1
21-07-2017-11:11:35:031 71298 71997 1
21-07-2017-11:11:35:083 71997 72696 1
21-07-2017-11:11:35:116 72696 73395 1
21-07-2017-11:11:35:164 73395 74094 1
21-07-2017-11:11:35:204 74094 74793 1
21-07-2017-11:11:35:249 74793 75492 1
21-07-2017-11:11:35:301 75492 76191 1
21-07-2017-11:11:35:336 76191 76890 1
21-07-2017-11:11:35:382 76890 77589 1
21-07-2017-11:11:35:424 77589 78288 1
21-07-2017-11:11:35:470 78288 78987 1
21-07-2017-11:11:35:509 78987 79686 1
21-07-2017-11:11:35:557 79686 80385 1
21-07-2017-11:11:35:603 80385 81084 1
21-07-2017-11:11:35:642 81084 81783 1
21-07-2017-11:11:35:688 81783 82482 1
21-07-2017-11:11:35:740 82482 83181 1
21-07-2017-11:11:35:775 83181 83880 1
21-07-2017-11:11:35:821 83880 84579 1
21-07-2017-11:11:35:862 84579 85278 1
21-07-2017-11:11:35:908 85278 85977 1
21-07-2017-11:11:35:943 85977 86676 1
21-07-2017-11:11:35:995 86676 87375 1
21-07-2017-11:11:36:041 87375 88074 1
21-07-2017-11:11:36:087 88074 88773 1
21-07-2017-11:11:36:122 88773 89472 1
21-07-2017-11:11:36:168 89472 90171 1
21-07-2017-11:11:36:207 90171 90870 1
21-07-2017-11:11:36:255 90870 91569 1
21-07-2017-11:11:36:295 91569 92268 1
21-07-2017-11:11:36:340 92268 92967 1
21-07-2017-11:11:36:386 92967 93666 1
21-07-2017-11:11:36:425 93666 94365 1
21-07-2017-11:11:36:473 94365 95064 1
21-07-2017-11:11:36:513 95064 95763 1
21-07-2017-11:11:36:558 95763 96462 1
21-07-2017-11:11:36:606 96462 97161 1
21-07-2017-11:11:36:645 97161 97860 1
21-07-2017-11:11:36:691 97860 98559 1
21-07-2017-11:11:36:732 98559 99258 1
21-07-2017-11:11:36:778 99258 99957 1
21-07-2017-11:11:36:859 99957 100656 1
21-07-2017-11:11:36:866 100656 101355 1
21-07-2017-11:11:36:912 101355 102054 1
21-07-2017-11:11:36:951 102054 102753 1
21-07-2017-11:11:36:999 102753 103452 1
21-07-2017-11:11:37:051 103452 104151 1
21-07-2017-11:11:37:086 104151 104850 1
21-07-2017-11:11:37:132 104850 105549 1
21-07-2017-11:11:37:171 105549 106248 1
21-07-2017-11:11:37:219 106248 106947 1
21-07-2017-11:11:37:252 106947 107646 1
21-07-2017-11:11:37:304 107646 108345 1
21-07-2017-11:11:37:352 108345 109044 1
21-07-2017-11:11:37:391 109044 109743 1
21-07-2017-11:11:37:439 109743 110442 1
21-07-2017-11:11:37:472 110442 111141 1
21-07-2017-11:11:37:524 111141 111840 1
21-07-2017-11:11:37:559 111840 112539 1
21-07-2017-11:11:37:607 112539 113238 1
21-07-2017-11:11:37:653 113238 113937 1
21-07-2017-11:11:37:694 113937 114636 1
21-07-2017-11:11:37:740 114636 115335 1
21-07-2017-11:11:37:792 115335 116034 1
21-07-2017-11:11:37:827 116034 116733 1
21-07-2017-11:11:37:873 116733 117432 1
21-07-2017-11:11:37:914 117432 118131 1
21-07-2017-11:11:37:960 118131 118830 1
21-07-2017-11:11:38:000 118830 119529 1
21-07-2017-11:11:38:045 119529 120228 1
21-07-2017-11:11:38:097 120228 120927 1
21-07-2017-11:11:38:132 120927 121626 1
21-07-2017-11:11:38:178 121626 122325 1
21-07-2017-11:11:38:220 122325 123024 1
21-07-2017-11:11:38:265 123024 123723 1
21-07-2017-11:11:38:305 123723 124422 1
21-07-2017-11:11:38:353 124422 125121 1
21-07-2017-11:11:38:398 125121 125820 1
21-07-2017-11:11:38:438 125820 126519 1
21-07-2017-11:11:38:486 126519 127218 1
21-07-2017-11:11:38:525 127218 127917 1
21-07-2017-11:11:38:571 127917 128616 1
21-07-2017-11:11:38:623 128616 129315 1
21-07-2017-11:11:38:656 129315 130014 1
21-07-2017-11:11:38:704 130014 130713 1
21-07-2017-11:11:38:743 130713 131412 1
21-07-2017-11:11:38:789 131412 132111 1
21-07-2017-11:11:38:841 132111 132810 1
21-07-2017-11:11:38:876 132810 133509 1
21-07-2017-11:11:38:922 133509 134208 1
21-07-2017-11:11:38:962 134208 134907 1
21-07-2017-11:11:39:007 134907 135606 1
21-07-2017-11:11:39:059 135606 136305 1
21-07-2017-11:11:39:099 136305 137004 1
21-07-2017-11:11:39:134 137004 137703 1
21-07-2017-11:11:39:186 137703 138402 1
21-07-2017-11:11:39:219 138402 139101 1
21-07-2017-11:11:39:267 139101 139800 1
21-07-2017-11:11:39:307 139800 140499 1
21-07-2017-11:11:39:354 140499 141198 1
21-07-2017-11:11:39:404 141198 141897 1
21-07-2017-11:11:39:440 141897 142596 1
21-07-2017-11:11:39:485 142596 143295 1
21-07-2017-11:11:39:537 143295 143994 1
21-07-2017-11:11:39:573 143994 144693 1
21-07-2017-11:11:39:625 144693 145392 1
21-07-2017-11:11:39:658 145392 146091 1
21-07-2017-11:11:39:706 146091 146790 1
21-07-2017-11:11:39:745 146790 147489 1
21-07-2017-11:11:39:791 147489 148188 1
21-07-2017-11:11:39:843 148188 148887 1
21-07-2017-11:11:39:878 148887 149586 1
21-07-2017-11:11:39:924 149586 150285 1
21-07-2017-11:11:39:996 150285 150984 1
21-07-2017-11:11:40:011 150984 151683 1
21-07-2017-11:11:40:051 151683 152382 1
21-07-2017-11:11:40:096 152382 153081 1
21-07-2017-11:11:40:148 153081 153780 1
21-07-2017-11:11:40:184 153780 154479 1
21-07-2017-11:11:40:235 154479 155178 1
21-07-2017-11:11:40:271 155178 155877 1
21-07-2017-11:11:40:323 155877 156576 1
21-07-2017-11:11:40:356 156576 157275 1
21-07-2017-11:11:40:404 157275 157974 1
21-07-2017-11:11:40:443 157974 158673 1
21-07-2017-11:11:40:491 158673 159372 1
21-07-2017-11:11:40:541 159372 160071 1
21-07-2017-11:11:40:576 160071 160770 1
21-07-2017-11:11:40:628 160770 161469 1
21-07-2017-11:11:40:663 161469 162168 1
21-07-2017-11:11:40:715 162168 162867 1
21-07-2017-11:11:40:748 162867 163566 1
21-07-2017-11:11:40:796 163566 164265 1
21-07-2017-11:11:40:836 164265 164964 1
21-07-2017-11:11:40:881 164964 165663 1
21-07-2017-11:11:40:933 165663 166352 1
21-07-2017-11:11:40:969 166352 167041 1
21-07-2017-11:11:41:010 167041 167730 1
21-07-2017-11:11:41:056 167730 168419 1
21-07-2017-11:11:41:095 168419 169108 1
21-07-2017-11:11:41:143 169108 169797 1
21-07-2017-11:11:41:195 169797 170486 1
21-07-2017-11:11:41:230 170486 171175 1
21-07-2017-11:11:41:276 171175 171864 1
21-07-2017-11:11:41:316 171864 172553 1
21-07-2017-11:11:41:363 172553 173242 1
21-07-2017-11:11:41:403 173242 173931 1
21-07-2017-11:11:41:448 173931 174620 1
21-07-2017-11:11:41:490 174620 175309 1
21-07-2017-11:11:41:536 175309 175998 1
21-07-2017-11:11:41:571 175998 176687 1
21-07-2017-11:11:41:623 176687 177376 1
21-07-2017-11:11:41:658 177376 178065 1
21-07-2017-11:11:41:710 178065 178754 1
21-07-2017-11:11:41:743 178754 179443 1
21-07-2017-11:11:41:785 179443 180132 1
21-07-2017-11:11:41:831 180132 180821 1
21-07-2017-11:11:41:870 180821 181510 1
21-07-2017-11:11:41:916 181510 182199 1
21-07-2017-11:11:41:968 182199 182819 1
21-07-2017-11:11:41:993 182819 183439 1
21-07-2017-11:11:42:039 183439 184059 1
21-07-2017-11:11:42:078 184059 184679 1
21-07-2017-11:11:42:118 184679 185299 1
21-07-2017-11:11:42:157 185299 185919 1
21-07-2017-11:11:42:192 185919 186539 1
21-07-2017-11:11:42:226 186539 187159 1
21-07-2017-11:11:42:267 187159 187779 1
21-07-2017-11:11:42:303 187779 188399 1
21-07-2017-11:11:42:342 188399 189019 1
21-07-2017-11:11:42:388 189019 189639 1
21-07-2017-11:11:42:423 189639 190259 1
21-07-2017-11:11:42:463 190259 190879 1
21-07-2017-11:11:42:498 190879 191499 1
21-07-2017-11:11:42:538 191499 192119 1
21-07-2017-11:11:42:573 192119 192739 1
21-07-2017-11:11:42:625 192739 193359 1
21-07-2017-11:11:42:660 193359 193979 1
21-07-2017-11:11:42:694 193979 194599 1
21-07-2017-11:11:42:735 194599 195219 1
21-07-2017-11:11:42:769 195219 195839 1
21-07-2017-11:11:42:804 195839 196459 1
21-07-2017-11:11:42:844 196459 197079 1
21-07-2017-11:11:42:889 197079 197699 1
21-07-2017-11:11:42:931 197699 198319 1
21-07-2017-11:11:42:964 198319 198939 1
21-07-2017-11:11:43:000 198939 199559 1
21-07-2017-11:11:43:041 199559 200179 1
21-07-2017-11:11:43:087 200179 200799 1
21-07-2017-11:11:43:146 200799 201419 1
21-07-2017-11:11:43:162 201419 202039 1
21-07-2017-11:11:43:197 202039 202659 1
21-07-2017-11:11:43:236 202659 203279 1
21-07-2017-11:11:43:271 203279 203899 1
21-07-2017-11:11:43:313 203899 204519 1
21-07-2017-11:11:43:346 204519 205139 1
21-07-2017-11:11:43:394 205139 205759 1
21-07-2017-11:11:43:434 205759 206379 1
21-07-2017-11:11:43:469 206379 206999 1
21-07-2017-11:11:43:502 206999 207619 1
21-07-2017-11:11:43:544 207619 208239 1
21-07-2017-11:11:43:594 208239 208859 1
21-07-2017-11:11:43:635 208859 209479 1
21-07-2017-11:11:43:658 209479 210099 1
21-07-2017-11:11:43:704 210099 210719 1
21-07-2017-11:11:43:745 210719 211339 1
21-07-2017-11:11:43:779 211339 211959 1
21-07-2017-11:11:43:814 211959 212579 1
21-07-2017-11:11:43:855 212579 213199 1
21-07-2017-11:11:43:889 213199 213819 1
21-07-2017-11:11:43:937 213819 214439 1
21-07-2017-11:11:43:976 214439 215059 1
21-07-2017-11:11:44:011 215059 215679 1
21-07-2017-11:11:44:047 215679 216299 1
21-07-2017-11:11:44:086 216299 216919 1
21-07-2017-11:11:44:132 216919 217539 1
21-07-2017-11:11:44:167 217539 218159 1
21-07-2017-11:11:44:209 218159 218779 1
21-07-2017-11:11:44:242 218779 219399 1
21-07-2017-11:11:44:277 219399 220019 1
21-07-2017-11:11:44:317 220019 220639 1
21-07-2017-11:11:44:365 220639 221259 1
21-07-2017-11:11:44:404 221259 221879 1
21-07-2017-11:11:44:440 221879 222499 1
21-07-2017-11:11:44:473 222499 223119 1
21-07-2017-11:11:44:514 223119 223739 1
21-07-2017-11:11:44:550 223739 224359 1
21-07-2017-11:11:44:595 224359 224979 1
21-07-2017-11:11:44:635 224979 225599 1
21-07-2017-11:11:44:670 225599 226219 1
21-07-2017-11:11:44:705 226219 226839 1
21-07-2017-11:11:44:745 226839 227459 1
21-07-2017-11:11:44:793 227459 228079 1
21-07-2017-11:11:44:832 228079 228699 1
21-07-2017-11:11:44:867 228699 229319 1
21-07-2017-11:11:44:903 229319 229939 1
21-07-2017-11:11:44:942 229939 230559 1
21-07-2017-11:11:44:977 230559 231179 1
21-07-2017-11:11:45:023 231179 231799 1
21-07-2017-11:11:45:052 231799 232419 1
21-07-2017-11:11:45:098 232419 233039 1
21-07-2017-11:11:45:137 233039 233659 1
21-07-2017-11:11:45:173 233659 234279 1
21-07-2017-11:11:45:208 234279 234899 1
21-07-2017-11:11:45:247 234899 235519 1
21-07-2017-11:11:45:293 235519 236139 1
21-07-2017-11:11:45:329 236139 236759 1
21-07-2017-11:11:45:368 236759 237379 1
21-07-2017-11:11:45:403 237379 237999 1
21-07-2017-11:11:45:455 237999 238619 1
21-07-2017-11:11:45:478 238619 239239 1
21-07-2017-11:11:45:526 239239 239859 1
21-07-2017-11:11:45:565 239859 240479 1
21-07-2017-11:11:45:601 240479 241099 1
21-07-2017-11:11:45:636 241099 241719 1
21-07-2017-11:11:45:676 241719 242339 1
21-07-2017-11:11:45:721 242339 242959 1
21-07-2017-11:11:45:757 242959 243579 1
21-07-2017-11:11:45:798 243579 244199 1
21-07-2017-11:11:45:831 244199 244819 1
21-07-2017-11:11:45:867 244819 245439 1
21-07-2017-11:11:45:908 245439 246059 1
21-07-2017-11:11:45:954 246059 246679 1
21-07-2017-11:11:45:989 246679 247299 1
21-07-2017-11:11:46:029 247299 247919 1
21-07-2017-11:11:46:064 247919 248539 1
21-07-2017-11:11:46:097 248539 249159 1
21-07-2017-11:11:46:139 249159 249779 1
21-07-2017-11:11:46:185 249779 250399 1
21-07-2017-11:11:46:226 250399 251019 1
21-07-2017-11:11:46:289 251019 251639 1
21-07-2017-11:11:46:295 251639 252259 1
21-07-2017-11:11:46:335 252259 252879 1
21-07-2017-11:11:46:370 252879 253499 1
21-07-2017-11:11:46:416 253499 254119 1
21-07-2017-11:11:46:457 254119 254739 1
21-07-2017-11:11:46:493 254739 255359 1
21-07-2017-11:11:46:526 255359 255979 1
21-07-2017-11:11:46:567 255979 256599 1
21-07-2017-11:11:46:613 256599 257219 1
21-07-2017-11:11:46:648 257219 257839 1
21-07-2017-11:11:46:688 257839 258459 1
21-07-2017-11:11:46:723 258459 259079 1
21-07-2017-11:11:46:759 259079 259699 1
21-07-2017-11:11:46:798 259699 260319 1
21-07-2017-11:11:46:844 260319 260939 1
21-07-2017-11:11:46:883 260939 261559 1
21-07-2017-11:11:46:919 261559 262179 1
21-07-2017-11:11:46:952 262179 262799 1
21-07-2017-11:11:47:004 262799 263392 1
21-07-2017-11:11:47:029 263392 263985 1
21-07-2017-11:11:47:062 263985 264578 1
21-07-2017-11:11:47:114 264578 265152 1
21-07-2017-11:11:47:139 265152 265726 1
21-07-2017-11:11:47:172 265726 266300 1
21-07-2017-11:11:47:207 266300 266874 1
21-07-2017-11:11:47:249 266874 267448 1
21-07-2017-11:11:47:282 267448 268022 1
21-07-2017-11:11:47:318 268022 268596 1
21-07-2017-11:11:47:357 268596 269170 1
21-07-2017-11:11:47:392 269170 269744 1
21-07-2017-11:11:47:428 269744 270318 1
21-07-2017-11:11:47:467 270318 270892 1
21-07-2017-11:11:47:503 270892 271466 1
21-07-2017-11:11:47:538 271466 272040 1
21-07-2017-11:11:47:565 272040 272614 1
21-07-2017-11:11:47:601 272614 273188 1
21-07-2017-11:11:47:646 273188 273762 1
21-07-2017-11:11:47:675 273762 274336 1
21-07-2017-11:11:47:711 274336 274910 1
21-07-2017-11:11:47:744 274910 275484 1
21-07-2017-11:11:47:786 275484 276058 1
21-07-2017-11:11:47:820 276058 276632 1
21-07-2017-11:11:47:859 276632 277206 1
21-07-2017-11:11:47:895 277206 277780 1
21-07-2017-11:11:47:930 277780 278354 1
21-07-2017-11:11:47:970 278354 278928 1
21-07-2017-11:11:48:003 278928 279502 1
21-07-2017-11:11:48:038 279502 280076 1
21-07-2017-11:11:48:067 280076 280650 1
21-07-2017-11:11:48:107 280650 281224 1
21-07-2017-11:11:48:142 281224 281798 1
21-07-2017-11:11:48:177 281798 282372 1
21-07-2017-11:11:48:217 282372 282946 1
21-07-2017-11:11:48:250 282946 283520 1
21-07-2017-11:11:48:292 283520 284094 1
21-07-2017-11:11:48:327 284094 284668 1
21-07-2017-11:11:48:360 284668 285242 1
21-07-2017-11:11:48:389 285242 285816 1
21-07-2017-11:11:48:437 285816 286390 1
21-07-2017-11:11:48:470 286390 286964 1
21-07-2017-11:11:48:499 286964 287538 1
21-07-2017-11:11:48:535 287538 288112 1
21-07-2017-11:11:48:574 288112 288686 1
21-07-2017-11:11:48:610 288686 289260 1
21-07-2017-11:11:48:645 289260 289834 1
21-07-2017-11:11:48:684 289834 290408 1
21-07-2017-11:11:48:720 290408 290982 1
21-07-2017-11:11:48:753 290982 291556 1
21-07-2017-11:11:48:795 291556 292130 1
21-07-2017-11:11:48:828 292130 292704 1
21-07-2017-11:11:48:869 292704 293278 1
21-07-2017-11:11:48:892 293278 293852 1
21-07-2017-11:11:48:938 293852 294426 1
21-07-2017-11:11:48:967 294426 295000 1
21-07-2017-11:11:49:003 295000 295574 1
21-07-2017-11:11:49:038 295574 296148 1
21-07-2017-11:11:49:077 296148 296722 1
21-07-2017-11:11:49:111 296722 297296 1
21-07-2017-11:11:49:146 297296 297870 1
21-07-2017-11:11:49:185 297870 298444 1
21-07-2017-11:11:49:221 298444 299018 1
21-07-2017-11:11:49:262 299018 299592 1
21-07-2017-11:11:49:296 299592 300166 1
21-07-2017-11:11:49:331 300166 300740 1
21-07-2017-11:11:49:360 300740 301314 1
21-07-2017-11:11:49:427 301314 301888 1
21-07-2017-11:11:49:448 301888 302462 1
21-07-2017-11:11:49:469 302462 303036 1
21-07-2017-11:11:49:504 303036 303610 1
21-07-2017-11:11:49:546 303610 304184 1
21-07-2017-11:11:49:579 304184 304758 1
21-07-2017-11:11:49:620 304758 305332 1
21-07-2017-11:11:49:654 305332 305906 1
21-07-2017-11:11:49:683 305906 306480 1
21-07-2017-11:11:49:718 306480 307054 1
21-07-2017-11:11:49:754 307054 307628 1
21-07-2017-11:11:49:793 307628 308202 1
21-07-2017-11:11:49:826 308202 308776 1
21-07-2017-11:11:49:868 308776 309350 1
21-07-2017-11:11:49:903 309350 309924 1
21-07-2017-11:11:49:936 309924 310498 1
21-07-2017-11:11:49:978 310498 311072 1
21-07-2017-11:11:50:013 311072 311646 1
21-07-2017-11:11:50:046 311646 312220 1
21-07-2017-11:11:50:088 312220 312794 1
21-07-2017-11:11:50:121 312794 313368 1
21-07-2017-11:11:50:162 313368 313942 1
21-07-2017-11:11:50:185 313942 314516 1
21-07-2017-11:11:50:221 314516 315090 1
21-07-2017-11:11:50:260 315090 315664 1
21-07-2017-11:11:50:295 315664 316238 1
21-07-2017-11:11:50:331 316238 316812 1
21-07-2017-11:11:50:370 316812 317386 1
21-07-2017-11:11:50:405 317386 317960 1
21-07-2017-11:11:50:445 317960 318534 1
21-07-2017-11:11:50:480 318534 319108 1
21-07-2017-11:11:50:516 319108 319682 1
21-07-2017-11:11:50:545 319682 320256 1
21-07-2017-11:11:50:578 320256 320830 1
21-07-2017-11:11:50:613 320830 321404 1
21-07-2017-11:11:50:655 321404 321978 1
21-07-2017-11:11:50:688 321978 322552 1
21-07-2017-11:11:50:729 322552 323126 1
21-07-2017-11:11:50:765 323126 323700 1
21-07-2017-11:11:50:798 323700 324274 1
21-07-2017-11:11:50:840 324274 324848 1
21-07-2017-11:11:50:873 324848 325422 1
21-07-2017-11:11:50:915 325422 325996 1
21-07-2017-11:11:50:937 325996 326570 1
21-07-2017-11:11:50:983 326570 327144 1
21-07-2017-11:11:51:012 327144 327718 1
21-07-2017-11:11:51:046 327718 328292 1
21-07-2017-11:11:51:081 328292 328866 1
21-07-2017-11:11:51:127 328866 329440 1
21-07-2017-11:11:51:160 329440 330014 1
21-07-2017-11:11:51:195 330014 330588 1
21-07-2017-11:11:51:224 330588 331162 1
21-07-2017-11:11:51:270 331162 331736 1
21-07-2017-11:11:51:305 331736 332310 1
21-07-2017-11:11:51:335 332310 332884 1
21-07-2017-11:11:51:368 332884 333458 1
21-07-2017-11:11:51:403 333458 334032 1
21-07-2017-11:11:51:445 334032 334606 1
21-07-2017-11:11:51:478 334606 335180 1
21-07-2017-11:11:51:520 335180 335754 1
21-07-2017-11:11:51:553 335754 336328 1
21-07-2017-11:11:51:588 336328 336902 1
21-07-2017-11:11:51:630 336902 337476 1
21-07-2017-11:11:51:663 337476 338050 1
21-07-2017-11:11:51:698 338050 338624 1
21-07-2017-11:11:51:728 338624 339198 1
21-07-2017-11:11:51:763 339198 339772 1
21-07-2017-11:11:51:815 339772 340346 1
21-07-2017-11:11:51:838 340346 340920 1
21-07-2017-11:11:51:871 340920 341494 1
21-07-2017-11:11:51:912 341494 342068 1
21-07-2017-11:11:51:947 342068 342642 1
21-07-2017-11:11:51:982 342642 343216 1
21-07-2017-11:11:52:022 343216 343790 1
21-07-2017-11:11:52:057 343790 344364 1
21-07-2017-11:11:52:093 344364 344938 1
21-07-2017-11:11:52:120 344938 345512 1
21-07-2017-11:11:52:168 345512 346086 1
21-07-2017-11:11:52:195 346086 346660 1
21-07-2017-11:11:52:230 346660 347234 1
21-07-2017-11:11:52:265 347234 347808 1
21-07-2017-11:11:52:305 347808 348382 1
21-07-2017-11:11:52:340 348382 348956 1
21-07-2017-11:11:52:374 348956 349530 1
21-07-2017-11:11:52:415 349530 350104 1
21-07-2017-11:11:52:450 350104 350678 1
21-07-2017-11:11:52:490 350678 351252 1
21-07-2017-11:11:52:554 351252 351826 1
21-07-2017-11:11:52:559 351826 352400 1
21-07-2017-11:11:52:592 352400 352974 1
21-07-2017-11:11:52:626 352974 353548 1
21-07-2017-11:11:52:667 353548 354122 1
21-07-2017-11:11:52:700 354122 354696 1
21-07-2017-11:11:52:736 354696 355270 1
21-07-2017-11:11:52:777 355270 355844 1
21-07-2017-11:11:52:811 355844 356418 1
21-07-2017-11:11:52:852 356418 356992 1
21-07-2017-11:11:52:875 356992 357566 1
21-07-2017-11:11:52:921 357566 358140 1
21-07-2017-11:11:52:950 358140 358714 1
21-07-2017-11:11:52:985 358714 359288 1
21-07-2017-11:11:53:020 359288 359862 1
21-07-2017-11:11:53:060 359862 360436 1
21-07-2017-11:11:53:095 360436 361010 1
21-07-2017-11:11:53:135 361010 361584 1
21-07-2017-11:11:53:170 361584 362158 1
21-07-2017-11:11:53:205 362158 362732 1
21-07-2017-11:11:53:245 362732 363306 1
21-07-2017-11:11:53:278 363306 363880 1
21-07-2017-11:11:53:320 363880 364454 1
21-07-2017-11:11:53:343 364454 365028 1
21-07-2017-11:11:53:378 365028 365602 1
21-07-2017-11:11:53:411 365602 366176 1
21-07-2017-11:11:53:453 366176 366750 1
21-07-2017-11:11:53:486 366750 367324 1
21-07-2017-11:11:53:528 367324 367898 1
21-07-2017-11:11:53:561 367898 368472 1
21-07-2017-11:11:53:596 368472 369046 1
21-07-2017-11:11:53:636 369046 369620 1
21-07-2017-11:11:53:671 369620 370194 1
21-07-2017-11:11:53:713 370194 370768 1
21-07-2017-11:11:53:746 370768 371342 1
21-07-2017-11:11:53:781 371342 371916 1
21-07-2017-11:11:53:810 371916 372490 1
21-07-2017-11:11:53:846 372490 373064 1
21-07-2017-11:11:53:879 373064 373638 1
21-07-2017-11:11:53:921 373638 374212 1
21-07-2017-11:11:53:955 374212 374786 1
21-07-2017-11:11:53:990 374786 375360 1
21-07-2017-11:11:54:030 375360 375934 1
21-07-2017-11:11:54:065 375934 376508 1
21-07-2017-11:11:54:104 376508 377082 1
21-07-2017-11:11:54:131 377082 377656 1
21-07-2017-11:11:54:167 377656 378230 1
21-07-2017-11:11:54:202 378230 378804 1
21-07-2017-11:11:54:242 378804 379378 1
21-07-2017-11:11:54:277 379378 379952 1
21-07-2017-11:11:54:319 379952 380526 1
21-07-2017-11:11:54:352 380526 381100 1
21-07-2017-11:11:54:387 381100 381674 1
21-07-2017-11:11:54:427 381674 382248 1
21-07-2017-11:11:54:462 382248 382822 1
21-07-2017-11:11:54:497 382822 383396 1
21-07-2017-11:11:54:537 383396 383970 1
21-07-2017-11:11:54:560 383970 384544 1
21-07-2017-11:11:54:608 384544 385118 1
21-07-2017-11:11:54:647 385118 385692 1
21-07-2017-11:11:54:670 385692 386266 1
21-07-2017-11:11:54:705 386266 386840 1
21-07-2017-11:11:54:741 386840 387414 1
21-07-2017-11:11:54:780 387414 387988 1
21-07-2017-11:11:54:816 387988 388562 1
21-07-2017-11:11:54:851 388562 389136 1
21-07-2017-11:11:54:891 389136 389710 1
21-07-2017-11:11:54:924 389710 390284 1
21-07-2017-11:11:54:959 390284 390858 1
21-07-2017-11:11:55:000 390858 391432 1
21-07-2017-11:11:55:036 391432 392006 1
21-07-2017-11:11:55:069 392006 392580 1
21-07-2017-11:11:55:111 392580 393154 1
21-07-2017-11:11:55:144 393154 393728 1
21-07-2017-11:11:55:179 393728 394302 1
21-07-2017-11:11:55:219 394302 394876 1
21-07-2017-11:11:55:242 394876 395450 1
21-07-2017-11:11:55:289 395450 396024 1
21-07-2017-11:11:55:329 396024 396598 1
21-07-2017-11:11:55:352 396598 397172 1
21-07-2017-11:11:55:387 397172 397746 1
21-07-2017-11:11:55:423 397746 398320 1
21-07-2017-11:11:55:462 398320 398894 1
21-07-2017-11:11:55:496 398894 399468 1
21-07-2017-11:11:55:535 399468 400042 1
21-07-2017-11:11:55:570 400042 400616 1
21-07-2017-11:11:55:610 400616 401190 1
21-07-2017-11:11:55:676 401190 401764 1
21-07-2017-11:11:55:677 401764 402338 1
21-07-2017-11:11:55:708 402338 402912 1
21-07-2017-11:11:55:760 402912 403486 1
21-07-2017-11:11:55:783 403486 404060 1
21-07-2017-11:11:55:818 404060 404634 1
21-07-2017-11:11:55:859 404634 405208 1
21-07-2017-11:11:55:893 405208 405782 1
21-07-2017-11:11:55:928 405782 406356 1
21-07-2017-11:11:55:967 406356 406930 1
21-07-2017-11:11:56:003 406930 407504 1
21-07-2017-11:11:56:038 407504 408078 1
21-07-2017-11:11:56:077 408078 408652 1
21-07-2017-11:11:56:111 408652 409226 1
21-07-2017-11:11:56:152 409226 409800 1
21-07-2017-11:11:56:175 409800 410374 1
21-07-2017-11:11:56:221 410374 410948 1
21-07-2017-11:11:56:250 410948 411522 1
21-07-2017-11:11:56:285 411522 412096 1
21-07-2017-11:11:56:321 412096 412670 1
21-07-2017-11:11:56:360 412670 413244 1
21-07-2017-11:11:56:395 413244 413818 1
21-07-2017-11:11:56:429 413818 414392 1
21-07-2017-11:11:56:470 414392 414966 1
21-07-2017-11:11:56:504 414966 415540 1
21-07-2017-11:11:56:545 415540 416114 1
21-07-2017-11:11:56:580 416114 416688 1
21-07-2017-11:11:56:614 416688 417262 1
21-07-2017-11:11:56:643 417262 417836 1
21-07-2017-11:11:56:678 417836 418410 1
21-07-2017-11:11:56:714 418410 418984 1
21-07-2017-11:11:56:753 418984 419558 1
21-07-2017-11:11:56:788 419558 420132 1
21-07-2017-11:11:56:824 420132 420706 1
21-07-2017-11:11:56:863 420706 421280 1
21-07-2017-11:11:56:899 421280 421854 1
21-07-2017-11:11:56:938 421854 422428 1
21-07-2017-11:11:56:974 422428 423002 1
21-07-2017-11:11:57:007 423002 423576 1
21-07-2017-11:11:57:049 423576 424150 1
21-07-2017-11:11:57:071 424150 424724 1
21-07-2017-11:11:57:111 424724 425298 1
21-07-2017-11:11:57:146 425298 425872 1
21-07-2017-11:11:57:186 425872 426446 1
21-07-2017-11:11:57:221 426446 427020 1
21-07-2017-11:11:57:254 427020 427594 1
21-07-2017-11:11:57:296 427594 428168 1
21-07-2017-11:11:57:331 428168 428742 1
21-07-2017-11:11:57:365 428742 429316 1
21-07-2017-11:11:57:400 429316 429890 1
21-07-2017-11:11:57:442 429890 430464 1
21-07-2017-11:11:57:475 430464 431038 1
21-07-2017-11:11:57:510 431038 431612 1
21-07-2017-11:11:57:539 431612 432186 1
21-07-2017-11:11:57:575 432186 432760 1
21-07-2017-11:11:57:621 432760 433334 1
21-07-2017-11:11:57:656 433334 433908 1
21-07-2017-11:11:57:685 433908 434482 1
21-07-2017-11:11:57:718 434482 435056 1
21-07-2017-11:11:57:754 435056 435630 1
21-07-2017-11:11:57:795 435630 436204 1
21-07-2017-11:11:57:829 436204 436778 1
21-07-2017-11:11:57:864 436778 437352 1
21-07-2017-11:11:57:903 437352 437926 1
21-07-2017-11:11:57:939 437926 438500 1
21-07-2017-11:11:57:974 438500 439074 1
21-07-2017-11:11:58:014 439074 439648 1
21-07-2017-11:11:58:049 439648 440222 1
21-07-2017-11:11:58:084 440222 440796 1
21-07-2017-11:11:58:124 440796 441370 1
21-07-2017-11:11:58:159 441370 441944 1
21-07-2017-11:11:58:195 441944 442518 1
21-07-2017-11:11:58:234 442518 443092 1
21-07-2017-11:11:58:257 443092 443666 1
21-07-2017-11:11:58:292 443666 444240 1
21-07-2017-11:11:58:328 444240 444814 1
21-07-2017-11:11:58:367 444814 445388 1
21-07-2017-11:11:58:403 445388 445962 1
21-07-2017-11:11:58:436 445962 446536 1
21-07-2017-11:11:58:478 446536 447110 1
21-07-2017-11:11:58:513 447110 447684 1
21-07-2017-11:11:58:546 447684 448258 1
21-07-2017-11:11:58:588 448258 448832 1
21-07-2017-11:11:58:623 448832 449406 1
21-07-2017-11:11:58:657 449406 449980 1
21-07-2017-11:11:58:698 449980 450554 1
21-07-2017-11:11:58:732 450554 451128 1
21-07-2017-11:11:58:797 451128 451702 1
21-07-2017-11:11:58:808 451702 452276 1
21-07-2017-11:11:58:831 452276 452850 1
21-07-2017-11:11:58:866 452850 453424 1
21-07-2017-11:11:58:912 453424 453998 1
21-07-2017-11:11:58:941 453998 454572 1
21-07-2017-11:11:58:976 454572 455146 1
21-07-2017-11:11:59:009 455146 455720 1
21-07-2017-11:11:59:045 455720 456294 1
21-07-2017-11:11:59:084 456294 456868 1
21-07-2017-11:11:59:120 456868 457442 1
21-07-2017-11:11:59:155 457442 458016 1
21-07-2017-11:11:59:194 458016 458590 1
21-07-2017-11:11:59:230 458590 459164 1
21-07-2017-11:11:59:263 459164 459738 1
21-07-2017-11:11:59:298 459738 460312 1
21-07-2017-11:11:59:340 460312 460886 1
21-07-2017-11:11:59:373 460886 461460 1
21-07-2017-11:11:59:409 461460 462034 1
