21-07-2017-11:12:27:633 0 694 1
21-07-2017-11:12:27:677 694 1388 1
21-07-2017-11:12:27:722 1388 2082 1
21-07-2017-11:12:27:762 2082 2776 1
21-07-2017-11:12:27:803 2776 3470 1
21-07-2017-11:12:27:855 3470 4164 1
21-07-2017-11:12:27:891 4164 4858 1
21-07-2017-11:12:27:934 4858 5552 1
21-07-2017-11:12:27:974 5552 6246 1
21-07-2017-11:12:28:022 6246 6940 1
21-07-2017-11:12:28:067 6940 7634 1
21-07-2017-11:12:28:103 7634 8328 1
21-07-2017-11:12:28:151 8328 9022 1
21-07-2017-11:12:28:198 9022 9716 1
21-07-2017-11:12:28:238 9716 10410 1
21-07-2017-11:12:28:284 10410 11104 1
21-07-2017-11:12:28:319 11104 11798 1
21-07-2017-11:12:28:367 11798 12492 1
21-07-2017-11:12:28:406 12492 13186 1
21-07-2017-11:12:28:454 13186 13880 1
21-07-2017-11:12:28:500 13880 14574 1
21-07-2017-11:12:28:545 14574 15268 1
21-07-2017-11:12:28:587 15268 15962 1
21-07-2017-11:12:28:633 15962 16656 1
21-07-2017-11:12:28:672 16656 17350 1
21-07-2017-11:12:28:720 17350 18044 1
21-07-2017-11:12:28:753 18044 18738 1
21-07-2017-11:12:28:801 18738 19432 1
21-07-2017-11:12:28:847 19432 20126 1
21-07-2017-11:12:28:895 20126 20820 1
21-07-2017-11:12:28:930 20820 21514 1
21-07-2017-11:12:28:976 21514 22208 1
21-07-2017-11:12:29:017 22208 22902 1
21-07-2017-11:12:29:063 22902 23596 1
21-07-2017-11:12:29:104 23596 24290 1
21-07-2017-11:12:29:150 24290 24984 1
21-07-2017-11:12:29:196 24984 25678 1
21-07-2017-11:12:29:231 25678 26372 1
21-07-2017-11:12:29:279 26372 27066 1
21-07-2017-11:12:29:325 27066 27760 1
21-07-2017-11:12:29:366 27760 28454 1
21-07-2017-11:12:29:412 28454 29148 1
21-07-2017-11:12:29:447 29148 29842 1
21-07-2017-11:12:29:493 29842 30536 1
21-07-2017-11:12:29:539 30536 31230 1
21-07-2017-11:12:29:580 31230 31924 1
21-07-2017-11:12:29:626 31924 32618 1
21-07-2017-11:12:29:674 32618 33312 1
21-07-2017-11:12:29:709 33312 34006 1
21-07-2017-11:12:29:761 34006 34700 1
21-07-2017-11:12:29:794 34700 35394 1
21-07-2017-11:12:29:842 35394 36088 1
21-07-2017-11:12:29:888 36088 36782 1
21-07-2017-11:12:29:927 36782 37476 1
21-07-2017-11:12:29:973 37476 38170 1
21-07-2017-11:12:30:021 38170 38864 1
21-07-2017-11:12:30:054 38864 39558 1
21-07-2017-11:12:30:102 39558 40252 1
21-07-2017-11:12:30:141 40252 40946 1
21-07-2017-11:12:30:187 40946 41640 1
21-07-2017-11:12:30:235 41640 42334 1
21-07-2017-11:12:30:287 42334 43028 1
21-07-2017-11:12:30:320 43028 43722 1
21-07-2017-11:12:30:368 43722 44416 1
21-07-2017-11:12:30:403 44416 45110 1
21-07-2017-11:12:30:449 45110 45804 1
21-07-2017-11:12:30:495 45804 46498 1
21-07-2017-11:12:30:546 46498 47190 1
21-07-2017-11:12:30:583 47190 47882 1
21-07-2017-11:12:30:617 47882 48574 1
21-07-2017-11:12:30:664 48574 49266 1
21-07-2017-11:12:30:711 49266 49958 1
21-07-2017-11:12:30:790 49958 50650 1
21-07-2017-11:12:30:796 50650 51342 1
21-07-2017-11:12:30:842 51342 52034 1
21-07-2017-11:12:30:877 52034 52726 1
21-07-2017-11:12:30:925 52726 53418 1
21-07-2017-11:12:30:965 53418 54110 1
21-07-2017-11:12:31:010 54110 54802 1
21-07-2017-11:12:31:058 54802 55494 1
21-07-2017-11:12:31:104 55494 56186 1
21-07-2017-11:12:31:139 56186 56878 1
21-07-2017-11:12:31:191 56878 57570 1
21-07-2017-11:12:31:226 57570 58262 1
21-07-2017-11:12:31:272 58262 58954 1
21-07-2017-11:12:31:320 58954 59646 1
21-07-2017-11:12:31:353 59646 60338 1
21-07-2017-11:12:31:405 60338 61030 1
21-07-2017-11:12:31:440 61030 61722 1
21-07-2017-11:12:31:486 61722 62414 1
21-07-2017-11:12:31:534 62414 63106 1
21-07-2017-11:12:31:580 63106 63798 1
21-07-2017-11:12:31:619 63798 64490 1
21-07-2017-11:12:31:665 64490 65182 1
21-07-2017-11:12:31:706 65182 65874 1
21-07-2017-11:12:31:752 65874 66566 1
21-07-2017-11:12:31:787 66566 67258 1
21-07-2017-11:12:31:834 67258 67950 1
21-07-2017-11:12:31:880 67950 68642 1
21-07-2017-11:12:31:921 68642 69334 1
21-07-2017-11:12:31:967 69334 70026 1
21-07-2017-11:12:32:002 70026 70718 1
21-07-2017-11:12:32:048 70718 71410 1
21-07-2017-11:12:32:095 71410 72102 1
21-07-2017-11:12:32:135 72102 72794 1
21-07-2017-11:12:32:182 72794 73486 1
21-07-2017-11:12:32:229 73486 74178 1
21-07-2017-11:12:32:263 74178 74870 1
21-07-2017-11:12:32:314 74870 75562 1
21-07-2017-11:12:32:350 75562 76254 1
21-07-2017-11:12:32:395 76254 76946 1
21-07-2017-11:12:32:443 76946 77638 1
21-07-2017-11:12:32:476 77638 78330 1
21-07-2017-11:12:32:528 78330 78896 1
21-07-2017-11:12:32:553 78896 79462 1
21-07-2017-11:12:32:588 79462 80028 1
21-07-2017-11:12:32:621 80028 80594 1
21-07-2017-11:12:32:657 80594 81160 1
21-07-2017-11:12:32:692 81160 81726 1
21-07-2017-11:12:32:733 81726 82292 1
21-07-2017-11:12:32:768 82292 82858 1
21-07-2017-11:12:32:803 82858 83424 1
21-07-2017-11:12:32:836 83424 83990 1
21-07-2017-11:12:32:872 83990 84556 1
21-07-2017-11:12:32:907 84556 85122 1
21-07-2017-11:12:32:942 85122 85688 1
21-07-2017-11:12:32:982 85688 86254 1
21-07-2017-11:12:33:015 86254 86820 1
21-07-2017-11:12:33:050 86820 87386 1
21-07-2017-11:12:33:086 87386 87952 1
21-07-2017-11:12:33:121 87952 88518 1
21-07-2017-11:12:33:160 88518 89084 1
21-07-2017-11:12:33:195 89084 89650 1
21-07-2017-11:12:33:224 89650 90216 1
21-07-2017-11:12:33:259 90216 90782 1
21-07-2017-11:12:33:294 90782 91348 1
21-07-2017-11:12:33:328 91348 91914 1
21-07-2017-11:12:33:363 91914 92480 1
21-07-2017-11:12:33:402 92480 93046 1
21-07-2017-11:12:33:437 93046 93612 1
21-07-2017-11:12:33:473 93612 94178 1
21-07-2017-11:12:33:508 94178 94744 1
21-07-2017-11:12:33:543 94744 95310 1
21-07-2017-11:12:33:578 95310 95876 1
21-07-2017-11:12:33:617 95876 96442 1
21-07-2017-11:12:33:652 96442 97008 1
21-07-2017-11:12:33:687 97008 97574 1
21-07-2017-11:12:33:722 97574 98140 1
21-07-2017-11:12:33:757 98140 98706 1
21-07-2017-11:12:33:798 98706 99272 1
21-07-2017-11:12:33:833 99272 99838 1
21-07-2017-11:12:33:868 99838 100404 1
21-07-2017-11:12:33:929 100404 100970 1
21-07-2017-11:12:33:938 100970 101536 1
21-07-2017-11:12:33:972 101536 102102 1
21-07-2017-11:12:34:001 102102 102668 1
21-07-2017-11:12:34:036 102668 103234 1
21-07-2017-11:12:34:071 103234 103800 1
21-07-2017-11:12:34:104 103800 104366 1
21-07-2017-11:12:34:140 104366 104932 1
21-07-2017-11:12:34:187 104932 105498 1
21-07-2017-11:12:34:227 105498 106064 1
21-07-2017-11:12:34:250 106064 106630 1
21-07-2017-11:12:34:285 106630 107196 1
21-07-2017-11:12:34:320 107196 107762 1
21-07-2017-11:12:34:355 107762 108328 1
21-07-2017-11:12:34:391 108328 108894 1
21-07-2017-11:12:34:424 108894 109460 1
21-07-2017-11:12:34:465 109460 110026 1
21-07-2017-11:12:34:498 110026 110592 1
21-07-2017-11:12:34:534 110592 111158 1
21-07-2017-11:12:34:569 111158 111724 1
21-07-2017-11:12:34:604 111724 112290 1
21-07-2017-11:12:34:643 112290 112856 1
21-07-2017-11:12:34:679 112856 113422 1
21-07-2017-11:12:34:714 113422 113988 1
21-07-2017-11:12:34:753 113988 114554 1
21-07-2017-11:12:34:776 114554 115120 1
21-07-2017-11:12:34:824 115120 115686 1
21-07-2017-11:12:34:859 115686 116252 1
21-07-2017-11:12:34:894 116252 116818 1
21-07-2017-11:12:34:927 116818 117384 1
21-07-2017-11:12:34:956 117384 117950 1
21-07-2017-11:12:34:991 117950 118516 1
21-07-2017-11:12:35:026 118516 119082 1
21-07-2017-11:12:35:061 119082 119648 1
21-07-2017-11:12:35:096 119648 120214 1
21-07-2017-11:12:35:131 120214 120780 1
21-07-2017-11:12:35:170 120780 121346 1
21-07-2017-11:12:35:206 121346 121912 1
21-07-2017-11:12:35:241 121912 122478 1
21-07-2017-11:12:35:274 122478 123044 1
21-07-2017-11:12:35:309 123044 123610 1
21-07-2017-11:12:35:345 123610 124176 1
21-07-2017-11:12:35:384 124176 124742 1
21-07-2017-11:12:35:419 124742 125308 1
21-07-2017-11:12:35:455 125308 125874 1
21-07-2017-11:12:35:490 125874 126440 1
21-07-2017-11:12:35:525 126440 127006 1
21-07-2017-11:12:35:560 127006 127572 1
21-07-2017-11:12:35:599 127572 128138 1
21-07-2017-11:12:35:634 128138 128704 1
21-07-2017-11:12:35:669 128704 129270 1
21-07-2017-11:12:35:704 129270 129836 1
21-07-2017-11:12:35:739 129836 130402 1
21-07-2017-11:12:35:768 130402 130968 1
21-07-2017-11:12:35:803 130968 131534 1
21-07-2017-11:12:35:849 131534 132100 1
21-07-2017-11:12:35:884 132100 132666 1
21-07-2017-11:12:35:919 132666 133232 1
21-07-2017-11:12:35:948 133232 133798 1
21-07-2017-11:12:35:983 133798 134364 1
21-07-2017-11:12:36:018 134364 134930 1
21-07-2017-11:12:36:053 134930 135496 1
21-07-2017-11:12:36:088 135496 136062 1
21-07-2017-11:12:36:123 136062 136628 1
21-07-2017-11:12:36:162 136628 137194 1
21-07-2017-11:12:36:197 137194 137760 1
21-07-2017-11:12:36:239 137760 138326 1
21-07-2017-11:12:36:274 138326 138892 1
21-07-2017-11:12:36:307 138892 139458 1
21-07-2017-11:12:36:342 139458 140024 1
21-07-2017-11:12:36:377 140024 140590 1
21-07-2017-11:12:36:418 140590 141156 1
21-07-2017-11:12:36:441 141156 141722 1
21-07-2017-11:12:36:476 141722 142288 1
21-07-2017-11:12:36:511 142288 142854 1
21-07-2017-11:12:36:550 142854 143420 1
21-07-2017-11:12:36:585 143420 143986 1
21-07-2017-11:12:36:621 143986 144552 1
21-07-2017-11:12:36:656 144552 145118 1
21-07-2017-11:12:36:691 145118 145684 1
21-07-2017-11:12:36:730 145684 146250 1
21-07-2017-11:12:36:765 146250 146816 1
21-07-2017-11:12:36:800 146816 147382 1
21-07-2017-11:12:36:835 147382 147948 1
21-07-2017-11:12:36:870 147948 148514 1
21-07-2017-11:12:36:909 148514 149080 1
21-07-2017-11:12:36:945 149080 149646 1
21-07-2017-11:12:36:980 149646 150212 1
21-07-2017-11:12:37:015 150212 150778 1
21-07-2017-11:12:37:091 150778 151344 1
21-07-2017-11:12:37:092 151344 151910 1
21-07-2017-11:12:37:113 151910 152476 1
21-07-2017-11:12:37:148 152476 153042 1
21-07-2017-11:12:37:183 153042 153608 1
21-07-2017-11:12:37:217 153608 154174 1
21-07-2017-11:12:37:268 154174 154736 1
21-07-2017-11:12:37:293 154736 155298 1
21-07-2017-11:12:37:329 155298 155860 1
21-07-2017-11:12:37:362 155860 156422 1
21-07-2017-11:12:37:397 156422 156984 1
21-07-2017-11:12:37:433 156984 157546 1
21-07-2017-11:12:37:472 157546 158108 1
21-07-2017-11:12:37:507 158108 158670 1
21-07-2017-11:12:37:543 158670 159232 1
21-07-2017-11:12:37:578 159232 159794 1
21-07-2017-11:12:37:612 159794 160356 1
21-07-2017-11:12:37:651 160356 160918 1
21-07-2017-11:12:37:674 160918 161480 1
21-07-2017-11:12:37:715 161480 162042 1
21-07-2017-11:12:37:749 162042 162604 1
21-07-2017-11:12:37:784 162604 163166 1
21-07-2017-11:12:37:819 163166 163728 1
21-07-2017-11:12:37:855 163728 164290 1
21-07-2017-11:12:37:890 164290 164852 1
21-07-2017-11:12:37:930 164852 165414 1
21-07-2017-11:12:37:965 165414 165976 1
21-07-2017-11:12:38:000 165976 166538 1
21-07-2017-11:12:38:034 166538 167100 1
21-07-2017-11:12:38:069 167100 167662 1
21-07-2017-11:12:38:104 167662 168224 1
21-07-2017-11:12:38:140 168224 168786 1
21-07-2017-11:12:38:167 168786 169348 1
21-07-2017-11:12:38:202 169348 169910 1
21-07-2017-11:12:38:237 169910 170472 1
21-07-2017-11:12:38:273 170472 171034 1
21-07-2017-11:12:38:306 171034 171596 1
21-07-2017-11:12:38:341 171596 172158 1
21-07-2017-11:12:38:377 172158 172720 1
21-07-2017-11:12:38:416 172720 173282 1
21-07-2017-11:12:38:452 173282 173844 1
21-07-2017-11:12:38:487 173844 174406 1
21-07-2017-11:12:38:520 174406 174968 1
21-07-2017-11:12:38:556 174968 175530 1
21-07-2017-11:12:38:591 175530 176092 1
21-07-2017-11:12:38:626 176092 176654 1
21-07-2017-11:12:38:666 176654 177216 1
21-07-2017-11:12:38:701 177216 177778 1
21-07-2017-11:12:38:737 177778 178340 1
21-07-2017-11:12:38:772 178340 178902 1
21-07-2017-11:12:38:805 178902 179464 1
21-07-2017-11:12:38:841 179464 180026 1
21-07-2017-11:12:38:876 180026 180588 1
21-07-2017-11:12:38:916 180588 181150 1
21-07-2017-11:12:38:941 181150 181712 1
21-07-2017-11:12:38:974 181712 182274 1
21-07-2017-11:12:39:009 182274 182836 1
21-07-2017-11:12:39:045 182836 183398 1
21-07-2017-11:12:39:080 183398 183960 1
21-07-2017-11:12:39:113 183960 184522 1
21-07-2017-11:12:39:153 184522 185084 1
21-07-2017-11:12:39:186 185084 185646 1
21-07-2017-11:12:39:222 185646 186208 1
21-07-2017-11:12:39:257 186208 186770 1
21-07-2017-11:12:39:292 186770 187332 1
21-07-2017-11:12:39:328 187332 187894 1
21-07-2017-11:12:39:361 187894 188456 1
21-07-2017-11:12:39:396 188456 189018 1
21-07-2017-11:12:39:438 189018 189580 1
21-07-2017-11:12:39:473 189580 190142 1
21-07-2017-11:12:39:506 190142 190704 1
21-07-2017-11:12:39:542 190704 191266 1
21-07-2017-11:12:39:583 191266 191828 1
21-07-2017-11:12:39:616 191828 192390 1
21-07-2017-11:12:39:652 192390 192952 1
21-07-2017-11:12:39:687 192952 193514 1
21-07-2017-11:12:39:723 193514 194076 1
21-07-2017-11:12:39:756 194076 194638 1
21-07-2017-11:12:39:785 194638 195200 1
21-07-2017-11:12:39:821 195200 195762 1
