21-07-2017-11:12:46:221 0 694 1
21-07-2017-11:12:46:265 694 1388 1
21-07-2017-11:12:46:310 1388 2082 1
21-07-2017-11:12:46:352 2082 2776 1
21-07-2017-11:12:46:398 2776 3470 1
21-07-2017-11:12:46:437 3470 4164 1
21-07-2017-11:12:46:489 4164 4858 1
21-07-2017-11:12:46:524 4858 5552 1
21-07-2017-11:12:46:570 5552 6246 1
21-07-2017-11:12:46:605 6246 6940 1
21-07-2017-11:12:46:657 6940 7634 1
21-07-2017-11:12:46:692 7634 8328 1
21-07-2017-11:12:46:738 8328 9022 1
21-07-2017-11:12:46:785 9022 9716 1
21-07-2017-11:12:46:821 9716 10410 1
21-07-2017-11:12:46:866 10410 11104 1
21-07-2017-11:12:46:918 11104 11798 1
21-07-2017-11:12:46:953 11798 12492 1
21-07-2017-11:12:47:001 12492 13186 1
21-07-2017-11:12:47:047 13186 13880 1
21-07-2017-11:12:47:082 13880 14574 1
21-07-2017-11:12:47:134 14574 15268 1
21-07-2017-11:12:47:167 15268 15962 1
21-07-2017-11:12:47:215 15962 16656 1
21-07-2017-11:12:47:261 16656 17350 1
21-07-2017-11:12:47:308 17350 18044 1
21-07-2017-11:12:47:346 18044 18738 1
21-07-2017-11:12:47:393 18738 19432 1
21-07-2017-11:12:47:429 19432 20126 1
21-07-2017-11:12:47:478 20126 20820 1
21-07-2017-11:12:47:526 20820 21514 1
21-07-2017-11:12:47:559 21514 22208 1
21-07-2017-11:12:47:611 22208 22902 1
21-07-2017-11:12:47:647 22902 23596 1
21-07-2017-11:12:47:692 23596 24290 1
21-07-2017-11:12:47:740 24290 24984 1
21-07-2017-11:12:47:775 24984 25678 1
21-07-2017-11:12:47:821 25678 26372 1
21-07-2017-11:12:47:873 26372 27066 1
21-07-2017-11:12:47:908 27066 27760 1
21-07-2017-11:12:47:954 27760 28454 1
21-07-2017-11:12:48:000 28454 29148 1
21-07-2017-11:12:48:035 29148 29842 1
21-07-2017-11:12:48:083 29842 30536 1
21-07-2017-11:12:48:128 30536 31230 1
21-07-2017-11:12:48:180 31230 31924 1
21-07-2017-11:12:48:216 31924 32618 1
21-07-2017-11:12:48:262 32618 33312 1
21-07-2017-11:12:48:297 33312 34006 1
21-07-2017-11:12:48:343 34006 34700 1
21-07-2017-11:12:48:390 34700 35394 1
21-07-2017-11:12:48:436 35394 36088 1
21-07-2017-11:12:48:471 36088 36782 1
21-07-2017-11:12:48:523 36782 37476 1
21-07-2017-11:12:48:557 37476 38170 1
21-07-2017-11:12:48:604 38170 38864 1
21-07-2017-11:12:48:650 38864 39558 1
21-07-2017-11:12:48:685 39558 40252 1
21-07-2017-11:12:48:735 40252 40946 1
21-07-2017-11:12:48:783 40946 41640 1
21-07-2017-11:12:48:819 41640 42334 1
21-07-2017-11:12:48:871 42334 43028 1
21-07-2017-11:12:48:904 43028 43722 1
21-07-2017-11:12:48:952 43722 44416 1
21-07-2017-11:12:48:997 44416 45110 1
21-07-2017-11:12:49:039 45110 45804 1
21-07-2017-11:12:49:085 45804 46498 1
21-07-2017-11:12:49:120 46498 47192 1
21-07-2017-11:12:49:166 47192 47886 1
21-07-2017-11:12:49:214 47886 48580 1
21-07-2017-11:12:49:259 48580 49274 1
21-07-2017-11:12:49:295 49274 49968 1
21-07-2017-11:12:49:372 49968 50662 1
21-07-2017-11:12:49:381 50662 51356 1
21-07-2017-11:12:49:426 51356 52050 1
21-07-2017-11:12:49:474 52050 52744 1
21-07-2017-11:12:49:519 52744 53438 1
21-07-2017-11:12:49:559 53438 54132 1
21-07-2017-11:12:49:607 54132 54826 1
21-07-2017-11:12:49:642 54826 55520 1
21-07-2017-11:12:49:688 55520 56214 1
21-07-2017-11:12:49:727 56214 56908 1
21-07-2017-11:12:49:775 56908 57602 1
21-07-2017-11:12:49:820 57602 58296 1
21-07-2017-11:12:49:866 58296 58990 1
21-07-2017-11:12:49:907 58990 59684 1
21-07-2017-11:12:49:953 59684 60378 1
21-07-2017-11:12:49:988 60378 61072 1
21-07-2017-11:12:50:036 61072 61766 1
21-07-2017-11:12:50:086 61766 62460 1
21-07-2017-11:12:50:121 62460 63154 1
21-07-2017-11:12:50:169 63154 63848 1
21-07-2017-11:12:50:215 63848 64542 1
21-07-2017-11:12:50:254 64542 65236 1
21-07-2017-11:12:50:300 65236 65930 1
21-07-2017-11:12:50:336 65930 66624 1
21-07-2017-11:12:50:383 66624 67318 1
21-07-2017-11:12:50:435 67318 68012 1
21-07-2017-11:12:50:471 68012 68706 1
21-07-2017-11:12:50:516 68706 69400 1
21-07-2017-11:12:50:551 69400 70094 1
21-07-2017-11:12:50:603 70094 70788 1
21-07-2017-11:12:50:648 70788 71482 1
21-07-2017-11:12:50:683 71482 72176 1
21-07-2017-11:12:50:735 72176 72870 1
21-07-2017-11:12:50:770 72870 73564 1
21-07-2017-11:12:50:816 73564 74258 1
21-07-2017-11:12:50:864 74258 74952 1
21-07-2017-11:12:50:897 74952 75646 1
21-07-2017-11:12:50:948 75646 76294 1
21-07-2017-11:12:50:985 76294 76942 1
21-07-2017-11:12:51:018 76942 77590 1
21-07-2017-11:12:51:060 77590 78238 1
21-07-2017-11:12:51:107 78238 78886 1
21-07-2017-11:12:51:140 78886 79534 1
21-07-2017-11:12:51:188 79534 80182 1
21-07-2017-11:12:51:227 80182 80830 1
21-07-2017-11:12:51:262 80830 81478 1
21-07-2017-11:12:51:308 81478 82126 1
21-07-2017-11:12:51:349 82126 82774 1
21-07-2017-11:12:51:384 82774 83422 1
21-07-2017-11:12:51:430 83422 84070 1
21-07-2017-11:12:51:465 84070 84718 1
21-07-2017-11:12:51:513 84718 85366 1
21-07-2017-11:12:51:552 85366 86014 1
21-07-2017-11:12:51:587 86014 86662 1
21-07-2017-11:12:51:633 86662 87310 1
21-07-2017-11:12:51:668 87310 87958 1
21-07-2017-11:12:51:710 87958 88606 1
21-07-2017-11:12:51:759 88606 89254 1
21-07-2017-11:12:51:794 89254 89902 1
21-07-2017-11:12:51:829 89902 90550 1
21-07-2017-11:12:51:877 90550 91198 1
21-07-2017-11:12:51:916 91198 91846 1
21-07-2017-11:12:51:951 91846 92494 1
21-07-2017-11:12:51:997 92494 93142 1
21-07-2017-11:12:52:032 93142 93790 1
21-07-2017-11:12:52:080 93790 94438 1
21-07-2017-11:12:52:119 94438 95086 1
21-07-2017-11:12:52:155 95086 95734 1
21-07-2017-11:12:52:200 95734 96382 1
21-07-2017-11:12:52:235 96382 97030 1
21-07-2017-11:12:52:275 97030 97678 1
21-07-2017-11:12:52:322 97678 98326 1
21-07-2017-11:12:52:355 98326 98974 1
21-07-2017-11:12:52:403 98974 99622 1
21-07-2017-11:12:52:442 99622 100270 1
21-07-2017-11:12:52:506 100270 100918 1
21-07-2017-11:12:52:524 100918 101566 1
21-07-2017-11:12:52:559 101566 102214 1
21-07-2017-11:12:52:604 102214 102862 1
21-07-2017-11:12:52:640 102862 103510 1
21-07-2017-11:12:52:681 103510 104158 1
21-07-2017-11:12:52:727 104158 104806 1
21-07-2017-11:12:52:762 104806 105454 1
21-07-2017-11:12:52:808 105454 106102 1
21-07-2017-11:12:52:843 106102 106750 1
21-07-2017-11:12:52:895 106750 107398 1
21-07-2017-11:12:52:930 107398 108046 1
21-07-2017-11:12:52:966 108046 108694 1
21-07-2017-11:12:53:011 108694 109342 1
21-07-2017-11:12:53:046 109342 109990 1
21-07-2017-11:12:53:098 109990 110638 1
21-07-2017-11:12:53:133 110638 111286 1
21-07-2017-11:12:53:167 111286 111934 1
21-07-2017-11:12:53:214 111934 112582 1
21-07-2017-11:12:53:250 112582 113230 1
21-07-2017-11:12:53:295 113230 113878 1
21-07-2017-11:12:53:331 113878 114526 1
21-07-2017-11:12:53:376 114526 115174 1
21-07-2017-11:12:53:412 115174 115822 1
21-07-2017-11:12:53:459 115822 116470 1
21-07-2017-11:12:53:499 116470 117118 1
21-07-2017-11:12:53:534 117118 117766 1
21-07-2017-11:12:53:580 117766 118414 1
21-07-2017-11:12:53:615 118414 119062 1
21-07-2017-11:12:53:663 119062 119710 1
21-07-2017-11:12:53:702 119710 120358 1
21-07-2017-11:12:53:737 120358 121006 1
21-07-2017-11:12:53:783 121006 121654 1
21-07-2017-11:12:53:818 121654 122302 1
21-07-2017-11:12:53:866 122302 122950 1
21-07-2017-11:12:53:905 122950 123598 1
21-07-2017-11:12:53:941 123598 124246 1
21-07-2017-11:12:53:976 124246 124894 1
21-07-2017-11:12:54:021 124894 125542 1
21-07-2017-11:12:54:057 125542 126190 1
21-07-2017-11:12:54:104 126190 126838 1
21-07-2017-11:12:54:144 126838 127486 1
21-07-2017-11:12:54:179 127486 128134 1
21-07-2017-11:12:54:225 128134 128782 1
21-07-2017-11:12:54:260 128782 129430 1
21-07-2017-11:12:54:306 129430 130078 1
21-07-2017-11:12:54:341 130078 130726 1
21-07-2017-11:12:54:382 130726 131374 1
21-07-2017-11:12:54:428 131374 132022 1
21-07-2017-11:12:54:463 132022 132670 1
21-07-2017-11:12:54:509 132670 133318 1
21-07-2017-11:12:54:548 133318 133966 1
21-07-2017-11:12:54:583 133966 134614 1
21-07-2017-11:12:54:631 134614 135262 1
21-07-2017-11:12:54:666 135262 135910 1
21-07-2017-11:12:54:712 135910 136558 1
21-07-2017-11:12:54:749 136558 137206 1
21-07-2017-11:12:54:797 137206 137854 1
21-07-2017-11:12:54:832 137854 138502 1
21-07-2017-11:12:54:877 138502 139150 1
21-07-2017-11:12:54:919 139150 139798 1
21-07-2017-11:12:54:954 139798 140446 1
21-07-2017-11:12:54:987 140446 141094 1
21-07-2017-11:12:55:039 141094 141742 1
21-07-2017-11:12:55:074 141742 142390 1
21-07-2017-11:12:55:120 142390 143038 1
21-07-2017-11:12:55:155 143038 143686 1
21-07-2017-11:12:55:190 143686 144334 1
21-07-2017-11:12:55:242 144334 144982 1
21-07-2017-11:12:55:277 144982 145630 1
21-07-2017-11:12:55:323 145630 146278 1
21-07-2017-11:12:55:358 146278 146926 1
21-07-2017-11:12:55:394 146926 147574 1
21-07-2017-11:12:55:443 147574 148222 1
21-07-2017-11:12:55:479 148222 148870 1
21-07-2017-11:12:55:526 148870 149518 1
21-07-2017-11:12:55:559 149518 150166 1
21-07-2017-11:12:55:600 150166 150814 1
21-07-2017-11:12:55:678 150814 151462 1
21-07-2017-11:12:55:683 151462 152110 1
21-07-2017-11:12:55:722 152110 152758 1
21-07-2017-11:12:55:768 152758 153406 1
21-07-2017-11:12:55:803 153406 154054 1
21-07-2017-11:12:55:849 154054 154702 1
21-07-2017-11:12:55:884 154702 155350 1
21-07-2017-11:12:55:923 155350 155998 1
21-07-2017-11:12:55:971 155998 156646 1
21-07-2017-11:12:56:006 156646 157294 1
21-07-2017-11:12:56:052 157294 157942 1
21-07-2017-11:12:56:091 157942 158590 1
21-07-2017-11:12:56:127 158590 159238 1
21-07-2017-11:12:56:172 159238 159886 1
21-07-2017-11:12:56:207 159886 160534 1
21-07-2017-11:12:56:255 160534 161182 1
21-07-2017-11:12:56:290 161182 161830 1
21-07-2017-11:12:56:323 161830 162478 1
21-07-2017-11:12:56:375 162478 163126 1
21-07-2017-11:12:56:410 163126 163774 1
21-07-2017-11:12:56:457 163774 164422 1
21-07-2017-11:12:56:492 164422 165070 1
21-07-2017-11:12:56:532 165070 165718 1
21-07-2017-11:12:56:579 165718 166366 1
21-07-2017-11:12:56:614 166366 167014 1
21-07-2017-11:12:56:659 167014 167662 1
21-07-2017-11:12:56:694 167662 168310 1
21-07-2017-11:12:56:735 168310 168958 1
21-07-2017-11:12:56:781 168958 169606 1
21-07-2017-11:12:56:816 169606 170254 1
21-07-2017-11:12:56:851 170254 170902 1
21-07-2017-11:12:56:902 170902 171550 1
21-07-2017-11:12:56:937 171550 172198 1
21-07-2017-11:12:56:972 172198 172846 1
21-07-2017-11:12:57:020 172846 173494 1
21-07-2017-11:12:57:055 173494 174142 1
21-07-2017-11:12:57:094 174142 174790 1
21-07-2017-11:12:57:141 174790 175438 1
21-07-2017-11:12:57:176 175438 176086 1
21-07-2017-11:12:57:224 176086 176734 1
21-07-2017-11:12:57:257 176734 177382 1
21-07-2017-11:12:57:298 177382 178030 1
21-07-2017-11:12:57:343 178030 178678 1
21-07-2017-11:12:57:378 178678 179326 1
21-07-2017-11:12:57:426 179326 179974 1
21-07-2017-11:12:57:465 179974 180622 1
21-07-2017-11:12:57:500 180622 181270 1
21-07-2017-11:12:57:547 181270 181918 1
21-07-2017-11:12:57:582 181918 182566 1
21-07-2017-11:12:57:634 182566 183214 1
21-07-2017-11:12:57:669 183214 183862 1
21-07-2017-11:12:57:704 183862 184510 1
21-07-2017-11:12:57:749 184510 185158 1
21-07-2017-11:12:57:784 185158 185806 1
21-07-2017-11:12:57:832 185806 186454 1
21-07-2017-11:12:57:867 186454 187102 1
21-07-2017-11:12:57:906 187102 187750 1
21-07-2017-11:12:57:953 187750 188398 1
21-07-2017-11:12:57:988 188398 189046 1
21-07-2017-11:12:58:034 189046 189694 1
21-07-2017-11:12:58:075 189694 190342 1
21-07-2017-11:12:58:110 190342 190990 1
21-07-2017-11:12:58:155 190990 191638 1
21-07-2017-11:12:58:190 191638 192286 1
21-07-2017-11:12:58:238 192286 192934 1
21-07-2017-11:12:58:277 192934 193582 1
21-07-2017-11:12:58:312 193582 194230 1
21-07-2017-11:12:58:360 194230 194878 1
21-07-2017-11:12:58:395 194878 195526 1
21-07-2017-11:12:58:446 195526 196174 1
21-07-2017-11:12:58:479 196174 196822 1
21-07-2017-11:12:58:514 196822 197470 1
21-07-2017-11:12:58:562 197470 198118 1
21-07-2017-11:12:58:597 198118 198766 1
21-07-2017-11:12:58:636 198766 199414 1
21-07-2017-11:12:58:683 199414 200062 1
21-07-2017-11:12:58:716 200062 200710 1
21-07-2017-11:12:58:764 200710 201358 1
21-07-2017-11:12:58:842 201358 202006 1
21-07-2017-11:12:58:843 202006 202654 1
21-07-2017-11:12:58:884 202654 203302 1
21-07-2017-11:12:58:919 203302 203950 1
21-07-2017-11:12:58:967 203950 204598 1
21-07-2017-11:12:59:006 204598 205246 1
21-07-2017-11:12:59:041 205246 205894 1
21-07-2017-11:12:59:087 205894 206542 1
21-07-2017-11:12:59:122 206542 207190 1
21-07-2017-11:12:59:164 207190 207838 1
21-07-2017-11:12:59:209 207838 208486 1
21-07-2017-11:12:59:244 208486 209134 1
21-07-2017-11:12:59:292 209134 209782 1
21-07-2017-11:12:59:325 209782 210430 1
21-07-2017-11:12:59:367 210430 211078 1
21-07-2017-11:12:59:414 211078 211726 1
21-07-2017-11:12:59:447 211726 212374 1
21-07-2017-11:12:59:495 212374 213022 1
21-07-2017-11:12:59:534 213022 213670 1
21-07-2017-11:12:59:570 213670 214318 1
21-07-2017-11:12:59:618 214318 214966 1
