20-07-2017-13:41:49:422 0 672 1
20-07-2017-13:41:49:455 672 1344 1
20-07-2017-13:41:49:502 1344 2016 1
20-07-2017-13:41:49:542 2016 2688 1
20-07-2017-13:41:49:590 2688 3360 1
20-07-2017-13:41:49:630 3360 4032 1
20-07-2017-13:41:49:672 4032 4704 1
20-07-2017-13:41:49:715 4704 5376 1
20-07-2017-13:41:49:756 5376 6048 1
20-07-2017-13:41:49:796 6048 6720 1
20-07-2017-13:41:49:844 6720 7392 1
20-07-2017-13:41:49:871 7392 8064 1
20-07-2017-13:41:49:924 8064 8736 1
20-07-2017-13:41:49:972 8736 9408 1
20-07-2017-13:41:50:012 9408 10080 1
20-07-2017-13:41:50:054 10080 10752 1
20-07-2017-13:41:50:083 10752 11424 1
20-07-2017-13:41:50:136 11424 12096 1
20-07-2017-13:41:50:181 12096 12768 1
20-07-2017-13:41:50:209 12768 13440 1
20-07-2017-13:41:50:251 13440 14112 1
20-07-2017-13:41:50:302 14112 14784 1
20-07-2017-13:41:50:350 14784 15456 1
20-07-2017-13:41:50:379 15456 16128 1
20-07-2017-13:41:50:419 16128 16800 1
20-07-2017-13:41:50:460 16800 17472 1
20-07-2017-13:41:50:511 17472 18128 1
20-07-2017-13:41:50:547 18128 18784 1
20-07-2017-13:41:50:588 18784 19440 1
20-07-2017-13:41:50:629 19440 20096 1
20-07-2017-13:41:50:675 20096 20752 1
20-07-2017-13:41:50:716 20752 21408 1
20-07-2017-13:41:50:762 21408 22064 1
20-07-2017-13:41:50:803 22064 22720 1
20-07-2017-13:41:50:833 22720 23376 1
20-07-2017-13:41:50:873 23376 24032 1
20-07-2017-13:41:50:915 24032 24688 1
20-07-2017-13:41:50:961 24688 25344 1
20-07-2017-13:41:51:001 25344 26000 1
20-07-2017-13:41:51:042 26000 26656 1
20-07-2017-13:41:51:083 26656 27312 1
20-07-2017-13:41:51:129 27312 27968 1
20-07-2017-13:41:51:158 27968 28624 1
20-07-2017-13:41:51:199 28624 29280 1
20-07-2017-13:41:51:241 29280 29936 1
20-07-2017-13:41:51:280 29936 30592 1
20-07-2017-13:41:51:326 30592 31248 1
20-07-2017-13:41:51:367 31248 31904 1
20-07-2017-13:41:51:409 31904 32560 1
20-07-2017-13:41:51:453 32560 33216 1
20-07-2017-13:41:51:495 33216 33872 1
20-07-2017-13:41:51:537 33872 34528 1
20-07-2017-13:41:51:576 34528 35184 1
20-07-2017-13:41:51:622 35184 35840 1
20-07-2017-13:41:51:664 35840 36496 1
20-07-2017-13:41:51:693 36496 37152 1
20-07-2017-13:41:51:733 37152 37808 1
20-07-2017-13:41:51:774 37808 38464 1
20-07-2017-13:41:51:820 38464 39120 1
20-07-2017-13:41:51:861 39120 39776 1
20-07-2017-13:41:51:900 39776 40432 1
20-07-2017-13:41:51:944 40432 41088 1
