20-07-2017-11:58:27:635 0 656 1
20-07-2017-11:58:27:678 656 1312 1
20-07-2017-11:58:27:707 1312 1968 1
20-07-2017-11:58:27:752 1968 2624 1
20-07-2017-11:58:27:794 2624 3280 1
20-07-2017-11:58:27:835 3280 3936 1
20-07-2017-11:58:27:883 3936 4592 1
20-07-2017-11:58:27:910 4592 5248 1
20-07-2017-11:58:27:955 5248 5904 1
20-07-2017-11:58:27:994 5904 6560 1
20-07-2017-11:58:28:036 6560 7216 1
20-07-2017-11:58:28:076 7216 7872 1
20-07-2017-11:58:28:122 7872 8528 1
20-07-2017-11:58:28:162 8528 9184 1
20-07-2017-11:58:28:203 9184 9840 1
20-07-2017-11:58:28:248 9840 10496 1
20-07-2017-11:58:28:287 10496 11152 1
20-07-2017-11:58:28:334 11152 11808 1
20-07-2017-11:58:28:377 11808 12464 1
20-07-2017-11:58:28:404 12464 13120 1
20-07-2017-11:58:28:448 13120 13776 1
20-07-2017-11:58:28:488 13776 14432 1
20-07-2017-11:58:28:526 14432 15088 1
20-07-2017-11:58:28:578 15088 15744 1
20-07-2017-11:58:28:608 15744 16400 1
20-07-2017-11:58:28:668 16400 16880 1
20-07-2017-11:58:28:685 16880 17360 1
20-07-2017-11:58:28:714 17360 17840 1
20-07-2017-11:58:28:741 17840 18320 1
20-07-2017-11:58:28:769 18320 18800 1
20-07-2017-11:58:28:797 18800 19280 1
20-07-2017-11:58:28:823 19280 19760 1
20-07-2017-11:58:28:852 19760 20240 1
20-07-2017-11:58:28:882 20240 20720 1
20-07-2017-11:58:28:909 20720 21200 1
20-07-2017-11:58:28:937 21200 21680 1
20-07-2017-11:58:28:968 21680 22160 1
20-07-2017-11:58:29:008 22160 22640 1
20-07-2017-11:58:29:037 22640 23120 1
20-07-2017-11:58:29:063 23120 23600 1
20-07-2017-11:58:29:091 23600 24080 1
20-07-2017-11:58:29:118 24080 24560 1
20-07-2017-11:58:29:146 24560 25040 1
20-07-2017-11:58:29:175 25040 25520 1
20-07-2017-11:58:29:216 25520 26000 1
20-07-2017-11:58:29:245 26000 26480 1
20-07-2017-11:58:29:275 26480 26960 1
20-07-2017-11:58:29:303 26960 27440 1
20-07-2017-11:58:29:327 27440 27920 1
20-07-2017-11:58:29:355 27920 28400 1
20-07-2017-11:58:29:385 28400 28880 1
20-07-2017-11:58:29:425 28880 29360 1
20-07-2017-11:58:29:455 29360 29840 1
20-07-2017-11:58:29:482 29840 30320 1
20-07-2017-11:58:29:513 30320 30800 1
20-07-2017-11:58:29:541 30800 31280 1
20-07-2017-11:58:29:571 31280 31760 1
20-07-2017-11:58:29:610 31760 32240 1
20-07-2017-11:58:29:641 32240 32720 1
20-07-2017-11:58:29:670 32720 33200 1
20-07-2017-11:58:29:693 33200 33680 1
20-07-2017-11:58:29:722 33680 34160 1
20-07-2017-11:58:29:751 34160 34640 1
20-07-2017-11:58:29:780 34640 35120 1
20-07-2017-11:58:29:809 35120 35600 1
20-07-2017-11:58:29:839 35600 36080 1
20-07-2017-11:58:29:868 36080 36560 1
20-07-2017-11:58:29:908 36560 37040 1
20-07-2017-11:58:29:936 37040 37520 1
20-07-2017-11:58:29:966 37520 38000 1
20-07-2017-11:58:29:988 38000 38480 1
20-07-2017-11:58:30:017 38480 38960 1
20-07-2017-11:58:30:047 38960 39440 1
20-07-2017-11:58:30:076 39440 39920 1
20-07-2017-11:58:30:106 39920 40400 1
20-07-2017-11:58:30:151 40400 40880 1
20-07-2017-11:58:30:173 40880 41360 1
20-07-2017-11:58:30:204 41360 41840 1
20-07-2017-11:58:30:231 41840 42320 1
20-07-2017-11:58:30:262 42320 42800 1
20-07-2017-11:58:30:291 42800 43280 1
20-07-2017-11:58:30:318 43280 43760 1
20-07-2017-11:58:30:348 43760 44240 1
20-07-2017-11:58:30:377 44240 44720 1
20-07-2017-11:58:30:405 44720 45200 1
20-07-2017-11:58:30:445 45200 45680 1
20-07-2017-11:58:30:475 45680 46160 1
20-07-2017-11:58:30:505 46160 46640 1
20-07-2017-11:58:30:534 46640 47120 1
20-07-2017-11:58:30:556 47120 47600 1
20-07-2017-11:58:30:585 47600 48080 1
20-07-2017-11:58:30:614 48080 48560 1
20-07-2017-11:58:30:662 48560 49040 1
20-07-2017-11:58:30:684 49040 49520 1
20-07-2017-11:58:30:823 49520 50000 1
20-07-2017-11:58:30:824 50000 50480 1
20-07-2017-11:58:30:824 50480 50960 1
20-07-2017-11:58:30:824 50960 51440 1
20-07-2017-11:58:30:832 51440 51920 1
20-07-2017-11:58:30:858 51920 52400 1
20-07-2017-11:58:30:887 52400 52880 1
20-07-2017-11:58:30:940 52880 53360 1
20-07-2017-11:58:30:958 53360 53840 1
20-07-2017-11:58:30:986 53840 54320 1
20-07-2017-11:58:31:010 54320 54800 1
20-07-2017-11:58:31:039 54800 55280 1
20-07-2017-11:58:31:068 55280 55760 1
20-07-2017-11:58:31:097 55760 56240 1
20-07-2017-11:58:31:126 56240 56720 1
20-07-2017-11:58:31:156 56720 57200 1
20-07-2017-11:58:31:185 57200 57680 1
20-07-2017-11:58:31:225 57680 58160 1
20-07-2017-11:58:31:255 58160 58640 1
20-07-2017-11:58:31:284 58640 59120 1
20-07-2017-11:58:31:307 59120 59600 1
20-07-2017-11:58:31:335 59600 60080 1
20-07-2017-11:58:31:364 60080 60560 1
20-07-2017-11:58:31:404 60560 61040 1
20-07-2017-11:58:31:433 61040 61520 1
20-07-2017-11:58:31:464 61520 62000 1
20-07-2017-11:58:31:492 62000 62480 1
20-07-2017-11:58:31:520 62480 62960 1
20-07-2017-11:58:31:550 62960 63440 1
20-07-2017-11:58:31:590 63440 63920 1
20-07-2017-11:58:31:619 63920 64400 1
20-07-2017-11:58:31:642 64400 64880 1
20-07-2017-11:58:31:672 64880 65360 1
20-07-2017-11:58:31:701 65360 65840 1
20-07-2017-11:58:31:729 65840 66320 1
20-07-2017-11:58:31:759 66320 66800 1
20-07-2017-11:58:31:788 66800 67280 1
20-07-2017-11:58:31:822 67280 67760 1
20-07-2017-11:58:31:858 67760 68240 1
20-07-2017-11:58:31:887 68240 68720 1
20-07-2017-11:58:31:916 68720 69200 1
20-07-2017-11:58:31:940 69200 69680 1
20-07-2017-11:58:31:969 69680 70160 1
20-07-2017-11:58:31:997 70160 70640 1
20-07-2017-11:58:32:026 70640 71120 1
20-07-2017-11:58:32:056 71120 71600 1
20-07-2017-11:58:32:096 71600 72080 1
20-07-2017-11:58:32:124 72080 72560 1
20-07-2017-11:58:32:154 72560 73040 1
20-07-2017-11:58:32:183 73040 73520 1
20-07-2017-11:58:32:212 73520 74000 1
20-07-2017-11:58:32:235 74000 74480 1
20-07-2017-11:58:32:265 74480 74960 1
20-07-2017-11:58:32:312 74960 75440 1
20-07-2017-11:58:32:335 75440 75920 1
20-07-2017-11:58:32:364 75920 76400 1
20-07-2017-11:58:32:392 76400 76880 1
20-07-2017-11:58:32:421 76880 77360 1
20-07-2017-11:58:32:451 77360 77840 1
20-07-2017-11:58:32:480 77840 78320 1
20-07-2017-11:58:32:507 78320 78800 1
20-07-2017-11:58:32:550 78800 79280 1
20-07-2017-11:58:32:578 79280 79760 1
20-07-2017-11:58:32:607 79760 80240 1
20-07-2017-11:58:32:631 80240 80720 1
20-07-2017-11:58:32:659 80720 81200 1
20-07-2017-11:58:32:692 81200 81680 1
20-07-2017-11:58:32:717 81680 82160 1
20-07-2017-11:58:32:747 82160 82640 1
20-07-2017-11:58:32:775 82640 83120 1
20-07-2017-11:58:32:804 83120 83600 1
20-07-2017-11:58:32:846 83600 84080 1
20-07-2017-11:58:32:875 84080 84560 1
20-07-2017-11:58:32:903 84560 85040 1
20-07-2017-11:58:32:933 85040 85520 1
20-07-2017-11:58:32:961 85520 86000 1
20-07-2017-11:58:32:984 86000 86480 1
20-07-2017-11:58:33:032 86480 86960 1
20-07-2017-11:58:33:059 86960 87440 1
20-07-2017-11:58:33:083 87440 87920 1
20-07-2017-11:58:33:112 87920 88400 1
20-07-2017-11:58:33:145 88400 88880 1
20-07-2017-11:58:33:175 88880 89360 1
20-07-2017-11:58:33:198 89360 89840 1
20-07-2017-11:58:33:227 89840 90320 1
20-07-2017-11:58:33:254 90320 90800 1
20-07-2017-11:58:33:296 90800 91280 1
20-07-2017-11:58:33:323 91280 91760 1
20-07-2017-11:58:33:353 91760 92240 1
20-07-2017-11:58:33:382 92240 92720 1
20-07-2017-11:58:33:411 92720 93200 1
20-07-2017-11:58:33:440 93200 93680 1
20-07-2017-11:58:33:469 93680 94160 1
20-07-2017-11:58:33:511 94160 94640 1
20-07-2017-11:58:33:540 94640 95120 1
20-07-2017-11:58:33:569 95120 95600 1
20-07-2017-11:58:33:592 95600 96080 1
20-07-2017-11:58:33:621 96080 96560 1
20-07-2017-11:58:33:651 96560 97040 1
20-07-2017-11:58:33:680 97040 97520 1
20-07-2017-11:58:33:710 97520 98000 1
20-07-2017-11:58:33:738 98000 98480 1
20-07-2017-11:58:33:780 98480 98960 1
20-07-2017-11:58:33:809 98960 99440 1
20-07-2017-11:58:34:036 99440 99920 1
20-07-2017-11:58:34:038 99920 100400 1
20-07-2017-11:58:34:038 100400 100880 1
20-07-2017-11:58:34:038 100880 101360 1
20-07-2017-11:58:34:038 101360 101840 1
20-07-2017-11:58:34:038 101840 102320 1
20-07-2017-11:58:34:039 102320 102800 1
20-07-2017-11:58:34:045 102800 103280 1
20-07-2017-11:58:34:074 103280 103760 1
20-07-2017-11:58:34:105 103760 104240 1
20-07-2017-11:58:34:133 104240 104720 1
20-07-2017-11:58:34:156 104720 105200 1
20-07-2017-11:58:34:185 105200 105680 1
20-07-2017-11:58:34:230 105680 106160 1
20-07-2017-11:58:34:255 106160 106640 1
20-07-2017-11:58:34:284 106640 107120 1
20-07-2017-11:58:34:312 107120 107600 1
20-07-2017-11:58:34:342 107600 108080 1
20-07-2017-11:58:34:371 108080 108560 1
20-07-2017-11:58:34:400 108560 109040 1
20-07-2017-11:58:34:429 109040 109520 1
20-07-2017-11:58:34:459 109520 110000 1
20-07-2017-11:58:34:498 110000 110480 1
20-07-2017-11:58:34:528 110480 110960 1
20-07-2017-11:58:34:557 110960 111440 1
20-07-2017-11:58:34:580 111440 111920 1
20-07-2017-11:58:34:609 111920 112400 1
20-07-2017-11:58:34:639 112400 112880 1
20-07-2017-11:58:34:668 112880 113360 1
20-07-2017-11:58:34:697 113360 113840 1
20-07-2017-11:58:34:737 113840 114320 1
20-07-2017-11:58:34:765 114320 114800 1
20-07-2017-11:58:34:795 114800 115280 1
20-07-2017-11:58:34:818 115280 115760 1
20-07-2017-11:58:34:847 115760 116240 1
20-07-2017-11:58:34:877 116240 116720 1
20-07-2017-11:58:34:905 116720 117200 1
20-07-2017-11:58:34:946 117200 117680 1
20-07-2017-11:58:34:974 117680 118160 1
20-07-2017-11:58:35:004 118160 118640 1
20-07-2017-11:58:35:031 118640 119120 1
20-07-2017-11:58:35:061 119120 119600 1
20-07-2017-11:58:35:090 119600 120080 1
20-07-2017-11:58:35:118 120080 120560 1
20-07-2017-11:58:35:161 120560 121040 1
20-07-2017-11:58:35:189 121040 121520 1
20-07-2017-11:58:35:218 121520 122000 1
20-07-2017-11:58:35:241 122000 122480 1
20-07-2017-11:58:35:271 122480 122960 1
20-07-2017-11:58:35:299 122960 123440 1
20-07-2017-11:58:35:329 123440 123920 1
20-07-2017-11:58:35:359 123920 124400 1
20-07-2017-11:58:35:387 124400 124880 1
20-07-2017-11:58:35:416 124880 125360 1
20-07-2017-11:58:35:457 125360 125840 1
20-07-2017-11:58:35:485 125840 126320 1
20-07-2017-11:58:35:514 126320 126800 1
20-07-2017-11:58:35:543 126800 127280 1
20-07-2017-11:58:35:566 127280 127760 1
20-07-2017-11:58:35:595 127760 128240 1
20-07-2017-11:58:35:625 128240 128720 1
20-07-2017-11:58:35:671 128720 129200 1
20-07-2017-11:58:35:694 129200 129680 1
20-07-2017-11:58:35:724 129680 130160 1
20-07-2017-11:58:35:753 130160 130640 1
20-07-2017-11:58:35:783 130640 131120 1
20-07-2017-11:58:35:810 131120 131600 1
20-07-2017-11:58:35:840 131600 132080 1
20-07-2017-11:58:35:868 132080 132560 1
20-07-2017-11:58:35:898 132560 133040 1
20-07-2017-11:58:35:938 133040 133520 1
20-07-2017-11:58:35:966 133520 134000 1
20-07-2017-11:58:35:996 134000 134480 1
20-07-2017-11:58:36:019 134480 134960 1
20-07-2017-11:58:36:049 134960 135440 1
20-07-2017-11:58:36:076 135440 135920 1
20-07-2017-11:58:36:105 135920 136400 1
20-07-2017-11:58:36:145 136400 136880 1
20-07-2017-11:58:36:175 136880 137360 1
20-07-2017-11:58:36:204 137360 137840 1
20-07-2017-11:58:36:233 137840 138320 1
20-07-2017-11:58:36:257 138320 138800 1
20-07-2017-11:58:36:286 138800 139280 1
20-07-2017-11:58:36:315 139280 139760 1
20-07-2017-11:58:36:355 139760 140240 1
20-07-2017-11:58:36:384 140240 140720 1
20-07-2017-11:58:36:413 140720 141200 1
20-07-2017-11:58:36:443 141200 141680 1
20-07-2017-11:58:36:473 141680 142160 1
20-07-2017-11:58:36:500 142160 142640 1
20-07-2017-11:58:36:529 142640 143120 1
20-07-2017-11:58:36:570 143120 143600 1
20-07-2017-11:58:36:598 143600 144080 1
20-07-2017-11:58:36:628 144080 144560 1
20-07-2017-11:58:36:657 144560 145040 1
20-07-2017-11:58:36:681 145040 145520 1
20-07-2017-11:58:36:710 145520 146000 1
20-07-2017-11:58:36:745 146000 146480 1
20-07-2017-11:58:36:768 146480 146960 1
20-07-2017-11:58:36:797 146960 147440 1
20-07-2017-11:58:36:827 147440 147920 1
20-07-2017-11:58:36:855 147920 148400 1
20-07-2017-11:58:36:895 148400 148880 1
20-07-2017-11:58:36:925 148880 149360 1
20-07-2017-11:58:37:126 149360 149840 1
20-07-2017-11:58:37:128 149840 150320 1
20-07-2017-11:58:37:128 150320 150800 1
20-07-2017-11:58:37:129 150800 151280 1
20-07-2017-11:58:37:129 151280 151760 1
20-07-2017-11:58:37:129 151760 152240 1
20-07-2017-11:58:37:133 152240 152720 1
20-07-2017-11:58:37:162 152720 153200 1
20-07-2017-11:58:37:191 153200 153680 1
20-07-2017-11:58:37:221 153680 154160 1
20-07-2017-11:58:37:252 154160 154640 1
20-07-2017-11:58:37:290 154640 155120 1
20-07-2017-11:58:37:319 155120 155600 1
20-07-2017-11:58:37:347 155600 156080 1
20-07-2017-11:58:37:373 156080 156560 1
20-07-2017-11:58:37:400 156560 157040 1
20-07-2017-11:58:37:432 157040 157520 1
20-07-2017-11:58:37:458 157520 158000 1
20-07-2017-11:58:37:488 158000 158480 1
20-07-2017-11:58:37:517 158480 158960 1
20-07-2017-11:58:37:547 158960 159440 1
20-07-2017-11:58:37:586 159440 159920 1
20-07-2017-11:58:37:616 159920 160400 1
20-07-2017-11:58:37:643 160400 160880 1
20-07-2017-11:58:37:666 160880 161360 1
20-07-2017-11:58:37:698 161360 161840 1
20-07-2017-11:58:37:726 161840 162320 1
20-07-2017-11:58:37:766 162320 162800 1
20-07-2017-11:58:37:795 162800 163280 1
20-07-2017-11:58:37:824 163280 163760 1
20-07-2017-11:58:37:852 163760 164240 1
20-07-2017-11:58:37:882 164240 164720 1
20-07-2017-11:58:37:911 164720 165200 1
20-07-2017-11:58:37:934 165200 165680 1
20-07-2017-11:58:37:980 165680 166160 1
20-07-2017-11:58:38:009 166160 166640 1
20-07-2017-11:58:38:032 166640 167120 1
20-07-2017-11:58:38:063 167120 167600 1
20-07-2017-11:58:38:091 167600 168080 1
20-07-2017-11:58:38:121 168080 168560 1
20-07-2017-11:58:38:151 168560 169040 1
20-07-2017-11:58:38:179 169040 169520 1
20-07-2017-11:58:38:207 169520 170000 1
20-07-2017-11:58:38:248 170000 170480 1
20-07-2017-11:58:38:278 170480 170960 1
20-07-2017-11:58:38:303 170960 171440 1
20-07-2017-11:58:38:331 171440 171920 1
20-07-2017-11:58:38:359 171920 172400 1
20-07-2017-11:58:38:390 172400 172880 1
20-07-2017-11:58:38:418 172880 173360 1
20-07-2017-11:58:38:446 173360 173840 1
20-07-2017-11:58:38:475 173840 174320 1
20-07-2017-11:58:38:516 174320 174800 1
20-07-2017-11:58:38:544 174800 175280 1
20-07-2017-11:58:38:576 175280 175760 1
20-07-2017-11:58:38:598 175760 176240 1
20-07-2017-11:58:38:627 176240 176720 1
20-07-2017-11:58:38:655 176720 177200 1
20-07-2017-11:58:38:695 177200 177680 1
20-07-2017-11:58:38:725 177680 178160 1
20-07-2017-11:58:38:754 178160 178640 1
20-07-2017-11:58:38:782 178640 179120 1
20-07-2017-11:58:38:810 179120 179600 1
20-07-2017-11:58:38:840 179600 180080 1
20-07-2017-11:58:38:881 180080 180560 1
20-07-2017-11:58:38:910 180560 181040 1
20-07-2017-11:58:38:940 181040 181520 1
20-07-2017-11:58:38:967 181520 182000 1
20-07-2017-11:58:38:992 182000 182480 1
20-07-2017-11:58:39:021 182480 182960 1
20-07-2017-11:58:39:049 182960 183440 1
20-07-2017-11:58:39:079 183440 183920 1
20-07-2017-11:58:39:107 183920 184400 1
20-07-2017-11:58:39:135 184400 184880 1
20-07-2017-11:58:39:165 184880 185360 1
20-07-2017-11:58:39:205 185360 185840 1
20-07-2017-11:58:39:235 185840 186320 1
20-07-2017-11:58:39:264 186320 186800 1
20-07-2017-11:58:39:292 186800 187280 1
20-07-2017-11:58:39:321 187280 187760 1
20-07-2017-11:58:39:350 187760 188240 1
20-07-2017-11:58:39:379 188240 188720 1
20-07-2017-11:58:39:419 188720 189200 1
20-07-2017-11:58:39:450 189200 189680 1
20-07-2017-11:58:39:479 189680 190160 1
20-07-2017-11:58:39:500 190160 190640 1
20-07-2017-11:58:39:529 190640 191120 1
20-07-2017-11:58:39:557 191120 191600 1
20-07-2017-11:58:39:587 191600 192080 1
20-07-2017-11:58:39:617 192080 192560 1
20-07-2017-11:58:39:655 192560 193040 1
20-07-2017-11:58:39:684 193040 193520 1
20-07-2017-11:58:39:715 193520 194000 1
20-07-2017-11:58:39:742 194000 194480 1
20-07-2017-11:58:39:772 194480 194960 1
20-07-2017-11:58:39:801 194960 195440 1
20-07-2017-11:58:39:841 195440 195920 1
20-07-2017-11:58:39:870 195920 196400 1
20-07-2017-11:58:39:897 196400 196880 1
20-07-2017-11:58:39:928 196880 197360 1
20-07-2017-11:58:39:955 197360 197840 1
20-07-2017-11:58:39:978 197840 198320 1
20-07-2017-11:58:40:008 198320 198800 1
20-07-2017-11:58:40:037 198800 199280 1
20-07-2017-11:58:40:277 199280 199760 1
20-07-2017-11:58:40:278 199760 200240 1
20-07-2017-11:58:40:278 200240 200720 1
20-07-2017-11:58:40:279 200720 201200 1
20-07-2017-11:58:40:279 201200 201680 1
20-07-2017-11:58:40:279 201680 202160 1
20-07-2017-11:58:40:279 202160 202640 1
20-07-2017-11:58:40:292 202640 203120 1
20-07-2017-11:58:40:319 203120 203600 1
20-07-2017-11:58:40:344 203600 204080 1
20-07-2017-11:58:40:372 204080 204560 1
20-07-2017-11:58:40:402 204560 205040 1
20-07-2017-11:58:40:432 205040 205520 1
20-07-2017-11:58:40:459 205520 206000 1
20-07-2017-11:58:40:490 206000 206480 1
20-07-2017-11:58:40:532 206480 206960 1
20-07-2017-11:58:40:558 206960 207440 1
20-07-2017-11:58:40:586 207440 207920 1
20-07-2017-11:58:40:610 207920 208400 1
20-07-2017-11:58:40:640 208400 208880 1
20-07-2017-11:58:40:665 208880 209360 1
20-07-2017-11:58:40:706 209360 209840 1
20-07-2017-11:58:40:734 209840 210320 1
20-07-2017-11:58:40:763 210320 210800 1
20-07-2017-11:58:40:792 210800 211280 1
20-07-2017-11:58:40:821 211280 211760 1
20-07-2017-11:58:40:860 211760 212240 1
20-07-2017-11:58:40:891 212240 212720 1
20-07-2017-11:58:40:913 212720 213200 1
20-07-2017-11:58:40:943 213200 213680 1
20-07-2017-11:58:40:972 213680 214160 1
20-07-2017-11:58:41:001 214160 214640 1
20-07-2017-11:58:41:029 214640 215120 1
20-07-2017-11:58:41:060 215120 215600 1
20-07-2017-11:58:41:089 215600 216080 1
20-07-2017-11:58:41:128 216080 216560 1
20-07-2017-11:58:41:157 216560 217040 1
20-07-2017-11:58:41:189 217040 217520 1
20-07-2017-11:58:41:210 217520 218000 1
20-07-2017-11:58:41:238 218000 218480 1
20-07-2017-11:58:41:269 218480 218960 1
20-07-2017-11:58:41:297 218960 219440 1
20-07-2017-11:58:41:324 219440 219920 1
20-07-2017-11:58:41:365 219920 220400 1
20-07-2017-11:58:41:395 220400 220880 1
20-07-2017-11:58:41:424 220880 221360 1
20-07-2017-11:58:41:446 221360 221840 1
20-07-2017-11:58:41:475 221840 222320 1
20-07-2017-11:58:41:505 222320 222800 1
20-07-2017-11:58:41:535 222800 223280 1
20-07-2017-11:58:41:574 223280 223760 1
20-07-2017-11:58:41:603 223760 224240 1
20-07-2017-11:58:41:634 224240 224720 1
20-07-2017-11:58:41:664 224720 225200 1
20-07-2017-11:58:41:689 225200 225680 1
20-07-2017-11:58:41:731 225680 226160 1
20-07-2017-11:58:41:760 226160 226640 1
20-07-2017-11:58:41:783 226640 227120 1
20-07-2017-11:58:41:812 227120 227600 1
20-07-2017-11:58:41:841 227600 228080 1
20-07-2017-11:58:41:869 228080 228560 1
20-07-2017-11:58:41:899 228560 229040 1
20-07-2017-11:58:41:927 229040 229520 1
20-07-2017-11:58:41:956 229520 230000 1
20-07-2017-11:58:41:998 230000 230480 1
20-07-2017-11:58:42:027 230480 230960 1
20-07-2017-11:58:42:056 230960 231440 1
20-07-2017-11:58:42:079 231440 231920 1
20-07-2017-11:58:42:108 231920 232400 1
20-07-2017-11:58:42:136 232400 232880 1
20-07-2017-11:58:42:165 232880 233360 1
20-07-2017-11:58:42:195 233360 233840 1
20-07-2017-11:58:42:237 233840 234320 1
20-07-2017-11:58:42:266 234320 234800 1
20-07-2017-11:58:42:293 234800 235280 1
20-07-2017-11:58:42:318 235280 235760 1
20-07-2017-11:58:42:345 235760 236240 1
20-07-2017-11:58:42:375 236240 236720 1
20-07-2017-11:58:42:406 236720 237200 1
20-07-2017-11:58:42:443 237200 237680 1
20-07-2017-11:58:42:472 237680 238160 1
20-07-2017-11:58:42:502 238160 238640 1
20-07-2017-11:58:42:531 238640 239120 1
20-07-2017-11:58:42:560 239120 239600 1
20-07-2017-11:58:42:590 239600 240080 1
20-07-2017-11:58:42:619 240080 240560 1
20-07-2017-11:58:42:647 240560 241040 1
20-07-2017-11:58:42:689 241040 241520 1
20-07-2017-11:58:42:718 241520 242000 1
20-07-2017-11:58:42:748 242000 242480 1
20-07-2017-11:58:42:771 242480 242960 1
20-07-2017-11:58:42:800 242960 243440 1
20-07-2017-11:58:42:828 243440 243920 1
20-07-2017-11:58:42:857 243920 244400 1
20-07-2017-11:58:42:886 244400 244880 1
20-07-2017-11:58:42:916 244880 245360 1
20-07-2017-11:58:42:956 245360 245840 1
20-07-2017-11:58:42:985 245840 246320 1
20-07-2017-11:58:43:013 246320 246800 1
20-07-2017-11:58:43:043 246800 247280 1
20-07-2017-11:58:43:072 247280 247760 1
20-07-2017-11:58:43:101 247760 248240 1
20-07-2017-11:58:43:126 248240 248720 1
20-07-2017-11:58:43:172 248720 249200 1
