20-07-2017-14:24:19:920 0 768 1
20-07-2017-14:24:19:969 768 1536 1
20-07-2017-14:24:20:017 1536 2304 1
20-07-2017-14:24:20:060 2304 3072 1
20-07-2017-14:24:20:113 3072 3840 1
20-07-2017-14:24:20:154 3840 4608 1
20-07-2017-14:24:20:209 4608 5360 1
20-07-2017-14:24:20:257 5360 6112 1
20-07-2017-14:24:20:298 6112 6864 1
20-07-2017-14:24:20:350 6864 7600 1
20-07-2017-14:24:20:385 7600 8336 1
20-07-2017-14:24:20:437 8336 9072 1
20-07-2017-14:24:20:485 9072 9808 1
20-07-2017-14:24:20:524 9808 10544 1
20-07-2017-14:24:20:576 10544 11216 1
20-07-2017-14:24:20:622 11216 11888 1
20-07-2017-14:24:20:651 11888 12560 1
20-07-2017-14:24:20:699 12560 13232 1
20-07-2017-14:24:20:733 13232 13904 1
20-07-2017-14:24:20:787 13904 14560 1
20-07-2017-14:24:20:820 14560 15216 1
20-07-2017-14:24:20:861 15216 15872 1
20-07-2017-14:24:20:902 15872 16528 1
20-07-2017-14:24:20:942 16528 17184 1
20-07-2017-14:24:20:988 17184 17840 1
20-07-2017-14:24:21:029 17840 18496 1
20-07-2017-14:24:21:069 18496 19152 1
20-07-2017-14:24:21:115 19152 19808 1
20-07-2017-14:24:21:151 19808 20464 1
20-07-2017-14:24:21:197 20464 21120 1
20-07-2017-14:24:21:227 21120 21776 1
20-07-2017-14:24:21:267 21776 22432 1
20-07-2017-14:24:21:307 22432 23088 1
20-07-2017-14:24:21:348 23088 23744 1
20-07-2017-14:24:21:394 23744 24400 1
20-07-2017-14:24:21:434 24400 25056 1
20-07-2017-14:24:21:476 25056 25712 1
20-07-2017-14:24:21:521 25712 26368 1
20-07-2017-14:24:21:563 26368 27024 1
20-07-2017-14:24:21:603 27024 27680 1
20-07-2017-14:24:21:644 27680 28336 1
20-07-2017-14:24:21:690 28336 28992 1
20-07-2017-14:24:21:719 28992 29648 1
20-07-2017-14:24:21:761 29648 30304 1
20-07-2017-14:24:21:800 30304 30960 1
20-07-2017-14:24:21:840 30960 31616 1
20-07-2017-14:24:21:886 31616 32272 1
20-07-2017-14:24:21:928 32272 32928 1
20-07-2017-14:24:21:968 32928 33584 1
20-07-2017-14:24:22:015 33584 34240 1
20-07-2017-14:24:22:055 34240 34896 1
20-07-2017-14:24:22:097 34896 35552 1
20-07-2017-14:24:22:138 35552 36208 1
20-07-2017-14:24:22:183 36208 36864 1
20-07-2017-14:24:22:213 36864 37520 1
20-07-2017-14:24:22:254 37520 38176 1
20-07-2017-14:24:22:294 38176 38832 1
20-07-2017-14:24:22:341 38832 39488 1
20-07-2017-14:24:22:380 39488 40144 1
20-07-2017-14:24:22:423 40144 40800 1
20-07-2017-14:24:22:462 40800 41456 1
20-07-2017-14:24:22:504 41456 42112 1
20-07-2017-14:24:22:550 42112 42768 1
20-07-2017-14:24:22:580 42768 43424 1
20-07-2017-14:24:22:620 43424 44080 1
20-07-2017-14:24:22:662 44080 44736 1
20-07-2017-14:24:22:706 44736 45392 1
20-07-2017-14:24:22:747 45392 46048 1
20-07-2017-14:24:22:787 46048 46704 1
20-07-2017-14:24:22:828 46704 47360 1
20-07-2017-14:24:22:874 47360 48016 1
20-07-2017-14:24:22:915 48016 48672 1
20-07-2017-14:24:22:955 48672 49328 1
20-07-2017-14:24:22:996 49328 49984 1
20-07-2017-14:24:23:127 49984 50640 1
20-07-2017-14:24:23:130 50640 51296 1
20-07-2017-14:24:23:130 51296 51952 1
20-07-2017-14:24:23:152 51952 52608 1
20-07-2017-14:24:23:192 52608 53264 1
20-07-2017-14:24:23:240 53264 53920 1
20-07-2017-14:24:23:281 53920 54576 1
20-07-2017-14:24:23:321 54576 55232 1
20-07-2017-14:24:23:363 55232 55888 1
20-07-2017-14:24:23:408 55888 56544 1
20-07-2017-14:24:23:447 56544 57200 1
20-07-2017-14:24:23:489 57200 57856 1
20-07-2017-14:24:23:535 57856 58512 1
20-07-2017-14:24:23:577 58512 59168 1
20-07-2017-14:24:23:606 59168 59824 1
20-07-2017-14:24:23:646 59824 60480 1
20-07-2017-14:24:23:687 60480 61136 1
20-07-2017-14:24:23:733 61136 61792 1
20-07-2017-14:24:23:773 61792 62448 1
20-07-2017-14:24:23:812 62448 63104 1
20-07-2017-14:24:23:854 63104 63760 1
20-07-2017-14:24:23:901 63760 64416 1
20-07-2017-14:24:23:945 64416 65072 1
20-07-2017-14:24:23:974 65072 65728 1
20-07-2017-14:24:24:013 65728 66384 1
20-07-2017-14:24:24:054 66384 67040 1
20-07-2017-14:24:24:100 67040 67696 1
20-07-2017-14:24:24:140 67696 68352 1
20-07-2017-14:24:24:181 68352 69008 1
20-07-2017-14:24:24:228 69008 69664 1
20-07-2017-14:24:24:268 69664 70320 1
20-07-2017-14:24:24:308 70320 70976 1
20-07-2017-14:24:24:348 70976 71632 1
20-07-2017-14:24:24:394 71632 72288 1
20-07-2017-14:24:24:423 72288 72944 1
20-07-2017-14:24:24:463 72944 73600 1
20-07-2017-14:24:24:505 73600 74256 1
20-07-2017-14:24:24:545 74256 74912 1
20-07-2017-14:24:24:591 74912 75568 1
20-07-2017-14:24:24:631 75568 76224 1
20-07-2017-14:24:24:673 76224 76880 1
20-07-2017-14:24:24:719 76880 77536 1
20-07-2017-14:24:24:759 77536 78192 1
20-07-2017-14:24:24:800 78192 78848 1
20-07-2017-14:24:24:846 78848 79504 1
20-07-2017-14:24:24:886 79504 80160 1
20-07-2017-14:24:24:915 80160 80816 1
20-07-2017-14:24:24:957 80816 81472 1
20-07-2017-14:24:24:997 81472 82128 1
20-07-2017-14:24:25:045 82128 82784 1
20-07-2017-14:24:25:084 82784 83440 1
20-07-2017-14:24:25:126 83440 84096 1
20-07-2017-14:24:25:172 84096 84752 1
20-07-2017-14:24:25:212 84752 85408 1
20-07-2017-14:24:25:254 85408 86064 1
20-07-2017-14:24:25:294 86064 86720 1
20-07-2017-14:24:25:340 86720 87376 1
