20-07-2017-13:42:22:788 0 800 1
20-07-2017-13:42:22:841 800 1568 1
20-07-2017-13:42:22:892 1568 2336 1
20-07-2017-13:42:22:938 2336 3104 1
20-07-2017-13:42:22:979 3104 3872 1
20-07-2017-13:42:23:031 3872 4544 1
20-07-2017-13:42:23:064 4544 5216 1
20-07-2017-13:42:23:105 5216 5888 1
20-07-2017-13:42:23:146 5888 6560 1
20-07-2017-13:42:23:191 6560 7232 1
20-07-2017-13:42:23:231 7232 7904 1
20-07-2017-13:42:23:273 7904 8576 1
20-07-2017-13:42:23:314 8576 9248 1
20-07-2017-13:42:23:361 9248 9920 1
20-07-2017-13:42:23:413 9920 10592 1
20-07-2017-13:42:23:442 10592 11264 1
20-07-2017-13:42:23:484 11264 11936 1
20-07-2017-13:42:23:523 11936 12608 1
20-07-2017-13:42:23:576 12608 13248 1
20-07-2017-13:42:23:610 13248 13888 1
20-07-2017-13:42:23:651 13888 14528 1
20-07-2017-13:42:23:692 14528 15168 1
20-07-2017-13:42:23:731 15168 15808 1
20-07-2017-13:42:23:778 15808 16448 1
20-07-2017-13:42:23:805 16448 17088 1
20-07-2017-13:42:23:847 17088 17728 1
20-07-2017-13:42:23:887 17728 18368 1
20-07-2017-13:42:23:928 18368 19008 1
20-07-2017-13:42:23:975 19008 19648 1
20-07-2017-13:42:24:015 19648 20288 1
20-07-2017-13:42:24:055 20288 20928 1
20-07-2017-13:42:24:084 20928 21568 1
20-07-2017-13:42:24:126 21568 22208 1
20-07-2017-13:42:24:166 22208 22848 1
20-07-2017-13:42:24:206 22848 23488 1
20-07-2017-13:42:24:253 23488 24128 1
20-07-2017-13:42:24:294 24128 24768 1
20-07-2017-13:42:24:335 24768 25408 1
20-07-2017-13:42:24:365 25408 26048 1
20-07-2017-13:42:24:405 26048 26688 1
20-07-2017-13:42:24:451 26688 27328 1
20-07-2017-13:42:24:492 27328 27968 1
20-07-2017-13:42:24:531 27968 28608 1
20-07-2017-13:42:24:571 28608 29248 1
20-07-2017-13:42:24:619 29248 29888 1
20-07-2017-13:42:24:659 29888 30528 1
20-07-2017-13:42:24:688 30528 31168 1
20-07-2017-13:42:24:729 31168 31808 1
20-07-2017-13:42:24:769 31808 32448 1
20-07-2017-13:42:24:817 32448 33088 1
20-07-2017-13:42:24:856 33088 33728 1
20-07-2017-13:42:24:886 33728 34368 1
20-07-2017-13:42:24:927 34368 35008 1
20-07-2017-13:42:24:967 35008 35648 1
20-07-2017-13:42:25:012 35648 36288 1
20-07-2017-13:42:25:054 36288 36928 1
20-07-2017-13:42:25:094 36928 37568 1
20-07-2017-13:42:25:138 37568 38208 1
20-07-2017-13:42:25:181 38208 38848 1
20-07-2017-13:42:25:209 38848 39488 1
20-07-2017-13:42:25:249 39488 40128 1
20-07-2017-13:42:25:290 40128 40768 1
20-07-2017-13:42:25:323 40768 41408 1
20-07-2017-13:42:25:363 41408 42048 1
20-07-2017-13:42:25:411 42048 42688 1
20-07-2017-13:42:25:450 42688 43328 1
20-07-2017-13:42:25:492 43328 43968 1
20-07-2017-13:42:25:538 43968 44608 1
20-07-2017-13:42:25:579 44608 45248 1
20-07-2017-13:42:25:609 45248 45888 1
20-07-2017-13:42:25:648 45888 46528 1
20-07-2017-13:42:25:690 46528 47168 1
20-07-2017-13:42:25:735 47168 47808 1
20-07-2017-13:42:25:778 47808 48448 1
20-07-2017-13:42:25:804 48448 49088 1
20-07-2017-13:42:25:845 49088 49728 1
20-07-2017-13:42:26:119 49728 50368 1
20-07-2017-13:42:26:120 50368 51008 1
20-07-2017-13:42:26:120 51008 51648 1
20-07-2017-13:42:26:121 51648 52288 1
20-07-2017-13:42:26:121 52288 52928 1
20-07-2017-13:42:26:121 52928 53568 1
20-07-2017-13:42:26:130 53568 54208 1
20-07-2017-13:42:26:178 54208 54848 1
20-07-2017-13:42:26:211 54848 55488 1
20-07-2017-13:42:26:256 55488 56128 1
20-07-2017-13:42:26:285 56128 56768 1
20-07-2017-13:42:26:326 56768 57408 1
20-07-2017-13:42:26:366 57408 58048 1
20-07-2017-13:42:26:411 58048 58688 1
20-07-2017-13:42:26:451 58688 59328 1
20-07-2017-13:42:26:493 59328 59968 1
20-07-2017-13:42:26:539 59968 60608 1
20-07-2017-13:42:26:579 60608 61248 1
20-07-2017-13:42:26:608 61248 61888 1
20-07-2017-13:42:26:649 61888 62528 1
20-07-2017-13:42:26:689 62528 63168 1
20-07-2017-13:42:26:735 63168 63808 1
20-07-2017-13:42:26:775 63808 64448 1
20-07-2017-13:42:26:818 64448 65088 1
20-07-2017-13:42:26:848 65088 65728 1
20-07-2017-13:42:26:889 65728 66368 1
20-07-2017-13:42:26:930 66368 67008 1
20-07-2017-13:42:26:976 67008 67648 1
20-07-2017-13:42:27:004 67648 68288 1
20-07-2017-13:42:27:046 68288 68928 1
20-07-2017-13:42:27:085 68928 69568 1
20-07-2017-13:42:27:130 69568 70208 1
20-07-2017-13:42:27:170 70208 70848 1
20-07-2017-13:42:27:211 70848 71488 1
20-07-2017-13:42:27:252 71488 72128 1
20-07-2017-13:42:27:298 72128 72768 1
20-07-2017-13:42:27:327 72768 73408 1
20-07-2017-13:42:27:369 73408 74048 1
20-07-2017-13:42:27:408 74048 74688 1
20-07-2017-13:42:27:455 74688 75328 1
20-07-2017-13:42:27:485 75328 75968 1
20-07-2017-13:42:27:525 75968 76608 1
20-07-2017-13:42:27:565 76608 77248 1
20-07-2017-13:42:27:613 77248 77888 1
20-07-2017-13:42:27:653 77888 78528 1
20-07-2017-13:42:27:695 78528 79168 1
20-07-2017-13:42:27:734 79168 79808 1
20-07-2017-13:42:27:763 79808 80448 1
20-07-2017-13:42:27:809 80448 81088 1
20-07-2017-13:42:27:851 81088 81728 1
20-07-2017-13:42:27:891 81728 82368 1
20-07-2017-13:42:27:938 82368 83008 1
20-07-2017-13:42:27:967 83008 83648 1
20-07-2017-13:42:28:007 83648 84288 1
20-07-2017-13:42:28:049 84288 84928 1
20-07-2017-13:42:28:096 84928 85568 1
20-07-2017-13:42:28:136 85568 86208 1
20-07-2017-13:42:28:165 86208 86848 1
20-07-2017-13:42:28:205 86848 87488 1
20-07-2017-13:42:28:245 87488 88128 1
20-07-2017-13:42:28:292 88128 88768 1
20-07-2017-13:42:28:336 88768 89408 1
20-07-2017-13:42:28:378 89408 90048 1
20-07-2017-13:42:28:408 90048 90688 1
20-07-2017-13:42:28:448 90688 91328 1
20-07-2017-13:42:28:489 91328 91968 1
20-07-2017-13:42:28:535 91968 92608 1
20-07-2017-13:42:28:576 92608 93248 1
20-07-2017-13:42:28:605 93248 93888 1
20-07-2017-13:42:28:645 93888 94528 1
20-07-2017-13:42:28:687 94528 95168 1
20-07-2017-13:42:28:733 95168 95808 1
20-07-2017-13:42:28:774 95808 96448 1
20-07-2017-13:42:28:813 96448 97088 1
20-07-2017-13:42:28:855 97088 97728 1
20-07-2017-13:42:28:885 97728 98368 1
20-07-2017-13:42:28:928 98368 99008 1
20-07-2017-13:42:28:969 99008 99648 1
20-07-2017-13:42:29:011 99648 100288 1
20-07-2017-13:42:29:308 100288 100928 1
20-07-2017-13:42:29:309 100928 101568 1
20-07-2017-13:42:29:309 101568 102208 1
20-07-2017-13:42:29:309 102208 102848 1
20-07-2017-13:42:29:309 102848 103488 1
20-07-2017-13:42:29:309 103488 104128 1
20-07-2017-13:42:29:309 104128 104768 1
20-07-2017-13:42:29:340 104768 105408 1
20-07-2017-13:42:29:366 105408 106048 1
20-07-2017-13:42:29:406 106048 106688 1
20-07-2017-13:42:29:446 106688 107328 1
20-07-2017-13:42:29:493 107328 107968 1
20-07-2017-13:42:29:533 107968 108608 1
20-07-2017-13:42:29:574 108608 109248 1
20-07-2017-13:42:29:618 109248 109888 1
20-07-2017-13:42:29:648 109888 110528 1
20-07-2017-13:42:29:688 110528 111168 1
20-07-2017-13:42:29:729 111168 111808 1
20-07-2017-13:42:29:770 111808 112448 1
20-07-2017-13:42:29:814 112448 113088 1
20-07-2017-13:42:29:845 113088 113728 1
20-07-2017-13:42:29:889 113728 114368 1
20-07-2017-13:42:29:929 114368 115008 1
20-07-2017-13:42:29:970 115008 115648 1
20-07-2017-13:42:30:011 115648 116288 1
20-07-2017-13:42:30:057 116288 116928 1
20-07-2017-13:42:30:086 116928 117568 1
20-07-2017-13:42:30:127 117568 118208 1
20-07-2017-13:42:30:168 118208 118848 1
20-07-2017-13:42:30:209 118848 119488 1
20-07-2017-13:42:30:254 119488 120128 1
20-07-2017-13:42:30:294 120128 120768 1
20-07-2017-13:42:30:335 120768 121408 1
20-07-2017-13:42:30:364 121408 122048 1
20-07-2017-13:42:30:405 122048 122688 1
20-07-2017-13:42:30:451 122688 123328 1
20-07-2017-13:42:30:492 123328 123968 1
20-07-2017-13:42:30:533 123968 124608 1
20-07-2017-13:42:30:572 124608 125248 1
20-07-2017-13:42:30:621 125248 125888 1
20-07-2017-13:42:30:649 125888 126528 1
20-07-2017-13:42:30:691 126528 127168 1
20-07-2017-13:42:30:732 127168 127808 1
20-07-2017-13:42:30:771 127808 128448 1
20-07-2017-13:42:30:816 128448 129088 1
20-07-2017-13:42:30:847 129088 129728 1
20-07-2017-13:42:30:887 129728 130368 1
20-07-2017-13:42:30:926 130368 131008 1
20-07-2017-13:42:30:968 131008 131648 1
20-07-2017-13:42:31:014 131648 132288 1
20-07-2017-13:42:31:055 132288 132928 1
20-07-2017-13:42:31:084 132928 133568 1
20-07-2017-13:42:31:123 133568 134208 1
20-07-2017-13:42:31:165 134208 134848 1
20-07-2017-13:42:31:211 134848 135488 1
20-07-2017-13:42:31:252 135488 136128 1
20-07-2017-13:42:31:292 136128 136768 1
20-07-2017-13:42:31:334 136768 137408 1
20-07-2017-13:42:31:374 137408 138048 1
20-07-2017-13:42:31:414 138048 138688 1
20-07-2017-13:42:31:461 138688 139328 1
20-07-2017-13:42:31:484 139328 139968 1
20-07-2017-13:42:31:530 139968 140608 1
20-07-2017-13:42:31:572 140608 141248 1
20-07-2017-13:42:31:612 141248 141888 1
20-07-2017-13:42:31:656 141888 142528 1
20-07-2017-13:42:31:699 142528 143168 1
20-07-2017-13:42:31:727 143168 143808 1
20-07-2017-13:42:31:768 143808 144448 1
20-07-2017-13:42:31:811 144448 145088 1
20-07-2017-13:42:31:854 145088 145728 1
20-07-2017-13:42:31:895 145728 146368 1
20-07-2017-13:42:31:924 146368 147008 1
20-07-2017-13:42:31:965 147008 147648 1
20-07-2017-13:42:32:004 147648 148288 1
20-07-2017-13:42:32:051 148288 148928 1
20-07-2017-13:42:32:093 148928 149568 1
20-07-2017-13:42:32:132 149568 150208 1
20-07-2017-13:42:32:183 150208 150848 1
