20-07-2017-14:24:37:952 0 800 1
20-07-2017-14:24:38:004 800 1584 1
20-07-2017-14:24:38:054 1584 2368 1
20-07-2017-14:24:38:096 2368 3152 1
20-07-2017-14:24:38:148 3152 3808 1
20-07-2017-14:24:38:181 3808 4464 1
20-07-2017-14:24:38:220 4464 5120 1
20-07-2017-14:24:38:263 5120 5776 1
20-07-2017-14:24:38:309 5776 6432 1
20-07-2017-14:24:38:349 6432 7088 1
20-07-2017-14:24:38:392 7088 7744 1
20-07-2017-14:24:38:437 7744 8400 1
20-07-2017-14:24:38:477 8400 9056 1
20-07-2017-14:24:38:505 9056 9712 1
20-07-2017-14:24:38:551 9712 10368 1
20-07-2017-14:24:38:593 10368 11024 1
20-07-2017-14:24:38:632 11024 11680 1
20-07-2017-14:24:38:678 11680 12336 1
20-07-2017-14:24:38:720 12336 12992 1
20-07-2017-14:24:38:761 12992 13648 1
20-07-2017-14:24:38:801 13648 14304 1
20-07-2017-14:24:38:846 14304 14960 1
20-07-2017-14:24:38:888 14960 15616 1
20-07-2017-14:24:38:916 15616 16272 1
20-07-2017-14:24:38:955 16272 16928 1
20-07-2017-14:24:38:997 16928 17584 1
20-07-2017-14:24:39:038 17584 18240 1
20-07-2017-14:24:39:083 18240 18896 1
20-07-2017-14:24:39:123 18896 19552 1
20-07-2017-14:24:39:165 19552 20208 1
20-07-2017-14:24:39:209 20208 20864 1
20-07-2017-14:24:39:250 20864 21520 1
20-07-2017-14:24:39:291 21520 22176 1
20-07-2017-14:24:39:338 22176 22832 1
20-07-2017-14:24:39:367 22832 23488 1
20-07-2017-14:24:39:406 23488 24144 1
20-07-2017-14:24:39:448 24144 24800 1
20-07-2017-14:24:39:489 24800 25456 1
20-07-2017-14:24:39:529 25456 26112 1
20-07-2017-14:24:39:576 26112 26768 1
20-07-2017-14:24:39:616 26768 27424 1
20-07-2017-14:24:39:657 27424 28080 1
20-07-2017-14:24:39:702 28080 28736 1
20-07-2017-14:24:39:744 28736 29392 1
20-07-2017-14:24:39:785 29392 30048 1
20-07-2017-14:24:39:824 30048 30704 1
20-07-2017-14:24:39:869 30704 31360 1
20-07-2017-14:24:39:899 31360 32016 1
20-07-2017-14:24:39:940 32016 32672 1
20-07-2017-14:24:39:981 32672 33328 1
20-07-2017-14:24:40:033 33328 33968 1
20-07-2017-14:24:40:068 33968 34608 1
20-07-2017-14:24:40:107 34608 35248 1
20-07-2017-14:24:40:150 35248 35888 1
20-07-2017-14:24:40:195 35888 36528 1
20-07-2017-14:24:40:236 36528 37168 1
20-07-2017-14:24:40:266 37168 37808 1
20-07-2017-14:24:40:307 37808 38448 1
20-07-2017-14:24:40:347 38448 39088 1
20-07-2017-14:24:40:392 39088 39728 1
20-07-2017-14:24:40:434 39728 40368 1
20-07-2017-14:24:40:461 40368 41008 1
20-07-2017-14:24:40:508 41008 41648 1
20-07-2017-14:24:40:547 41648 42288 1
20-07-2017-14:24:40:589 42288 42928 1
20-07-2017-14:24:40:634 42928 43568 1
20-07-2017-14:24:40:675 43568 44208 1
20-07-2017-14:24:40:704 44208 44848 1
20-07-2017-14:24:40:744 44848 45488 1
20-07-2017-14:24:40:786 45488 46128 1
20-07-2017-14:24:40:831 46128 46768 1
20-07-2017-14:24:40:872 46768 47408 1
20-07-2017-14:24:40:901 47408 48048 1
20-07-2017-14:24:40:943 48048 48688 1
20-07-2017-14:24:40:982 48688 49328 1
20-07-2017-14:24:41:023 49328 49968 1
20-07-2017-14:24:41:131 49968 50608 1
20-07-2017-14:24:41:132 50608 51248 1
20-07-2017-14:24:41:151 51248 51888 1
20-07-2017-14:24:41:197 51888 52528 1
20-07-2017-14:24:41:237 52528 53168 1
20-07-2017-14:24:41:266 53168 53808 1
20-07-2017-14:24:41:306 53808 54448 1
20-07-2017-14:24:41:347 54448 55088 1
20-07-2017-14:24:41:393 55088 55728 1
20-07-2017-14:24:41:435 55728 56368 1
20-07-2017-14:24:41:464 56368 57008 1
20-07-2017-14:24:41:503 57008 57648 1
20-07-2017-14:24:41:543 57648 58288 1
20-07-2017-14:24:41:590 58288 58928 1
20-07-2017-14:24:41:632 58928 59568 1
20-07-2017-14:24:41:672 59568 60208 1
20-07-2017-14:24:41:711 60208 60848 1
20-07-2017-14:24:41:740 60848 61488 1
20-07-2017-14:24:41:788 61488 62128 1
20-07-2017-14:24:41:827 62128 62768 1
20-07-2017-14:24:41:867 62768 63408 1
20-07-2017-14:24:41:914 63408 64048 1
20-07-2017-14:24:41:956 64048 64688 1
20-07-2017-14:24:41:996 64688 65328 1
20-07-2017-14:24:42:025 65328 65968 1
20-07-2017-14:24:42:064 65968 66608 1
20-07-2017-14:24:42:106 66608 67248 1
20-07-2017-14:24:42:152 67248 67888 1
20-07-2017-14:24:42:194 67888 68528 1
20-07-2017-14:24:42:221 68528 69168 1
20-07-2017-14:24:42:263 69168 69808 1
20-07-2017-14:24:42:303 69808 70448 1
20-07-2017-14:24:42:345 70448 71088 1
20-07-2017-14:24:42:391 71088 71728 1
20-07-2017-14:24:42:431 71728 72368 1
20-07-2017-14:24:42:471 72368 73008 1
20-07-2017-14:24:42:500 73008 73648 1
20-07-2017-14:24:42:541 73648 74288 1
20-07-2017-14:24:42:589 74288 74928 1
20-07-2017-14:24:42:628 74928 75568 1
20-07-2017-14:24:42:670 75568 76208 1
20-07-2017-14:24:42:716 76208 76848 1
20-07-2017-14:24:42:755 76848 77488 1
20-07-2017-14:24:42:785 77488 78128 1
20-07-2017-14:24:42:826 78128 78768 1
20-07-2017-14:24:42:866 78768 79408 1
20-07-2017-14:24:42:908 79408 80048 1
20-07-2017-14:24:42:955 80048 80688 1
20-07-2017-14:24:42:984 80688 81328 1
20-07-2017-14:24:43:023 81328 81968 1
20-07-2017-14:24:43:063 81968 82608 1
20-07-2017-14:24:43:104 82608 83248 1
20-07-2017-14:24:43:150 83248 83888 1
20-07-2017-14:24:43:192 83888 84528 1
20-07-2017-14:24:43:221 84528 85168 1
20-07-2017-14:24:43:261 85168 85808 1
20-07-2017-14:24:43:307 85808 86448 1
20-07-2017-14:24:43:348 86448 87088 1
20-07-2017-14:24:43:388 87088 87728 1
20-07-2017-14:24:43:430 87728 88368 1
20-07-2017-14:24:43:461 88368 89008 1
20-07-2017-14:24:43:503 89008 89648 1
20-07-2017-14:24:43:543 89648 90288 1
20-07-2017-14:24:43:590 90288 90928 1
20-07-2017-14:24:43:629 90928 91568 1
20-07-2017-14:24:43:671 91568 92208 1
20-07-2017-14:24:43:711 92208 92848 1
20-07-2017-14:24:43:740 92848 93488 1
20-07-2017-14:24:43:782 93488 94128 1
20-07-2017-14:24:43:822 94128 94768 1
20-07-2017-14:24:43:868 94768 95408 1
20-07-2017-14:24:43:910 95408 96048 1
20-07-2017-14:24:43:950 96048 96688 1
20-07-2017-14:24:43:989 96688 97328 1
20-07-2017-14:24:44:037 97328 97968 1
20-07-2017-14:24:44:077 97968 98608 1
20-07-2017-14:24:44:106 98608 99248 1
20-07-2017-14:24:44:145 99248 99888 1
20-07-2017-14:24:44:187 99888 100528 1
20-07-2017-14:24:44:302 100528 101168 1
20-07-2017-14:24:44:303 101168 101808 1
20-07-2017-14:24:44:304 101808 102448 1
20-07-2017-14:24:44:343 102448 103088 1
20-07-2017-14:24:44:384 103088 103728 1
20-07-2017-14:24:44:423 103728 104368 1
20-07-2017-14:24:44:470 104368 105008 1
20-07-2017-14:24:44:510 105008 105648 1
20-07-2017-14:24:44:551 105648 106288 1
20-07-2017-14:24:44:598 106288 106928 1
20-07-2017-14:24:44:621 106928 107568 1
20-07-2017-14:24:44:667 107568 108208 1
20-07-2017-14:24:44:707 108208 108848 1
20-07-2017-14:24:44:749 108848 109488 1
20-07-2017-14:24:44:795 109488 110128 1
20-07-2017-14:24:44:836 110128 110768 1
20-07-2017-14:24:44:866 110768 111408 1
20-07-2017-14:24:44:907 111408 112048 1
20-07-2017-14:24:44:947 112048 112688 1
20-07-2017-14:24:44:990 112688 113328 1
20-07-2017-14:24:45:031 113328 113968 1
20-07-2017-14:24:45:061 113968 114608 1
20-07-2017-14:24:45:101 114608 115248 1
20-07-2017-14:24:45:147 115248 115888 1
20-07-2017-14:24:45:189 115888 116528 1
20-07-2017-14:24:45:229 116528 117168 1
20-07-2017-14:24:45:270 117168 117808 1
20-07-2017-14:24:45:318 117808 118448 1
20-07-2017-14:24:45:347 118448 119088 1
20-07-2017-14:24:45:387 119088 119728 1
20-07-2017-14:24:45:428 119728 120368 1
20-07-2017-14:24:45:468 120368 121008 1
20-07-2017-14:24:45:515 121008 121648 1
20-07-2017-14:24:45:544 121648 122288 1
20-07-2017-14:24:45:585 122288 122928 1
20-07-2017-14:24:45:625 122928 123568 1
20-07-2017-14:24:45:667 123568 124208 1
20-07-2017-14:24:45:713 124208 124848 1
20-07-2017-14:24:45:743 124848 125488 1
20-07-2017-14:24:45:782 125488 126128 1
20-07-2017-14:24:45:821 126128 126768 1
20-07-2017-14:24:45:863 126768 127408 1
20-07-2017-14:24:45:908 127408 128048 1
20-07-2017-14:24:45:949 128048 128688 1
20-07-2017-14:24:45:989 128688 129328 1
20-07-2017-14:24:46:037 129328 129968 1
20-07-2017-14:24:46:077 129968 130608 1
20-07-2017-14:24:46:107 130608 131248 1
20-07-2017-14:24:46:146 131248 131888 1
20-07-2017-14:24:46:188 131888 132528 1
20-07-2017-14:24:46:230 132528 133168 1
20-07-2017-14:24:46:274 133168 133808 1
20-07-2017-14:24:46:303 133808 134448 1
20-07-2017-14:24:46:345 134448 135088 1
20-07-2017-14:24:46:387 135088 135728 1
