20-07-2017-13:51:50:065 0 736 1
20-07-2017-13:51:50:102 736 1472 1
20-07-2017-13:51:50:170 1472 2112 1
20-07-2017-13:51:50:182 2112 2752 1
20-07-2017-13:51:50:229 2752 3392 1
20-07-2017-13:51:50:270 3392 4032 1
20-07-2017-13:51:50:311 4032 4672 1
20-07-2017-13:51:50:354 4672 5312 1
20-07-2017-13:51:50:383 5312 5952 1
20-07-2017-13:51:50:425 5952 6592 1
20-07-2017-13:51:50:465 6592 7232 1
20-07-2017-13:51:50:512 7232 7872 1
20-07-2017-13:51:50:553 7872 8512 1
20-07-2017-13:51:50:582 8512 9152 1
20-07-2017-13:51:50:624 9152 9792 1
20-07-2017-13:51:50:668 9792 10432 1
20-07-2017-13:51:50:709 10432 11072 1
20-07-2017-13:51:50:749 11072 11712 1
20-07-2017-13:51:50:795 11712 12352 1
20-07-2017-13:51:50:826 12352 12992 1
20-07-2017-13:51:50:865 12992 13632 1
20-07-2017-13:51:50:906 13632 14272 1
20-07-2017-13:51:50:952 14272 14912 1
20-07-2017-13:51:50:992 14912 15552 1
20-07-2017-13:51:51:032 15552 16192 1
20-07-2017-13:51:51:062 16192 16832 1
20-07-2017-13:51:51:102 16832 17472 1
20-07-2017-13:51:51:144 17472 18112 1
20-07-2017-13:51:51:191 18112 18752 1
20-07-2017-13:51:51:230 18752 19392 1
20-07-2017-13:51:51:272 19392 20032 1
20-07-2017-13:51:51:304 20032 20672 1
20-07-2017-13:51:51:346 20672 21312 1
20-07-2017-13:51:51:386 21312 21952 1
20-07-2017-13:51:51:432 21952 22592 1
20-07-2017-13:51:51:473 22592 23232 1
20-07-2017-13:51:51:513 23232 23872 1
20-07-2017-13:51:51:542 23872 24512 1
20-07-2017-13:51:51:582 24512 25152 1
20-07-2017-13:51:51:629 25152 25792 1
