20-07-2017-14:16:20:517 0 800 1
20-07-2017-14:16:20:569 800 1600 1
20-07-2017-14:16:20:615 1600 2400 1
20-07-2017-14:16:20:667 2400 3136 1
20-07-2017-14:16:20:713 3136 3872 1
20-07-2017-14:16:20:754 3872 4608 1
20-07-2017-14:16:20:800 4608 5344 1
20-07-2017-14:16:20:840 5344 6080 1
20-07-2017-14:16:20:893 6080 6736 1
20-07-2017-14:16:20:928 6736 7392 1
20-07-2017-14:16:20:968 7392 8048 1
20-07-2017-14:16:21:010 8048 8704 1
20-07-2017-14:16:21:050 8704 9360 1
20-07-2017-14:16:21:097 9360 10016 1
20-07-2017-14:16:21:137 10016 10672 1
20-07-2017-14:16:21:178 10672 11328 1
20-07-2017-14:16:21:218 11328 11984 1
20-07-2017-14:16:21:265 11984 12640 1
20-07-2017-14:16:21:305 12640 13296 1
20-07-2017-14:16:21:335 13296 13952 1
20-07-2017-14:16:21:374 13952 14608 1
20-07-2017-14:16:21:416 14608 15264 1
20-07-2017-14:16:21:460 15264 15920 1
20-07-2017-14:16:21:502 15920 16576 1
20-07-2017-14:16:21:542 16576 17232 1
20-07-2017-14:16:21:584 17232 17888 1
20-07-2017-14:16:21:630 17888 18544 1
20-07-2017-14:16:21:669 18544 19200 1
20-07-2017-14:16:21:711 19200 19856 1
20-07-2017-14:16:21:755 19856 20512 1
20-07-2017-14:16:21:785 20512 21168 1
20-07-2017-14:16:21:826 21168 21824 1
20-07-2017-14:16:21:870 21824 22480 1
20-07-2017-14:16:21:912 22480 23136 1
20-07-2017-14:16:21:953 23136 23792 1
20-07-2017-14:16:21:993 23792 24448 1
20-07-2017-14:16:22:041 24448 25104 1
20-07-2017-14:16:22:080 25104 25760 1
20-07-2017-14:16:22:119 25760 26416 1
20-07-2017-14:16:22:162 26416 27072 1
20-07-2017-14:16:22:208 27072 27728 1
20-07-2017-14:16:22:236 27728 28384 1
20-07-2017-14:16:22:278 28384 29040 1
20-07-2017-14:16:22:318 29040 29696 1
20-07-2017-14:16:22:368 29696 30352 1
20-07-2017-14:16:22:406 30352 31008 1
20-07-2017-14:16:22:445 31008 31664 1
20-07-2017-14:16:22:487 31664 32320 1
20-07-2017-14:16:22:533 32320 32976 1
20-07-2017-14:16:22:574 32976 33632 1
20-07-2017-14:16:22:613 33632 34288 1
20-07-2017-14:16:22:659 34288 34944 1
20-07-2017-14:16:22:688 34944 35600 1
20-07-2017-14:16:22:730 35600 36256 1
20-07-2017-14:16:22:771 36256 36912 1
20-07-2017-14:16:22:816 36912 37568 1
20-07-2017-14:16:22:858 37568 38224 1
20-07-2017-14:16:22:899 38224 38880 1
20-07-2017-14:16:22:944 38880 39536 1
20-07-2017-14:16:22:986 39536 40192 1
20-07-2017-14:16:23:015 40192 40848 1
20-07-2017-14:16:23:060 40848 41504 1
20-07-2017-14:16:23:099 41504 42160 1
20-07-2017-14:16:23:141 42160 42816 1
20-07-2017-14:16:23:187 42816 43472 1
20-07-2017-14:16:23:228 43472 44128 1
20-07-2017-14:16:23:267 44128 44784 1
20-07-2017-14:16:23:309 44784 45440 1
20-07-2017-14:16:23:356 45440 46096 1
20-07-2017-14:16:23:384 46096 46752 1
20-07-2017-14:16:23:426 46752 47408 1
20-07-2017-14:16:23:467 47408 48064 1
20-07-2017-14:16:23:505 48064 48720 1
20-07-2017-14:16:23:551 48720 49376 1
20-07-2017-14:16:23:668 49376 50032 1
20-07-2017-14:16:23:669 50032 50688 1
20-07-2017-14:16:23:679 50688 51344 1
20-07-2017-14:16:23:718 51344 52000 1
20-07-2017-14:16:23:758 52000 52656 1
20-07-2017-14:16:23:798 52656 53312 1
20-07-2017-14:16:23:845 53312 53968 1
20-07-2017-14:16:23:885 53968 54624 1
20-07-2017-14:16:23:928 54624 55280 1
20-07-2017-14:16:23:972 55280 55936 1
20-07-2017-14:16:24:006 55936 56592 1
20-07-2017-14:16:24:042 56592 57248 1
20-07-2017-14:16:24:083 57248 57904 1
20-07-2017-14:16:24:125 57904 58560 1
20-07-2017-14:16:24:173 58560 59216 1
20-07-2017-14:16:24:211 59216 59872 1
20-07-2017-14:16:24:253 59872 60528 1
20-07-2017-14:16:24:299 60528 61184 1
20-07-2017-14:16:24:340 61184 61840 1
20-07-2017-14:16:24:368 61840 62496 1
20-07-2017-14:16:24:408 62496 63152 1
20-07-2017-14:16:24:451 63152 63808 1
20-07-2017-14:16:24:495 63808 64464 1
20-07-2017-14:16:24:538 64464 65120 1
20-07-2017-14:16:24:581 65120 65776 1
20-07-2017-14:16:24:622 65776 66432 1
20-07-2017-14:16:24:664 66432 67088 1
20-07-2017-14:16:24:708 67088 67744 1
20-07-2017-14:16:24:738 67744 68400 1
20-07-2017-14:16:24:779 68400 69056 1
20-07-2017-14:16:24:819 69056 69712 1
20-07-2017-14:16:24:859 69712 70368 1
20-07-2017-14:16:24:906 70368 71024 1
20-07-2017-14:16:24:948 71024 71680 1
20-07-2017-14:16:24:988 71680 72336 1
20-07-2017-14:16:25:034 72336 72992 1
20-07-2017-14:16:25:075 72992 73648 1
20-07-2017-14:16:25:115 73648 74304 1
20-07-2017-14:16:25:161 74304 74960 1
20-07-2017-14:16:25:202 74960 75616 1
20-07-2017-14:16:25:231 75616 76272 1
20-07-2017-14:16:25:271 76272 76928 1
20-07-2017-14:16:25:313 76928 77584 1
20-07-2017-14:16:25:358 77584 78240 1
20-07-2017-14:16:25:399 78240 78896 1
20-07-2017-14:16:25:439 78896 79552 1
20-07-2017-14:16:25:487 79552 80208 1
20-07-2017-14:16:25:515 80208 80864 1
20-07-2017-14:16:25:556 80864 81520 1
20-07-2017-14:16:25:596 81520 82176 1
20-07-2017-14:16:25:649 82176 82816 1
20-07-2017-14:16:25:683 82816 83456 1
20-07-2017-14:16:25:722 83456 84096 1
20-07-2017-14:16:25:764 84096 84736 1
20-07-2017-14:16:25:803 84736 85376 1
20-07-2017-14:16:25:851 85376 86016 1
20-07-2017-14:16:25:880 86016 86656 1
20-07-2017-14:16:25:921 86656 87296 1
20-07-2017-14:16:25:960 87296 87936 1
20-07-2017-14:16:26:001 87936 88576 1
20-07-2017-14:16:26:042 88576 89216 1
20-07-2017-14:16:26:088 89216 89856 1
20-07-2017-14:16:26:117 89856 90496 1
20-07-2017-14:16:26:158 90496 91136 1
20-07-2017-14:16:26:198 91136 91776 1
20-07-2017-14:16:26:240 91776 92416 1
20-07-2017-14:16:26:287 92416 93056 1
20-07-2017-14:16:26:327 93056 93696 1
20-07-2017-14:16:26:366 93696 94336 1
20-07-2017-14:16:26:397 94336 94976 1
20-07-2017-14:16:26:443 94976 95616 1
20-07-2017-14:16:26:484 95616 96256 1
20-07-2017-14:16:26:524 96256 96896 1
20-07-2017-14:16:26:565 96896 97536 1
20-07-2017-14:16:26:612 97536 98176 1
20-07-2017-14:16:26:641 98176 98816 1
20-07-2017-14:16:26:680 98816 99456 1
20-07-2017-14:16:26:781 99456 100096 1
20-07-2017-14:16:26:782 100096 100736 1
20-07-2017-14:16:26:808 100736 101376 1
20-07-2017-14:16:26:849 101376 102016 1
20-07-2017-14:16:26:878 102016 102656 1
20-07-2017-14:16:26:919 102656 103296 1
20-07-2017-14:16:26:960 103296 103936 1
20-07-2017-14:16:27:000 103936 104576 1
20-07-2017-14:16:27:046 104576 105216 1
20-07-2017-14:16:27:088 105216 105856 1
20-07-2017-14:16:27:117 105856 106496 1
20-07-2017-14:16:27:158 106496 107136 1
20-07-2017-14:16:27:199 107136 107776 1
20-07-2017-14:16:27:245 107776 108416 1
20-07-2017-14:16:27:285 108416 109056 1
20-07-2017-14:16:27:325 109056 109696 1
20-07-2017-14:16:27:373 109696 110336 1
20-07-2017-14:16:27:401 110336 110976 1
20-07-2017-14:16:27:443 110976 111616 1
20-07-2017-14:16:27:483 111616 112256 1
20-07-2017-14:16:27:524 112256 112896 1
