20-07-2017-12:00:12:275 0 800 1
20-07-2017-12:00:12:328 800 1584 1
20-07-2017-12:00:12:371 1584 2368 1
20-07-2017-12:00:12:419 2368 3152 1
20-07-2017-12:00:12:470 3152 3936 1
20-07-2017-12:00:12:516 3936 4720 1
20-07-2017-12:00:12:569 4720 5456 1
20-07-2017-12:00:12:614 5456 6192 1
20-07-2017-12:00:12:660 6192 6928 1
20-07-2017-12:00:12:699 6928 7664 1
20-07-2017-12:00:12:752 7664 8320 1
20-07-2017-12:00:12:785 8320 8976 1
20-07-2017-12:00:12:827 8976 9632 1
20-07-2017-12:00:12:870 9632 10288 1
20-07-2017-12:00:12:916 10288 10944 1
20-07-2017-12:00:12:956 10944 11600 1
20-07-2017-12:00:12:996 11600 12256 1
20-07-2017-12:00:13:039 12256 12912 1
20-07-2017-12:00:13:073 12912 13568 1
20-07-2017-12:00:13:120 13568 14224 1
20-07-2017-12:00:13:161 14224 14880 1
20-07-2017-12:00:13:201 14880 15536 1
20-07-2017-12:00:13:242 15536 16192 1
20-07-2017-12:00:13:279 16192 16848 1
20-07-2017-12:00:13:323 16848 17504 1
20-07-2017-12:00:13:363 17504 18160 1
20-07-2017-12:00:13:404 18160 18816 1
20-07-2017-12:00:13:445 18816 19472 1
20-07-2017-12:00:13:487 19472 20128 1
20-07-2017-12:00:13:529 20128 20784 1
20-07-2017-12:00:13:570 20784 21440 1
20-07-2017-12:00:13:616 21440 22096 1
20-07-2017-12:00:13:648 22096 22752 1
20-07-2017-12:00:13:689 22752 23408 1
20-07-2017-12:00:13:725 23408 24064 1
20-07-2017-12:00:13:767 24064 24720 1
20-07-2017-12:00:13:812 24720 25376 1
20-07-2017-12:00:13:853 25376 26032 1
20-07-2017-12:00:13:895 26032 26688 1
20-07-2017-12:00:13:935 26688 27344 1
20-07-2017-12:00:13:981 27344 28000 1
20-07-2017-12:00:14:021 28000 28656 1
20-07-2017-12:00:14:063 28656 29312 1
20-07-2017-12:00:14:108 29312 29968 1
20-07-2017-12:00:14:150 29968 30624 1
20-07-2017-12:00:14:184 30624 31280 1
20-07-2017-12:00:14:231 31280 31936 1
20-07-2017-12:00:14:265 31936 32592 1
20-07-2017-12:00:14:312 32592 33248 1
20-07-2017-12:00:14:340 33248 33904 1
20-07-2017-12:00:14:380 33904 34560 1
20-07-2017-12:00:14:422 34560 35216 1
20-07-2017-12:00:14:462 35216 35872 1
20-07-2017-12:00:14:510 35872 36528 1
20-07-2017-12:00:14:550 36528 37184 1
20-07-2017-12:00:14:591 37184 37840 1
20-07-2017-12:00:14:636 37840 38496 1
20-07-2017-12:00:14:675 38496 39152 1
20-07-2017-12:00:14:717 39152 39808 1
20-07-2017-12:00:14:757 39808 40464 1
20-07-2017-12:00:14:792 40464 41120 1
20-07-2017-12:00:14:833 41120 41776 1
20-07-2017-12:00:14:873 41776 42432 1
20-07-2017-12:00:14:919 42432 43088 1
20-07-2017-12:00:14:955 43088 43744 1
20-07-2017-12:00:14:997 43744 44400 1
20-07-2017-12:00:15:045 44400 45056 1
20-07-2017-12:00:15:084 45056 45712 1
20-07-2017-12:00:15:125 45712 46368 1
20-07-2017-12:00:15:171 46368 47024 1
20-07-2017-12:00:15:210 47024 47680 1
20-07-2017-12:00:15:251 47680 48336 1
20-07-2017-12:00:15:291 48336 48992 1
20-07-2017-12:00:15:339 48992 49648 1
20-07-2017-12:00:15:504 49648 50304 1
20-07-2017-12:00:15:505 50304 50960 1
20-07-2017-12:00:15:505 50960 51616 1
20-07-2017-12:00:15:505 51616 52272 1
20-07-2017-12:00:15:535 52272 52928 1
20-07-2017-12:00:15:577 52928 53584 1
20-07-2017-12:00:15:616 53584 54240 1
20-07-2017-12:00:15:664 54240 54896 1
20-07-2017-12:00:15:704 54896 55552 1
20-07-2017-12:00:15:734 55552 56208 1
20-07-2017-12:00:15:785 56208 56864 1
20-07-2017-12:00:15:832 56864 57520 1
20-07-2017-12:00:15:871 57520 58176 1
20-07-2017-12:00:15:901 58176 58832 1
20-07-2017-12:00:15:942 58832 59488 1
20-07-2017-12:00:15:983 59488 60144 1
20-07-2017-12:00:16:029 60144 60800 1
20-07-2017-12:00:16:069 60800 61456 1
20-07-2017-12:00:16:108 61456 62112 1
20-07-2017-12:00:16:149 62112 62768 1
20-07-2017-12:00:16:186 62768 63424 1
20-07-2017-12:00:16:241 63424 63888 1
20-07-2017-12:00:16:247 63888 64352 1
20-07-2017-12:00:16:278 64352 64816 1
20-07-2017-12:00:16:307 64816 65280 1
20-07-2017-12:00:16:339 65280 65744 1
20-07-2017-12:00:16:366 65744 66208 1
20-07-2017-12:00:16:398 66208 66672 1
20-07-2017-12:00:16:425 66672 67136 1
20-07-2017-12:00:16:448 67136 67600 1
20-07-2017-12:00:16:477 67600 68064 1
20-07-2017-12:00:16:508 68064 68528 1
20-07-2017-12:00:16:535 68528 68992 1
20-07-2017-12:00:16:564 68992 69456 1
20-07-2017-12:00:16:593 69456 69920 1
20-07-2017-12:00:16:623 69920 70384 1
20-07-2017-12:00:16:664 70384 70848 1
20-07-2017-12:00:16:692 70848 71312 1
20-07-2017-12:00:16:720 71312 71776 1
20-07-2017-12:00:16:745 71776 72240 1
20-07-2017-12:00:16:775 72240 72704 1
20-07-2017-12:00:16:803 72704 73168 1
20-07-2017-12:00:16:830 73168 73632 1
20-07-2017-12:00:16:859 73632 74096 1
20-07-2017-12:00:16:889 74096 74560 1
20-07-2017-12:00:16:917 74560 75024 1
20-07-2017-12:00:16:939 75024 75488 1
20-07-2017-12:00:16:969 75488 75952 1
20-07-2017-12:00:16:999 75952 76416 1
20-07-2017-12:00:17:027 76416 76880 1
20-07-2017-12:00:17:056 76880 77344 1
20-07-2017-12:00:17:087 77344 77808 1
20-07-2017-12:00:17:131 77808 78272 1
20-07-2017-12:00:17:160 78272 78736 1
20-07-2017-12:00:17:187 78736 79200 1
20-07-2017-12:00:17:215 79200 79664 1
20-07-2017-12:00:17:240 79664 80128 1
20-07-2017-12:00:17:267 80128 80592 1
20-07-2017-12:00:17:297 80592 81056 1
20-07-2017-12:00:17:326 81056 81520 1
20-07-2017-12:00:17:355 81520 81984 1
20-07-2017-12:00:17:384 81984 82448 1
20-07-2017-12:00:17:413 82448 82912 1
20-07-2017-12:00:17:435 82912 83376 1
20-07-2017-12:00:17:466 83376 83840 1
20-07-2017-12:00:17:495 83840 84304 1
20-07-2017-12:00:17:522 84304 84768 1
20-07-2017-12:00:17:551 84768 85232 1
20-07-2017-12:00:17:580 85232 85696 1
20-07-2017-12:00:17:609 85696 86160 1
20-07-2017-12:00:17:650 86160 86624 1
20-07-2017-12:00:17:679 86624 87088 1
20-07-2017-12:00:17:706 87088 87552 1
20-07-2017-12:00:17:729 87552 88016 1
20-07-2017-12:00:17:761 88016 88480 1
20-07-2017-12:00:17:787 88480 88944 1
20-07-2017-12:00:17:816 88944 89408 1
20-07-2017-12:00:17:845 89408 89872 1
20-07-2017-12:00:17:869 89872 90336 1
20-07-2017-12:00:17:899 90336 90800 1
20-07-2017-12:00:17:928 90800 91264 1
20-07-2017-12:00:17:957 91264 91728 1
20-07-2017-12:00:17:986 91728 92192 1
20-07-2017-12:00:18:016 92192 92656 1
20-07-2017-12:00:18:055 92656 93120 1
20-07-2017-12:00:18:085 93120 93584 1
20-07-2017-12:00:18:110 93584 94048 1
20-07-2017-12:00:18:137 94048 94512 1
20-07-2017-12:00:18:166 94512 94976 1
20-07-2017-12:00:18:195 94976 95440 1
20-07-2017-12:00:18:224 95440 95904 1
20-07-2017-12:00:18:252 95904 96368 1
20-07-2017-12:00:18:277 96368 96832 1
20-07-2017-12:00:18:305 96832 97296 1
20-07-2017-12:00:18:335 97296 97760 1
20-07-2017-12:00:18:363 97760 98224 1
20-07-2017-12:00:18:393 98224 98688 1
20-07-2017-12:00:18:422 98688 99152 1
20-07-2017-12:00:18:461 99152 99616 1
20-07-2017-12:00:18:493 99616 100080 1
20-07-2017-12:00:18:755 100080 100544 1
20-07-2017-12:00:18:756 100544 101008 1
20-07-2017-12:00:18:756 101008 101472 1
20-07-2017-12:00:18:756 101472 101936 1
20-07-2017-12:00:18:756 101936 102400 1
20-07-2017-12:00:18:756 102400 102864 1
20-07-2017-12:00:18:757 102864 103328 1
20-07-2017-12:00:18:757 103328 103792 1
20-07-2017-12:00:18:757 103792 104256 1
20-07-2017-12:00:18:768 104256 104720 1
20-07-2017-12:00:18:800 104720 105184 1
20-07-2017-12:00:18:829 105184 105648 1
20-07-2017-12:00:18:858 105648 106112 1
20-07-2017-12:00:18:885 106112 106576 1
20-07-2017-12:00:18:926 106576 107040 1
20-07-2017-12:00:18:955 107040 107504 1
20-07-2017-12:00:18:981 107504 107968 1
20-07-2017-12:00:19:008 107968 108432 1
20-07-2017-12:00:19:035 108432 108896 1
20-07-2017-12:00:19:065 108896 109360 1
20-07-2017-12:00:19:093 109360 109824 1
20-07-2017-12:00:19:123 109824 110288 1
20-07-2017-12:00:19:151 110288 110752 1
20-07-2017-12:00:19:175 110752 111216 1
20-07-2017-12:00:19:203 111216 111680 1
20-07-2017-12:00:19:233 111680 112144 1
20-07-2017-12:00:19:261 112144 112608 1
20-07-2017-12:00:19:288 112608 113072 1
20-07-2017-12:00:19:316 113072 113536 1
20-07-2017-12:00:19:346 113536 114000 1
20-07-2017-12:00:19:375 114000 114464 1
20-07-2017-12:00:19:412 114464 114928 1
20-07-2017-12:00:19:438 114928 115392 1
20-07-2017-12:00:19:468 115392 115856 1
20-07-2017-12:00:19:498 115856 116320 1
20-07-2017-12:00:19:526 116320 116784 1
20-07-2017-12:00:19:554 116784 117248 1
20-07-2017-12:00:19:579 117248 117712 1
20-07-2017-12:00:19:607 117712 118176 1
20-07-2017-12:00:19:635 118176 118640 1
20-07-2017-12:00:19:665 118640 119104 1
20-07-2017-12:00:19:703 119104 119568 1
20-07-2017-12:00:19:732 119568 120032 1
20-07-2017-12:00:19:762 120032 120496 1
20-07-2017-12:00:19:792 120496 120960 1
20-07-2017-12:00:19:820 120960 121424 1
20-07-2017-12:00:19:844 121424 121888 1
20-07-2017-12:00:19:872 121888 122352 1
20-07-2017-12:00:19:901 122352 122816 1
20-07-2017-12:00:19:932 122816 123280 1
20-07-2017-12:00:19:961 123280 123744 1
20-07-2017-12:00:19:988 123744 124208 1
20-07-2017-12:00:20:018 124208 124672 1
20-07-2017-12:00:20:047 124672 125136 1
20-07-2017-12:00:20:086 125136 125600 1
20-07-2017-12:00:20:125 125600 126064 1
20-07-2017-12:00:20:144 126064 126528 1
20-07-2017-12:00:20:173 126528 126992 1
20-07-2017-12:00:20:200 126992 127456 1
20-07-2017-12:00:20:226 127456 127920 1
20-07-2017-12:00:20:253 127920 128384 1
20-07-2017-12:00:20:283 128384 128848 1
20-07-2017-12:00:20:311 128848 129312 1
20-07-2017-12:00:20:340 129312 129776 1
20-07-2017-12:00:20:367 129776 130240 1
20-07-2017-12:00:20:392 130240 130704 1
20-07-2017-12:00:20:422 130704 131168 1
20-07-2017-12:00:20:451 131168 131632 1
20-07-2017-12:00:20:482 131632 132096 1
20-07-2017-12:00:20:509 132096 132560 1
20-07-2017-12:00:20:549 132560 133024 1
20-07-2017-12:00:20:578 133024 133488 1
20-07-2017-12:00:20:608 133488 133952 1
20-07-2017-12:00:20:630 133952 134416 1
20-07-2017-12:00:20:659 134416 134880 1
20-07-2017-12:00:20:688 134880 135344 1
20-07-2017-12:00:20:718 135344 135808 1
20-07-2017-12:00:20:746 135808 136272 1
20-07-2017-12:00:20:775 136272 136736 1
20-07-2017-12:00:20:798 136736 137200 1
20-07-2017-12:00:20:829 137200 137664 1
20-07-2017-12:00:20:858 137664 138128 1
20-07-2017-12:00:20:887 138128 138592 1
20-07-2017-12:00:20:914 138592 139056 1
20-07-2017-12:00:20:955 139056 139520 1
20-07-2017-12:00:20:984 139520 139984 1
20-07-2017-12:00:21:013 139984 140448 1
20-07-2017-12:00:21:036 140448 140912 1
20-07-2017-12:00:21:065 140912 141376 1
20-07-2017-12:00:21:094 141376 141840 1
20-07-2017-12:00:21:124 141840 142304 1
20-07-2017-12:00:21:153 142304 142768 1
20-07-2017-12:00:21:185 142768 143232 1
20-07-2017-12:00:21:205 143232 143696 1
20-07-2017-12:00:21:234 143696 144160 1
20-07-2017-12:00:21:264 144160 144624 1
20-07-2017-12:00:21:291 144624 145088 1
20-07-2017-12:00:21:321 145088 145552 1
20-07-2017-12:00:21:350 145552 146016 1
20-07-2017-12:00:21:391 146016 146480 1
20-07-2017-12:00:21:421 146480 146944 1
20-07-2017-12:00:21:443 146944 147408 1
20-07-2017-12:00:21:473 147408 147872 1
20-07-2017-12:00:21:502 147872 148336 1
20-07-2017-12:00:21:531 148336 148800 1
20-07-2017-12:00:21:561 148800 149264 1
20-07-2017-12:00:21:590 149264 149728 1
20-07-2017-12:00:21:613 149728 150192 1
20-07-2017-12:00:21:641 150192 150656 1
20-07-2017-12:00:21:879 150656 151120 1
20-07-2017-12:00:21:880 151120 151584 1
20-07-2017-12:00:21:880 151584 152048 1
20-07-2017-12:00:21:880 152048 152512 1
20-07-2017-12:00:21:880 152512 152976 1
20-07-2017-12:00:21:880 152976 153440 1
20-07-2017-12:00:21:880 153440 153904 1
20-07-2017-12:00:21:885 153904 154368 1
20-07-2017-12:00:21:908 154368 154832 1
20-07-2017-12:00:21:936 154832 155296 1
20-07-2017-12:00:21:966 155296 155760 1
20-07-2017-12:00:22:001 155760 156224 1
20-07-2017-12:00:22:024 156224 156688 1
20-07-2017-12:00:22:054 156688 157152 1
20-07-2017-12:00:22:083 157152 157616 1
