20-07-2017-14:30:46:204 0 752 1
20-07-2017-14:30:46:253 752 1504 1
20-07-2017-14:30:46:292 1504 2256 1
20-07-2017-14:30:46:338 2256 3008 1
20-07-2017-14:30:46:391 3008 3760 1
20-07-2017-14:30:46:436 3760 4512 1
20-07-2017-14:30:46:476 4512 5264 1
20-07-2017-14:30:46:529 5264 6000 1
20-07-2017-14:30:46:576 6000 6736 1
20-07-2017-14:30:46:622 6736 7472 1
20-07-2017-14:30:46:663 7472 8208 1
20-07-2017-14:30:46:715 8208 8896 1
20-07-2017-14:30:46:748 8896 9584 1
20-07-2017-14:30:46:800 9584 10272 1
20-07-2017-14:30:46:841 10272 10960 1
20-07-2017-14:30:46:883 10960 11648 1
20-07-2017-14:30:46:928 11648 12336 1
20-07-2017-14:30:46:968 12336 13024 1
20-07-2017-14:30:47:009 13024 13712 1
20-07-2017-14:30:47:057 13712 14400 1
20-07-2017-14:30:47:096 14400 15088 1
20-07-2017-14:30:47:136 15088 15776 1
20-07-2017-14:30:47:180 15776 16464 1
20-07-2017-14:30:47:224 16464 17152 1
20-07-2017-14:30:47:264 17152 17840 1
20-07-2017-14:30:47:306 17840 18528 1
20-07-2017-14:30:47:351 18528 19216 1
20-07-2017-14:30:47:392 19216 19904 1
20-07-2017-14:30:47:437 19904 20592 1
20-07-2017-14:30:47:479 20592 21280 1
20-07-2017-14:30:47:531 21280 21936 1
20-07-2017-14:30:47:559 21936 22592 1
20-07-2017-14:30:47:606 22592 23248 1
20-07-2017-14:30:47:646 23248 23904 1
20-07-2017-14:30:47:686 23904 24560 1
20-07-2017-14:30:47:732 24560 25216 1
20-07-2017-14:30:47:773 25216 25872 1
20-07-2017-14:30:47:814 25872 26528 1
20-07-2017-14:30:47:854 26528 27184 1
20-07-2017-14:30:47:899 27184 27840 1
20-07-2017-14:30:47:941 27840 28496 1
20-07-2017-14:30:47:970 28496 29152 1
20-07-2017-14:30:48:012 29152 29808 1
20-07-2017-14:30:48:052 29808 30464 1
20-07-2017-14:30:48:104 30464 31104 1
20-07-2017-14:30:48:137 31104 31744 1
20-07-2017-14:30:48:179 31744 32384 1
20-07-2017-14:30:48:218 32384 33024 1
20-07-2017-14:30:48:260 33024 33664 1
20-07-2017-14:30:48:306 33664 34304 1
20-07-2017-14:30:48:333 34304 34944 1
20-07-2017-14:30:48:375 34944 35584 1
20-07-2017-14:30:48:416 35584 36224 1
20-07-2017-14:30:48:455 36224 36864 1
20-07-2017-14:30:48:501 36864 37504 1
20-07-2017-14:30:48:542 37504 38144 1
20-07-2017-14:30:48:583 38144 38784 1
20-07-2017-14:30:48:612 38784 39424 1
