20-07-2017-13:51:41:974 0 800 1
20-07-2017-13:51:42:027 800 1584 1
20-07-2017-13:51:42:070 1584 2368 1
20-07-2017-13:51:42:117 2368 3152 1
20-07-2017-13:51:42:170 3152 3792 1
20-07-2017-13:51:42:200 3792 4432 1
20-07-2017-13:51:42:242 4432 5072 1
20-07-2017-13:51:42:288 5072 5712 1
20-07-2017-13:51:42:317 5712 6352 1
20-07-2017-13:51:42:358 6352 6992 1
20-07-2017-13:51:42:403 6992 7632 1
20-07-2017-13:51:42:445 7632 8272 1
20-07-2017-13:51:42:485 8272 8912 1
20-07-2017-13:51:42:529 8912 9552 1
20-07-2017-13:51:42:569 9552 10192 1
20-07-2017-13:51:42:597 10192 10832 1
20-07-2017-13:51:42:643 10832 11472 1
20-07-2017-13:51:42:683 11472 12112 1
20-07-2017-13:51:42:725 12112 12752 1
20-07-2017-13:51:42:770 12752 13392 1
20-07-2017-13:51:42:813 13392 14032 1
20-07-2017-13:51:42:847 14032 14672 1
20-07-2017-13:51:42:882 14672 15312 1
20-07-2017-13:51:42:923 15312 15952 1
20-07-2017-13:51:42:969 15952 16592 1
20-07-2017-13:51:42:998 16592 17232 1
20-07-2017-13:51:43:039 17232 17872 1
20-07-2017-13:51:43:079 17872 18512 1
20-07-2017-13:51:43:120 18512 19152 1
20-07-2017-13:51:43:167 19152 19792 1
20-07-2017-13:51:43:195 19792 20432 1
20-07-2017-13:51:43:237 20432 21072 1
20-07-2017-13:51:43:278 21072 21712 1
20-07-2017-13:51:43:319 21712 22352 1
20-07-2017-13:51:43:365 22352 22992 1
20-07-2017-13:51:43:405 22992 23632 1
20-07-2017-13:51:43:447 23632 24272 1
20-07-2017-13:51:43:492 24272 24912 1
20-07-2017-13:51:43:515 24912 25552 1
20-07-2017-13:51:43:561 25552 26192 1
20-07-2017-13:51:43:601 26192 26832 1
20-07-2017-13:51:43:643 26832 27472 1
20-07-2017-13:51:43:689 27472 28112 1
20-07-2017-13:51:43:718 28112 28752 1
20-07-2017-13:51:43:760 28752 29392 1
20-07-2017-13:51:43:799 29392 30032 1
20-07-2017-13:51:43:840 30032 30672 1
20-07-2017-13:51:43:886 30672 31312 1
20-07-2017-13:51:43:928 31312 31952 1
20-07-2017-13:51:43:956 31952 32592 1
20-07-2017-13:51:43:996 32592 33232 1
20-07-2017-13:51:44:038 33232 33872 1
20-07-2017-13:51:44:085 33872 34512 1
20-07-2017-13:51:44:126 34512 35152 1
20-07-2017-13:51:44:163 35152 35792 1
20-07-2017-13:51:44:206 35792 36432 1
20-07-2017-13:51:44:251 36432 37072 1
20-07-2017-13:51:44:293 37072 37712 1
20-07-2017-13:51:44:320 37712 38352 1
20-07-2017-13:51:44:361 38352 38992 1
20-07-2017-13:51:44:401 38992 39632 1
20-07-2017-13:51:44:455 39632 40192 1
20-07-2017-13:51:44:470 40192 40752 1
20-07-2017-13:51:44:511 40752 41312 1
20-07-2017-13:51:44:536 41312 41872 1
20-07-2017-13:51:44:582 41872 42432 1
20-07-2017-13:51:44:621 42432 42992 1
20-07-2017-13:51:44:673 42992 43552 1
20-07-2017-13:51:44:684 43552 44112 1
20-07-2017-13:51:44:735 44112 44672 1
20-07-2017-13:51:44:750 44672 45232 1
20-07-2017-13:51:44:792 45232 45792 1
20-07-2017-13:51:44:820 45792 46352 1
20-07-2017-13:51:44:860 46352 46912 1
20-07-2017-13:51:44:887 46912 47472 1
20-07-2017-13:51:44:929 47472 48032 1
20-07-2017-13:51:44:958 48032 48592 1
20-07-2017-13:51:44:999 48592 49152 1
20-07-2017-13:51:45:031 49152 49712 1
20-07-2017-13:51:45:064 49712 50272 1
20-07-2017-13:51:45:222 50272 50832 1
20-07-2017-13:51:45:223 50832 51392 1
20-07-2017-13:51:45:223 51392 51952 1
20-07-2017-13:51:45:223 51952 52512 1
20-07-2017-13:51:45:237 52512 53072 1
20-07-2017-13:51:45:278 53072 53632 1
20-07-2017-13:51:45:307 53632 54192 1
20-07-2017-13:51:45:345 54192 54752 1
20-07-2017-13:51:45:386 54752 55312 1
20-07-2017-13:51:45:415 55312 55872 1
20-07-2017-13:51:45:457 55872 56432 1
20-07-2017-13:51:45:486 56432 56992 1
20-07-2017-13:51:45:533 56992 57552 1
20-07-2017-13:51:45:561 57552 58112 1
20-07-2017-13:51:45:601 58112 58672 1
20-07-2017-13:51:45:631 58672 59232 1
20-07-2017-13:51:45:660 59232 59792 1
20-07-2017-13:51:45:701 59792 60352 1
20-07-2017-13:51:45:729 60352 60912 1
20-07-2017-13:51:45:771 60912 61472 1
20-07-2017-13:51:45:798 61472 62032 1
20-07-2017-13:51:45:840 62032 62592 1
20-07-2017-13:51:45:870 62592 63152 1
20-07-2017-13:51:45:910 63152 63712 1
20-07-2017-13:51:45:939 63712 64272 1
20-07-2017-13:51:45:979 64272 64832 1
20-07-2017-13:51:46:009 64832 65392 1
20-07-2017-13:51:46:048 65392 65952 1
20-07-2017-13:51:46:077 65952 66512 1
20-07-2017-13:51:46:123 66512 67072 1
20-07-2017-13:51:46:146 67072 67632 1
20-07-2017-13:51:46:193 67632 68192 1
20-07-2017-13:51:46:222 68192 68752 1
20-07-2017-13:51:46:262 68752 69312 1
20-07-2017-13:51:46:291 69312 69872 1
20-07-2017-13:51:46:332 69872 70432 1
20-07-2017-13:51:46:361 70432 70992 1
20-07-2017-13:51:46:401 70992 71552 1
20-07-2017-13:51:46:431 71552 72112 1
20-07-2017-13:51:46:470 72112 72672 1
20-07-2017-13:51:46:500 72672 73232 1
20-07-2017-13:51:46:540 73232 73792 1
20-07-2017-13:51:46:570 73792 74352 1
20-07-2017-13:51:46:616 74352 74912 1
20-07-2017-13:51:46:639 74912 75472 1
20-07-2017-13:51:46:684 75472 76032 1
20-07-2017-13:51:46:715 76032 76592 1
20-07-2017-13:51:46:755 76592 77152 1
20-07-2017-13:51:46:785 77152 77712 1
20-07-2017-13:51:46:826 77712 78272 1
20-07-2017-13:51:46:853 78272 78832 1
20-07-2017-13:51:46:883 78832 79392 1
20-07-2017-13:51:46:923 79392 79952 1
20-07-2017-13:51:46:952 79952 80512 1
20-07-2017-13:51:46:992 80512 81072 1
20-07-2017-13:51:47:021 81072 81632 1
20-07-2017-13:51:47:062 81632 82192 1
20-07-2017-13:51:47:092 82192 82752 1
20-07-2017-13:51:47:131 82752 83312 1
20-07-2017-13:51:47:178 83312 83872 1
20-07-2017-13:51:47:201 83872 84432 1
20-07-2017-13:51:47:247 84432 84992 1
20-07-2017-13:51:47:276 84992 85552 1
20-07-2017-13:51:47:317 85552 86112 1
20-07-2017-13:51:47:347 86112 86672 1
20-07-2017-13:51:47:376 86672 87232 1
20-07-2017-13:51:47:415 87232 87792 1
20-07-2017-13:51:47:448 87792 88352 1
20-07-2017-13:51:47:486 88352 88912 1
20-07-2017-13:51:47:515 88912 89472 1
20-07-2017-13:51:47:557 89472 90032 1
20-07-2017-13:51:47:586 90032 90592 1
20-07-2017-13:51:47:626 90592 91152 1
20-07-2017-13:51:47:655 91152 91712 1
20-07-2017-13:51:47:694 91712 92272 1
20-07-2017-13:51:47:724 92272 92832 1
20-07-2017-13:51:47:765 92832 93392 1
20-07-2017-13:51:47:795 93392 93952 1
20-07-2017-13:51:47:839 93952 94512 1
20-07-2017-13:51:47:864 94512 95072 1
20-07-2017-13:51:47:907 95072 95632 1
20-07-2017-13:51:47:937 95632 96192 1
20-07-2017-13:51:47:978 96192 96752 1
20-07-2017-13:51:48:006 96752 97312 1
20-07-2017-13:51:48:048 97312 97872 1
20-07-2017-13:51:48:075 97872 98432 1
20-07-2017-13:51:48:117 98432 98992 1
20-07-2017-13:51:48:146 98992 99552 1
20-07-2017-13:51:48:186 99552 100112 1
20-07-2017-13:51:48:215 100112 100672 1
20-07-2017-13:51:48:510 100672 101232 1
20-07-2017-13:51:48:512 101232 101792 1
20-07-2017-13:51:48:512 101792 102352 1
20-07-2017-13:51:48:512 102352 102912 1
20-07-2017-13:51:48:513 102912 103472 1
20-07-2017-13:51:48:513 103472 104032 1
20-07-2017-13:51:48:514 104032 104592 1
20-07-2017-13:51:48:514 104592 105152 1
20-07-2017-13:51:48:528 105152 105712 1
20-07-2017-13:51:48:569 105712 106272 1
20-07-2017-13:51:48:599 106272 106832 1
20-07-2017-13:51:48:637 106832 107392 1
20-07-2017-13:51:48:666 107392 107952 1
20-07-2017-13:51:48:706 107952 108512 1
20-07-2017-13:51:48:736 108512 109072 1
20-07-2017-13:51:48:781 109072 109632 1
20-07-2017-13:51:48:806 109632 110192 1
20-07-2017-13:51:48:852 110192 110752 1
20-07-2017-13:51:48:881 110752 111312 1
20-07-2017-13:51:48:920 111312 111872 1
20-07-2017-13:51:48:950 111872 112432 1
20-07-2017-13:51:48:993 112432 112992 1
20-07-2017-13:51:49:020 112992 113552 1
20-07-2017-13:51:49:061 113552 114112 1
20-07-2017-13:51:49:090 114112 114672 1
20-07-2017-13:51:49:132 114672 115232 1
20-07-2017-13:51:49:161 115232 115792 1
20-07-2017-13:51:49:201 115792 116352 1
20-07-2017-13:51:49:228 116352 116912 1
20-07-2017-13:51:49:270 116912 117472 1
20-07-2017-13:51:49:299 117472 118032 1
20-07-2017-13:51:49:341 118032 118592 1
20-07-2017-13:51:49:370 118592 119152 1
20-07-2017-13:51:49:409 119152 119712 1
20-07-2017-13:51:49:438 119712 120272 1
20-07-2017-13:51:49:485 120272 120832 1
20-07-2017-13:51:49:508 120832 121392 1
20-07-2017-13:51:49:556 121392 121952 1
20-07-2017-13:51:49:585 121952 122512 1
20-07-2017-13:51:49:626 122512 123072 1
20-07-2017-13:51:49:654 123072 123632 1
20-07-2017-13:51:49:683 123632 124192 1
20-07-2017-13:51:49:723 124192 124752 1
20-07-2017-13:51:49:752 124752 125312 1
