20-07-2017-14:20:59:817 0 656 1
20-07-2017-14:20:59:850 656 1312 1
20-07-2017-14:20:59:890 1312 1968 1
20-07-2017-14:20:59:930 1968 2624 1
20-07-2017-14:20:59:973 2624 3280 1
20-07-2017-14:21:00:013 3280 3936 1
20-07-2017-14:21:00:059 3936 4592 1
20-07-2017-14:21:00:104 4592 5248 1
20-07-2017-14:21:00:145 5248 5904 1
20-07-2017-14:21:00:174 5904 6560 1
20-07-2017-14:21:00:214 6560 7216 1
20-07-2017-14:21:00:254 7216 7872 1
20-07-2017-14:21:00:296 7872 8528 1
20-07-2017-14:21:00:348 8528 9168 1
20-07-2017-14:21:00:380 9168 9808 1
20-07-2017-14:21:00:416 9808 10448 1
20-07-2017-14:21:00:457 10448 11088 1
20-07-2017-14:21:00:503 11088 11728 1
20-07-2017-14:21:00:543 11728 12368 1
20-07-2017-14:21:00:584 12368 13008 1
20-07-2017-14:21:00:632 13008 13648 1
20-07-2017-14:21:00:671 13648 14288 1
20-07-2017-14:21:00:700 14288 14928 1
20-07-2017-14:21:00:740 14928 15568 1
20-07-2017-14:21:00:781 15568 16208 1
20-07-2017-14:21:00:821 16208 16848 1
20-07-2017-14:21:00:867 16848 17488 1
20-07-2017-14:21:00:909 17488 18128 1
20-07-2017-14:21:00:937 18128 18768 1
20-07-2017-14:21:00:978 18768 19408 1
20-07-2017-14:21:01:018 19408 20048 1
20-07-2017-14:21:01:058 20048 20688 1
20-07-2017-14:21:01:098 20688 21328 1
20-07-2017-14:21:01:139 21328 21968 1
20-07-2017-14:21:01:186 21968 22608 1
20-07-2017-14:21:01:228 22608 23248 1
20-07-2017-14:21:01:259 23248 23888 1
20-07-2017-14:21:01:296 23888 24528 1
20-07-2017-14:21:01:338 24528 25168 1
20-07-2017-14:21:01:379 25168 25808 1
20-07-2017-14:21:01:420 25808 26448 1
20-07-2017-14:21:01:465 26448 27088 1
20-07-2017-14:21:01:506 27088 27728 1
20-07-2017-14:21:01:536 27728 28368 1
20-07-2017-14:21:01:578 28368 29008 1
20-07-2017-14:21:01:618 29008 29648 1
20-07-2017-14:21:01:659 29648 30288 1
20-07-2017-14:21:01:697 30288 30928 1
20-07-2017-14:21:01:741 30928 31568 1
20-07-2017-14:21:01:781 31568 32208 1
20-07-2017-14:21:01:824 32208 32848 1
20-07-2017-14:21:01:863 32848 33488 1
20-07-2017-14:21:01:905 33488 34128 1
20-07-2017-14:21:01:953 34128 34768 1
20-07-2017-14:21:01:991 34768 35408 1
20-07-2017-14:21:02:020 35408 36048 1
20-07-2017-14:21:02:063 36048 36688 1
20-07-2017-14:21:02:107 36688 37328 1
20-07-2017-14:21:02:148 37328 37968 1
20-07-2017-14:21:02:181 37968 38608 1
20-07-2017-14:21:02:217 38608 39248 1
20-07-2017-14:21:02:258 39248 39888 1
20-07-2017-14:21:02:298 39888 40528 1
20-07-2017-14:21:02:351 40528 41168 1
20-07-2017-14:21:02:379 41168 41808 1
20-07-2017-14:21:02:418 41808 42448 1
20-07-2017-14:21:02:459 42448 43088 1
20-07-2017-14:21:02:499 43088 43728 1
20-07-2017-14:21:02:541 43728 44368 1
20-07-2017-14:21:02:586 44368 45008 1
20-07-2017-14:21:02:628 45008 45648 1
20-07-2017-14:21:02:658 45648 46288 1
20-07-2017-14:21:02:698 46288 46928 1
20-07-2017-14:21:02:738 46928 47568 1
20-07-2017-14:21:02:781 47568 48208 1
20-07-2017-14:21:02:820 48208 48848 1
20-07-2017-14:21:02:867 48848 49488 1
20-07-2017-14:21:03:092 49488 50128 1
20-07-2017-14:21:03:093 50128 50768 1
20-07-2017-14:21:03:093 50768 51408 1
20-07-2017-14:21:03:093 51408 52048 1
20-07-2017-14:21:03:093 52048 52688 1
20-07-2017-14:21:03:108 52688 53328 1
20-07-2017-14:21:03:148 53328 53968 1
20-07-2017-14:21:03:194 53968 54608 1
20-07-2017-14:21:03:217 54608 55248 1
20-07-2017-14:21:03:255 55248 55888 1
20-07-2017-14:21:03:296 55888 56528 1
20-07-2017-14:21:03:336 56528 57168 1
20-07-2017-14:21:03:376 57168 57808 1
20-07-2017-14:21:03:421 57808 58448 1
