20-07-2017-14:26:10:914 0 688 1
20-07-2017-14:26:10:948 688 1376 1
20-07-2017-14:26:10:989 1376 2064 1
20-07-2017-14:26:11:041 2064 2720 1
20-07-2017-14:26:11:078 2720 3376 1
20-07-2017-14:26:11:116 3376 4032 1
20-07-2017-14:26:11:154 4032 4688 1
20-07-2017-14:26:11:199 4688 5344 1
20-07-2017-14:26:11:249 5344 6000 1
20-07-2017-14:26:11:287 6000 6656 1
20-07-2017-14:26:11:326 6656 7312 1
20-07-2017-14:26:11:368 7312 7968 1
20-07-2017-14:26:11:414 7968 8624 1
20-07-2017-14:26:11:443 8624 9280 1
20-07-2017-14:26:11:484 9280 9936 1
20-07-2017-14:26:11:528 9936 10592 1
20-07-2017-14:26:11:566 10592 11248 1
20-07-2017-14:26:11:607 11248 11904 1
20-07-2017-14:26:11:648 11904 12560 1
20-07-2017-14:26:11:696 12560 13216 1
20-07-2017-14:26:11:735 13216 13872 1
20-07-2017-14:26:11:777 13872 14528 1
20-07-2017-14:26:11:822 14528 15184 1
20-07-2017-14:26:11:862 15184 15840 1
20-07-2017-14:26:11:892 15840 16496 1
20-07-2017-14:26:11:931 16496 17152 1
20-07-2017-14:26:11:973 17152 17808 1
20-07-2017-14:26:12:018 17808 18464 1
20-07-2017-14:26:12:059 18464 19120 1
20-07-2017-14:26:12:099 19120 19776 1
20-07-2017-14:26:12:145 19776 20432 1
20-07-2017-14:26:12:185 20432 21088 1
20-07-2017-14:26:12:232 21088 21744 1
20-07-2017-14:26:12:261 21744 22400 1
20-07-2017-14:26:12:301 22400 23056 1
20-07-2017-14:26:12:342 23056 23712 1
20-07-2017-14:26:12:383 23712 24368 1
20-07-2017-14:26:12:430 24368 25024 1
20-07-2017-14:26:12:469 25024 25680 1
20-07-2017-14:26:12:513 25680 26336 1
20-07-2017-14:26:12:550 26336 26992 1
20-07-2017-14:26:12:597 26992 27648 1
20-07-2017-14:26:12:637 27648 28304 1
20-07-2017-14:26:12:681 28304 28960 1
20-07-2017-14:26:12:720 28960 29616 1
20-07-2017-14:26:12:766 29616 30272 1
20-07-2017-14:26:12:795 30272 30928 1
20-07-2017-14:26:12:836 30928 31584 1
20-07-2017-14:26:12:877 31584 32240 1
20-07-2017-14:26:12:916 32240 32896 1
20-07-2017-14:26:12:963 32896 33552 1
20-07-2017-14:26:13:014 33552 34208 1
20-07-2017-14:26:13:048 34208 34864 1
20-07-2017-14:26:13:090 34864 35520 1
20-07-2017-14:26:13:130 35520 36176 1
20-07-2017-14:26:13:172 36176 36832 1
20-07-2017-14:26:13:213 36832 37488 1
20-07-2017-14:26:13:259 37488 38144 1
20-07-2017-14:26:13:289 38144 38800 1
20-07-2017-14:26:13:331 38800 39456 1
20-07-2017-14:26:13:371 39456 40112 1
20-07-2017-14:26:13:411 40112 40768 1
20-07-2017-14:26:13:454 40768 41424 1
20-07-2017-14:26:13:497 41424 42080 1
20-07-2017-14:26:13:543 42080 42736 1
20-07-2017-14:26:13:571 42736 43392 1
20-07-2017-14:26:13:613 43392 44048 1
20-07-2017-14:26:13:653 44048 44704 1
20-07-2017-14:26:13:694 44704 45360 1
20-07-2017-14:26:13:740 45360 46016 1
20-07-2017-14:26:13:781 46016 46672 1
20-07-2017-14:26:13:820 46672 47328 1
20-07-2017-14:26:13:866 47328 47984 1
20-07-2017-14:26:13:908 47984 48640 1
20-07-2017-14:26:13:948 48640 49296 1
20-07-2017-14:26:13:987 49296 49952 1
20-07-2017-14:26:14:126 49952 50608 1
20-07-2017-14:26:14:126 50608 51264 1
20-07-2017-14:26:14:127 51264 51920 1
20-07-2017-14:26:14:161 51920 52576 1
20-07-2017-14:26:14:202 52576 53232 1
20-07-2017-14:26:14:231 53232 53888 1
20-07-2017-14:26:14:271 53888 54544 1
20-07-2017-14:26:14:313 54544 55200 1
20-07-2017-14:26:14:359 55200 55856 1
20-07-2017-14:26:14:399 55856 56512 1
20-07-2017-14:26:14:441 56512 57168 1
20-07-2017-14:26:14:488 57168 57824 1
20-07-2017-14:26:14:528 57824 58480 1
20-07-2017-14:26:14:556 58480 59136 1
20-07-2017-14:26:14:598 59136 59792 1
20-07-2017-14:26:14:638 59792 60448 1
20-07-2017-14:26:14:685 60448 61104 1
20-07-2017-14:26:14:726 61104 61760 1
20-07-2017-14:26:14:766 61760 62416 1
20-07-2017-14:26:14:812 62416 63072 1
20-07-2017-14:26:14:854 63072 63728 1
20-07-2017-14:26:14:895 63728 64384 1
20-07-2017-14:26:14:927 64384 65040 1
20-07-2017-14:26:14:969 65040 65696 1
20-07-2017-14:26:15:013 65696 66352 1
20-07-2017-14:26:15:053 66352 67008 1
20-07-2017-14:26:15:094 67008 67664 1
20-07-2017-14:26:15:140 67664 68320 1
20-07-2017-14:26:15:180 68320 68976 1
20-07-2017-14:26:15:222 68976 69632 1
20-07-2017-14:26:15:262 69632 70288 1
20-07-2017-14:26:15:306 70288 70944 1
20-07-2017-14:26:15:336 70944 71600 1
20-07-2017-14:26:15:376 71600 72256 1
20-07-2017-14:26:15:416 72256 72912 1
20-07-2017-14:26:15:456 72912 73568 1
20-07-2017-14:26:15:503 73568 74224 1
20-07-2017-14:26:15:545 74224 74880 1
20-07-2017-14:26:15:584 74880 75536 1
20-07-2017-14:26:15:632 75536 76192 1
20-07-2017-14:26:15:671 76192 76848 1
20-07-2017-14:26:15:713 76848 77504 1
20-07-2017-14:26:15:760 77504 78160 1
20-07-2017-14:26:15:800 78160 78816 1
20-07-2017-14:26:15:829 78816 79472 1
20-07-2017-14:26:15:870 79472 80128 1
20-07-2017-14:26:15:912 80128 80784 1
20-07-2017-14:26:15:957 80784 81440 1
20-07-2017-14:26:15:999 81440 82096 1
20-07-2017-14:26:16:039 82096 82752 1
20-07-2017-14:26:16:084 82752 83408 1
20-07-2017-14:26:16:127 83408 84064 1
20-07-2017-14:26:16:154 84064 84720 1
20-07-2017-14:26:16:195 84720 85376 1
20-07-2017-14:26:16:235 85376 86032 1
20-07-2017-14:26:16:282 86032 86688 1
20-07-2017-14:26:16:324 86688 87344 1
20-07-2017-14:26:16:363 87344 88000 1
20-07-2017-14:26:16:409 88000 88656 1
20-07-2017-14:26:16:457 88656 89312 1
20-07-2017-14:26:16:484 89312 89968 1
20-07-2017-14:26:16:525 89968 90624 1
20-07-2017-14:26:16:567 90624 91280 1
20-07-2017-14:26:16:606 91280 91936 1
20-07-2017-14:26:16:654 91936 92592 1
20-07-2017-14:26:16:694 92592 93248 1
20-07-2017-14:26:16:733 93248 93904 1
20-07-2017-14:26:16:781 93904 94560 1
20-07-2017-14:26:16:820 94560 95216 1
20-07-2017-14:26:16:862 95216 95872 1
20-07-2017-14:26:16:902 95872 96528 1
20-07-2017-14:26:16:950 96528 97184 1
20-07-2017-14:26:16:979 97184 97840 1
20-07-2017-14:26:17:019 97840 98496 1
20-07-2017-14:26:17:059 98496 99152 1
20-07-2017-14:26:17:099 99152 99808 1
20-07-2017-14:26:17:145 99808 100464 1
20-07-2017-14:26:17:279 100464 101120 1
20-07-2017-14:26:17:282 101120 101776 1
20-07-2017-14:26:17:282 101776 102432 1
20-07-2017-14:26:17:313 102432 103088 1
20-07-2017-14:26:17:354 103088 103744 1
20-07-2017-14:26:17:400 103744 104400 1
20-07-2017-14:26:17:429 104400 105056 1
20-07-2017-14:26:17:469 105056 105712 1
20-07-2017-14:26:17:510 105712 106368 1
20-07-2017-14:26:17:550 106368 107024 1
20-07-2017-14:26:17:597 107024 107680 1
20-07-2017-14:26:17:636 107680 108336 1
20-07-2017-14:26:17:678 108336 108992 1
20-07-2017-14:26:17:717 108992 109648 1
20-07-2017-14:26:17:765 109648 110304 1
20-07-2017-14:26:17:806 110304 110960 1
20-07-2017-14:26:17:845 110960 111616 1
20-07-2017-14:26:17:893 111616 112272 1
20-07-2017-14:26:17:920 112272 112928 1
20-07-2017-14:26:17:962 112928 113584 1
20-07-2017-14:26:18:001 113584 114240 1
20-07-2017-14:26:18:043 114240 114896 1
20-07-2017-14:26:18:088 114896 115552 1
20-07-2017-14:26:18:129 115552 116208 1
20-07-2017-14:26:18:170 116208 116864 1
20-07-2017-14:26:18:210 116864 117520 1
20-07-2017-14:26:18:258 117520 118176 1
20-07-2017-14:26:18:297 118176 118832 1
20-07-2017-14:26:18:326 118832 119488 1
20-07-2017-14:26:18:368 119488 120144 1
20-07-2017-14:26:18:409 120144 120800 1
20-07-2017-14:26:18:454 120800 121456 1
20-07-2017-14:26:18:496 121456 122112 1
20-07-2017-14:26:18:537 122112 122768 1
20-07-2017-14:26:18:577 122768 123424 1
20-07-2017-14:26:18:623 123424 124080 1
20-07-2017-14:26:18:663 124080 124736 1
20-07-2017-14:26:18:703 124736 125392 1
20-07-2017-14:26:18:744 125392 126048 1
20-07-2017-14:26:18:792 126048 126704 1
20-07-2017-14:26:18:821 126704 127360 1
20-07-2017-14:26:18:862 127360 128016 1
20-07-2017-14:26:18:900 128016 128672 1
20-07-2017-14:26:18:941 128672 129328 1
20-07-2017-14:26:18:989 129328 129984 1
20-07-2017-14:26:19:029 129984 130640 1
20-07-2017-14:26:19:071 130640 131296 1
20-07-2017-14:26:19:115 131296 131952 1
20-07-2017-14:26:19:156 131952 132608 1
20-07-2017-14:26:19:197 132608 133264 1
20-07-2017-14:26:19:238 133264 133920 1
20-07-2017-14:26:19:284 133920 134576 1
20-07-2017-14:26:19:315 134576 135232 1
20-07-2017-14:26:19:353 135232 135888 1
20-07-2017-14:26:19:394 135888 136544 1
20-07-2017-14:26:19:434 136544 137200 1
20-07-2017-14:26:19:475 137200 137856 1
20-07-2017-14:26:19:521 137856 138512 1
20-07-2017-14:26:19:562 138512 139168 1
20-07-2017-14:26:19:603 139168 139824 1
20-07-2017-14:26:19:647 139824 140480 1
20-07-2017-14:26:19:688 140480 141136 1
20-07-2017-14:26:19:728 141136 141792 1
20-07-2017-14:26:19:768 141792 142448 1
20-07-2017-14:26:19:814 142448 143104 1
20-07-2017-14:26:19:855 143104 143760 1
20-07-2017-14:26:19:896 143760 144416 1
20-07-2017-14:26:19:936 144416 145072 1
20-07-2017-14:26:19:983 145072 145728 1
20-07-2017-14:26:20:022 145728 146384 1
20-07-2017-14:26:20:052 146384 147040 1
20-07-2017-14:26:20:094 147040 147696 1
20-07-2017-14:26:20:134 147696 148352 1
20-07-2017-14:26:20:174 148352 149008 1
20-07-2017-14:26:20:219 149008 149664 1
20-07-2017-14:26:20:261 149664 150320 1
20-07-2017-14:26:20:301 150320 150976 1
