20-07-2017-14:14:51:016 0 656 1
20-07-2017-14:14:51:051 656 1312 1
20-07-2017-14:14:51:108 1312 1968 1
20-07-2017-14:14:51:134 1968 2624 1
20-07-2017-14:14:51:176 2624 3280 1
20-07-2017-14:14:51:216 3280 3936 1
20-07-2017-14:14:51:264 3936 4592 1
20-07-2017-14:14:51:289 4592 5248 1
20-07-2017-14:14:51:330 5248 5904 1
20-07-2017-14:14:51:377 5904 6560 1
20-07-2017-14:14:51:417 6560 7216 1
20-07-2017-14:14:51:457 7216 7872 1
20-07-2017-14:14:51:503 7872 8528 1
20-07-2017-14:14:51:544 8528 9184 1
20-07-2017-14:14:51:585 9184 9840 1
20-07-2017-14:14:51:625 9840 10496 1
20-07-2017-14:14:51:673 10496 11152 1
20-07-2017-14:14:51:712 11152 11808 1
20-07-2017-14:14:51:741 11808 12464 1
20-07-2017-14:14:51:782 12464 13120 1
20-07-2017-14:14:51:822 13120 13776 1
20-07-2017-14:14:51:869 13776 14432 1
20-07-2017-14:14:51:910 14432 15088 1
20-07-2017-14:14:51:950 15088 15744 1
20-07-2017-14:14:51:996 15744 16400 1
20-07-2017-14:14:52:036 16400 17056 1
20-07-2017-14:14:52:078 17056 17712 1
20-07-2017-14:14:52:125 17712 18368 1
20-07-2017-14:14:52:152 18368 19024 1
20-07-2017-14:14:52:193 19024 19680 1
20-07-2017-14:14:52:235 19680 20336 1
20-07-2017-14:14:52:279 20336 20992 1
20-07-2017-14:14:52:324 20992 21648 1
20-07-2017-14:14:52:365 21648 22304 1
20-07-2017-14:14:52:403 22304 22960 1
20-07-2017-14:14:52:445 22960 23616 1
20-07-2017-14:14:52:491 23616 24272 1
20-07-2017-14:14:52:520 24272 24928 1
20-07-2017-14:14:52:562 24928 25584 1
20-07-2017-14:14:52:602 25584 26240 1
20-07-2017-14:14:52:643 26240 26896 1
20-07-2017-14:14:52:687 26896 27552 1
20-07-2017-14:14:52:730 27552 28208 1
20-07-2017-14:14:52:775 28208 28864 1
20-07-2017-14:14:52:816 28864 29520 1
20-07-2017-14:14:52:856 29520 30176 1
20-07-2017-14:14:52:897 30176 30832 1
20-07-2017-14:14:52:943 30832 31488 1
20-07-2017-14:14:52:972 31488 32144 1
20-07-2017-14:14:53:012 32144 32800 1
20-07-2017-14:14:53:052 32800 33456 1
20-07-2017-14:14:53:100 33456 34112 1
20-07-2017-14:14:53:139 34112 34768 1
20-07-2017-14:14:53:181 34768 35424 1
20-07-2017-14:14:53:228 35424 36080 1
20-07-2017-14:14:53:268 36080 36736 1
20-07-2017-14:14:53:310 36736 37392 1
20-07-2017-14:14:53:355 37392 38048 1
20-07-2017-14:14:53:385 38048 38704 1
20-07-2017-14:14:53:426 38704 39360 1
20-07-2017-14:14:53:465 39360 40016 1
20-07-2017-14:14:53:507 40016 40672 1
20-07-2017-14:14:53:553 40672 41328 1
20-07-2017-14:14:53:594 41328 41984 1
20-07-2017-14:14:53:635 41984 42640 1
20-07-2017-14:14:53:676 42640 43296 1
20-07-2017-14:14:53:723 43296 43952 1
20-07-2017-14:14:53:752 43952 44608 1
20-07-2017-14:14:53:794 44608 45264 1
20-07-2017-14:14:53:834 45264 45920 1
20-07-2017-14:14:53:873 45920 46576 1
20-07-2017-14:14:53:920 46576 47232 1
20-07-2017-14:14:53:961 47232 47888 1
20-07-2017-14:14:54:001 47888 48544 1
20-07-2017-14:14:54:046 48544 49200 1
20-07-2017-14:14:54:087 49200 49856 1
20-07-2017-14:14:54:178 49856 50512 1
20-07-2017-14:14:54:179 50512 51168 1
20-07-2017-14:14:54:214 51168 51824 1
20-07-2017-14:14:54:243 51824 52480 1
20-07-2017-14:14:54:284 52480 53136 1
20-07-2017-14:14:54:323 53136 53792 1
20-07-2017-14:14:54:364 53792 54448 1
20-07-2017-14:14:54:410 54448 55104 1
20-07-2017-14:14:54:451 55104 55760 1
20-07-2017-14:14:54:490 55760 56416 1
20-07-2017-14:14:54:536 56416 57072 1
20-07-2017-14:14:54:577 57072 57728 1
20-07-2017-14:14:54:617 57728 58384 1
20-07-2017-14:14:54:665 58384 59040 1
20-07-2017-14:14:54:704 59040 59696 1
20-07-2017-14:14:54:733 59696 60352 1
20-07-2017-14:14:54:775 60352 61008 1
20-07-2017-14:14:54:815 61008 61664 1
20-07-2017-14:14:54:860 61664 62320 1
20-07-2017-14:14:54:902 62320 62976 1
20-07-2017-14:14:54:942 62976 63632 1
20-07-2017-14:14:54:981 63632 64288 1
20-07-2017-14:14:55:024 64288 64944 1
20-07-2017-14:14:55:072 64944 65600 1
20-07-2017-14:14:55:111 65600 66256 1
20-07-2017-14:14:55:153 66256 66912 1
20-07-2017-14:14:55:198 66912 67568 1
20-07-2017-14:14:55:238 67568 68224 1
20-07-2017-14:14:55:268 68224 68880 1
20-07-2017-14:14:55:309 68880 69536 1
20-07-2017-14:14:55:348 69536 70192 1
20-07-2017-14:14:55:394 70192 70848 1
20-07-2017-14:14:55:436 70848 71504 1
20-07-2017-14:14:55:476 71504 72160 1
20-07-2017-14:14:55:515 72160 72816 1
20-07-2017-14:14:55:563 72816 73472 1
20-07-2017-14:14:55:603 73472 74128 1
20-07-2017-14:14:55:643 74128 74784 1
20-07-2017-14:14:55:689 74784 75440 1
20-07-2017-14:14:55:729 75440 76096 1
20-07-2017-14:14:55:759 76096 76752 1
20-07-2017-14:14:55:801 76752 77408 1
20-07-2017-14:14:55:842 77408 78064 1
20-07-2017-14:14:55:886 78064 78720 1
20-07-2017-14:14:55:927 78720 79376 1
20-07-2017-14:14:55:969 79376 80032 1
20-07-2017-14:14:56:014 80032 80688 1
20-07-2017-14:14:56:053 80688 81344 1
20-07-2017-14:14:56:096 81344 82000 1
20-07-2017-14:14:56:135 82000 82656 1
20-07-2017-14:14:56:182 82656 83312 1
20-07-2017-14:14:56:212 83312 83968 1
20-07-2017-14:14:56:252 83968 84624 1
20-07-2017-14:14:56:293 84624 85280 1
20-07-2017-14:14:56:334 85280 85936 1
20-07-2017-14:14:56:380 85936 86592 1
20-07-2017-14:14:56:420 86592 87248 1
20-07-2017-14:14:56:462 87248 87904 1
20-07-2017-14:14:56:503 87904 88560 1
20-07-2017-14:14:56:550 88560 89216 1
20-07-2017-14:14:56:591 89216 89872 1
20-07-2017-14:14:56:630 89872 90528 1
20-07-2017-14:14:56:670 90528 91184 1
20-07-2017-14:14:56:717 91184 91840 1
20-07-2017-14:14:56:757 91840 92496 1
20-07-2017-14:14:56:784 92496 93152 1
20-07-2017-14:14:56:826 93152 93808 1
20-07-2017-14:14:56:866 93808 94464 1
20-07-2017-14:14:56:914 94464 95120 1
20-07-2017-14:14:56:954 95120 95776 1
20-07-2017-14:14:56:994 95776 96432 1
20-07-2017-14:14:57:042 96432 97088 1
20-07-2017-14:14:57:083 97088 97744 1
20-07-2017-14:14:57:112 97744 98400 1
20-07-2017-14:14:57:152 98400 99056 1
20-07-2017-14:14:57:193 99056 99712 1
20-07-2017-14:14:57:239 99712 100368 1
20-07-2017-14:14:57:354 100368 101024 1
20-07-2017-14:14:57:356 101024 101680 1
20-07-2017-14:14:57:366 101680 102336 1
20-07-2017-14:14:57:408 102336 102992 1
20-07-2017-14:14:57:449 102992 103648 1
20-07-2017-14:14:57:489 103648 104304 1
20-07-2017-14:14:57:535 104304 104960 1
20-07-2017-14:14:57:564 104960 105616 1
20-07-2017-14:14:57:605 105616 106272 1
20-07-2017-14:14:57:644 106272 106928 1
20-07-2017-14:14:57:686 106928 107584 1
20-07-2017-14:14:57:732 107584 108240 1
20-07-2017-14:14:57:772 108240 108896 1
20-07-2017-14:14:57:814 108896 109552 1
20-07-2017-14:14:57:860 109552 110208 1
20-07-2017-14:14:57:902 110208 110864 1
20-07-2017-14:14:57:941 110864 111520 1
20-07-2017-14:14:57:987 111520 112176 1
20-07-2017-14:14:58:026 112176 112832 1
20-07-2017-14:14:58:067 112832 113488 1
20-07-2017-14:14:58:106 113488 114144 1
20-07-2017-14:14:58:135 114144 114800 1
20-07-2017-14:14:58:177 114800 115456 1
20-07-2017-14:14:58:217 115456 116112 1
20-07-2017-14:14:58:263 116112 116768 1
20-07-2017-14:14:58:304 116768 117424 1
20-07-2017-14:14:58:345 117424 118080 1
20-07-2017-14:14:58:391 118080 118736 1
20-07-2017-14:14:58:429 118736 119392 1
20-07-2017-14:14:58:471 119392 120048 1
20-07-2017-14:14:58:518 120048 120704 1
20-07-2017-14:14:58:558 120704 121360 1
20-07-2017-14:14:58:598 121360 122016 1
20-07-2017-14:14:58:645 122016 122672 1
20-07-2017-14:14:58:686 122672 123328 1
20-07-2017-14:14:58:715 123328 123984 1
20-07-2017-14:14:58:754 123984 124640 1
20-07-2017-14:14:58:796 124640 125296 1
20-07-2017-14:14:58:843 125296 125952 1
20-07-2017-14:14:58:883 125952 126608 1
20-07-2017-14:14:58:923 126608 127264 1
20-07-2017-14:14:58:968 127264 127920 1
20-07-2017-14:14:59:009 127920 128576 1
20-07-2017-14:14:59:039 128576 129232 1
20-07-2017-14:14:59:087 129232 129888 1
20-07-2017-14:14:59:126 129888 130544 1
20-07-2017-14:14:59:175 130544 131200 1
20-07-2017-14:14:59:211 131200 131856 1
20-07-2017-14:14:59:255 131856 132512 1
20-07-2017-14:14:59:300 132512 133168 1
20-07-2017-14:14:59:338 133168 133824 1
20-07-2017-14:14:59:367 133824 134480 1
20-07-2017-14:14:59:409 134480 135136 1
20-07-2017-14:14:59:450 135136 135792 1
20-07-2017-14:14:59:495 135792 136448 1
20-07-2017-14:14:59:534 136448 137104 1
20-07-2017-14:14:59:586 137104 137760 1
20-07-2017-14:14:59:620 137760 138416 1
20-07-2017-14:14:59:659 138416 139072 1
20-07-2017-14:14:59:705 139072 139728 1
20-07-2017-14:14:59:747 139728 140384 1
20-07-2017-14:14:59:784 140384 141040 1
20-07-2017-14:14:59:822 141040 141696 1
20-07-2017-14:14:59:868 141696 142352 1
20-07-2017-14:14:59:908 142352 143008 1
20-07-2017-14:14:59:948 143008 143664 1
20-07-2017-14:14:59:989 143664 144320 1
20-07-2017-14:15:00:037 144320 144976 1
20-07-2017-14:15:00:065 144976 145632 1
20-07-2017-14:15:00:106 145632 146288 1
20-07-2017-14:15:00:147 146288 146944 1
20-07-2017-14:15:00:194 146944 147600 1
20-07-2017-14:15:00:235 147600 148256 1
20-07-2017-14:15:00:275 148256 148912 1
20-07-2017-14:15:00:316 148912 149568 1
20-07-2017-14:15:00:362 149568 150224 1
20-07-2017-14:15:00:390 150224 150880 1
20-07-2017-14:15:00:504 150880 151536 1
20-07-2017-14:15:00:505 151536 152192 1
20-07-2017-14:15:00:519 152192 152848 1
20-07-2017-14:15:00:559 152848 153504 1
20-07-2017-14:15:00:600 153504 154160 1
20-07-2017-14:15:00:642 154160 154816 1
20-07-2017-14:15:00:687 154816 155472 1
20-07-2017-14:15:00:727 155472 156128 1
20-07-2017-14:15:00:767 156128 156784 1
20-07-2017-14:15:00:813 156784 157440 1
20-07-2017-14:15:00:844 157440 158096 1
20-07-2017-14:15:00:883 158096 158752 1
20-07-2017-14:15:00:926 158752 159408 1
20-07-2017-14:15:00:972 159408 160064 1
20-07-2017-14:15:01:013 160064 160720 1
20-07-2017-14:15:01:056 160720 161376 1
20-07-2017-14:15:01:096 161376 162032 1
20-07-2017-14:15:01:142 162032 162688 1
20-07-2017-14:15:01:183 162688 163344 1
20-07-2017-14:15:01:212 163344 164000 1
20-07-2017-14:15:01:252 164000 164656 1
20-07-2017-14:15:01:293 164656 165312 1
20-07-2017-14:15:01:341 165312 165968 1
20-07-2017-14:15:01:380 165968 166624 1
20-07-2017-14:15:01:426 166624 167280 1
20-07-2017-14:15:01:469 167280 167936 1
20-07-2017-14:15:01:508 167936 168592 1
20-07-2017-14:15:01:550 168592 169248 1
20-07-2017-14:15:01:597 169248 169904 1
20-07-2017-14:15:01:624 169904 170560 1
20-07-2017-14:15:01:668 170560 171216 1
20-07-2017-14:15:01:706 171216 171872 1
20-07-2017-14:15:01:747 171872 172528 1
20-07-2017-14:15:01:792 172528 173184 1
20-07-2017-14:15:01:834 173184 173840 1
20-07-2017-14:15:01:874 173840 174496 1
20-07-2017-14:15:01:914 174496 175152 1
20-07-2017-14:15:01:961 175152 175808 1
20-07-2017-14:15:01:990 175808 176464 1
20-07-2017-14:15:02:030 176464 177120 1
20-07-2017-14:15:02:072 177120 177776 1
20-07-2017-14:15:02:118 177776 178432 1
20-07-2017-14:15:02:157 178432 179088 1
20-07-2017-14:15:02:200 179088 179744 1
20-07-2017-14:15:02:240 179744 180400 1
20-07-2017-14:15:02:285 180400 181056 1
20-07-2017-14:15:02:327 181056 181712 1
20-07-2017-14:15:02:366 181712 182368 1
20-07-2017-14:15:02:414 182368 183024 1
20-07-2017-14:15:02:454 183024 183680 1
20-07-2017-14:15:02:483 183680 184336 1
20-07-2017-14:15:02:526 184336 184992 1
20-07-2017-14:15:02:568 184992 185648 1
20-07-2017-14:15:02:608 185648 186304 1
20-07-2017-14:15:02:656 186304 186960 1
20-07-2017-14:15:02:695 186960 187616 1
20-07-2017-14:15:02:737 187616 188272 1
20-07-2017-14:15:02:783 188272 188928 1
20-07-2017-14:15:02:811 188928 189584 1
20-07-2017-14:15:02:852 189584 190240 1
20-07-2017-14:15:02:892 190240 190896 1
20-07-2017-14:15:02:940 190896 191552 1
20-07-2017-14:15:02:980 191552 192208 1
20-07-2017-14:15:03:026 192208 192864 1
20-07-2017-14:15:03:066 192864 193520 1
20-07-2017-14:15:03:107 193520 194176 1
20-07-2017-14:15:03:148 194176 194832 1
20-07-2017-14:15:03:192 194832 195488 1
20-07-2017-14:15:03:222 195488 196144 1
20-07-2017-14:15:03:263 196144 196800 1
20-07-2017-14:15:03:303 196800 197456 1
20-07-2017-14:15:03:351 197456 198112 1
20-07-2017-14:15:03:391 198112 198768 1
20-07-2017-14:15:03:432 198768 199424 1
20-07-2017-14:15:03:478 199424 200080 1
20-07-2017-14:15:03:520 200080 200736 1
20-07-2017-14:15:03:559 200736 201392 1
20-07-2017-14:15:03:720 201392 202048 1
20-07-2017-14:15:03:722 202048 202704 1
20-07-2017-14:15:03:722 202704 203360 1
20-07-2017-14:15:03:723 203360 204016 1
20-07-2017-14:15:03:763 204016 204672 1
20-07-2017-14:15:03:803 204672 205328 1
20-07-2017-14:15:03:843 205328 205984 1
20-07-2017-14:15:03:885 205984 206640 1
20-07-2017-14:15:03:931 206640 207296 1
20-07-2017-14:15:03:973 207296 207952 1
20-07-2017-14:15:04:002 207952 208608 1
20-07-2017-14:15:04:056 208608 209264 1
20-07-2017-14:15:04:086 209264 209920 1
20-07-2017-14:15:04:127 209920 210576 1
20-07-2017-14:15:04:172 210576 211232 1
20-07-2017-14:15:04:211 211232 211888 1
20-07-2017-14:15:04:254 211888 212544 1
20-07-2017-14:15:04:292 212544 213200 1
20-07-2017-14:15:04:339 213200 213856 1
20-07-2017-14:15:04:369 213856 214512 1
20-07-2017-14:15:04:409 214512 215168 1
20-07-2017-14:15:04:462 215168 215808 1
20-07-2017-14:15:04:495 215808 216448 1
20-07-2017-14:15:04:536 216448 217088 1
20-07-2017-14:15:04:576 217088 217728 1
20-07-2017-14:15:04:618 217728 218368 1
20-07-2017-14:15:04:663 218368 219008 1
20-07-2017-14:15:04:693 219008 219648 1
20-07-2017-14:15:04:732 219648 220288 1
20-07-2017-14:15:04:774 220288 220928 1
20-07-2017-14:15:04:820 220928 221568 1
20-07-2017-14:15:04:860 221568 222208 1
20-07-2017-14:15:04:890 222208 222848 1
20-07-2017-14:15:04:931 222848 223488 1
20-07-2017-14:15:04:971 223488 224128 1
20-07-2017-14:15:05:019 224128 224768 1
20-07-2017-14:15:05:059 224768 225408 1
20-07-2017-14:15:05:100 225408 226048 1
20-07-2017-14:15:05:129 226048 226688 1
20-07-2017-14:15:05:169 226688 227328 1
20-07-2017-14:15:05:217 227328 227968 1
20-07-2017-14:15:05:256 227968 228608 1
20-07-2017-14:15:05:298 228608 229248 1
20-07-2017-14:15:05:344 229248 229888 1
20-07-2017-14:15:05:373 229888 230528 1
20-07-2017-14:15:05:413 230528 231168 1
20-07-2017-14:15:05:456 231168 231808 1
20-07-2017-14:15:05:500 231808 232448 1
20-07-2017-14:15:05:540 232448 233088 1
20-07-2017-14:15:05:570 233088 233728 1
20-07-2017-14:15:05:616 233728 234368 1
