20-07-2017-13:53:31:035 0 800 1
20-07-2017-13:53:31:087 800 1520 1
20-07-2017-13:53:31:138 1520 2240 1
20-07-2017-13:53:31:179 2240 2960 1
20-07-2017-13:53:31:221 2960 3680 1
20-07-2017-13:53:31:267 3680 4400 1
20-07-2017-13:53:31:305 4400 5120 1
20-07-2017-13:53:31:358 5120 5840 1
20-07-2017-13:53:31:404 5840 6560 1
20-07-2017-13:53:31:444 6560 7280 1
20-07-2017-13:53:31:485 7280 8000 1
20-07-2017-13:53:31:533 8000 8720 1
20-07-2017-13:53:31:585 8720 9440 1
20-07-2017-13:53:31:625 9440 10160 1
20-07-2017-13:53:31:671 10160 10880 1
20-07-2017-13:53:31:713 10880 11600 1
20-07-2017-13:53:31:765 11600 12288 1
20-07-2017-13:53:31:800 12288 12976 1
20-07-2017-13:53:31:841 12976 13664 1
20-07-2017-13:53:31:893 13664 14336 1
20-07-2017-13:53:31:927 14336 15008 1
20-07-2017-13:53:31:968 15008 15680 1
20-07-2017-13:53:32:010 15680 16352 1
20-07-2017-13:53:32:054 16352 17024 1
20-07-2017-13:53:32:095 17024 17696 1
20-07-2017-13:53:32:137 17696 18368 1
20-07-2017-13:53:32:177 18368 19040 1
20-07-2017-13:53:32:223 19040 19712 1
20-07-2017-13:53:32:265 19712 20384 1
20-07-2017-13:53:32:305 20384 21056 1
20-07-2017-13:53:32:346 21056 21728 1
