20-07-2017-12:02:33:865 0 720 1
20-07-2017-12:02:33:903 720 1440 1
20-07-2017-12:02:33:949 1440 2160 1
20-07-2017-12:02:33:996 2160 2880 1
20-07-2017-12:02:34:049 2880 3600 1
20-07-2017-12:02:34:094 3600 4320 1
20-07-2017-12:02:34:132 4320 5040 1
20-07-2017-12:02:34:179 5040 5760 1
20-07-2017-12:02:34:219 5760 6480 1
20-07-2017-12:02:34:270 6480 7168 1
20-07-2017-12:02:34:318 7168 7856 1
20-07-2017-12:02:34:347 7856 8544 1
20-07-2017-12:02:34:399 8544 9216 1
20-07-2017-12:02:34:434 9216 9888 1
20-07-2017-12:02:34:476 9888 10560 1
20-07-2017-12:02:34:518 10560 11232 1
20-07-2017-12:02:34:564 11232 11904 1
20-07-2017-12:02:34:611 11904 12576 1
20-07-2017-12:02:34:648 12576 13248 1
20-07-2017-12:02:34:687 13248 13920 1
20-07-2017-12:02:34:735 13920 14592 1
20-07-2017-12:02:34:770 14592 15264 1
20-07-2017-12:02:34:810 15264 15936 1
20-07-2017-12:02:34:850 15936 16608 1
20-07-2017-12:02:34:902 16608 17248 1
20-07-2017-12:02:34:930 17248 17888 1
20-07-2017-12:02:34:977 17888 18528 1
20-07-2017-12:02:35:019 18528 19168 1
20-07-2017-12:02:35:060 19168 19808 1
20-07-2017-12:02:35:100 19808 20448 1
20-07-2017-12:02:35:141 20448 21088 1
20-07-2017-12:02:35:172 21088 21728 1
20-07-2017-12:02:35:219 21728 22368 1
20-07-2017-12:02:35:258 22368 23008 1
20-07-2017-12:02:35:297 23008 23648 1
20-07-2017-12:02:35:339 23648 24288 1
20-07-2017-12:02:35:386 24288 24928 1
20-07-2017-12:02:35:415 24928 25568 1
20-07-2017-12:02:35:456 25568 26208 1
20-07-2017-12:02:35:495 26208 26848 1
20-07-2017-12:02:35:537 26848 27488 1
20-07-2017-12:02:35:581 27488 28128 1
20-07-2017-12:02:35:611 28128 28768 1
20-07-2017-12:02:35:651 28768 29408 1
20-07-2017-12:02:35:691 29408 30048 1
20-07-2017-12:02:35:732 30048 30688 1
20-07-2017-12:02:35:778 30688 31328 1
20-07-2017-12:02:35:819 31328 31968 1
20-07-2017-12:02:35:858 31968 32608 1
20-07-2017-12:02:35:906 32608 33248 1
20-07-2017-12:02:35:936 33248 33888 1
20-07-2017-12:02:35:975 33888 34528 1
20-07-2017-12:02:36:015 34528 35168 1
20-07-2017-12:02:36:056 35168 35808 1
20-07-2017-12:02:36:101 35808 36448 1
20-07-2017-12:02:36:130 36448 37088 1
20-07-2017-12:02:36:171 37088 37728 1
20-07-2017-12:02:36:212 37728 38368 1
20-07-2017-12:02:36:253 38368 39008 1
20-07-2017-12:02:36:300 39008 39648 1
20-07-2017-12:02:36:339 39648 40288 1
20-07-2017-12:02:36:380 40288 40928 1
20-07-2017-12:02:36:420 40928 41568 1
20-07-2017-12:02:36:449 41568 42208 1
20-07-2017-12:02:36:489 42208 42848 1
20-07-2017-12:02:36:536 42848 43488 1
20-07-2017-12:02:36:577 43488 44128 1
20-07-2017-12:02:36:619 44128 44768 1
20-07-2017-12:02:36:664 44768 45408 1
20-07-2017-12:02:36:694 45408 46048 1
20-07-2017-12:02:36:737 46048 46688 1
20-07-2017-12:02:36:772 46688 47328 1
20-07-2017-12:02:36:815 47328 47968 1
20-07-2017-12:02:36:855 47968 48608 1
20-07-2017-12:02:36:895 48608 49248 1
20-07-2017-12:02:36:936 49248 49888 1
20-07-2017-12:02:37:181 49888 50528 1
20-07-2017-12:02:37:183 50528 51168 1
20-07-2017-12:02:37:183 51168 51808 1
20-07-2017-12:02:37:183 51808 52448 1
20-07-2017-12:02:37:183 52448 53088 1
20-07-2017-12:02:37:183 53088 53728 1
20-07-2017-12:02:37:220 53728 54368 1
20-07-2017-12:02:37:261 54368 55008 1
20-07-2017-12:02:37:290 55008 55648 1
20-07-2017-12:02:37:331 55648 56288 1
20-07-2017-12:02:37:372 56288 56928 1
20-07-2017-12:02:37:420 56928 57568 1
20-07-2017-12:02:37:459 57568 58208 1
20-07-2017-12:02:37:505 58208 58848 1
20-07-2017-12:02:37:542 58848 59488 1
20-07-2017-12:02:37:570 59488 60128 1
20-07-2017-12:02:37:618 60128 60768 1
20-07-2017-12:02:37:656 60768 61408 1
20-07-2017-12:02:37:698 61408 62048 1
20-07-2017-12:02:37:736 62048 62688 1
20-07-2017-12:02:37:783 62688 63328 1
20-07-2017-12:02:37:812 63328 63968 1
20-07-2017-12:02:37:854 63968 64608 1
20-07-2017-12:02:37:894 64608 65248 1
20-07-2017-12:02:37:939 65248 65888 1
20-07-2017-12:02:37:979 65888 66528 1
20-07-2017-12:02:38:019 66528 67168 1
20-07-2017-12:02:38:059 67168 67808 1
20-07-2017-12:02:38:105 67808 68448 1
20-07-2017-12:02:38:133 68448 69088 1
20-07-2017-12:02:38:175 69088 69728 1
20-07-2017-12:02:38:217 69728 70368 1
20-07-2017-12:02:38:256 70368 71008 1
20-07-2017-12:02:38:304 71008 71648 1
20-07-2017-12:02:38:345 71648 72288 1
20-07-2017-12:02:38:373 72288 72928 1
20-07-2017-12:02:38:414 72928 73568 1
20-07-2017-12:02:38:456 73568 74208 1
20-07-2017-12:02:38:501 74208 74848 1
20-07-2017-12:02:38:543 74848 75488 1
20-07-2017-12:02:38:572 75488 76128 1
20-07-2017-12:02:38:612 76128 76768 1
20-07-2017-12:02:38:653 76768 77408 1
20-07-2017-12:02:38:699 77408 78048 1
20-07-2017-12:02:38:741 78048 78688 1
20-07-2017-12:02:38:781 78688 79328 1
20-07-2017-12:02:38:810 79328 79968 1
20-07-2017-12:02:38:850 79968 80608 1
20-07-2017-12:02:38:895 80608 81248 1
20-07-2017-12:02:38:937 81248 81888 1
20-07-2017-12:02:38:977 81888 82528 1
20-07-2017-12:02:39:025 82528 83168 1
20-07-2017-12:02:39:054 83168 83808 1
20-07-2017-12:02:39:094 83808 84448 1
20-07-2017-12:02:39:134 84448 85088 1
20-07-2017-12:02:39:187 85088 85728 1
20-07-2017-12:02:39:220 85728 86368 1
20-07-2017-12:02:39:256 86368 87008 1
20-07-2017-12:02:39:300 87008 87648 1
20-07-2017-12:02:39:343 87648 88288 1
20-07-2017-12:02:39:369 88288 88928 1
20-07-2017-12:02:39:412 88928 89568 1
20-07-2017-12:02:39:454 89568 90208 1
20-07-2017-12:02:39:497 90208 90848 1
20-07-2017-12:02:39:538 90848 91488 1
20-07-2017-12:02:39:580 91488 92128 1
20-07-2017-12:02:39:619 92128 92768 1
20-07-2017-12:02:39:665 92768 93408 1
20-07-2017-12:02:39:693 93408 94048 1
20-07-2017-12:02:39:735 94048 94688 1
20-07-2017-12:02:39:776 94688 95328 1
20-07-2017-12:02:39:816 95328 95968 1
20-07-2017-12:02:39:863 95968 96608 1
20-07-2017-12:02:39:908 96608 97248 1
20-07-2017-12:02:39:932 97248 97888 1
20-07-2017-12:02:39:978 97888 98528 1
20-07-2017-12:02:40:014 98528 99168 1
20-07-2017-12:02:40:060 99168 99808 1
20-07-2017-12:02:40:100 99808 100448 1
20-07-2017-12:02:40:335 100448 101088 1
20-07-2017-12:02:40:339 101088 101728 1
20-07-2017-12:02:40:340 101728 102368 1
20-07-2017-12:02:40:340 102368 103008 1
20-07-2017-12:02:40:340 103008 103648 1
20-07-2017-12:02:40:340 103648 104288 1
20-07-2017-12:02:40:379 104288 104928 1
20-07-2017-12:02:40:424 104928 105568 1
20-07-2017-12:02:40:454 105568 106208 1
20-07-2017-12:02:40:494 106208 106848 1
20-07-2017-12:02:40:535 106848 107488 1
20-07-2017-12:02:40:577 107488 108128 1
20-07-2017-12:02:40:624 108128 108768 1
20-07-2017-12:02:40:651 108768 109408 1
20-07-2017-12:02:40:693 109408 110048 1
20-07-2017-12:02:40:734 110048 110688 1
20-07-2017-12:02:40:780 110688 111328 1
20-07-2017-12:02:40:824 111328 111968 1
20-07-2017-12:02:40:860 111968 112608 1
20-07-2017-12:02:40:895 112608 113248 1
20-07-2017-12:02:40:934 113248 113888 1
20-07-2017-12:02:40:975 113888 114528 1
20-07-2017-12:02:41:021 114528 115168 1
20-07-2017-12:02:41:062 115168 115808 1
20-07-2017-12:02:41:089 115808 116448 1
20-07-2017-12:02:41:131 116448 117088 1
20-07-2017-12:02:41:171 117088 117728 1
20-07-2017-12:02:41:219 117728 118368 1
20-07-2017-12:02:41:260 118368 119008 1
20-07-2017-12:02:41:300 119008 119648 1
20-07-2017-12:02:41:344 119648 120288 1
20-07-2017-12:02:41:373 120288 120928 1
20-07-2017-12:02:41:414 120928 121568 1
20-07-2017-12:02:41:454 121568 122208 1
20-07-2017-12:02:41:496 122208 122848 1
20-07-2017-12:02:41:544 122848 123488 1
20-07-2017-12:02:41:571 123488 124128 1
20-07-2017-12:02:41:612 124128 124768 1
20-07-2017-12:02:41:652 124768 125408 1
20-07-2017-12:02:41:699 125408 126048 1
20-07-2017-12:02:41:741 126048 126688 1
20-07-2017-12:02:41:781 126688 127328 1
20-07-2017-12:02:41:821 127328 127968 1
20-07-2017-12:02:41:850 127968 128608 1
20-07-2017-12:02:41:897 128608 129248 1
20-07-2017-12:02:41:936 129248 129888 1
20-07-2017-12:02:41:977 129888 130528 1
20-07-2017-12:02:42:019 130528 131168 1
20-07-2017-12:02:42:066 131168 131808 1
20-07-2017-12:02:42:101 131808 132448 1
20-07-2017-12:02:42:136 132448 133088 1
20-07-2017-12:02:42:177 133088 133728 1
20-07-2017-12:02:42:215 133728 134368 1
20-07-2017-12:02:42:262 134368 135008 1
20-07-2017-12:02:42:292 135008 135648 1
20-07-2017-12:02:42:331 135648 136288 1
20-07-2017-12:02:42:377 136288 136928 1
20-07-2017-12:02:42:418 136928 137568 1
20-07-2017-12:02:42:465 137568 138208 1
20-07-2017-12:02:42:505 138208 138848 1
20-07-2017-12:02:42:535 138848 139488 1
20-07-2017-12:02:42:574 139488 140128 1
20-07-2017-12:02:42:615 140128 140768 1
20-07-2017-12:02:42:660 140768 141408 1
20-07-2017-12:02:42:703 141408 142048 1
20-07-2017-12:02:42:733 142048 142688 1
20-07-2017-12:02:42:770 142688 143328 1
20-07-2017-12:02:42:812 143328 143968 1
20-07-2017-12:02:42:853 143968 144608 1
20-07-2017-12:02:42:899 144608 145248 1
20-07-2017-12:02:42:939 145248 145888 1
20-07-2017-12:02:42:981 145888 146528 1
20-07-2017-12:02:43:011 146528 147168 1
20-07-2017-12:02:43:055 147168 147808 1
20-07-2017-12:02:43:097 147808 148448 1
20-07-2017-12:02:43:138 148448 149088 1
20-07-2017-12:02:43:178 149088 149728 1
20-07-2017-12:02:43:224 149728 150368 1
20-07-2017-12:02:43:265 150368 151008 1
20-07-2017-12:02:43:451 151008 151648 1
20-07-2017-12:02:43:452 151648 152288 1
20-07-2017-12:02:43:452 152288 152928 1
20-07-2017-12:02:43:452 152928 153568 1
20-07-2017-12:02:43:460 153568 154208 1
20-07-2017-12:02:43:501 154208 154848 1
20-07-2017-12:02:43:530 154848 155488 1
20-07-2017-12:02:43:575 155488 156128 1
20-07-2017-12:02:43:617 156128 156768 1
20-07-2017-12:02:43:656 156768 157408 1
20-07-2017-12:02:43:703 157408 158048 1
20-07-2017-12:02:43:744 158048 158688 1
20-07-2017-12:02:43:772 158688 159328 1
20-07-2017-12:02:43:815 159328 159968 1
20-07-2017-12:02:43:854 159968 160608 1
20-07-2017-12:02:43:896 160608 161248 1
20-07-2017-12:02:43:936 161248 161888 1
20-07-2017-12:02:43:979 161888 162528 1
20-07-2017-12:02:44:020 162528 163168 1
20-07-2017-12:02:44:061 163168 163808 1
20-07-2017-12:02:44:101 163808 164448 1
20-07-2017-12:02:44:129 164448 165088 1
20-07-2017-12:02:44:171 165088 165728 1
20-07-2017-12:02:44:217 165728 166368 1
20-07-2017-12:02:44:258 166368 167008 1
20-07-2017-12:02:44:298 167008 167648 1
20-07-2017-12:02:44:348 167648 168288 1
20-07-2017-12:02:44:387 168288 168928 1
20-07-2017-12:02:44:416 168928 169568 1
20-07-2017-12:02:44:455 169568 170208 1
20-07-2017-12:02:44:496 170208 170848 1
20-07-2017-12:02:44:542 170848 171488 1
20-07-2017-12:02:44:583 171488 172128 1
20-07-2017-12:02:44:613 172128 172768 1
20-07-2017-12:02:44:653 172768 173408 1
20-07-2017-12:02:44:695 173408 174048 1
20-07-2017-12:02:44:741 174048 174688 1
20-07-2017-12:02:44:780 174688 175328 1
20-07-2017-12:02:44:822 175328 175968 1
20-07-2017-12:02:44:849 175968 176608 1
20-07-2017-12:02:44:890 176608 177248 1
20-07-2017-12:02:44:938 177248 177888 1
20-07-2017-12:02:44:977 177888 178528 1
20-07-2017-12:02:45:018 178528 179168 1
20-07-2017-12:02:45:066 179168 179808 1
20-07-2017-12:02:45:106 179808 180448 1
20-07-2017-12:02:45:136 180448 181088 1
20-07-2017-12:02:45:176 181088 181728 1
20-07-2017-12:02:45:218 181728 182368 1
20-07-2017-12:02:45:263 182368 183008 1
20-07-2017-12:02:45:303 183008 183648 1
20-07-2017-12:02:45:333 183648 184288 1
20-07-2017-12:02:45:373 184288 184928 1
20-07-2017-12:02:45:415 184928 185568 1
20-07-2017-12:02:45:461 185568 186208 1
20-07-2017-12:02:45:500 186208 186848 1
20-07-2017-12:02:45:541 186848 187488 1
20-07-2017-12:02:45:572 187488 188128 1
20-07-2017-12:02:45:611 188128 188768 1
20-07-2017-12:02:45:657 188768 189408 1
20-07-2017-12:02:45:697 189408 190048 1
20-07-2017-12:02:45:738 190048 190688 1
20-07-2017-12:02:45:785 190688 191328 1
20-07-2017-12:02:45:827 191328 191968 1
20-07-2017-12:02:45:856 191968 192608 1
20-07-2017-12:02:45:895 192608 193248 1
20-07-2017-12:02:45:936 193248 193888 1
20-07-2017-12:02:45:984 193888 194528 1
20-07-2017-12:02:46:012 194528 195168 1
20-07-2017-12:02:46:054 195168 195808 1
20-07-2017-12:02:46:093 195808 196448 1
20-07-2017-12:02:46:135 196448 197088 1
20-07-2017-12:02:46:184 197088 197728 1
20-07-2017-12:02:46:210 197728 198368 1
20-07-2017-12:02:46:250 198368 199008 1
20-07-2017-12:02:46:290 199008 199648 1
20-07-2017-12:02:46:336 199648 200288 1
20-07-2017-12:02:46:377 200288 200928 1
20-07-2017-12:02:46:417 200928 201568 1
20-07-2017-12:02:46:626 201568 202208 1
20-07-2017-12:02:46:627 202208 202848 1
20-07-2017-12:02:46:627 202848 203488 1
20-07-2017-12:02:46:627 203488 204128 1
20-07-2017-12:02:46:627 204128 204768 1
20-07-2017-12:02:46:649 204768 205408 1
20-07-2017-12:02:46:694 205408 206048 1
20-07-2017-12:02:46:736 206048 206688 1
20-07-2017-12:02:46:795 206688 207328 1
20-07-2017-12:02:46:820 207328 207968 1
20-07-2017-12:02:46:866 207968 208608 1
20-07-2017-12:02:46:905 208608 209248 1
20-07-2017-12:02:46:940 209248 209888 1
20-07-2017-12:02:46:975 209888 210528 1
20-07-2017-12:02:47:017 210528 211168 1
20-07-2017-12:02:47:057 211168 211808 1
20-07-2017-12:02:47:105 211808 212448 1
20-07-2017-12:02:47:133 212448 213088 1
20-07-2017-12:02:47:175 213088 213728 1
20-07-2017-12:02:47:215 213728 214368 1
20-07-2017-12:02:47:256 214368 215008 1
20-07-2017-12:02:47:301 215008 215648 1
20-07-2017-12:02:47:330 215648 216288 1
20-07-2017-12:02:47:374 216288 216928 1
20-07-2017-12:02:47:411 216928 217568 1
20-07-2017-12:02:47:456 217568 218208 1
20-07-2017-12:02:47:498 218208 218848 1
20-07-2017-12:02:47:538 218848 219488 1
20-07-2017-12:02:47:579 219488 220128 1
20-07-2017-12:02:47:625 220128 220768 1
20-07-2017-12:02:47:653 220768 221408 1
20-07-2017-12:02:47:695 221408 222048 1
20-07-2017-12:02:47:734 222048 222688 1
20-07-2017-12:02:47:776 222688 223328 1
20-07-2017-12:02:47:822 223328 223968 1
20-07-2017-12:02:47:852 223968 224608 1
20-07-2017-12:02:47:893 224608 225248 1
20-07-2017-12:02:47:932 225248 225888 1
20-07-2017-12:02:47:978 225888 226528 1
20-07-2017-12:02:48:019 226528 227168 1
20-07-2017-12:02:48:059 227168 227808 1
20-07-2017-12:02:48:100 227808 228448 1
20-07-2017-12:02:48:146 228448 229088 1
20-07-2017-12:02:48:173 229088 229728 1
20-07-2017-12:02:48:216 229728 230368 1
20-07-2017-12:02:48:256 230368 231008 1
20-07-2017-12:02:48:298 231008 231648 1
20-07-2017-12:02:48:344 231648 232288 1
20-07-2017-12:02:48:373 232288 232928 1
20-07-2017-12:02:48:419 232928 233568 1
20-07-2017-12:02:48:458 233568 234208 1
20-07-2017-12:02:48:499 234208 234848 1
20-07-2017-12:02:48:545 234848 235488 1
20-07-2017-12:02:48:585 235488 236128 1
20-07-2017-12:02:48:616 236128 236768 1
20-07-2017-12:02:48:656 236768 237408 1
20-07-2017-12:02:48:697 237408 238048 1
20-07-2017-12:02:48:743 238048 238688 1
20-07-2017-12:02:48:771 238688 239328 1
20-07-2017-12:02:48:812 239328 239968 1
20-07-2017-12:02:48:854 239968 240608 1
20-07-2017-12:02:48:893 240608 241248 1
20-07-2017-12:02:48:941 241248 241888 1
20-07-2017-12:02:48:980 241888 242528 1
20-07-2017-12:02:49:009 242528 243168 1
20-07-2017-12:02:49:051 243168 243808 1
20-07-2017-12:02:49:097 243808 244448 1
20-07-2017-12:02:49:139 244448 245088 1
20-07-2017-12:02:49:178 245088 245728 1
20-07-2017-12:02:49:220 245728 246368 1
20-07-2017-12:02:49:265 246368 247008 1
20-07-2017-12:02:49:295 247008 247648 1
20-07-2017-12:02:49:335 247648 248288 1
20-07-2017-12:02:49:377 248288 248928 1
20-07-2017-12:02:49:423 248928 249568 1
20-07-2017-12:02:49:464 249568 250208 1
20-07-2017-12:02:49:492 250208 250848 1
20-07-2017-12:02:49:532 250848 251488 1
20-07-2017-12:02:49:573 251488 252128 1
20-07-2017-12:02:49:848 252128 252768 1
20-07-2017-12:02:49:851 252768 253408 1
20-07-2017-12:02:49:851 253408 254048 1
20-07-2017-12:02:49:851 254048 254688 1
20-07-2017-12:02:49:853 254688 255328 1
20-07-2017-12:02:49:853 255328 255968 1
20-07-2017-12:02:49:857 255968 256608 1
20-07-2017-12:02:49:896 256608 257248 1
20-07-2017-12:02:49:938 257248 257888 1
20-07-2017-12:02:49:983 257888 258528 1
20-07-2017-12:02:50:012 258528 259168 1
20-07-2017-12:02:50:051 259168 259808 1
20-07-2017-12:02:50:093 259808 260448 1
20-07-2017-12:02:50:134 260448 261088 1
20-07-2017-12:02:50:180 261088 261728 1
20-07-2017-12:02:50:219 261728 262368 1
20-07-2017-12:02:50:261 262368 263008 1
20-07-2017-12:02:50:290 263008 263648 1
20-07-2017-12:02:50:331 263648 264288 1
20-07-2017-12:02:50:377 264288 264928 1
20-07-2017-12:02:50:416 264928 265568 1
20-07-2017-12:02:50:457 265568 266208 1
20-07-2017-12:02:50:505 266208 266848 1
20-07-2017-12:02:50:544 266848 267488 1
20-07-2017-12:02:50:573 267488 268128 1
20-07-2017-12:02:50:615 268128 268768 1
20-07-2017-12:02:50:655 268768 269408 1
20-07-2017-12:02:50:702 269408 270048 1
20-07-2017-12:02:50:741 270048 270688 1
20-07-2017-12:02:50:771 270688 271328 1
20-07-2017-12:02:50:810 271328 271968 1
20-07-2017-12:02:50:852 271968 272608 1
20-07-2017-12:02:50:897 272608 273248 1
20-07-2017-12:02:50:939 273248 273888 1
20-07-2017-12:02:50:978 273888 274528 1
20-07-2017-12:02:51:019 274528 275168 1
20-07-2017-12:02:51:065 275168 275808 1
20-07-2017-12:02:51:094 275808 276448 1
20-07-2017-12:02:51:134 276448 277088 1
20-07-2017-12:02:51:176 277088 277728 1
20-07-2017-12:02:51:216 277728 278368 1
20-07-2017-12:02:51:262 278368 279008 1
20-07-2017-12:02:51:291 279008 279648 1
20-07-2017-12:02:51:333 279648 280288 1
20-07-2017-12:02:51:373 280288 280928 1
20-07-2017-12:02:51:413 280928 281568 1
20-07-2017-12:02:51:455 281568 282208 1
20-07-2017-12:02:51:496 282208 282848 1
20-07-2017-12:02:51:542 282848 283488 1
20-07-2017-12:02:51:571 283488 284128 1
20-07-2017-12:02:51:613 284128 284768 1
20-07-2017-12:02:51:652 284768 285408 1
20-07-2017-12:02:51:694 285408 286048 1
20-07-2017-12:02:51:740 286048 286688 1
20-07-2017-12:02:51:782 286688 287328 1
20-07-2017-12:02:51:810 287328 287968 1
20-07-2017-12:02:51:851 287968 288608 1
20-07-2017-12:02:51:891 288608 289248 1
20-07-2017-12:02:51:937 289248 289888 1
20-07-2017-12:02:51:979 289888 290528 1
20-07-2017-12:02:52:019 290528 291168 1
20-07-2017-12:02:52:064 291168 291808 1
20-07-2017-12:02:52:106 291808 292448 1
20-07-2017-12:02:52:135 292448 293088 1
20-07-2017-12:02:52:176 293088 293728 1
20-07-2017-12:02:52:217 293728 294368 1
20-07-2017-12:02:52:264 294368 295008 1
20-07-2017-12:02:52:304 295008 295648 1
20-07-2017-12:02:52:333 295648 296288 1
20-07-2017-12:02:52:372 296288 296928 1
20-07-2017-12:02:52:414 296928 297568 1
20-07-2017-12:02:52:460 297568 298208 1
20-07-2017-12:02:52:500 298208 298848 1
20-07-2017-12:02:52:541 298848 299488 1
20-07-2017-12:02:52:569 299488 300128 1
20-07-2017-12:02:52:610 300128 300768 1
20-07-2017-12:02:52:657 300768 301408 1
20-07-2017-12:02:52:697 301408 302048 1
20-07-2017-12:02:52:738 302048 302688 1
20-07-2017-12:02:53:006 302688 303328 1
20-07-2017-12:02:53:007 303328 303968 1
20-07-2017-12:02:53:007 303968 304608 1
20-07-2017-12:02:53:007 304608 305248 1
20-07-2017-12:02:53:007 305248 305888 1
20-07-2017-12:02:53:007 305888 306528 1
20-07-2017-12:02:53:012 306528 307168 1
20-07-2017-12:02:53:057 307168 307808 1
20-07-2017-12:02:53:098 307808 308448 1
20-07-2017-12:02:53:138 308448 309088 1
20-07-2017-12:02:53:184 309088 309728 1
20-07-2017-12:02:53:224 309728 310368 1
20-07-2017-12:02:53:253 310368 311008 1
20-07-2017-12:02:53:295 311008 311648 1
20-07-2017-12:02:53:338 311648 312288 1
20-07-2017-12:02:53:381 312288 312928 1
20-07-2017-12:02:53:421 312928 313568 1
20-07-2017-12:02:53:460 313568 314208 1
20-07-2017-12:02:53:489 314208 314848 1
20-07-2017-12:02:53:530 314848 315488 1
20-07-2017-12:02:53:578 315488 316128 1
20-07-2017-12:02:53:617 316128 316768 1
20-07-2017-12:02:53:658 316768 317408 1
20-07-2017-12:02:53:704 317408 318048 1
20-07-2017-12:02:53:745 318048 318688 1
20-07-2017-12:02:53:772 318688 319328 1
20-07-2017-12:02:53:814 319328 319968 1
20-07-2017-12:02:53:854 319968 320608 1
20-07-2017-12:02:53:900 320608 321248 1
20-07-2017-12:02:53:940 321248 321888 1
20-07-2017-12:02:53:971 321888 322528 1
20-07-2017-12:02:54:011 322528 323168 1
20-07-2017-12:02:54:051 323168 323808 1
20-07-2017-12:02:54:098 323808 324448 1
20-07-2017-12:02:54:139 324448 325088 1
20-07-2017-12:02:54:179 325088 325728 1
20-07-2017-12:02:54:224 325728 326368 1
20-07-2017-12:02:54:266 326368 327008 1
20-07-2017-12:02:54:294 327008 327648 1
20-07-2017-12:02:54:335 327648 328288 1
20-07-2017-12:02:54:382 328288 328928 1
20-07-2017-12:02:54:411 328928 329568 1
20-07-2017-12:02:54:452 329568 330208 1
20-07-2017-12:02:54:494 330208 330848 1
20-07-2017-12:02:54:540 330848 331488 1
20-07-2017-12:02:54:580 331488 332128 1
20-07-2017-12:02:54:621 332128 332768 1
20-07-2017-12:02:54:650 332768 333408 1
20-07-2017-12:02:54:690 333408 334048 1
20-07-2017-12:02:54:738 334048 334688 1
20-07-2017-12:02:54:777 334688 335328 1
20-07-2017-12:02:54:817 335328 335968 1
20-07-2017-12:02:54:859 335968 336608 1
20-07-2017-12:02:54:905 336608 337248 1
20-07-2017-12:02:54:936 337248 337888 1
20-07-2017-12:02:54:975 337888 338528 1
20-07-2017-12:02:55:014 338528 339168 1
20-07-2017-12:02:55:060 339168 339808 1
20-07-2017-12:02:55:102 339808 340448 1
20-07-2017-12:02:55:130 340448 341088 1
20-07-2017-12:02:55:173 341088 341728 1
20-07-2017-12:02:55:211 341728 342368 1
20-07-2017-12:02:55:251 342368 343008 1
20-07-2017-12:02:55:297 343008 343648 1
20-07-2017-12:02:55:339 343648 344288 1
20-07-2017-12:02:55:378 344288 344928 1
20-07-2017-12:02:55:424 344928 345568 1
20-07-2017-12:02:55:454 345568 346208 1
20-07-2017-12:02:55:495 346208 346848 1
20-07-2017-12:02:55:534 346848 347488 1
20-07-2017-12:02:55:576 347488 348128 1
20-07-2017-12:02:55:621 348128 348768 1
20-07-2017-12:02:55:650 348768 349408 1
20-07-2017-12:02:55:691 349408 350048 1
20-07-2017-12:02:55:732 350048 350688 1
20-07-2017-12:02:55:778 350688 351328 1
20-07-2017-12:02:55:818 351328 351968 1
20-07-2017-12:02:55:858 351968 352608 1
20-07-2017-12:02:55:898 352608 353248 1
20-07-2017-12:02:56:144 353248 353888 1
20-07-2017-12:02:56:148 353888 354528 1
20-07-2017-12:02:56:148 354528 355168 1
20-07-2017-12:02:56:148 355168 355808 1
20-07-2017-12:02:56:148 355808 356448 1
20-07-2017-12:02:56:148 356448 357088 1
20-07-2017-12:02:56:183 357088 357728 1
20-07-2017-12:02:56:212 357728 358368 1
20-07-2017-12:02:56:253 358368 359008 1
20-07-2017-12:02:56:294 359008 359648 1
20-07-2017-12:02:56:334 359648 360288 1
20-07-2017-12:02:56:381 360288 360928 1
20-07-2017-12:02:56:411 360928 361568 1
20-07-2017-12:02:56:451 361568 362208 1
20-07-2017-12:02:56:491 362208 362848 1
20-07-2017-12:02:56:538 362848 363488 1
20-07-2017-12:02:56:578 363488 364128 1
20-07-2017-12:02:56:618 364128 364768 1
20-07-2017-12:02:56:665 364768 365408 1
20-07-2017-12:02:56:706 365408 366048 1
20-07-2017-12:02:56:735 366048 366688 1
20-07-2017-12:02:56:775 366688 367328 1
20-07-2017-12:02:56:815 367328 367968 1
20-07-2017-12:02:56:865 367968 368608 1
20-07-2017-12:02:56:904 368608 369248 1
20-07-2017-12:02:56:933 369248 369888 1
20-07-2017-12:02:56:973 369888 370528 1
20-07-2017-12:02:57:012 370528 371168 1
20-07-2017-12:02:57:060 371168 371808 1
20-07-2017-12:02:57:098 371808 372448 1
20-07-2017-12:02:57:140 372448 373088 1
20-07-2017-12:02:57:185 373088 373728 1
20-07-2017-12:02:57:225 373728 374368 1
20-07-2017-12:02:57:255 374368 375008 1
20-07-2017-12:02:57:296 375008 375648 1
20-07-2017-12:02:57:338 375648 376288 1
20-07-2017-12:02:57:382 376288 376928 1
20-07-2017-12:02:57:412 376928 377568 1
20-07-2017-12:02:57:452 377568 378208 1
20-07-2017-12:02:57:493 378208 378848 1
20-07-2017-12:02:57:540 378848 379488 1
20-07-2017-12:02:57:579 379488 380128 1
20-07-2017-12:02:57:621 380128 380768 1
20-07-2017-12:02:57:649 380768 381408 1
20-07-2017-12:02:57:691 381408 382048 1
20-07-2017-12:02:57:735 382048 382688 1
20-07-2017-12:02:57:776 382688 383328 1
20-07-2017-12:02:57:818 383328 383968 1
20-07-2017-12:02:57:864 383968 384608 1
20-07-2017-12:02:57:892 384608 385248 1
20-07-2017-12:02:57:932 385248 385888 1
20-07-2017-12:02:57:973 385888 386528 1
20-07-2017-12:02:58:015 386528 387168 1
20-07-2017-12:02:58:061 387168 387808 1
20-07-2017-12:02:58:090 387808 388448 1
20-07-2017-12:02:58:130 388448 389088 1
20-07-2017-12:02:58:174 389088 389728 1
20-07-2017-12:02:58:218 389728 390368 1
20-07-2017-12:02:58:258 390368 391008 1
20-07-2017-12:02:58:298 391008 391648 1
20-07-2017-12:02:58:339 391648 392288 1
20-07-2017-12:02:58:385 392288 392928 1
20-07-2017-12:02:58:416 392928 393568 1
20-07-2017-12:02:58:455 393568 394208 1
20-07-2017-12:02:58:497 394208 394848 1
20-07-2017-12:02:58:537 394848 395488 1
20-07-2017-12:02:58:583 395488 396128 1
20-07-2017-12:02:58:625 396128 396768 1
20-07-2017-12:02:58:654 396768 397408 1
20-07-2017-12:02:58:695 397408 398048 1
20-07-2017-12:02:58:735 398048 398688 1
20-07-2017-12:02:58:781 398688 399328 1
20-07-2017-12:02:58:821 399328 399968 1
20-07-2017-12:02:58:856 399968 400608 1
20-07-2017-12:02:58:900 400608 401248 1
20-07-2017-12:02:58:930 401248 401888 1
20-07-2017-12:02:58:970 401888 402528 1
20-07-2017-12:02:59:010 402528 403168 1
20-07-2017-12:02:59:056 403168 403808 1
20-07-2017-12:02:59:278 403808 404448 1
20-07-2017-12:02:59:279 404448 405088 1
20-07-2017-12:02:59:279 405088 405728 1
20-07-2017-12:02:59:280 405728 406368 1
20-07-2017-12:02:59:280 406368 407008 1
20-07-2017-12:02:59:296 407008 407648 1
20-07-2017-12:02:59:336 407648 408288 1
20-07-2017-12:02:59:383 408288 408928 1
20-07-2017-12:02:59:409 408928 409568 1
20-07-2017-12:02:59:450 409568 410208 1
20-07-2017-12:02:59:491 410208 410848 1
20-07-2017-12:02:59:532 410848 411488 1
20-07-2017-12:02:59:577 411488 412128 1
20-07-2017-12:02:59:619 412128 412768 1
20-07-2017-12:02:59:659 412768 413408 1
20-07-2017-12:02:59:705 413408 414048 1
20-07-2017-12:02:59:745 414048 414688 1
20-07-2017-12:02:59:775 414688 415328 1
20-07-2017-12:02:59:817 415328 415968 1
20-07-2017-12:02:59:857 415968 416608 1
20-07-2017-12:02:59:903 416608 417248 1
20-07-2017-12:02:59:944 417248 417888 1
20-07-2017-12:02:59:974 417888 418528 1
20-07-2017-12:03:00:013 418528 419168 1
20-07-2017-12:03:00:056 419168 419808 1
20-07-2017-12:03:00:100 419808 420448 1
20-07-2017-12:03:00:142 420448 421088 1
20-07-2017-12:03:00:173 421088 421728 1
20-07-2017-12:03:00:211 421728 422368 1
20-07-2017-12:03:00:252 422368 423008 1
20-07-2017-12:03:00:299 423008 423648 1
20-07-2017-12:03:00:339 423648 424288 1
20-07-2017-12:03:00:384 424288 424928 1
20-07-2017-12:03:00:414 424928 425568 1
20-07-2017-12:03:00:453 425568 426208 1
20-07-2017-12:03:00:494 426208 426848 1
20-07-2017-12:03:00:539 426848 427488 1
20-07-2017-12:03:00:581 427488 428128 1
20-07-2017-12:03:00:611 428128 428768 1
20-07-2017-12:03:00:650 428768 429408 1
20-07-2017-12:03:00:691 429408 430048 1
20-07-2017-12:03:00:738 430048 430688 1
20-07-2017-12:03:00:778 430688 431328 1
20-07-2017-12:03:00:818 431328 431968 1
20-07-2017-12:03:00:867 431968 432608 1
20-07-2017-12:03:00:905 432608 433248 1
20-07-2017-12:03:00:935 433248 433888 1
20-07-2017-12:03:00:975 433888 434528 1
20-07-2017-12:03:01:015 434528 435168 1
20-07-2017-12:03:01:062 435168 435808 1
20-07-2017-12:03:01:102 435808 436448 1
20-07-2017-12:03:01:131 436448 437088 1
20-07-2017-12:03:01:173 437088 437728 1
20-07-2017-12:03:01:212 437728 438368 1
20-07-2017-12:03:01:259 438368 439008 1
20-07-2017-12:03:01:300 439008 439648 1
20-07-2017-12:03:01:339 439648 440288 1
20-07-2017-12:03:01:380 440288 440928 1
20-07-2017-12:03:01:426 440928 441568 1
20-07-2017-12:03:01:454 441568 442208 1
20-07-2017-12:03:01:494 442208 442848 1
20-07-2017-12:03:01:536 442848 443488 1
20-07-2017-12:03:01:575 443488 444128 1
20-07-2017-12:03:01:622 444128 444768 1
20-07-2017-12:03:01:650 444768 445408 1
20-07-2017-12:03:01:690 445408 446048 1
20-07-2017-12:03:01:731 446048 446688 1
20-07-2017-12:03:01:772 446688 447328 1
20-07-2017-12:03:01:820 447328 447968 1
20-07-2017-12:03:01:860 447968 448608 1
20-07-2017-12:03:01:900 448608 449248 1
20-07-2017-12:03:01:941 449248 449888 1
20-07-2017-12:03:01:971 449888 450528 1
20-07-2017-12:03:02:010 450528 451168 1
20-07-2017-12:03:02:056 451168 451808 1
20-07-2017-12:03:02:096 451808 452448 1
20-07-2017-12:03:02:137 452448 453088 1
20-07-2017-12:03:02:183 453088 453728 1
20-07-2017-12:03:02:224 453728 454368 1
20-07-2017-12:03:02:443 454368 455008 1
20-07-2017-12:03:02:445 455008 455648 1
20-07-2017-12:03:02:445 455648 456288 1
20-07-2017-12:03:02:445 456288 456928 1
20-07-2017-12:03:02:445 456928 457568 1
20-07-2017-12:03:02:451 457568 458208 1
20-07-2017-12:03:02:490 458208 458848 1
20-07-2017-12:03:02:532 458848 459488 1
20-07-2017-12:03:02:577 459488 460128 1
20-07-2017-12:03:02:617 460128 460768 1
20-07-2017-12:03:02:659 460768 461408 1
20-07-2017-12:03:02:705 461408 462048 1
20-07-2017-12:03:02:745 462048 462688 1
20-07-2017-12:03:02:775 462688 463328 1
20-07-2017-12:03:02:815 463328 463968 1
20-07-2017-12:03:02:857 463968 464608 1
20-07-2017-12:03:02:904 464608 465248 1
20-07-2017-12:03:02:945 465248 465888 1
20-07-2017-12:03:02:972 465888 466528 1
20-07-2017-12:03:03:012 466528 467168 1
20-07-2017-12:03:03:054 467168 467808 1
20-07-2017-12:03:03:098 467808 468448 1
20-07-2017-12:03:03:140 468448 469088 1
20-07-2017-12:03:03:187 469088 469728 1
20-07-2017-12:03:03:210 469728 470368 1
20-07-2017-12:03:03:250 470368 471008 1
20-07-2017-12:03:03:295 471008 471648 1
20-07-2017-12:03:03:337 471648 472288 1
20-07-2017-12:03:03:377 472288 472928 1
20-07-2017-12:03:03:419 472928 473568 1
20-07-2017-12:03:03:458 473568 474208 1
20-07-2017-12:03:03:505 474208 474848 1
20-07-2017-12:03:03:534 474848 475488 1
20-07-2017-12:03:03:574 475488 476128 1
20-07-2017-12:03:03:616 476128 476768 1
20-07-2017-12:03:03:660 476768 477408 1
20-07-2017-12:03:03:702 477408 478048 1
20-07-2017-12:03:03:731 478048 478688 1
20-07-2017-12:03:03:771 478688 479328 1
20-07-2017-12:03:03:812 479328 479968 1
20-07-2017-12:03:03:858 479968 480608 1
20-07-2017-12:03:03:899 480608 481248 1
20-07-2017-12:03:03:940 481248 481888 1
20-07-2017-12:03:03:980 481888 482528 1
20-07-2017-12:03:04:009 482528 483168 1
20-07-2017-12:03:04:056 483168 483808 1
20-07-2017-12:03:04:097 483808 484448 1
20-07-2017-12:03:04:138 484448 485088 1
20-07-2017-12:03:04:176 485088 485728 1
20-07-2017-12:03:04:224 485728 486368 1
20-07-2017-12:03:04:252 486368 487008 1
20-07-2017-12:03:04:292 487008 487648 1
20-07-2017-12:03:04:333 487648 488288 1
20-07-2017-12:03:04:375 488288 488928 1
20-07-2017-12:03:04:420 488928 489568 1
20-07-2017-12:03:04:451 489568 490208 1
20-07-2017-12:03:04:491 490208 490848 1
20-07-2017-12:03:04:532 490848 491488 1
20-07-2017-12:03:04:578 491488 492128 1
20-07-2017-12:03:04:619 492128 492768 1
20-07-2017-12:03:04:659 492768 493408 1
20-07-2017-12:03:04:701 493408 494048 1
20-07-2017-12:03:04:730 494048 494688 1
20-07-2017-12:03:04:776 494688 495328 1
20-07-2017-12:03:04:816 495328 495968 1
20-07-2017-12:03:04:857 495968 496608 1
20-07-2017-12:03:04:898 496608 497248 1
20-07-2017-12:03:04:940 497248 497888 1
20-07-2017-12:03:04:976 497888 498528 1
20-07-2017-12:03:05:024 498528 499168 1
20-07-2017-12:03:05:054 499168 499808 1
20-07-2017-12:03:05:093 499808 500448 1
20-07-2017-12:03:05:133 500448 501088 1
20-07-2017-12:03:05:174 501088 501728 1
20-07-2017-12:03:05:222 501728 502368 1
20-07-2017-12:03:05:249 502368 503008 1
20-07-2017-12:03:05:290 503008 503648 1
20-07-2017-12:03:05:331 503648 504288 1
20-07-2017-12:03:05:371 504288 504928 1
20-07-2017-12:03:05:626 504928 505568 1
20-07-2017-12:03:05:627 505568 506208 1
20-07-2017-12:03:05:627 506208 506848 1
20-07-2017-12:03:05:627 506848 507488 1
20-07-2017-12:03:05:627 507488 508128 1
20-07-2017-12:03:05:627 508128 508768 1
20-07-2017-12:03:05:657 508768 509408 1
20-07-2017-12:03:05:699 509408 510048 1
20-07-2017-12:03:05:738 510048 510688 1
20-07-2017-12:03:05:784 510688 511328 1
20-07-2017-12:03:05:813 511328 511968 1
20-07-2017-12:03:05:854 511968 512608 1
20-07-2017-12:03:05:895 512608 513248 1
20-07-2017-12:03:05:936 513248 513888 1
20-07-2017-12:03:05:982 513888 514528 1
20-07-2017-12:03:06:010 514528 515168 1
20-07-2017-12:03:06:051 515168 515808 1
20-07-2017-12:03:06:093 515808 516448 1
20-07-2017-12:03:06:134 516448 517088 1
20-07-2017-12:03:06:180 517088 517728 1
20-07-2017-12:03:06:221 517728 518368 1
20-07-2017-12:03:06:249 518368 519008 1
20-07-2017-12:03:06:291 519008 519648 1
20-07-2017-12:03:06:335 519648 520288 1
20-07-2017-12:03:06:377 520288 520928 1
20-07-2017-12:03:06:421 520928 521568 1
20-07-2017-12:03:06:450 521568 522208 1
20-07-2017-12:03:06:491 522208 522848 1
20-07-2017-12:03:06:531 522848 523488 1
20-07-2017-12:03:06:572 523488 524128 1
20-07-2017-12:03:06:618 524128 524768 1
20-07-2017-12:03:06:658 524768 525408 1
20-07-2017-12:03:06:699 525408 526048 1
20-07-2017-12:03:06:747 526048 526688 1
20-07-2017-12:03:06:775 526688 527328 1
20-07-2017-12:03:06:817 527328 527968 1
20-07-2017-12:03:06:856 527968 528608 1
20-07-2017-12:03:06:896 528608 529248 1
20-07-2017-12:03:06:942 529248 529888 1
20-07-2017-12:03:06:971 529888 530528 1
20-07-2017-12:03:07:013 530528 531168 1
20-07-2017-12:03:07:052 531168 531808 1
20-07-2017-12:03:07:094 531808 532448 1
20-07-2017-12:03:07:141 532448 533088 1
20-07-2017-12:03:07:181 533088 533728 1
20-07-2017-12:03:07:222 533728 534368 1
20-07-2017-12:03:07:251 534368 535008 1
20-07-2017-12:03:07:291 535008 535648 1
20-07-2017-12:03:07:330 535648 536288 1
20-07-2017-12:03:07:376 536288 536928 1
20-07-2017-12:03:07:418 536928 537568 1
20-07-2017-12:03:07:458 537568 538208 1
20-07-2017-12:03:07:498 538208 538848 1
20-07-2017-12:03:07:545 538848 539488 1
20-07-2017-12:03:07:574 539488 540128 1
20-07-2017-12:03:07:614 540128 540768 1
20-07-2017-12:03:07:656 540768 541408 1
20-07-2017-12:03:07:696 541408 542048 1
20-07-2017-12:03:07:742 542048 542688 1
20-07-2017-12:03:07:784 542688 543328 1
20-07-2017-12:03:07:811 543328 543968 1
20-07-2017-12:03:07:854 543968 544608 1
20-07-2017-12:03:07:893 544608 545248 1
20-07-2017-12:03:07:933 545248 545888 1
20-07-2017-12:03:07:974 545888 546528 1
20-07-2017-12:03:08:020 546528 547168 1
20-07-2017-12:03:08:060 547168 547808 1
20-07-2017-12:03:08:090 547808 548448 1
20-07-2017-12:03:08:131 548448 549088 1
20-07-2017-12:03:08:172 549088 549728 1
20-07-2017-12:03:08:218 549728 550368 1
20-07-2017-12:03:08:258 550368 551008 1
20-07-2017-12:03:08:298 551008 551648 1
20-07-2017-12:03:08:340 551648 552288 1
20-07-2017-12:03:08:384 552288 552928 1
20-07-2017-12:03:08:414 552928 553568 1
20-07-2017-12:03:08:454 553568 554208 1
20-07-2017-12:03:08:496 554208 554848 1
20-07-2017-12:03:08:536 554848 555488 1
20-07-2017-12:03:08:785 555488 556128 1
20-07-2017-12:03:08:786 556128 556768 1
20-07-2017-12:03:08:786 556768 557408 1
20-07-2017-12:03:08:786 557408 558048 1
20-07-2017-12:03:08:788 558048 558688 1
20-07-2017-12:03:08:788 558688 559328 1
20-07-2017-12:03:08:819 559328 559968 1
20-07-2017-12:03:08:859 559968 560608 1
20-07-2017-12:03:08:901 560608 561248 1
20-07-2017-12:03:08:929 561248 561888 1
20-07-2017-12:03:08:976 561888 562528 1
20-07-2017-12:03:09:015 562528 563168 1
20-07-2017-12:03:09:056 563168 563808 1
20-07-2017-12:03:09:102 563808 564448 1
20-07-2017-12:03:09:142 564448 565088 1
20-07-2017-12:03:09:172 565088 565728 1
20-07-2017-12:03:09:214 565728 566368 1
20-07-2017-12:03:09:254 566368 567008 1
20-07-2017-12:03:09:293 567008 567648 1
20-07-2017-12:03:09:339 567648 568288 1
20-07-2017-12:03:09:380 568288 568928 1
20-07-2017-12:03:09:421 568928 569568 1
20-07-2017-12:03:09:450 569568 570208 1
20-07-2017-12:03:09:490 570208 570848 1
20-07-2017-12:03:09:532 570848 571488 1
20-07-2017-12:03:09:573 571488 572128 1
20-07-2017-12:03:09:618 572128 572768 1
20-07-2017-12:03:09:660 572768 573408 1
20-07-2017-12:03:09:700 573408 574048 1
20-07-2017-12:03:09:744 574048 574688 1
20-07-2017-12:03:09:785 574688 575328 1
20-07-2017-12:03:09:813 575328 575968 1
20-07-2017-12:03:09:854 575968 576608 1
20-07-2017-12:03:09:895 576608 577248 1
20-07-2017-12:03:09:936 577248 577888 1
20-07-2017-12:03:09:983 577888 578528 1
20-07-2017-12:03:10:023 578528 579168 1
20-07-2017-12:03:10:051 579168 579808 1
20-07-2017-12:03:10:092 579808 580448 1
20-07-2017-12:03:10:133 580448 581088 1
20-07-2017-12:03:10:175 581088 581728 1
20-07-2017-12:03:10:220 581728 582368 1
20-07-2017-12:03:10:263 582368 583008 1
20-07-2017-12:03:10:292 583008 583648 1
20-07-2017-12:03:10:331 583648 584288 1
20-07-2017-12:03:10:371 584288 584928 1
20-07-2017-12:03:10:411 584928 585568 1
20-07-2017-12:03:10:459 585568 586208 1
20-07-2017-12:03:10:499 586208 586848 1
20-07-2017-12:03:10:539 586848 587488 1
20-07-2017-12:03:10:581 587488 588128 1
20-07-2017-12:03:10:610 588128 588768 1
20-07-2017-12:03:10:656 588768 589408 1
20-07-2017-12:03:10:697 589408 590048 1
20-07-2017-12:03:10:738 590048 590688 1
20-07-2017-12:03:10:777 590688 591328 1
20-07-2017-12:03:10:823 591328 591968 1
20-07-2017-12:03:10:864 591968 592608 1
20-07-2017-12:03:10:904 592608 593248 1
20-07-2017-12:03:10:935 593248 593888 1
20-07-2017-12:03:10:973 593888 594528 1
20-07-2017-12:03:11:014 594528 595168 1
20-07-2017-12:03:11:056 595168 595808 1
20-07-2017-12:03:11:102 595808 596448 1
20-07-2017-12:03:11:131 596448 597088 1
20-07-2017-12:03:11:170 597088 597728 1
20-07-2017-12:03:11:212 597728 598368 1
20-07-2017-12:03:11:251 598368 599008 1
20-07-2017-12:03:11:297 599008 599648 1
20-07-2017-12:03:11:339 599648 600288 1
20-07-2017-12:03:11:379 600288 600928 1
20-07-2017-12:03:11:425 600928 601568 1
20-07-2017-12:03:11:466 601568 602208 1
20-07-2017-12:03:11:496 602208 602848 1
20-07-2017-12:03:11:535 602848 603488 1
20-07-2017-12:03:11:577 603488 604128 1
20-07-2017-12:03:11:617 604128 604768 1
20-07-2017-12:03:11:664 604768 605408 1
20-07-2017-12:03:11:692 605408 606048 1
20-07-2017-12:03:11:845 606048 606688 1
20-07-2017-12:03:11:846 606688 607328 1
20-07-2017-12:03:11:847 607328 607968 1
20-07-2017-12:03:11:860 607968 608608 1
20-07-2017-12:03:11:901 608608 609248 1
20-07-2017-12:03:11:929 609248 609888 1
20-07-2017-12:03:11:971 609888 610528 1
20-07-2017-12:03:12:017 610528 611168 1
20-07-2017-12:03:12:057 611168 611808 1
20-07-2017-12:03:12:097 611808 612448 1
20-07-2017-12:03:12:138 612448 613088 1
20-07-2017-12:03:12:185 613088 613728 1
20-07-2017-12:03:12:214 613728 614368 1
20-07-2017-12:03:12:253 614368 615008 1
20-07-2017-12:03:12:294 615008 615648 1
20-07-2017-12:03:12:341 615648 616288 1
20-07-2017-12:03:12:381 616288 616928 1
20-07-2017-12:03:12:421 616928 617568 1
20-07-2017-12:03:12:451 617568 618208 1
20-07-2017-12:03:12:495 618208 618848 1
20-07-2017-12:03:12:536 618848 619488 1
20-07-2017-12:03:12:576 619488 620128 1
20-07-2017-12:03:12:616 620128 620768 1
20-07-2017-12:03:12:663 620768 621408 1
20-07-2017-12:03:12:703 621408 622048 1
20-07-2017-12:03:12:732 622048 622688 1
20-07-2017-12:03:12:774 622688 623328 1
20-07-2017-12:03:12:815 623328 623968 1
20-07-2017-12:03:12:860 623968 624608 1
20-07-2017-12:03:12:902 624608 625248 1
20-07-2017-12:03:12:929 625248 625888 1
20-07-2017-12:03:12:970 625888 626528 1
20-07-2017-12:03:13:010 626528 627168 1
20-07-2017-12:03:13:056 627168 627808 1
20-07-2017-12:03:13:097 627808 628448 1
20-07-2017-12:03:13:137 628448 629088 1
20-07-2017-12:03:13:177 629088 629728 1
20-07-2017-12:03:13:225 629728 630368 1
20-07-2017-12:03:13:264 630368 631008 1
20-07-2017-12:03:13:293 631008 631648 1
20-07-2017-12:03:13:334 631648 632288 1
20-07-2017-12:03:13:376 632288 632928 1
20-07-2017-12:03:13:420 632928 633568 1
20-07-2017-12:03:13:462 633568 634208 1
20-07-2017-12:03:13:490 634208 634848 1
20-07-2017-12:03:13:531 634848 635488 1
20-07-2017-12:03:13:571 635488 636128 1
20-07-2017-12:03:13:617 636128 636768 1
20-07-2017-12:03:13:659 636768 637408 1
20-07-2017-12:03:13:700 637408 638048 1
20-07-2017-12:03:13:741 638048 638688 1
20-07-2017-12:03:13:785 638688 639328 1
20-07-2017-12:03:13:808 639328 639968 1
20-07-2017-12:03:13:854 639968 640608 1
20-07-2017-12:03:13:896 640608 641248 1
20-07-2017-12:03:13:942 641248 641888 1
20-07-2017-12:03:13:981 641888 642528 1
20-07-2017-12:03:14:027 642528 643168 1
20-07-2017-12:03:14:051 643168 643808 1
20-07-2017-12:03:14:092 643808 644448 1
20-07-2017-12:03:14:139 644448 645088 1
20-07-2017-12:03:14:181 645088 645728 1
20-07-2017-12:03:14:221 645728 646368 1
20-07-2017-12:03:14:260 646368 647008 1
20-07-2017-12:03:14:289 647008 647648 1
20-07-2017-12:03:14:330 647648 648288 1
20-07-2017-12:03:14:376 648288 648928 1
20-07-2017-12:03:14:418 648928 649568 1
20-07-2017-12:03:14:458 649568 650208 1
20-07-2017-12:03:14:505 650208 650848 1
