20-07-2017-11:46:15:655 0 672 1
20-07-2017-11:46:15:692 672 1344 1
20-07-2017-11:46:15:738 1344 2016 1
20-07-2017-11:46:15:779 2016 2688 1
20-07-2017-11:46:15:826 2688 3360 1
20-07-2017-11:46:15:865 3360 4032 1
20-07-2017-11:46:15:906 4032 4704 1
20-07-2017-11:46:15:951 4704 5376 1
20-07-2017-11:46:15:990 5376 6048 1
20-07-2017-11:46:16:037 6048 6720 1
20-07-2017-11:46:16:079 6720 7392 1
20-07-2017-11:46:16:118 7392 8064 1
20-07-2017-11:46:16:165 8064 8736 1
20-07-2017-11:46:16:197 8736 9408 1
20-07-2017-11:46:16:237 9408 10080 1
20-07-2017-11:46:16:280 10080 10752 1
20-07-2017-11:46:16:325 10752 11424 1
20-07-2017-11:46:16:369 11424 12096 1
20-07-2017-11:46:16:408 12096 12768 1
20-07-2017-11:46:16:449 12768 13440 1
20-07-2017-11:46:16:493 13440 14112 1
20-07-2017-11:46:16:533 14112 14784 1
20-07-2017-11:46:16:576 14784 15456 1
20-07-2017-11:46:16:616 15456 16128 1
20-07-2017-11:46:16:657 16128 16800 1
20-07-2017-11:46:16:706 16800 17472 1
20-07-2017-11:46:16:746 17472 18144 1
20-07-2017-11:46:16:784 18144 18816 1
20-07-2017-11:46:16:830 18816 19488 1
20-07-2017-11:46:16:871 19488 20160 1
20-07-2017-11:46:16:916 20160 20832 1
20-07-2017-11:46:16:956 20832 21504 1
20-07-2017-11:46:17:003 21504 22176 1
20-07-2017-11:46:17:043 22176 22848 1
20-07-2017-11:46:17:082 22848 23520 1
20-07-2017-11:46:17:129 23520 24192 1
20-07-2017-11:46:17:169 24192 24864 1
20-07-2017-11:46:17:214 24864 25536 1
20-07-2017-11:46:17:255 25536 26208 1
20-07-2017-11:46:17:297 26208 26880 1
20-07-2017-11:46:17:337 26880 27552 1
20-07-2017-11:46:17:377 27552 28224 1
20-07-2017-11:46:17:424 28224 28896 1
20-07-2017-11:46:17:454 28896 29568 1
20-07-2017-11:46:17:506 29568 30240 1
20-07-2017-11:46:17:552 30240 30912 1
20-07-2017-11:46:17:582 30912 31584 1
20-07-2017-11:46:17:622 31584 32256 1
20-07-2017-11:46:17:673 32256 32912 1
20-07-2017-11:46:17:703 32912 33568 1
20-07-2017-11:46:17:749 33568 34224 1
20-07-2017-11:46:17:789 34224 34880 1
20-07-2017-11:46:17:830 34880 35536 1
20-07-2017-11:46:17:875 35536 36192 1
20-07-2017-11:46:17:916 36192 36848 1
20-07-2017-11:46:17:957 36848 37504 1
20-07-2017-11:46:17:996 37504 38160 1
20-07-2017-11:46:18:043 38160 38816 1
20-07-2017-11:46:18:084 38816 39472 1
20-07-2017-11:46:18:124 39472 40128 1
20-07-2017-11:46:18:166 40128 40784 1
20-07-2017-11:46:18:211 40784 41440 1
20-07-2017-11:46:18:253 41440 42096 1
20-07-2017-11:46:18:283 42096 42752 1
20-07-2017-11:46:18:321 42752 43408 1
20-07-2017-11:46:18:361 43408 44064 1
20-07-2017-11:46:18:407 44064 44720 1
20-07-2017-11:46:18:449 44720 45376 1
20-07-2017-11:46:18:489 45376 46032 1
20-07-2017-11:46:18:530 46032 46688 1
20-07-2017-11:46:18:574 46688 47344 1
20-07-2017-11:46:18:615 47344 48000 1
20-07-2017-11:46:18:657 48000 48656 1
20-07-2017-11:46:18:702 48656 49312 1
20-07-2017-11:46:18:743 49312 49968 1
20-07-2017-11:46:18:782 49968 50624 1
20-07-2017-11:46:18:881 50624 51280 1
20-07-2017-11:46:18:883 51280 51936 1
20-07-2017-11:46:18:900 51936 52592 1
20-07-2017-11:46:18:941 52592 53248 1
20-07-2017-11:46:18:979 53248 53904 1
20-07-2017-11:46:19:026 53904 54560 1
20-07-2017-11:46:19:066 54560 55216 1
20-07-2017-11:46:19:107 55216 55872 1
20-07-2017-11:46:19:146 55872 56528 1
20-07-2017-11:46:19:193 56528 57184 1
20-07-2017-11:46:19:223 57184 57840 1
20-07-2017-11:46:19:262 57840 58496 1
20-07-2017-11:46:19:303 58496 59152 1
20-07-2017-11:46:19:344 59152 59808 1
20-07-2017-11:46:19:391 59808 60464 1
20-07-2017-11:46:19:430 60464 61120 1
20-07-2017-11:46:19:472 61120 61776 1
20-07-2017-11:46:19:518 61776 62432 1
20-07-2017-11:46:19:560 62432 63088 1
20-07-2017-11:46:19:599 63088 63744 1
20-07-2017-11:46:19:646 63744 64400 1
20-07-2017-11:46:19:674 64400 65056 1
20-07-2017-11:46:19:714 65056 65712 1
20-07-2017-11:46:19:754 65712 66368 1
20-07-2017-11:46:19:799 66368 67024 1
20-07-2017-11:46:19:840 67024 67680 1
20-07-2017-11:46:19:882 67680 68336 1
20-07-2017-11:46:19:928 68336 68992 1
20-07-2017-11:46:19:968 68992 69648 1
20-07-2017-11:46:20:009 69648 70304 1
20-07-2017-11:46:20:055 70304 70960 1
20-07-2017-11:46:20:085 70960 71616 1
20-07-2017-11:46:20:124 71616 72272 1
20-07-2017-11:46:20:166 72272 72928 1
20-07-2017-11:46:20:206 72928 73584 1
20-07-2017-11:46:20:253 73584 74240 1
20-07-2017-11:46:20:295 74240 74896 1
20-07-2017-11:46:20:334 74896 75552 1
20-07-2017-11:46:20:381 75552 76208 1
20-07-2017-11:46:20:422 76208 76864 1
20-07-2017-11:46:20:451 76864 77520 1
20-07-2017-11:46:20:491 77520 78176 1
20-07-2017-11:46:20:543 78176 78816 1
20-07-2017-11:46:20:573 78816 79456 1
20-07-2017-11:46:20:617 79456 80096 1
20-07-2017-11:46:20:659 80096 80736 1
20-07-2017-11:46:20:699 80736 81376 1
20-07-2017-11:46:20:744 81376 82016 1
20-07-2017-11:46:20:787 82016 82656 1
20-07-2017-11:46:20:815 82656 83296 1
20-07-2017-11:46:20:856 83296 83936 1
20-07-2017-11:46:20:896 83936 84576 1
20-07-2017-11:46:20:943 84576 85216 1
20-07-2017-11:46:20:984 85216 85856 1
20-07-2017-11:46:21:084 85856 86496 1
20-07-2017-11:46:21:085 86496 87136 1
20-07-2017-11:46:21:094 87136 87776 1
20-07-2017-11:46:21:141 87776 88416 1
20-07-2017-11:46:21:179 88416 89056 1
20-07-2017-11:46:21:226 89056 89696 1
20-07-2017-11:46:21:269 89696 90336 1
20-07-2017-11:46:21:297 90336 90976 1
20-07-2017-11:46:21:337 90976 91616 1
20-07-2017-11:46:21:379 91616 92256 1
20-07-2017-11:46:21:418 92256 92896 1
20-07-2017-11:46:21:466 92896 93536 1
20-07-2017-11:46:21:508 93536 94176 1
20-07-2017-11:46:21:536 94176 94816 1
20-07-2017-11:46:21:576 94816 95456 1
20-07-2017-11:46:21:616 95456 96096 1
20-07-2017-11:46:21:663 96096 96736 1
20-07-2017-11:46:21:705 96736 97376 1
20-07-2017-11:46:21:732 97376 98016 1
20-07-2017-11:46:21:774 98016 98656 1
20-07-2017-11:46:21:815 98656 99296 1
20-07-2017-11:46:21:862 99296 99936 1
20-07-2017-11:46:21:901 99936 100576 1
20-07-2017-11:46:21:942 100576 101216 1
20-07-2017-11:46:21:981 101216 101856 1
20-07-2017-11:46:22:010 101856 102496 1
20-07-2017-11:46:22:058 102496 103136 1
20-07-2017-11:46:22:098 103136 103776 1
20-07-2017-11:46:22:140 103776 104416 1
20-07-2017-11:46:22:179 104416 105056 1
20-07-2017-11:46:22:221 105056 105696 1
20-07-2017-11:46:22:267 105696 106336 1
20-07-2017-11:46:22:294 106336 106976 1
20-07-2017-11:46:22:337 106976 107616 1
20-07-2017-11:46:22:377 107616 108256 1
20-07-2017-11:46:22:416 108256 108896 1
20-07-2017-11:46:22:463 108896 109536 1
20-07-2017-11:46:22:503 109536 110176 1
20-07-2017-11:46:22:533 110176 110816 1
20-07-2017-11:46:22:574 110816 111456 1
20-07-2017-11:46:22:614 111456 112096 1
20-07-2017-11:46:22:660 112096 112736 1
20-07-2017-11:46:22:706 112736 113376 1
20-07-2017-11:46:22:735 113376 114016 1
20-07-2017-11:46:22:775 114016 114656 1
20-07-2017-11:46:22:816 114656 115296 1
20-07-2017-11:46:22:856 115296 115936 1
20-07-2017-11:46:22:902 115936 116576 1
20-07-2017-11:46:22:931 116576 117216 1
20-07-2017-11:46:22:973 117216 117856 1
20-07-2017-11:46:23:013 117856 118496 1
20-07-2017-11:46:23:055 118496 119136 1
20-07-2017-11:46:23:100 119136 119776 1
20-07-2017-11:46:23:142 119776 120416 1
20-07-2017-11:46:23:183 120416 121056 1
20-07-2017-11:46:23:212 121056 121696 1
20-07-2017-11:46:23:253 121696 122336 1
20-07-2017-11:46:23:299 122336 122976 1
20-07-2017-11:46:23:339 122976 123616 1
20-07-2017-11:46:23:379 123616 124256 1
20-07-2017-11:46:23:426 124256 124896 1
20-07-2017-11:46:23:455 124896 125536 1
20-07-2017-11:46:23:497 125536 126176 1
20-07-2017-11:46:23:537 126176 126816 1
20-07-2017-11:46:23:579 126816 127456 1
20-07-2017-11:46:23:625 127456 128096 1
20-07-2017-11:46:23:652 128096 128736 1
20-07-2017-11:46:23:693 128736 129376 1
20-07-2017-11:46:23:734 129376 130016 1
20-07-2017-11:46:23:774 130016 130656 1
20-07-2017-11:46:23:822 130656 131296 1
20-07-2017-11:46:23:862 131296 131936 1
20-07-2017-11:46:23:893 131936 132576 1
20-07-2017-11:46:23:931 132576 133216 1
20-07-2017-11:46:23:971 133216 133856 1
20-07-2017-11:46:24:017 133856 134496 1
20-07-2017-11:46:24:059 134496 135136 1
20-07-2017-11:46:24:099 135136 135776 1
20-07-2017-11:46:24:141 135776 136416 1
20-07-2017-11:46:24:232 136416 137056 1
20-07-2017-11:46:24:233 137056 137696 1
20-07-2017-11:46:24:257 137696 138336 1
20-07-2017-11:46:24:302 138336 138976 1
20-07-2017-11:46:24:331 138976 139616 1
20-07-2017-11:46:24:372 139616 140256 1
20-07-2017-11:46:24:411 140256 140896 1
20-07-2017-11:46:24:453 140896 141536 1
20-07-2017-11:46:24:501 141536 142176 1
20-07-2017-11:46:24:548 142176 142816 1
20-07-2017-11:46:24:583 142816 143456 1
20-07-2017-11:46:24:627 143456 144096 1
20-07-2017-11:46:24:651 144096 144736 1
20-07-2017-11:46:24:699 144736 145376 1
20-07-2017-11:46:24:740 145376 146016 1
20-07-2017-11:46:24:785 146016 146656 1
20-07-2017-11:46:24:820 146656 147296 1
20-07-2017-11:46:24:867 147296 147936 1
20-07-2017-11:46:24:894 147936 148576 1
20-07-2017-11:46:24:935 148576 149216 1
20-07-2017-11:46:24:975 149216 149856 1
20-07-2017-11:46:25:019 149856 150496 1
20-07-2017-11:46:25:063 150496 151136 1
20-07-2017-11:46:25:103 151136 151776 1
20-07-2017-11:46:25:132 151776 152416 1
20-07-2017-11:46:25:172 152416 153056 1
20-07-2017-11:46:25:213 153056 153696 1
20-07-2017-11:46:25:260 153696 154336 1
20-07-2017-11:46:25:301 154336 154976 1
20-07-2017-11:46:25:341 154976 155616 1
20-07-2017-11:46:25:381 155616 156256 1
20-07-2017-11:46:25:411 156256 156896 1
20-07-2017-11:46:25:457 156896 157536 1
20-07-2017-11:46:25:498 157536 158176 1
20-07-2017-11:46:25:539 158176 158816 1
20-07-2017-11:46:25:579 158816 159456 1
20-07-2017-11:46:25:625 159456 160096 1
20-07-2017-11:46:25:655 160096 160736 1
20-07-2017-11:46:25:693 160736 161376 1
20-07-2017-11:46:25:741 161376 162016 1
20-07-2017-11:46:25:781 162016 162656 1
20-07-2017-11:46:25:823 162656 163296 1
20-07-2017-11:46:25:867 163296 163936 1
20-07-2017-11:46:25:891 163936 164576 1
20-07-2017-11:46:25:938 164576 165216 1
20-07-2017-11:46:25:979 165216 165856 1
20-07-2017-11:46:26:019 165856 166496 1
20-07-2017-11:46:26:065 166496 167136 1
20-07-2017-11:46:26:105 167136 167776 1
20-07-2017-11:46:26:134 167776 168416 1
20-07-2017-11:46:26:174 168416 169056 1
20-07-2017-11:46:26:216 169056 169696 1
20-07-2017-11:46:26:263 169696 170336 1
20-07-2017-11:46:26:304 170336 170976 1
20-07-2017-11:46:26:332 170976 171616 1
20-07-2017-11:46:26:374 171616 172256 1
20-07-2017-11:46:26:414 172256 172896 1
20-07-2017-11:46:26:461 172896 173536 1
20-07-2017-11:46:26:502 173536 174176 1
20-07-2017-11:46:26:543 174176 174816 1
20-07-2017-11:46:26:571 174816 175456 1
20-07-2017-11:46:26:611 175456 176096 1
20-07-2017-11:46:26:658 176096 176736 1
20-07-2017-11:46:26:699 176736 177376 1
20-07-2017-11:46:26:739 177376 178016 1
20-07-2017-11:46:26:779 178016 178656 1
20-07-2017-11:46:26:826 178656 179296 1
20-07-2017-11:46:26:855 179296 179936 1
20-07-2017-11:46:26:895 179936 180576 1
20-07-2017-11:46:26:935 180576 181216 1
20-07-2017-11:46:26:976 181216 181856 1
20-07-2017-11:46:27:023 181856 182496 1
20-07-2017-11:46:27:064 182496 183136 1
20-07-2017-11:46:27:092 183136 183776 1
20-07-2017-11:46:27:132 183776 184416 1
20-07-2017-11:46:27:176 184416 185056 1
20-07-2017-11:46:27:218 185056 185696 1
20-07-2017-11:46:27:258 185696 186336 1
20-07-2017-11:46:27:305 186336 186976 1
20-07-2017-11:46:27:492 186976 187616 1
20-07-2017-11:46:27:493 187616 188256 1
20-07-2017-11:46:27:493 188256 188896 1
20-07-2017-11:46:27:493 188896 189536 1
20-07-2017-11:46:27:501 189536 190176 1
20-07-2017-11:46:27:541 190176 190816 1
20-07-2017-11:46:27:572 190816 191456 1
20-07-2017-11:46:27:613 191456 192096 1
20-07-2017-11:46:27:651 192096 192736 1
20-07-2017-11:46:27:697 192736 193376 1
20-07-2017-11:46:27:738 193376 194016 1
20-07-2017-11:46:27:785 194016 194656 1
20-07-2017-11:46:27:820 194656 195296 1
20-07-2017-11:46:27:865 195296 195936 1
20-07-2017-11:46:27:906 195936 196576 1
20-07-2017-11:46:27:936 196576 197216 1
20-07-2017-11:46:27:980 197216 197856 1
20-07-2017-11:46:28:016 197856 198496 1
20-07-2017-11:46:28:062 198496 199136 1
20-07-2017-11:46:28:102 199136 199776 1
20-07-2017-11:46:28:132 199776 200416 1
20-07-2017-11:46:28:172 200416 201056 1
20-07-2017-11:46:28:213 201056 201696 1
20-07-2017-11:46:28:258 201696 202336 1
20-07-2017-11:46:28:300 202336 202976 1
20-07-2017-11:46:28:340 202976 203616 1
20-07-2017-11:46:28:380 203616 204256 1
20-07-2017-11:46:28:427 204256 204896 1
20-07-2017-11:46:28:455 204896 205536 1
20-07-2017-11:46:28:497 205536 206176 1
20-07-2017-11:46:28:537 206176 206816 1
20-07-2017-11:46:28:578 206816 207456 1
20-07-2017-11:46:28:626 207456 208096 1
20-07-2017-11:46:28:652 208096 208736 1
20-07-2017-11:46:28:705 208736 209376 1
20-07-2017-11:46:28:735 209376 210016 1
20-07-2017-11:46:28:775 210016 210656 1
20-07-2017-11:46:28:816 210656 211296 1
20-07-2017-11:46:28:856 211296 211936 1
20-07-2017-11:46:28:904 211936 212576 1
20-07-2017-11:46:28:931 212576 213216 1
20-07-2017-11:46:28:973 213216 213856 1
20-07-2017-11:46:29:013 213856 214496 1
20-07-2017-11:46:29:054 214496 215136 1
20-07-2017-11:46:29:101 215136 215776 1
20-07-2017-11:46:29:142 215776 216416 1
20-07-2017-11:46:29:181 216416 217056 1
20-07-2017-11:46:29:210 217056 217696 1
20-07-2017-11:46:29:251 217696 218336 1
20-07-2017-11:46:29:298 218336 218976 1
20-07-2017-11:46:29:338 218976 219616 1
20-07-2017-11:46:29:379 219616 220256 1
20-07-2017-11:46:29:419 220256 220896 1
20-07-2017-11:46:29:464 220896 221536 1
20-07-2017-11:46:29:504 221536 222176 1
20-07-2017-11:46:29:532 222176 222816 1
20-07-2017-11:46:29:574 222816 223456 1
20-07-2017-11:46:29:614 223456 224096 1
20-07-2017-11:46:29:654 224096 224736 1
20-07-2017-11:46:29:703 224736 225376 1
20-07-2017-11:46:29:742 225376 226016 1
20-07-2017-11:46:29:774 226016 226656 1
20-07-2017-11:46:29:811 226656 227296 1
20-07-2017-11:46:29:854 227296 227936 1
20-07-2017-11:46:29:901 227936 228576 1
20-07-2017-11:46:29:942 228576 229216 1
20-07-2017-11:46:29:981 229216 229856 1
20-07-2017-11:46:30:021 229856 230496 1
20-07-2017-11:46:30:068 230496 231136 1
20-07-2017-11:46:30:091 231136 231776 1
20-07-2017-11:46:30:137 231776 232416 1
20-07-2017-11:46:30:182 232416 233056 1
20-07-2017-11:46:30:222 233056 233696 1
20-07-2017-11:46:30:253 233696 234336 1
20-07-2017-11:46:30:290 234336 234976 1
20-07-2017-11:46:30:333 234976 235616 1
20-07-2017-11:46:30:376 235616 236256 1
20-07-2017-11:46:30:418 236256 236896 1
20-07-2017-11:46:30:459 236896 237536 1
20-07-2017-11:46:30:685 237536 238176 1
20-07-2017-11:46:30:693 238176 238816 1
20-07-2017-11:46:30:693 238816 239456 1
20-07-2017-11:46:30:694 239456 240096 1
20-07-2017-11:46:30:694 240096 240736 1
20-07-2017-11:46:30:696 240736 241376 1
20-07-2017-11:46:30:743 241376 242016 1
20-07-2017-11:46:30:785 242016 242656 1
20-07-2017-11:46:30:813 242656 243296 1
20-07-2017-11:46:30:854 243296 243936 1
20-07-2017-11:46:30:894 243936 244576 1
20-07-2017-11:46:30:940 244576 245216 1
20-07-2017-11:46:30:981 245216 245856 1
20-07-2017-11:46:31:021 245856 246496 1
20-07-2017-11:46:31:061 246496 247136 1
20-07-2017-11:46:31:090 247136 247776 1
20-07-2017-11:46:31:136 247776 248416 1
20-07-2017-11:46:31:177 248416 249056 1
20-07-2017-11:46:31:219 249056 249696 1
20-07-2017-11:46:31:259 249696 250336 1
20-07-2017-11:46:31:306 250336 250976 1
20-07-2017-11:46:31:347 250976 251616 1
20-07-2017-11:46:31:374 251616 252256 1
20-07-2017-11:46:31:415 252256 252896 1
20-07-2017-11:46:31:456 252896 253536 1
20-07-2017-11:46:31:502 253536 254176 1
20-07-2017-11:46:31:543 254176 254816 1
20-07-2017-11:46:31:576 254816 255456 1
20-07-2017-11:46:31:613 255456 256096 1
20-07-2017-11:46:31:652 256096 256736 1
20-07-2017-11:46:31:696 256736 257376 1
20-07-2017-11:46:31:737 257376 258016 1
20-07-2017-11:46:31:784 258016 258656 1
20-07-2017-11:46:31:813 258656 259296 1
20-07-2017-11:46:31:854 259296 259936 1
20-07-2017-11:46:31:894 259936 260576 1
20-07-2017-11:46:31:934 260576 261216 1
20-07-2017-11:46:31:981 261216 261856 1
20-07-2017-11:46:32:022 261856 262496 1
20-07-2017-11:46:32:052 262496 263136 1
20-07-2017-11:46:32:094 263136 263776 1
20-07-2017-11:46:32:133 263776 264416 1
20-07-2017-11:46:32:180 264416 265056 1
20-07-2017-11:46:32:220 265056 265696 1
20-07-2017-11:46:32:260 265696 266336 1
20-07-2017-11:46:32:307 266336 266976 1
20-07-2017-11:46:32:348 266976 267616 1
20-07-2017-11:46:32:378 267616 268256 1
20-07-2017-11:46:32:416 268256 268896 1
20-07-2017-11:46:32:458 268896 269536 1
20-07-2017-11:46:32:503 269536 270176 1
20-07-2017-11:46:32:546 270176 270816 1
20-07-2017-11:46:32:574 270816 271456 1
20-07-2017-11:46:32:613 271456 272096 1
20-07-2017-11:46:32:654 272096 272736 1
20-07-2017-11:46:32:701 272736 273376 1
20-07-2017-11:46:32:740 273376 274016 1
20-07-2017-11:46:32:779 274016 274656 1
20-07-2017-11:46:32:819 274656 275296 1
20-07-2017-11:46:32:867 275296 275936 1
20-07-2017-11:46:32:896 275936 276576 1
20-07-2017-11:46:32:935 276576 277216 1
20-07-2017-11:46:32:977 277216 277856 1
20-07-2017-11:46:33:018 277856 278496 1
20-07-2017-11:46:33:064 278496 279136 1
20-07-2017-11:46:33:093 279136 279776 1
20-07-2017-11:46:33:132 279776 280416 1
20-07-2017-11:46:33:174 280416 281056 1
20-07-2017-11:46:33:215 281056 281696 1
20-07-2017-11:46:33:255 281696 282336 1
20-07-2017-11:46:33:302 282336 282976 1
20-07-2017-11:46:33:331 282976 283616 1
20-07-2017-11:46:33:372 283616 284256 1
20-07-2017-11:46:33:413 284256 284896 1
20-07-2017-11:46:33:458 284896 285536 1
20-07-2017-11:46:33:501 285536 286176 1
20-07-2017-11:46:33:541 286176 286816 1
20-07-2017-11:46:33:580 286816 287456 1
20-07-2017-11:46:33:626 287456 288096 1
20-07-2017-11:46:33:758 288096 288736 1
20-07-2017-11:46:33:759 288736 289376 1
20-07-2017-11:46:33:759 289376 290016 1
20-07-2017-11:46:33:776 290016 290656 1
20-07-2017-11:46:33:823 290656 291296 1
20-07-2017-11:46:33:864 291296 291936 1
20-07-2017-11:46:33:894 291936 292576 1
20-07-2017-11:46:33:935 292576 293216 1
20-07-2017-11:46:33:975 293216 293856 1
20-07-2017-11:46:34:020 293856 294496 1
20-07-2017-11:46:34:061 294496 295136 1
20-07-2017-11:46:34:103 295136 295776 1
20-07-2017-11:46:34:130 295776 296416 1
20-07-2017-11:46:34:171 296416 297056 1
20-07-2017-11:46:34:217 297056 297696 1
20-07-2017-11:46:34:258 297696 298336 1
20-07-2017-11:46:34:299 298336 298976 1
20-07-2017-11:46:34:339 298976 299616 1
20-07-2017-11:46:34:385 299616 300256 1
20-07-2017-11:46:34:426 300256 300896 1
20-07-2017-11:46:34:456 300896 301536 1
20-07-2017-11:46:34:495 301536 302176 1
20-07-2017-11:46:34:537 302176 302816 1
20-07-2017-11:46:34:586 302816 303456 1
20-07-2017-11:46:34:650 303456 304096 1
20-07-2017-11:46:34:654 304096 304736 1
20-07-2017-11:46:34:698 304736 305376 1
20-07-2017-11:46:34:739 305376 306016 1
20-07-2017-11:46:34:779 306016 306656 1
20-07-2017-11:46:34:824 306656 307296 1
20-07-2017-11:46:34:865 307296 307936 1
20-07-2017-11:46:34:894 307936 308576 1
20-07-2017-11:46:34:935 308576 309216 1
20-07-2017-11:46:34:975 309216 309856 1
20-07-2017-11:46:35:015 309856 310496 1
20-07-2017-11:46:35:061 310496 311136 1
20-07-2017-11:46:35:091 311136 311776 1
20-07-2017-11:46:35:133 311776 312416 1
20-07-2017-11:46:35:172 312416 313056 1
20-07-2017-11:46:35:214 313056 313696 1
20-07-2017-11:46:35:260 313696 314336 1
20-07-2017-11:46:35:300 314336 314976 1
20-07-2017-11:46:35:340 314976 315616 1
20-07-2017-11:46:35:377 315616 316256 1
20-07-2017-11:46:35:423 316256 316896 1
20-07-2017-11:46:35:451 316896 317536 1
20-07-2017-11:46:35:493 317536 318176 1
20-07-2017-11:46:35:533 318176 318816 1
20-07-2017-11:46:35:573 318816 319456 1
20-07-2017-11:46:35:621 319456 320096 1
20-07-2017-11:46:35:664 320096 320736 1
20-07-2017-11:46:35:702 320736 321376 1
20-07-2017-11:46:35:730 321376 322016 1
20-07-2017-11:46:35:771 322016 322656 1
20-07-2017-11:46:35:817 322656 323296 1
20-07-2017-11:46:35:859 323296 323936 1
20-07-2017-11:46:35:899 323936 324576 1
20-07-2017-11:46:35:945 324576 325216 1
20-07-2017-11:46:35:987 325216 325856 1
20-07-2017-11:46:36:015 325856 326496 1
20-07-2017-11:46:36:057 326496 327136 1
20-07-2017-11:46:36:101 327136 327776 1
20-07-2017-11:46:36:142 327776 328416 1
20-07-2017-11:46:36:184 328416 329056 1
20-07-2017-11:46:36:211 329056 329696 1
20-07-2017-11:46:36:258 329696 330336 1
20-07-2017-11:46:36:299 330336 330976 1
20-07-2017-11:46:36:339 330976 331616 1
20-07-2017-11:46:36:381 331616 332256 1
20-07-2017-11:46:36:426 332256 332896 1
20-07-2017-11:46:36:456 332896 333536 1
20-07-2017-11:46:36:496 333536 334176 1
20-07-2017-11:46:36:536 334176 334816 1
20-07-2017-11:46:36:582 334816 335456 1
20-07-2017-11:46:36:625 335456 336096 1
20-07-2017-11:46:36:652 336096 336736 1
20-07-2017-11:46:36:694 336736 337376 1
20-07-2017-11:46:36:733 337376 338016 1
20-07-2017-11:46:36:781 338016 338656 1
20-07-2017-11:46:36:819 338656 339296 1
20-07-2017-11:46:36:860 339296 339936 1
20-07-2017-11:46:36:908 339936 340576 1
20-07-2017-11:46:36:931 340576 341216 1
20-07-2017-11:46:36:976 341216 341856 1
20-07-2017-11:46:37:016 341856 342496 1
20-07-2017-11:46:37:058 342496 343136 1
20-07-2017-11:46:37:104 343136 343776 1
20-07-2017-11:46:37:133 343776 344416 1
20-07-2017-11:46:37:176 344416 345056 1
20-07-2017-11:46:37:217 345056 345696 1
20-07-2017-11:46:37:255 345696 346336 1
20-07-2017-11:46:37:303 346336 346976 1
20-07-2017-11:46:37:331 346976 347616 1
20-07-2017-11:46:37:372 347616 348256 1
