20-07-2017-14:21:19:242 0 800 1
20-07-2017-14:21:19:295 800 1568 1
20-07-2017-14:21:19:344 1568 2336 1
20-07-2017-14:21:19:384 2336 3104 1
20-07-2017-14:21:19:435 3104 3792 1
20-07-2017-14:21:19:473 3792 4480 1
20-07-2017-14:21:19:526 4480 5152 1
20-07-2017-14:21:19:562 5152 5824 1
20-07-2017-14:21:19:599 5824 6496 1
20-07-2017-14:21:19:644 6496 7168 1
20-07-2017-14:21:19:686 7168 7840 1
20-07-2017-14:21:19:733 7840 8512 1
20-07-2017-14:21:19:772 8512 9184 1
20-07-2017-14:21:19:812 9184 9856 1
20-07-2017-14:21:19:857 9856 10528 1
20-07-2017-14:21:19:899 10528 11200 1
20-07-2017-14:21:19:939 11200 11872 1
20-07-2017-14:21:19:980 11872 12544 1
20-07-2017-14:21:20:026 12544 13216 1
20-07-2017-14:21:20:065 13216 13888 1
20-07-2017-14:21:20:110 13888 14560 1
20-07-2017-14:21:20:151 14560 15232 1
20-07-2017-14:21:20:192 15232 15904 1
20-07-2017-14:21:20:232 15904 16576 1
20-07-2017-14:21:20:272 16576 17248 1
20-07-2017-14:21:20:318 17248 17920 1
20-07-2017-14:21:20:357 17920 18592 1
20-07-2017-14:21:20:397 18592 19264 1
20-07-2017-14:21:20:439 19264 19936 1
20-07-2017-14:21:20:480 19936 20608 1
20-07-2017-14:21:20:519 20608 21280 1
20-07-2017-14:21:20:566 21280 21952 1
20-07-2017-14:21:20:614 21952 22624 1
20-07-2017-14:21:20:649 22624 23296 1
20-07-2017-14:21:20:689 23296 23968 1
20-07-2017-14:21:20:736 23968 24640 1
20-07-2017-14:21:20:773 24640 25312 1
20-07-2017-14:21:20:814 25312 25984 1
20-07-2017-14:21:20:856 25984 26656 1
20-07-2017-14:21:20:908 26656 27312 1
20-07-2017-14:21:20:937 27312 27968 1
20-07-2017-14:21:20:984 27968 28624 1
20-07-2017-14:21:21:023 28624 29280 1
20-07-2017-14:21:21:066 29280 29936 1
20-07-2017-14:21:21:105 29936 30592 1
20-07-2017-14:21:21:148 30592 31248 1
20-07-2017-14:21:21:186 31248 31904 1
20-07-2017-14:21:21:233 31904 32560 1
20-07-2017-14:21:21:272 32560 33216 1
20-07-2017-14:21:21:312 33216 33872 1
20-07-2017-14:21:21:353 33872 34528 1
20-07-2017-14:21:21:391 34528 35184 1
20-07-2017-14:21:21:439 35184 35840 1
20-07-2017-14:21:21:479 35840 36496 1
20-07-2017-14:21:21:525 36496 37152 1
20-07-2017-14:21:21:566 37152 37808 1
20-07-2017-14:21:21:607 37808 38464 1
20-07-2017-14:21:21:638 38464 39120 1
20-07-2017-14:21:21:678 39120 39776 1
20-07-2017-14:21:21:717 39776 40432 1
20-07-2017-14:21:21:765 40432 41088 1
20-07-2017-14:21:21:806 41088 41744 1
20-07-2017-14:21:21:846 41744 42400 1
20-07-2017-14:21:21:888 42400 43056 1
20-07-2017-14:21:21:926 43056 43712 1
20-07-2017-14:21:21:973 43712 44368 1
20-07-2017-14:21:22:014 44368 45024 1
20-07-2017-14:21:22:054 45024 45680 1
20-07-2017-14:21:22:095 45680 46336 1
20-07-2017-14:21:22:136 46336 46992 1
20-07-2017-14:21:22:176 46992 47648 1
20-07-2017-14:21:22:216 47648 48304 1
20-07-2017-14:21:22:257 48304 48960 1
20-07-2017-14:21:22:298 48960 49616 1
20-07-2017-14:21:22:522 49616 50272 1
20-07-2017-14:21:22:523 50272 50928 1
20-07-2017-14:21:22:523 50928 51584 1
20-07-2017-14:21:22:528 51584 52240 1
20-07-2017-14:21:22:531 52240 52896 1
20-07-2017-14:21:22:545 52896 53552 1
20-07-2017-14:21:22:586 53552 54208 1
20-07-2017-14:21:22:636 54208 54864 1
20-07-2017-14:21:22:679 54864 55520 1
20-07-2017-14:21:22:714 55520 56176 1
20-07-2017-14:21:22:755 56176 56832 1
20-07-2017-14:21:22:797 56832 57488 1
20-07-2017-14:21:22:827 57488 58144 1
20-07-2017-14:21:22:865 58144 58800 1
20-07-2017-14:21:22:906 58800 59456 1
20-07-2017-14:21:22:948 59456 60112 1
20-07-2017-14:21:22:992 60112 60768 1
20-07-2017-14:21:23:030 60768 61424 1
20-07-2017-14:21:23:076 61424 62080 1
20-07-2017-14:21:23:116 62080 62736 1
20-07-2017-14:21:23:156 62736 63392 1
20-07-2017-14:21:23:198 63392 64048 1
20-07-2017-14:21:23:244 64048 64704 1
20-07-2017-14:21:23:290 64704 65360 1
20-07-2017-14:21:23:319 65360 66016 1
20-07-2017-14:21:23:358 66016 66672 1
20-07-2017-14:21:23:399 66672 67328 1
20-07-2017-14:21:23:441 67328 67984 1
20-07-2017-14:21:23:486 67984 68640 1
20-07-2017-14:21:23:527 68640 69296 1
20-07-2017-14:21:23:567 69296 69952 1
20-07-2017-14:21:23:608 69952 70608 1
20-07-2017-14:21:23:655 70608 71264 1
20-07-2017-14:21:23:695 71264 71920 1
20-07-2017-14:21:23:734 71920 72576 1
20-07-2017-14:21:23:775 72576 73232 1
20-07-2017-14:21:23:821 73232 73888 1
20-07-2017-14:21:23:862 73888 74544 1
20-07-2017-14:21:23:891 74544 75200 1
20-07-2017-14:21:23:933 75200 75856 1
20-07-2017-14:21:23:974 75856 76512 1
20-07-2017-14:21:24:013 76512 77168 1
20-07-2017-14:21:24:061 77168 77824 1
20-07-2017-14:21:24:102 77824 78480 1
20-07-2017-14:21:24:142 78480 79136 1
20-07-2017-14:21:24:184 79136 79792 1
20-07-2017-14:21:24:231 79792 80448 1
20-07-2017-14:21:24:258 80448 81104 1
20-07-2017-14:21:24:299 81104 81760 1
20-07-2017-14:21:24:340 81760 82416 1
20-07-2017-14:21:24:380 82416 83072 1
20-07-2017-14:21:24:421 83072 83728 1
20-07-2017-14:21:24:468 83728 84384 1
20-07-2017-14:21:24:509 84384 85040 1
20-07-2017-14:21:24:555 85040 85696 1
20-07-2017-14:21:24:596 85696 86352 1
20-07-2017-14:21:24:637 86352 87008 1
20-07-2017-14:21:24:677 87008 87664 1
20-07-2017-14:21:24:716 87664 88320 1
20-07-2017-14:21:24:761 88320 88976 1
20-07-2017-14:21:24:801 88976 89632 1
20-07-2017-14:21:24:843 89632 90288 1
20-07-2017-14:21:24:884 90288 90944 1
20-07-2017-14:21:24:924 90944 91600 1
20-07-2017-14:21:24:970 91600 92256 1
20-07-2017-14:21:25:012 92256 92912 1
20-07-2017-14:21:25:042 92912 93568 1
20-07-2017-14:21:25:082 93568 94224 1
20-07-2017-14:21:25:122 94224 94880 1
20-07-2017-14:21:25:163 94880 95536 1
20-07-2017-14:21:25:204 95536 96192 1
20-07-2017-14:21:25:245 96192 96848 1
20-07-2017-14:21:25:285 96848 97504 1
20-07-2017-14:21:25:326 97504 98160 1
20-07-2017-14:21:25:374 98160 98816 1
20-07-2017-14:21:25:414 98816 99472 1
20-07-2017-14:21:25:453 99472 100128 1
20-07-2017-14:21:26:126 100128 100784 1
20-07-2017-14:21:26:127 100784 101440 1
20-07-2017-14:21:26:127 101440 102096 1
20-07-2017-14:21:26:128 102096 102752 1
20-07-2017-14:21:26:128 102752 103408 1
20-07-2017-14:21:26:128 103408 104064 1
20-07-2017-14:21:26:128 104064 104720 1
20-07-2017-14:21:26:128 104720 105376 1
20-07-2017-14:21:26:128 105376 106032 1
20-07-2017-14:21:26:128 106032 106688 1
20-07-2017-14:21:26:128 106688 107344 1
20-07-2017-14:21:26:128 107344 108000 1
20-07-2017-14:21:26:128 108000 108656 1
20-07-2017-14:21:26:128 108656 109312 1
20-07-2017-14:21:26:128 109312 109968 1
20-07-2017-14:21:26:128 109968 110624 1
20-07-2017-14:21:26:146 110624 111280 1
20-07-2017-14:21:26:187 111280 111936 1
20-07-2017-14:21:26:230 111936 112592 1
20-07-2017-14:21:26:267 112592 113248 1
20-07-2017-14:21:26:315 113248 113904 1
20-07-2017-14:21:26:354 113904 114560 1
20-07-2017-14:21:26:395 114560 115216 1
20-07-2017-14:21:26:435 115216 115872 1
20-07-2017-14:21:26:475 115872 116528 1
20-07-2017-14:21:26:517 116528 117184 1
20-07-2017-14:21:26:558 117184 117840 1
20-07-2017-14:21:26:597 117840 118496 1
20-07-2017-14:21:26:639 118496 119152 1
20-07-2017-14:21:26:684 119152 119808 1
20-07-2017-14:21:26:725 119808 120464 1
20-07-2017-14:21:26:766 120464 121120 1
20-07-2017-14:21:26:807 121120 121776 1
20-07-2017-14:21:26:847 121776 122432 1
20-07-2017-14:21:26:960 122432 123088 1
20-07-2017-14:21:26:962 123088 123744 1
20-07-2017-14:21:26:976 123744 124400 1
20-07-2017-14:21:27:015 124400 125056 1
20-07-2017-14:21:27:055 125056 125712 1
20-07-2017-14:21:27:099 125712 126368 1
20-07-2017-14:21:27:138 126368 127024 1
20-07-2017-14:21:27:179 127024 127680 1
20-07-2017-14:21:27:220 127680 128336 1
20-07-2017-14:21:27:261 128336 128992 1
20-07-2017-14:21:27:307 128992 129648 1
20-07-2017-14:21:27:349 129648 130304 1
20-07-2017-14:21:27:376 130304 130960 1
20-07-2017-14:21:27:418 130960 131616 1
20-07-2017-14:21:27:458 131616 132272 1
20-07-2017-14:21:27:503 132272 132928 1
20-07-2017-14:21:27:543 132928 133584 1
20-07-2017-14:21:27:584 133584 134240 1
20-07-2017-14:21:27:624 134240 134896 1
20-07-2017-14:21:27:672 134896 135552 1
20-07-2017-14:21:27:711 135552 136208 1
20-07-2017-14:21:27:761 136208 136864 1
20-07-2017-14:21:27:786 136864 137520 1
20-07-2017-14:21:27:826 137520 138176 1
20-07-2017-14:21:27:866 138176 138832 1
20-07-2017-14:21:27:908 138832 139488 1
20-07-2017-14:21:27:953 139488 140144 1
20-07-2017-14:21:27:993 140144 140800 1
20-07-2017-14:21:28:034 140800 141456 1
20-07-2017-14:21:28:074 141456 142112 1
20-07-2017-14:21:28:115 142112 142768 1
20-07-2017-14:21:28:161 142768 143424 1
20-07-2017-14:21:28:202 143424 144080 1
20-07-2017-14:21:28:243 144080 144736 1
20-07-2017-14:21:28:284 144736 145392 1
20-07-2017-14:21:28:330 145392 146048 1
20-07-2017-14:21:28:372 146048 146704 1
20-07-2017-14:21:28:400 146704 147360 1
20-07-2017-14:21:28:441 147360 148016 1
20-07-2017-14:21:28:483 148016 148672 1
20-07-2017-14:21:28:522 148672 149328 1
20-07-2017-14:21:28:569 149328 149984 1
20-07-2017-14:21:28:609 149984 150640 1
20-07-2017-14:21:28:650 150640 151296 1
20-07-2017-14:21:28:690 151296 151952 1
20-07-2017-14:21:28:731 151952 152608 1
20-07-2017-14:21:28:778 152608 153264 1
20-07-2017-14:21:28:818 153264 153920 1
20-07-2017-14:21:28:859 153920 154576 1
20-07-2017-14:21:28:899 154576 155232 1
20-07-2017-14:21:28:945 155232 155888 1
20-07-2017-14:21:28:985 155888 156544 1
20-07-2017-14:21:29:026 156544 157200 1
20-07-2017-14:21:29:068 157200 157856 1
20-07-2017-14:21:29:100 157856 158512 1
20-07-2017-14:21:29:138 158512 159168 1
20-07-2017-14:21:29:178 159168 159824 1
20-07-2017-14:21:29:219 159824 160480 1
20-07-2017-14:21:29:262 160480 161136 1
20-07-2017-14:21:29:304 161136 161792 1
20-07-2017-14:21:29:348 161792 162448 1
20-07-2017-14:21:29:389 162448 163104 1
20-07-2017-14:21:29:431 163104 163760 1
20-07-2017-14:21:29:472 163760 164416 1
20-07-2017-14:21:29:518 164416 165072 1
20-07-2017-14:21:29:557 165072 165728 1
20-07-2017-14:21:29:599 165728 166384 1
20-07-2017-14:21:29:640 166384 167040 1
20-07-2017-14:21:29:680 167040 167696 1
20-07-2017-14:21:29:727 167696 168352 1
20-07-2017-14:21:29:767 168352 169008 1
20-07-2017-14:21:29:798 169008 169664 1
20-07-2017-14:21:29:836 169664 170320 1
20-07-2017-14:21:29:877 170320 170976 1
20-07-2017-14:21:29:919 170976 171632 1
20-07-2017-14:21:29:965 171632 172288 1
20-07-2017-14:21:30:005 172288 172944 1
20-07-2017-14:21:30:233 172944 173600 1
20-07-2017-14:21:30:235 173600 174256 1
20-07-2017-14:21:30:235 174256 174912 1
20-07-2017-14:21:30:236 174912 175568 1
20-07-2017-14:21:30:238 175568 176224 1
20-07-2017-14:21:30:249 176224 176880 1
20-07-2017-14:21:30:289 176880 177536 1
20-07-2017-14:21:30:331 177536 178192 1
20-07-2017-14:21:30:371 178192 178848 1
20-07-2017-14:21:30:417 178848 179504 1
20-07-2017-14:21:30:459 179504 180160 1
20-07-2017-14:21:30:498 180160 180816 1
20-07-2017-14:21:30:550 180816 181472 1
20-07-2017-14:21:30:579 181472 182128 1
20-07-2017-14:21:30:621 182128 182784 1
20-07-2017-14:21:30:662 182784 183440 1
20-07-2017-14:21:30:708 183440 184096 1
20-07-2017-14:21:30:737 184096 184752 1
20-07-2017-14:21:30:789 184752 185376 1
20-07-2017-14:21:30:816 185376 186000 1
20-07-2017-14:21:30:861 186000 186624 1
20-07-2017-14:21:30:903 186624 187248 1
20-07-2017-14:21:30:943 187248 187872 1
20-07-2017-14:21:30:971 187872 188496 1
20-07-2017-14:21:31:013 188496 189120 1
20-07-2017-14:21:31:052 189120 189744 1
20-07-2017-14:21:31:092 189744 190368 1
20-07-2017-14:21:31:134 190368 190992 1
20-07-2017-14:21:31:175 190992 191616 1
20-07-2017-14:21:31:204 191616 192240 1
20-07-2017-14:21:31:245 192240 192864 1
20-07-2017-14:21:31:285 192864 193488 1
20-07-2017-14:21:31:327 193488 194112 1
20-07-2017-14:21:31:368 194112 194736 1
20-07-2017-14:21:31:408 194736 195360 1
20-07-2017-14:21:31:455 195360 195984 1
20-07-2017-14:21:31:477 195984 196608 1
20-07-2017-14:21:31:519 196608 197232 1
20-07-2017-14:21:31:564 197232 197856 1
20-07-2017-14:21:31:606 197856 198480 1
20-07-2017-14:21:31:648 198480 199104 1
20-07-2017-14:21:31:687 199104 199728 1
20-07-2017-14:21:31:715 199728 200352 1
20-07-2017-14:21:31:756 200352 200976 1
20-07-2017-14:21:31:798 200976 201600 1
20-07-2017-14:21:31:838 201600 202224 1
20-07-2017-14:21:31:868 202224 202848 1
20-07-2017-14:21:31:909 202848 203472 1
20-07-2017-14:21:31:948 203472 204096 1
20-07-2017-14:21:31:989 204096 204720 1
20-07-2017-14:21:32:032 204720 205344 1
20-07-2017-14:21:32:071 205344 205968 1
20-07-2017-14:21:32:100 205968 206592 1
20-07-2017-14:21:32:141 206592 207216 1
20-07-2017-14:21:32:182 207216 207840 1
20-07-2017-14:21:32:224 207840 208464 1
20-07-2017-14:21:32:264 208464 209088 1
20-07-2017-14:21:32:304 209088 209712 1
20-07-2017-14:21:32:345 209712 210336 1
20-07-2017-14:21:32:385 210336 210960 1
20-07-2017-14:21:32:414 210960 211584 1
20-07-2017-14:21:32:454 211584 212208 1
20-07-2017-14:21:32:496 212208 212832 1
20-07-2017-14:21:32:536 212832 213456 1
20-07-2017-14:21:32:577 213456 214080 1
20-07-2017-14:21:32:624 214080 214704 1
20-07-2017-14:21:32:651 214704 215328 1
20-07-2017-14:21:32:691 215328 215952 1
20-07-2017-14:21:32:735 215952 216576 1
20-07-2017-14:21:32:777 216576 217200 1
20-07-2017-14:21:32:816 217200 217824 1
20-07-2017-14:21:32:848 217824 218448 1
20-07-2017-14:21:32:892 218448 219072 1
20-07-2017-14:21:32:928 219072 219696 1
20-07-2017-14:21:32:967 219696 220320 1
20-07-2017-14:21:33:008 220320 220944 1
20-07-2017-14:21:33:038 220944 221568 1
20-07-2017-14:21:33:079 221568 222192 1
20-07-2017-14:21:33:121 222192 222816 1
20-07-2017-14:21:33:160 222816 223440 1
20-07-2017-14:21:33:369 223440 224064 1
20-07-2017-14:21:33:372 224064 224688 1
20-07-2017-14:21:33:372 224688 225312 1
20-07-2017-14:21:33:372 225312 225936 1
20-07-2017-14:21:33:372 225936 226560 1
20-07-2017-14:21:33:399 226560 227184 1
20-07-2017-14:21:33:430 227184 227808 1
20-07-2017-14:21:33:475 227808 228432 1
20-07-2017-14:21:33:515 228432 229056 1
20-07-2017-14:21:33:554 229056 229680 1
20-07-2017-14:21:33:595 229680 230304 1
20-07-2017-14:21:33:626 230304 230928 1
20-07-2017-14:21:33:665 230928 231552 1
20-07-2017-14:21:33:708 231552 232176 1
20-07-2017-14:21:33:747 232176 232800 1
20-07-2017-14:21:33:793 232800 233424 1
20-07-2017-14:21:33:819 233424 234048 1
20-07-2017-14:21:33:864 234048 234672 1
20-07-2017-14:21:33:904 234672 235296 1
20-07-2017-14:21:33:945 235296 235920 1
20-07-2017-14:21:33:975 235920 236544 1
20-07-2017-14:21:34:014 236544 237168 1
20-07-2017-14:21:34:056 237168 237792 1
20-07-2017-14:21:34:097 237792 238416 1
20-07-2017-14:21:34:138 238416 239040 1
20-07-2017-14:21:34:179 239040 239664 1
20-07-2017-14:21:34:208 239664 240288 1
20-07-2017-14:21:34:248 240288 240912 1
20-07-2017-14:21:34:290 240912 241536 1
20-07-2017-14:21:34:330 241536 242160 1
20-07-2017-14:21:34:371 242160 242784 1
20-07-2017-14:21:34:417 242784 243408 1
20-07-2017-14:21:34:442 243408 244032 1
20-07-2017-14:21:34:488 244032 244656 1
20-07-2017-14:21:34:528 244656 245280 1
20-07-2017-14:21:34:570 245280 245904 1
20-07-2017-14:21:34:599 245904 246528 1
20-07-2017-14:21:34:639 246528 247152 1
20-07-2017-14:21:34:680 247152 247776 1
20-07-2017-14:21:34:721 247776 248400 1
20-07-2017-14:21:34:763 248400 249024 1
20-07-2017-14:21:34:792 249024 249648 1
20-07-2017-14:21:34:831 249648 250272 1
20-07-2017-14:21:34:880 250272 250896 1
20-07-2017-14:21:34:921 250896 251520 1
20-07-2017-14:21:34:950 251520 252144 1
20-07-2017-14:21:35:037 252144 252768 1
20-07-2017-14:21:35:038 252768 253392 1
20-07-2017-14:21:35:071 253392 254016 1
20-07-2017-14:21:35:116 254016 254640 1
20-07-2017-14:21:35:160 254640 255264 1
20-07-2017-14:21:35:183 255264 255888 1
20-07-2017-14:21:35:229 255888 256512 1
20-07-2017-14:21:35:265 256512 257136 1
20-07-2017-14:21:35:310 257136 257760 1
20-07-2017-14:21:35:352 257760 258384 1
20-07-2017-14:21:35:380 258384 259008 1
20-07-2017-14:21:35:421 259008 259632 1
20-07-2017-14:21:35:461 259632 260256 1
20-07-2017-14:21:35:500 260256 260880 1
20-07-2017-14:21:35:546 260880 261504 1
20-07-2017-14:21:35:588 261504 262128 1
20-07-2017-14:21:35:616 262128 262752 1
20-07-2017-14:21:35:655 262752 263376 1
20-07-2017-14:21:35:697 263376 264000 1
20-07-2017-14:21:35:738 264000 264624 1
20-07-2017-14:21:35:767 264624 265248 1
20-07-2017-14:21:35:807 265248 265872 1
20-07-2017-14:21:35:853 265872 266496 1
20-07-2017-14:21:35:894 266496 267120 1
20-07-2017-14:21:35:924 267120 267744 1
20-07-2017-14:21:35:963 267744 268368 1
20-07-2017-14:21:36:004 268368 268992 1
20-07-2017-14:21:36:045 268992 269616 1
20-07-2017-14:21:36:092 269616 270240 1
20-07-2017-14:21:36:132 270240 270864 1
20-07-2017-14:21:36:161 270864 271488 1
20-07-2017-14:21:36:201 271488 272112 1
20-07-2017-14:21:36:243 272112 272736 1
20-07-2017-14:21:36:282 272736 273360 1
20-07-2017-14:21:36:328 273360 273984 1
20-07-2017-14:21:36:352 273984 274608 1
20-07-2017-14:21:36:398 274608 275232 1
20-07-2017-14:21:36:439 275232 275856 1
20-07-2017-14:21:36:480 275856 276480 1
20-07-2017-14:21:36:509 276480 277104 1
20-07-2017-14:21:36:556 277104 277728 1
20-07-2017-14:21:36:590 277728 278352 1
20-07-2017-14:21:36:632 278352 278976 1
20-07-2017-14:21:36:673 278976 279600 1
20-07-2017-14:21:36:712 279600 280224 1
20-07-2017-14:21:36:742 280224 280848 1
20-07-2017-14:21:36:783 280848 281472 1
20-07-2017-14:21:36:825 281472 282096 1
20-07-2017-14:21:36:864 282096 282720 1
20-07-2017-14:21:36:906 282720 283344 1
20-07-2017-14:21:36:946 283344 283968 1
20-07-2017-14:21:36:976 283968 284592 1
20-07-2017-14:21:37:017 284592 285216 1
20-07-2017-14:21:37:056 285216 285840 1
20-07-2017-14:21:37:098 285840 286464 1
20-07-2017-14:21:37:138 286464 287088 1
20-07-2017-14:21:37:178 287088 287712 1
20-07-2017-14:21:37:224 287712 288336 1
20-07-2017-14:21:37:266 288336 288960 1
20-07-2017-14:21:37:288 288960 289584 1
20-07-2017-14:21:37:335 289584 290208 1
20-07-2017-14:21:37:376 290208 290832 1
20-07-2017-14:21:37:417 290832 291456 1
20-07-2017-14:21:37:445 291456 292080 1
20-07-2017-14:21:37:485 292080 292704 1
20-07-2017-14:21:37:527 292704 293328 1
20-07-2017-14:21:37:567 293328 293952 1
20-07-2017-14:21:37:610 293952 294576 1
20-07-2017-14:21:37:651 294576 295200 1
20-07-2017-14:21:37:682 295200 295824 1
20-07-2017-14:21:37:720 295824 296448 1
20-07-2017-14:21:37:760 296448 297072 1
20-07-2017-14:21:37:802 297072 297696 1
20-07-2017-14:21:37:841 297696 298320 1
20-07-2017-14:21:37:883 298320 298944 1
20-07-2017-14:21:37:913 298944 299568 1
20-07-2017-14:21:37:953 299568 300192 1
20-07-2017-14:21:37:994 300192 300816 1
20-07-2017-14:21:38:039 300816 301440 1
20-07-2017-14:21:38:068 301440 302064 1
20-07-2017-14:21:38:109 302064 302688 1
20-07-2017-14:21:38:334 302688 303312 1
20-07-2017-14:21:38:337 303312 303936 1
20-07-2017-14:21:38:337 303936 304560 1
20-07-2017-14:21:38:337 304560 305184 1
20-07-2017-14:21:38:338 305184 305808 1
20-07-2017-14:21:38:343 305808 306432 1
20-07-2017-14:21:38:382 306432 307056 1
20-07-2017-14:21:38:429 307056 307680 1
20-07-2017-14:21:38:468 307680 308304 1
20-07-2017-14:21:38:510 308304 308928 1
20-07-2017-14:21:38:537 308928 309552 1
20-07-2017-14:21:38:580 309552 310176 1
20-07-2017-14:21:38:619 310176 310800 1
20-07-2017-14:21:38:661 310800 311424 1
20-07-2017-14:21:38:702 311424 312048 1
20-07-2017-14:21:38:742 312048 312672 1
20-07-2017-14:21:38:771 312672 313296 1
20-07-2017-14:21:38:813 313296 313920 1
20-07-2017-14:21:38:854 313920 314544 1
20-07-2017-14:21:38:895 314544 315168 1
20-07-2017-14:21:38:933 315168 315792 1
20-07-2017-14:21:38:974 315792 316416 1
20-07-2017-14:21:39:004 316416 317040 1
20-07-2017-14:21:39:044 317040 317664 1
20-07-2017-14:21:39:084 317664 318288 1
20-07-2017-14:21:39:124 318288 318912 1
20-07-2017-14:21:39:176 318912 319536 1
20-07-2017-14:21:39:210 319536 320160 1
20-07-2017-14:21:39:252 320160 320784 1
20-07-2017-14:21:39:281 320784 321408 1
20-07-2017-14:21:39:321 321408 322032 1
20-07-2017-14:21:39:363 322032 322656 1
20-07-2017-14:21:39:403 322656 323280 1
20-07-2017-14:21:39:444 323280 323904 1
20-07-2017-14:21:39:472 323904 324528 1
20-07-2017-14:21:39:516 324528 325152 1
20-07-2017-14:21:39:556 325152 325776 1
20-07-2017-14:21:39:597 325776 326400 1
20-07-2017-14:21:39:638 326400 327024 1
20-07-2017-14:21:39:677 327024 327648 1
20-07-2017-14:21:39:707 327648 328272 1
20-07-2017-14:21:39:747 328272 328896 1
20-07-2017-14:21:39:793 328896 329520 1
20-07-2017-14:21:39:833 329520 330144 1
20-07-2017-14:21:39:861 330144 330768 1
20-07-2017-14:21:39:901 330768 331392 1
20-07-2017-14:21:39:943 331392 332016 1
20-07-2017-14:21:39:982 332016 332640 1
20-07-2017-14:21:40:031 332640 333264 1
20-07-2017-14:21:40:071 333264 333888 1
20-07-2017-14:21:40:101 333888 334512 1
20-07-2017-14:21:40:141 334512 335136 1
20-07-2017-14:21:40:180 335136 335760 1
20-07-2017-14:21:40:221 335760 336384 1
20-07-2017-14:21:40:261 336384 337008 1
20-07-2017-14:21:40:292 337008 337632 1
20-07-2017-14:21:40:331 337632 338256 1
20-07-2017-14:21:40:372 338256 338880 1
