20-07-2017-14:26:25:251 0 800 1
20-07-2017-14:26:25:302 800 1584 1
20-07-2017-14:26:25:353 1584 2368 1
20-07-2017-14:26:25:400 2368 3152 1
20-07-2017-14:26:25:451 3152 3904 1
20-07-2017-14:26:25:499 3904 4656 1
20-07-2017-14:26:25:538 4656 5408 1
20-07-2017-14:26:25:584 5408 6160 1
20-07-2017-14:26:25:635 6160 6848 1
20-07-2017-14:26:25:683 6848 7536 1
20-07-2017-14:26:25:724 7536 8224 1
20-07-2017-14:26:25:764 8224 8912 1
20-07-2017-14:26:25:805 8912 9600 1
20-07-2017-14:26:25:847 9600 10288 1
20-07-2017-14:26:25:892 10288 10976 1
20-07-2017-14:26:25:933 10976 11664 1
20-07-2017-14:26:25:974 11664 12352 1
20-07-2017-14:26:26:021 12352 13040 1
20-07-2017-14:26:26:061 13040 13728 1
20-07-2017-14:26:26:101 13728 14416 1
20-07-2017-14:26:26:141 14416 15104 1
20-07-2017-14:26:26:189 15104 15792 1
20-07-2017-14:26:26:230 15792 16480 1
20-07-2017-14:26:26:271 16480 17168 1
20-07-2017-14:26:26:317 17168 17856 1
20-07-2017-14:26:26:357 17856 18544 1
20-07-2017-14:26:26:410 18544 19216 1
20-07-2017-14:26:26:456 19216 19888 1
20-07-2017-14:26:26:498 19888 20560 1
20-07-2017-14:26:26:526 20560 21232 1
20-07-2017-14:26:26:565 21232 21904 1
20-07-2017-14:26:26:617 21904 22560 1
20-07-2017-14:26:26:653 22560 23216 1
20-07-2017-14:26:26:694 23216 23872 1
20-07-2017-14:26:26:735 23872 24528 1
20-07-2017-14:26:26:776 24528 25184 1
20-07-2017-14:26:26:822 25184 25840 1
20-07-2017-14:26:26:863 25840 26496 1
20-07-2017-14:26:26:903 26496 27152 1
20-07-2017-14:26:26:949 27152 27808 1
20-07-2017-14:26:26:989 27808 28464 1
20-07-2017-14:26:27:020 28464 29120 1
20-07-2017-14:26:27:059 29120 29776 1
20-07-2017-14:26:27:101 29776 30432 1
20-07-2017-14:26:27:148 30432 31088 1
20-07-2017-14:26:27:189 31088 31744 1
20-07-2017-14:26:27:229 31744 32400 1
20-07-2017-14:26:27:269 32400 33056 1
20-07-2017-14:26:27:316 33056 33712 1
20-07-2017-14:26:27:345 33712 34368 1
20-07-2017-14:26:27:386 34368 35024 1
20-07-2017-14:26:27:427 35024 35680 1
20-07-2017-14:26:27:468 35680 36336 1
20-07-2017-14:26:27:515 36336 36992 1
20-07-2017-14:26:27:556 36992 37648 1
20-07-2017-14:26:27:595 37648 38304 1
20-07-2017-14:26:27:636 38304 38960 1
20-07-2017-14:26:27:681 38960 39616 1
20-07-2017-14:26:27:723 39616 40272 1
20-07-2017-14:26:27:768 40272 40928 1
20-07-2017-14:26:27:809 40928 41584 1
20-07-2017-14:26:27:837 41584 42240 1
20-07-2017-14:26:27:878 42240 42896 1
20-07-2017-14:26:27:918 42896 43552 1
20-07-2017-14:26:27:967 43552 44208 1
20-07-2017-14:26:28:007 44208 44864 1
20-07-2017-14:26:28:048 44864 45520 1
20-07-2017-14:26:28:088 45520 46176 1
20-07-2017-14:26:28:134 46176 46832 1
20-07-2017-14:26:28:174 46832 47488 1
20-07-2017-14:26:28:214 47488 48144 1
20-07-2017-14:26:28:257 48144 48800 1
20-07-2017-14:26:28:302 48800 49456 1
20-07-2017-14:26:28:426 49456 50112 1
20-07-2017-14:26:28:429 50112 50768 1
20-07-2017-14:26:28:429 50768 51424 1
20-07-2017-14:26:28:453 51424 52080 1
20-07-2017-14:26:28:499 52080 52736 1
20-07-2017-14:26:28:540 52736 53392 1
20-07-2017-14:26:28:581 53392 54048 1
20-07-2017-14:26:28:621 54048 54704 1
20-07-2017-14:26:28:669 54704 55360 1
20-07-2017-14:26:28:709 55360 56016 1
20-07-2017-14:26:28:750 56016 56672 1
20-07-2017-14:26:28:791 56672 57328 1
20-07-2017-14:26:28:837 57328 57984 1
20-07-2017-14:26:28:867 57984 58640 1
20-07-2017-14:26:28:907 58640 59296 1
20-07-2017-14:26:28:947 59296 59952 1
20-07-2017-14:26:28:988 59952 60608 1
20-07-2017-14:26:29:035 60608 61264 1
20-07-2017-14:26:29:074 61264 61920 1
20-07-2017-14:26:29:116 61920 62576 1
20-07-2017-14:26:29:156 62576 63232 1
20-07-2017-14:26:29:203 63232 63888 1
20-07-2017-14:26:29:232 63888 64544 1
20-07-2017-14:26:29:272 64544 65200 1
20-07-2017-14:26:29:313 65200 65856 1
20-07-2017-14:26:29:354 65856 66512 1
20-07-2017-14:26:29:406 66512 67152 1
20-07-2017-14:26:29:440 67152 67792 1
20-07-2017-14:26:29:480 67792 68432 1
20-07-2017-14:26:29:522 68432 69072 1
20-07-2017-14:26:29:566 69072 69712 1
20-07-2017-14:26:29:609 69712 70352 1
20-07-2017-14:26:29:636 70352 70992 1
20-07-2017-14:26:29:676 70992 71632 1
20-07-2017-14:26:29:717 71632 72272 1
20-07-2017-14:26:29:764 72272 72912 1
20-07-2017-14:26:29:804 72912 73552 1
20-07-2017-14:26:29:833 73552 74192 1
20-07-2017-14:26:29:875 74192 74832 1
20-07-2017-14:26:29:914 74832 75472 1
20-07-2017-14:26:29:961 75472 76112 1
20-07-2017-14:26:30:002 76112 76752 1
20-07-2017-14:26:30:045 76752 77392 1
20-07-2017-14:26:30:084 77392 78032 1
20-07-2017-14:26:30:113 78032 78672 1
20-07-2017-14:26:30:161 78672 79312 1
20-07-2017-14:26:30:201 79312 79952 1
20-07-2017-14:26:30:240 79952 80592 1
20-07-2017-14:26:30:281 80592 81232 1
20-07-2017-14:26:30:328 81232 81872 1
20-07-2017-14:26:30:358 81872 82512 1
20-07-2017-14:26:30:398 82512 83152 1
20-07-2017-14:26:30:438 83152 83792 1
20-07-2017-14:26:30:479 83792 84432 1
20-07-2017-14:26:30:526 84432 85072 1
20-07-2017-14:26:30:568 85072 85712 1
20-07-2017-14:26:30:597 85712 86352 1
20-07-2017-14:26:30:637 86352 86992 1
20-07-2017-14:26:30:678 86992 87632 1
20-07-2017-14:26:30:723 87632 88272 1
20-07-2017-14:26:30:763 88272 88912 1
20-07-2017-14:26:30:810 88912 89552 1
20-07-2017-14:26:30:839 89552 90192 1
