20-07-2017-14:13:58:672 0 752 1
20-07-2017-14:13:58:722 752 1504 1
20-07-2017-14:13:58:758 1504 2256 1
20-07-2017-14:13:58:809 2256 2944 1
20-07-2017-14:13:58:845 2944 3632 1
20-07-2017-14:13:58:887 3632 4320 1
20-07-2017-14:13:58:938 4320 5008 1
20-07-2017-14:13:58:979 5008 5696 1
20-07-2017-14:13:59:025 5696 6384 1
20-07-2017-14:13:59:065 6384 7072 1
20-07-2017-14:13:59:106 7072 7760 1
20-07-2017-14:13:59:146 7760 8448 1
20-07-2017-14:13:59:188 8448 9136 1
20-07-2017-14:13:59:234 9136 9824 1
20-07-2017-14:13:59:280 9824 10512 1
20-07-2017-14:13:59:320 10512 11200 1
20-07-2017-14:13:59:359 11200 11888 1
20-07-2017-14:13:59:411 11888 12560 1
20-07-2017-14:13:59:457 12560 13232 1
20-07-2017-14:13:59:484 13232 13904 1
20-07-2017-14:13:59:526 13904 14576 1
20-07-2017-14:13:59:578 14576 15248 1
20-07-2017-14:13:59:624 15248 15920 1
20-07-2017-14:13:59:667 15920 16592 1
20-07-2017-14:13:59:696 16592 17264 1
20-07-2017-14:13:59:735 17264 17936 1
20-07-2017-14:13:59:787 17936 18592 1
20-07-2017-14:13:59:817 18592 19248 1
20-07-2017-14:13:59:859 19248 19904 1
20-07-2017-14:13:59:905 19904 20560 1
20-07-2017-14:13:59:946 20560 21216 1
20-07-2017-14:13:59:987 21216 21872 1
20-07-2017-14:14:00:028 21872 22528 1
20-07-2017-14:14:00:076 22528 23184 1
20-07-2017-14:14:00:114 23184 23840 1
20-07-2017-14:14:00:155 23840 24496 1
20-07-2017-14:14:00:196 24496 25152 1
20-07-2017-14:14:00:237 25152 25808 1
20-07-2017-14:14:00:284 25808 26464 1
20-07-2017-14:14:00:325 26464 27120 1
20-07-2017-14:14:00:353 27120 27776 1
20-07-2017-14:14:00:395 27776 28432 1
20-07-2017-14:14:00:435 28432 29088 1
20-07-2017-14:14:00:477 29088 29744 1
20-07-2017-14:14:00:517 29744 30400 1
20-07-2017-14:14:00:564 30400 31056 1
20-07-2017-14:14:00:603 31056 31712 1
20-07-2017-14:14:00:645 31712 32368 1
20-07-2017-14:14:00:685 32368 33024 1
20-07-2017-14:14:00:731 33024 33680 1
20-07-2017-14:14:00:771 33680 34336 1
20-07-2017-14:14:00:814 34336 34992 1
20-07-2017-14:14:00:854 34992 35648 1
20-07-2017-14:14:00:899 35648 36304 1
20-07-2017-14:14:00:939 36304 36960 1
20-07-2017-14:14:00:969 36960 37616 1
20-07-2017-14:14:01:009 37616 38272 1
20-07-2017-14:14:01:050 38272 38928 1
20-07-2017-14:14:01:091 38928 39584 1
20-07-2017-14:14:01:132 39584 40240 1
20-07-2017-14:14:01:178 40240 40896 1
20-07-2017-14:14:01:222 40896 41552 1
20-07-2017-14:14:01:263 41552 42208 1
20-07-2017-14:14:01:303 42208 42864 1
20-07-2017-14:14:01:345 42864 43520 1
20-07-2017-14:14:01:390 43520 44176 1
20-07-2017-14:14:01:419 44176 44832 1
20-07-2017-14:14:01:461 44832 45488 1
20-07-2017-14:14:01:504 45488 46144 1
20-07-2017-14:14:01:545 46144 46800 1
20-07-2017-14:14:01:587 46800 47456 1
20-07-2017-14:14:01:627 47456 48112 1
20-07-2017-14:14:01:668 48112 48768 1
20-07-2017-14:14:01:714 48768 49424 1
20-07-2017-14:14:01:897 49424 50080 1
20-07-2017-14:14:01:900 50080 50736 1
20-07-2017-14:14:01:900 50736 51392 1
20-07-2017-14:14:01:900 51392 52048 1
20-07-2017-14:14:01:925 52048 52704 1
20-07-2017-14:14:01:965 52704 53360 1
20-07-2017-14:14:01:995 53360 54016 1
20-07-2017-14:14:02:034 54016 54672 1
20-07-2017-14:14:02:076 54672 55328 1
20-07-2017-14:14:02:116 55328 55984 1
20-07-2017-14:14:02:158 55984 56640 1
20-07-2017-14:14:02:205 56640 57296 1
20-07-2017-14:14:02:244 57296 57952 1
