20-07-2017-14:29:57:192 0 800 1
20-07-2017-14:29:57:239 800 1600 1
20-07-2017-14:29:57:290 1600 2400 1
20-07-2017-14:29:57:344 2400 3136 1
20-07-2017-14:29:57:376 3136 3872 1
20-07-2017-14:29:57:428 3872 4608 1
20-07-2017-14:29:57:473 4608 5344 1
20-07-2017-14:29:57:514 5344 6080 1
20-07-2017-14:29:57:561 6080 6816 1
20-07-2017-14:29:57:611 6816 7552 1
20-07-2017-14:29:57:658 7552 8288 1
20-07-2017-14:29:57:709 8288 9024 1
20-07-2017-14:29:57:751 9024 9760 1
20-07-2017-14:29:57:797 9760 10496 1
20-07-2017-14:29:57:844 10496 11232 1
20-07-2017-14:29:57:885 11232 11968 1
20-07-2017-14:29:57:937 11968 12704 1
20-07-2017-14:29:57:983 12704 13440 1
20-07-2017-14:29:58:024 13440 14176 1
20-07-2017-14:29:58:077 14176 14912 1
20-07-2017-14:29:58:123 14912 15648 1
20-07-2017-14:29:58:163 15648 16384 1
20-07-2017-14:29:58:204 16384 17120 1
20-07-2017-14:29:58:257 17120 17776 1
20-07-2017-14:29:58:286 17776 18432 1
20-07-2017-14:29:58:334 18432 19088 1
20-07-2017-14:29:58:373 19088 19744 1
20-07-2017-14:29:58:414 19744 20400 1
20-07-2017-14:29:58:459 20400 21056 1
20-07-2017-14:29:58:499 21056 21712 1
20-07-2017-14:29:58:545 21712 22368 1
20-07-2017-14:29:58:586 22368 23024 1
20-07-2017-14:29:58:615 23024 23680 1
20-07-2017-14:29:58:659 23680 24336 1
20-07-2017-14:29:58:697 24336 24992 1
20-07-2017-14:29:58:738 24992 25648 1
20-07-2017-14:29:58:780 25648 26304 1
20-07-2017-14:29:58:820 26304 26960 1
20-07-2017-14:29:58:866 26960 27616 1
20-07-2017-14:29:58:908 27616 28272 1
20-07-2017-14:29:58:949 28272 28928 1
20-07-2017-14:29:58:989 28928 29584 1
20-07-2017-14:29:59:030 29584 30240 1
20-07-2017-14:29:59:078 30240 30896 1
20-07-2017-14:29:59:117 30896 31552 1
20-07-2017-14:29:59:160 31552 32208 1
20-07-2017-14:29:59:200 32208 32864 1
20-07-2017-14:29:59:240 32864 33520 1
20-07-2017-14:29:59:286 33520 34176 1
20-07-2017-14:29:59:328 34176 34832 1
20-07-2017-14:29:59:356 34832 35488 1
20-07-2017-14:29:59:398 35488 36144 1
20-07-2017-14:29:59:437 36144 36800 1
20-07-2017-14:29:59:479 36800 37456 1
20-07-2017-14:29:59:521 37456 38112 1
20-07-2017-14:29:59:566 38112 38768 1
20-07-2017-14:29:59:608 38768 39424 1
20-07-2017-14:29:59:647 39424 40080 1
20-07-2017-14:29:59:687 40080 40736 1
20-07-2017-14:29:59:733 40736 41392 1
20-07-2017-14:29:59:773 41392 42048 1
20-07-2017-14:29:59:814 42048 42704 1
20-07-2017-14:29:59:854 42704 43360 1
20-07-2017-14:29:59:903 43360 44016 1
20-07-2017-14:29:59:943 44016 44672 1
20-07-2017-14:29:59:971 44672 45328 1
20-07-2017-14:30:00:010 45328 45984 1
20-07-2017-14:30:00:051 45984 46640 1
20-07-2017-14:30:00:090 46640 47296 1
20-07-2017-14:30:00:132 47296 47952 1
20-07-2017-14:30:00:172 47952 48608 1
20-07-2017-14:30:00:219 48608 49264 1
20-07-2017-14:30:00:261 49264 49920 1
20-07-2017-14:30:00:417 49920 50576 1
20-07-2017-14:30:00:420 50576 51232 1
20-07-2017-14:30:00:420 51232 51888 1
20-07-2017-14:30:00:428 51888 52544 1
20-07-2017-14:30:00:470 52544 53200 1
20-07-2017-14:30:00:512 53200 53856 1
20-07-2017-14:30:00:551 53856 54512 1
20-07-2017-14:30:00:593 54512 55168 1
20-07-2017-14:30:00:639 55168 55824 1
20-07-2017-14:30:00:679 55824 56480 1
20-07-2017-14:30:00:709 56480 57136 1
20-07-2017-14:30:00:749 57136 57792 1
20-07-2017-14:30:00:788 57792 58448 1
20-07-2017-14:30:00:829 58448 59104 1
20-07-2017-14:30:00:869 59104 59760 1
20-07-2017-14:30:00:917 59760 60416 1
20-07-2017-14:30:00:957 60416 61072 1
20-07-2017-14:30:00:997 61072 61728 1
20-07-2017-14:30:01:039 61728 62384 1
20-07-2017-14:30:01:079 62384 63040 1
20-07-2017-14:30:01:121 63040 63696 1
20-07-2017-14:30:01:161 63696 64352 1
20-07-2017-14:30:01:203 64352 65008 1
20-07-2017-14:30:01:243 65008 65664 1
20-07-2017-14:30:01:283 65664 66320 1
20-07-2017-14:30:01:323 66320 66976 1
20-07-2017-14:30:01:365 66976 67632 1
20-07-2017-14:30:01:411 67632 68288 1
20-07-2017-14:30:01:451 68288 68944 1
20-07-2017-14:30:01:491 68944 69600 1
20-07-2017-14:30:01:531 69600 70256 1
20-07-2017-14:30:01:570 70256 70912 1
20-07-2017-14:30:01:616 70912 71568 1
20-07-2017-14:30:01:657 71568 72224 1
20-07-2017-14:30:01:698 72224 72880 1
20-07-2017-14:30:01:739 72880 73536 1
20-07-2017-14:30:01:780 73536 74192 1
20-07-2017-14:30:01:826 74192 74848 1
20-07-2017-14:30:01:868 74848 75504 1
20-07-2017-14:30:01:896 75504 76160 1
20-07-2017-14:30:01:937 76160 76816 1
20-07-2017-14:30:01:978 76816 77472 1
20-07-2017-14:30:02:019 77472 78128 1
20-07-2017-14:30:02:065 78128 78784 1
20-07-2017-14:30:02:107 78784 79440 1
20-07-2017-14:30:02:146 79440 80096 1
20-07-2017-14:30:02:186 80096 80752 1
20-07-2017-14:30:02:235 80752 81408 1
20-07-2017-14:30:02:276 81408 82064 1
20-07-2017-14:30:02:314 82064 82720 1
20-07-2017-14:30:02:355 82720 83376 1
20-07-2017-14:30:02:401 83376 84032 1
20-07-2017-14:30:02:443 84032 84688 1
20-07-2017-14:30:02:473 84688 85344 1
20-07-2017-14:30:02:513 85344 86000 1
20-07-2017-14:30:02:553 86000 86656 1
20-07-2017-14:30:02:594 86656 87312 1
20-07-2017-14:30:02:637 87312 87968 1
20-07-2017-14:30:02:678 87968 88624 1
20-07-2017-14:30:02:716 88624 89280 1
20-07-2017-14:30:02:757 89280 89936 1
20-07-2017-14:30:02:804 89936 90592 1
20-07-2017-14:30:02:844 90592 91248 1
20-07-2017-14:30:02:885 91248 91904 1
20-07-2017-14:30:02:927 91904 92560 1
20-07-2017-14:30:02:969 92560 93216 1
20-07-2017-14:30:03:012 93216 93872 1
20-07-2017-14:30:03:053 93872 94528 1
20-07-2017-14:30:03:097 94528 95184 1
20-07-2017-14:30:03:134 95184 95840 1
20-07-2017-14:30:03:180 95840 96496 1
20-07-2017-14:30:03:222 96496 97152 1
20-07-2017-14:30:03:250 97152 97808 1
20-07-2017-14:30:03:291 97808 98464 1
20-07-2017-14:30:03:329 98464 99120 1
20-07-2017-14:30:03:372 99120 99776 1
20-07-2017-14:30:03:417 99776 100432 1
20-07-2017-14:30:03:511 100432 101088 1
20-07-2017-14:30:03:512 101088 101744 1
20-07-2017-14:30:03:540 101744 102400 1
20-07-2017-14:30:03:586 102400 103056 1
20-07-2017-14:30:03:626 103056 103712 1
20-07-2017-14:30:03:669 103712 104368 1
20-07-2017-14:30:03:710 104368 105024 1
20-07-2017-14:30:03:750 105024 105680 1
20-07-2017-14:30:03:793 105680 106336 1
20-07-2017-14:30:03:823 106336 106992 1
20-07-2017-14:30:03:863 106992 107648 1
20-07-2017-14:30:03:905 107648 108304 1
20-07-2017-14:30:03:945 108304 108960 1
20-07-2017-14:30:03:990 108960 109616 1
20-07-2017-14:30:04:032 109616 110272 1
20-07-2017-14:30:04:072 110272 110928 1
20-07-2017-14:30:04:113 110928 111584 1
20-07-2017-14:30:04:159 111584 112240 1
20-07-2017-14:30:04:199 112240 112896 1
20-07-2017-14:30:04:241 112896 113552 1
20-07-2017-14:30:04:280 113552 114208 1
20-07-2017-14:30:04:323 114208 114864 1
20-07-2017-14:30:04:362 114864 115520 1
20-07-2017-14:30:04:410 115520 116176 1
20-07-2017-14:30:04:437 116176 116832 1
20-07-2017-14:30:04:479 116832 117488 1
20-07-2017-14:30:04:519 117488 118144 1
20-07-2017-14:30:04:560 118144 118800 1
20-07-2017-14:30:04:601 118800 119456 1
20-07-2017-14:30:04:647 119456 120112 1
20-07-2017-14:30:04:688 120112 120768 1
20-07-2017-14:30:04:729 120768 121424 1
20-07-2017-14:30:04:769 121424 122080 1
20-07-2017-14:30:04:805 122080 122736 1
20-07-2017-14:30:04:849 122736 123392 1
20-07-2017-14:30:04:890 123392 124048 1
20-07-2017-14:30:04:931 124048 124704 1
20-07-2017-14:30:04:971 124704 125360 1
20-07-2017-14:30:05:017 125360 126016 1
20-07-2017-14:30:05:057 126016 126672 1
20-07-2017-14:30:05:098 126672 127328 1
20-07-2017-14:30:05:140 127328 127984 1
20-07-2017-14:30:05:185 127984 128640 1
20-07-2017-14:30:05:226 128640 129296 1
20-07-2017-14:30:05:266 129296 129952 1
20-07-2017-14:30:05:307 129952 130608 1
20-07-2017-14:30:05:353 130608 131264 1
20-07-2017-14:30:05:382 131264 131920 1
20-07-2017-14:30:05:422 131920 132576 1
20-07-2017-14:30:05:464 132576 133232 1
20-07-2017-14:30:05:504 133232 133888 1
20-07-2017-14:30:05:550 133888 134544 1
20-07-2017-14:30:05:591 134544 135200 1
20-07-2017-14:30:05:633 135200 135856 1
20-07-2017-14:30:05:672 135856 136512 1
20-07-2017-14:30:05:718 136512 137168 1
20-07-2017-14:30:05:758 137168 137824 1
20-07-2017-14:30:05:803 137824 138480 1
20-07-2017-14:30:05:846 138480 139136 1
20-07-2017-14:30:05:874 139136 139792 1
20-07-2017-14:30:05:915 139792 140448 1
20-07-2017-14:30:05:955 140448 141104 1
20-07-2017-14:30:05:996 141104 141760 1
20-07-2017-14:30:06:042 141760 142416 1
20-07-2017-14:30:06:084 142416 143072 1
20-07-2017-14:30:06:123 143072 143728 1
20-07-2017-14:30:06:165 143728 144384 1
20-07-2017-14:30:06:212 144384 145040 1
20-07-2017-14:30:06:241 145040 145696 1
20-07-2017-14:30:06:283 145696 146352 1
20-07-2017-14:30:06:326 146352 147008 1
20-07-2017-14:30:06:378 147008 147664 1
20-07-2017-14:30:06:409 147664 148320 1
20-07-2017-14:30:06:449 148320 148976 1
20-07-2017-14:30:06:490 148976 149632 1
20-07-2017-14:30:06:531 149632 150288 1
20-07-2017-14:30:06:577 150288 150944 1
20-07-2017-14:30:06:744 150944 151600 1
20-07-2017-14:30:06:745 151600 152256 1
20-07-2017-14:30:06:746 152256 152912 1
20-07-2017-14:30:06:747 152912 153568 1
20-07-2017-14:30:06:784 153568 154224 1
20-07-2017-14:30:06:815 154224 154880 1
20-07-2017-14:30:06:855 154880 155536 1
20-07-2017-14:30:06:910 155536 156176 1
20-07-2017-14:30:06:937 156176 156816 1
20-07-2017-14:30:06:983 156816 157456 1
20-07-2017-14:30:07:023 157456 158096 1
20-07-2017-14:30:07:065 158096 158736 1
20-07-2017-14:30:07:103 158736 159376 1
20-07-2017-14:30:07:148 159376 160016 1
20-07-2017-14:30:07:191 160016 160656 1
20-07-2017-14:30:07:218 160656 161296 1
20-07-2017-14:30:07:264 161296 161936 1
20-07-2017-14:30:07:305 161936 162576 1
20-07-2017-14:30:07:346 162576 163216 1
20-07-2017-14:30:07:385 163216 163856 1
20-07-2017-14:30:07:414 163856 164496 1
20-07-2017-14:30:07:456 164496 165136 1
20-07-2017-14:30:07:497 165136 165776 1
20-07-2017-14:30:07:543 165776 166416 1
20-07-2017-14:30:07:584 166416 167056 1
20-07-2017-14:30:07:623 167056 167696 1
20-07-2017-14:30:07:665 167696 168336 1
20-07-2017-14:30:07:707 168336 168976 1
20-07-2017-14:30:07:736 168976 169616 1
20-07-2017-14:30:07:780 169616 170256 1
20-07-2017-14:30:07:819 170256 170896 1
20-07-2017-14:30:07:860 170896 171536 1
20-07-2017-14:30:07:902 171536 172176 1
20-07-2017-14:30:07:941 172176 172816 1
20-07-2017-14:30:07:987 172816 173456 1
20-07-2017-14:30:08:026 173456 174096 1
20-07-2017-14:30:08:056 174096 174736 1
20-07-2017-14:30:08:097 174736 175376 1
20-07-2017-14:30:08:137 175376 176016 1
20-07-2017-14:30:08:179 176016 176656 1
20-07-2017-14:30:08:218 176656 177296 1
20-07-2017-14:30:08:264 177296 177936 1
20-07-2017-14:30:08:306 177936 178576 1
20-07-2017-14:30:08:345 178576 179216 1
20-07-2017-14:30:08:375 179216 179856 1
20-07-2017-14:30:08:416 179856 180496 1
20-07-2017-14:30:08:463 180496 181136 1
20-07-2017-14:30:08:506 181136 181776 1
20-07-2017-14:30:08:536 181776 182416 1
20-07-2017-14:30:08:582 182416 183056 1
20-07-2017-14:30:08:625 183056 183696 1
20-07-2017-14:30:08:666 183696 184336 1
20-07-2017-14:30:08:711 184336 184976 1
20-07-2017-14:30:08:750 184976 185616 1
20-07-2017-14:30:08:782 185616 186256 1
20-07-2017-14:30:08:822 186256 186896 1
20-07-2017-14:30:08:861 186896 187536 1
20-07-2017-14:30:08:903 187536 188176 1
20-07-2017-14:30:08:949 188176 188816 1
20-07-2017-14:30:08:989 188816 189456 1
20-07-2017-14:30:09:017 189456 190096 1
20-07-2017-14:30:09:057 190096 190736 1
20-07-2017-14:30:09:098 190736 191376 1
20-07-2017-14:30:09:138 191376 192016 1
20-07-2017-14:30:09:185 192016 192656 1
20-07-2017-14:30:09:226 192656 193296 1
20-07-2017-14:30:09:259 193296 193936 1
20-07-2017-14:30:09:302 193936 194576 1
20-07-2017-14:30:09:336 194576 195216 1
20-07-2017-14:30:09:378 195216 195856 1
20-07-2017-14:30:09:424 195856 196496 1
20-07-2017-14:30:09:466 196496 197136 1
20-07-2017-14:30:09:505 197136 197776 1
20-07-2017-14:30:09:547 197776 198416 1
20-07-2017-14:30:09:576 198416 199056 1
20-07-2017-14:30:09:616 199056 199696 1
20-07-2017-14:30:09:663 199696 200336 1
20-07-2017-14:30:09:703 200336 200976 1
20-07-2017-14:30:09:947 200976 201616 1
20-07-2017-14:30:09:948 201616 202256 1
20-07-2017-14:30:09:949 202256 202896 1
20-07-2017-14:30:09:949 202896 203536 1
20-07-2017-14:30:09:949 203536 204176 1
20-07-2017-14:30:09:949 204176 204816 1
20-07-2017-14:30:09:982 204816 205456 1
20-07-2017-14:30:10:028 205456 206096 1
20-07-2017-14:30:10:070 206096 206736 1
20-07-2017-14:30:10:109 206736 207376 1
20-07-2017-14:30:10:141 207376 208016 1
20-07-2017-14:30:10:178 208016 208656 1
20-07-2017-14:30:10:222 208656 209296 1
20-07-2017-14:30:10:264 209296 209936 1
20-07-2017-14:30:10:304 209936 210576 1
20-07-2017-14:30:10:343 210576 211216 1
20-07-2017-14:30:10:389 211216 211856 1
20-07-2017-14:30:10:427 211856 212496 1
20-07-2017-14:30:10:461 212496 213136 1
20-07-2017-14:30:10:501 213136 213776 1
20-07-2017-14:30:10:541 213776 214416 1
20-07-2017-14:30:10:584 214416 215056 1
20-07-2017-14:30:10:621 215056 215696 1
20-07-2017-14:30:10:668 215696 216336 1
20-07-2017-14:30:10:715 216336 216976 1
20-07-2017-14:30:10:740 216976 217616 1
20-07-2017-14:30:10:777 217616 218256 1
20-07-2017-14:30:10:819 218256 218896 1
20-07-2017-14:30:10:858 218896 219536 1
20-07-2017-14:30:10:908 219536 220176 1
20-07-2017-14:30:10:946 220176 220816 1
20-07-2017-14:30:10:975 220816 221456 1
20-07-2017-14:30:11:016 221456 222096 1
20-07-2017-14:30:11:057 222096 222736 1
20-07-2017-14:30:11:103 222736 223376 1
20-07-2017-14:30:11:143 223376 224016 1
20-07-2017-14:30:11:188 224016 224656 1
20-07-2017-14:30:11:225 224656 225296 1
20-07-2017-14:30:11:271 225296 225936 1
20-07-2017-14:30:11:294 225936 226576 1
20-07-2017-14:30:11:342 226576 227216 1
20-07-2017-14:30:11:384 227216 227856 1
20-07-2017-14:30:11:423 227856 228496 1
20-07-2017-14:30:11:463 228496 229136 1
20-07-2017-14:30:11:510 229136 229776 1
20-07-2017-14:30:11:539 229776 230416 1
20-07-2017-14:30:11:579 230416 231056 1
20-07-2017-14:30:11:621 231056 231696 1
20-07-2017-14:30:11:661 231696 232336 1
20-07-2017-14:30:11:707 232336 232976 1
20-07-2017-14:30:11:736 232976 233616 1
20-07-2017-14:30:11:776 233616 234256 1
20-07-2017-14:30:11:822 234256 234896 1
20-07-2017-14:30:11:863 234896 235536 1
20-07-2017-14:30:11:905 235536 236176 1
20-07-2017-14:30:11:951 236176 236816 1
20-07-2017-14:30:11:992 236816 237456 1
20-07-2017-14:30:12:021 237456 238096 1
20-07-2017-14:30:12:060 238096 238736 1
20-07-2017-14:30:12:104 238736 239376 1
20-07-2017-14:30:12:161 239376 240016 1
20-07-2017-14:30:12:177 240016 240656 1
20-07-2017-14:30:12:216 240656 241296 1
20-07-2017-14:30:12:257 241296 241936 1
20-07-2017-14:30:12:299 241936 242576 1
20-07-2017-14:30:12:345 242576 243216 1
20-07-2017-14:30:12:386 243216 243856 1
20-07-2017-14:30:12:419 243856 244496 1
20-07-2017-14:30:12:456 244496 245136 1
20-07-2017-14:30:12:497 245136 245776 1
20-07-2017-14:30:12:543 245776 246416 1
20-07-2017-14:30:12:585 246416 247056 1
20-07-2017-14:30:12:624 247056 247696 1
20-07-2017-14:30:12:664 247696 248336 1
20-07-2017-14:30:12:712 248336 248976 1
20-07-2017-14:30:12:741 248976 249616 1
20-07-2017-14:30:12:781 249616 250256 1
20-07-2017-14:30:12:823 250256 250896 1
20-07-2017-14:30:12:862 250896 251536 1
20-07-2017-14:30:13:009 251536 252176 1
20-07-2017-14:30:13:010 252176 252816 1
20-07-2017-14:30:13:010 252816 253456 1
20-07-2017-14:30:13:019 253456 254096 1
20-07-2017-14:30:13:059 254096 254736 1
20-07-2017-14:30:13:107 254736 255376 1
20-07-2017-14:30:13:146 255376 256016 1
20-07-2017-14:30:13:187 256016 256656 1
20-07-2017-14:30:13:218 256656 257296 1
20-07-2017-14:30:13:259 257296 257936 1
20-07-2017-14:30:13:306 257936 258576 1
20-07-2017-14:30:13:346 258576 259216 1
20-07-2017-14:30:13:375 259216 259856 1
20-07-2017-14:30:13:417 259856 260496 1
20-07-2017-14:30:13:456 260496 261136 1
20-07-2017-14:30:13:504 261136 261776 1
20-07-2017-14:30:13:545 261776 262416 1
20-07-2017-14:30:13:585 262416 263056 1
20-07-2017-14:30:13:626 263056 263696 1
20-07-2017-14:30:13:656 263696 264336 1
20-07-2017-14:30:13:702 264336 264976 1
20-07-2017-14:30:13:742 264976 265616 1
20-07-2017-14:30:13:781 265616 266256 1
20-07-2017-14:30:13:826 266256 266896 1
20-07-2017-14:30:13:868 266896 267536 1
20-07-2017-14:30:13:897 267536 268176 1
20-07-2017-14:30:13:937 268176 268816 1
20-07-2017-14:30:13:980 268816 269456 1
20-07-2017-14:30:14:024 269456 270096 1
20-07-2017-14:30:14:065 270096 270736 1
20-07-2017-14:30:14:105 270736 271376 1
20-07-2017-14:30:14:135 271376 272016 1
20-07-2017-14:30:14:176 272016 272656 1
20-07-2017-14:30:14:223 272656 273296 1
20-07-2017-14:30:14:262 273296 273936 1
20-07-2017-14:30:14:301 273936 274576 1
20-07-2017-14:30:14:343 274576 275216 1
20-07-2017-14:30:14:389 275216 275856 1
20-07-2017-14:30:14:419 275856 276496 1
20-07-2017-14:30:14:460 276496 277136 1
20-07-2017-14:30:14:499 277136 277776 1
20-07-2017-14:30:14:540 277776 278416 1
20-07-2017-14:30:14:588 278416 279056 1
20-07-2017-14:30:14:615 279056 279696 1
20-07-2017-14:30:14:658 279696 280336 1
20-07-2017-14:30:14:697 280336 280976 1
20-07-2017-14:30:14:741 280976 281616 1
20-07-2017-14:30:14:782 281616 282256 1
20-07-2017-14:30:14:828 282256 282896 1
20-07-2017-14:30:14:857 282896 283536 1
20-07-2017-14:30:14:897 283536 284176 1
20-07-2017-14:30:14:939 284176 284816 1
20-07-2017-14:30:14:979 284816 285456 1
20-07-2017-14:30:15:027 285456 286096 1
20-07-2017-14:30:15:067 286096 286736 1
20-07-2017-14:30:15:096 286736 287376 1
20-07-2017-14:30:15:139 287376 288016 1
20-07-2017-14:30:15:178 288016 288656 1
20-07-2017-14:30:15:224 288656 289296 1
20-07-2017-14:30:15:264 289296 289936 1
20-07-2017-14:30:15:306 289936 290576 1
20-07-2017-14:30:15:335 290576 291216 1
20-07-2017-14:30:15:380 291216 291856 1
20-07-2017-14:30:15:424 291856 292496 1
20-07-2017-14:30:15:516 292496 293136 1
20-07-2017-14:30:15:517 293136 293776 1
20-07-2017-14:30:15:549 293776 294416 1
20-07-2017-14:30:15:590 294416 295056 1
20-07-2017-14:30:15:618 295056 295696 1
20-07-2017-14:30:15:659 295696 296336 1
20-07-2017-14:30:15:700 296336 296976 1
20-07-2017-14:30:15:748 296976 297616 1
20-07-2017-14:30:15:777 297616 298256 1
20-07-2017-14:30:15:817 298256 298896 1
20-07-2017-14:30:15:857 298896 299536 1
20-07-2017-14:30:15:902 299536 300176 1
20-07-2017-14:30:15:945 300176 300816 1
20-07-2017-14:30:15:984 300816 301456 1
20-07-2017-14:30:16:024 301456 302096 1
20-07-2017-14:30:16:072 302096 302736 1
20-07-2017-14:30:16:094 302736 303376 1
20-07-2017-14:30:16:141 303376 304016 1
20-07-2017-14:30:16:181 304016 304656 1
20-07-2017-14:30:16:226 304656 305296 1
20-07-2017-14:30:16:266 305296 305936 1
20-07-2017-14:30:16:296 305936 306576 1
20-07-2017-14:30:16:335 306576 307216 1
20-07-2017-14:30:16:378 307216 307856 1
20-07-2017-14:30:16:423 307856 308496 1
20-07-2017-14:30:16:465 308496 309136 1
20-07-2017-14:30:16:504 309136 309776 1
20-07-2017-14:30:16:545 309776 310416 1
20-07-2017-14:30:16:574 310416 311056 1
20-07-2017-14:30:16:622 311056 311696 1
20-07-2017-14:30:16:662 311696 312336 1
20-07-2017-14:30:16:703 312336 312976 1
20-07-2017-14:30:16:743 312976 313616 1
20-07-2017-14:30:16:791 313616 314256 1
20-07-2017-14:30:16:820 314256 314896 1
20-07-2017-14:30:16:859 314896 315536 1
20-07-2017-14:30:16:901 315536 316176 1
20-07-2017-14:30:16:942 316176 316816 1
20-07-2017-14:30:16:988 316816 317456 1
20-07-2017-14:30:17:017 317456 318096 1
20-07-2017-14:30:17:056 318096 318736 1
20-07-2017-14:30:17:098 318736 319376 1
20-07-2017-14:30:17:139 319376 320016 1
20-07-2017-14:30:17:185 320016 320656 1
20-07-2017-14:30:17:226 320656 321296 1
20-07-2017-14:30:17:257 321296 321936 1
20-07-2017-14:30:17:295 321936 322576 1
20-07-2017-14:30:17:336 322576 323216 1
20-07-2017-14:30:17:382 323216 323856 1
20-07-2017-14:30:17:424 323856 324496 1
20-07-2017-14:30:17:463 324496 325136 1
20-07-2017-14:30:17:505 325136 325776 1
20-07-2017-14:30:17:550 325776 326416 1
20-07-2017-14:30:17:575 326416 327056 1
20-07-2017-14:30:17:620 327056 327696 1
20-07-2017-14:30:17:662 327696 328336 1
20-07-2017-14:30:17:703 328336 328976 1
20-07-2017-14:30:17:736 328976 329616 1
20-07-2017-14:30:17:778 329616 330256 1
20-07-2017-14:30:17:819 330256 330896 1
20-07-2017-14:30:17:865 330896 331536 1
20-07-2017-14:30:17:904 331536 332176 1
20-07-2017-14:30:17:945 332176 332816 1
20-07-2017-14:30:17:975 332816 333456 1
20-07-2017-14:30:18:016 333456 334096 1
20-07-2017-14:30:18:055 334096 334736 1
20-07-2017-14:30:18:103 334736 335376 1
20-07-2017-14:30:18:145 335376 336016 1
20-07-2017-14:30:18:184 336016 336656 1
20-07-2017-14:30:18:224 336656 337296 1
20-07-2017-14:30:18:271 337296 337936 1
20-07-2017-14:30:18:300 337936 338576 1
20-07-2017-14:30:18:340 338576 339216 1
20-07-2017-14:30:18:382 339216 339856 1
20-07-2017-14:30:18:420 339856 340496 1
20-07-2017-14:30:18:468 340496 341136 1
20-07-2017-14:30:18:509 341136 341776 1
20-07-2017-14:30:18:536 341776 342416 1
20-07-2017-14:30:18:578 342416 343056 1
20-07-2017-14:30:18:725 343056 343696 1
20-07-2017-14:30:18:725 343696 344336 1
20-07-2017-14:30:18:726 344336 344976 1
20-07-2017-14:30:18:748 344976 345616 1
20-07-2017-14:30:18:785 345616 346256 1
20-07-2017-14:30:18:832 346256 346896 1
20-07-2017-14:30:18:854 346896 347536 1
20-07-2017-14:30:18:902 347536 348176 1
20-07-2017-14:30:18:941 348176 348816 1
20-07-2017-14:30:18:982 348816 349456 1
20-07-2017-14:30:19:028 349456 350096 1
20-07-2017-14:30:19:067 350096 350736 1
20-07-2017-14:30:19:096 350736 351376 1
20-07-2017-14:30:19:138 351376 352016 1
20-07-2017-14:30:19:178 352016 352656 1
20-07-2017-14:30:19:219 352656 353296 1
20-07-2017-14:30:19:265 353296 353936 1
20-07-2017-14:30:19:306 353936 354576 1
20-07-2017-14:30:19:335 354576 355216 1
20-07-2017-14:30:19:375 355216 355856 1
20-07-2017-14:30:19:414 355856 356496 1
20-07-2017-14:30:19:462 356496 357136 1
20-07-2017-14:30:19:501 357136 357776 1
20-07-2017-14:30:19:543 357776 358416 1
20-07-2017-14:30:19:582 358416 359056 1
20-07-2017-14:30:19:630 359056 359696 1
20-07-2017-14:30:19:659 359696 360336 1
20-07-2017-14:30:19:700 360336 360976 1
20-07-2017-14:30:19:741 360976 361616 1
20-07-2017-14:30:19:782 361616 362256 1
20-07-2017-14:30:19:829 362256 362896 1
20-07-2017-14:30:19:859 362896 363536 1
20-07-2017-14:30:19:897 363536 364176 1
20-07-2017-14:30:19:938 364176 364816 1
20-07-2017-14:30:19:979 364816 365456 1
20-07-2017-14:30:20:032 365456 366096 1
20-07-2017-14:30:20:059 366096 366736 1
20-07-2017-14:30:20:101 366736 367376 1
20-07-2017-14:30:20:142 367376 368016 1
20-07-2017-14:30:20:177 368016 368656 1
20-07-2017-14:30:20:221 368656 369296 1
20-07-2017-14:30:20:263 369296 369936 1
20-07-2017-14:30:20:303 369936 370576 1
20-07-2017-14:30:20:349 370576 371216 1
20-07-2017-14:30:20:379 371216 371856 1
20-07-2017-14:30:20:419 371856 372496 1
20-07-2017-14:30:20:460 372496 373136 1
20-07-2017-14:30:20:501 373136 373776 1
20-07-2017-14:30:20:547 373776 374416 1
20-07-2017-14:30:20:588 374416 375056 1
20-07-2017-14:30:20:617 375056 375696 1
20-07-2017-14:30:20:657 375696 376336 1
20-07-2017-14:30:20:697 376336 376976 1
20-07-2017-14:30:20:745 376976 377616 1
20-07-2017-14:30:20:785 377616 378256 1
20-07-2017-14:30:20:832 378256 378896 1
20-07-2017-14:30:20:861 378896 379536 1
20-07-2017-14:30:20:901 379536 380176 1
20-07-2017-14:30:20:942 380176 380816 1
20-07-2017-14:30:20:980 380816 381456 1
20-07-2017-14:30:21:028 381456 382096 1
20-07-2017-14:30:21:069 382096 382736 1
20-07-2017-14:30:21:098 382736 383376 1
20-07-2017-14:30:21:138 383376 384016 1
20-07-2017-14:30:21:179 384016 384656 1
20-07-2017-14:30:21:221 384656 385296 1
20-07-2017-14:30:21:268 385296 385936 1
20-07-2017-14:30:21:307 385936 386576 1
20-07-2017-14:30:21:348 386576 387216 1
20-07-2017-14:30:21:378 387216 387856 1
20-07-2017-14:30:21:420 387856 388496 1
20-07-2017-14:30:21:460 388496 389136 1
20-07-2017-14:30:21:501 389136 389776 1
20-07-2017-14:30:21:546 389776 390416 1
20-07-2017-14:30:21:575 390416 391056 1
20-07-2017-14:30:21:615 391056 391696 1
20-07-2017-14:30:21:656 391696 392336 1
20-07-2017-14:30:21:698 392336 392976 1
20-07-2017-14:30:21:744 392976 393616 1
20-07-2017-14:30:21:888 393616 394256 1
20-07-2017-14:30:21:890 394256 394896 1
20-07-2017-14:30:21:890 394896 395536 1
20-07-2017-14:30:21:894 395536 396176 1
20-07-2017-14:30:21:936 396176 396816 1
20-07-2017-14:30:21:983 396816 397456 1
20-07-2017-14:30:22:023 397456 398096 1
20-07-2017-14:30:22:063 398096 398736 1
20-07-2017-14:30:22:104 398736 399376 1
20-07-2017-14:30:22:152 399376 400016 1
20-07-2017-14:30:22:181 400016 400656 1
20-07-2017-14:30:22:220 400656 401296 1
20-07-2017-14:30:22:260 401296 401936 1
20-07-2017-14:30:22:301 401936 402576 1
20-07-2017-14:30:22:347 402576 403216 1
20-07-2017-14:30:22:388 403216 403856 1
20-07-2017-14:30:22:417 403856 404496 1
20-07-2017-14:30:22:485 404496 405136 1
20-07-2017-14:30:22:497 405136 405776 1
20-07-2017-14:30:22:537 405776 406416 1
20-07-2017-14:30:22:583 406416 407056 1
20-07-2017-14:30:22:624 407056 407696 1
20-07-2017-14:30:22:666 407696 408336 1
20-07-2017-14:30:22:695 408336 408976 1
20-07-2017-14:30:22:737 408976 409616 1
20-07-2017-14:30:22:777 409616 410256 1
20-07-2017-14:30:22:817 410256 410896 1
20-07-2017-14:30:22:859 410896 411536 1
20-07-2017-14:30:22:905 411536 412176 1
20-07-2017-14:30:22:944 412176 412816 1
20-07-2017-14:30:22:986 412816 413456 1
20-07-2017-14:30:23:014 413456 414096 1
20-07-2017-14:30:23:056 414096 414736 1
20-07-2017-14:30:23:096 414736 415376 1
20-07-2017-14:30:23:136 415376 416016 1
20-07-2017-14:30:23:176 416016 416656 1
20-07-2017-14:30:23:223 416656 417296 1
20-07-2017-14:30:23:264 417296 417936 1
20-07-2017-14:30:23:305 417936 418576 1
20-07-2017-14:30:23:345 418576 419216 1
20-07-2017-14:30:23:376 419216 419856 1
20-07-2017-14:30:23:414 419856 420496 1
20-07-2017-14:30:23:460 420496 421136 1
20-07-2017-14:30:23:500 421136 421776 1
20-07-2017-14:30:23:539 421776 422416 1
20-07-2017-14:30:23:581 422416 423056 1
20-07-2017-14:30:23:622 423056 423696 1
20-07-2017-14:30:23:668 423696 424336 1
20-07-2017-14:30:23:708 424336 424976 1
20-07-2017-14:30:23:750 424976 425616 1
20-07-2017-14:30:23:790 425616 426256 1
20-07-2017-14:30:23:820 426256 426896 1
20-07-2017-14:30:23:861 426896 427536 1
20-07-2017-14:30:23:901 427536 428176 1
20-07-2017-14:30:23:941 428176 428816 1
20-07-2017-14:30:23:988 428816 429456 1
20-07-2017-14:30:24:030 429456 430096 1
20-07-2017-14:30:24:070 430096 430736 1
20-07-2017-14:30:24:102 430736 431376 1
20-07-2017-14:30:24:139 431376 432016 1
20-07-2017-14:30:24:184 432016 432656 1
20-07-2017-14:30:24:220 432656 433296 1
20-07-2017-14:30:24:262 433296 433936 1
20-07-2017-14:30:24:308 433936 434576 1
20-07-2017-14:30:24:348 434576 435216 1
20-07-2017-14:30:24:377 435216 435856 1
20-07-2017-14:30:24:417 435856 436496 1
20-07-2017-14:30:24:457 436496 437136 1
20-07-2017-14:30:24:505 437136 437776 1
20-07-2017-14:30:24:544 437776 438416 1
20-07-2017-14:30:24:585 438416 439056 1
20-07-2017-14:30:24:615 439056 439696 1
20-07-2017-14:30:24:656 439696 440336 1
20-07-2017-14:30:24:702 440336 440976 1
20-07-2017-14:30:24:741 440976 441616 1
20-07-2017-14:30:24:781 441616 442256 1
20-07-2017-14:30:24:822 442256 442896 1
20-07-2017-14:30:24:868 442896 443536 1
20-07-2017-14:30:24:897 443536 444176 1
20-07-2017-14:30:24:940 444176 444816 1
20-07-2017-14:30:24:979 444816 445456 1
20-07-2017-14:30:25:019 445456 446096 1
20-07-2017-14:30:25:065 446096 446736 1
20-07-2017-14:30:25:105 446736 447376 1
20-07-2017-14:30:25:134 447376 448016 1
20-07-2017-14:30:25:179 448016 448656 1
20-07-2017-14:30:25:216 448656 449296 1
20-07-2017-14:30:25:256 449296 449936 1
20-07-2017-14:30:25:301 449936 450576 1
20-07-2017-14:30:25:343 450576 451216 1
20-07-2017-14:30:25:385 451216 451856 1
20-07-2017-14:30:25:425 451856 452496 1
20-07-2017-14:30:25:470 452496 453136 1
20-07-2017-14:30:25:500 453136 453776 1
20-07-2017-14:30:25:541 453776 454416 1
20-07-2017-14:30:25:580 454416 455056 1
20-07-2017-14:30:25:769 455056 455696 1
20-07-2017-14:30:25:771 455696 456336 1
20-07-2017-14:30:25:771 456336 456976 1
20-07-2017-14:30:25:772 456976 457616 1
20-07-2017-14:30:25:776 457616 458256 1
20-07-2017-14:30:25:818 458256 458896 1
20-07-2017-14:30:25:863 458896 459536 1
20-07-2017-14:30:25:904 459536 460176 1
20-07-2017-14:30:25:945 460176 460816 1
20-07-2017-14:30:25:991 460816 461456 1
20-07-2017-14:30:26:018 461456 462096 1
20-07-2017-14:30:26:062 462096 462736 1
20-07-2017-14:30:26:100 462736 463376 1
20-07-2017-14:30:26:141 463376 464016 1
20-07-2017-14:30:26:187 464016 464656 1
20-07-2017-14:30:26:215 464656 465296 1
20-07-2017-14:30:26:257 465296 465936 1
20-07-2017-14:30:26:297 465936 466576 1
20-07-2017-14:30:26:338 466576 467216 1
20-07-2017-14:30:26:386 467216 467856 1
20-07-2017-14:30:26:426 467856 468496 1
20-07-2017-14:30:26:460 468496 469136 1
20-07-2017-14:30:26:496 469136 469776 1
20-07-2017-14:30:26:535 469776 470416 1
20-07-2017-14:30:26:577 470416 471056 1
20-07-2017-14:30:26:623 471056 471696 1
20-07-2017-14:30:26:663 471696 472336 1
20-07-2017-14:30:26:703 472336 472976 1
20-07-2017-14:30:26:744 472976 473616 1
20-07-2017-14:30:26:789 473616 474256 1
20-07-2017-14:30:26:815 474256 474896 1
20-07-2017-14:30:26:853 474896 475536 1
20-07-2017-14:30:26:900 475536 476176 1
20-07-2017-14:30:26:941 476176 476816 1
20-07-2017-14:30:26:982 476816 477456 1
20-07-2017-14:30:27:022 477456 478096 1
20-07-2017-14:30:27:069 478096 478736 1
20-07-2017-14:30:27:110 478736 479376 1
20-07-2017-14:30:27:139 479376 480016 1
20-07-2017-14:30:27:178 480016 480656 1
20-07-2017-14:30:27:220 480656 481296 1
20-07-2017-14:30:27:262 481296 481936 1
20-07-2017-14:30:27:307 481936 482576 1
20-07-2017-14:30:27:336 482576 483216 1
20-07-2017-14:30:27:378 483216 483856 1
20-07-2017-14:30:27:418 483856 484496 1
20-07-2017-14:30:27:460 484496 485136 1
20-07-2017-14:30:27:505 485136 485776 1
20-07-2017-14:30:27:545 485776 486416 1
20-07-2017-14:30:27:575 486416 487056 1
20-07-2017-14:30:27:616 487056 487696 1
20-07-2017-14:30:27:656 487696 488336 1
20-07-2017-14:30:27:708 488336 488976 1
20-07-2017-14:30:27:741 488976 489616 1
20-07-2017-14:30:27:781 489616 490256 1
20-07-2017-14:30:27:818 490256 490896 1
20-07-2017-14:30:27:860 490896 491536 1
20-07-2017-14:30:27:900 491536 492176 1
20-07-2017-14:30:27:946 492176 492816 1
20-07-2017-14:30:27:974 492816 493456 1
20-07-2017-14:30:28:016 493456 494096 1
20-07-2017-14:30:28:056 494096 494736 1
20-07-2017-14:30:28:097 494736 495376 1
20-07-2017-14:30:28:143 495376 496016 1
20-07-2017-14:30:28:183 496016 496656 1
20-07-2017-14:30:28:230 496656 497296 1
20-07-2017-14:30:28:270 497296 497936 1
20-07-2017-14:30:28:299 497936 498576 1
20-07-2017-14:30:28:339 498576 499216 1
20-07-2017-14:30:28:379 499216 499856 1
20-07-2017-14:30:28:427 499856 500496 1
20-07-2017-14:30:28:466 500496 501136 1
20-07-2017-14:30:28:494 501136 501776 1
20-07-2017-14:30:28:536 501776 502416 1
20-07-2017-14:30:28:577 502416 503056 1
20-07-2017-14:30:28:623 503056 503696 1
20-07-2017-14:30:28:662 503696 504336 1
20-07-2017-14:30:28:703 504336 504976 1
20-07-2017-14:30:28:749 504976 505616 1
20-07-2017-14:30:29:062 505616 506256 1
20-07-2017-14:30:29:064 506256 506896 1
20-07-2017-14:30:29:064 506896 507536 1
20-07-2017-14:30:29:064 507536 508176 1
20-07-2017-14:30:29:064 508176 508816 1
20-07-2017-14:30:29:064 508816 509456 1
20-07-2017-14:30:29:064 509456 510096 1
20-07-2017-14:30:29:065 510096 510736 1
20-07-2017-14:30:29:097 510736 511376 1
20-07-2017-14:30:29:143 511376 512016 1
20-07-2017-14:30:29:184 512016 512656 1
20-07-2017-14:30:29:225 512656 513296 1
20-07-2017-14:30:29:266 513296 513936 1
20-07-2017-14:30:29:296 513936 514576 1
20-07-2017-14:30:29:336 514576 515216 1
20-07-2017-14:30:29:381 515216 515856 1
20-07-2017-14:30:29:423 515856 516496 1
20-07-2017-14:30:29:463 516496 517136 1
20-07-2017-14:30:29:503 517136 517776 1
20-07-2017-14:30:29:549 517776 518416 1
20-07-2017-14:30:29:578 518416 519056 1
20-07-2017-14:30:29:618 519056 519696 1
20-07-2017-14:30:29:660 519696 520336 1
20-07-2017-14:30:29:698 520336 520976 1
20-07-2017-14:30:29:740 520976 521616 1
20-07-2017-14:30:29:783 521616 522256 1
20-07-2017-14:30:29:824 522256 522896 1
20-07-2017-14:30:29:870 522896 523536 1
20-07-2017-14:30:29:898 523536 524176 1
20-07-2017-14:30:29:940 524176 524816 1
20-07-2017-14:30:29:981 524816 525456 1
20-07-2017-14:30:30:020 525456 526096 1
20-07-2017-14:30:30:067 526096 526736 1
20-07-2017-14:30:30:109 526736 527376 1
20-07-2017-14:30:30:137 527376 528016 1
20-07-2017-14:30:30:178 528016 528656 1
20-07-2017-14:30:30:218 528656 529296 1
20-07-2017-14:30:30:264 529296 529936 1
20-07-2017-14:30:30:304 529936 530576 1
