20-07-2017-14:30:35:259 0 768 1
20-07-2017-14:30:35:302 768 1536 1
20-07-2017-14:30:35:354 1536 2256 1
20-07-2017-14:30:35:387 2256 2976 1
20-07-2017-14:30:35:438 2976 3632 1
20-07-2017-14:30:35:474 3632 4288 1
20-07-2017-14:30:35:514 4288 4944 1
20-07-2017-14:30:35:555 4944 5600 1
20-07-2017-14:30:35:595 5600 6256 1
20-07-2017-14:30:35:642 6256 6912 1
20-07-2017-14:30:35:686 6912 7568 1
20-07-2017-14:30:35:723 7568 8224 1
20-07-2017-14:30:35:764 8224 8880 1
20-07-2017-14:30:35:809 8880 9536 1
20-07-2017-14:30:35:846 9536 10192 1
20-07-2017-14:30:35:887 10192 10848 1
20-07-2017-14:30:35:927 10848 11504 1
20-07-2017-14:30:35:967 11504 12160 1
20-07-2017-14:30:36:013 12160 12816 1
20-07-2017-14:30:36:055 12816 13472 1
20-07-2017-14:30:36:095 13472 14128 1
20-07-2017-14:30:36:135 14128 14784 1
20-07-2017-14:30:36:182 14784 15440 1
20-07-2017-14:30:36:222 15440 16096 1
20-07-2017-14:30:36:251 16096 16752 1
20-07-2017-14:30:36:293 16752 17408 1
20-07-2017-14:30:36:334 17408 18064 1
20-07-2017-14:30:36:379 18064 18720 1
20-07-2017-14:30:36:421 18720 19376 1
20-07-2017-14:30:36:460 19376 20032 1
20-07-2017-14:30:36:505 20032 20688 1
20-07-2017-14:30:36:542 20688 21344 1
20-07-2017-14:30:36:583 21344 22000 1
20-07-2017-14:30:36:622 22000 22656 1
20-07-2017-14:30:36:668 22656 23312 1
20-07-2017-14:30:36:711 23312 23968 1
20-07-2017-14:30:36:750 23968 24624 1
20-07-2017-14:30:36:796 24624 25280 1
20-07-2017-14:30:36:837 25280 25936 1
20-07-2017-14:30:36:864 25936 26592 1
20-07-2017-14:30:36:906 26592 27248 1
20-07-2017-14:30:36:947 27248 27904 1
20-07-2017-14:30:36:991 27904 28560 1
20-07-2017-14:30:37:032 28560 29216 1
20-07-2017-14:30:37:080 29216 29872 1
20-07-2017-14:30:37:125 29872 30528 1
20-07-2017-14:30:37:164 30528 31184 1
20-07-2017-14:30:37:194 31184 31840 1
20-07-2017-14:30:37:235 31840 32496 1
20-07-2017-14:30:37:276 32496 33152 1
20-07-2017-14:30:37:321 33152 33808 1
20-07-2017-14:30:37:361 33808 34464 1
20-07-2017-14:30:37:403 34464 35120 1
20-07-2017-14:30:37:445 35120 35776 1
20-07-2017-14:30:37:490 35776 36432 1
20-07-2017-14:30:37:519 36432 37088 1
20-07-2017-14:30:37:560 37088 37744 1
20-07-2017-14:30:37:602 37744 38400 1
20-07-2017-14:30:37:641 38400 39056 1
20-07-2017-14:30:37:689 39056 39712 1
20-07-2017-14:30:37:729 39712 40368 1
20-07-2017-14:30:37:774 40368 41024 1
20-07-2017-14:30:37:813 41024 41680 1
20-07-2017-14:30:37:855 41680 42336 1
20-07-2017-14:30:37:902 42336 42992 1
20-07-2017-14:30:37:931 42992 43648 1
20-07-2017-14:30:37:971 43648 44304 1
20-07-2017-14:30:38:013 44304 44960 1
20-07-2017-14:30:38:053 44960 45616 1
20-07-2017-14:30:38:098 45616 46272 1
20-07-2017-14:30:38:138 46272 46928 1
20-07-2017-14:30:38:179 46928 47584 1
20-07-2017-14:30:38:228 47584 48240 1
20-07-2017-14:30:38:265 48240 48896 1
20-07-2017-14:30:38:305 48896 49552 1
20-07-2017-14:30:38:434 49552 50208 1
20-07-2017-14:30:38:435 50208 50864 1
20-07-2017-14:30:38:435 50864 51520 1
20-07-2017-14:30:38:462 51520 52176 1
20-07-2017-14:30:38:514 52176 52816 1
20-07-2017-14:30:38:542 52816 53456 1
20-07-2017-14:30:38:589 53456 54096 1
20-07-2017-14:30:38:631 54096 54736 1
20-07-2017-14:30:38:671 54736 55376 1
20-07-2017-14:30:38:712 55376 56016 1
20-07-2017-14:30:38:758 56016 56656 1
20-07-2017-14:30:38:788 56656 57296 1
20-07-2017-14:30:38:829 57296 57936 1
20-07-2017-14:30:38:869 57936 58576 1
20-07-2017-14:30:38:910 58576 59216 1
20-07-2017-14:30:38:956 59216 59856 1
20-07-2017-14:30:38:996 59856 60496 1
20-07-2017-14:30:39:025 60496 61136 1
20-07-2017-14:30:39:066 61136 61776 1
20-07-2017-14:30:39:106 61776 62416 1
20-07-2017-14:30:39:152 62416 63056 1
20-07-2017-14:30:39:191 63056 63696 1
20-07-2017-14:30:39:234 63696 64336 1
20-07-2017-14:30:39:261 64336 64976 1
20-07-2017-14:30:39:303 64976 65616 1
20-07-2017-14:30:39:343 65616 66256 1
20-07-2017-14:30:39:384 66256 66896 1
20-07-2017-14:30:39:431 66896 67536 1
20-07-2017-14:30:39:473 67536 68176 1
20-07-2017-14:30:39:513 68176 68816 1
20-07-2017-14:30:39:558 68816 69456 1
20-07-2017-14:30:39:581 69456 70096 1
20-07-2017-14:30:39:627 70096 70736 1
20-07-2017-14:30:39:668 70736 71376 1
20-07-2017-14:30:39:708 71376 72016 1
20-07-2017-14:30:39:756 72016 72656 1
20-07-2017-14:30:39:796 72656 73296 1
20-07-2017-14:30:39:826 73296 73936 1
20-07-2017-14:30:39:866 73936 74576 1
20-07-2017-14:30:39:906 74576 75216 1
20-07-2017-14:30:39:952 75216 75856 1
20-07-2017-14:30:39:992 75856 76496 1
20-07-2017-14:30:40:034 76496 77136 1
20-07-2017-14:30:40:063 77136 77776 1
20-07-2017-14:30:40:102 77776 78416 1
20-07-2017-14:30:40:143 78416 79056 1
20-07-2017-14:30:40:189 79056 79696 1
20-07-2017-14:30:40:230 79696 80336 1
20-07-2017-14:30:40:271 80336 80976 1
20-07-2017-14:30:40:317 80976 81616 1
20-07-2017-14:30:40:346 81616 82256 1
20-07-2017-14:30:40:387 82256 82896 1
20-07-2017-14:30:40:427 82896 83536 1
20-07-2017-14:30:40:467 83536 84176 1
20-07-2017-14:30:40:513 84176 84816 1
20-07-2017-14:30:40:554 84816 85456 1
20-07-2017-14:30:40:584 85456 86096 1
20-07-2017-14:30:40:623 86096 86736 1
20-07-2017-14:30:40:664 86736 87376 1
20-07-2017-14:30:40:710 87376 88016 1
20-07-2017-14:30:40:750 88016 88656 1
20-07-2017-14:30:40:791 88656 89296 1
20-07-2017-14:30:40:832 89296 89936 1
20-07-2017-14:30:40:874 89936 90576 1
20-07-2017-14:30:40:902 90576 91216 1
20-07-2017-14:30:40:943 91216 91856 1
20-07-2017-14:30:40:989 91856 92496 1
20-07-2017-14:30:41:030 92496 93136 1
20-07-2017-14:30:41:071 93136 93776 1
20-07-2017-14:30:41:110 93776 94416 1
20-07-2017-14:30:41:157 94416 95056 1
20-07-2017-14:30:41:198 95056 95696 1
20-07-2017-14:30:41:227 95696 96336 1
20-07-2017-14:30:41:268 96336 96976 1
20-07-2017-14:30:41:308 96976 97616 1
20-07-2017-14:30:41:348 97616 98256 1
20-07-2017-14:30:41:396 98256 98896 1
20-07-2017-14:30:41:424 98896 99536 1
20-07-2017-14:30:41:464 99536 100176 1
20-07-2017-14:30:41:578 100176 100816 1
20-07-2017-14:30:41:580 100816 101456 1
20-07-2017-14:30:41:593 101456 102096 1
20-07-2017-14:30:41:634 102096 102736 1
20-07-2017-14:30:41:663 102736 103376 1
20-07-2017-14:30:41:704 103376 104016 1
20-07-2017-14:30:41:750 104016 104656 1
20-07-2017-14:30:41:790 104656 105296 1
20-07-2017-14:30:41:845 105296 105936 1
20-07-2017-14:30:41:876 105936 106576 1
20-07-2017-14:30:41:916 106576 107216 1
20-07-2017-14:30:41:946 107216 107856 1
20-07-2017-14:30:41:986 107856 108496 1
20-07-2017-14:30:42:027 108496 109136 1
20-07-2017-14:30:42:075 109136 109776 1
20-07-2017-14:30:42:104 109776 110416 1
20-07-2017-14:30:42:144 110416 111056 1
20-07-2017-14:30:42:185 111056 111696 1
20-07-2017-14:30:42:231 111696 112336 1
20-07-2017-14:30:42:277 112336 112976 1
20-07-2017-14:30:42:304 112976 113616 1
20-07-2017-14:30:42:345 113616 114256 1
20-07-2017-14:30:42:387 114256 114896 1
20-07-2017-14:30:42:426 114896 115536 1
20-07-2017-14:30:42:472 115536 116176 1
20-07-2017-14:30:42:513 116176 116816 1
20-07-2017-14:30:42:542 116816 117456 1
20-07-2017-14:30:42:583 117456 118096 1
20-07-2017-14:30:42:622 118096 118736 1
20-07-2017-14:30:42:670 118736 119376 1
20-07-2017-14:30:42:710 119376 120016 1
20-07-2017-14:30:42:751 120016 120656 1
20-07-2017-14:30:42:798 120656 121296 1
20-07-2017-14:30:42:838 121296 121936 1
20-07-2017-14:30:42:866 121936 122576 1
20-07-2017-14:30:42:907 122576 123216 1
20-07-2017-14:30:42:948 123216 123856 1
20-07-2017-14:30:42:994 123856 124496 1
20-07-2017-14:30:43:034 124496 125136 1
20-07-2017-14:30:43:062 125136 125776 1
20-07-2017-14:30:43:103 125776 126416 1
20-07-2017-14:30:43:144 126416 127056 1
20-07-2017-14:30:43:191 127056 127696 1
20-07-2017-14:30:43:230 127696 128336 1
20-07-2017-14:30:43:272 128336 128976 1
20-07-2017-14:30:43:311 128976 129616 1
20-07-2017-14:30:43:358 129616 130256 1
20-07-2017-14:30:43:385 130256 130896 1
20-07-2017-14:30:43:426 130896 131536 1
20-07-2017-14:30:43:467 131536 132176 1
20-07-2017-14:30:43:507 132176 132816 1
20-07-2017-14:30:43:554 132816 133456 1
20-07-2017-14:30:43:593 133456 134096 1
20-07-2017-14:30:43:622 134096 134736 1
20-07-2017-14:30:43:664 134736 135376 1
20-07-2017-14:30:43:705 135376 136016 1
20-07-2017-14:30:43:751 136016 136656 1
20-07-2017-14:30:43:786 136656 137296 1
20-07-2017-14:30:43:834 137296 137936 1
20-07-2017-14:30:43:875 137936 138576 1
20-07-2017-14:30:43:902 138576 139216 1
20-07-2017-14:30:43:943 139216 139856 1
20-07-2017-14:30:43:985 139856 140496 1
20-07-2017-14:30:44:030 140496 141136 1
20-07-2017-14:30:44:070 141136 141776 1
20-07-2017-14:30:44:111 141776 142416 1
20-07-2017-14:30:44:151 142416 143056 1
20-07-2017-14:30:44:198 143056 143696 1
20-07-2017-14:30:44:228 143696 144336 1
20-07-2017-14:30:44:268 144336 144976 1
20-07-2017-14:30:44:309 144976 145616 1
20-07-2017-14:30:44:350 145616 146256 1
20-07-2017-14:30:44:395 146256 146896 1
20-07-2017-14:30:44:424 146896 147536 1
20-07-2017-14:30:44:466 147536 148176 1
20-07-2017-14:30:44:506 148176 148816 1
20-07-2017-14:30:44:546 148816 149456 1
20-07-2017-14:30:44:594 149456 150096 1
20-07-2017-14:30:44:622 150096 150736 1
20-07-2017-14:30:44:770 150736 151376 1
20-07-2017-14:30:44:771 151376 152016 1
20-07-2017-14:30:44:771 152016 152656 1
20-07-2017-14:30:44:792 152656 153296 1
20-07-2017-14:30:44:832 153296 153936 1
20-07-2017-14:30:44:872 153936 154576 1
20-07-2017-14:30:44:902 154576 155216 1
20-07-2017-14:30:44:948 155216 155856 1
20-07-2017-14:30:44:988 155856 156496 1
20-07-2017-14:30:45:029 156496 157136 1
20-07-2017-14:30:45:069 157136 157776 1
20-07-2017-14:30:45:117 157776 158416 1
20-07-2017-14:30:45:144 158416 159056 1
20-07-2017-14:30:45:185 159056 159696 1
20-07-2017-14:30:45:227 159696 160336 1
20-07-2017-14:30:45:273 160336 160976 1
20-07-2017-14:30:45:312 160976 161616 1
20-07-2017-14:30:45:342 161616 162256 1
20-07-2017-14:30:45:383 162256 162896 1
20-07-2017-14:30:45:429 162896 163536 1
20-07-2017-14:30:45:469 163536 164176 1
20-07-2017-14:30:45:510 164176 164816 1
20-07-2017-14:30:45:550 164816 165456 1
20-07-2017-14:30:45:596 165456 166096 1
20-07-2017-14:30:45:626 166096 166736 1
20-07-2017-14:30:45:666 166736 167376 1
20-07-2017-14:30:45:708 167376 168016 1
20-07-2017-14:30:45:747 168016 168656 1
20-07-2017-14:30:45:793 168656 169296 1
20-07-2017-14:30:45:822 169296 169936 1
20-07-2017-14:30:45:864 169936 170576 1
20-07-2017-14:30:45:904 170576 171216 1
