20-07-2017-14:28:30:375 0 752 1
20-07-2017-14:28:30:422 752 1504 1
20-07-2017-14:28:30:462 1504 2256 1
20-07-2017-14:28:30:510 2256 3008 1
20-07-2017-14:28:30:562 3008 3760 1
20-07-2017-14:28:30:603 3760 4512 1
20-07-2017-14:28:30:648 4512 5264 1
20-07-2017-14:28:30:699 5264 5920 1
20-07-2017-14:28:30:728 5920 6576 1
20-07-2017-14:28:30:781 6576 7216 1
20-07-2017-14:28:30:815 7216 7856 1
20-07-2017-14:28:30:857 7856 8496 1
20-07-2017-14:28:30:897 8496 9136 1
20-07-2017-14:28:30:935 9136 9776 1
20-07-2017-14:28:30:979 9776 10416 1
20-07-2017-14:28:31:020 10416 11056 1
20-07-2017-14:28:31:049 11056 11696 1
20-07-2017-14:28:31:089 11696 12336 1
20-07-2017-14:28:31:130 12336 12976 1
20-07-2017-14:28:31:172 12976 13616 1
20-07-2017-14:28:31:212 13616 14256 1
20-07-2017-14:28:31:252 14256 14896 1
20-07-2017-14:28:31:300 14896 15536 1
20-07-2017-14:28:31:340 15536 16176 1
20-07-2017-14:28:31:370 16176 16816 1
20-07-2017-14:28:31:409 16816 17456 1
20-07-2017-14:28:31:449 17456 18096 1
20-07-2017-14:28:31:491 18096 18736 1
20-07-2017-14:28:31:538 18736 19376 1
20-07-2017-14:28:31:578 19376 20016 1
20-07-2017-14:28:31:618 20016 20656 1
20-07-2017-14:28:31:660 20656 21296 1
20-07-2017-14:28:31:700 21296 21936 1
20-07-2017-14:28:31:730 21936 22576 1
20-07-2017-14:28:31:770 22576 23216 1
20-07-2017-14:28:31:810 23216 23856 1
20-07-2017-14:28:31:850 23856 24496 1
20-07-2017-14:28:31:897 24496 25136 1
20-07-2017-14:28:31:937 25136 25776 1
20-07-2017-14:28:31:978 25776 26416 1
20-07-2017-14:28:32:020 26416 27056 1
20-07-2017-14:28:32:063 27056 27696 1
20-07-2017-14:28:32:106 27696 28336 1
20-07-2017-14:28:32:135 28336 28976 1
20-07-2017-14:28:32:175 28976 29616 1
20-07-2017-14:28:32:217 29616 30256 1
20-07-2017-14:28:32:263 30256 30896 1
20-07-2017-14:28:32:302 30896 31536 1
20-07-2017-14:28:32:328 31536 32176 1
20-07-2017-14:28:32:376 32176 32816 1
20-07-2017-14:28:32:416 32816 33456 1
20-07-2017-14:28:32:457 33456 34096 1
20-07-2017-14:28:32:498 34096 34736 1
20-07-2017-14:28:32:544 34736 35376 1
20-07-2017-14:28:32:585 35376 36016 1
20-07-2017-14:28:32:612 36016 36656 1
20-07-2017-14:28:32:654 36656 37296 1
20-07-2017-14:28:32:695 37296 37936 1
20-07-2017-14:28:32:735 37936 38576 1
20-07-2017-14:28:32:784 38576 39216 1
20-07-2017-14:28:32:824 39216 39856 1
20-07-2017-14:28:32:851 39856 40496 1
20-07-2017-14:28:32:903 40496 41104 1
20-07-2017-14:28:32:928 41104 41712 1
20-07-2017-14:28:32:973 41712 42320 1
20-07-2017-14:28:33:014 42320 42928 1
20-07-2017-14:28:33:054 42928 43536 1
20-07-2017-14:28:33:083 43536 44144 1
20-07-2017-14:28:33:125 44144 44752 1
20-07-2017-14:28:33:166 44752 45360 1
20-07-2017-14:28:33:196 45360 45968 1
20-07-2017-14:28:33:236 45968 46576 1
20-07-2017-14:28:33:276 46576 47184 1
20-07-2017-14:28:33:304 47184 47792 1
20-07-2017-14:28:33:345 47792 48400 1
20-07-2017-14:28:33:393 48400 49008 1
20-07-2017-14:28:33:422 49008 49616 1
20-07-2017-14:28:33:562 49616 50224 1
20-07-2017-14:28:33:567 50224 50832 1
20-07-2017-14:28:33:567 50832 51440 1
20-07-2017-14:28:33:572 51440 52048 1
20-07-2017-14:28:33:613 52048 52656 1
20-07-2017-14:28:33:658 52656 53264 1
20-07-2017-14:28:33:687 53264 53872 1
20-07-2017-14:28:33:727 53872 54480 1
20-07-2017-14:28:33:767 54480 55088 1
20-07-2017-14:28:33:808 55088 55696 1
20-07-2017-14:28:33:839 55696 56304 1
20-07-2017-14:28:33:880 56304 56912 1
20-07-2017-14:28:33:925 56912 57520 1
20-07-2017-14:28:33:966 57520 58128 1
20-07-2017-14:28:33:996 58128 58736 1
20-07-2017-14:28:34:035 58736 59344 1
20-07-2017-14:28:34:066 59344 59952 1
20-07-2017-14:28:34:105 59952 60560 1
20-07-2017-14:28:34:145 60560 61168 1
20-07-2017-14:28:34:187 61168 61776 1
20-07-2017-14:28:34:232 61776 62384 1
20-07-2017-14:28:34:262 62384 62992 1
20-07-2017-14:28:34:301 62992 63600 1
20-07-2017-14:28:34:341 63600 64208 1
20-07-2017-14:28:34:372 64208 64816 1
20-07-2017-14:28:34:417 64816 65424 1
20-07-2017-14:28:34:447 65424 66032 1
20-07-2017-14:28:34:486 66032 66640 1
20-07-2017-14:28:34:528 66640 67248 1
20-07-2017-14:28:34:567 67248 67856 1
20-07-2017-14:28:34:597 67856 68464 1
20-07-2017-14:28:34:643 68464 69072 1
20-07-2017-14:28:34:683 69072 69680 1
20-07-2017-14:28:34:711 69680 70288 1
20-07-2017-14:28:34:752 70288 70896 1
20-07-2017-14:28:34:792 70896 71504 1
20-07-2017-14:28:34:837 71504 72112 1
20-07-2017-14:28:34:866 72112 72720 1
20-07-2017-14:28:34:908 72720 73328 1
20-07-2017-14:28:34:949 73328 73936 1
20-07-2017-14:28:34:976 73936 74544 1
20-07-2017-14:28:35:017 74544 75152 1
20-07-2017-14:28:35:065 75152 75760 1
20-07-2017-14:28:35:094 75760 76368 1
20-07-2017-14:28:35:134 76368 76976 1
20-07-2017-14:28:35:175 76976 77584 1
20-07-2017-14:28:35:216 77584 78192 1
20-07-2017-14:28:35:244 78192 78800 1
20-07-2017-14:28:35:290 78800 79408 1
20-07-2017-14:28:35:330 79408 80016 1
20-07-2017-14:28:35:359 80016 80624 1
20-07-2017-14:28:35:399 80624 81232 1
20-07-2017-14:28:35:440 81232 81840 1
20-07-2017-14:28:35:488 81840 82448 1
20-07-2017-14:28:35:517 82448 83056 1
20-07-2017-14:28:35:557 83056 83664 1
20-07-2017-14:28:35:585 83664 84272 1
20-07-2017-14:28:35:625 84272 84880 1
20-07-2017-14:28:35:673 84880 85488 1
20-07-2017-14:28:35:713 85488 86096 1
20-07-2017-14:28:35:742 86096 86704 1
20-07-2017-14:28:35:782 86704 87312 1
20-07-2017-14:28:35:824 87312 87920 1
20-07-2017-14:28:35:854 87920 88528 1
20-07-2017-14:28:35:898 88528 89136 1
20-07-2017-14:28:35:938 89136 89744 1
20-07-2017-14:28:35:966 89744 90352 1
20-07-2017-14:28:36:011 90352 90960 1
20-07-2017-14:28:36:053 90960 91568 1
20-07-2017-14:28:36:082 91568 92176 1
20-07-2017-14:28:36:123 92176 92784 1
20-07-2017-14:28:36:164 92784 93392 1
20-07-2017-14:28:36:194 93392 94000 1
20-07-2017-14:28:36:234 94000 94608 1
20-07-2017-14:28:36:279 94608 95216 1
20-07-2017-14:28:36:322 95216 95824 1
20-07-2017-14:28:36:353 95824 96432 1
20-07-2017-14:28:36:390 96432 97040 1
20-07-2017-14:28:36:431 97040 97648 1
20-07-2017-14:28:36:459 97648 98256 1
20-07-2017-14:28:36:500 98256 98864 1
20-07-2017-14:28:36:546 98864 99472 1
20-07-2017-14:28:36:586 99472 100080 1
20-07-2017-14:28:36:853 100080 100688 1
20-07-2017-14:28:36:854 100688 101296 1
20-07-2017-14:28:36:854 101296 101904 1
20-07-2017-14:28:36:854 101904 102512 1
20-07-2017-14:28:36:854 102512 103120 1
20-07-2017-14:28:36:854 103120 103728 1
20-07-2017-14:28:36:854 103728 104336 1
20-07-2017-14:28:36:883 104336 104944 1
20-07-2017-14:28:36:921 104944 105552 1
20-07-2017-14:28:36:962 105552 106160 1
20-07-2017-14:28:36:990 106160 106768 1
20-07-2017-14:28:37:037 106768 107376 1
20-07-2017-14:28:37:076 107376 107984 1
20-07-2017-14:28:37:105 107984 108592 1
20-07-2017-14:28:37:145 108592 109200 1
20-07-2017-14:28:37:186 109200 109808 1
20-07-2017-14:28:37:227 109808 110416 1
20-07-2017-14:28:37:257 110416 111024 1
20-07-2017-14:28:37:303 111024 111632 1
20-07-2017-14:28:37:342 111632 112240 1
20-07-2017-14:28:37:372 112240 112848 1
20-07-2017-14:28:37:411 112848 113456 1
20-07-2017-14:28:37:451 113456 114064 1
20-07-2017-14:28:37:499 114064 114672 1
20-07-2017-14:28:37:526 114672 115280 1
20-07-2017-14:28:37:568 115280 115888 1
20-07-2017-14:28:37:607 115888 116496 1
20-07-2017-14:28:37:638 116496 117104 1
20-07-2017-14:28:37:678 117104 117712 1
20-07-2017-14:28:37:726 117712 118320 1
20-07-2017-14:28:37:753 118320 118928 1
20-07-2017-14:28:37:793 118928 119536 1
20-07-2017-14:28:37:833 119536 120144 1
20-07-2017-14:28:37:874 120144 120752 1
20-07-2017-14:28:37:904 120752 121360 1
20-07-2017-14:28:37:948 121360 121968 1
20-07-2017-14:28:37:989 121968 122576 1
20-07-2017-14:28:38:020 122576 123184 1
20-07-2017-14:28:38:060 123184 123792 1
20-07-2017-14:28:38:101 123792 124400 1
20-07-2017-14:28:38:146 124400 125008 1
20-07-2017-14:28:38:176 125008 125616 1
20-07-2017-14:28:38:217 125616 126224 1
20-07-2017-14:28:38:245 126224 126832 1
20-07-2017-14:28:38:287 126832 127440 1
20-07-2017-14:28:38:326 127440 128048 1
20-07-2017-14:28:38:371 128048 128656 1
20-07-2017-14:28:38:400 128656 129264 1
20-07-2017-14:28:38:442 129264 129872 1
20-07-2017-14:28:38:483 129872 130480 1
20-07-2017-14:28:38:511 130480 131088 1
20-07-2017-14:28:38:551 131088 131696 1
20-07-2017-14:28:38:598 131696 132304 1
20-07-2017-14:28:38:637 132304 132912 1
20-07-2017-14:28:38:668 132912 133520 1
20-07-2017-14:28:38:708 133520 134128 1
20-07-2017-14:28:38:749 134128 134736 1
20-07-2017-14:28:38:777 134736 135344 1
20-07-2017-14:28:38:824 135344 135952 1
20-07-2017-14:28:38:864 135952 136560 1
20-07-2017-14:28:38:894 136560 137168 1
20-07-2017-14:28:38:934 137168 137776 1
20-07-2017-14:28:38:976 137776 138384 1
20-07-2017-14:28:39:015 138384 138992 1
20-07-2017-14:28:39:045 138992 139600 1
20-07-2017-14:28:39:092 139600 140208 1
20-07-2017-14:28:39:131 140208 140816 1
20-07-2017-14:28:39:160 140816 141424 1
20-07-2017-14:28:39:202 141424 142032 1
20-07-2017-14:28:39:244 142032 142640 1
20-07-2017-14:28:39:271 142640 143248 1
20-07-2017-14:28:39:312 143248 143856 1
20-07-2017-14:28:39:359 143856 144464 1
20-07-2017-14:28:39:388 144464 145072 1
20-07-2017-14:28:39:429 145072 145680 1
20-07-2017-14:28:39:468 145680 146288 1
20-07-2017-14:28:39:509 146288 146896 1
20-07-2017-14:28:39:538 146896 147504 1
20-07-2017-14:28:39:584 147504 148112 1
20-07-2017-14:28:39:613 148112 148720 1
20-07-2017-14:28:39:654 148720 149328 1
20-07-2017-14:28:39:695 149328 149936 1
20-07-2017-14:28:39:735 149936 150544 1
20-07-2017-14:28:39:835 150544 151152 1
20-07-2017-14:28:39:837 151152 151760 1
20-07-2017-14:28:39:851 151760 152368 1
20-07-2017-14:28:39:880 152368 152976 1
20-07-2017-14:28:39:920 152976 153584 1
20-07-2017-14:28:39:961 153584 154192 1
20-07-2017-14:28:40:008 154192 154800 1
20-07-2017-14:28:40:031 154800 155408 1
20-07-2017-14:28:40:077 155408 156016 1
20-07-2017-14:28:40:119 156016 156624 1
20-07-2017-14:28:40:147 156624 157232 1
20-07-2017-14:28:40:188 157232 157840 1
20-07-2017-14:28:40:233 157840 158448 1
20-07-2017-14:28:40:275 158448 159056 1
20-07-2017-14:28:40:303 159056 159664 1
20-07-2017-14:28:40:344 159664 160272 1
20-07-2017-14:28:40:374 160272 160880 1
20-07-2017-14:28:40:420 160880 161488 1
20-07-2017-14:28:40:459 161488 162096 1
20-07-2017-14:28:40:487 162096 162704 1
20-07-2017-14:28:40:529 162704 163312 1
20-07-2017-14:28:40:569 163312 163920 1
20-07-2017-14:28:40:614 163920 164528 1
20-07-2017-14:28:40:644 164528 165136 1
20-07-2017-14:28:40:684 165136 165744 1
20-07-2017-14:28:40:725 165744 166352 1
20-07-2017-14:28:40:753 166352 166960 1
20-07-2017-14:28:40:795 166960 167568 1
20-07-2017-14:28:40:840 167568 168176 1
20-07-2017-14:28:40:880 168176 168784 1
20-07-2017-14:28:40:910 168784 169392 1
20-07-2017-14:28:40:951 169392 170000 1
20-07-2017-14:28:40:992 170000 170608 1
20-07-2017-14:28:41:020 170608 171216 1
20-07-2017-14:28:41:060 171216 171824 1
20-07-2017-14:28:41:105 171824 172432 1
20-07-2017-14:28:41:147 172432 173040 1
20-07-2017-14:28:41:175 173040 173648 1
20-07-2017-14:28:41:217 173648 174256 1
20-07-2017-14:28:41:256 174256 174864 1
20-07-2017-14:28:41:286 174864 175472 1
20-07-2017-14:28:41:326 175472 176080 1
20-07-2017-14:28:41:371 176080 176688 1
20-07-2017-14:28:41:413 176688 177296 1
20-07-2017-14:28:41:442 177296 177904 1
20-07-2017-14:28:41:483 177904 178512 1
20-07-2017-14:28:41:523 178512 179120 1
20-07-2017-14:28:41:552 179120 179728 1
20-07-2017-14:28:41:593 179728 180336 1
20-07-2017-14:28:41:639 180336 180944 1
20-07-2017-14:28:41:680 180944 181552 1
20-07-2017-14:28:41:709 181552 182160 1
20-07-2017-14:28:41:749 182160 182768 1
20-07-2017-14:28:41:778 182768 183376 1
20-07-2017-14:28:41:818 183376 183984 1
20-07-2017-14:28:41:859 183984 184592 1
20-07-2017-14:28:41:900 184592 185200 1
20-07-2017-14:28:41:947 185200 185808 1
20-07-2017-14:28:41:975 185808 186416 1
20-07-2017-14:28:42:017 186416 187024 1
20-07-2017-14:28:42:045 187024 187632 1
20-07-2017-14:28:42:085 187632 188240 1
20-07-2017-14:28:42:125 188240 188848 1
20-07-2017-14:28:42:173 188848 189456 1
20-07-2017-14:28:42:212 189456 190064 1
20-07-2017-14:28:42:243 190064 190672 1
20-07-2017-14:28:42:282 190672 191280 1
20-07-2017-14:28:42:312 191280 191888 1
20-07-2017-14:28:42:352 191888 192496 1
20-07-2017-14:28:42:393 192496 193104 1
20-07-2017-14:28:42:440 193104 193712 1
20-07-2017-14:28:42:464 193712 194320 1
20-07-2017-14:28:42:510 194320 194928 1
20-07-2017-14:28:42:540 194928 195536 1
20-07-2017-14:28:42:580 195536 196144 1
20-07-2017-14:28:42:619 196144 196752 1
20-07-2017-14:28:42:660 196752 197360 1
20-07-2017-14:28:42:707 197360 197968 1
20-07-2017-14:28:42:735 197968 198576 1
20-07-2017-14:28:42:776 198576 199184 1
20-07-2017-14:28:42:806 199184 199792 1
20-07-2017-14:28:42:846 199792 200400 1
20-07-2017-14:28:42:887 200400 201008 1
20-07-2017-14:28:42:990 201008 201616 1
20-07-2017-14:28:42:992 201616 202224 1
20-07-2017-14:28:43:002 202224 202832 1
20-07-2017-14:28:43:044 202832 203440 1
20-07-2017-14:28:43:071 203440 204048 1
20-07-2017-14:28:43:111 204048 204656 1
20-07-2017-14:28:43:154 204656 205264 1
20-07-2017-14:28:43:199 205264 205872 1
20-07-2017-14:28:43:241 205872 206480 1
20-07-2017-14:28:43:269 206480 207088 1
20-07-2017-14:28:43:309 207088 207696 1
20-07-2017-14:28:43:342 207696 208304 1
20-07-2017-14:28:43:379 208304 208912 1
20-07-2017-14:28:43:419 208912 209520 1
20-07-2017-14:28:43:459 209520 210128 1
20-07-2017-14:28:43:499 210128 210736 1
20-07-2017-14:28:43:529 210736 211344 1
20-07-2017-14:28:43:569 211344 211952 1
20-07-2017-14:28:43:617 211952 212560 1
20-07-2017-14:28:43:644 212560 213168 1
20-07-2017-14:28:43:686 213168 213776 1
20-07-2017-14:28:43:727 213776 214384 1
20-07-2017-14:28:43:756 214384 214992 1
20-07-2017-14:28:43:796 214992 215600 1
20-07-2017-14:28:43:832 215600 216208 1
20-07-2017-14:28:43:873 216208 216816 1
20-07-2017-14:28:43:918 216816 217424 1
20-07-2017-14:28:43:947 217424 218032 1
20-07-2017-14:28:43:989 218032 218640 1
20-07-2017-14:28:44:031 218640 219248 1
20-07-2017-14:28:44:058 219248 219856 1
20-07-2017-14:28:44:100 219856 220464 1
20-07-2017-14:28:44:139 220464 221072 1
20-07-2017-14:28:44:187 221072 221680 1
20-07-2017-14:28:44:215 221680 222288 1
20-07-2017-14:28:44:257 222288 222896 1
20-07-2017-14:28:44:297 222896 223504 1
20-07-2017-14:28:44:325 223504 224112 1
20-07-2017-14:28:44:367 224112 224720 1
20-07-2017-14:28:44:406 224720 225328 1
20-07-2017-14:28:44:453 225328 225936 1
20-07-2017-14:28:44:483 225936 226544 1
20-07-2017-14:28:44:523 226544 227152 1
20-07-2017-14:28:44:552 227152 227760 1
20-07-2017-14:28:44:594 227760 228368 1
20-07-2017-14:28:44:635 228368 228976 1
20-07-2017-14:28:44:682 228976 229584 1
20-07-2017-14:28:44:704 229584 230192 1
20-07-2017-14:28:44:750 230192 230800 1
20-07-2017-14:28:44:791 230800 231408 1
20-07-2017-14:28:44:820 231408 232016 1
20-07-2017-14:28:44:862 232016 232624 1
20-07-2017-14:28:44:895 232624 233232 1
20-07-2017-14:28:44:935 233232 233840 1
20-07-2017-14:28:44:977 233840 234448 1
20-07-2017-14:28:45:024 234448 235056 1
20-07-2017-14:28:45:046 235056 235664 1
20-07-2017-14:28:45:094 235664 236272 1
20-07-2017-14:28:45:134 236272 236880 1
20-07-2017-14:28:45:162 236880 237488 1
20-07-2017-14:28:45:204 237488 238096 1
20-07-2017-14:28:45:245 238096 238704 1
20-07-2017-14:28:45:290 238704 239312 1
20-07-2017-14:28:45:320 239312 239920 1
20-07-2017-14:28:45:360 239920 240528 1
20-07-2017-14:28:45:390 240528 241136 1
20-07-2017-14:28:45:430 241136 241744 1
20-07-2017-14:28:45:470 241744 242352 1
20-07-2017-14:28:45:516 242352 242960 1
20-07-2017-14:28:45:557 242960 243568 1
20-07-2017-14:28:45:585 243568 244176 1
20-07-2017-14:28:45:627 244176 244784 1
20-07-2017-14:28:45:655 244784 245392 1
20-07-2017-14:28:45:696 245392 246000 1
20-07-2017-14:28:45:735 246000 246608 1
20-07-2017-14:28:45:781 246608 247216 1
20-07-2017-14:28:45:822 247216 247824 1
20-07-2017-14:28:45:851 247824 248432 1
20-07-2017-14:28:45:892 248432 249040 1
20-07-2017-14:28:45:923 249040 249648 1
20-07-2017-14:28:45:964 249648 250256 1
20-07-2017-14:28:46:004 250256 250864 1
20-07-2017-14:28:46:044 250864 251472 1
20-07-2017-14:28:46:174 251472 252080 1
20-07-2017-14:28:46:175 252080 252688 1
20-07-2017-14:28:46:175 252688 253296 1
20-07-2017-14:28:46:189 253296 253904 1
20-07-2017-14:28:46:231 253904 254512 1
20-07-2017-14:28:46:271 254512 255120 1
20-07-2017-14:28:46:311 255120 255728 1
20-07-2017-14:28:46:339 255728 256336 1
20-07-2017-14:28:46:379 256336 256944 1
20-07-2017-14:28:46:422 256944 257552 1
20-07-2017-14:28:46:468 257552 258160 1
20-07-2017-14:28:46:492 258160 258768 1
20-07-2017-14:28:46:539 258768 259376 1
20-07-2017-14:28:46:579 259376 259984 1
20-07-2017-14:28:46:608 259984 260592 1
20-07-2017-14:28:46:647 260592 261200 1
20-07-2017-14:28:46:688 261200 261808 1
20-07-2017-14:28:46:730 261808 262416 1
20-07-2017-14:28:46:758 262416 263024 1
20-07-2017-14:28:46:803 263024 263632 1
20-07-2017-14:28:46:846 263632 264240 1
20-07-2017-14:28:46:874 264240 264848 1
20-07-2017-14:28:46:914 264848 265456 1
20-07-2017-14:28:46:956 265456 266064 1
20-07-2017-14:28:46:988 266064 266672 1
20-07-2017-14:28:47:026 266672 267280 1
20-07-2017-14:28:47:065 267280 267888 1
20-07-2017-14:28:47:112 267888 268496 1
20-07-2017-14:28:47:140 268496 269104 1
20-07-2017-14:28:47:181 269104 269712 1
20-07-2017-14:28:47:222 269712 270320 1
20-07-2017-14:28:47:256 270320 270928 1
20-07-2017-14:28:47:293 270928 271536 1
20-07-2017-14:28:47:328 271536 272144 1
20-07-2017-14:28:47:368 272144 272752 1
20-07-2017-14:28:47:413 272752 273360 1
20-07-2017-14:28:47:444 273360 273968 1
20-07-2017-14:28:47:483 273968 274576 1
20-07-2017-14:28:47:524 274576 275184 1
20-07-2017-14:28:47:565 275184 275792 1
20-07-2017-14:28:47:595 275792 276400 1
20-07-2017-14:28:47:636 276400 277008 1
20-07-2017-14:28:47:682 277008 277616 1
20-07-2017-14:28:47:712 277616 278224 1
20-07-2017-14:28:47:752 278224 278832 1
20-07-2017-14:28:47:793 278832 279440 1
20-07-2017-14:28:47:822 279440 280048 1
20-07-2017-14:28:47:862 280048 280656 1
20-07-2017-14:28:47:911 280656 281264 1
20-07-2017-14:28:47:940 281264 281872 1
20-07-2017-14:28:47:981 281872 282480 1
20-07-2017-14:28:48:020 282480 283088 1
20-07-2017-14:28:48:051 283088 283696 1
20-07-2017-14:28:48:091 283696 284304 1
20-07-2017-14:28:48:137 284304 284912 1
20-07-2017-14:28:48:167 284912 285520 1
20-07-2017-14:28:48:206 285520 286128 1
20-07-2017-14:28:48:247 286128 286736 1
20-07-2017-14:28:48:276 286736 287344 1
20-07-2017-14:28:48:317 287344 287952 1
20-07-2017-14:28:48:363 287952 288560 1
20-07-2017-14:28:48:392 288560 289168 1
20-07-2017-14:28:48:434 289168 289776 1
20-07-2017-14:28:48:475 289776 290384 1
20-07-2017-14:28:48:514 290384 290992 1
20-07-2017-14:28:48:543 290992 291600 1
20-07-2017-14:28:48:585 291600 292208 1
20-07-2017-14:28:48:630 292208 292816 1
20-07-2017-14:28:48:660 292816 293424 1
20-07-2017-14:28:48:700 293424 294032 1
20-07-2017-14:28:48:742 294032 294640 1
20-07-2017-14:28:48:782 294640 295248 1
20-07-2017-14:28:48:809 295248 295856 1
20-07-2017-14:28:48:850 295856 296464 1
20-07-2017-14:28:48:896 296464 297072 1
20-07-2017-14:28:48:925 297072 297680 1
20-07-2017-14:28:48:967 297680 298288 1
20-07-2017-14:28:49:006 298288 298896 1
20-07-2017-14:28:49:047 298896 299504 1
20-07-2017-14:28:49:076 299504 300112 1
20-07-2017-14:28:49:124 300112 300720 1
20-07-2017-14:28:49:163 300720 301328 1
20-07-2017-14:28:49:193 301328 301936 1
20-07-2017-14:28:49:327 301936 302544 1
20-07-2017-14:28:49:328 302544 303152 1
20-07-2017-14:28:49:328 303152 303760 1
20-07-2017-14:28:49:348 303760 304368 1
20-07-2017-14:28:49:394 304368 304976 1
20-07-2017-14:28:49:422 304976 305584 1
