20-07-2017-14:21:08:147 0 704 1
20-07-2017-14:21:08:184 704 1408 1
20-07-2017-14:21:08:235 1408 2096 1
20-07-2017-14:21:08:272 2096 2784 1
20-07-2017-14:21:08:315 2784 3472 1
20-07-2017-14:21:08:366 3472 4128 1
20-07-2017-14:21:08:396 4128 4784 1
20-07-2017-14:21:08:434 4784 5440 1
20-07-2017-14:21:08:476 5440 6096 1
20-07-2017-14:21:08:521 6096 6752 1
20-07-2017-14:21:08:559 6752 7408 1
20-07-2017-14:21:08:600 7408 8064 1
20-07-2017-14:21:08:639 8064 8720 1
20-07-2017-14:21:08:680 8720 9376 1
20-07-2017-14:21:08:727 9376 10032 1
20-07-2017-14:21:08:767 10032 10688 1
20-07-2017-14:21:08:812 10688 11344 1
20-07-2017-14:21:08:854 11344 12000 1
20-07-2017-14:21:08:893 12000 12656 1
20-07-2017-14:21:08:935 12656 13312 1
20-07-2017-14:21:08:981 13312 13968 1
20-07-2017-14:21:09:021 13968 14624 1
20-07-2017-14:21:09:061 14624 15280 1
20-07-2017-14:21:09:100 15280 15936 1
20-07-2017-14:21:09:140 15936 16592 1
20-07-2017-14:21:09:181 16592 17248 1
20-07-2017-14:21:09:225 17248 17904 1
20-07-2017-14:21:09:264 17904 18560 1
20-07-2017-14:21:09:305 18560 19216 1
20-07-2017-14:21:09:345 19216 19872 1
20-07-2017-14:21:09:377 19872 20528 1
20-07-2017-14:21:09:430 20528 21184 1
20-07-2017-14:21:09:473 21184 21840 1
20-07-2017-14:21:09:508 21840 22496 1
20-07-2017-14:21:09:557 22496 23152 1
20-07-2017-14:21:09:596 23152 23808 1
20-07-2017-14:21:09:626 23808 24464 1
20-07-2017-14:21:09:668 24464 25120 1
20-07-2017-14:21:09:708 25120 25776 1
20-07-2017-14:21:09:748 25776 26432 1
20-07-2017-14:21:09:790 26432 27088 1
20-07-2017-14:21:09:837 27088 27744 1
20-07-2017-14:21:09:878 27744 28400 1
20-07-2017-14:21:09:917 28400 29056 1
20-07-2017-14:21:09:958 29056 29712 1
20-07-2017-14:21:09:998 29712 30368 1
20-07-2017-14:21:10:045 30368 31024 1
20-07-2017-14:21:10:088 31024 31680 1
20-07-2017-14:21:10:128 31680 32336 1
20-07-2017-14:21:10:170 32336 32992 1
20-07-2017-14:21:10:208 32992 33648 1
20-07-2017-14:21:10:250 33648 34304 1
20-07-2017-14:21:10:295 34304 34960 1
20-07-2017-14:21:10:335 34960 35616 1
20-07-2017-14:21:10:365 35616 36272 1
20-07-2017-14:21:10:412 36272 36928 1
20-07-2017-14:21:10:447 36928 37584 1
20-07-2017-14:21:10:493 37584 38240 1
20-07-2017-14:21:10:531 38240 38896 1
20-07-2017-14:21:10:581 38896 39552 1
20-07-2017-14:21:10:616 39552 40208 1
20-07-2017-14:21:10:662 40208 40864 1
20-07-2017-14:21:10:703 40864 41520 1
20-07-2017-14:21:10:731 41520 42176 1
20-07-2017-14:21:10:782 42176 42832 1
20-07-2017-14:21:10:822 42832 43488 1
20-07-2017-14:21:10:864 43488 44144 1
20-07-2017-14:21:10:909 44144 44800 1
20-07-2017-14:21:10:950 44800 45456 1
20-07-2017-14:21:10:979 45456 46112 1
20-07-2017-14:21:11:023 46112 46768 1
20-07-2017-14:21:11:065 46768 47424 1
20-07-2017-14:21:11:115 47424 48080 1
20-07-2017-14:21:11:150 48080 48736 1
20-07-2017-14:21:11:189 48736 49392 1
20-07-2017-14:21:11:446 49392 50048 1
20-07-2017-14:21:11:447 50048 50704 1
20-07-2017-14:21:11:447 50704 51360 1
20-07-2017-14:21:11:447 51360 52016 1
20-07-2017-14:21:11:447 52016 52672 1
20-07-2017-14:21:11:448 52672 53328 1
20-07-2017-14:21:11:479 53328 53984 1
20-07-2017-14:21:11:520 53984 54640 1
20-07-2017-14:21:11:575 54640 55296 1
20-07-2017-14:21:11:607 55296 55952 1
20-07-2017-14:21:11:634 55952 56608 1
20-07-2017-14:21:11:674 56608 57264 1
20-07-2017-14:21:11:714 57264 57920 1
20-07-2017-14:21:11:754 57920 58576 1
20-07-2017-14:21:11:806 58576 59216 1
20-07-2017-14:21:11:841 59216 59856 1
20-07-2017-14:21:11:882 59856 60496 1
20-07-2017-14:21:11:922 60496 61136 1
20-07-2017-14:21:11:963 61136 61776 1
20-07-2017-14:21:12:003 61776 62416 1
20-07-2017-14:21:12:048 62416 63056 1
20-07-2017-14:21:12:090 63056 63696 1
