20-07-2017-14:24:57:320 0 800 1
20-07-2017-14:24:57:372 800 1584 1
20-07-2017-14:24:57:423 1584 2368 1
20-07-2017-14:24:57:463 2368 3152 1
20-07-2017-14:24:57:515 3152 3792 1
20-07-2017-14:24:57:550 3792 4432 1
20-07-2017-14:24:57:594 4432 5072 1
20-07-2017-14:24:57:624 5072 5712 1
20-07-2017-14:24:57:664 5712 6352 1
20-07-2017-14:24:57:709 6352 6992 1
20-07-2017-14:24:57:752 6992 7632 1
20-07-2017-14:24:57:790 7632 8272 1
20-07-2017-14:24:57:837 8272 8912 1
20-07-2017-14:24:57:867 8912 9552 1
20-07-2017-14:24:57:911 9552 10192 1
20-07-2017-14:24:57:951 10192 10832 1
20-07-2017-14:24:57:992 10832 11472 1
20-07-2017-14:24:58:038 11472 12112 1
20-07-2017-14:24:58:078 12112 12752 1
20-07-2017-14:24:58:107 12752 13392 1
20-07-2017-14:24:58:148 13392 14032 1
20-07-2017-14:24:58:190 14032 14672 1
20-07-2017-14:24:58:237 14672 15312 1
20-07-2017-14:24:58:276 15312 15952 1
20-07-2017-14:24:58:306 15952 16592 1
20-07-2017-14:24:58:346 16592 17232 1
20-07-2017-14:24:58:387 17232 17872 1
20-07-2017-14:24:58:427 17872 18512 1
20-07-2017-14:24:58:472 18512 19152 1
20-07-2017-14:24:58:512 19152 19792 1
20-07-2017-14:24:58:557 19792 20432 1
20-07-2017-14:24:58:587 20432 21072 1
20-07-2017-14:24:58:626 21072 21712 1
20-07-2017-14:24:58:666 21712 22352 1
20-07-2017-14:24:58:708 22352 22992 1
20-07-2017-14:24:58:755 22992 23632 1
20-07-2017-14:24:58:784 23632 24272 1
20-07-2017-14:24:58:825 24272 24912 1
20-07-2017-14:24:58:864 24912 25552 1
20-07-2017-14:24:58:905 25552 26192 1
20-07-2017-14:24:58:952 26192 26832 1
20-07-2017-14:24:58:993 26832 27472 1
20-07-2017-14:24:59:033 27472 28112 1
20-07-2017-14:24:59:079 28112 28752 1
20-07-2017-14:24:59:120 28752 29392 1
20-07-2017-14:24:59:151 29392 30032 1
20-07-2017-14:24:59:189 30032 30672 1
20-07-2017-14:24:59:231 30672 31312 1
20-07-2017-14:24:59:270 31312 31952 1
20-07-2017-14:24:59:318 31952 32592 1
20-07-2017-14:24:59:347 32592 33232 1
20-07-2017-14:24:59:387 33232 33872 1
20-07-2017-14:24:59:428 33872 34512 1
20-07-2017-14:24:59:470 34512 35152 1
20-07-2017-14:24:59:517 35152 35792 1
20-07-2017-14:24:59:556 35792 36432 1
20-07-2017-14:24:59:587 36432 37072 1
20-07-2017-14:24:59:626 37072 37712 1
20-07-2017-14:24:59:667 37712 38352 1
20-07-2017-14:24:59:713 38352 38992 1
20-07-2017-14:24:59:753 38992 39632 1
20-07-2017-14:24:59:793 39632 40272 1
20-07-2017-14:24:59:837 40272 40912 1
20-07-2017-14:24:59:867 40912 41552 1
20-07-2017-14:24:59:908 41552 42192 1
20-07-2017-14:24:59:949 42192 42832 1
20-07-2017-14:24:59:996 42832 43472 1
20-07-2017-14:25:00:036 43472 44112 1
20-07-2017-14:25:00:064 44112 44752 1
20-07-2017-14:25:00:105 44752 45392 1
20-07-2017-14:25:00:146 45392 46032 1
20-07-2017-14:25:00:189 46032 46672 1
20-07-2017-14:25:00:237 46672 47312 1
20-07-2017-14:25:00:273 47312 47952 1
20-07-2017-14:25:00:313 47952 48592 1
20-07-2017-14:25:00:354 48592 49232 1
20-07-2017-14:25:00:383 49232 49872 1
20-07-2017-14:25:00:528 49872 50512 1
20-07-2017-14:25:00:529 50512 51152 1
20-07-2017-14:25:00:529 51152 51792 1
20-07-2017-14:25:00:552 51792 52432 1
20-07-2017-14:25:00:598 52432 53072 1
20-07-2017-14:25:00:639 53072 53712 1
20-07-2017-14:25:00:669 53712 54352 1
20-07-2017-14:25:00:709 54352 54992 1
20-07-2017-14:25:00:751 54992 55632 1
20-07-2017-14:25:00:795 55632 56272 1
20-07-2017-14:25:00:837 56272 56912 1
20-07-2017-14:25:00:865 56912 57552 1
20-07-2017-14:25:00:906 57552 58192 1
20-07-2017-14:25:00:948 58192 58832 1
20-07-2017-14:25:00:989 58832 59472 1
20-07-2017-14:25:01:035 59472 60112 1
20-07-2017-14:25:01:065 60112 60752 1
20-07-2017-14:25:01:104 60752 61392 1
20-07-2017-14:25:01:145 61392 62032 1
20-07-2017-14:25:01:186 62032 62672 1
20-07-2017-14:25:01:232 62672 63312 1
20-07-2017-14:25:01:274 63312 63952 1
20-07-2017-14:25:01:313 63952 64592 1
20-07-2017-14:25:01:354 64592 65232 1
20-07-2017-14:25:01:383 65232 65872 1
20-07-2017-14:25:01:429 65872 66512 1
20-07-2017-14:25:01:469 66512 67152 1
20-07-2017-14:25:01:510 67152 67792 1
20-07-2017-14:25:01:559 67792 68432 1
20-07-2017-14:25:01:586 68432 69072 1
20-07-2017-14:25:01:626 69072 69712 1
20-07-2017-14:25:01:666 69712 70352 1
20-07-2017-14:25:01:708 70352 70992 1
20-07-2017-14:25:01:754 70992 71632 1
20-07-2017-14:25:01:793 71632 72272 1
20-07-2017-14:25:01:823 72272 72912 1
20-07-2017-14:25:01:865 72912 73552 1
20-07-2017-14:25:01:911 73552 74192 1
20-07-2017-14:25:01:951 74192 74832 1
20-07-2017-14:25:01:990 74832 75472 1
20-07-2017-14:25:02:032 75472 76112 1
20-07-2017-14:25:02:078 76112 76752 1
20-07-2017-14:25:02:108 76752 77392 1
20-07-2017-14:25:02:149 77392 78032 1
20-07-2017-14:25:02:189 78032 78672 1
20-07-2017-14:25:02:231 78672 79312 1
20-07-2017-14:25:02:277 79312 79952 1
20-07-2017-14:25:02:306 79952 80592 1
20-07-2017-14:25:02:345 80592 81232 1
20-07-2017-14:25:02:387 81232 81872 1
20-07-2017-14:25:02:432 81872 82512 1
20-07-2017-14:25:02:474 82512 83152 1
20-07-2017-14:25:02:514 83152 83792 1
20-07-2017-14:25:02:547 83792 84432 1
20-07-2017-14:25:02:587 84432 85072 1
20-07-2017-14:25:02:629 85072 85712 1
20-07-2017-14:25:02:671 85712 86352 1
20-07-2017-14:25:02:711 86352 86992 1
20-07-2017-14:25:02:751 86992 87632 1
20-07-2017-14:25:02:798 87632 88272 1
20-07-2017-14:25:02:837 88272 88912 1
20-07-2017-14:25:02:878 88912 89552 1
20-07-2017-14:25:02:907 89552 90192 1
20-07-2017-14:25:02:948 90192 90832 1
20-07-2017-14:25:02:988 90832 91472 1
20-07-2017-14:25:03:033 91472 92112 1
20-07-2017-14:25:03:076 92112 92752 1
20-07-2017-14:25:03:105 92752 93392 1
20-07-2017-14:25:03:144 93392 94032 1
20-07-2017-14:25:03:185 94032 94672 1
20-07-2017-14:25:03:227 94672 95312 1
20-07-2017-14:25:03:273 95312 95952 1
20-07-2017-14:25:03:315 95952 96592 1
20-07-2017-14:25:03:352 96592 97232 1
20-07-2017-14:25:03:395 97232 97872 1
20-07-2017-14:25:03:422 97872 98512 1
20-07-2017-14:25:03:469 98512 99152 1
20-07-2017-14:25:03:509 99152 99792 1
20-07-2017-14:25:03:550 99792 100432 1
20-07-2017-14:25:03:649 100432 101072 1
20-07-2017-14:25:03:650 101072 101712 1
20-07-2017-14:25:03:666 101712 102352 1
20-07-2017-14:25:03:706 102352 102992 1
20-07-2017-14:25:03:745 102992 103632 1
20-07-2017-14:25:03:793 103632 104272 1
20-07-2017-14:25:03:833 104272 104912 1
20-07-2017-14:25:03:874 104912 105552 1
20-07-2017-14:25:03:902 105552 106192 1
20-07-2017-14:25:03:943 106192 106832 1
20-07-2017-14:25:03:990 106832 107472 1
20-07-2017-14:25:04:031 107472 108112 1
20-07-2017-14:25:04:071 108112 108752 1
20-07-2017-14:25:04:117 108752 109392 1
20-07-2017-14:25:04:158 109392 110032 1
20-07-2017-14:25:04:187 110032 110672 1
20-07-2017-14:25:04:228 110672 111312 1
20-07-2017-14:25:04:268 111312 111952 1
20-07-2017-14:25:04:314 111952 112592 1
20-07-2017-14:25:04:354 112592 113232 1
20-07-2017-14:25:04:395 113232 113872 1
20-07-2017-14:25:04:425 113872 114512 1
20-07-2017-14:25:04:464 114512 115152 1
20-07-2017-14:25:04:508 115152 115792 1
20-07-2017-14:25:04:552 115792 116432 1
20-07-2017-14:25:04:593 116432 117072 1
20-07-2017-14:25:04:633 117072 117712 1
20-07-2017-14:25:04:673 117712 118352 1
20-07-2017-14:25:04:720 118352 118992 1
20-07-2017-14:25:04:743 118992 119632 1
20-07-2017-14:25:04:790 119632 120272 1
20-07-2017-14:25:04:830 120272 120912 1
20-07-2017-14:25:04:872 120912 121552 1
20-07-2017-14:25:04:911 121552 122192 1
20-07-2017-14:25:04:958 122192 122832 1
20-07-2017-14:25:04:987 122832 123472 1
20-07-2017-14:25:05:027 123472 124112 1
20-07-2017-14:25:05:086 124112 124752 1
20-07-2017-14:25:05:109 124752 125392 1
20-07-2017-14:25:05:154 125392 126032 1
20-07-2017-14:25:05:194 126032 126672 1
20-07-2017-14:25:05:224 126672 127312 1
20-07-2017-14:25:05:267 127312 127952 1
20-07-2017-14:25:05:305 127952 128592 1
20-07-2017-14:25:05:351 128592 129232 1
20-07-2017-14:25:05:390 129232 129872 1
20-07-2017-14:25:05:431 129872 130512 1
20-07-2017-14:25:05:476 130512 131152 1
20-07-2017-14:25:05:505 131152 131792 1
20-07-2017-14:25:05:547 131792 132432 1
20-07-2017-14:25:05:586 132432 133072 1
20-07-2017-14:25:05:633 133072 133712 1
20-07-2017-14:25:05:673 133712 134352 1
20-07-2017-14:25:05:715 134352 134992 1
20-07-2017-14:25:05:743 134992 135632 1
20-07-2017-14:25:05:785 135632 136272 1
20-07-2017-14:25:05:829 136272 136912 1
20-07-2017-14:25:05:874 136912 137552 1
20-07-2017-14:25:05:914 137552 138192 1
20-07-2017-14:25:05:944 138192 138832 1
20-07-2017-14:25:05:985 138832 139472 1
20-07-2017-14:25:06:027 139472 140112 1
20-07-2017-14:25:06:073 140112 140752 1
20-07-2017-14:25:06:112 140752 141392 1
20-07-2017-14:25:06:154 141392 142032 1
20-07-2017-14:25:06:184 142032 142672 1
20-07-2017-14:25:06:223 142672 143312 1
20-07-2017-14:25:06:271 143312 143952 1
20-07-2017-14:25:06:311 143952 144592 1
20-07-2017-14:25:06:351 144592 145232 1
20-07-2017-14:25:06:392 145232 145872 1
20-07-2017-14:25:06:438 145872 146512 1
20-07-2017-14:25:06:469 146512 147152 1
20-07-2017-14:25:06:517 147152 147792 1
20-07-2017-14:25:06:548 147792 148432 1
20-07-2017-14:25:06:590 148432 149072 1
20-07-2017-14:25:06:636 149072 149712 1
20-07-2017-14:25:06:665 149712 150352 1
20-07-2017-14:25:06:705 150352 150992 1
20-07-2017-14:25:06:879 150992 151632 1
20-07-2017-14:25:06:881 151632 152272 1
20-07-2017-14:25:06:881 152272 152912 1
20-07-2017-14:25:06:881 152912 153552 1
20-07-2017-14:25:06:906 153552 154192 1
20-07-2017-14:25:06:950 154192 154832 1
20-07-2017-14:25:06:990 154832 155472 1
