20-07-2017-13:42:08:600 0 720 1
20-07-2017-13:42:08:636 720 1440 1
20-07-2017-13:42:08:688 1440 2096 1
20-07-2017-13:42:08:721 2096 2752 1
20-07-2017-13:42:08:760 2752 3408 1
20-07-2017-13:42:08:801 3408 4064 1
20-07-2017-13:42:08:846 4064 4720 1
20-07-2017-13:42:08:894 4720 5376 1
20-07-2017-13:42:08:933 5376 6032 1
20-07-2017-13:42:08:963 6032 6688 1
20-07-2017-13:42:09:003 6688 7344 1
20-07-2017-13:42:09:044 7344 8000 1
20-07-2017-13:42:09:092 8000 8656 1
20-07-2017-13:42:09:131 8656 9312 1
20-07-2017-13:42:09:173 9312 9968 1
20-07-2017-13:42:09:211 9968 10624 1
20-07-2017-13:42:09:260 10624 11280 1
20-07-2017-13:42:09:301 11280 11936 1
20-07-2017-13:42:09:341 11936 12592 1
20-07-2017-13:42:09:380 12592 13248 1
20-07-2017-13:42:09:427 13248 13904 1
20-07-2017-13:42:09:455 13904 14560 1
20-07-2017-13:42:09:496 14560 15216 1
20-07-2017-13:42:09:539 15216 15872 1
20-07-2017-13:42:09:577 15872 16528 1
20-07-2017-13:42:09:623 16528 17184 1
20-07-2017-13:42:09:663 17184 17840 1
20-07-2017-13:42:09:705 17840 18496 1
20-07-2017-13:42:09:745 18496 19152 1
20-07-2017-13:42:09:791 19152 19808 1
20-07-2017-13:42:09:835 19808 20464 1
20-07-2017-13:42:09:876 20464 21120 1
20-07-2017-13:42:09:906 21120 21776 1
20-07-2017-13:42:09:946 21776 22432 1
20-07-2017-13:42:09:987 22432 23088 1
20-07-2017-13:42:10:029 23088 23744 1
20-07-2017-13:42:10:076 23744 24400 1
20-07-2017-13:42:10:115 24400 25056 1
20-07-2017-13:42:10:155 25056 25712 1
20-07-2017-13:42:10:197 25712 26368 1
20-07-2017-13:42:10:243 26368 27024 1
20-07-2017-13:42:10:282 27024 27680 1
20-07-2017-13:42:10:323 27680 28336 1
20-07-2017-13:42:10:367 28336 28992 1
20-07-2017-13:42:10:408 28992 29648 1
20-07-2017-13:42:10:437 29648 30304 1
20-07-2017-13:42:10:490 30304 30960 1
20-07-2017-13:42:10:535 30960 31616 1
20-07-2017-13:42:10:564 31616 32272 1
20-07-2017-13:42:10:604 32272 32928 1
20-07-2017-13:42:10:646 32928 33584 1
20-07-2017-13:42:10:686 33584 34240 1
20-07-2017-13:42:10:732 34240 34896 1
20-07-2017-13:42:10:773 34896 35552 1
20-07-2017-13:42:10:812 35552 36208 1
20-07-2017-13:42:10:852 36208 36864 1
20-07-2017-13:42:10:899 36864 37520 1
20-07-2017-13:42:10:940 37520 38176 1
20-07-2017-13:42:10:980 38176 38832 1
20-07-2017-13:42:11:021 38832 39488 1
20-07-2017-13:42:11:066 39488 40144 1
20-07-2017-13:42:11:097 40144 40800 1
20-07-2017-13:42:11:136 40800 41456 1
20-07-2017-13:42:11:182 41456 42112 1
20-07-2017-13:42:11:223 42112 42768 1
20-07-2017-13:42:11:262 42768 43424 1
20-07-2017-13:42:11:304 43424 44080 1
20-07-2017-13:42:11:351 44080 44736 1
20-07-2017-13:42:11:391 44736 45392 1
20-07-2017-13:42:11:431 45392 46048 1
20-07-2017-13:42:11:479 46048 46704 1
20-07-2017-13:42:11:521 46704 47360 1
20-07-2017-13:42:11:547 47360 48016 1
20-07-2017-13:42:11:589 48016 48672 1
20-07-2017-13:42:11:630 48672 49328 1
20-07-2017-13:42:11:675 49328 49984 1
20-07-2017-13:42:11:846 49984 50640 1
20-07-2017-13:42:11:847 50640 51296 1
20-07-2017-13:42:11:847 51296 51952 1
20-07-2017-13:42:11:847 51952 52608 1
20-07-2017-13:42:11:885 52608 53264 1
20-07-2017-13:42:11:914 53264 53920 1
20-07-2017-13:42:11:954 53920 54576 1
20-07-2017-13:42:11:996 54576 55232 1
20-07-2017-13:42:12:041 55232 55888 1
20-07-2017-13:42:12:083 55888 56544 1
20-07-2017-13:42:12:123 56544 57200 1
20-07-2017-13:42:12:163 57200 57856 1
20-07-2017-13:42:12:210 57856 58512 1
20-07-2017-13:42:12:251 58512 59168 1
20-07-2017-13:42:12:290 59168 59824 1
20-07-2017-13:42:12:337 59824 60480 1
20-07-2017-13:42:12:376 60480 61136 1
20-07-2017-13:42:12:406 61136 61792 1
20-07-2017-13:42:12:447 61792 62448 1
20-07-2017-13:42:12:487 62448 63104 1
20-07-2017-13:42:12:533 63104 63760 1
20-07-2017-13:42:12:574 63760 64416 1
20-07-2017-13:42:12:614 64416 65072 1
20-07-2017-13:42:12:655 65072 65728 1
20-07-2017-13:42:12:701 65728 66384 1
20-07-2017-13:42:12:742 66384 67040 1
20-07-2017-13:42:12:783 67040 67696 1
20-07-2017-13:42:12:824 67696 68352 1
20-07-2017-13:42:12:870 68352 69008 1
20-07-2017-13:42:12:899 69008 69664 1
20-07-2017-13:42:12:939 69664 70320 1
20-07-2017-13:42:12:980 70320 70976 1
20-07-2017-13:42:13:026 70976 71632 1
20-07-2017-13:42:13:068 71632 72288 1
20-07-2017-13:42:13:107 72288 72944 1
20-07-2017-13:42:13:149 72944 73600 1
20-07-2017-13:42:13:195 73600 74256 1
20-07-2017-13:42:13:236 74256 74912 1
20-07-2017-13:42:13:276 74912 75568 1
20-07-2017-13:42:13:322 75568 76224 1
20-07-2017-13:42:13:364 76224 76880 1
20-07-2017-13:42:13:393 76880 77536 1
20-07-2017-13:42:13:433 77536 78192 1
20-07-2017-13:42:13:475 78192 78848 1
20-07-2017-13:42:13:514 78848 79504 1
20-07-2017-13:42:13:563 79504 80160 1
20-07-2017-13:42:13:600 80160 80816 1
20-07-2017-13:42:13:642 80816 81472 1
20-07-2017-13:42:13:682 81472 82128 1
20-07-2017-13:42:13:728 82128 82784 1
20-07-2017-13:42:13:770 82784 83440 1
20-07-2017-13:42:13:809 83440 84096 1
20-07-2017-13:42:13:855 84096 84752 1
20-07-2017-13:42:13:897 84752 85408 1
20-07-2017-13:42:13:924 85408 86064 1
20-07-2017-13:42:13:966 86064 86720 1
20-07-2017-13:42:14:007 86720 87376 1
20-07-2017-13:42:14:053 87376 88032 1
20-07-2017-13:42:14:092 88032 88688 1
20-07-2017-13:42:14:135 88688 89344 1
20-07-2017-13:42:14:176 89344 90000 1
20-07-2017-13:42:14:217 90000 90656 1
20-07-2017-13:42:14:263 90656 91312 1
20-07-2017-13:42:14:303 91312 91968 1
20-07-2017-13:42:14:343 91968 92624 1
20-07-2017-13:42:14:384 92624 93280 1
20-07-2017-13:42:14:430 93280 93936 1
20-07-2017-13:42:14:461 93936 94592 1
20-07-2017-13:42:14:500 94592 95248 1
20-07-2017-13:42:14:540 95248 95904 1
20-07-2017-13:42:14:582 95904 96560 1
20-07-2017-13:42:14:626 96560 97216 1
20-07-2017-13:42:14:668 97216 97872 1
20-07-2017-13:42:14:709 97872 98528 1
20-07-2017-13:42:14:755 98528 99184 1
20-07-2017-13:42:14:795 99184 99840 1
20-07-2017-13:42:14:824 99840 100496 1
20-07-2017-13:42:15:133 100496 101152 1
20-07-2017-13:42:15:136 101152 101808 1
20-07-2017-13:42:15:136 101808 102464 1
20-07-2017-13:42:15:137 102464 103120 1
20-07-2017-13:42:15:137 103120 103776 1
20-07-2017-13:42:15:137 103776 104432 1
20-07-2017-13:42:15:137 104432 105088 1
20-07-2017-13:42:15:161 105088 105744 1
20-07-2017-13:42:15:201 105744 106400 1
20-07-2017-13:42:15:242 106400 107056 1
20-07-2017-13:42:15:290 107056 107712 1
20-07-2017-13:42:15:331 107712 108368 1
20-07-2017-13:42:15:360 108368 109024 1
20-07-2017-13:42:15:400 109024 109680 1
20-07-2017-13:42:15:441 109680 110336 1
20-07-2017-13:42:15:480 110336 110992 1
20-07-2017-13:42:15:527 110992 111648 1
20-07-2017-13:42:15:567 111648 112304 1
20-07-2017-13:42:15:614 112304 112960 1
20-07-2017-13:42:15:653 112960 113616 1
20-07-2017-13:42:15:693 113616 114272 1
20-07-2017-13:42:15:741 114272 114928 1
20-07-2017-13:42:15:769 114928 115584 1
20-07-2017-13:42:15:811 115584 116240 1
20-07-2017-13:42:15:850 116240 116896 1
20-07-2017-13:42:15:891 116896 117552 1
20-07-2017-13:42:15:938 117552 118208 1
20-07-2017-13:42:15:978 118208 118864 1
20-07-2017-13:42:16:019 118864 119520 1
20-07-2017-13:42:16:064 119520 120176 1
20-07-2017-13:42:16:105 120176 120832 1
20-07-2017-13:42:16:146 120832 121488 1
20-07-2017-13:42:16:186 121488 122144 1
20-07-2017-13:42:16:231 122144 122800 1
20-07-2017-13:42:16:272 122800 123456 1
20-07-2017-13:42:16:302 123456 124112 1
20-07-2017-13:42:16:343 124112 124768 1
20-07-2017-13:42:16:382 124768 125424 1
20-07-2017-13:42:16:424 125424 126080 1
20-07-2017-13:42:16:470 126080 126736 1
20-07-2017-13:42:16:511 126736 127392 1
20-07-2017-13:42:16:550 127392 128048 1
20-07-2017-13:42:16:598 128048 128704 1
20-07-2017-13:42:16:639 128704 129360 1
20-07-2017-13:42:16:679 129360 130016 1
20-07-2017-13:42:16:724 130016 130672 1
20-07-2017-13:42:16:766 130672 131328 1
20-07-2017-13:42:16:794 131328 131984 1
20-07-2017-13:42:16:835 131984 132640 1
20-07-2017-13:42:16:877 132640 133296 1
20-07-2017-13:42:16:921 133296 133952 1
20-07-2017-13:42:16:961 133952 134608 1
20-07-2017-13:42:17:003 134608 135264 1
20-07-2017-13:42:17:043 135264 135920 1
20-07-2017-13:42:17:091 135920 136576 1
20-07-2017-13:42:17:132 136576 137232 1
20-07-2017-13:42:17:172 137232 137888 1
20-07-2017-13:42:17:212 137888 138544 1
20-07-2017-13:42:17:260 138544 139200 1
20-07-2017-13:42:17:300 139200 139856 1
20-07-2017-13:42:17:329 139856 140512 1
20-07-2017-13:42:17:369 140512 141168 1
20-07-2017-13:42:17:410 141168 141824 1
20-07-2017-13:42:17:451 141824 142480 1
20-07-2017-13:42:17:497 142480 143136 1
20-07-2017-13:42:17:538 143136 143792 1
20-07-2017-13:42:17:578 143792 144448 1
20-07-2017-13:42:17:624 144448 145104 1
20-07-2017-13:42:17:666 145104 145760 1
20-07-2017-13:42:17:703 145760 146416 1
20-07-2017-13:42:17:745 146416 147072 1
20-07-2017-13:42:17:792 147072 147728 1
20-07-2017-13:42:17:820 147728 148384 1
20-07-2017-13:42:17:862 148384 149040 1
20-07-2017-13:42:17:901 149040 149696 1
20-07-2017-13:42:17:943 149696 150352 1
20-07-2017-13:42:17:990 150352 151008 1
