20-07-2017-14:30:52:580 0 768 1
20-07-2017-14:30:52:632 768 1424 1
20-07-2017-14:30:52:660 1424 2080 1
20-07-2017-14:30:52:697 2080 2736 1
20-07-2017-14:30:52:739 2736 3392 1
20-07-2017-14:30:52:784 3392 4048 1
20-07-2017-14:30:52:825 4048 4704 1
20-07-2017-14:30:52:863 4704 5360 1
20-07-2017-14:30:52:912 5360 6016 1
20-07-2017-14:30:52:951 6016 6672 1
20-07-2017-14:30:52:981 6672 7328 1
20-07-2017-14:30:53:021 7328 7984 1
20-07-2017-14:30:53:063 7984 8640 1
20-07-2017-14:30:53:110 8640 9296 1
20-07-2017-14:30:53:149 9296 9952 1
20-07-2017-14:30:53:193 9952 10608 1
20-07-2017-14:30:53:231 10608 11264 1
20-07-2017-14:30:53:271 11264 11920 1
20-07-2017-14:30:53:318 11920 12576 1
20-07-2017-14:30:53:357 12576 13232 1
20-07-2017-14:30:53:398 13232 13888 1
20-07-2017-14:30:53:439 13888 14544 1
20-07-2017-14:30:53:486 14544 15200 1
20-07-2017-14:30:53:515 15200 15856 1
20-07-2017-14:30:53:557 15856 16512 1
20-07-2017-14:30:53:595 16512 17168 1
20-07-2017-14:30:53:636 17168 17824 1
20-07-2017-14:30:53:685 17824 18480 1
20-07-2017-14:30:53:725 18480 19136 1
20-07-2017-14:30:53:765 19136 19792 1
20-07-2017-14:30:53:809 19792 20448 1
20-07-2017-14:30:53:849 20448 21104 1
20-07-2017-14:30:53:894 21104 21760 1
20-07-2017-14:30:53:923 21760 22416 1
20-07-2017-14:30:53:963 22416 23072 1
20-07-2017-14:30:54:005 23072 23728 1
20-07-2017-14:30:54:045 23728 24384 1
20-07-2017-14:30:54:092 24384 25040 1
20-07-2017-14:30:54:132 25040 25696 1
20-07-2017-14:30:54:173 25696 26352 1
20-07-2017-14:30:54:215 26352 27008 1
20-07-2017-14:30:54:265 27008 27664 1
20-07-2017-14:30:54:304 27664 28320 1
20-07-2017-14:30:54:342 28320 28976 1
20-07-2017-14:30:54:382 28976 29632 1
20-07-2017-14:30:54:430 29632 30288 1
20-07-2017-14:30:54:459 30288 30944 1
20-07-2017-14:30:54:498 30944 31600 1
20-07-2017-14:30:54:540 31600 32256 1
20-07-2017-14:30:54:580 32256 32912 1
20-07-2017-14:30:54:626 32912 33568 1
20-07-2017-14:30:54:666 33568 34224 1
20-07-2017-14:30:54:707 34224 34880 1
20-07-2017-14:30:54:746 34880 35536 1
20-07-2017-14:30:54:793 35536 36192 1
20-07-2017-14:30:54:833 36192 36848 1
20-07-2017-14:30:54:875 36848 37504 1
20-07-2017-14:30:54:922 37504 38160 1
20-07-2017-14:30:54:963 38160 38816 1
20-07-2017-14:30:54:990 38816 39472 1
20-07-2017-14:30:55:032 39472 40128 1
20-07-2017-14:30:55:073 40128 40784 1
20-07-2017-14:30:55:119 40784 41440 1
20-07-2017-14:30:55:158 41440 42096 1
20-07-2017-14:30:55:204 42096 42752 1
20-07-2017-14:30:55:246 42752 43408 1
20-07-2017-14:30:55:287 43408 44064 1
20-07-2017-14:30:55:326 44064 44720 1
20-07-2017-14:30:55:374 44720 45376 1
20-07-2017-14:30:55:401 45376 46032 1
20-07-2017-14:30:55:444 46032 46688 1
20-07-2017-14:30:55:484 46688 47344 1
20-07-2017-14:30:55:525 47344 48000 1
20-07-2017-14:30:55:571 48000 48656 1
20-07-2017-14:30:55:611 48656 49312 1
20-07-2017-14:30:55:650 49312 49968 1
20-07-2017-14:30:55:758 49968 50624 1
20-07-2017-14:30:55:759 50624 51280 1
20-07-2017-14:30:55:777 51280 51936 1
20-07-2017-14:30:55:818 51936 52592 1
20-07-2017-14:30:55:870 52592 53248 1
20-07-2017-14:30:55:906 53248 53904 1
20-07-2017-14:30:55:936 53904 54560 1
20-07-2017-14:30:55:974 54560 55216 1
20-07-2017-14:30:56:016 55216 55872 1
20-07-2017-14:30:56:056 55872 56528 1
20-07-2017-14:30:56:102 56528 57184 1
20-07-2017-14:30:56:142 57184 57840 1
20-07-2017-14:30:56:182 57840 58496 1
20-07-2017-14:30:56:229 58496 59152 1
20-07-2017-14:30:56:269 59152 59808 1
20-07-2017-14:30:56:311 59808 60464 1
20-07-2017-14:30:56:352 60464 61120 1
20-07-2017-14:30:56:397 61120 61776 1
20-07-2017-14:30:56:439 61776 62432 1
20-07-2017-14:30:56:467 62432 63088 1
20-07-2017-14:30:56:507 63088 63744 1
20-07-2017-14:30:56:547 63744 64400 1
20-07-2017-14:30:56:589 64400 65056 1
20-07-2017-14:30:56:629 65056 65712 1
20-07-2017-14:30:56:675 65712 66368 1
20-07-2017-14:30:56:717 66368 67024 1
20-07-2017-14:30:56:758 67024 67680 1
20-07-2017-14:30:56:803 67680 68336 1
20-07-2017-14:30:56:844 68336 68992 1
20-07-2017-14:30:56:883 68992 69648 1
20-07-2017-14:30:56:925 69648 70304 1
20-07-2017-14:30:56:971 70304 70960 1
20-07-2017-14:30:57:000 70960 71616 1
20-07-2017-14:30:57:042 71616 72272 1
20-07-2017-14:30:57:082 72272 72928 1
20-07-2017-14:30:57:122 72928 73584 1
20-07-2017-14:30:57:168 73584 74240 1
20-07-2017-14:30:57:210 74240 74896 1
20-07-2017-14:30:57:250 74896 75552 1
20-07-2017-14:30:57:297 75552 76208 1
20-07-2017-14:30:57:335 76208 76864 1
20-07-2017-14:30:57:375 76864 77520 1
20-07-2017-14:30:57:423 77520 78176 1
20-07-2017-14:30:57:463 78176 78832 1
20-07-2017-14:30:57:492 78832 79488 1
20-07-2017-14:30:57:533 79488 80144 1
20-07-2017-14:30:57:572 80144 80800 1
20-07-2017-14:30:57:620 80800 81456 1
20-07-2017-14:30:57:660 81456 82112 1
20-07-2017-14:30:57:701 82112 82768 1
20-07-2017-14:30:57:742 82768 83424 1
20-07-2017-14:30:57:786 83424 84080 1
20-07-2017-14:30:57:827 84080 84736 1
20-07-2017-14:30:57:867 84736 85392 1
20-07-2017-14:30:57:914 85392 86048 1
20-07-2017-14:30:57:955 86048 86704 1
20-07-2017-14:30:57:984 86704 87360 1
20-07-2017-14:30:58:026 87360 88016 1
20-07-2017-14:30:58:067 88016 88672 1
20-07-2017-14:30:58:107 88672 89328 1
20-07-2017-14:30:58:152 89328 89984 1
20-07-2017-14:30:58:194 89984 90640 1
20-07-2017-14:30:58:234 90640 91296 1
20-07-2017-14:30:58:280 91296 91952 1
20-07-2017-14:30:58:321 91952 92608 1
20-07-2017-14:30:58:359 92608 93264 1
20-07-2017-14:30:58:402 93264 93920 1
20-07-2017-14:30:58:448 93920 94576 1
20-07-2017-14:30:58:477 94576 95232 1
20-07-2017-14:30:58:517 95232 95888 1
20-07-2017-14:30:58:557 95888 96544 1
20-07-2017-14:30:58:605 96544 97200 1
20-07-2017-14:30:58:644 97200 97856 1
20-07-2017-14:30:58:686 97856 98512 1
20-07-2017-14:30:58:725 98512 99168 1
20-07-2017-14:30:58:771 99168 99824 1
20-07-2017-14:30:58:811 99824 100480 1
20-07-2017-14:30:58:932 100480 101136 1
20-07-2017-14:30:58:934 101136 101792 1
20-07-2017-14:30:58:939 101792 102448 1
20-07-2017-14:30:58:967 102448 103104 1
20-07-2017-14:30:59:007 103104 103760 1
20-07-2017-14:30:59:048 103760 104416 1
20-07-2017-14:30:59:088 104416 105072 1
20-07-2017-14:30:59:135 105072 105728 1
20-07-2017-14:30:59:177 105728 106384 1
20-07-2017-14:30:59:218 106384 107040 1
20-07-2017-14:30:59:262 107040 107696 1
20-07-2017-14:30:59:303 107696 108352 1
20-07-2017-14:30:59:344 108352 109008 1
20-07-2017-14:30:59:385 109008 109664 1
20-07-2017-14:30:59:430 109664 110320 1
20-07-2017-14:30:59:458 110320 110976 1
20-07-2017-14:30:59:500 110976 111632 1
20-07-2017-14:30:59:541 111632 112288 1
20-07-2017-14:30:59:581 112288 112944 1
20-07-2017-14:30:59:625 112944 113600 1
20-07-2017-14:30:59:665 113600 114256 1
20-07-2017-14:30:59:711 114256 114912 1
20-07-2017-14:30:59:752 114912 115568 1
20-07-2017-14:30:59:793 115568 116224 1
20-07-2017-14:30:59:840 116224 116880 1
20-07-2017-14:30:59:880 116880 117536 1
20-07-2017-14:30:59:909 117536 118192 1
20-07-2017-14:30:59:950 118192 118848 1
20-07-2017-14:30:59:993 118848 119504 1
20-07-2017-14:31:00:037 119504 120160 1
20-07-2017-14:31:00:079 120160 120816 1
20-07-2017-14:31:00:120 120816 121472 1
20-07-2017-14:31:00:159 121472 122128 1
20-07-2017-14:31:00:206 122128 122784 1
20-07-2017-14:31:00:248 122784 123440 1
20-07-2017-14:31:00:288 123440 124096 1
20-07-2017-14:31:00:336 124096 124752 1
20-07-2017-14:31:00:375 124752 125408 1
20-07-2017-14:31:00:404 125408 126064 1
20-07-2017-14:31:00:446 126064 126720 1
20-07-2017-14:31:00:485 126720 127376 1
20-07-2017-14:31:00:527 127376 128032 1
20-07-2017-14:31:00:574 128032 128688 1
20-07-2017-14:31:00:614 128688 129344 1
20-07-2017-14:31:00:655 129344 130000 1
20-07-2017-14:31:00:701 130000 130656 1
20-07-2017-14:31:00:742 130656 131312 1
20-07-2017-14:31:00:771 131312 131968 1
20-07-2017-14:31:00:811 131968 132624 1
20-07-2017-14:31:00:853 132624 133280 1
20-07-2017-14:31:00:892 133280 133936 1
20-07-2017-14:31:00:938 133936 134592 1
20-07-2017-14:31:00:978 134592 135248 1
20-07-2017-14:31:01:020 135248 135904 1
20-07-2017-14:31:01:060 135904 136560 1
20-07-2017-14:31:01:101 136560 137216 1
20-07-2017-14:31:01:148 137216 137872 1
20-07-2017-14:31:01:188 137872 138528 1
20-07-2017-14:31:01:230 138528 139184 1
20-07-2017-14:31:01:270 139184 139840 1
20-07-2017-14:31:01:316 139840 140496 1
20-07-2017-14:31:01:345 140496 141152 1
20-07-2017-14:31:01:385 141152 141808 1
20-07-2017-14:31:01:425 141808 142464 1
