20-07-2017-12:10:32:564 0 656 1
20-07-2017-12:10:32:592 656 1312 1
20-07-2017-12:10:32:636 1312 1968 1
20-07-2017-12:10:32:675 1968 2624 1
20-07-2017-12:10:32:723 2624 3280 1
20-07-2017-12:10:32:762 3280 3936 1
20-07-2017-12:10:32:803 3936 4592 1
20-07-2017-12:10:32:837 4592 5248 1
20-07-2017-12:10:32:877 5248 5904 1
20-07-2017-12:10:32:919 5904 6560 1
20-07-2017-12:10:32:958 6560 7216 1
20-07-2017-12:10:33:005 7216 7872 1
20-07-2017-12:10:33:047 7872 8528 1
20-07-2017-12:10:33:088 8528 9184 1
20-07-2017-12:10:33:128 9184 9840 1
20-07-2017-12:10:33:169 9840 10496 1
20-07-2017-12:10:33:217 10496 11152 1
20-07-2017-12:10:33:256 11152 11808 1
20-07-2017-12:10:33:300 11808 12464 1
20-07-2017-12:10:33:339 12464 13120 1
20-07-2017-12:10:33:379 13120 13776 1
20-07-2017-12:10:33:431 13776 14432 1
20-07-2017-12:10:33:456 14432 15088 1
20-07-2017-12:10:33:500 15088 15744 1
20-07-2017-12:10:33:537 15744 16400 1
20-07-2017-12:10:33:580 16400 17056 1
20-07-2017-12:10:33:623 17056 17712 1
20-07-2017-12:10:33:662 17712 18368 1
20-07-2017-12:10:33:703 18368 19024 1
20-07-2017-12:10:33:745 19024 19680 1
20-07-2017-12:10:33:784 19680 20336 1
20-07-2017-12:10:33:826 20336 20992 1
20-07-2017-12:10:33:867 20992 21648 1
20-07-2017-12:10:33:909 21648 22304 1
20-07-2017-12:10:33:949 22304 22960 1
20-07-2017-12:10:33:994 22960 23616 1
20-07-2017-12:10:34:034 23616 24272 1
20-07-2017-12:10:34:076 24272 24928 1
20-07-2017-12:10:34:116 24928 25584 1
20-07-2017-12:10:34:163 25584 26240 1
20-07-2017-12:10:34:192 26240 26896 1
20-07-2017-12:10:34:233 26896 27552 1
20-07-2017-12:10:34:273 27552 28208 1
20-07-2017-12:10:34:315 28208 28864 1
20-07-2017-12:10:34:360 28864 29520 1
20-07-2017-12:10:34:402 29520 30176 1
20-07-2017-12:10:34:441 30176 30832 1
20-07-2017-12:10:34:483 30832 31488 1
20-07-2017-12:10:34:529 31488 32144 1
20-07-2017-12:10:34:569 32144 32800 1
20-07-2017-12:10:34:610 32800 33456 1
20-07-2017-12:10:34:656 33456 34112 1
20-07-2017-12:10:34:686 34112 34768 1
20-07-2017-12:10:34:726 34768 35424 1
20-07-2017-12:10:34:766 35424 36080 1
20-07-2017-12:10:34:807 36080 36736 1
20-07-2017-12:10:34:853 36736 37392 1
20-07-2017-12:10:34:894 37392 38048 1
20-07-2017-12:10:34:935 38048 38704 1
20-07-2017-12:10:34:981 38704 39360 1
20-07-2017-12:10:35:010 39360 40016 1
20-07-2017-12:10:35:050 40016 40672 1
20-07-2017-12:10:35:091 40672 41328 1
20-07-2017-12:10:35:136 41328 41984 1
20-07-2017-12:10:35:177 41984 42640 1
20-07-2017-12:10:35:217 42640 43296 1
20-07-2017-12:10:35:260 43296 43952 1
20-07-2017-12:10:35:304 43952 44608 1
20-07-2017-12:10:35:346 44608 45264 1
20-07-2017-12:10:35:385 45264 45920 1
20-07-2017-12:10:35:433 45920 46576 1
20-07-2017-12:10:35:473 46576 47232 1
20-07-2017-12:10:35:502 47232 47888 1
20-07-2017-12:10:35:541 47888 48544 1
20-07-2017-12:10:35:583 48544 49200 1
20-07-2017-12:10:35:629 49200 49856 1
20-07-2017-12:10:35:893 49856 50512 1
20-07-2017-12:10:35:894 50512 51168 1
20-07-2017-12:10:35:894 51168 51824 1
20-07-2017-12:10:35:894 51824 52480 1
20-07-2017-12:10:35:895 52480 53136 1
20-07-2017-12:10:35:895 53136 53792 1
20-07-2017-12:10:35:921 53792 54448 1
20-07-2017-12:10:35:968 54448 55104 1
20-07-2017-12:10:35:996 55104 55760 1
20-07-2017-12:10:36:037 55760 56416 1
20-07-2017-12:10:36:076 56416 57072 1
20-07-2017-12:10:36:117 57072 57728 1
20-07-2017-12:10:36:164 57728 58384 1
20-07-2017-12:10:36:204 58384 59040 1
20-07-2017-12:10:36:245 59040 59696 1
20-07-2017-12:10:36:287 59696 60352 1
20-07-2017-12:10:36:333 60352 61008 1
20-07-2017-12:10:36:364 61008 61664 1
20-07-2017-12:10:36:403 61664 62320 1
20-07-2017-12:10:36:443 62320 62976 1
20-07-2017-12:10:36:495 62976 63616 1
20-07-2017-12:10:36:530 63616 64256 1
20-07-2017-12:10:36:568 64256 64896 1
20-07-2017-12:10:36:616 64896 65536 1
20-07-2017-12:10:36:655 65536 66176 1
20-07-2017-12:10:36:685 66176 66816 1
20-07-2017-12:10:36:725 66816 67456 1
20-07-2017-12:10:36:766 67456 68096 1
20-07-2017-12:10:36:812 68096 68736 1
20-07-2017-12:10:36:852 68736 69376 1
20-07-2017-12:10:36:893 69376 70016 1
20-07-2017-12:10:36:933 70016 70656 1
20-07-2017-12:10:36:981 70656 71296 1
20-07-2017-12:10:37:004 71296 71936 1
20-07-2017-12:10:37:050 71936 72576 1
20-07-2017-12:10:37:090 72576 73216 1
20-07-2017-12:10:37:132 73216 73856 1
20-07-2017-12:10:37:177 73856 74496 1
20-07-2017-12:10:37:218 74496 75136 1
20-07-2017-12:10:37:247 75136 75776 1
20-07-2017-12:10:37:288 75776 76416 1
20-07-2017-12:10:37:327 76416 77056 1
20-07-2017-12:10:37:367 77056 77696 1
20-07-2017-12:10:37:414 77696 78336 1
20-07-2017-12:10:37:455 78336 78976 1
20-07-2017-12:10:37:484 78976 79616 1
20-07-2017-12:10:37:529 79616 80256 1
20-07-2017-12:10:37:568 80256 80896 1
20-07-2017-12:10:37:608 80896 81536 1
20-07-2017-12:10:37:650 81536 82176 1
20-07-2017-12:10:37:697 82176 82816 1
20-07-2017-12:10:37:725 82816 83456 1
20-07-2017-12:10:37:764 83456 84096 1
20-07-2017-12:10:37:804 84096 84736 1
20-07-2017-12:10:37:847 84736 85376 1
20-07-2017-12:10:37:897 85376 86016 1
20-07-2017-12:10:37:932 86016 86656 1
20-07-2017-12:10:37:974 86656 87296 1
20-07-2017-12:10:38:020 87296 87936 1
20-07-2017-12:10:38:049 87936 88576 1
20-07-2017-12:10:38:086 88576 89216 1
20-07-2017-12:10:38:128 89216 89856 1
20-07-2017-12:10:38:175 89856 90496 1
20-07-2017-12:10:38:214 90496 91136 1
20-07-2017-12:10:38:245 91136 91776 1
20-07-2017-12:10:38:285 91776 92416 1
20-07-2017-12:10:38:325 92416 93056 1
20-07-2017-12:10:38:370 93056 93696 1
20-07-2017-12:10:38:411 93696 94336 1
20-07-2017-12:10:38:452 94336 94976 1
20-07-2017-12:10:38:494 94976 95616 1
20-07-2017-12:10:38:539 95616 96256 1
20-07-2017-12:10:38:568 96256 96896 1
20-07-2017-12:10:38:610 96896 97536 1
20-07-2017-12:10:38:650 97536 98176 1
20-07-2017-12:10:38:696 98176 98816 1
20-07-2017-12:10:38:726 98816 99456 1
20-07-2017-12:10:38:767 99456 100096 1
20-07-2017-12:10:39:033 100096 100736 1
20-07-2017-12:10:39:035 100736 101376 1
20-07-2017-12:10:39:035 101376 102016 1
20-07-2017-12:10:39:035 102016 102656 1
20-07-2017-12:10:39:037 102656 103296 1
20-07-2017-12:10:39:037 103296 103936 1
20-07-2017-12:10:39:051 103936 104576 1
20-07-2017-12:10:39:091 104576 105216 1
20-07-2017-12:10:39:133 105216 105856 1
20-07-2017-12:10:39:174 105856 106496 1
20-07-2017-12:10:39:220 106496 107136 1
20-07-2017-12:10:39:248 107136 107776 1
20-07-2017-12:10:39:289 107776 108416 1
20-07-2017-12:10:39:330 108416 109056 1
20-07-2017-12:10:39:376 109056 109696 1
20-07-2017-12:10:39:417 109696 110336 1
20-07-2017-12:10:39:446 110336 110976 1
20-07-2017-12:10:39:486 110976 111616 1
20-07-2017-12:10:39:527 111616 112256 1
20-07-2017-12:10:39:570 112256 112896 1
20-07-2017-12:10:39:617 112896 113536 1
20-07-2017-12:10:39:657 113536 114176 1
20-07-2017-12:10:39:686 114176 114816 1
20-07-2017-12:10:39:726 114816 115456 1
20-07-2017-12:10:39:767 115456 116096 1
20-07-2017-12:10:39:815 116096 116736 1
20-07-2017-12:10:39:855 116736 117376 1
20-07-2017-12:10:39:885 117376 118016 1
20-07-2017-12:10:39:924 118016 118656 1
20-07-2017-12:10:39:965 118656 119296 1
20-07-2017-12:10:40:009 119296 119936 1
20-07-2017-12:10:40:053 119936 120576 1
20-07-2017-12:10:40:093 120576 121216 1
20-07-2017-12:10:40:133 121216 121856 1
20-07-2017-12:10:40:181 121856 122496 1
20-07-2017-12:10:40:203 122496 123136 1
20-07-2017-12:10:40:251 123136 123776 1
20-07-2017-12:10:40:291 123776 124416 1
20-07-2017-12:10:40:333 124416 125056 1
20-07-2017-12:10:40:377 125056 125696 1
20-07-2017-12:10:40:418 125696 126336 1
20-07-2017-12:10:40:447 126336 126976 1
20-07-2017-12:10:40:488 126976 127616 1
20-07-2017-12:10:40:528 127616 128256 1
20-07-2017-12:10:40:574 128256 128896 1
20-07-2017-12:10:40:614 128896 129536 1
20-07-2017-12:10:40:645 129536 130176 1
20-07-2017-12:10:40:686 130176 130816 1
20-07-2017-12:10:40:725 130816 131456 1
20-07-2017-12:10:40:771 131456 132096 1
20-07-2017-12:10:40:811 132096 132736 1
20-07-2017-12:10:40:852 132736 133376 1
20-07-2017-12:10:40:899 133376 134016 1
20-07-2017-12:10:40:939 134016 134656 1
20-07-2017-12:10:40:969 134656 135296 1
20-07-2017-12:10:41:009 135296 135936 1
20-07-2017-12:10:41:050 135936 136576 1
20-07-2017-12:10:41:091 136576 137216 1
20-07-2017-12:10:41:137 137216 137856 1
20-07-2017-12:10:41:179 137856 138496 1
20-07-2017-12:10:41:220 138496 139136 1
20-07-2017-12:10:41:248 139136 139776 1
20-07-2017-12:10:41:288 139776 140416 1
20-07-2017-12:10:41:330 140416 141056 1
20-07-2017-12:10:41:375 141056 141696 1
20-07-2017-12:10:41:417 141696 142336 1
20-07-2017-12:10:41:446 142336 142976 1
20-07-2017-12:10:41:486 142976 143616 1
20-07-2017-12:10:41:527 143616 144256 1
20-07-2017-12:10:41:568 144256 144896 1
20-07-2017-12:10:41:614 144896 145536 1
20-07-2017-12:10:41:644 145536 146176 1
20-07-2017-12:10:41:685 146176 146816 1
20-07-2017-12:10:41:724 146816 147456 1
20-07-2017-12:10:41:766 147456 148096 1
20-07-2017-12:10:41:811 148096 148736 1
20-07-2017-12:10:41:852 148736 149376 1
20-07-2017-12:10:41:892 149376 150016 1
20-07-2017-12:10:41:933 150016 150656 1
20-07-2017-12:10:42:207 150656 151296 1
20-07-2017-12:10:42:209 151296 151936 1
20-07-2017-12:10:42:209 151936 152576 1
20-07-2017-12:10:42:209 152576 153216 1
20-07-2017-12:10:42:209 153216 153856 1
20-07-2017-12:10:42:209 153856 154496 1
20-07-2017-12:10:42:211 154496 155136 1
20-07-2017-12:10:42:246 155136 155776 1
20-07-2017-12:10:42:288 155776 156416 1
20-07-2017-12:10:42:329 156416 157056 1
20-07-2017-12:10:42:375 157056 157696 1
20-07-2017-12:10:42:404 157696 158336 1
20-07-2017-12:10:42:445 158336 158976 1
20-07-2017-12:10:42:485 158976 159616 1
20-07-2017-12:10:42:526 159616 160256 1
20-07-2017-12:10:42:571 160256 160896 1
20-07-2017-12:10:42:618 160896 161536 1
20-07-2017-12:10:42:647 161536 162176 1
20-07-2017-12:10:42:688 162176 162816 1
20-07-2017-12:10:42:727 162816 163456 1
20-07-2017-12:10:42:774 163456 164096 1
20-07-2017-12:10:42:814 164096 164736 1
20-07-2017-12:10:42:855 164736 165376 1
20-07-2017-12:10:42:883 165376 166016 1
20-07-2017-12:10:42:930 166016 166656 1
20-07-2017-12:10:42:970 166656 167296 1
20-07-2017-12:10:43:011 167296 167936 1
20-07-2017-12:10:43:053 167936 168576 1
20-07-2017-12:10:43:099 168576 169216 1
20-07-2017-12:10:43:126 169216 169856 1
20-07-2017-12:10:43:168 169856 170496 1
20-07-2017-12:10:43:208 170496 171136 1
20-07-2017-12:10:43:248 171136 171776 1
20-07-2017-12:10:43:295 171776 172416 1
20-07-2017-12:10:43:324 172416 173056 1
20-07-2017-12:10:43:365 173056 173696 1
20-07-2017-12:10:43:405 173696 174336 1
20-07-2017-12:10:43:446 174336 174976 1
20-07-2017-12:10:43:492 174976 175616 1
20-07-2017-12:10:43:534 175616 176256 1
20-07-2017-12:10:43:575 176256 176896 1
20-07-2017-12:10:43:605 176896 177536 1
20-07-2017-12:10:43:645 177536 178176 1
20-07-2017-12:10:43:690 178176 178816 1
20-07-2017-12:10:43:731 178816 179456 1
20-07-2017-12:10:43:772 179456 180096 1
20-07-2017-12:10:43:818 180096 180736 1
20-07-2017-12:10:43:857 180736 181376 1
20-07-2017-12:10:43:889 181376 182016 1
20-07-2017-12:10:43:927 182016 182656 1
20-07-2017-12:10:43:966 182656 183296 1
20-07-2017-12:10:44:019 183296 183936 1
20-07-2017-12:10:44:055 183936 184576 1
20-07-2017-12:10:44:085 184576 185216 1
20-07-2017-12:10:44:124 185216 185856 1
20-07-2017-12:10:44:169 185856 186496 1
20-07-2017-12:10:44:212 186496 187136 1
20-07-2017-12:10:44:251 187136 187776 1
20-07-2017-12:10:44:300 187776 188416 1
20-07-2017-12:10:44:339 188416 189056 1
20-07-2017-12:10:44:370 189056 189696 1
20-07-2017-12:10:44:409 189696 190336 1
20-07-2017-12:10:44:451 190336 190976 1
20-07-2017-12:10:44:495 190976 191616 1
20-07-2017-12:10:44:523 191616 192256 1
20-07-2017-12:10:44:567 192256 192896 1
20-07-2017-12:10:44:606 192896 193536 1
20-07-2017-12:10:44:645 193536 194176 1
20-07-2017-12:10:44:691 194176 194816 1
20-07-2017-12:10:44:732 194816 195456 1
20-07-2017-12:10:44:773 195456 196096 1
20-07-2017-12:10:44:818 196096 196736 1
20-07-2017-12:10:44:860 196736 197376 1
20-07-2017-12:10:44:890 197376 198016 1
20-07-2017-12:10:44:930 198016 198656 1
20-07-2017-12:10:44:971 198656 199296 1
20-07-2017-12:10:45:015 199296 199936 1
20-07-2017-12:10:45:057 199936 200576 1
20-07-2017-12:10:45:085 200576 201216 1
20-07-2017-12:10:45:337 201216 201856 1
20-07-2017-12:10:45:339 201856 202496 1
20-07-2017-12:10:45:339 202496 203136 1
20-07-2017-12:10:45:339 203136 203776 1
20-07-2017-12:10:45:340 203776 204416 1
20-07-2017-12:10:45:340 204416 205056 1
20-07-2017-12:10:45:365 205056 205696 1
20-07-2017-12:10:45:404 205696 206336 1
20-07-2017-12:10:45:452 206336 206976 1
20-07-2017-12:10:45:492 206976 207616 1
20-07-2017-12:10:45:533 207616 208256 1
20-07-2017-12:10:45:577 208256 208896 1
20-07-2017-12:10:45:623 208896 209536 1
20-07-2017-12:10:45:647 209536 210176 1
20-07-2017-12:10:45:688 210176 210816 1
20-07-2017-12:10:45:728 210816 211456 1
20-07-2017-12:10:45:774 211456 212096 1
20-07-2017-12:10:45:814 212096 212736 1
20-07-2017-12:10:45:844 212736 213376 1
20-07-2017-12:10:45:884 213376 214016 1
20-07-2017-12:10:45:926 214016 214656 1
20-07-2017-12:10:45:971 214656 215296 1
20-07-2017-12:10:46:012 215296 215936 1
20-07-2017-12:10:46:053 215936 216576 1
20-07-2017-12:10:46:098 216576 217216 1
20-07-2017-12:10:46:138 217216 217856 1
20-07-2017-12:10:46:168 217856 218496 1
20-07-2017-12:10:46:207 218496 219136 1
20-07-2017-12:10:46:248 219136 219776 1
20-07-2017-12:10:46:294 219776 220416 1
20-07-2017-12:10:46:334 220416 221056 1
20-07-2017-12:10:46:364 221056 221696 1
20-07-2017-12:10:46:404 221696 222336 1
20-07-2017-12:10:46:445 222336 222976 1
20-07-2017-12:10:46:485 222976 223616 1
20-07-2017-12:10:46:532 223616 224256 1
20-07-2017-12:10:46:573 224256 224896 1
20-07-2017-12:10:46:613 224896 225536 1
20-07-2017-12:10:46:660 225536 226176 1
20-07-2017-12:10:46:689 226176 226816 1
20-07-2017-12:10:46:729 226816 227456 1
20-07-2017-12:10:46:771 227456 228096 1
20-07-2017-12:10:46:810 228096 228736 1
20-07-2017-12:10:46:859 228736 229376 1
20-07-2017-12:10:46:887 229376 230016 1
20-07-2017-12:10:46:928 230016 230656 1
20-07-2017-12:10:46:969 230656 231296 1
20-07-2017-12:10:47:009 231296 231936 1
20-07-2017-12:10:47:055 231936 232576 1
20-07-2017-12:10:47:084 232576 233216 1
20-07-2017-12:10:47:125 233216 233856 1
20-07-2017-12:10:47:166 233856 234496 1
20-07-2017-12:10:47:213 234496 235136 1
20-07-2017-12:10:47:254 235136 235776 1
20-07-2017-12:10:47:295 235776 236416 1
20-07-2017-12:10:47:324 236416 237056 1
20-07-2017-12:10:47:364 237056 237696 1
20-07-2017-12:10:47:409 237696 238336 1
20-07-2017-12:10:47:449 238336 238976 1
20-07-2017-12:10:47:490 238976 239616 1
20-07-2017-12:10:47:536 239616 240256 1
20-07-2017-12:10:47:577 240256 240896 1
20-07-2017-12:10:47:606 240896 241536 1
20-07-2017-12:10:47:645 241536 242176 1
20-07-2017-12:10:47:687 242176 242816 1
20-07-2017-12:10:47:732 242816 243456 1
20-07-2017-12:10:47:773 243456 244096 1
20-07-2017-12:10:47:813 244096 244736 1
20-07-2017-12:10:47:854 244736 245376 1
20-07-2017-12:10:47:899 245376 246016 1
20-07-2017-12:10:47:928 246016 246656 1
20-07-2017-12:10:47:969 246656 247296 1
20-07-2017-12:10:48:009 247296 247936 1
20-07-2017-12:10:48:051 247936 248576 1
20-07-2017-12:10:48:096 248576 249216 1
20-07-2017-12:10:48:125 249216 249856 1
20-07-2017-12:10:48:166 249856 250496 1
20-07-2017-12:10:48:206 250496 251136 1
20-07-2017-12:10:48:247 251136 251776 1
20-07-2017-12:10:48:486 251776 252416 1
20-07-2017-12:10:48:487 252416 253056 1
20-07-2017-12:10:48:487 253056 253696 1
20-07-2017-12:10:48:487 253696 254336 1
20-07-2017-12:10:48:487 254336 254976 1
20-07-2017-12:10:48:494 254976 255616 1
20-07-2017-12:10:48:532 255616 256256 1
20-07-2017-12:10:48:571 256256 256896 1
20-07-2017-12:10:48:611 256896 257536 1
20-07-2017-12:10:48:654 257536 258176 1
20-07-2017-12:10:48:700 258176 258816 1
20-07-2017-12:10:48:722 258816 259456 1
20-07-2017-12:10:48:770 259456 260096 1
20-07-2017-12:10:48:811 260096 260736 1
20-07-2017-12:10:48:851 260736 261376 1
20-07-2017-12:10:48:898 261376 262016 1
20-07-2017-12:10:48:939 262016 262656 1
20-07-2017-12:10:48:968 262656 263296 1
20-07-2017-12:10:49:007 263296 263936 1
20-07-2017-12:10:49:048 263936 264576 1
20-07-2017-12:10:49:096 264576 265216 1
20-07-2017-12:10:49:135 265216 265856 1
20-07-2017-12:10:49:165 265856 266496 1
20-07-2017-12:10:49:207 266496 267136 1
20-07-2017-12:10:49:247 267136 267776 1
20-07-2017-12:10:49:294 267776 268416 1
20-07-2017-12:10:49:335 268416 269056 1
20-07-2017-12:10:49:363 269056 269696 1
20-07-2017-12:10:49:403 269696 270336 1
20-07-2017-12:10:49:445 270336 270976 1
20-07-2017-12:10:49:489 270976 271616 1
20-07-2017-12:10:49:532 271616 272256 1
20-07-2017-12:10:49:571 272256 272896 1
20-07-2017-12:10:49:619 272896 273536 1
20-07-2017-12:10:49:658 273536 274176 1
20-07-2017-12:10:49:689 274176 274816 1
20-07-2017-12:10:49:729 274816 275456 1
20-07-2017-12:10:49:770 275456 276096 1
20-07-2017-12:10:49:816 276096 276736 1
20-07-2017-12:10:49:856 276736 277376 1
20-07-2017-12:10:49:886 277376 278016 1
20-07-2017-12:10:49:926 278016 278656 1
20-07-2017-12:10:49:968 278656 279296 1
20-07-2017-12:10:50:008 279296 279936 1
20-07-2017-12:10:50:055 279936 280576 1
20-07-2017-12:10:50:096 280576 281216 1
20-07-2017-12:10:50:125 281216 281856 1
20-07-2017-12:10:50:165 281856 282496 1
20-07-2017-12:10:50:206 282496 283136 1
20-07-2017-12:10:50:246 283136 283776 1
20-07-2017-12:10:50:294 283776 284416 1
20-07-2017-12:10:50:335 284416 285056 1
20-07-2017-12:10:50:362 285056 285696 1
20-07-2017-12:10:50:403 285696 286336 1
20-07-2017-12:10:50:444 286336 286976 1
20-07-2017-12:10:50:491 286976 287616 1
20-07-2017-12:10:50:531 287616 288256 1
20-07-2017-12:10:50:572 288256 288896 1
20-07-2017-12:10:50:619 288896 289536 1
20-07-2017-12:10:50:659 289536 290176 1
20-07-2017-12:10:50:688 290176 290816 1
20-07-2017-12:10:50:728 290816 291456 1
20-07-2017-12:10:50:770 291456 292096 1
20-07-2017-12:10:50:816 292096 292736 1
20-07-2017-12:10:50:845 292736 293376 1
20-07-2017-12:10:50:885 293376 294016 1
20-07-2017-12:10:50:926 294016 294656 1
20-07-2017-12:10:50:967 294656 295296 1
20-07-2017-12:10:51:013 295296 295936 1
20-07-2017-12:10:51:054 295936 296576 1
20-07-2017-12:10:51:083 296576 297216 1
20-07-2017-12:10:51:125 297216 297856 1
20-07-2017-12:10:51:165 297856 298496 1
20-07-2017-12:10:51:211 298496 299136 1
20-07-2017-12:10:51:252 299136 299776 1
20-07-2017-12:10:51:294 299776 300416 1
20-07-2017-12:10:51:332 300416 301056 1
20-07-2017-12:10:51:379 301056 301696 1
20-07-2017-12:10:51:409 301696 302336 1
20-07-2017-12:10:51:621 302336 302976 1
20-07-2017-12:10:51:622 302976 303616 1
20-07-2017-12:10:51:622 303616 304256 1
20-07-2017-12:10:51:622 304256 304896 1
20-07-2017-12:10:51:623 304896 305536 1
20-07-2017-12:10:51:650 305536 306176 1
20-07-2017-12:10:51:692 306176 306816 1
20-07-2017-12:10:51:732 306816 307456 1
20-07-2017-12:10:51:771 307456 308096 1
20-07-2017-12:10:51:817 308096 308736 1
20-07-2017-12:10:51:848 308736 309376 1
20-07-2017-12:10:51:888 309376 310016 1
20-07-2017-12:10:51:928 310016 310656 1
20-07-2017-12:10:51:969 310656 311296 1
20-07-2017-12:10:52:015 311296 311936 1
20-07-2017-12:10:52:044 311936 312576 1
20-07-2017-12:10:52:085 312576 313216 1
20-07-2017-12:10:52:125 313216 313856 1
20-07-2017-12:10:52:173 313856 314496 1
20-07-2017-12:10:52:213 314496 315136 1
20-07-2017-12:10:52:255 315136 315776 1
20-07-2017-12:10:52:282 315776 316416 1
20-07-2017-12:10:52:325 316416 317056 1
20-07-2017-12:10:52:368 317056 317696 1
20-07-2017-12:10:52:411 317696 318336 1
20-07-2017-12:10:52:450 318336 318976 1
20-07-2017-12:10:52:496 318976 319616 1
20-07-2017-12:10:52:538 319616 320256 1
20-07-2017-12:10:52:564 320256 320896 1
20-07-2017-12:10:52:607 320896 321536 1
20-07-2017-12:10:52:647 321536 322176 1
20-07-2017-12:10:52:694 322176 322816 1
20-07-2017-12:10:52:733 322816 323456 1
20-07-2017-12:10:52:773 323456 324096 1
20-07-2017-12:10:52:803 324096 324736 1
20-07-2017-12:10:52:844 324736 325376 1
20-07-2017-12:10:52:890 325376 326016 1
20-07-2017-12:10:52:931 326016 326656 1
20-07-2017-12:10:52:972 326656 327296 1
20-07-2017-12:10:53:017 327296 327936 1
20-07-2017-12:10:53:058 327936 328576 1
20-07-2017-12:10:53:085 328576 329216 1
20-07-2017-12:10:53:127 329216 329856 1
20-07-2017-12:10:53:167 329856 330496 1
20-07-2017-12:10:53:206 330496 331136 1
20-07-2017-12:10:53:252 331136 331776 1
20-07-2017-12:10:53:292 331776 332416 1
20-07-2017-12:10:53:334 332416 333056 1
20-07-2017-12:10:53:363 333056 333696 1
20-07-2017-12:10:53:408 333696 334336 1
20-07-2017-12:10:53:450 334336 334976 1
20-07-2017-12:10:53:491 334976 335616 1
20-07-2017-12:10:53:537 335616 336256 1
20-07-2017-12:10:53:579 336256 336896 1
20-07-2017-12:10:53:606 336896 337536 1
20-07-2017-12:10:53:647 337536 338176 1
20-07-2017-12:10:53:687 338176 338816 1
20-07-2017-12:10:53:734 338816 339456 1
20-07-2017-12:10:53:773 339456 340096 1
20-07-2017-12:10:53:814 340096 340736 1
20-07-2017-12:10:53:843 340736 341376 1
20-07-2017-12:10:53:885 341376 342016 1
20-07-2017-12:10:53:929 342016 342656 1
20-07-2017-12:10:53:970 342656 343296 1
20-07-2017-12:10:54:010 343296 343936 1
20-07-2017-12:10:54:056 343936 344576 1
20-07-2017-12:10:54:084 344576 345216 1
20-07-2017-12:10:54:125 345216 345856 1
20-07-2017-12:10:54:166 345856 346496 1
20-07-2017-12:10:54:206 346496 347136 1
20-07-2017-12:10:54:253 347136 347776 1
20-07-2017-12:10:54:293 347776 348416 1
20-07-2017-12:10:54:334 348416 349056 1
20-07-2017-12:10:54:362 349056 349696 1
20-07-2017-12:10:54:409 349696 350336 1
20-07-2017-12:10:54:451 350336 350976 1
20-07-2017-12:10:54:492 350976 351616 1
20-07-2017-12:10:54:536 351616 352256 1
20-07-2017-12:10:54:575 352256 352896 1
20-07-2017-12:10:54:777 352896 353536 1
20-07-2017-12:10:54:778 353536 354176 1
20-07-2017-12:10:54:778 354176 354816 1
20-07-2017-12:10:54:779 354816 355456 1
20-07-2017-12:10:54:779 355456 356096 1
20-07-2017-12:10:54:807 356096 356736 1
20-07-2017-12:10:54:848 356736 357376 1
20-07-2017-12:10:54:890 357376 358016 1
20-07-2017-12:10:54:930 358016 358656 1
20-07-2017-12:10:54:976 358656 359296 1
20-07-2017-12:10:55:015 359296 359936 1
20-07-2017-12:10:55:045 359936 360576 1
20-07-2017-12:10:55:084 360576 361216 1
20-07-2017-12:10:55:126 361216 361856 1
20-07-2017-12:10:55:174 361856 362496 1
20-07-2017-12:10:55:214 362496 363136 1
20-07-2017-12:10:55:251 363136 363776 1
20-07-2017-12:10:55:292 363776 364416 1
20-07-2017-12:10:55:339 364416 365056 1
20-07-2017-12:10:55:368 365056 365696 1
20-07-2017-12:10:55:408 365696 366336 1
20-07-2017-12:10:55:451 366336 366976 1
20-07-2017-12:10:55:491 366976 367616 1
20-07-2017-12:10:55:536 367616 368256 1
20-07-2017-12:10:55:567 368256 368896 1
20-07-2017-12:10:55:609 368896 369536 1
20-07-2017-12:10:55:650 369536 370176 1
20-07-2017-12:10:55:688 370176 370816 1
20-07-2017-12:10:55:734 370816 371456 1
20-07-2017-12:10:55:763 371456 372096 1
20-07-2017-12:10:55:804 372096 372736 1
20-07-2017-12:10:55:846 372736 373376 1
20-07-2017-12:10:55:885 373376 374016 1
20-07-2017-12:10:55:932 374016 374656 1
20-07-2017-12:10:55:973 374656 375296 1
20-07-2017-12:10:56:014 375296 375936 1
20-07-2017-12:10:56:043 375936 376576 1
20-07-2017-12:10:56:087 376576 377216 1
20-07-2017-12:10:56:128 377216 377856 1
20-07-2017-12:10:56:174 377856 378496 1
20-07-2017-12:10:56:216 378496 379136 1
20-07-2017-12:10:56:247 379136 379776 1
20-07-2017-12:10:56:285 379776 380416 1
20-07-2017-12:10:56:326 380416 381056 1
20-07-2017-12:10:56:373 381056 381696 1
20-07-2017-12:10:56:414 381696 382336 1
20-07-2017-12:10:56:455 382336 382976 1
20-07-2017-12:10:56:483 382976 383616 1
20-07-2017-12:10:56:524 383616 384256 1
20-07-2017-12:10:56:570 384256 384896 1
20-07-2017-12:10:56:612 384896 385536 1
20-07-2017-12:10:56:651 385536 386176 1
20-07-2017-12:10:56:693 386176 386816 1
20-07-2017-12:10:56:739 386816 387456 1
20-07-2017-12:10:56:768 387456 388096 1
20-07-2017-12:10:56:809 388096 388736 1
20-07-2017-12:10:56:850 388736 389376 1
20-07-2017-12:10:56:896 389376 390016 1
20-07-2017-12:10:56:936 390016 390656 1
20-07-2017-12:10:56:966 390656 391296 1
20-07-2017-12:10:57:006 391296 391936 1
20-07-2017-12:10:57:048 391936 392576 1
20-07-2017-12:10:57:089 392576 393216 1
20-07-2017-12:10:57:132 393216 393856 1
20-07-2017-12:10:57:174 393856 394496 1
20-07-2017-12:10:57:204 394496 395136 1
20-07-2017-12:10:57:244 395136 395776 1
20-07-2017-12:10:57:286 395776 396416 1
20-07-2017-12:10:57:330 396416 397056 1
20-07-2017-12:10:57:371 397056 397696 1
20-07-2017-12:10:57:411 397696 398336 1
20-07-2017-12:10:57:452 398336 398976 1
20-07-2017-12:10:57:498 398976 399616 1
20-07-2017-12:10:57:527 399616 400256 1
20-07-2017-12:10:57:566 400256 400896 1
20-07-2017-12:10:57:612 400896 401536 1
20-07-2017-12:10:57:653 401536 402176 1
20-07-2017-12:10:57:692 402176 402816 1
20-07-2017-12:10:57:734 402816 403456 1
20-07-2017-12:10:57:937 403456 404096 1
20-07-2017-12:10:57:939 404096 404736 1
20-07-2017-12:10:57:939 404736 405376 1
20-07-2017-12:10:57:939 405376 406016 1
20-07-2017-12:10:57:940 406016 406656 1
20-07-2017-12:10:57:974 406656 407296 1
20-07-2017-12:10:58:004 407296 407936 1
20-07-2017-12:10:58:045 407936 408576 1
20-07-2017-12:10:58:083 408576 409216 1
20-07-2017-12:10:58:124 409216 409856 1
20-07-2017-12:10:58:171 409856 410496 1
20-07-2017-12:10:58:212 410496 411136 1
20-07-2017-12:10:58:253 411136 411776 1
20-07-2017-12:10:58:293 411776 412416 1
20-07-2017-12:10:58:322 412416 413056 1
20-07-2017-12:10:58:369 413056 413696 1
20-07-2017-12:10:58:410 413696 414336 1
20-07-2017-12:10:58:450 414336 414976 1
20-07-2017-12:10:58:490 414976 415616 1
20-07-2017-12:10:58:537 415616 416256 1
20-07-2017-12:10:58:564 416256 416896 1
20-07-2017-12:10:58:607 416896 417536 1
20-07-2017-12:10:58:646 417536 418176 1
20-07-2017-12:10:58:687 418176 418816 1
20-07-2017-12:10:58:733 418816 419456 1
20-07-2017-12:10:58:775 419456 420096 1
20-07-2017-12:10:58:804 420096 420736 1
20-07-2017-12:10:58:847 420736 421376 1
20-07-2017-12:10:58:884 421376 422016 1
20-07-2017-12:10:58:932 422016 422656 1
20-07-2017-12:10:58:972 422656 423296 1
20-07-2017-12:10:59:012 423296 423936 1
20-07-2017-12:10:59:060 423936 424576 1
20-07-2017-12:10:59:082 424576 425216 1
20-07-2017-12:10:59:129 425216 425856 1
20-07-2017-12:10:59:169 425856 426496 1
20-07-2017-12:10:59:210 426496 427136 1
20-07-2017-12:10:59:251 427136 427776 1
20-07-2017-12:10:59:296 427776 428416 1
20-07-2017-12:10:59:327 428416 429056 1
20-07-2017-12:10:59:367 429056 429696 1
20-07-2017-12:10:59:408 429696 430336 1
20-07-2017-12:10:59:453 430336 430976 1
20-07-2017-12:10:59:494 430976 431616 1
20-07-2017-12:10:59:524 431616 432256 1
20-07-2017-12:10:59:562 432256 432896 1
20-07-2017-12:10:59:603 432896 433536 1
20-07-2017-12:10:59:645 433536 434176 1
20-07-2017-12:10:59:690 434176 434816 1
20-07-2017-12:10:59:731 434816 435456 1
20-07-2017-12:10:59:772 435456 436096 1
20-07-2017-12:10:59:817 436096 436736 1
20-07-2017-12:10:59:857 436736 437376 1
20-07-2017-12:10:59:886 437376 438016 1
20-07-2017-12:10:59:928 438016 438656 1
20-07-2017-12:10:59:968 438656 439296 1
20-07-2017-12:11:00:008 439296 439936 1
20-07-2017-12:11:00:054 439936 440576 1
20-07-2017-12:11:00:082 440576 441216 1
20-07-2017-12:11:00:124 441216 441856 1
20-07-2017-12:11:00:164 441856 442496 1
20-07-2017-12:11:00:206 442496 443136 1
20-07-2017-12:11:00:252 443136 443776 1
20-07-2017-12:11:00:292 443776 444416 1
20-07-2017-12:11:00:334 444416 445056 1
20-07-2017-12:11:00:363 445056 445696 1
20-07-2017-12:11:00:403 445696 446336 1
20-07-2017-12:11:00:450 446336 446976 1
20-07-2017-12:11:00:489 446976 447616 1
20-07-2017-12:11:00:530 447616 448256 1
20-07-2017-12:11:00:571 448256 448896 1
20-07-2017-12:11:00:613 448896 449536 1
20-07-2017-12:11:00:655 449536 450176 1
20-07-2017-12:11:00:685 450176 450816 1
20-07-2017-12:11:00:724 450816 451456 1
20-07-2017-12:11:00:763 451456 452096 1
20-07-2017-12:11:00:810 452096 452736 1
20-07-2017-12:11:00:853 452736 453376 1
20-07-2017-12:11:00:892 453376 454016 1
20-07-2017-12:11:01:150 454016 454656 1
20-07-2017-12:11:01:152 454656 455296 1
20-07-2017-12:11:01:152 455296 455936 1
20-07-2017-12:11:01:152 455936 456576 1
20-07-2017-12:11:01:152 456576 457216 1
20-07-2017-12:11:01:155 457216 457856 1
20-07-2017-12:11:01:176 457856 458496 1
20-07-2017-12:11:01:204 458496 459136 1
20-07-2017-12:11:01:245 459136 459776 1
20-07-2017-12:11:01:285 459776 460416 1
20-07-2017-12:11:01:325 460416 461056 1
20-07-2017-12:11:01:370 461056 461696 1
20-07-2017-12:11:01:411 461696 462336 1
20-07-2017-12:11:01:452 462336 462976 1
20-07-2017-12:11:01:499 462976 463616 1
20-07-2017-12:11:01:525 463616 464256 1
20-07-2017-12:11:01:569 464256 464896 1
20-07-2017-12:11:01:609 464896 465536 1
20-07-2017-12:11:01:649 465536 466176 1
20-07-2017-12:11:01:696 466176 466816 1
20-07-2017-12:11:01:725 466816 467456 1
20-07-2017-12:11:01:766 467456 468096 1
20-07-2017-12:11:01:808 468096 468736 1
20-07-2017-12:11:01:853 468736 469376 1
20-07-2017-12:11:01:894 469376 470016 1
20-07-2017-12:11:01:933 470016 470656 1
20-07-2017-12:11:01:963 470656 471296 1
20-07-2017-12:11:02:004 471296 471936 1
20-07-2017-12:11:02:044 471936 472576 1
20-07-2017-12:11:02:091 472576 473216 1
20-07-2017-12:11:02:131 473216 473856 1
20-07-2017-12:11:02:171 473856 474496 1
20-07-2017-12:11:02:213 474496 475136 1
20-07-2017-12:11:02:259 475136 475776 1
20-07-2017-12:11:02:288 475776 476416 1
20-07-2017-12:11:02:328 476416 477056 1
20-07-2017-12:11:02:368 477056 477696 1
20-07-2017-12:11:02:408 477696 478336 1
20-07-2017-12:11:02:455 478336 478976 1
20-07-2017-12:11:02:496 478976 479616 1
20-07-2017-12:11:02:525 479616 480256 1
20-07-2017-12:11:02:566 480256 480896 1
20-07-2017-12:11:02:607 480896 481536 1
20-07-2017-12:11:02:653 481536 482176 1
20-07-2017-12:11:02:699 482176 482816 1
20-07-2017-12:11:02:723 482816 483456 1
20-07-2017-12:11:02:763 483456 484096 1
20-07-2017-12:11:02:805 484096 484736 1
20-07-2017-12:11:02:844 484736 485376 1
20-07-2017-12:11:02:891 485376 486016 1
20-07-2017-12:11:02:932 486016 486656 1
20-07-2017-12:11:02:972 486656 487296 1
20-07-2017-12:11:03:018 487296 487936 1
20-07-2017-12:11:03:059 487936 488576 1
20-07-2017-12:11:03:086 488576 489216 1
20-07-2017-12:11:03:128 489216 489856 1
20-07-2017-12:11:03:168 489856 490496 1
20-07-2017-12:11:03:214 490496 491136 1
20-07-2017-12:11:03:242 491136 491776 1
20-07-2017-12:11:03:283 491776 492416 1
20-07-2017-12:11:03:324 492416 493056 1
20-07-2017-12:11:03:366 493056 493696 1
20-07-2017-12:11:03:411 493696 494336 1
20-07-2017-12:11:03:453 494336 494976 1
20-07-2017-12:11:03:493 494976 495616 1
20-07-2017-12:11:03:522 495616 496256 1
20-07-2017-12:11:03:564 496256 496896 1
20-07-2017-12:11:03:608 496896 497536 1
20-07-2017-12:11:03:654 497536 498176 1
20-07-2017-12:11:03:683 498176 498816 1
20-07-2017-12:11:03:725 498816 499456 1
20-07-2017-12:11:03:766 499456 500096 1
20-07-2017-12:11:03:806 500096 500736 1
20-07-2017-12:11:03:853 500736 501376 1
20-07-2017-12:11:03:893 501376 502016 1
20-07-2017-12:11:03:922 502016 502656 1
20-07-2017-12:11:03:963 502656 503296 1
20-07-2017-12:11:04:005 503296 503936 1
20-07-2017-12:11:04:050 503936 504576 1
20-07-2017-12:11:04:247 504576 505216 1
20-07-2017-12:11:04:248 505216 505856 1
20-07-2017-12:11:04:248 505856 506496 1
20-07-2017-12:11:04:248 506496 507136 1
20-07-2017-12:11:04:248 507136 507776 1
20-07-2017-12:11:04:292 507776 508416 1
20-07-2017-12:11:04:329 508416 509056 1
20-07-2017-12:11:04:369 509056 509696 1
20-07-2017-12:11:04:416 509696 510336 1
20-07-2017-12:11:04:457 510336 510976 1
20-07-2017-12:11:04:486 510976 511616 1
20-07-2017-12:11:04:527 511616 512256 1
20-07-2017-12:11:04:566 512256 512896 1
20-07-2017-12:11:04:613 512896 513536 1
20-07-2017-12:11:04:655 513536 514176 1
20-07-2017-12:11:04:684 514176 514816 1
20-07-2017-12:11:04:724 514816 515456 1
20-07-2017-12:11:04:764 515456 516096 1
20-07-2017-12:11:04:811 516096 516736 1
20-07-2017-12:11:04:850 516736 517376 1
20-07-2017-12:11:04:892 517376 518016 1
20-07-2017-12:11:04:940 518016 518656 1
20-07-2017-12:11:04:962 518656 519296 1
20-07-2017-12:11:05:009 519296 519936 1
20-07-2017-12:11:05:050 519936 520576 1
20-07-2017-12:11:05:089 520576 521216 1
20-07-2017-12:11:05:131 521216 521856 1
20-07-2017-12:11:05:173 521856 522496 1
20-07-2017-12:11:05:219 522496 523136 1
20-07-2017-12:11:05:248 523136 523776 1
20-07-2017-12:11:05:287 523776 524416 1
20-07-2017-12:11:05:329 524416 525056 1
20-07-2017-12:11:05:368 525056 525696 1
20-07-2017-12:11:05:417 525696 526336 1
20-07-2017-12:11:05:444 526336 526976 1
20-07-2017-12:11:05:485 526976 527616 1
20-07-2017-12:11:05:524 527616 528256 1
20-07-2017-12:11:05:566 528256 528896 1
20-07-2017-12:11:05:611 528896 529536 1
20-07-2017-12:11:05:653 529536 530176 1
20-07-2017-12:11:05:693 530176 530816 1
20-07-2017-12:11:05:722 530816 531456 1
20-07-2017-12:11:05:762 531456 532096 1
20-07-2017-12:11:05:805 532096 532736 1
20-07-2017-12:11:05:851 532736 533376 1
20-07-2017-12:11:05:891 533376 534016 1
20-07-2017-12:11:05:932 534016 534656 1
20-07-2017-12:11:05:977 534656 535296 1
20-07-2017-12:11:06:018 535296 535936 1
20-07-2017-12:11:06:048 535936 536576 1
20-07-2017-12:11:06:088 536576 537216 1
20-07-2017-12:11:06:130 537216 537856 1
20-07-2017-12:11:06:171 537856 538496 1
20-07-2017-12:11:06:216 538496 539136 1
20-07-2017-12:11:06:245 539136 539776 1
20-07-2017-12:11:06:284 539776 540416 1
20-07-2017-12:11:06:326 540416 541056 1
