20-07-2017-14:51:25:687 0 800 1
20-07-2017-14:51:25:731 800 1600 1
20-07-2017-14:51:25:782 1600 2272 1
20-07-2017-14:51:25:830 2272 2944 1
20-07-2017-14:51:25:861 2944 3616 1
20-07-2017-14:51:25:901 3616 4288 1
20-07-2017-14:51:25:941 4288 4960 1
20-07-2017-14:51:25:985 4960 5632 1
20-07-2017-14:51:26:031 5632 6304 1
20-07-2017-14:51:26:073 6304 6976 1
20-07-2017-14:51:26:112 6976 7648 1
20-07-2017-14:51:26:160 7648 8320 1
20-07-2017-14:51:26:200 8320 8992 1
20-07-2017-14:51:26:240 8992 9664 1
20-07-2017-14:51:26:281 9664 10336 1
20-07-2017-14:51:26:328 10336 11008 1
20-07-2017-14:51:26:368 11008 11680 1
20-07-2017-14:51:26:409 11680 12352 1
20-07-2017-14:51:26:449 12352 13024 1
20-07-2017-14:51:26:497 13024 13696 1
20-07-2017-14:51:26:536 13696 14368 1
20-07-2017-14:51:26:577 14368 15040 1
20-07-2017-14:51:26:624 15040 15712 1
20-07-2017-14:51:26:664 15712 16384 1
20-07-2017-14:51:26:705 16384 17056 1
20-07-2017-14:51:26:745 17056 17728 1
20-07-2017-14:51:26:787 17728 18400 1
20-07-2017-14:51:26:833 18400 19072 1
20-07-2017-14:51:26:873 19072 19744 1
20-07-2017-14:51:26:915 19744 20416 1
20-07-2017-14:51:26:956 20416 21088 1
20-07-2017-14:51:26:997 21088 21760 1
20-07-2017-14:51:27:043 21760 22432 1
20-07-2017-14:51:27:082 22432 23104 1
20-07-2017-14:51:27:124 23104 23776 1
20-07-2017-14:51:27:170 23776 24448 1
20-07-2017-14:51:27:211 24448 25120 1
20-07-2017-14:51:27:252 25120 25792 1
20-07-2017-14:51:27:294 25792 26464 1
20-07-2017-14:51:27:338 26464 27136 1
20-07-2017-14:51:27:380 27136 27808 1
20-07-2017-14:51:27:420 27808 28480 1
20-07-2017-14:51:27:460 28480 29152 1
20-07-2017-14:51:27:506 29152 29824 1
20-07-2017-14:51:27:547 29824 30496 1
20-07-2017-14:51:27:587 30496 31168 1
20-07-2017-14:51:27:633 31168 31840 1
20-07-2017-14:51:27:674 31840 32512 1
20-07-2017-14:51:27:715 32512 33184 1
20-07-2017-14:51:27:756 33184 33856 1
20-07-2017-14:51:27:802 33856 34528 1
20-07-2017-14:51:27:842 34528 35200 1
20-07-2017-14:51:27:883 35200 35872 1
20-07-2017-14:51:27:922 35872 36544 1
20-07-2017-14:51:27:968 36544 37216 1
20-07-2017-14:51:28:010 37216 37888 1
20-07-2017-14:51:28:051 37888 38560 1
20-07-2017-14:51:28:091 38560 39232 1
20-07-2017-14:51:28:138 39232 39904 1
20-07-2017-14:51:28:166 39904 40576 1
20-07-2017-14:51:28:214 40576 41248 1
20-07-2017-14:51:28:260 41248 41920 1
20-07-2017-14:51:28:301 41920 42592 1
20-07-2017-14:51:28:343 42592 43264 1
20-07-2017-14:51:28:385 43264 43936 1
20-07-2017-14:51:28:426 43936 44608 1
20-07-2017-14:51:28:472 44608 45280 1
20-07-2017-14:51:28:512 45280 45952 1
20-07-2017-14:51:28:552 45952 46624 1
20-07-2017-14:51:28:599 46624 47296 1
20-07-2017-14:51:28:639 47296 47968 1
20-07-2017-14:51:28:681 47968 48640 1
20-07-2017-14:51:28:722 48640 49312 1
20-07-2017-14:51:28:766 49312 49984 1
20-07-2017-14:51:28:914 49984 50656 1
20-07-2017-14:51:28:915 50656 51328 1
20-07-2017-14:51:28:915 51328 52000 1
20-07-2017-14:51:28:934 52000 52672 1
20-07-2017-14:51:28:975 52672 53344 1
20-07-2017-14:51:29:016 53344 54016 1
20-07-2017-14:51:29:055 54016 54688 1
20-07-2017-14:51:29:103 54688 55360 1
20-07-2017-14:51:29:143 55360 56032 1
20-07-2017-14:51:29:184 56032 56704 1
20-07-2017-14:51:29:223 56704 57376 1
20-07-2017-14:51:29:271 57376 58048 1
20-07-2017-14:51:29:310 58048 58720 1
20-07-2017-14:51:29:351 58720 59392 1
20-07-2017-14:51:29:391 59392 60064 1
20-07-2017-14:51:29:438 60064 60736 1
20-07-2017-14:51:29:478 60736 61408 1
20-07-2017-14:51:29:518 61408 62080 1
20-07-2017-14:51:29:560 62080 62752 1
20-07-2017-14:51:29:606 62752 63424 1
20-07-2017-14:51:29:645 63424 64096 1
20-07-2017-14:51:29:685 64096 64768 1
20-07-2017-14:51:29:728 64768 65440 1
20-07-2017-14:51:29:768 65440 66112 1
20-07-2017-14:51:29:809 66112 66784 1
20-07-2017-14:51:29:849 66784 67456 1
20-07-2017-14:51:29:896 67456 68128 1
20-07-2017-14:51:29:937 68128 68800 1
20-07-2017-14:51:29:978 68800 69472 1
20-07-2017-14:51:30:023 69472 70144 1
20-07-2017-14:51:30:065 70144 70816 1
20-07-2017-14:51:30:105 70816 71488 1
20-07-2017-14:51:30:146 71488 72160 1
20-07-2017-14:51:30:193 72160 72832 1
20-07-2017-14:51:30:233 72832 73504 1
20-07-2017-14:51:30:273 73504 74176 1
20-07-2017-14:51:30:314 74176 74848 1
20-07-2017-14:51:30:361 74848 75520 1
20-07-2017-14:51:30:402 75520 76192 1
20-07-2017-14:51:30:441 76192 76864 1
20-07-2017-14:51:30:489 76864 77536 1
20-07-2017-14:51:30:528 77536 78208 1
20-07-2017-14:51:30:573 78208 78880 1
20-07-2017-14:51:30:612 78880 79552 1
20-07-2017-14:51:30:657 79552 80224 1
20-07-2017-14:51:30:687 80224 80896 1
20-07-2017-14:51:30:738 80896 81568 1
20-07-2017-14:51:30:784 81568 82240 1
20-07-2017-14:51:30:827 82240 82912 1
20-07-2017-14:51:30:855 82912 83584 1
20-07-2017-14:51:30:905 83584 84256 1
20-07-2017-14:51:30:953 84256 84928 1
20-07-2017-14:51:30:980 84928 85600 1
20-07-2017-14:51:31:024 85600 86272 1
20-07-2017-14:51:31:076 86272 86928 1
20-07-2017-14:51:31:105 86928 87584 1
20-07-2017-14:51:31:150 87584 88240 1
20-07-2017-14:51:31:191 88240 88896 1
20-07-2017-14:51:31:231 88896 89552 1
20-07-2017-14:51:31:274 89552 90208 1
20-07-2017-14:51:31:315 90208 90864 1
20-07-2017-14:51:31:360 90864 91520 1
20-07-2017-14:51:31:399 91520 92176 1
20-07-2017-14:51:31:440 92176 92832 1
20-07-2017-14:51:31:481 92832 93488 1
20-07-2017-14:51:31:527 93488 94144 1
20-07-2017-14:51:31:556 94144 94800 1
20-07-2017-14:51:31:596 94800 95456 1
20-07-2017-14:51:31:637 95456 96112 1
20-07-2017-14:51:31:677 96112 96768 1
20-07-2017-14:51:31:725 96768 97424 1
20-07-2017-14:51:31:765 97424 98080 1
20-07-2017-14:51:31:806 98080 98736 1
20-07-2017-14:51:31:846 98736 99392 1
20-07-2017-14:51:31:892 99392 100048 1
20-07-2017-14:51:32:043 100048 100704 1
20-07-2017-14:51:32:044 100704 101360 1
20-07-2017-14:51:32:044 101360 102016 1
20-07-2017-14:51:32:059 102016 102672 1
20-07-2017-14:51:32:089 102672 103328 1
20-07-2017-14:51:32:131 103328 103984 1
20-07-2017-14:51:32:170 103984 104640 1
20-07-2017-14:51:32:212 104640 105296 1
20-07-2017-14:51:32:258 105296 105952 1
20-07-2017-14:51:32:298 105952 106608 1
20-07-2017-14:51:32:340 106608 107264 1
20-07-2017-14:51:32:385 107264 107920 1
20-07-2017-14:51:32:425 107920 108576 1
20-07-2017-14:51:32:466 108576 109232 1
20-07-2017-14:51:32:506 109232 109888 1
20-07-2017-14:51:32:552 109888 110544 1
20-07-2017-14:51:32:582 110544 111200 1
20-07-2017-14:51:32:621 111200 111856 1
20-07-2017-14:51:32:663 111856 112512 1
20-07-2017-14:51:32:704 112512 113168 1
20-07-2017-14:51:32:744 113168 113824 1
20-07-2017-14:51:32:791 113824 114480 1
20-07-2017-14:51:32:833 114480 115136 1
20-07-2017-14:51:32:872 115136 115792 1
20-07-2017-14:51:32:919 115792 116448 1
20-07-2017-14:51:32:960 116448 117104 1
20-07-2017-14:51:33:001 117104 117760 1
20-07-2017-14:51:33:046 117760 118416 1
20-07-2017-14:51:33:088 118416 119072 1
20-07-2017-14:51:33:116 119072 119728 1
20-07-2017-14:51:33:157 119728 120384 1
20-07-2017-14:51:33:198 120384 121040 1
20-07-2017-14:51:33:244 121040 121696 1
20-07-2017-14:51:33:285 121696 122352 1
20-07-2017-14:51:33:325 122352 123008 1
20-07-2017-14:51:33:372 123008 123664 1
20-07-2017-14:51:33:415 123664 124320 1
20-07-2017-14:51:33:442 124320 124976 1
20-07-2017-14:51:33:482 124976 125632 1
20-07-2017-14:51:33:522 125632 126288 1
20-07-2017-14:51:33:565 126288 126944 1
20-07-2017-14:51:33:609 126944 127600 1
20-07-2017-14:51:33:651 127600 128256 1
20-07-2017-14:51:33:692 128256 128912 1
20-07-2017-14:51:33:738 128912 129568 1
20-07-2017-14:51:33:778 129568 130224 1
20-07-2017-14:51:33:819 130224 130880 1
20-07-2017-14:51:33:858 130880 131536 1
20-07-2017-14:51:33:905 131536 132192 1
20-07-2017-14:51:33:935 132192 132848 1
20-07-2017-14:51:33:974 132848 133504 1
20-07-2017-14:51:34:016 133504 134160 1
20-07-2017-14:51:34:065 134160 134816 1
20-07-2017-14:51:34:112 134816 135472 1
20-07-2017-14:51:34:144 135472 136128 1
20-07-2017-14:51:34:185 136128 136784 1
20-07-2017-14:51:34:230 136784 137440 1
20-07-2017-14:51:34:272 137440 138096 1
20-07-2017-14:51:34:317 138096 138752 1
20-07-2017-14:51:34:370 138752 139408 1
20-07-2017-14:51:34:386 139408 140064 1
20-07-2017-14:51:34:430 140064 140720 1
20-07-2017-14:51:34:469 140720 141376 1
20-07-2017-14:51:34:514 141376 142032 1
20-07-2017-14:51:34:557 142032 142688 1
20-07-2017-14:51:34:596 142688 143344 1
20-07-2017-14:51:34:637 143344 144000 1
20-07-2017-14:51:34:681 144000 144656 1
20-07-2017-14:51:34:722 144656 145312 1
20-07-2017-14:51:34:763 145312 145968 1
20-07-2017-14:51:34:811 145968 146624 1
20-07-2017-14:51:34:852 146624 147280 1
20-07-2017-14:51:34:881 147280 147936 1
20-07-2017-14:51:34:921 147936 148592 1
20-07-2017-14:51:34:961 148592 149248 1
20-07-2017-14:51:35:008 149248 149904 1
20-07-2017-14:51:35:047 149904 150560 1
20-07-2017-14:51:35:228 150560 151216 1
20-07-2017-14:51:35:230 151216 151872 1
20-07-2017-14:51:35:230 151872 152528 1
20-07-2017-14:51:35:231 152528 153184 1
20-07-2017-14:51:35:244 153184 153840 1
20-07-2017-14:51:35:300 153840 154496 1
20-07-2017-14:51:35:327 154496 155152 1
20-07-2017-14:51:35:373 155152 155808 1
20-07-2017-14:51:35:415 155808 156464 1
20-07-2017-14:51:35:455 156464 157120 1
20-07-2017-14:51:35:495 157120 157776 1
20-07-2017-14:51:35:541 157776 158432 1
20-07-2017-14:51:35:580 158432 159088 1
20-07-2017-14:51:35:622 159088 159744 1
20-07-2017-14:51:35:661 159744 160400 1
20-07-2017-14:51:35:708 160400 161056 1
20-07-2017-14:51:35:739 161056 161712 1
20-07-2017-14:51:35:792 161712 162352 1
20-07-2017-14:51:35:827 162352 162992 1
20-07-2017-14:51:35:864 162992 163632 1
20-07-2017-14:51:35:904 163632 164272 1
20-07-2017-14:51:35:944 164272 164912 1
20-07-2017-14:51:35:991 164912 165552 1
20-07-2017-14:51:36:020 165552 166192 1
20-07-2017-14:51:36:061 166192 166832 1
20-07-2017-14:51:36:101 166832 167472 1
20-07-2017-14:51:36:142 167472 168112 1
20-07-2017-14:51:36:193 168112 168752 1
20-07-2017-14:51:36:230 168752 169392 1
20-07-2017-14:51:36:260 169392 170032 1
20-07-2017-14:51:36:299 170032 170672 1
20-07-2017-14:51:36:340 170672 171312 1
20-07-2017-14:51:36:380 171312 171952 1
20-07-2017-14:51:36:427 171952 172592 1
20-07-2017-14:51:36:467 172592 173232 1
20-07-2017-14:51:36:497 173232 173872 1
20-07-2017-14:51:36:538 173872 174512 1
20-07-2017-14:51:36:578 174512 175152 1
20-07-2017-14:51:36:625 175152 175792 1
20-07-2017-14:51:36:664 175792 176432 1
20-07-2017-14:51:36:706 176432 177072 1
20-07-2017-14:51:36:747 177072 177712 1
20-07-2017-14:51:36:794 177712 178352 1
20-07-2017-14:51:36:821 178352 178992 1
20-07-2017-14:51:36:862 178992 179632 1
20-07-2017-14:51:36:902 179632 180272 1
20-07-2017-14:51:36:942 180272 180912 1
20-07-2017-14:51:36:988 180912 181552 1
20-07-2017-14:51:37:030 181552 182192 1
20-07-2017-14:51:37:058 182192 182832 1
20-07-2017-14:51:37:100 182832 183472 1
20-07-2017-14:51:37:139 183472 184112 1
20-07-2017-14:51:37:181 184112 184752 1
20-07-2017-14:51:37:227 184752 185392 1
20-07-2017-14:51:37:273 185392 186032 1
20-07-2017-14:51:37:314 186032 186672 1
20-07-2017-14:51:37:345 186672 187312 1
20-07-2017-14:51:37:382 187312 187952 1
20-07-2017-14:51:37:423 187952 188592 1
20-07-2017-14:51:37:515 188592 189232 1
20-07-2017-14:51:37:524 189232 189872 1
20-07-2017-14:51:37:539 189872 190512 1
20-07-2017-14:51:37:580 190512 191152 1
20-07-2017-14:51:37:621 191152 191792 1
20-07-2017-14:51:37:662 191792 192432 1
20-07-2017-14:51:37:708 192432 193072 1
20-07-2017-14:51:37:741 193072 193712 1
20-07-2017-14:51:37:779 193712 194352 1
20-07-2017-14:51:37:818 194352 194992 1
20-07-2017-14:51:37:860 194992 195632 1
20-07-2017-14:51:37:906 195632 196272 1
20-07-2017-14:51:37:946 196272 196912 1
20-07-2017-14:51:37:987 196912 197552 1
20-07-2017-14:51:38:031 197552 198192 1
20-07-2017-14:51:38:076 198192 198832 1
20-07-2017-14:51:38:096 198832 199472 1
20-07-2017-14:51:38:143 199472 200112 1
20-07-2017-14:51:38:185 200112 200752 1
20-07-2017-14:51:38:225 200752 201392 1
20-07-2017-14:51:38:271 201392 202032 1
20-07-2017-14:51:38:311 202032 202672 1
20-07-2017-14:51:38:339 202672 203312 1
20-07-2017-14:51:38:381 203312 203952 1
20-07-2017-14:51:38:421 203952 204592 1
20-07-2017-14:51:38:462 204592 205232 1
20-07-2017-14:51:38:509 205232 205872 1
20-07-2017-14:51:38:549 205872 206512 1
20-07-2017-14:51:38:579 206512 207152 1
20-07-2017-14:51:38:625 207152 207792 1
20-07-2017-14:51:38:665 207792 208432 1
20-07-2017-14:51:38:711 208432 209072 1
20-07-2017-14:51:38:738 209072 209712 1
20-07-2017-14:51:38:781 209712 210352 1
20-07-2017-14:51:38:820 210352 210992 1
20-07-2017-14:51:38:866 210992 211632 1
20-07-2017-14:51:38:906 211632 212272 1
20-07-2017-14:51:38:948 212272 212912 1
20-07-2017-14:51:38:977 212912 213552 1
20-07-2017-14:51:39:016 213552 214192 1
20-07-2017-14:51:39:063 214192 214832 1
20-07-2017-14:51:39:105 214832 215472 1
20-07-2017-14:51:39:145 215472 216112 1
20-07-2017-14:51:39:185 216112 216752 1
20-07-2017-14:51:39:231 216752 217392 1
20-07-2017-14:51:39:271 217392 218032 1
20-07-2017-14:51:39:300 218032 218672 1
20-07-2017-14:51:39:342 218672 219312 1
20-07-2017-14:51:39:382 219312 219952 1
20-07-2017-14:51:39:422 219952 220592 1
20-07-2017-14:51:39:467 220592 221232 1
20-07-2017-14:51:39:509 221232 221872 1
20-07-2017-14:51:39:540 221872 222512 1
20-07-2017-14:51:39:578 222512 223152 1
20-07-2017-14:51:39:618 223152 223792 1
20-07-2017-14:51:39:665 223792 224432 1
20-07-2017-14:51:39:705 224432 225072 1
20-07-2017-14:51:39:746 225072 225712 1
20-07-2017-14:51:39:787 225712 226352 1
20-07-2017-14:51:39:833 226352 226992 1
20-07-2017-14:51:39:862 226992 227632 1
20-07-2017-14:51:39:903 227632 228272 1
20-07-2017-14:51:39:944 228272 228912 1
20-07-2017-14:51:39:985 228912 229552 1
20-07-2017-14:51:40:025 229552 230192 1
20-07-2017-14:51:40:072 230192 230832 1
20-07-2017-14:51:40:102 230832 231472 1
20-07-2017-14:51:40:141 231472 232112 1
20-07-2017-14:51:40:182 232112 232752 1
20-07-2017-14:51:40:228 232752 233392 1
20-07-2017-14:51:40:257 233392 234032 1
20-07-2017-14:51:40:297 234032 234672 1
20-07-2017-14:51:40:338 234672 235312 1
20-07-2017-14:51:40:383 235312 235952 1
20-07-2017-14:51:40:425 235952 236592 1
20-07-2017-14:51:40:465 236592 237232 1
20-07-2017-14:51:40:505 237232 237872 1
20-07-2017-14:51:40:554 237872 238512 1
20-07-2017-14:51:40:581 238512 239152 1
20-07-2017-14:51:40:769 239152 239792 1
20-07-2017-14:51:40:770 239792 240432 1
20-07-2017-14:51:40:770 240432 241072 1
20-07-2017-14:51:40:770 241072 241712 1
20-07-2017-14:51:40:783 241712 242352 1
20-07-2017-14:51:40:838 242352 242992 1
20-07-2017-14:51:40:865 242992 243632 1
20-07-2017-14:51:40:906 243632 244272 1
20-07-2017-14:51:40:951 244272 244912 1
20-07-2017-14:51:40:980 244912 245552 1
20-07-2017-14:51:41:021 245552 246192 1
20-07-2017-14:51:41:061 246192 246832 1
20-07-2017-14:51:41:103 246832 247472 1
20-07-2017-14:51:41:148 247472 248112 1
20-07-2017-14:51:41:189 248112 248752 1
20-07-2017-14:51:41:220 248752 249392 1
20-07-2017-14:51:41:260 249392 250032 1
20-07-2017-14:51:41:299 250032 250672 1
20-07-2017-14:51:41:341 250672 251312 1
20-07-2017-14:51:41:387 251312 251952 1
20-07-2017-14:51:41:428 251952 252592 1
20-07-2017-14:51:41:457 252592 253232 1
20-07-2017-14:51:41:497 253232 253872 1
20-07-2017-14:51:41:538 253872 254512 1
20-07-2017-14:51:41:585 254512 255152 1
20-07-2017-14:51:41:625 255152 255792 1
20-07-2017-14:51:41:665 255792 256432 1
20-07-2017-14:51:41:711 256432 257072 1
20-07-2017-14:51:41:746 257072 257712 1
20-07-2017-14:51:41:793 257712 258352 1
20-07-2017-14:51:41:819 258352 258992 1
20-07-2017-14:51:41:867 258992 259632 1
20-07-2017-14:51:41:908 259632 260272 1
20-07-2017-14:51:41:936 260272 260912 1
20-07-2017-14:51:41:976 260912 261552 1
20-07-2017-14:51:42:018 261552 262192 1
20-07-2017-14:51:42:058 262192 262832 1
20-07-2017-14:51:42:106 262832 263472 1
20-07-2017-14:51:42:145 263472 264112 1
20-07-2017-14:51:42:187 264112 264752 1
20-07-2017-14:51:42:227 264752 265392 1
20-07-2017-14:51:42:256 265392 266032 1
20-07-2017-14:51:42:303 266032 266672 1
20-07-2017-14:51:42:342 266672 267312 1
20-07-2017-14:51:42:384 267312 267952 1
20-07-2017-14:51:42:425 267952 268592 1
20-07-2017-14:51:42:470 268592 269232 1
20-07-2017-14:51:42:511 269232 269872 1
20-07-2017-14:51:42:540 269872 270512 1
20-07-2017-14:51:42:581 270512 271152 1
20-07-2017-14:51:42:620 271152 271792 1
20-07-2017-14:51:42:662 271792 272432 1
20-07-2017-14:51:42:710 272432 273072 1
20-07-2017-14:51:42:738 273072 273712 1
20-07-2017-14:51:42:778 273712 274352 1
20-07-2017-14:51:42:820 274352 274992 1
20-07-2017-14:51:42:861 274992 275632 1
20-07-2017-14:51:42:908 275632 276272 1
20-07-2017-14:51:42:948 276272 276912 1
20-07-2017-14:51:42:988 276912 277552 1
20-07-2017-14:51:43:016 277552 278192 1
20-07-2017-14:51:43:057 278192 278832 1
20-07-2017-14:51:43:104 278832 279472 1
20-07-2017-14:51:43:145 279472 280112 1
20-07-2017-14:51:43:185 280112 280752 1
20-07-2017-14:51:43:228 280752 281392 1
20-07-2017-14:51:43:257 281392 282032 1
20-07-2017-14:51:43:298 282032 282672 1
20-07-2017-14:51:43:337 282672 283312 1
20-07-2017-14:51:43:385 283312 283952 1
20-07-2017-14:51:43:425 283952 284592 1
20-07-2017-14:51:43:465 284592 285232 1
20-07-2017-14:51:43:506 285232 285872 1
20-07-2017-14:51:43:554 285872 286512 1
20-07-2017-14:51:43:581 286512 287152 1
20-07-2017-14:51:43:623 287152 287792 1
20-07-2017-14:51:43:664 287792 288432 1
20-07-2017-14:51:43:705 288432 289072 1
20-07-2017-14:51:43:751 289072 289712 1
20-07-2017-14:51:43:890 289712 290352 1
20-07-2017-14:51:43:892 290352 290992 1
20-07-2017-14:51:43:893 290992 291632 1
20-07-2017-14:51:43:902 291632 292272 1
20-07-2017-14:51:43:948 292272 292912 1
20-07-2017-14:51:43:990 292912 293552 1
20-07-2017-14:51:44:018 293552 294192 1
20-07-2017-14:51:44:059 294192 294832 1
20-07-2017-14:51:44:101 294832 295472 1
20-07-2017-14:51:44:149 295472 296112 1
20-07-2017-14:51:44:190 296112 296752 1
20-07-2017-14:51:44:228 296752 297392 1
20-07-2017-14:51:44:264 297392 298032 1
20-07-2017-14:51:44:297 298032 298672 1
20-07-2017-14:51:44:347 298672 299312 1
20-07-2017-14:51:44:387 299312 299952 1
20-07-2017-14:51:44:425 299952 300592 1
20-07-2017-14:51:44:466 300592 301232 1
20-07-2017-14:51:44:511 301232 301872 1
20-07-2017-14:51:44:541 301872 302512 1
20-07-2017-14:51:44:582 302512 303152 1
20-07-2017-14:51:44:621 303152 303792 1
20-07-2017-14:51:44:670 303792 304432 1
20-07-2017-14:51:44:708 304432 305072 1
20-07-2017-14:51:44:754 305072 305712 1
20-07-2017-14:51:44:783 305712 306352 1
20-07-2017-14:51:44:823 306352 306992 1
20-07-2017-14:51:44:862 306992 307632 1
20-07-2017-14:51:44:904 307632 308272 1
20-07-2017-14:51:44:951 308272 308912 1
20-07-2017-14:51:44:991 308912 309552 1
20-07-2017-14:51:45:021 309552 310192 1
20-07-2017-14:51:45:059 310192 310832 1
20-07-2017-14:51:45:100 310832 311472 1
20-07-2017-14:51:45:141 311472 312112 1
20-07-2017-14:51:45:187 312112 312752 1
20-07-2017-14:51:45:227 312752 313392 1
20-07-2017-14:51:45:259 313392 314032 1
20-07-2017-14:51:45:297 314032 314672 1
20-07-2017-14:51:45:337 314672 315312 1
20-07-2017-14:51:45:383 315312 315952 1
20-07-2017-14:51:45:424 315952 316592 1
20-07-2017-14:51:45:466 316592 317232 1
20-07-2017-14:51:45:511 317232 317872 1
20-07-2017-14:51:45:551 317872 318512 1
20-07-2017-14:51:45:580 318512 319152 1
20-07-2017-14:51:45:621 319152 319792 1
20-07-2017-14:51:45:662 319792 320432 1
20-07-2017-14:51:45:702 320432 321072 1
20-07-2017-14:51:45:748 321072 321712 1
20-07-2017-14:51:45:789 321712 322352 1
20-07-2017-14:51:45:817 322352 322992 1
20-07-2017-14:51:45:857 322992 323632 1
20-07-2017-14:51:45:899 323632 324272 1
20-07-2017-14:51:45:943 324272 324912 1
20-07-2017-14:51:45:985 324912 325552 1
20-07-2017-14:51:46:023 325552 326192 1
20-07-2017-14:51:46:065 326192 326832 1
20-07-2017-14:51:46:111 326832 327472 1
20-07-2017-14:51:46:139 327472 328112 1
20-07-2017-14:51:46:181 328112 328752 1
20-07-2017-14:51:46:223 328752 329392 1
20-07-2017-14:51:46:264 329392 330032 1
20-07-2017-14:51:46:305 330032 330672 1
20-07-2017-14:51:46:351 330672 331312 1
20-07-2017-14:51:46:393 331312 331952 1
20-07-2017-14:51:46:421 331952 332592 1
20-07-2017-14:51:46:462 332592 333232 1
20-07-2017-14:51:46:502 333232 333872 1
20-07-2017-14:51:46:548 333872 334512 1
20-07-2017-14:51:46:577 334512 335152 1
20-07-2017-14:51:46:617 335152 335792 1
20-07-2017-14:51:46:658 335792 336432 1
20-07-2017-14:51:46:698 336432 337072 1
20-07-2017-14:51:46:745 337072 337712 1
20-07-2017-14:51:46:788 337712 338352 1
20-07-2017-14:51:46:830 338352 338992 1
20-07-2017-14:51:46:857 338992 339632 1
20-07-2017-14:51:46:897 339632 340272 1
20-07-2017-14:51:47:041 340272 340912 1
20-07-2017-14:51:47:043 340912 341552 1
20-07-2017-14:51:47:043 341552 342192 1
20-07-2017-14:51:47:072 342192 342832 1
20-07-2017-14:51:47:108 342832 343472 1
20-07-2017-14:51:47:153 343472 344112 1
20-07-2017-14:51:47:182 344112 344752 1
20-07-2017-14:51:47:222 344752 345392 1
20-07-2017-14:51:47:267 345392 346032 1
20-07-2017-14:51:47:303 346032 346672 1
20-07-2017-14:51:47:351 346672 347312 1
20-07-2017-14:51:47:393 347312 347952 1
20-07-2017-14:51:47:419 347952 348592 1
20-07-2017-14:51:47:461 348592 349232 1
20-07-2017-14:51:47:502 349232 349872 1
20-07-2017-14:51:47:547 349872 350512 1
20-07-2017-14:51:47:589 350512 351152 1
20-07-2017-14:51:47:621 351152 351792 1
20-07-2017-14:51:47:660 351792 352432 1
20-07-2017-14:51:47:700 352432 353072 1
20-07-2017-14:51:47:740 353072 353712 1
20-07-2017-14:51:47:782 353712 354352 1
20-07-2017-14:51:47:827 354352 354992 1
20-07-2017-14:51:47:868 354992 355632 1
20-07-2017-14:51:47:896 355632 356272 1
20-07-2017-14:51:47:938 356272 356912 1
20-07-2017-14:51:47:978 356912 357552 1
20-07-2017-14:51:48:025 357552 358192 1
20-07-2017-14:51:48:065 358192 358832 1
20-07-2017-14:51:48:105 358832 359472 1
20-07-2017-14:51:48:146 359472 360112 1
20-07-2017-14:51:48:192 360112 360752 1
20-07-2017-14:51:48:221 360752 361392 1
20-07-2017-14:51:48:261 361392 362032 1
20-07-2017-14:51:48:318 362032 362672 1
20-07-2017-14:51:48:430 362672 363312 1
20-07-2017-14:51:48:431 363312 363952 1
20-07-2017-14:51:48:432 363952 364592 1
20-07-2017-14:51:48:460 364592 365232 1
20-07-2017-14:51:48:500 365232 365872 1
20-07-2017-14:51:48:541 365872 366512 1
20-07-2017-14:51:48:587 366512 367152 1
20-07-2017-14:51:48:627 367152 367792 1
20-07-2017-14:51:48:666 367792 368432 1
20-07-2017-14:51:48:696 368432 369072 1
20-07-2017-14:51:48:740 369072 369712 1
20-07-2017-14:51:48:778 369712 370352 1
20-07-2017-14:51:48:824 370352 370992 1
20-07-2017-14:51:48:865 370992 371632 1
20-07-2017-14:51:48:906 371632 372272 1
20-07-2017-14:51:48:952 372272 372912 1
20-07-2017-14:51:48:980 372912 373552 1
20-07-2017-14:51:49:021 373552 374192 1
20-07-2017-14:51:49:062 374192 374832 1
20-07-2017-14:51:49:103 374832 375472 1
20-07-2017-14:51:49:149 375472 376112 1
20-07-2017-14:51:49:179 376112 376752 1
20-07-2017-14:51:49:217 376752 377392 1
20-07-2017-14:51:49:258 377392 378032 1
20-07-2017-14:51:49:299 378032 378672 1
20-07-2017-14:51:49:341 378672 379312 1
20-07-2017-14:51:49:386 379312 379952 1
20-07-2017-14:51:49:428 379952 380592 1
20-07-2017-14:51:49:456 380592 381232 1
20-07-2017-14:51:49:497 381232 381872 1
20-07-2017-14:51:49:538 381872 382512 1
20-07-2017-14:51:49:584 382512 383152 1
20-07-2017-14:51:49:626 383152 383792 1
20-07-2017-14:51:49:666 383792 384432 1
20-07-2017-14:51:49:712 384432 385072 1
20-07-2017-14:51:49:752 385072 385712 1
20-07-2017-14:51:49:781 385712 386352 1
20-07-2017-14:51:49:821 386352 386992 1
20-07-2017-14:51:49:864 386992 387632 1
20-07-2017-14:51:49:909 387632 388272 1
20-07-2017-14:51:49:949 388272 388912 1
20-07-2017-14:51:49:978 388912 389552 1
20-07-2017-14:51:50:020 389552 390192 1
20-07-2017-14:51:50:060 390192 390832 1
20-07-2017-14:51:50:106 390832 391472 1
20-07-2017-14:51:50:148 391472 392112 1
20-07-2017-14:51:50:188 392112 392752 1
20-07-2017-14:51:50:216 392752 393392 1
20-07-2017-14:51:50:257 393392 394032 1
20-07-2017-14:51:50:296 394032 394672 1
20-07-2017-14:51:50:344 394672 395312 1
20-07-2017-14:51:50:384 395312 395952 1
20-07-2017-14:51:50:424 395952 396592 1
20-07-2017-14:51:50:466 396592 397232 1
20-07-2017-14:51:50:510 397232 397872 1
20-07-2017-14:51:50:539 397872 398512 1
20-07-2017-14:51:50:580 398512 399152 1
20-07-2017-14:51:50:622 399152 399792 1
20-07-2017-14:51:50:662 399792 400432 1
20-07-2017-14:51:50:709 400432 401072 1
20-07-2017-14:51:50:736 401072 401712 1
20-07-2017-14:51:50:776 401712 402352 1
20-07-2017-14:51:50:823 402352 402992 1
20-07-2017-14:51:50:863 402992 403632 1
20-07-2017-14:51:50:903 403632 404272 1
20-07-2017-14:51:50:950 404272 404912 1
20-07-2017-14:51:50:993 404912 405552 1
20-07-2017-14:51:51:022 405552 406192 1
20-07-2017-14:51:51:062 406192 406832 1
20-07-2017-14:51:51:102 406832 407472 1
20-07-2017-14:51:51:143 407472 408112 1
20-07-2017-14:51:51:190 408112 408752 1
20-07-2017-14:51:51:219 408752 409392 1
20-07-2017-14:51:51:260 409392 410032 1
20-07-2017-14:51:51:301 410032 410672 1
20-07-2017-14:51:51:341 410672 411312 1
20-07-2017-14:51:51:387 411312 411952 1
20-07-2017-14:51:51:418 411952 412592 1
20-07-2017-14:51:51:463 412592 413232 1
20-07-2017-14:51:51:680 413232 413872 1
20-07-2017-14:51:51:681 413872 414512 1
20-07-2017-14:51:51:681 414512 415152 1
20-07-2017-14:51:51:681 415152 415792 1
20-07-2017-14:51:51:681 415792 416432 1
20-07-2017-14:51:51:706 416432 417072 1
20-07-2017-14:51:51:736 417072 417712 1
20-07-2017-14:51:51:782 417712 418352 1
20-07-2017-14:51:51:829 418352 418992 1
20-07-2017-14:51:51:866 418992 419632 1
20-07-2017-14:51:51:905 419632 420272 1
20-07-2017-14:51:51:951 420272 420912 1
20-07-2017-14:51:51:993 420912 421552 1
20-07-2017-14:51:52:023 421552 422192 1
20-07-2017-14:51:52:065 422192 422832 1
20-07-2017-14:51:52:104 422832 423472 1
20-07-2017-14:51:52:155 423472 424112 1
20-07-2017-14:51:52:190 424112 424752 1
20-07-2017-14:51:52:231 424752 425392 1
20-07-2017-14:51:52:264 425392 426032 1
20-07-2017-14:51:52:302 426032 426672 1
20-07-2017-14:51:52:343 426672 427312 1
20-07-2017-14:51:52:383 427312 427952 1
20-07-2017-14:51:52:429 427952 428592 1
20-07-2017-14:51:52:459 428592 429232 1
20-07-2017-14:51:52:500 429232 429872 1
20-07-2017-14:51:52:539 429872 430512 1
20-07-2017-14:51:52:580 430512 431152 1
20-07-2017-14:51:52:628 431152 431792 1
20-07-2017-14:51:52:668 431792 432432 1
20-07-2017-14:51:52:697 432432 433072 1
20-07-2017-14:51:52:738 433072 433712 1
20-07-2017-14:51:52:776 433712 434352 1
20-07-2017-14:51:52:823 434352 434992 1
20-07-2017-14:51:52:867 434992 435632 1
20-07-2017-14:51:52:905 435632 436272 1
20-07-2017-14:51:52:947 436272 436912 1
20-07-2017-14:51:52:992 436912 437552 1
20-07-2017-14:51:53:020 437552 438192 1
20-07-2017-14:51:53:061 438192 438832 1
20-07-2017-14:51:53:100 438832 439472 1
20-07-2017-14:51:53:141 439472 440112 1
20-07-2017-14:51:53:188 440112 440752 1
20-07-2017-14:51:53:218 440752 441392 1
20-07-2017-14:51:53:257 441392 442032 1
20-07-2017-14:51:53:299 442032 442672 1
20-07-2017-14:51:53:338 442672 443312 1
20-07-2017-14:51:53:384 443312 443952 1
20-07-2017-14:51:53:426 443952 444592 1
20-07-2017-14:51:53:467 444592 445232 1
20-07-2017-14:51:53:506 445232 445872 1
20-07-2017-14:51:53:535 445872 446512 1
20-07-2017-14:51:53:583 446512 447152 1
20-07-2017-14:51:53:623 447152 447792 1
20-07-2017-14:51:53:663 447792 448432 1
20-07-2017-14:51:53:709 448432 449072 1
20-07-2017-14:51:53:738 449072 449712 1
20-07-2017-14:51:53:780 449712 450352 1
20-07-2017-14:51:53:824 450352 450992 1
20-07-2017-14:51:53:865 450992 451632 1
20-07-2017-14:51:53:905 451632 452272 1
20-07-2017-14:51:53:945 452272 452912 1
20-07-2017-14:51:53:992 452912 453552 1
20-07-2017-14:51:54:020 453552 454192 1
20-07-2017-14:51:54:061 454192 454832 1
20-07-2017-14:51:54:103 454832 455472 1
20-07-2017-14:51:54:142 455472 456112 1
20-07-2017-14:51:54:189 456112 456752 1
20-07-2017-14:51:54:217 456752 457392 1
20-07-2017-14:51:54:259 457392 458032 1
20-07-2017-14:51:54:298 458032 458672 1
20-07-2017-14:51:54:343 458672 459312 1
20-07-2017-14:51:54:385 459312 459952 1
20-07-2017-14:51:54:425 459952 460592 1
20-07-2017-14:51:54:465 460592 461232 1
20-07-2017-14:51:54:511 461232 461872 1
20-07-2017-14:51:54:553 461872 462512 1
20-07-2017-14:51:54:583 462512 463152 1
20-07-2017-14:51:54:622 463152 463792 1
20-07-2017-14:51:54:848 463792 464432 1
20-07-2017-14:51:54:849 464432 465072 1
20-07-2017-14:51:54:849 465072 465712 1
20-07-2017-14:51:54:849 465712 466352 1
20-07-2017-14:51:54:849 466352 466992 1
20-07-2017-14:51:54:860 466992 467632 1
20-07-2017-14:51:54:901 467632 468272 1
20-07-2017-14:51:54:942 468272 468912 1
20-07-2017-14:51:54:990 468912 469552 1
20-07-2017-14:51:55:031 469552 470192 1
20-07-2017-14:51:55:058 470192 470832 1
20-07-2017-14:51:55:100 470832 471472 1
20-07-2017-14:51:55:141 471472 472112 1
20-07-2017-14:51:55:182 472112 472752 1
20-07-2017-14:51:55:222 472752 473392 1
20-07-2017-14:51:55:268 473392 474032 1
20-07-2017-14:51:55:308 474032 474672 1
20-07-2017-14:51:55:338 474672 475312 1
20-07-2017-14:51:55:378 475312 475952 1
20-07-2017-14:51:55:419 475952 476592 1
20-07-2017-14:51:55:468 476592 477232 1
20-07-2017-14:51:55:507 477232 477872 1
20-07-2017-14:51:55:546 477872 478512 1
20-07-2017-14:51:55:577 478512 479152 1
20-07-2017-14:51:55:672 479152 479792 1
20-07-2017-14:51:55:676 479792 480432 1
20-07-2017-14:51:55:705 480432 481072 1
20-07-2017-14:51:55:746 481072 481712 1
20-07-2017-14:51:55:786 481712 482352 1
20-07-2017-14:51:55:835 482352 482992 1
20-07-2017-14:51:55:863 482992 483632 1
20-07-2017-14:51:55:901 483632 484272 1
20-07-2017-14:51:55:943 484272 484912 1
20-07-2017-14:51:55:983 484912 485552 1
20-07-2017-14:51:56:030 485552 486192 1
20-07-2017-14:51:56:071 486192 486832 1
20-07-2017-14:51:56:100 486832 487472 1
20-07-2017-14:51:56:143 487472 488112 1
20-07-2017-14:51:56:182 488112 488752 1
20-07-2017-14:51:56:228 488752 489392 1
20-07-2017-14:51:56:269 489392 490032 1
20-07-2017-14:51:56:298 490032 490672 1
20-07-2017-14:51:56:339 490672 491312 1
20-07-2017-14:51:56:379 491312 491952 1
20-07-2017-14:51:56:589 491952 492592 1
20-07-2017-14:51:56:592 492592 493232 1
20-07-2017-14:51:56:593 493232 493872 1
20-07-2017-14:51:56:593 493872 494512 1
20-07-2017-14:51:56:593 494512 495152 1
20-07-2017-14:51:56:624 495152 495792 1
20-07-2017-14:51:56:664 495792 496432 1
20-07-2017-14:51:56:705 496432 497072 1
20-07-2017-14:51:56:745 497072 497712 1
20-07-2017-14:51:56:786 497712 498352 1
20-07-2017-14:51:56:828 498352 498992 1
20-07-2017-14:51:56:856 498992 499632 1
20-07-2017-14:51:56:903 499632 500272 1
20-07-2017-14:51:56:943 500272 500912 1
20-07-2017-14:51:56:983 500912 501552 1
20-07-2017-14:51:57:031 501552 502192 1
20-07-2017-14:51:57:070 502192 502832 1
20-07-2017-14:51:57:100 502832 503472 1
20-07-2017-14:51:57:141 503472 504112 1
20-07-2017-14:51:57:181 504112 504752 1
20-07-2017-14:51:57:226 504752 505392 1
20-07-2017-14:51:57:267 505392 506032 1
20-07-2017-14:51:57:296 506032 506672 1
20-07-2017-14:51:57:337 506672 507312 1
20-07-2017-14:51:57:379 507312 507952 1
20-07-2017-14:51:57:418 507952 508592 1
20-07-2017-14:51:57:464 508592 509232 1
20-07-2017-14:51:57:506 509232 509872 1
20-07-2017-14:51:57:546 509872 510512 1
20-07-2017-14:51:57:586 510512 511152 1
20-07-2017-14:51:57:617 511152 511792 1
20-07-2017-14:51:57:661 511792 512432 1
20-07-2017-14:51:57:703 512432 513072 1
20-07-2017-14:51:57:743 513072 513712 1
20-07-2017-14:51:57:783 513712 514352 1
20-07-2017-14:51:57:829 514352 514992 1
20-07-2017-14:51:57:871 514992 515632 1
20-07-2017-14:51:57:900 515632 516272 1
20-07-2017-14:51:57:941 516272 516912 1
20-07-2017-14:51:57:980 516912 517552 1
20-07-2017-14:51:58:026 517552 518192 1
20-07-2017-14:51:58:068 518192 518832 1
20-07-2017-14:51:58:097 518832 519472 1
20-07-2017-14:51:58:137 519472 520112 1
20-07-2017-14:51:58:177 520112 520752 1
20-07-2017-14:51:58:223 520752 521392 1
20-07-2017-14:51:58:264 521392 522032 1
20-07-2017-14:51:58:314 522032 522672 1
20-07-2017-14:51:58:340 522672 523312 1
20-07-2017-14:51:58:380 523312 523952 1
20-07-2017-14:51:58:420 523952 524592 1
20-07-2017-14:51:58:461 524592 525232 1
20-07-2017-14:51:58:508 525232 525872 1
20-07-2017-14:51:58:538 525872 526512 1
20-07-2017-14:51:58:578 526512 527152 1
20-07-2017-14:51:58:617 527152 527792 1
20-07-2017-14:51:58:659 527792 528432 1
20-07-2017-14:51:58:704 528432 529072 1
20-07-2017-14:51:58:746 529072 529712 1
20-07-2017-14:51:58:923 529712 530352 1
20-07-2017-14:51:58:928 530352 530992 1
20-07-2017-14:51:58:928 530992 531632 1
20-07-2017-14:51:58:928 531632 532272 1
20-07-2017-14:51:58:944 532272 532912 1
20-07-2017-14:51:58:991 532912 533552 1
20-07-2017-14:51:59:031 533552 534192 1
20-07-2017-14:51:59:057 534192 534832 1
20-07-2017-14:51:59:099 534832 535472 1
20-07-2017-14:51:59:138 535472 536112 1
20-07-2017-14:51:59:184 536112 536752 1
20-07-2017-14:51:59:224 536752 537392 1
20-07-2017-14:51:59:265 537392 538032 1
20-07-2017-14:51:59:304 538032 538672 1
20-07-2017-14:51:59:351 538672 539312 1
20-07-2017-14:51:59:379 539312 539952 1
20-07-2017-14:51:59:456 539952 540592 1
20-07-2017-14:51:59:469 540592 541232 1
20-07-2017-14:51:59:500 541232 541872 1
20-07-2017-14:51:59:547 541872 542512 1
20-07-2017-14:51:59:577 542512 543152 1
20-07-2017-14:51:59:616 543152 543792 1
20-07-2017-14:51:59:659 543792 544432 1
20-07-2017-14:51:59:700 544432 545072 1
20-07-2017-14:51:59:744 545072 545712 1
20-07-2017-14:51:59:785 545712 546352 1
20-07-2017-14:51:59:825 546352 546992 1
20-07-2017-14:51:59:864 546992 547632 1
20-07-2017-14:51:59:911 547632 548272 1
20-07-2017-14:51:59:940 548272 548912 1
20-07-2017-14:51:59:981 548912 549552 1
20-07-2017-14:52:00:023 549552 550192 1
20-07-2017-14:52:00:067 550192 550832 1
20-07-2017-14:52:00:108 550832 551472 1
20-07-2017-14:52:00:139 551472 552112 1
20-07-2017-14:52:00:179 552112 552752 1
20-07-2017-14:52:00:219 552752 553392 1
20-07-2017-14:52:00:266 553392 554032 1
20-07-2017-14:52:00:307 554032 554672 1
20-07-2017-14:52:00:349 554672 555312 1
20-07-2017-14:52:00:377 555312 555952 1
20-07-2017-14:52:00:416 555952 556592 1
20-07-2017-14:52:00:463 556592 557232 1
20-07-2017-14:52:00:503 557232 557872 1
20-07-2017-14:52:00:543 557872 558512 1
20-07-2017-14:52:00:585 558512 559152 1
20-07-2017-14:52:00:629 559152 559792 1
20-07-2017-14:52:00:660 559792 560432 1
20-07-2017-14:52:00:700 560432 561072 1
20-07-2017-14:52:00:739 561072 561712 1
20-07-2017-14:52:00:782 561712 562352 1
20-07-2017-14:52:00:821 562352 562992 1
20-07-2017-14:52:00:861 562992 563632 1
20-07-2017-14:52:00:902 563632 564272 1
20-07-2017-14:52:00:944 564272 564912 1
20-07-2017-14:52:00:989 564912 565552 1
20-07-2017-14:52:01:018 565552 566192 1
20-07-2017-14:52:01:059 566192 566832 1
20-07-2017-14:52:01:098 566832 567472 1
20-07-2017-14:52:01:140 567472 568112 1
20-07-2017-14:52:01:186 568112 568752 1
20-07-2017-14:52:01:230 568752 569392 1
20-07-2017-14:52:01:259 569392 570032 1
20-07-2017-14:52:01:301 570032 570672 1
20-07-2017-14:52:01:341 570672 571312 1
20-07-2017-14:52:01:380 571312 571952 1
20-07-2017-14:52:01:429 571952 572592 1
20-07-2017-14:52:01:456 572592 573232 1
20-07-2017-14:52:01:496 573232 573872 1
20-07-2017-14:52:01:540 573872 574512 1
20-07-2017-14:52:01:584 574512 575152 1
20-07-2017-14:52:01:684 575152 575792 1
20-07-2017-14:52:01:686 575792 576432 1
20-07-2017-14:52:01:711 576432 577072 1
20-07-2017-14:52:01:751 577072 577712 1
20-07-2017-14:52:01:782 577712 578352 1
20-07-2017-14:52:01:822 578352 578992 1
20-07-2017-14:52:01:862 578992 579632 1
20-07-2017-14:52:01:903 579632 580272 1
20-07-2017-14:52:01:950 580272 580912 1
20-07-2017-14:52:01:978 580912 581552 1
20-07-2017-14:52:02:018 581552 582192 1
20-07-2017-14:52:02:060 582192 582832 1
20-07-2017-14:52:02:099 582832 583472 1
20-07-2017-14:52:02:145 583472 584112 1
20-07-2017-14:52:02:187 584112 584752 1
20-07-2017-14:52:02:227 584752 585392 1
20-07-2017-14:52:02:274 585392 586032 1
20-07-2017-14:52:02:295 586032 586672 1
20-07-2017-14:52:02:342 586672 587312 1
20-07-2017-14:52:02:384 587312 587952 1
20-07-2017-14:52:02:423 587952 588592 1
20-07-2017-14:52:02:470 588592 589232 1
20-07-2017-14:52:02:511 589232 589872 1
20-07-2017-14:52:02:540 589872 590512 1
20-07-2017-14:52:02:579 590512 591152 1
20-07-2017-14:52:02:619 591152 591792 1
20-07-2017-14:52:02:667 591792 592432 1
20-07-2017-14:52:02:707 592432 593072 1
20-07-2017-14:52:02:748 593072 593712 1
20-07-2017-14:52:02:777 593712 594352 1
20-07-2017-14:52:02:817 594352 594992 1
20-07-2017-14:52:02:858 594992 595632 1
20-07-2017-14:52:02:905 595632 596272 1
20-07-2017-14:52:02:945 596272 596912 1
20-07-2017-14:52:02:985 596912 597552 1
20-07-2017-14:52:03:031 597552 598192 1
20-07-2017-14:52:03:062 598192 598832 1
20-07-2017-14:52:03:102 598832 599472 1
20-07-2017-14:52:03:142 599472 600112 1
20-07-2017-14:52:03:185 600112 600752 1
20-07-2017-14:52:03:229 600752 601392 1
20-07-2017-14:52:03:258 601392 602032 1
20-07-2017-14:52:03:299 602032 602672 1
20-07-2017-14:52:03:341 602672 603312 1
20-07-2017-14:52:03:381 603312 603952 1
20-07-2017-14:52:03:423 603952 604592 1
20-07-2017-14:52:03:468 604592 605232 1
20-07-2017-14:52:03:497 605232 605872 1
20-07-2017-14:52:03:537 605872 606512 1
20-07-2017-14:52:03:577 606512 607152 1
20-07-2017-14:52:03:619 607152 607792 1
20-07-2017-14:52:03:665 607792 608432 1
20-07-2017-14:52:03:705 608432 609072 1
20-07-2017-14:52:03:746 609072 609712 1
20-07-2017-14:52:03:786 609712 610352 1
20-07-2017-14:52:03:833 610352 610992 1
20-07-2017-14:52:03:858 610992 611632 1
20-07-2017-14:52:03:902 611632 612272 1
20-07-2017-14:52:03:942 612272 612912 1
20-07-2017-14:52:03:985 612912 613552 1
20-07-2017-14:52:04:030 613552 614192 1
20-07-2017-14:52:04:070 614192 614832 1
20-07-2017-14:52:04:098 614832 615472 1
20-07-2017-14:52:04:142 615472 616112 1
20-07-2017-14:52:04:181 616112 616752 1
20-07-2017-14:52:04:225 616752 617392 1
20-07-2017-14:52:04:268 617392 618032 1
20-07-2017-14:52:04:311 618032 618672 1
20-07-2017-14:52:04:353 618672 619312 1
20-07-2017-14:52:04:381 619312 619952 1
20-07-2017-14:52:04:421 619952 620592 1
20-07-2017-14:52:04:463 620592 621232 1
20-07-2017-14:52:04:502 621232 621872 1
20-07-2017-14:52:04:550 621872 622512 1
20-07-2017-14:52:04:591 622512 623152 1
20-07-2017-14:52:04:618 623152 623792 1
20-07-2017-14:52:04:659 623792 624432 1
20-07-2017-14:52:04:701 624432 625072 1
20-07-2017-14:52:04:746 625072 625712 1
20-07-2017-14:52:04:958 625712 626352 1
20-07-2017-14:52:04:959 626352 626992 1
20-07-2017-14:52:04:959 626992 627632 1
20-07-2017-14:52:04:959 627632 628272 1
20-07-2017-14:52:04:960 628272 628912 1
20-07-2017-14:52:04:982 628912 629552 1
20-07-2017-14:52:05:029 629552 630192 1
20-07-2017-14:52:05:058 630192 630832 1
20-07-2017-14:52:05:100 630832 631472 1
20-07-2017-14:52:05:145 631472 632112 1
20-07-2017-14:52:05:205 632112 632752 1
20-07-2017-14:52:05:229 632752 633392 1
20-07-2017-14:52:05:256 633392 634032 1
20-07-2017-14:52:05:303 634032 634672 1
20-07-2017-14:52:05:343 634672 635312 1
20-07-2017-14:52:05:384 635312 635952 1
20-07-2017-14:52:05:425 635952 636592 1
20-07-2017-14:52:05:471 636592 637232 1
20-07-2017-14:52:05:500 637232 637872 1
20-07-2017-14:52:05:541 637872 638512 1
20-07-2017-14:52:05:584 638512 639152 1
20-07-2017-14:52:05:617 639152 639792 1
20-07-2017-14:52:05:664 639792 640432 1
20-07-2017-14:52:05:703 640432 641072 1
20-07-2017-14:52:05:750 641072 641712 1
20-07-2017-14:52:05:789 641712 642352 1
20-07-2017-14:52:05:831 642352 642992 1
20-07-2017-14:52:05:861 642992 643632 1
20-07-2017-14:52:05:901 643632 644272 1
20-07-2017-14:52:05:948 644272 644912 1
20-07-2017-14:52:05:989 644912 645552 1
20-07-2017-14:52:06:017 645552 646192 1
20-07-2017-14:52:06:057 646192 646832 1
20-07-2017-14:52:06:097 646832 647472 1
20-07-2017-14:52:06:140 647472 648112 1
20-07-2017-14:52:06:184 648112 648752 1
20-07-2017-14:52:06:224 648752 649392 1
20-07-2017-14:52:06:267 649392 650032 1
20-07-2017-14:52:06:302 650032 650672 1
20-07-2017-14:52:06:346 650672 651312 1
20-07-2017-14:52:06:388 651312 651952 1
20-07-2017-14:52:06:417 651952 652592 1
20-07-2017-14:52:06:456 652592 653232 1
20-07-2017-14:52:06:498 653232 653872 1
20-07-2017-14:52:06:539 653872 654512 1
20-07-2017-14:52:06:586 654512 655152 1
20-07-2017-14:52:06:626 655152 655792 1
20-07-2017-14:52:06:665 655792 656432 1
20-07-2017-14:52:06:707 656432 657072 1
20-07-2017-14:52:06:737 657072 657712 1
20-07-2017-14:52:06:781 657712 658352 1
20-07-2017-14:52:06:897 658352 658992 1
20-07-2017-14:52:06:898 658992 659632 1
20-07-2017-14:52:06:903 659632 660272 1
20-07-2017-14:52:06:944 660272 660912 1
20-07-2017-14:52:06:990 660912 661552 1
20-07-2017-14:52:07:021 661552 662192 1
20-07-2017-14:52:07:059 662192 662832 1
20-07-2017-14:52:07:098 662832 663472 1
20-07-2017-14:52:07:141 663472 664112 1
20-07-2017-14:52:07:183 664112 664752 1
20-07-2017-14:52:07:228 664752 665392 1
20-07-2017-14:52:07:256 665392 666032 1
20-07-2017-14:52:07:296 666032 666672 1
20-07-2017-14:52:07:338 666672 667312 1
20-07-2017-14:52:07:378 667312 667952 1
20-07-2017-14:52:07:424 667952 668592 1
20-07-2017-14:52:07:467 668592 669232 1
20-07-2017-14:52:07:507 669232 669872 1
20-07-2017-14:52:07:537 669872 670512 1
20-07-2017-14:52:07:577 670512 671152 1
20-07-2017-14:52:07:617 671152 671792 1
20-07-2017-14:52:07:664 671792 672432 1
20-07-2017-14:52:07:704 672432 673072 1
20-07-2017-14:52:07:745 673072 673712 1
20-07-2017-14:52:07:785 673712 674352 1
20-07-2017-14:52:07:831 674352 674992 1
20-07-2017-14:52:07:860 674992 675632 1
20-07-2017-14:52:07:902 675632 676272 1
20-07-2017-14:52:07:942 676272 676912 1
20-07-2017-14:52:07:982 676912 677552 1
20-07-2017-14:52:08:029 677552 678192 1
20-07-2017-14:52:08:068 678192 678832 1
20-07-2017-14:52:08:100 678832 679472 1
20-07-2017-14:52:08:145 679472 680112 1
20-07-2017-14:52:08:186 680112 680752 1
20-07-2017-14:52:08:229 680752 681392 1
20-07-2017-14:52:08:267 681392 682032 1
20-07-2017-14:52:08:299 682032 682672 1
20-07-2017-14:52:08:338 682672 683312 1
20-07-2017-14:52:08:378 683312 683952 1
20-07-2017-14:52:08:424 683952 684592 1
20-07-2017-14:52:08:464 684592 685232 1
20-07-2017-14:52:08:506 685232 685872 1
20-07-2017-14:52:08:548 685872 686512 1
20-07-2017-14:52:08:575 686512 687152 1
20-07-2017-14:52:08:621 687152 687792 1
20-07-2017-14:52:08:662 687792 688432 1
20-07-2017-14:52:08:703 688432 689072 1
20-07-2017-14:52:08:743 689072 689712 1
20-07-2017-14:52:08:783 689712 690352 1
20-07-2017-14:52:08:830 690352 690992 1
20-07-2017-14:52:08:870 690992 691632 1
20-07-2017-14:52:08:898 691632 692272 1
20-07-2017-14:52:08:938 692272 692912 1
20-07-2017-14:52:08:981 692912 693552 1
20-07-2017-14:52:09:026 693552 694192 1
20-07-2017-14:52:09:067 694192 694832 1
20-07-2017-14:52:09:107 694832 695472 1
20-07-2017-14:52:09:137 695472 696112 1
20-07-2017-14:52:09:178 696112 696752 1
20-07-2017-14:52:09:221 696752 697392 1
20-07-2017-14:52:09:263 697392 698032 1
20-07-2017-14:52:09:304 698032 698672 1
20-07-2017-14:52:09:344 698672 699312 1
20-07-2017-14:52:09:389 699312 699952 1
20-07-2017-14:52:09:418 699952 700592 1
20-07-2017-14:52:09:459 700592 701232 1
20-07-2017-14:52:09:499 701232 701872 1
20-07-2017-14:52:09:541 701872 702512 1
20-07-2017-14:52:09:586 702512 703152 1
20-07-2017-14:52:09:627 703152 703792 1
20-07-2017-14:52:09:656 703792 704432 1
20-07-2017-14:52:09:697 704432 705072 1
20-07-2017-14:52:09:737 705072 705712 1
20-07-2017-14:52:09:784 705712 706352 1
20-07-2017-14:52:09:823 706352 706992 1
20-07-2017-14:52:09:859 706992 707632 1
20-07-2017-14:52:09:900 707632 708272 1
20-07-2017-14:52:09:940 708272 708912 1
20-07-2017-14:52:10:117 708912 709552 1
20-07-2017-14:52:10:118 709552 710192 1
20-07-2017-14:52:10:118 710192 710832 1
20-07-2017-14:52:10:118 710832 711472 1
20-07-2017-14:52:10:138 711472 712112 1
20-07-2017-14:52:10:184 712112 712752 1
20-07-2017-14:52:10:223 712752 713392 1
20-07-2017-14:52:10:270 713392 714032 1
20-07-2017-14:52:10:298 714032 714672 1
20-07-2017-14:52:10:342 714672 715312 1
20-07-2017-14:52:10:381 715312 715952 1
20-07-2017-14:52:10:419 715952 716592 1
20-07-2017-14:52:10:466 716592 717232 1
20-07-2017-14:52:10:505 717232 717872 1
20-07-2017-14:52:10:547 717872 718512 1
20-07-2017-14:52:10:595 718512 719152 1
20-07-2017-14:52:10:623 719152 719792 1
20-07-2017-14:52:10:663 719792 720432 1
20-07-2017-14:52:10:703 720432 721072 1
20-07-2017-14:52:10:743 721072 721712 1
20-07-2017-14:52:10:789 721712 722352 1
20-07-2017-14:52:10:830 722352 722992 1
20-07-2017-14:52:10:859 722992 723632 1
20-07-2017-14:52:10:900 723632 724272 1
20-07-2017-14:52:10:946 724272 724912 1
20-07-2017-14:52:10:987 724912 725552 1
20-07-2017-14:52:11:025 725552 726192 1
20-07-2017-14:52:11:067 726192 726832 1
20-07-2017-14:52:11:096 726832 727472 1
20-07-2017-14:52:11:136 727472 728112 1
20-07-2017-14:52:11:176 728112 728752 1
20-07-2017-14:52:11:223 728752 729392 1
20-07-2017-14:52:11:264 729392 730032 1
20-07-2017-14:52:11:304 730032 730672 1
20-07-2017-14:52:11:346 730672 731312 1
20-07-2017-14:52:11:391 731312 731952 1
20-07-2017-14:52:11:422 731952 732592 1
20-07-2017-14:52:11:461 732592 733232 1
20-07-2017-14:52:11:504 733232 733872 1
20-07-2017-14:52:11:549 733872 734512 1
20-07-2017-14:52:11:590 734512 735152 1
20-07-2017-14:52:11:619 735152 735792 1
20-07-2017-14:52:11:660 735792 736432 1
20-07-2017-14:52:11:700 736432 737072 1
20-07-2017-14:52:11:748 737072 737712 1
20-07-2017-14:52:11:788 737712 738352 1
20-07-2017-14:52:11:816 738352 738992 1
20-07-2017-14:52:11:860 738992 739632 1
20-07-2017-14:52:11:898 739632 740272 1
20-07-2017-14:52:11:944 740272 740912 1
20-07-2017-14:52:11:984 740912 741552 1
20-07-2017-14:52:12:026 741552 742192 1
20-07-2017-14:52:12:071 742192 742832 1
20-07-2017-14:52:12:113 742832 743472 1
20-07-2017-14:52:12:141 743472 744112 1
20-07-2017-14:52:12:181 744112 744752 1
20-07-2017-14:52:12:222 744752 745392 1
20-07-2017-14:52:12:269 745392 746032 1
20-07-2017-14:52:12:309 746032 746672 1
20-07-2017-14:52:12:340 746672 747312 1
20-07-2017-14:52:12:378 747312 747952 1
20-07-2017-14:52:12:419 747952 748592 1
20-07-2017-14:52:12:466 748592 749232 1
20-07-2017-14:52:12:506 749232 749872 1
20-07-2017-14:52:12:546 749872 750512 1
20-07-2017-14:52:12:593 750512 751152 1
20-07-2017-14:52:12:616 751152 751792 1
20-07-2017-14:52:12:662 751792 752432 1
20-07-2017-14:52:12:703 752432 753072 1
20-07-2017-14:52:12:743 753072 753712 1
20-07-2017-14:52:12:791 753712 754352 1
20-07-2017-14:52:12:818 754352 754992 1
20-07-2017-14:52:12:860 754992 755632 1
20-07-2017-14:52:12:900 755632 756272 1
20-07-2017-14:52:12:940 756272 756912 1
20-07-2017-14:52:12:987 756912 757552 1
20-07-2017-14:52:13:017 757552 758192 1
20-07-2017-14:52:13:057 758192 758832 1
20-07-2017-14:52:13:097 758832 759472 1
20-07-2017-14:52:13:239 759472 760112 1
20-07-2017-14:52:13:242 760112 760752 1
20-07-2017-14:52:13:242 760752 761392 1
20-07-2017-14:52:13:273 761392 762032 1
20-07-2017-14:52:13:300 762032 762672 1
20-07-2017-14:52:13:340 762672 763312 1
20-07-2017-14:52:13:389 763312 763952 1
20-07-2017-14:52:13:416 763952 764592 1
20-07-2017-14:52:13:464 764592 765232 1
20-07-2017-14:52:13:503 765232 765872 1
20-07-2017-14:52:13:544 765872 766512 1
20-07-2017-14:52:13:586 766512 767152 1
20-07-2017-14:52:13:629 767152 767792 1
20-07-2017-14:52:13:662 767792 768432 1
20-07-2017-14:52:13:700 768432 769072 1
20-07-2017-14:52:13:740 769072 769712 1
20-07-2017-14:52:13:781 769712 770352 1
20-07-2017-14:52:13:827 770352 770992 1
20-07-2017-14:52:13:867 770992 771632 1
20-07-2017-14:52:13:896 771632 772272 1
20-07-2017-14:52:13:937 772272 772912 1
20-07-2017-14:52:13:976 772912 773552 1
20-07-2017-14:52:14:026 773552 774192 1
20-07-2017-14:52:14:065 774192 774832 1
20-07-2017-14:52:14:106 774832 775472 1
20-07-2017-14:52:14:150 775472 776112 1
20-07-2017-14:52:14:198 776112 776752 1
20-07-2017-14:52:14:220 776752 777392 1
20-07-2017-14:52:14:262 777392 778032 1
20-07-2017-14:52:14:301 778032 778672 1
20-07-2017-14:52:14:345 778672 779312 1
20-07-2017-14:52:14:390 779312 779952 1
20-07-2017-14:52:14:420 779952 780592 1
20-07-2017-14:52:14:465 780592 781232 1
20-07-2017-14:52:14:500 781232 781872 1
20-07-2017-14:52:14:540 781872 782512 1
20-07-2017-14:52:14:587 782512 783152 1
20-07-2017-14:52:14:615 783152 783792 1
20-07-2017-14:52:14:656 783792 784432 1
20-07-2017-14:52:14:696 784432 785072 1
20-07-2017-14:52:14:743 785072 785712 1
20-07-2017-14:52:14:784 785712 786352 1
20-07-2017-14:52:14:824 786352 786992 1
20-07-2017-14:52:14:865 786992 787632 1
20-07-2017-14:52:14:910 787632 788272 1
20-07-2017-14:52:14:940 788272 788912 1
20-07-2017-14:52:14:980 788912 789552 1
20-07-2017-14:52:15:021 789552 790192 1
20-07-2017-14:52:15:060 790192 790832 1
20-07-2017-14:52:15:108 790832 791472 1
20-07-2017-14:52:15:147 791472 792112 1
20-07-2017-14:52:15:176 792112 792752 1
20-07-2017-14:52:15:217 792752 793392 1
20-07-2017-14:52:15:258 793392 794032 1
20-07-2017-14:52:15:305 794032 794672 1
20-07-2017-14:52:15:344 794672 795312 1
20-07-2017-14:52:15:384 795312 795952 1
20-07-2017-14:52:15:424 795952 796592 1
20-07-2017-14:52:15:472 796592 797232 1
20-07-2017-14:52:15:511 797232 797872 1
20-07-2017-14:52:15:540 797872 798512 1
20-07-2017-14:52:15:581 798512 799152 1
20-07-2017-14:52:15:623 799152 799792 1
20-07-2017-14:52:15:669 799792 800432 1
20-07-2017-14:52:15:710 800432 801072 1
20-07-2017-14:52:15:738 801072 801712 1
20-07-2017-14:52:15:780 801712 802352 1
20-07-2017-14:52:15:820 802352 802992 1
20-07-2017-14:52:15:866 802992 803632 1
